7
0
0
31
150
48
15
8
2
0
24795
48
88
124
116
132
149
168
144
113
90
48
21
45
28
0
3
1
5
8
9
7
8
4
1
0
0
0
0
0
0
2
5
0
13
6
11
8
9
21
23
9
1
0
0
0
5
6
2
5
8
8
11
17
40
70
79
94
81
72
54
46
47
37
31
60
29
45
54
78
71
93
95
114
118
146
167
188
178
165
155
177
213
332
487
563
611
649
620
460
317
301
380
370
308
374
406
438
405
453
621
596
498
416
461
456
435
334
229
186
216
224
229
196
217
275
339
469
719
1082
1119
800
550
523
527
622
542
379
381
375
420
438
470
521
541
599
638
689
691
628
515
254
144
94
60
11
42
147
297
422
672
781
725
687
621
567
463
412
396
367
340
326
327
294
271
243
218
175
189
311
425
385
229
108
142
198
240
258
204
141
91
93
150
174
136
80
107
147
124
81
47
44
51
49
42
24
10
7
20
36
52
76
121
150
216
208
134
232
348
369
205
331
444
253
54
53
125
117
104
57
55
100
144
180
264
299
337
371
449
450
495
539
643
662
724
750
697
629
467
321
244
217
224
219
207
146
135
140
179
213
215
238
243
202
121
72
74
59
40
40
14
17
71
119
110
131
112
68
38
30
116
221
231
345
376
310
193
74
32
4
0
0
1
0
8
11
19
37
51
73
115
149
194
256
361
482
520
510
405
247
140
94
123
137
123
42
15
10
21
28
33
37
35
18
24
28
67
50
45
38
44
54
68
57
59
39
23
19
22
26
25
24
31
52
87
44
15
56
51
15
10
125
216
51
22
99
95
59
25
32
47
11
6
40
130
86
25
27
80
68
20
39
76
38
24
5
3
1
1
0
0
0
0
1
0
3
3
2
2
0
0
0
9
29
122
274
384
419
328
230
142
34
2
0
0
0
0
0
0
0
0
1
1
6
23
25
0
61
131
36
103
257
255
171
23
10
120
138
49
63
68
62
84
97
115
59
53
85
112
51
27
53
86
42
1
53
79
39
17
60
110
57
3
46
56
70
23
19
84
114
51
7
7
1
5
9
20
3
0
0
0
3
1
0
1
1
5
4
3
0
6
7
6
5
3
0
0
2
10
32
84
147
241
331
391
341
246
214
297
178
205
369
364
221
217
244
265
356
445
463
676
318
403
490
617
847
1048
1258
1489
1618
1757
1832
1930
1942
1969
1906
1717
1490
1458
1347
1146
959
732
561
383
314
295
197
113
129
144
102
93
132
242
371
459
609
746
689
560
362
241
180
223
320
370
325
313
255
193
138
130
148
238
291
245
190
135
155
141
123
112
126
170
205
188
179
137
310
525
591
445
192
200
160
44
16
41
29
26
3
7
8
5
1
8
2
5
17
8
8
20
79
143
74
55
51
53
33
20
10
0
7
4
1
17
117
124
23
0
7
4
3
12
17
7
0
2
3
2
4
7
5
4
5
7
7
6
1
0
0
0
0
3
7
6
2
1
1
5
3
0
1
2
4
4
6
21
79
145
151
53
29
34
49
97
102
118
125
146
122
95
59
45
25
11
11
8
3
2
0
0
1
3
19
24
29
25
35
56
81
88
125
145
123
79
64
71
87
45
40
53
31
12
4
4
14
9
0
0
7
8
0
0
0
0
0
4
8
1
0
0
0
0
0
0
0
0
0
0
3
8
2
18
22
3
6
8
0
0
0
6
22
83
153
211
220
200
148
86
35
22
9
4
4
6
3
6
17
19
31
61
72
59
46
21
19
8
0
0
0
0
0
0
9
11
19
15
11
5
2
1
0
0
1
2
0
0
2
4
15
15
10
13
15
18
30
32
38
32
37
27
41
46
39
41
52
68
111
127
150
175
134
77
42
43
42
12
3
60
80
56
24
9
18
77
179
247
282
285
264
180
121
63
58
42
19
26
39
59
55
50
38
26
23
15
18
14
32
122
115
68
22
18
12
10
5
17
13
26
25
9
5
1
1
0
0
0
0
1
5
4
4
2
0
0
2
0
0
0
0
0
0
0
0
1
0
0
0
0
0
1
2
4
5
19
22
43
39
36
30
35
33
23
27
27
22
12
11
1
7
8
7
16
32
95
144
182
216
264
317
348
350
419
663
1050
1303
1360
1277
1139
919
610
306
276
464
633
779
938
1063
1121
990
804
513
351
214
194
188
160
100
96
112
132
123
67
46
19
22
27
41
48
25
36
74
100
145
219
268
224
136
61
88
115
80
75
193
244
218
204
215
220
200
289
461
517
625
752
834
844
724
476
494
493
396
348
272
154
116
100
91
77
83
81
91
53
38
74
148
155
211
501
208
208
132
108
120
93
60
76
70
64
40
26
18
7
6
0
0
1
3
8
10
4
3
12
13
23
28
7
6
3
0
3
0
0
1
0
4
8
4
6
5
9
16
25
33
13
0
4
14
23
15
8
10
15
18
14
0
2
3
14
9
0
0
0
0
0
0
0
1
0
0
0
0
0
2
0
6
8
10
11
15
12
18
27
17
17
17
44
31
51
68
111
167
216
244
256
282
228
198
173
156
150
157
129
114
96
82
53
48
34
22
9
4
1
4
2
0
0
0
0
0
0
0
0
0
0
0
0
0
0
2
3
4
6
3
2
1
1
2
0
0
0
0
0
0
0
0
0
0
0
0
0
0
0
0
0
0
0
0
0
0
0
0
0
0
0
0
0
0
0
0
0
0
0
0
0
0
0
0
0
0
1
4
2
1
0
0
0
0
1
1
0
0
3
6
8
92
236
426
605
724
742
609
586
531
407
190
178
298
445
269
167
370
459
241
163
183
143
84
114
201
192
129
64
137
159
124
96
42
23
124
123
50
45
74
145
209
252
306
308
293
395
346
217
247
278
247
181
103
64
79
55
54
27
41
39
23
2
8
43
63
40
34
15
18
22
17
3
2
2
1
5
6
11
9
21
25
25
29
29
25
33
18
24
21
11
11
7
2
3
0
0
0
0
3
9
29
68
101
182
317
451
555
1418
569
507
451
560
636
650
605
398
326
400
289
265
363
370
353
213
66
34
81
150
296
480
678
903
1146
1363
1007
533
449
506
789
824
519
374
532
630
602
567
697
822
939
906
650
357
341
457
562
664
657
674
801
771
607
226
158
245
312
248
84
123
258
355
350
215
99
42
15
7
7
4
2
10
9
13
29
50
54
43
74
129
188
486
641
703
1023
1379
1662
1927
1505
1227
1163
1070
821
430
500
700
836
1059
1356
1668
1643
1561
1360
1092
767
543
440
177
48
115
244
427
506
425
269
52
7
14
21
7
14
23
21
6
17
6
4
4
4
9
1
3
0
0
6
21
15
6
16
23
46
44
34
86
89
69
108
93
84
117
87
80
77
71
98
109
92
75
49
48
36
33
50
93
143
215
273
238
229
153
64
37
72
89
80
63
21
16
12
4
2
9
16
9
12
8
1
2
0
0
0
0
1
5
8
29
13
22
20
9
2
4
11
4
5
4
10
8
5
18
21
24
31
17
28
65
64
81
82
122
108
98
115
99
121
81
53
38
36
34
39
21
15
11
8
6
7
3
2
2
0
0
0
0
0
0
0
0
0
1
1
2
0
2
9
23
66
176
252
349
423
378
243
52
250
396
448
407
248
119
181
278
373
345
251
149
122
235
338
388
286
137
202
263
240
163
117
72
199
266
153
52
87
144
135
97
34
51
125
104
26
8
41
90
111
135
183
228
234
204
179
143
152
144
145
144
116
120
129
100
115
125
161
153
179
167
171
154
161
110
85
79
64
61
35
28
17
20
8
3
0
0
0
0
0
0
0
0
0
0
0
0
0
0
0
0
0
1
4
5
3
0
2
3
10
15
21
23
16
37
49
54
53
43
66
70
94
112
120
92
72
71
70
76
74
68
54
50
35
27
14
11
9
12
26
37
55
92
152
228
292
286
264
181
131
86
62
37
27
35
61
89
104
138
151
140
91
43
50
52
42
54
70
74
66
70
102
95
100
71
62
57
53
23
7
17
41
45
38
18
8
2
2
7
10
13
10
4
1
2
9
10
28
29
38
38
46
66
52
54
45
41
41
37
41
38
44
32
26
25
13
8
5
2
0
1
0
0
0
0
0
0
2
3
1
0
0
1
5
19
65
181
278
341
441
455
433
391
292
122
58
71
53
66
120
152
171
195
236
233
225
214
208
203
174
144
97
79
61
36
13
2
1
0
0
0
0
0
0
0
0
0
0
0
0
0
0
0
0
0
1
0
2
0
0
0
1
0
0
1
0
0
0
0
0
0
0
1
9
21
57
154
223
222
223
263
332
457
468
325
141
30
19
17
21
62
100
109
159
277
463
683
1119
1378
1389
1315
1367
1357
1323
1322
1233
1073
1134
1254
1287
1305
1156
1010
410
576
549
327
393
357
308
335
407
464
417
360
241
198
156
150
164
175
147
126
114
101
62
52
42
24
19
18
14
7
5
5
5
4
0
0
1
4
4
5
5
4
3
2
0
0
0
0
5
14
9
5
4
6
8
7
12
10
5
2
2
2
2
1
1
4
9
10
26
30
45
62
90
101
106
100
102
120
132
132
110
80
52
35
20
19
18
14
10
1
0
3
3
2
7
17
11
80
25
27
21
28
31
23
17
9
3
1
0
0
7
9
8
27
52
51
49
30
12
39
12
0
1
0
21
9
32
82
94
82
85
87
104
81
73
76
51
49
49
14
39
86
113
147
173
190
230
181
115
106
121
163
161
164
140
125
112
82
101
276
483
649
767
750
636
444
302
417
432
279
195
217
247
288
306
287
267
298
311
303
245
260
299
363
386
384
357
378
416
433
462
432
394
361
396
317
301
397
425
392
408
301
217
125
93
53
33
43
29
35
57
54
104
180
209
157
102
62
33
26
40
44
53
64
63
63
47
25
1
7
24
1
8
25
16
4
1
24
70
90
87
96
115
145
153
97
47
26
54
49
37
28
31
32
24
13
4
1
0
0
0
0
0
11
23
27
36
29
12
13
14
26
30
27
22
35
96
195
293
575
751
726
610
649
599
613
559
460
332
194
83
39
56
104
93
58
44
40
48
50
49
43
69
77
86
86
100
70
65
50
52
78
86
44
34
23
31
28
19
13
2
0
1
1
4
2
11
12
20
17
7
6
5
0
5
0
5
21
33
46
70
231
616
1002
1156
1228
1282
1244
1180
1056
978
894
772
588
464
545
761
872
955
973
937
873
771
741
805
880
961
979
976
1133
1281
1375
1354
1270
1222
1054
1057
987
963
1015
946
887
817
652
494
469
409
424
458
434
320
272
198
246
454
589
599
596
456
265
208
8
134
124
100
72
59
22
2
14
62
80
101
79
20
3
13
5
1
0
0
4
15
17
10
2
1
1
0
0
0
0
0
0
0
0
0
0
0
0
0
3
7
14
20
28
35
39
45
62
162
204
221
273
312
315
262
244
201
180
215
255
274
300
317
344
340
362
380
400
429
443
450
424
374
343
361
312
192
383
544
696
828
998
1132
1085
916
795
565
503
394
212
171
275
383
376
160
166
178
164
115
99
57
21
12
34
82
140
155
155
224
208
244
352
426
251
179
213
188
108
33
15
111
166
71
56
65
93
69
53
95
260
399
442
347
241
150
85
42
29
17
7
2
9
20
38
47
45
8
0
1
0
0
2
2
2
0
1
21
38
60
63
67
88
100
97
121
234
325
266
364
497
507
503
493
490
449
425
392
345
320
279
240
220
161
111
63
62
34
24
16
13
10
5
0
1
0
3
0
0
0
0
0
1
0
0
0
0
1
0
1
2
15
46
62
46
47
51
45
71
79
63
45
30
29
23
4
0
0
0
0
0
0
0
0
0
0
0
0
0
0
1
0
0
0
0
0
0
0
0
0
0
0
4
5
6
8
4
1
1
0
0
2
1
0
3
5
3
0
0
0
0
0
0
0
0
0
0
0
2
21
55
82
90
96
84
79
84
119
192
230
263
282
310
353
400
438
455
429
425
358
292
227
326
137
4
12
5
14
12
15
17
22
42
80
154
257
336
343
341
300
243
190
209
246
305
312
323
371
365
322
335
295
284
268
261
285
333
280
211
180
140
106
56
33
27
21
16
3
3
2
0
0
2
11
15
25
27
43
40
19
6
2
0
0
0
1
1
4
0
9
12
8
5
3
1
27
103
126
98
17
12
100
127
52
4
16
35
31
19
44
85
84
76
79
68
37
10
19
18
36
77
106
148
179
175
151
154
129
125
102
94
74
35
18
1
0
0
1
37
73
104
115
107
97
85
75
63
53
51
71
67
62
63
57
58
47
24
32
31
41
39
45
67
107
125
129
145
120
116
95
65
35
15
2
2
0
0
0
1
0
0
14
34
60
52
61
60
52
59
56
53
70
100
213
321
389
467
386
268
192
143
102
46
39
76
101
152
209
275
364
433
455
504
543
638
730
761
748
722
776
877
940
1031
1152
1223
1269
1076
790
569
442
374
331
272
303
371
298
184
93
64
79
108
170
335
463
428
397
339
274
186
173
184
243
266
299
344
301
266
227
158
149
130
112
90
72
60
18
6
0
2
2
22
42
41
61
65
66
76
51
28
44
38
62
106
119
128
123
143
148
142
115
90
70
47
38
22
0
14
43
74
50
13
0
3
13
42
78
102
133
270
382
534
688
880
1035
1082
1140
1150
1153
1113
1015
1011
952
842
798
730
536
347
572
751
923
992
1056
1091
935
750
423
162
221
256
237
167
102
109
112
86
90
99
76
29
32
62
81
77
57
57
63
76
70
82
87
249
373
505
570
682
752
664
493
496
524
355
430
541
642
661
611
426
105
47
94
129
173
151
119
107
66
65
60
73
82
83
47
6
0
8
6
1
3
15
39
21
4
8
16
16
4
7
1
17
12
12
11
4
2
1
1
53
14
6
4
4
8
24
10
41
85
109
141
236
343
446
576
733
799
874
944
939
866
761
576
511
432
626
756
843
934
1027
1082
1079
987
687
322
111
128
144
145
104
103
110
123
164
193
192
181
117
4
53
109
111
99
82
34
70
98
114
130
104
84
59
12
13
41
73
124
158
153
129
80
43
30
79
121
84
62
57
57
46
11
4
0
21
55
73
65
84
96
188
342
419
436
543
545
448
224
252
373
486
612
772
789
706
585
257
316
311
295
222
94
70
145
219
177
114
33
46
65
101
96
95
74
87
102
101
132
128
93
66
81
83
58
96
106
93
81
91
65
60
70
33
23
32
24
1
25
65
68
42
51
70
34
5
18
29
18
25
43
16
6
12
21
7
9
33
24
24
33
45
20
18
8
5
8
8
7
10
22
19
15
19
16
36
44
45
49
49
47
36
22
15
7
1
4
2
0
1
0
1
1
1
2
1
1
0
4
6
5
9
6
1
0
0
0
0
0
0
0
0
0
0
0
0
0
0
0
0
0
0
0
0
0
0
0
1
0
0
1
2
0
0
0
0
1
2
11
4
4
4
2
0
1
0
0
0
1
2
2
2
3
0
0
0
0
0
0
0
0
0
0
0
0
0
0
0
0
5
7
9
14
27
34
31
36
37
43
63
58
95
122
179
258
258
262
214
213
197
218
281
300
359
433
507
661
857
946
1091
1138
1351
1676
1620
1350
851
709
720
788
729
502
290
364
222
192
110
46
37
61
123
136
127
85
83
14
19
44
43
22
10
9
2
2
6
12
18
10
3
0
0
0
0
0
0
0
33
60
39
17
37
40
40
10
0
0
3
6
16
30
38
35
27
12
13
3
7
5
0
0
3
1
0
0
7
19
20
2
0
18
14
4
11
17
11
24
35
25
4
11
5
4
6
12
6
3
4
7
8
14
14
3
26
40
14
2
17
24
15
0
2
0
0
0
0
0
0
0
0
0
1
1
5
5
1
2
6
7
7
13
10
9
7
4
7
4
5
1
0
0
0
0
0
0
0
0
0
0
0
0
0
0
0
0
0
2
22
67
148
183
175
159
120
93
62
38
11
4
0
2
2
2
0
0
4
2
1
1
0
1
0
1
0
0
0
2
3
2
2
1
1
1
4
1
1
0
0
0
0
0
0
2
23
85
154
184
155
37
50
50
27
27
83
100
47
18
12
29
54
24
33
11
29
67
59
12
5
5
9
9
11
18
23
12
23
33
27
12
5
3
5
7
3
9
2
1
0
2
0
0
0
0
0
1
0
0
0
0
0
0
0
0
0
0
0
0
0
0
0
0
0
0
0
0
0
0
0
0
0
0
0
0
5
0
0
1
0
2
0
1
0
3
2
0
0
0
4
2
0
0
0
7
4
0
0
0
0
0
0
0
0
17
25
22
9
0
0
0
2
1
0
0
0
0
0
0
0
1
1
7
11
9
0
0
0
0
2
1
0
1
0
1
0
0
0
0
0
0
0
0
8
18
5
18
52
48
15
8
142
154
76
132
162
101
24
98
135
68
96
126
113
25
31
125
91
5
26
60
71
44
21
57
114
110
58
22
39
90
62
69
91
117
147
230
258
266
237
207
161
102
44
31
26
17
18
26
13
9
7
7
6
4
3
0
0
0
0
2
8
0
0
0
20
22
12
32
11
5
0
4
0
4
5
6
2
3
3
4
0
4
7
14
11
1
0
0
0
0
0
0
8
17
18
0
0
0
1
1
1
0
2
3
1
0
0
0
1
0
0
0
0
0
0
0
0
0
0
0
0
12
4
0
0
5
1
5
8
146
240
406
480
470
425
352
264
119
5
86
141
86
22
8
35
43
47
40
32
3
14
57
51
48
87
208
363
486
616
647
556
424
234
6
137
194
175
90
8
57
107
96
76
96
177
253
327
389
370
339
381
373
385
363
360
360
328
258
151
45
100
204
303
378
421
409
357
301
193
131
110
75
48
53
56
46
30
15
13
34
46
34
23
2
9
10
2
2
3
2
13
24
46
45
36
27
10
1
0
1
0
0
0
0
0
0
0
0
0
0
4
9
22
32
150
223
93
92
107
68
78
76
71
56
32
38
44
23
11
8
5
4
22
24
14
10
7
14
13
24
20
15
26
44
73
126
187
161
110
67
42
41
51
58
24
36
76
86
65
52
60
60
44
36
41
49
42
42
79
82
82
87
81
106
100
122
162
166
171
153
174
195
264
335
356
370
336
263
228
171
94
70
90
72
61
86
167
188
225
262
232
200
234
351
716
418
362
248
89
9
19
47
62
79
88
54
36
30
44
86
146
189
254
333
417
488
531
514
513
530
551
632
654
643
592
548
429
293
349
487
590
626
576
459
361
266
167
183
311
445
560
656
717
600
403
197
58
67
74
42
34
23
31
44
81
70
94
135
125
69
65
50
36
23
3
3
4
5
3
3
4
2
1
1
7
18
29
32
27
14
9
0
0
0
0
2
4
2
0
3
1
0
0
1
0
2
4
7
7
10
6
7
10
10
8
4
3
3
2
2
6
4
7
7
2
1
0
4
33
112
151
195
225
196
131
116
99
87
46
19
20
34
62
57
59
61
48
40
41
33
63
91
91
61
43
56
93
87
66
42
23
12
16
45
43
36
36
41
48
37
41
38
67
68
114
153
66
157
287
50
46
356
403
189
121
133
142
105
47
38
53
237
316
258
25
31
101
119
96
21
8
127
283
260
64
98
179
230
228
116
93
158
313
341
209
228
243
232
293
401
399
381
345
349
411
464
556
563
615
676
781
953
1026
1244
1434
1632
1831
1970
2087
2155
2227
2250
2256
1951
1548
1311
1206
1142
1075
974
823
680
632
625
671
625
420
228
296
265
240
335
435
619
689
384
152
121
97
164
209
138
40
16
4
33
90
88
66
48
50
35
37
49
58
75
74
79
67
72
82
88
63
55
80
97
70
31
32
69
82
55
60
34
45
54
45
38
28
29
13
2
5
7
2
1
0
3
5
0
2
6
2
0
0
0
0
0
0
0
0
0
0
0
0
0
1
1
0
0
0
0
0
0
0
0
0
0
0
0
0
0
0
0
0
0
0
0
0
0
0
1
13
60
36
5
17
30
28
35
40
43
19
1
2
37
56
37
1
0
5
13
13
2
0
0
1
0
1
0
1
1
1
0
0
0
0
0
0
0
0
1
0
0
0
0
0
0
0
0
0
0
0
0
0
0
7
21
8
0
12
15
13
7
5
13
19
7
4
9
29
103
157
228
227
209
162
95
54
32
17
2
0
0
2
3
5
5
4
7
6
1
0
1
0
5
4
1
0
0
0
2
7
4
3
1
1
5
13
15
41
95
152
209
256
249
194
147
67
32
16
9
4
3
13
24
31
24
22
13
0
1
5
0
1
11
12
16
5
26
12
1
6
4
37
14
112
248
393
315
248
165
97
71
70
58
38
22
5
22
29
25
43
74
164
226
237
215
127
46
31
19
23
46
123
213
280
399
554
554
396
209
191
119
33
11
24
23
3
0
10
1
11
13
14
20
60
101
147
165
160
157
147
116
90
46
26
25
19
17
27
34
37
42
65
67
79
91
83
52
41
22
10
8
10
3
0
0
0
19
59
50
17
7
27
8
4
3
4
3
1
1
0
0
0
0
0
0
0
0
0
0
0
10
66
148
196
172
161
133
108
60
24
11
6
6
12
18
8
5
2
0
0
0
0
0
0
0
0
2
6
8
10
10
8
4
6
5
9
8
13
32
45
44
56
59
50
48
38
26
14
4
0
0
0
0
0
0
0
0
0
0
0
0
0
0
0
0
0
0
1
2
5
3
3
5
16
20
39
38
34
29
20
12
8
7
7
3
2
0
0
0
0
0
0
0
0
0
0
0
0
0
0
0
0
0
0
0
0
0
0
0
0
0
1
0
0
0
0
0
0
0
0
0
0
0
0
0
0
0
0
0
0
0
1
1
3
5
5
7
5
8
8
7
5
9
7
9
6
4
13
29
46
47
69
113
181
276
340
358
329
257
197
174
177
167
124
56
12
56
169
231
232
159
38
21
40
61
20
9
7
83
58
4
4
23
41
30
8
4
10
15
21
7
12
10
4
1
0
0
5
41
84
91
69
39
50
89
114
146
136
97
56
34
53
61
46
11
2
22
57
70
55
23
4
8
30
17
6
1
1
0
0
0
0
0
0
0
0
0
0
0
0
0
0
0
0
0
0
0
0
0
0
0
0
0
0
0
0
1
0
0
0
0
0
0
0
0
0
0
0
0
0
0
0
0
0
0
0
0
0
0
0
0
0
0
0
0
0
0
0
0
0
0
0
0
0
0
0
0
0
0
0
0
0
0
0
0
0
0
0
3
6
10
35
54
55
25
8
4
77
158
187
198
147
101
45
20
2
3
9
11
20
32
44
24
7
2
16
23
33
19
1
0
0
0
0
0
0
0
0
0
0
0
0
0
0
0
0
0
0
0
3
11
8
11
18
20
9
1
24
45
39
18
18
46
68
37
14
24
35
22
9
3
6
9
2
2
1
0
1
3
5
12
34
6
1
5
1
1
1
3
3
1
0
0
5
8
4
0
0
0
4
6
3
0
1
0
0
0
0
1
3
4
3
2
5
1
0
0
0
1
1
10
14
19
29
32
30
21
14
3
1
1
3
6
0
0
0
1
0
0
0
1
0
0
0
0
0
0
0
0
0
0
0
0
0
0
0
1
0
0
0
0
0
0
0
0
0
0
0
0
0
0
1
0
0
0
0
0
0
0
0
0
0
0
2
0
0
0
0
0
0
0
0
0
0
0
0
0
0
0
0
0
0
0
0
0
0
0
3
1
0
0
0
0
0
0
0
0
0
0
0
0
0
0
0
0
0
1
40
141
243
274
327
329
278
205
128
74
17
1
1
0
0
0
0
0
0
0
0
0
0
0
0
0
0
0
0
0
0
0
0
0
0
0
0
0
0
0
0
0
0
0
0
0
0
0
0
0
0
0
0
0
0
0
0
0
0
0
0
0
0
0
0
0
0
0
0
0
0
0
0
2
3
12
5
0
0
0
0
11
7
1
1
19
63
85
51
3
70
158
145
21
28
40
17
0
15
39
7
6
6
5
1
0
0
1
0
0
0
0
0
0
0
0
0
0
0
0
0
0
0
0
0
0
0
0
0
0
0
1
0
2
0
0
0
1
3
0
2
0
1
0
0
0
0
0
0
0
0
0
0
0
0
1
9
21
8
4
0
3
53
199
361
510
587
563
598
714
694
532
333
423
562
597
618
569
286
255
225
154
68
56
41
27
5
8
20
128
225
265
211
101
35
3
6
3
10
24
27
10
7
9
5
9
8
11
17
7
5
23
27
38
38
31
15
11
3
0
11
7
1
0
0
0
0
0
0
1
0
0
0
0
0
0
8
3
0
0
3
5
0
0
0
0
0
0
0
0
0
0
0
0
0
0
0
0
0
0
0
0
0
0
0
0
0
0
0
0
0
0
0
0
0
0
1
0
0
0
0
0
0
0
0
0
0
0
0
0
0
0
0
0
0
0
0
0
0
0
0
0
0
0
0
0
0
0
0
0
0
1
0
0
0
0
0
0
0
0
0
0
0
0
0
0
0
0
0
0
0
0
0
0
0
0
0
0
0
0
0
0
0
0
0
0
0
0
0
0
0
0
0
0
0
0
0
2
27
26
1
13
11
15
62
43
10
30
76
123
171
218
225
218
193
141
97
46
10
2
1
2
6
3
1
17
34
33
12
0
25
64
71
20
1
16
8
0
6
1
0
11
1
0
0
0
6
50
132
211
242
262
221
179
118
54
11
0
0
0
0
0
0
0
0
0
0
0
0
0
2
0
1
0
0
0
0
0
0
0
0
0
0
0
0
0
0
0
0
0
0
0
0
0
0
0
0
1
0
0
0
2
2
7
11
29
45
74
139
198
264
298
276
253
205
155
101
53
37
20
15
7
2
0
0
0
1
7
3
0
0
0
1
0
0
0
1
0
0
2
10
11
3
0
1
3
7
9
18
32
14
10
11
28
44
104
190
314
341
346
259
178
129
119
153
87
5
84
108
8
75
115
110
37
33
155
137
3
24
121
152
104
25
109
166
56
2
99
140
99
53
91
122
96
26
20
26
20
10
5
13
14
18
14
17
6
8
4
3
1
0
0
0
0
0
0
0
0
0
0
0
0
0
0
1
2
2
9
10
8
12
13
11
13
16
7
8
1
2
1
0
0
0
0
0
0
0
0
0
0
0
1
1
0
0
0
0
0
0
0
0
0
0
0
0
0
0
0
0
0
1
4
6
9
13
14
14
16
12
22
29
51
50
26
18
17
62
95
103
93
98
98
82
69
51
27
33
17
13
2
3
1
1
0
2
0
0
1
1
1
3
3
6
6
3
9
2
3
2
2
0
0
0
0
0
0
0
0
0
0
0
0
0
0
0
0
0
0
14
17
0
53
142
194
219
222
229
275
341
353
282
119
133
165
179
93
23
16
37
92
103
86
77
152
228
231
195
214
207
256
347
377
330
288
273
282
294
348
393
505
604
648
762
889
1093
1336
1609
1740
1694
1532
1589
1750
1943
2062
2066
1991
1869
1657
1340
1060
815
654
529
504
401
304
246
291
388
418
275
191
214
156
90
50
43
72
81
69
66
56
31
31
24
21
17
12
10
16
11
18
17
19
7
8
7
7
5
11
24
32
28
43
54
52
67
87
94
99
88
78
47
12
0
2
0
0
0
0
6
12
6
0
0
0
0
0
0
3
2
1
0
0
0
0
0
0
0
1
3
3
9
16
12
6
8
16
45
70
72
26
5
0
12
0
2
4
2
1
1
2
0
0
0
0
0
0
0
0
0
0
0
0
0
0
0
0
0
0
0
0
0
0
0
0
0
0
0
0
0
0
0
0
0
0
0
0
0
0
0
0
0
2
16
8
3
2
6
13
30
32
15
9
3
2
0
0
0
0
0
0
0
0
0
0
0
0
0
1
0
1
9
3
4
18
15
1
3
36
42
9
45
71
58
20
6
0
0
0
0
0
0
0
0
0
0
0
0
0
0
0
0
0
0
0
0
0
0
0
7
12
0
12
0
29
31
2
12
17
12
3
0
0
0
0
0
0
0
0
0
0
0
0
0
0
8
1
0
3
11
18
8
0
0
0
0
0
2
5
11
17
19
52
69
82
111
145
236
337
471
561
695
722
750
744
705
618
537
456
406
333
215
256
156
107
239
307
286
210
185
144
207
211
75
43
53
68
68
129
142
348
411
462
505
503
586
622
618
557
516
346
217
240
146
383
353
107
234
252
319
435
640
771
841
850
884
968
982
823
326
259
305
175
118
117
125
57
25
32
18
8
2
0
1
0
0
0
1
1
0
0
0
7
31
106
202
360
466
577
665
563
471
384
287
222
190
66
21
31
53
46
100
200
185
159
196
111
64
79
67
35
8
28
27
15
11
13
9
3
5
3
5
9
7
4
5
14
10
0
3
4
1
0
0
0
0
0
1
0
2
2
1
0
0
0
0
0
0
0
0
0
1
0
0
1
11
15
5
0
0
0
0
0
0
0
0
0
0
0
0
0
0
0
3
0
1
0
0
2
8
14
25
37
37
18
0
11
24
53
53
33
18
12
0
2
3
2
0
0
0
1
0
1
0
0
5
10
1
1
4
3
14
21
27
35
35
21
10
6
11
31
45
35
5
6
0
15
22
1
0
17
20
1
0
1
0
0
0
8
4
0
3
2
0
0
0
0
0
0
0
2
2
0
0
0
0
0
0
0
0
0
0
0
0
0
0
0
0
0
0
0
0
0
12
9
0
0
14
16
1
4
19
7
4
13
4
1
1
4
1
5
3
5
1
3
0
2
0
0
0
14
53
32
27
30
32
51
68
192
248
318
457
593
677
750
738
634
500
378
257
142
81
66
117
150
138
114
85
64
44
47
73
112
261
77
126
178
364
535
561
592
722
812
786
485
65
183
58
113
116
43
29
12
0
8
7
8
8
6
7
5
0
0
0
0
0
0
0
0
0
0
0
0
0
0
0
0
0
0
0
0
0
0
0
0
0
0
0
0
0
1
0
0
0
1
0
0
0
0
2
2
1
0
0
0
0
0
1
1
4
12
13
9
7
8
6
19
18
12
4
0
0
0
0
0
0
0
0
0
0
0
0
0
0
0
1
4
6
8
4
1
0
0
0
0
0
0
0
0
1
1
0
1
4
7
8
16
13
12
10
8
5
14
12
14
17
35
89
153
187
202
185
149
88
47
38
20
0
2
5
3
8
5
5
8
8
10
10
3
3
3
8
13
3
0
0
1
0
5
0
0
0
1
0
0
0
0
0
0
0
0
0
1
1
0
0
0
0
0
0
0
0
0
0
0
0
0
0
0
0
0
0
0
0
0
0
14
104
202
280
344
312
227
122
60
15
1
0
1
1
2
0
2
1
1
0
0
0
0
0
0
0
0
0
0
0
0
0
0
0
0
0
0
0
0
0
0
0
0
0
0
0
0
0
0
0
1
0
0
1
2
5
20
64
139
151
146
105
59
36
19
11
5
17
14
9
0
1
11
13
1
0
0
0
0
0
1
3
5
10
14
13
6
0
0
6
9
11
3
1
5
11
13
2
109
217
243
179
30
43
237
327
277
68
194
311
307
251
145
22
56
189
247
249
200
142
84
74
114
172
148
118
83
51
50
87
108
97
133
236
291
390
507
540
501
501
447
429
393
351
321
254
229
223
195
201
165
162
163
157
125
29
12
27
24
17
6
3
22
71
98
162
192
204
200
245
248
272
239
266
326
354
321
296
244
184
172
175
160
120
92
69
103
89
69
48
34
78
171
358
600
822
1116
1336
1470
1712
1949
2115
2274
2454
2593
2639
2686
2572
2463
2346
2260
2088
1871
1646
1470
1369
1184
967
725
533
371
231
402
643
623
547
679
860
831
440
154
154
91
75
91
29
27
14
33
73
97
58
78
91
79
52
30
31
34
35
24
50
114
216
178
80
145
148
35
7
20
23
15
1
0
2
9
17
14
17
37
23
6
13
22
37
42
17
6
2
0
1
0
3
1
0
0
1
2
2
5
6
6
4
9
12
10
5
0
1
0
0
0
2
4
4
7
7
15
43
23
9
52
154
253
304
345
401
406
359
251
144
64
78
80
14
8
48
52
30
3
15
55
41
0
16
56
50
9
0
0
4
1
0
0
1
3
0
0
3
21
90
211
286
349
355
331
221
128
55
7
0
15
20
3
0
4
3
8
22
31
50
62
69
51
21
29
28
28
5
3
0
0
0
0
0
1
0
3
0
0
0
0
0
0
0
5
22
89
164
208
225
194
148
83
43
18
13
2
1
2
1
1
0
0
0
1
0
0
5
4
7
1
0
1
0
0
0
0
0
0
0
0
0
0
0
0
0
0
0
0
0
0
0
9
35
55
86
95
95
66
120
273
271
140
89
78
55
51
48
68
111
153
89
70
68
63
52
56
92
273
220
112
55
20
33
42
17
2
6
22
38
17
0
22
32
20
2
0
3
21
77
147
192
231
234
251
377
554
693
805
819
723
609
459
184
385
577
669
689
735
750
355
275
350
246
118
223
163
29
83
101
14
9
8
0
19
21
3
0
0
4
0
0
0
0
2
0
0
0
0
20
124
223
305
376
364
289
186
281
262
276
262
320
383
354
280
146
198
295
407
548
637
614
475
60
197
238
116
95
184
145
43
15
6
1
0
0
1
0
0
0
0
0
0
0
0
0
0
0
0
1
0
1
3
3
3
0
0
0
0
0
0
0
0
0
0
0
0
0
0
0
0
1
0
5
2
0
0
0
0
0
0
0
0
0
0
0
0
0
0
1
2
0
0
1
0
2
10
11
6
0
1
0
0
0
12
0
1
0
0
1
1
0
3
47
88
118
115
68
34
22
88
156
168
182
170
158
131
36
3
47
68
27
3
0
0
1
0
0
0
1
0
0
0
0
0
0
0
0
0
0
0
0
0
0
0
0
0
0
0
0
0
0
1
1
1
0
0
0
0
1
0
0
0
0
0
0
0
0
0
0
0
0
0
0
0
0
0
0
0
0
0
0
0
0
0
0
0
0
0
0
0
0
2
0
0
0
0
0
0
0
0
0
0
0
0
0
0
0
0
0
0
0
3
6
0
0
0
0
0
3
1
3
2
0
2
12
20
26
34
72
93
104
80
22
13
122
187
135
12
3
0
0
0
0
0
0
0
0
0
0
1
2
3
0
0
4
3
11
83
90
15
12
30
11
33
95
45
9
48
86
5
17
67
30
28
70
10
12
118
61
9
72
119
7
8
72
17
0
26
36
7
2
17
23
14
8
2
11
16
23
22
33
33
56
61
58
65
50
55
59
51
51
47
35
22
17
21
13
8
3
1
4
4
0
0
0
0
0
0
0
0
0
0
0
0
0
0
0
0
0
0
0
0
0
0
0
0
0
0
0
0
0
0
0
0
0
0
0
0
0
2
8
5
0
0
0
0
0
0
0
0
0
0
0
0
0
0
0
0
0
0
0
0
0
0
0
0
0
1
1
1
0
0
0
0
0
0
0
0
0
0
0
0
0
0
0
0
0
0
0
0
0
0
0
0
0
0
0
1
4
5
9
8
15
35
85
134
182
191
180
147
100
62
30
19
20
33
29
23
24
24
18
25
26
26
20
19
13
5
2
0
0
0
0
0
0
0
0
0
0
0
0
0
0
0
0
0
0
0
0
0
0
0
0
0
0
0
0
0
0
0
0
0
0
0
0
0
0
0
0
0
0
0
0
0
0
0
0
0
0
0
0
0
0
0
0
0
0
0
0
1
5
36
80
142
160
191
218
239
214
102
54
35
9
6
12
3
1
1
21
60
17
2
0
1
3
0
0
3
24
28
19
3
23
89
114
105
43
7
26
121
108
16
10
35
54
30
19
11
16
32
32
6
14
166
268
57
36
19
14
43
77
111
21
41
71
9
0
24
41
21
1
0
0
0
0
0
0
2
9
8
5
9
22
23
33
144
247
320
322
329
313
262
177
141
101
74
78
88
53
23
20
23
38
50
47
31
11
0
12
99
155
134
105
170
165
113
160
193
162
144
121
98
65
43
42
48
37
19
11
9
8
2
0
5
44
173
236
302
332
362
371
371
313
257
187
88
63
211
336
410
475
404
339
313
148
43
118
22
1
3
2
1
4
24
33
80
165
249
305
317
311
216
167
128
50
39
44
25
5
2
2
10
5
0
0
0
0
0
1
6
20
45
51
30
41
96
109
74
70
25
11
35
132
187
242
322
340
303
258
167
113
61
23
14
2
3
15
5
0
6
107
229
294
350
399
410
406
349
285
174
48
103
293
351
493
414
405
365
150
402
428
470
459
383
178
176
142
39
40
4
28
7
2
1
3
4
9
28
62
78
118
119
121
91
99
137
235
285
342
333
442
556
870
1060
1067
801
1113
1342
1390
1461
1918
2348
2496
2538
2469
2326
2174
1926
1366
904
712
899
1047
1216
1233
659
410
368
515
648
654
579
458
277
101
4
29
13
11
4
17
23
20
17
15
19
13
3
71
163
198
253
240
190
66
5
12
88
99
48
36
18
27
96
79
59
45
36
17
15
7
5
1
0
12
6
1
4
6
4
17
30
2
0
3
7
7
18
16
4
2
1
0
0
0
0
0
0
0
0
0
0
0
0
0
0
0
0
0
0
0
0
0
5
4
5
7
10
17
17
17
12
6
1
0
1
59
97
61
39
97
159
169
208
222
297
442
484
544
570
559
618
526
491
489
535
482
452
419
365
339
287
231
185
166
96
87
98
148
132
117
127
117
106
105
72
40
53
92
76
157
271
304
355
392
491
570
646
699
891
953
1021
1216
1114
928
837
776
696
562
557
513
482
441
455
416
329
238
152
56
119
89
52
2
0
14
16
2
0
5
11
9
16
20
5
9
9
6
5
22
46
137
258
304
306
267
215
158
142
173
235
321
370
403
428
393
393
449
464
468
512
502
551
614
712
734
738
762
774
740
599
530
556
473
224
404
703
886
989
926
856
916
927
935
861
788
751
552
215
168
215
249
134
107
83
45
82
242
321
336
113
93
193
308
341
311
279
196
113
46
31
35
6
3
13
4
11
49
65
99
72
30
41
64
20
2
1
1
0
0
0
0
0
0
3
2
0
16
14
27
11
6
5
0
1
1
1
3
4
0
0
0
0
3
18
7
2
8
8
40
34
5
0
0
0
1
8
12
8
0
0
2
7
0
9
12
7
3
0
0
0
0
0
0
0
0
0
0
0
0
0
0
0
1
2
6
6
6
5
3
6
4
3
2
0
2
1
2
2
3
6
2
5
1
0
0
0
0
0
0
0
2
1
2
2
2
3
2
0
0
0
0
0
0
0
0
0
0
0
0
0
0
0
0
0
0
0
0
0
0
0
0
0
0
0
0
0
1
3
3
4
4
0
0
0
0
0
0
0
2
5
0
0
0
0
4
2
0
0
12
10
4
13
24
36
59
26
28
17
145
188
72
36
124
48
38
32
10
34
124
156
100
36
17
5
0
10
39
53
32
9
0
0
2
4
7
38
42
13
20
16
26
27
12
9
5
7
12
20
16
11
9
5
3
1
7
9
8
13
15
13
9
9
13
19
67
136
150
116
94
79
103
82
59
81
100
79
79
97
70
34
41
47
32
62
105
96
84
66
44
26
17
10
15
30
24
9
2
29
75
134
201
209
240
216
161
138
139
136
98
79
75
85
105
125
157
191
216
191
203
233
240
251
260
316
235
152
112
76
68
97
121
119
131
149
199
234
308
364
451
439
430
445
401
437
557
855
1202
1489
1622
1799
2069
2183
2538
2766
2690
2264
1943
1546
1143
854
710
613
556
508
475
504
543
546
554
551
493
462
442
433
438
479
482
445
409
376
430
479
535
576
585
683
890
1078
1246
1761
2075
2101
1762
2037
1865
2368
2438
2390
2471
2309
2180
2375
2630
2990
3144
2943
2993
2988
2952
2773
2472
2185
1996
1769
1536
1372
1216
1033
720
590
610
580
595
537
430
256
116
61
18
4
28
29
26
41
27
22
39
62
69
49
61
69
63
122
211
305
351
350
314
346
523
822
1098
1416
1859
2126
2018
1656
1215
1072
879
1019
1247
1617
1954
1952
2014
2040
1838
1361
357
882
993
909
707
431
336
404
393
378
341
316
297
352
397
397
316
200
125
260
316
367
486
626
645
616
509
449
336
225
143
186
233
205
173
126
105
84
71
31
16
7
3
7
37
57
56
55
35
16
24
77
164
271
383
506
555
679
726
620
413
635
705
682
582
647
615
569
585
583
540
229
134
415
473
461
387
276
180
92
49
56
109
176
235
270
286
270
166
56
84
144
232
257
222
155
107
76
15
0
54
102
160
196
204
226
262
373
556
996
1325
1326
1161
1127
1226
1231
1605
1539
1576
1434
1473
1608
1577
1282
650
242
464
816
1520
1762
1704
1670
1301
1564
1170
1377
1711
1924
1841
1830
1791
1371
927
440
604
572
449
302
286
478
654
768
726
613
587
578
548
491
449
364
233
66
132
263
336
341
344
353
351
351
318
238
130
28
5
5
90
216
272
293
287
286
238
197
122
9
24
116
198
231
270
257
234
210
163
118
50
17
16
41
22
15
9
2
9
8
11
28
52
55
66
46
41
38
28
28
35
38
51
51
19
30
28
11
9
33
43
71
139
326
484
527
706
886
1418
1005
969
869
787
554
276
230
349
551
694
645
746
797
770
750
755
563
331
118
92
115
104
81
58
77
133
159
180
138
71
4
0
18
25
42
46
56
68
67
66
67
62
70
45
33
1
2
5
15
13
9
11
13
0
1
1
1
1
5
2
3
2
0
0
3
15
26
26
29
26
14
29
33
16
24
38
4
3
19
24
57
84
90
90
74
45
45
56
87
85
74
51
70
61
45
1
5
28
33
98
143
63
60
65
98
84
77
64
68
80
81
51
32
16
4
2
8
10
12
14
26
99
21
25
27
45
38
16
0
0
0
1
0
0
0
0
4
0
0
0
2
21
29
31
32
63
136
228
277
296
250
184
168
254
297
330
414
468
504
561
576
535
476
342
102
196
355
518
577
619
651
658
663
456
73
192
182
178
148
44
7
132
294
289
187
420
626
727
754
787
723
581
367
160
115
166
375
481
463
564
746
662
540
400
314
204
190
288
327
369
489
591
634
645
561
655
656
489
346
307
361
444
459
475
474
436
380
390
439
474
372
289
157
61
5
5
63
111
130
166
192
176
205
189
158
123
93
75
61
51
21
12
10
4
8
9
6
12
13
3
1
8
13
10
12
26
32
65
89
62
51
35
34
33
17
6
0
0
0
0
1
3
0
3
0
0
0
0
0
2
1
6
5
4
0
0
0
1
0
1
1
0
1
3
0
0
0
0
0
0
0
0
1
4
12
10
11
7
18
3
4
2
3
4
1
2
8
13
29
65
102
162
168
195
222
221
174
157
123
49
65
156
239
267
287
301
303
275
250
228
203
165
112
55
5
31
55
51
66
139
120
72
66
53
37
19
10
17
50
78
100
93
80
54
41
28
11
5
5
13
30
35
39
57
59
48
52
30
26
9
2
2
7
22
36
28
58
40
9
42
128
124
67
51
60
65
47
40
65
16
5
23
16
26
36
60
54
25
13
40
29
9
13
22
12
7
26
32
33
60
32
21
51
60
66
41
8
2
5
8
15
11
10
10
14
6
5
1
0
0
0
1
0
0
2
0
0
0
0
0
0
0
0
0
0
0
0
0
0
0
0
0
0
0
0
0
1
0
0
0
0
0
0
0
0
0
0
0
0
0
0
0
0
0
0
1
1
1
4
39
5
7
4
6
5
3
4
9
14
25
40
41
53
72
85
129
151
205
199
118
44
13
39
142
204
221
96
18
5
16
18
48
126
125
99
21
7
44
95
130
141
125
77
26
24
18
27
11
15
33
57
55
9
25
20
4
3
2
5
0
0
0
0
0
0
0
0
0
0
0
0
0
0
0
0
3
8
0
0
0
4
18
24
30
10
33
58
43
31
19
14
9
3
9
11
5
4
8
15
9
7
11
6
1
0
0
0
0
0
0
0
0
1
4
6
1
0
0
7
13
0
0
0
4
13
22
13
3
1
0
0
0
0
0
0
0
0
0
0
0
2
2
1
3
3
1
4
0
6
3
3
0
1
2
1
0
0
0
2
1
0
11
15
6
2
2
5
5
0
0
0
2
4
5
10
13
13
16
9
43
76
118
142
118
72
50
23
5
1
0
0
2
0
0
0
0
0
0
3
11
50
76
77
113
134
176
210
236
273
294
303
296
294
333
342
339
333
296
264
245
194
152
130
91
67
53
52
50
32
30
6
0
1
75
145
213
272
337
405
428
432
385
346
322
312
315
249
158
60
34
16
1
0
0
0
7
8
2
4
8
12
11
3
1
5
12
15
15
23
29
36
36
34
38
25
10
4
2
1
0
3
8
53
131
198
260
323
433
508
551
506
502
561
599
631
586
534
424
312
218
165
154
70
36
26
112
181
205
218
230
179
127
121
147
108
59
36
25
22
19
65
117
114
101
88
65
87
128
147
190
263
345
406
492
500
524
700
853
796
699
851
814
669
681
937
893
632
441
412
644
851
1020
1141
1344
1545
1425
1386
1437
1355
1254
950
566
607
766
677
419
444
373
282
206
138
192
404
660
784
700
558
632
610
500
315
399
584
636
593
700
900
1143
1364
1522
1654
1849
2113
2417
2651
2929
3207
3254
3339
3347
3364
3431
3283
3166
3100
2842
2609
2563
2335
2261
2057
1783
1572
1366
1250
961
706
730
707
677
747
725
756
732
191
297
356
337
349
328
252
146
209
276
421
548
601
554
457
278
66
178
227
217
212
224
220
174
86
282
343
358
365
288
220
113
6
34
149
232
345
404
459
446
445
328
286
240
362
310
161
78
28
18
13
10
7
20
43
121
268
481
582
784
939
1082
814
1163
1387
1415
1341
1158
735
672
903
952
835
704
592
662
190
63
193
340
469
464
222
48
23
80
90
40
3
2
50
140
196
220
234
138
40
0
3
22
23
17
1
0
0
0
0
0
0
64
299
666
1021
1178
1181
1162
1238
1200
1098
982
903
811
812
799
594
467
87
437
598
696
793
906
883
1010
980
923
1086
1121
952
670
459
197
90
167
180
155
113
54
64
146
282
400
491
538
584
587
564
500
418
326
271
221
196
174
82
37
0
9
9
6
1
0
3
6
17
11
0
0
0
70
147
236
302
409
499
633
774
870
962
1085
1288
1293
1141
1192
1141
1255
1164
1170
1143
961
788
589
409
393
346
273
145
90
65
94
123
122
51
77
94
177
211
155
271
395
438
411
319
348
480
658
874
969
1310
1409
1681
1591
1669
1616
1752
1635
1560
1443
1214
1170
1185
1138
1022
843
796
725
654
455
242
25
103
310
474
486
422
296
215
224
228
203
129
90
57
53
47
19
0
0
2
9
8
5
3
2
0
2
9
2
17
3
0
2
0
0
1
0
1
27
18
2
8
7
5
24
39
31
34
14
1
0
1
41
53
22
0
1
20
30
2
0
0
18
61
78
25
16
9
0
16
33
3
1
0
0
2
6
3
1
0
0
0
0
0
0
0
0
0
0
0
0
0
0
0
0
0
0
0
0
0
0
0
0
0
0
0
0
0
0
0
0
0
0
0
0
0
0
0
0
0
18
14
0
3
7
3
7
7
25
25
22
13
3
0
0
0
0
1
6
0
0
0
0
0
0
0
0
2
2
3
0
0
0
0
0
0
0
0
0
0
4
0
14
14
6
5
4
2
3
2
0
0
0
0
0
0
0
0
0
0
0
0
0
0
0
0
0
0
0
0
0
0
0
0
0
0
0
0
0
0
0
0
0
0
0
0
0
0
0
0
0
0
0
0
0
0
0
0
0
0
0
0
0
0
0
0
0
0
0
0
0
0
0
0
0
0
0
0
0
0
0
0
0
0
0
0
0
0
0
2
4
6
15
4
0
0
0
0
0
0
0
0
0
0
0
0
0
0
1
2
2
0
0
0
0
0
0
0
0
0
0
0
0
0
0
0
0
0
0
0
0
0
0
0
0
0
0
0
0
0
0
0
0
0
0
4
8
8
4
0
0
0
2
0
2
1
0
0
1
3
4
0
0
0
0
1
3
0
0
0
0
0
1
10
49
91
133
150
136
53
16
53
119
229
252
237
171
123
84
52
65
72
56
22
8
1
20
60
57
39
15
7
34
61
44
34
13
14
27
11
2
1
0
0
0
0
0
0
0
0
1
0
0
0
1
0
0
0
0
0
0
0
0
0
0
0
0
0
0
0
0
0
0
0
0
0
0
0
0
0
0
0
6
16
22
31
37
17
5
0
0
0
3
20
34
58
62
96
123
126
163
190
213
163
120
101
161
164
199
253
366
437
429
445
334
226
216
160
160
193
210
110
41
15
8
23
35
31
28
21
45
111
314
405
399
521
673
899
1087
1188
1324
1317
1315
1210
1286
1064
1017
854
564
327
201
224
146
241
347
350
294
214
288
410
348
126
181
212
99
215
483
878
1109
1176
1559
1316
1465
1374
1340
1385
1349
1096
790
586
463
397
315
284
262
279
300
320
268
196
97
28
116
260
341
340
252
255
217
176
114
76
51
24
15
21
8
1
4
9
4
1
3
1
0
2
2
7
5
2
0
1
0
0
3
4
8
20
29
4
0
0
0
3
33
63
110
50
69
102
35
3
3
7
6
17
12
5
4
15
11
18
13
9
16
14
4
0
0
0
0
0
9
6
4
12
10
5
5
0
0
0
0
0
0
0
0
0
0
0
0
0
0
0
0
0
0
0
2
46
214
420
658
899
1068
1111
1278
1144
985
789
947
1077
1101
1098
860
587
469
509
1059
1345
1399
1346
1531
1347
1675
1585
1536
1444
1453
1188
889
849
1044
1051
829
642
532
359
229
253
380
496
652
826
841
502
59
87
224
169
71
120
211
225
138
172
303
280
141
15
11
55
24
1
13
13
19
13
11
14
35
34
13
11
28
64
118
143
144
142
104
58
52
16
10
11
17
23
24
21
21
26
23
15
6
4
0
0
4
7
20
31
40
64
65
52
52
37
6
9
18
10
14
32
38
31
27
33
30
32
37
24
21
63
142
198
236
240
187
128
122
91
50
29
29
18
35
38
33
30
27
30
41
50
18
10
15
3
3
13
14
12
32
52
48
36
25
6
4
2
0
1
14
41
41
22
15
10
4
9
37
67
98
122
136
126
96
52
38
23
34
41
32
20
32
36
89
213
443
708
959
1042
1150
1222
1147
1018
741
753
950
917
826
658
422
268
355
342
371
353
361
325
241
69
16
43
113
254
315
310
327
311
330
336
346
342
335
337
349
355
339
296
240
138
116
95
54
56
77
103
187
208
196
202
171
189
246
258
244
254
265
286
243
268
260
251
248
214
172
101
28
18
4
5
9
5
0
3
9
2
3
17
18
47
58
34
32
14
5
3
40
101
189
253
290
300
315
337
300
287
343
399
387
466
456
371
268
156
59
77
197
296
370
399
421
410
403
402
395
400
352
287
201
236
279
353
366
391
383
374
264
124
79
63
46
33
41
47
76
148
170
223
291
320
316
311
304
284
274
197
172
286
368
337
399
429
436
383
305
208
37
19
61
65
68
102
197
298
350
389
415
447
546
642
728
734
717
605
519
370
222
557
604
506
469
365
171
121
295
375
428
441
447
423
446
505
541
588
595
581
595
585
567
516
436
347
216
116
151
161
187
264
320
334
357
381
426
447
427
452
419
377
377
357
295
272
227
200
166
116
57
25
6
9
16
23
43
30
27
34
66
236
317
374
398
433
440
459
406
370
324
281
208
83
42
34
22
30
74
115
125
112
83
73
99
125
123
122
134
138
143
159
182
164
137
130
117
108
64
15
19
9
4
11
21
23
16
50
96
51
37
52
55
54
37
52
121
69
61
94
110
93
105
97
120
118
107
107
114
128
132
138
122
113
73
61
87
61
30
24
25
31
22
8
3
46
103
168
208
198
152
54
18
14
26
34
25
33
68
54
108
163
116
49
8
88
161
185
286
272
232
126
26
29
62
75
123
162
183
165
248
288
300
247
172
58
38
24
6
20
14
2
1
0
1
2
0
0
2
0
1
4
18
44
32
30
28
13
0
6
4
8
10
3
0
1
2
7
6
4
0
0
0
4
0
0
0
0
0
0
0
0
0
0
0
0
0
0
0
0
0
0
0
0
0
1
0
0
0
1
1
1
1
1
3
1
4
0
0
0
0
1
0
0
1
0
0
2
13
80
206
316
356
433
369
478
574
503
353
239
150
81
122
193
128
51
23
33
55
97
87
59
37
34
36
59
75
51
36
32
20
17
13
14
34
73
149
238
262
294
271
216
198
114
50
15
2
0
1
3
1
1
4
1
3
0
0
0
3
1
2
1
0
2
0
0
0
0
1
0
0
1
0
43
204
336
498
783
963
1333
1658
1950
2231
2557
2974
3203
3367
3163
2823
2284
1675
1208
1015
947
895
854
629
496
317
354
652
1158
1634
2014
2261
2077
1908
1677
1132
472
828
632
469
353
122
53
255
425
512
456
140
104
203
140
11
15
99
66
4
8
13
0
0
2
7
21
29
62
59
65
61
60
73
61
88
126
193
286
376
411
477
447
381
275
137
51
29
20
1
0
16
18
28
17
16
19
21
19
9
2
5
2
3
2
2
0
0
0
2
3
1
0
3
0
0
0
0
0
0
0
0
0
0
0
0
0
0
0
0
7
4
0
2
0
0
0
0
0
0
0
0
0
0
0
0
0
0
0
0
0
4
5
16
15
4
2
12
2
0
0
0
1
9
21
9
1
64
130
162
177
152
62
7
111
232
260
85
7
100
156
121
20
15
154
269
289
114
16
139
189
174
67
8
12
71
90
29
6
12
21
23
2
0
5
32
29
4
0
0
0
0
0
0
0
0
0
4
0
0
0
0
0
0
0
0
0
3
13
13
0
0
0
3
1
0
0
0
0
0
0
0
0
0
0
0
0
0
0
0
0
0
0
0
0
0
0
0
0
4
0
0
0
0
0
0
0
1
3
10
5
8
14
37
54
95
207
316
413
409
432
675
789
807
690
723
833
783
702
618
684
899
1093
1312
1610
1890
2130
2314
2568
2989
3309
3430
3314
3343
3298
3379
3456
3365
2630
1974
1643
1400
1242
977
783
675
604
573
564
533
499
348
204
113
99
110
104
138
164
134
122
97
117
172
228
192
85
36
17
23
77
111
144
192
200
230
254
224
193
158
142
132
132
116
73
53
35
27
14
9
26
38
33
25
29
18
21
18
23
14
17
20
18
13
3
13
8
0
2
3
3
0
0
0
0
0
0
0
0
3
2
6
2
0
2
1
2
1
1
2
0
0
0
0
0
0
1
0
0
0
0
0
0
0
0
0
0
0
0
1
0
2
3
2
2
1
0
0
0
0
0
0
0
0
0
0
0
0
2
12
9
5
3
3
0
0
0
0
0
0
0
0
0
0
0
0
0
0
0
0
0
0
0
0
0
0
0
0
0
0
0
0
0
0
0
0
0
0
0
0
0
0
0
0
0
0
0
0
0
0
0
3
0
2
0
0
1
0
0
2
0
0
2
3
0
0
0
0
0
0
0
1
0
0
0
0
0
0
0
0
0
0
0
0
0
0
0
0
0
0
0
0
0
0
0
0
0
0
0
0
0
0
0
0
0
0
0
21
4
3
8
1
0
0
0
0
0
0
0
0
0
0
0
0
0
0
0
0
0
0
0
0
0
0
0
0
0
0
0
0
0
0
0
0
0
0
0
0
0
0
0
0
12
0
0
0
0
2
9
30
34
29
39
54
58
59
47
51
40
30
17
32
98
188
232
208
172
133
144
135
103
93
119
115
145
186
275
339
364
371
444
543
550
507
431
376
386
369
288
135
45
11
19
21
76
140
193
238
264
281
283
255
224
193
159
124
93
68
93
133
118
89
71
63
41
15
1
1
4
4
2
0
0
0
0
5
7
4
3
10
20
37
41
47
57
52
53
50
35
20
3
0
33
88
157
258
227
162
116
71
57
92
144
154
137
94
49
44
53
38
22
0
0
15
39
32
33
34
24
8
1
0
0
2
1
0
0
0
0
0
0
0
0
0
0
0
0
0
0
0
2
1
0
1
0
0
1
0
0
0
0
0
0
0
1
0
36
108
181
203
211
151
81
16
0
74
170
261
215
18
14
48
90
96
56
8
49
113
124
59
1
0
0
4
3
2
0
0
0
10
10
1
3
0
0
0
2
0
0
0
0
0
0
0
0
2
6
20
31
47
56
75
83
94
98
113
104
103
114
125
135
150
201
269
378
488
580
672
782
883
989
1116
1236
1205
1391
1397
1254
1262
1087
966
878
761
720
600
550
478
484
499
437
396
289
210
274
322
308
253
293
308
313
222
338
298
103
211
489
580
612
558
464
148
95
193
183
140
74
30
26
35
25
1
13
26
24
86
291
351
276
69
1
36
30
16
8
20
56
79
91
110
89
98
83
70
28
23
16
12
8
22
15
9
11
15
20
15
4
2
0
0
0
0
1
31
52
105
70
32
40
46
44
49
94
230
394
537
693
819
1061
1182
1456
1498
1520
1629
1763
1762
1654
1414
1299
1071
888
702
789
944
831
713
548
315
74
63
316
491
580
616
631
661
630
550
451
318
98
34
214
323
343
350
338
318
268
220
180
114
62
45
23
42
43
41
26
14
7
5
0
0
0
0
3
0
0
0
8
60
18
7
1
0
0
0
0
9
20
15
0
3
0
0
0
0
0
0
0
0
0
0
0
0
0
0
0
0
0
0
0
0
0
0
0
0
1
0
0
0
0
0
0
0
2
0
0
0
0
0
0
0
0
0
0
0
1
0
0
2
1
0
0
0
0
0
0
0
0
1
0
0
0
0
0
0
0
0
0
0
0
0
2
0
0
0
0
0
0
0
0
0
2
0
0
0
0
0
3
1
1
42
177
379
525
532
462
515
733
864
888
744
485
307
240
214
434
664
828
930
1104
1204
1432
1567
1641
1700
1803
1890
2045
2191
2465
2724
3030
3300
3578
3951
4155
4304
4053
3881
3495
3052
2986
3174
3056
3149
3058
2870
2645
2220
1688
1366
1175
1207
1159
1095
1004
927
987
1174
1313
1632
2063
2375
2272
1997
1998
1876
2157
2268
2519
2460
2594
2362
1867
1547
1525
1526
1383
902
482
235
190
329
527
695
817
830
796
646
477
366
360
379
334
230
56
32
131
144
130
73
35
11
0
0
0
0
0
0
5
4
15
47
47
22
17
15
8
10
6
10
3
0
0
0
2
1
0
0
0
0
2
5
0
0
0
0
5
0
0
0
0
0
0
2
0
0
0
0
1
3
3
9
47
83
101
67
68
159
156
151
130
101
22
9
26
44
58
50
34
47
33
124
226
256
294
411
526
592
542
470
346
239
257
260
297
263
111
74
47
19
6
6
4
4
3
4
14
11
5
11
8
3
11
10
8
3
9
19
15
13
13
27
52
65
76
82
95
105
135
163
170
159
176
178
184
211
187
204
227
207
200
182
148
108
31
0
0
0
0
0
0
0
0
2
7
8
16
32
48
47
25
14
5
0
0
6
17
21
12
10
9
12
18
8
3
2
2
0
0
0
0
0
0
0
0
0
0
0
0
0
0
0
0
0
0
0
0
0
0
0
0
0
0
0
0
1
0
0
0
0
0
0
0
0
0
0
0
0
2
8
5
6
1
0
5
6
2
0
0
7
17
11
2
0
1
3
3
2
0
0
0
0
0
0
0
0
1
6
7
11
14
8
14
32
41
41
3
1
32
85
177
215
234
285
283
259
243
238
169
28
2
0
1
11
14
10
12
21
35
34
27
15
8
0
2
28
114
174
213
269
330
360
416
410
399
429
447
444
403
329
308
304
259
205
154
110
80
119
60
78
82
105
99
93
50
27
1
0
0
1
1
0
0
0
0
0
0
0
0
0
19
30
28
11
1
22
44
29
92
0
2
1
0
0
0
0
0
0
1
1
0
0
0
0
0
0
0
0
0
0
0
0
0
2
0
0
0
0
0
0
0
0
0
0
0
0
0
1
21
37
48
66
62
39
8
0
30
129
137
56
9
23
16
7
2
6
0
0
0
0
0
0
0
1
57
96
90
115
163
195
240
269
282
291
230
182
147
147
160
171
160
149
119
103
78
73
29
11
0
7
2
6
2
1
3
36
147
252
285
270
209
84
1
21
40
36
31
39
28
72
190
267
313
286
284
272
251
203
118
123
156
253
304
271
204
196
204
215
78
14
45
25
0
54
72
68
3
0
11
5
0
0
0
0
4
3
3
2
0
0
0
0
0
0
0
0
0
6
171
312
357
365
444
545
656
779
881
915
860
613
559
527
537
497
527
529
654
472
341
243
141
147
110
94
84
121
124
130
173
157
89
48
15
49
16
0
0
0
3
11
31
35
29
27
44
39
9
0
3
1
1
0
0
0
0
0
2
22
34
65
71
45
25
10
1
3
1
0
0
16
35
40
40
29
13
6
10
15
16
6
1
32
156
242
338
506
686
707
818
886
1060
971
964
873
773
619
499
343
272
224
112
90
56
30
47
86
61
55
9
5
0
4
0
0
1
5
6
2
0
0
0
0
0
1
1
6
11
16
17
19
28
21
17
6
1
0
0
0
0
0
0
0
0
0
0
0
0
0
1
0
4
1
0
0
0
0
1
2
27
188
314
263
138
64
39
48
24
22
27
56
43
28
30
25
22
21
14
5
0
0
0
0
0
0
0
0
0
0
0
0
0
0
0
0
0
0
0
0
0
0
1
0
0
0
0
0
0
0
0
0
0
0
0
0
0
0
0
0
0
0
0
0
0
0
0
0
0
0
0
0
0
0
0
0
0
1
0
0
0
1
0
1
1
3
6
4
4
3
7
44
101
125
113
51
40
68
171
271
221
46
6
31
62
60
18
0
1
73
176
132
17
112
149
160
115
53
103
193
253
224
301
396
382
280
165
154
208
217
104
150
208
195
139
62
76
96
135
189
234
324
391
373
336
254
159
65
42
196
69
106
122
123
150
147
149
146
135
112
94
75
63
49
19
15
12
67
100
133
156
189
186
211
207
181
177
152
151
110
100
67
61
58
32
4
3
1
0
0
7
29
35
39
41
46
28
6
0
0
7
9
23
50
81
126
194
340
512
587
549
584
603
593
622
592
447
289
385
389
389
404
397
464
528
597
630
655
407
57
322
303
205
65
14
98
106
51
99
109
108
85
114
122
144
171
175
167
141
151
139
118
71
23
0
2
3
50
87
104
93
119
204
314
380
375
356
344
370
312
318
537
607
595
522
590
547
461
310
276
289
277
306
329
415
488
526
432
148
49
141
184
173
113
37
84
163
315
519
624
692
660
507
260
151
121
104
69
40
17
14
42
49
58
24
8
5
6
6
10
9
6
7
6
9
7
10
7
7
8
9
25
43
82
85
68
53
23
10
4
4
1
5
8
26
12
16
6
4
5
6
7
7
5
2
3
4
6
5
6
21
23
3
1
21
64
54
19
18
25
24
32
45
45
34
26
52
71
89
81
65
37
17
5
12
18
39
73
83
92
108
163
172
150
120
89
35
23
15
23
13
9
5
6
12
35
34
11
0
0
1
2
2
2
2
7
27
66
55
11
1
13
14
13
20
51
30
0
4
15
8
2
0
1
0
0
0
0
0
0
0
1
0
1
0
0
0
1
0
3
2
2
6
12
2
4
2
3
4
2
0
0
4
2
0
0
0
0
0
0
0
0
0
0
0
0
0
0
0
0
1
0
0
0
0
0
0
2
24
37
7
9
104
132
97
170
212
214
306
413
415
341
193
224
289
172
55
46
67
106
90
102
168
216
151
67
84
93
157
207
238
233
360
569
710
658
697
724
768
909
1093
1336
1513
1810
2186
2566
2884
3275
3808
4278
4549
4604
4392
4137
3862
3772
3622
3373
3115
2836
2527
2233
1960
1744
1531
1323
1151
905
698
458
338
270
167
116
104
65
79
169
268
396
684
1014
1291
1563
1909
2309
2642
2960
2973
2982
3111
3255
3387
3512
3517
3485
3595
3738
3690
3757
3627
3297
3044
2677
2334
2124
1827
1447
1274
1307
1329
1143
809
600
479
474
618
631
501
255
105
203
392
476
563
565
423
198
413
544
403
244
343
239
168
163
164
114
100
100
91
70
34
16
13
10
11
0
2
0
0
0
5
10
3
0
0
0
2
5
2
13
20
31
12
6
0
0
0
0
0
0
0
0
0
0
0
0
0
0
1
1
0
13
7
0
0
0
0
0
0
0
0
0
0
0
0
0
0
0
0
0
0
0
0
0
0
0
0
0
0
0
0
0
0
0
0
0
0
7
11
0
3
2
0
0
0
0
0
0
0
0
0
0
0
0
0
2
2
0
0
0
0
0
0
0
0
0
0
0
0
0
0
0
0
0
0
0
0
0
0
0
0
0
0
0
1
4
16
2
6
9
1
1
0
0
0
0
0
0
1
2
3
0
0
0
0
0
0
0
0
0
0
0
0
0
2
2
0
0
0
0
0
0
0
0
2
15
0
5
5
2
0
0
0
0
0
0
0
0
0
0
0
0
0
0
0
0
0
0
1
0
0
0
0
0
0
0
0
0
0
0
0
0
0
0
0
2
0
5
6
7
15
40
69
160
187
215
268
295
312
320
305
185
147
210
243
208
127
181
305
252
160
153
245
322
316
197
34
5
42
71
113
130
116
141
199
256
306
267
335
211
58
105
172
257
285
229
174
111
67
48
13
40
125
156
145
86
27
1
2
13
14
50
102
165
177
63
44
62
91
94
58
17
6
5
62
126
102
3
1
2
21
27
30
24
22
2
2
27
34
23
15
15
26
1
4
5
0
0
0
0
0
0
0
0
0
5
12
0
4
3
0
0
0
0
0
0
0
0
0
0
0
2
10
37
84
110
102
66
39
20
76
141
148
146
155
191
250
238
218
179
130
273
37
17
12
24
28
23
5
6
46
113
84
96
85
106
75
70
32
13
25
38
21
12
14
6
0
0
0
0
0
2
3
0
2
1
4
1
0
2
0
1
2
7
5
9
15
12
6
0
0
0
0
0
0
0
0
0
0
0
0
0
7
16
15
24
37
141
280
414
469
346
343
369
352
497
374
519
665
628
461
470
499
572
386
285
245
127
220
145
49
136
155
189
123
37
47
82
74
40
3
0
75
89
47
16
9
19
39
3
1
0
13
38
9
0
0
7
5
3
0
0
0
0
1
0
0
1
23
27
13
5
0
1
1
4
0
2
0
0
3
1
29
21
31
71
135
172
260
339
395
441
513
394
265
350
492
590
643
762
885
1110
1327
1536
1763
1999
2232
3903
2752
2913
2984
2963
2933
2917
2896
2795
2631
2439
2241
1901
1608
1528
1409
1223
1059
925
793
695
648
555
507
446
355
253
212
165
136
79
45
20
4
1
2
3
11
10
5
17
39
40
68
144
272
404
389
352
435
427
384
358
389
326
182
100
123
188
211
171
204
297
331
365
327
262
79
96
130
72
61
74
69
22
6
2
34
204
305
278
106
70
60
129
68
32
29
12
10
19
41
13
15
24
30
18
27
33
49
57
45
43
55
57
42
56
60
74
68
78
74
63
43
28
13
21
64
121
134
128
67
18
0
0
0
2
2
16
6
3
20
20
19
18
22
48
68
66
67
46
10
1
8
12
1
7
9
49
158
227
268
286
185
52
47
108
129
114
77
72
80
122
185
204
220
197
194
179
116
38
20
79
74
100
159
246
250
252
226
96
40
26
7
8
6
10
8
0
3
25
40
27
22
29
38
53
71
107
127
138
116
86
27
55
114
165
200
196
119
41
6
26
19
14
4
20
17
6
1
0
0
0
1
0
0
0
0
3
2
13
19
16
22
24
29
39
51
80
67
61
50
63
112
165
195
214
234
219
203
189
159
128
81
42
58
52
43
142
257
351
381
416
436
379
226
5
78
104
94
59
2
2
0
0
0
22
34
16
3
0
0
0
0
0
0
0
0
3
7
26
29
62
140
212
293
340
383
386
409
399
358
360
336
322
314
311
284
257
227
177
164
153
133
112
119
167
186
171
160
228
273
207
62
48
97
63
32
33
32
34
22
10
11
9
9
12
3
3
0
1
0
0
0
0
0
0
0
0
0
0
0
0
0
0
0
0
1
2
7
1
0
0
0
0
0
0
0
0
0
0
0
0
0
0
0
0
0
0
0
1
23
103
223
319
296
222
229
198
185
238
288
345
304
206
371
464
377
287
278
270
237
186
137
96
146
186
178
133
101
61
22
1
1
33
125
224
293
408
370
250
234
294
327
364
321
279
163
129
96
35
27
36
23
14
22
10
7
15
32
26
7
0
0
0
0
2
0
0
0
0
0
0
0
0
0
0
4
10
5
0
3
1
59
111
136
137
100
4
92
152
141
105
10
2
4
4
0
0
19
46
51
56
48
48
31
16
6
3
3
1
1
0
0
0
0
0
0
4
2
50
22
0
3
2
0
0
0
0
0
0
0
0
0
0
0
0
0
0
0
0
0
0
0
0
0
0
2
0
0
2
0
0
0
0
0
0
1
1
1
1
1
0
0
3
0
2
1
0
1
1
2
3
12
7
6
7
2
0
0
0
1
0
0
1
6
9
18
11
14
27
40
40
23
26
29
44
58
107
181
269
355
464
568
594
533
387
250
141
277
334
289
164
98
65
20
1
0
0
0
2
0
2
0
0
1
0
0
0
38
115
186
209
231
180
117
54
18
20
12
3
17
101
138
125
142
134
114
285
319
244
177
137
192
204
219
218
271
332
570
788
1038
1191
1274
1497
1763
1827
1879
1834
1959
2188
2366
2390
2421
2506
2568
2481
2368
2276
2228
2158
1991
1782
1636
1467
1324
1019
897
665
548
435
315
204
77
31
80
253
475
669
799
525
178
99
63
95
109
58
18
29
19
20
6
0
0
5
1
1
6
15
19
32
24
41
32
29
31
25
20
22
6
0
0
3
4
0
0
11
14
0
5
4
1
0
0
0
0
1
0
0
0
1
0
0
0
0
0
0
0
0
0
0
0
0
0
11
9
1
0
0
1
2
1
0
0
0
0
0
0
0
0
0
0
0
0
0
0
8
2
2
4
0
3
1
2
0
0
0
0
0
0
0
0
0
0
0
0
0
0
9
29
63
57
92
147
163
166
138
108
114
107
123
182
152
218
483
739
899
877
824
705
653
644
756
915
1060
1191
1311
1397
1315
1126
867
544
469
524
512
454
433
394
405
374
444
506
480
643
774
836
849
824
687
887
978
1047
1083
1173
1169
1151
1369
1471
1493
1562
1314
1139
942
844
799
775
744
712
653
484
218
162
142
145
122
66
40
48
45
34
84
146
189
161
126
154
173
160
108
54
39
51
40
9
24
44
29
34
56
55
63
248
482
663
900
1005
1239
1244
1223
1190
1124
1051
1003
876
742
638
524
432
340
287
162
66
12
17
25
80
135
193
238
233
234
220
191
161
147
132
147
123
96
75
72
79
125
195
252
231
197
133
138
142
95
85
151
262
444
677
834
921
831
771
700
619
436
406
360
358
394
373
333
279
255
198
173
166
125
82
28
6
5
7
0
2
7
11
9
4
13
27
5
13
1
1
0
1
5
27
4
1
4
2
0
0
1
0
0
0
0
3
5
0
5
0
0
0
0
0
0
0
0
0
22
42
60
82
84
76
93
128
199
297
348
375
394
417
455
475
459
391
316
238
115
30
59
268
489
688
884
1020
854
1262
1169
1083
1205
1056
821
506
283
177
130
64
55
74
51
21
19
35
44
25
28
26
5
26
81
88
78
34
5
11
60
63
61
37
22
19
35
59
69
56
67
60
56
56
61
44
21
3
3
0
0
0
0
0
0
0
0
0
4
14
24
58
115
129
128
145
146
116
75
26
13
6
1
1
0
0
0
0
0
0
0
5
45
129
224
300
345
339
303
223
171
305
437
361
403
454
434
418
359
371
319
157
102
73
69
89
77
32
43
64
84
82
106
142
181
214
213
198
194
200
198
196
220
239
213
199
171
83
156
265
231
307
346
354
306
237
78
28
2
11
3
0
0
0
0
0
0
0
15
31
51
36
14
3
0
0
0
0
5
25
31
21
17
16
11
46
178
271
302
313
323
268
275
243
185
337
331
260
248
209
175
150
88
45
2
4
14
14
5
0
0
1
1
2
9
27
65
82
93
103
109
82
75
71
23
3
0
0
7
21
20
48
47
21
19
23
36
67
124
181
249
363
387
546
607
672
614
590
505
413
331
104
47
116
132
137
145
148
130
65
2
3
55
106
79
20
6
28
55
87
118
155
166
171
152
155
201
213
190
181
184
190
156
130
97
74
56
89
210
274
240
203
180
111
57
52
45
101
257
380
665
843
1059
1263
1286
1526
1491
1478
1459
1372
1034
768
502
188
115
202
196
124
47
5
8
11
22
3
0
0
0
0
0
0
0
0
0
0
0
0
0
0
0
0
0
0
0
0
0
0
0
0
0
0
0
0
0
0
0
3
18
43
59
38
22
18
1
0
9
16
9
0
0
2
6
25
50
54
29
10
0
0
0
0
4
13
11
3
3
0
0
0
0
0
0
0
0
0
0
0
0
0
0
0
0
0
0
0
0
0
0
0
0
0
0
0
0
0
0
0
0
0
0
0
0
0
6
91
156
226
294
299
284
312
365
365
363
233
162
145
173
248
290
316
387
395
462
481
473
419
416
450
449
538
486
429
431
404
344
335
320
336
449
437
440
454
357
357
277
249
231
208
313
309
317
304
311
145
45
20
13
25
72
37
24
31
84
33
29
85
99
56
83
130
264
335
250
123
11
36
187
283
335
399
409
385
333
300
272
142
177
364
430
470
514
527
490
435
342
239
100
10
14
29
11
10
14
21
15
10
8
5
4
4
11
12
7
6
6
16
9
17
15
12
10
8
0
0
0
1
0
0
0
0
0
0
8
2
6
5
4
0
0
0
0
0
2
0
0
0
0
0
3
8
33
97
223
271
308
369
387
411
456
498
548
559
575
587
572
545
495
478
422
372
312
225
77
84
245
375
428
481
515
494
463
383
295
75
12
70
132
131
113
120
101
80
70
70
47
14
8
18
8
2
8
15
7
0
15
32
67
113
105
131
130
152
153
163
179
155
201
250
330
454
569
576
572
581
585
539
457
403
362
226
93
18
14
82
102
89
96
94
114
150
202
247
242
248
226
206
217
193
154
127
65
31
138
289
386
443
428
426
429
430
419
349
274
162
6
12
122
166
204
229
232
275
301
333
329
345
366
393
406
403
379
356
319
289
227
169
136
94
64
50
41
21
24
21
1
3
125
317
427
473
443
377
306
224
54
41
202
270
308
313
333
343
340
296
169
130
298
344
304
126
133
230
274
276
236
228
254
250
187
232
509
611
755
962
1226
1209
1132
1186
984
928
905
755
509
433
527
657
855
998
1370
1491
1450
1510
1550
1587
1420
1351
1334
1544
1773
1976
2229
2370
2464
2513
2738
3097
3045
2787
2737
2692
2655
2499
2440
2407
2442
2400
2325
2201
1962
1671
1389
1136
1008
931
852
809
764
751
872
952
881
853
907
955
932
898
1067
1376
1731
1979
1963
1754
1648
1626
1919
1830
1482
918
923
839
754
752
669
566
504
361
281
259
231
163
91
61
20
13
9
54
102
183
151
109
344
480
659
704
783
736
694
620
601
584
577
545
497
438
435
419
361
314
272
280
252
195
179
118
68
31
7
20
63
84
107
198
364
540
798
954
1002
862
579
590
646
664
608
511
314
225
188
163
113
88
38
13
25
11
1
15
2
4
30
63
58
38
52
74
93
50
46
41
63
70
79
74
42
45
49
45
14
21
36
35
17
13
26
39
79
101
84
101
93
126
128
90
73
100
78
75
73
77
67
57
41
12
8
4
0
0
0
0
0
1
0
1
0
1
1
0
0
0
3
29
109
146
137
121
228
285
327
400
395
469
516
589
1182
581
638
617
683
697
634
665
628
692
682
623
581
545
556
684
663
548
414
282
255
299
342
418
567
804
1067
1499
1732
2098
2404
2517
2410
2273
2289
2249
2155
2145
2026
1987
1986
2024
2083
2057
1801
1500
1286
1194
1041
824
577
299
281
477
622
588
456
451
480
463
463
401
378
335
338
342
306
247
184
150
152
123
83
85
61
31
6
1
2
9
0
5
41
130
238
344
480
613
612
599
572
611
636
669
649
614
595
659
724
801
839
807
843
821
861
876
816
690
739
886
940
856
869
957
1053
988
974
1045
1091
978
845
705
715
676
549
333
199
217
186
141
76
63
79
20
4
1
0
0
0
1
0
0
0
0
0
0
2
0
1
1
0
0
0
0
0
0
0
0
0
0
0
0
0
0
0
0
0
0
0
0
0
0
0
0
0
0
0
0
0
0
0
0
0
0
0
0
0
0
0
0
0
0
0
0
0
0
0
0
0
0
0
0
0
0
0
0
0
0
0
0
0
1
0
1
12
54
130
257
301
364
510
757
979
1378
1780
2161
2458
2655
2763
2825
2900
2854
2750
2650
2543
2479
2376
2273
2114
1890
1651
1380
1301
1249
1256
1028
710
486
447
530
509
231
134
110
65
150
159
122
291
461
455
244
85
88
166
185
217
305
261
98
5
14
31
37
21
6
13
9
0
4
11
6
3
2
3
7
0
3
1
0
0
3
4
2
0
0
0
0
0
0
0
0
0
0
0
0
0
0
0
0
0
0
0
0
0
0
0
0
0
0
0
0
0
0
0
0
0
0
0
0
0
0
0
0
0
0
0
0
0
0
0
0
0
0
0
0
0
0
0
0
0
0
0
0
0
0
0
0
0
0
0
0
0
0
0
0
0
0
1
1
2
4
20
66
146
216
273
261
220
177
116
55
19
3
6
13
12
1
0
11
2
8
12
4
6
2
1
1
0
0
0
0
0
2
0
0
0
0
0
0
0
0
0
0
0
0
0
0
0
0
0
0
0
1
2
0
2
0
0
0
0
0
4
1
4
3
3
0
1
0
4
14
0
4
11
3
0
1
7
5
4
5
26
33
60
91
152
179
173
100
65
130
118
122
73
36
13
55
111
119
63
8
3
8
8
9
10
15
21
28
17
10
31
64
66
38
6
10
17
29
46
47
35
15
33
17
2
2
4
3
60
69
21
27
73
77
17
30
86
22
17
76
107
49
25
150
76
39
117
137
97
12
67
189
90
19
45
52
29
1
18
40
20
12
6
1
1
7
19
32
32
28
27
11
1
0
3
10
8
4
2
0
2
2
0
3
1
1
0
2
1
2
0
3
1
3
1
2
0
0
0
0
23
22
6
27
84
85
33
0
8
43
47
20
15
14
12
8
17
11
15
4
2
1
0
1
0
0
0
12
47
37
10
16
19
10
5
7
22
43
56
38
15
0
3
20
14
7
3
1
1
1
3
1
1
0
1
0
0
0
2
0
1
0
0
0
0
0
1
0
2
0
1
1
1
0
1
0
0
0
0
0
0
0
0
0
0
0
0
0
0
0
0
0
0
0
0
0
0
0
0
0
0
0
0
0
1
0
0
0
0
0
0
0
0
1
1
1
4
9
8
10
13
16
22
47
133
219
305
353
307
237
161
128
86
32
19
11
7
2
1
0
0
0
0
0
9
31
77
199
327
397
408
332
208
111
59
41
26
17
16
10
4
3
2
0
0
0
0
0
0
0
0
1
0
1
0
6
6
3
0
0
1
1
0
0
0
0
0
0
0
0
0
2
1
3
7
5
5
9
17
18
15
10
5
4
5
10
13
22
29
11
24
21
24
27
34
42
59
88
105
171
219
259
227
157
202
224
250
202
140
71
2
2
23
22
18
0
8
26
29
10
11
0
18
31
18
38
28
21
24
17
24
56
90
80
58
63
69
94
74
64
70
67
51
51
49
52
32
33
8
0
0
4
10
6
0
0
0
0
3
20
37
57
170
408
503
587
872
1078
1080
819
789
680
524
408
554
632
628
520
592
560
556
577
586
591
574
539
468
486
587
784
881
968
1097
1084
884
663
416
152
220
376
492
464
389
371
322
327
249
286
287
282
210
238
239
228
213
216
200
252
369
484
518
451
339
126
35
35
24
52
48
48
100
140
189
444
730
812
886
919
1005
1260
1298
1146
911
635
319
90
371
576
853
1091
1122
1154
1084
890
665
388
268
220
220
287
346
262
88
151
151
84
55
67
83
43
34
94
117
28
41
46
49
26
17
60
116
268
369
197
65
98
229
287
49
62
256
40
10
24
29
25
33
24
56
142
230
225
130
163
196
190
164
150
327
82
69
77
100
117
124
104
71
79
60
63
56
62
231
524
786
821
730
565
401
268
156
147
190
194
197
223
175
155
161
196
278
347
379
377
296
219
119
58
26
7
1
3
2
5
14
16
20
27
30
23
15
14
18
33
53
91
161
259
340
368
351
299
285
215
117
113
90
93
70
43
40
62
75
101
122
95
88
69
72
54
61
55
46
34
30
14
7
6
4
3
3
5
8
16
41
48
44
53
72
146
219
280
270
252
207
156
97
60
20
33
39
55
98
225
374
496
594
718
823
827
747
578
413
278
234
159
218
258
314
384
506
549
446
316
124
83
88
73
67
23
31
39
22
33
18
34
25
10
16
26
41
55
59
63
59
45
36
61
49
24
21
19
26
15
12
26
24
21
21
35
82
131
161
192
217
231
250
198
171
237
333
373
288
180
102
86
153
202
184
114
125
121
94
62
67
53
38
39
35
39
93
160
221
193
125
73
41
43
78
59
41
29
17
4
3
0
0
0
1
1
1
0
0
0
0
0
0
0
0
2
6
8
30
41
32
0
6
22
28
33
29
23
18
6
2
8
8
10
19
12
10
16
19
16
11
14
20
24
10
11
6
5
5
4
1
0
0
0
2
0
5
11
17
24
53
98
140
145
129
102
84
45
8
0
0
0
0
11
26
28
11
9
11
17
3
1
2
4
4
0
7
11
3
5
14
33
38
54
24
5
11
0
4
13
7
2
3
0
0
0
7
24
46
79
95
119
117
82
46
33
16
5
0
3
4
3
0
3
0
1
0
0
0
0
5
2
2
1
0
0
0
0
0
0
0
0
0
0
0
0
0
3
16
71
175
249
251
242
188
131
57
21
6
2
0
0
0
1
2
2
0
0
3
12
16
22
7
7
4
3
0
2
4
7
15
8
8
6
2
3
3
3
1
3
2
2
2
2
3
2
5
3
6
3
3
0
0
0
0
0
3
0
1
0
4
12
26
20
26
18
5
7
4
3
1
0
0
0
0
0
0
1
1
0
0
2
0
1
1
0
1
4
8
15
12
13
9
9
22
38
19
68
105
72
10
20
76
32
91
138
90
18
77
141
84
5
13
29
27
41
80
91
67
25
12
11
16
22
15
9
4
1
0
0
3
11
10
2
45
11
0
0
0
0
0
0
4
0
0
0
0
0
0
0
0
0
0
0
0
0
0
0
0
0
0
2
1
0
0
0
0
0
0
0
0
0
0
0
3
20
25
14
7
3
20
49
20
39
52
24
5
6
9
7
3
5
7
2
0
0
3
29
30
5
2
108
106
38
78
210
253
72
58
66
91
73
27
56
88
75
11
10
15
25
8
18
52
58
1
13
27
42
41
32
32
17
8
7
4
6
4
2
2
0
0
0
15
18
45
72
100
138
145
159
126
112
147
86
36
46
23
35
73
35
21
10
10
15
9
5
0
0
0
0
0
0
0
0
0
0
0
0
0
0
0
0
0
0
0
0
0
0
0
0
0
0
0
0
0
0
0
0
0
0
0
0
1
0
0
0
0
0
0
0
0
1
0
0
0
0
0
0
0
0
0
0
0
0
0
0
0
0
0
0
0
0
0
0
0
0
0
0
0
0
1
0
0
3
0
2
0
0
0
1
5
2
2
0
0
0
0
0
0
0
0
0
13
39
29
0
86
72
31
92
93
37
36
105
109
2
41
187
10
47
73
26
2
0
0
3
4
2
0
6
5
6
4
3
3
0
0
0
0
0
0
0
0
0
0
0
0
0
0
4
2
6
5
6
11
4
4
9
3
0
0
0
0
0
0
0
0
0
0
0
0
0
0
1
0
0
0
0
0
0
2
1
1
0
0
0
0
0
0
0
0
0
0
4
4
3
4
5
5
9
10
11
12
16
14
13
9
9
4
7
7
6
4
0
0
0
0
0
0
0
0
0
0
0
0
0
0
1
0
0
0
0
3
2
3
2
2
0
2
0
0
1
0
0
0
0
0
0
0
0
0
0
0
0
0
0
0
0
0
0
0
0
0
0
0
0
0
0
0
0
0
0
0
0
0
0
0
0
0
0
0
0
0
0
0
0
0
0
0
2
1
0
2
0
0
0
1
2
2
4
1
2
0
0
0
0
0
0
0
0
0
0
0
0
0
1
0
1
4
2
0
0
1
1
0
0
0
0
1
0
0
0
1
0
0
0
0
0
0
5
0
0
0
0
0
0
0
0
0
0
0
0
0
0
0
0
1
0
0
1
2
14
14
1
0
1
0
1
0
0
3
1
0
0
2
0
2
1
0
0
0
3
0
0
0
0
0
1
0
0
0
0
1
1
0
0
0
0
0
0
0
0
0
0
0
0
0
1
0
0
0
0
0
0
0
0
0
0
0
0
0
0
0
0
0
0
1
0
0
0
0
0
0
0
0
0
2
1
0
0
0
0
1
1
0
0
1
0
0
0
0
0
0
0
0
0
0
1
0
0
0
0
2
2
3
0
0
0
0
0
0
0
0
0
0
0
2
0
6
5
4
7
11
8
8
5
1
1
0
0
0
0
0
0
0
0
0
0
0
0
0
0
0
0
0
0
0
0
0
3
7
3
23
85
104
48
27
89
72
93
94
39
35
68
40
37
71
39
14
22
51
18
21
39
40
16
25
118
88
26
32
60
49
6
2
31
29
7
18
23
19
5
0
1
27
51
15
2
4
8
13
3
5
10
26
27
4
2
2
15
21
17
14
3
3
9
5
4
17
27
39
38
43
19
14
12
8
8
3
4
0
0
0
0
1
0
2
3
3
8
14
12
10
31
60
69
106
116
136
137
170
161
146
145
135
120
115
117
103
77
91
89
67
57
53
37
35
23
14
8
9
11
10
3
0
0
0
0
0
0
0
0
0
0
0
0
0
0
0
0
0
0
0
0
0
0
0
0
0
0
0
0
0
0
0
0
0
0
0
0
0
0
0
0
0
0
0
0
0
2
1
0
0
0
0
0
0
0
0
0
0
0
0
0
0
0
0
0
0
0
0
0
0
0
0
0
0
0
0
0
0
0
0
0
0
0
0
0
1
0
0
0
1
0
0
0
0
0
0
0
0
1
1
0
0
0
0
0
0
0
0
0
0
0
1
0
0
0
0
0
0
0
0
0
0
0
0
0
0
0
0
0
0
0
2
0
0
3
5
4
4
86024
86161
0
0
0
0
0
0
0
0
0
0
0
0
0
0
0
0
0
0
0
0
0
0
0
0
0
0
0
0
