622
240
140
95
68
162
222
237
93
112
14333
128
138
153
175
245
379
480
488
474
464
505
468
383
334
269
230
174
130
110
73
81
59
71
66
55
30
14
5
3
0
1
1
1
1
1
3
4
12
22
53
96
185
305
413
502
583
672
654
629
685
593
610
631
624
638
712
709
724
688
677
593
628
581
596
618
618
552
514
532
486
534
609
775
913
914
830
784
672
539
361
368
573
965
1170
1210
1075
956
888
881
1062
1184
1233
1131
1047
1041
1268
1593
1889
2225
2602
2725
2706
2656
2657
2549
2473
2316
2043
1928
1956
1955
1921
1821
1795
1620
1470
1409
1383
1337
1304
1200
993
798
681
641
754
825
901
878
831
842
825
837
892
939
953
979
1133
1209
1177
1116
870
604
375
518
572
572
519
431
332
197
153
129
103
103
105
143
112
71
41
19
27
12
12
23
48
73
117
214
322
483
661
850
1264
1734
2135
2294
2502
2745
2787
2620
2146
1573
1214
800
709
684
736
611
388
167
180
148
97
84
177
157
117
100
111
92
80
83
262
375
451
480
466
488
477
421
202
74
223
288
352
312
342
317
445
553
586
535
747
889
1020
983
915
767
854
890
803
693
616
483
430
354
270
255
227
241
358
299
463
561
618
579
567
673
792
766
836
957
1056
1188
1386
1516
1699
1919
2110
2278
2365
2551
2671
2818
2939
3064
3070
3092
3049
3037
2928
2772
2527
2217
1890
1494
1282
983
858
796
937
1054
1167
1450
1495
1537
1494
1333
1180
939
742
625
587
582
654
711
755
798
888
1168
1445
1552
1313
1154
2225
2568
2659
2054
1249
778
1398
1662
1797
1881
1716
1332
1126
1117
1110
1135
1177
1269
1180
1010
937
820
676
646
605
616
528
403
259
173
111
92
89
117
176
240
300
389
379
352
336
328
285
216
227
267
437
739
894
1174
1476
1756
1936
1799
1799
1619
1197
728
994
1032
863
544
337
401
287
343
598
692
833
715
441
471
429
585
905
1333
1561
1737
1465
854
776
624
468
606
1018
1046
730
445
299
274
281
307
431
484
481
511
610
815
1088
1301
1371
1236
927
452
299
473
530
528
603
728
824
1067
1416
1645
1827
1756
1556
1114
1103
1351
1741
1940
1706
1215
880
920
913
996
927
710
616
604
500
409
338
322
422
530
663
790
986
1287
1431
1404
1184
950
669
560
476
480
489
410
372
255
143
127
149
169
170
124
78
30
48
150
198
336
586
776
916
1066
1045
1092
1076
1037
1044
949
832
650
495
421
396
377
368
497
632
811
1005
1248
1411
1535
1697
1697
1701
1811
3173
1794
1774
1817
1816
1839
1858
1892
1872
1887
1763
1726
1726
1719
1693
1689
1553
1465
1313
1249
1182
1117
1011
893
754
650
602
632
712
791
686
577
674
918
1051
1122
1053
840
613
368
509
782
969
1182
1414
1598
1678
1782
1733
1586
1174
749
668
693
837
963
1087
1134
1113
982
908
1106
1294
1511
1593
1504
1418
1340
1287
1163
1165
1133
1117
1062
1102
1185
1317
1359
1434
1446
1418
1331
1205
1037
941
873
781
715
609
546
365
219
131
91
60
58
79
124
156
179
151
123
101
87
110
95
81
117
102
152
190
207
245
272
221
137
48
31
40
48
56
58
109
153
202
204
220
189
144
84
78
66
19
6
10
11
3
12
23
28
28
37
64
84
66
54
39
48
1
0
0
0
0
0
0
2
5
9
6
13
16
21
16
16
13
7
0
1
3
14
21
28
12
11
7
4
3
3
5
7
16
27
32
44
39
49
34
30
49
67
147
215
283
285
336
366
369
401
409
408
402
376
364
350
309
291
269
293
322
337
349
438
464
532
536
566
551
594
652
662
732
777
868
867
893
841
751
656
577
442
322
260
222
220
215
235
258
332
397
530
663
811
942
1099
1274
1383
1510
1623
1741
1780
1878
1877
1866
1922
1948
1886
1828
1800
1725
1630
1537
1417
1246
1131
979
842
749
615
463
390
369
306
293
256
209
206
173
182
198
216
275
288
331
358
419
478
541
636
704
709
649
516
396
319
317
375
407
365
307
249
163
148
141
202
295
254
216
126
94
144
221
315
354
392
360
411
459
538
655
798
1007
1237
1470
1654
1858
2035
1985
1950
1910
1783
1805
1699
1558
1352
1273
1416
1648
1760
1662
1579
1456
1389
1335
1419
1490
1708
1956
2193
2471
2737
3005
3104
3110
2838
2767
2667
2363
2093
1613
1209
983
890
888
809
703
749
856
738
639
539
591
674
803
990
1205
1566
2012
2606
2946
3232
3299
3188
2878
2411
1847
1401
1434
1365
1224
922
547
380
313
606
636
406
679
937
1062
884
439
398
614
715
780
785
774
826
650
775
1314
1730
2018
2053
1299
732
326
291
311
277
247
202
161
63
70
130
155
267
330
461
653
898
1125
1237
1310
1352
1270
1173
1009
1012
943
821
710
617
527
476
465
427
334
243
342
385
378
366
399
436
476
488
490
503
455
439
335
267
327
392
483
490
483
487
488
467
428
330
236
132
65
17
34
38
25
22
26
38
52
102
140
146
199
250
280
331
316
270
303
285
226
217
165
134
347
141
161
150
138
104
60
62
54
67
61
63
37
22
18
21
30
22
18
16
14
3
3
1
10
21
0
11
4
0
0
0
2
9
12
26
1
6
19
29
17
2
0
1
0
4
15
19
20
23
22
10
0
0
0
0
7
13
14
67
248
388
472
617
844
955
1021
926
929
1159
1267
1473
1817
2032
2184
2327
2403
2263
2128
1917
1546
1189
980
739
594
445
411
466
567
619
674
728
762
768
760
734
664
538
387
227
148
190
392
500
605
634
634
640
602
609
589
516
551
602
615
616
657
618
578
550
526
499
437
450
379
424
463
462
399
320
229
311
348
425
451
615
806
944
913
788
614
432
342
317
423
486
555
681
826
883
939
968
856
1025
1206
1368
1436
1505
1311
1035
901
859
953
928
922
910
813
854
788
819
780
765
676
771
829
872
925
845
788
722
656
540
442
447
348
328
365
389
459
531
582
673
816
1126
1434
1628
1526
1363
1151
727
598
674
704
651
627
740
799
833
879
686
844
1686
2539
3038
3110
3082
2797
2186
1522
953
1506
2012
2450
2587
2380
2265
2076
1921
1897
1882
1873
1950
2044
2288
2468
2602
2379
2027
1754
1642
1387
1232
1068
870
712
514
437
423
431
389
274
164
91
58
71
93
172
291
334
272
204
135
97
69
83
141
194
271
363
387
402
487
494
544
537
501
472
403
349
324
304
283
244
155
112
111
82
59
87
87
99
115
192
213
251
268
302
295
259
238
192
171
153
118
617
115
83
73
66
39
29
9
3
10
14
23
24
24
27
20
19
32
36
44
52
86
84
95
98
83
58
58
30
9
3
0
0
2
5
12
16
30
35
38
53
82
97
106
141
151
177
180
186
166
162
142
129
116
114
109
82
60
47
30
9
0
1
0
1
0
0
0
0
0
0
3
28
43
58
78
100
111
137
142
103
150
259
314
288
207
205
217
219
98
10
7
46
63
76
57
47
26
16
7
2
2
1
8
3
0
0
4
8
15
14
19
47
65
97
118
154
162
184
224
239
246
252
288
336
320
335
372
392
384
441
405
458
418
466
427
378
312
281
214
190
194
153
139
125
156
151
207
228
248
308
356
363
407
418
431
439
460
394
354
296
230
174
106
68
53
58
55
36
38
40
55
72
88
105
104
98
117
106
135
121
122
161
164
165
157
193
287
437
609
824
1101
1274
1381
1398
1308
1605
670
488
374
381
425
421
351
260
135
146
291
431
406
496
860
1319
1647
1826
1832
1942
1709
1322
1095
944
780
680
653
594
537
489
452
433
431
439
508
561
589
608
620
573
562
521
457
424
353
302
245
177
134
94
26
43
39
22
43
80
109
136
140
160
143
139
136
117
83
65
41
44
41
37
37
43
37
57
57
109
163
253
394
546
713
836
952
973
1018
1052
1111
1162
1131
1110
1024
892
785
713
704
651
660
609
526
446
406
409
370
338
355
444
482
563
608
650
709
735
781
670
668
682
656
614
553
450
360
303
273
235
196
178
138
102
80
60
91
188
267
311
421
524
559
552
539
501
522
508
530
529
516
479
495
462
440
450
392
381
334
355
284
285
253
230
232
232
245
242
256
288
320
338
362
342
342
335
290
278
202
180
130
143
139
133
120
81
56
43
43
27
14
31
50
82
111
132
208
263
302
370
381
421
421
462
508
536
572
567
593
617
663
702
791
877
957
1037
1109
1157
1179
1134
1047
949
877
847
782
736
702
643
561
446
392
263
206
171
117
59
27
9
6
8
2
1
1
1
1
6
13
23
32
39
34
49
44
62
70
53
62
80
118
177
224
265
265
310
364
534
764
899
1043
1165
1078
927
797
806
1059
1282
1554
1796
2090
2203
2086
1798
1717
1772
1888
2195
1913
1444
1533
1646
1631
1558
1449
1375
1246
1060
923
801
687
546
431
370
392
362
272
277
328
366
413
507
670
830
934
982
937
895
783
745
697
738
926
1121
1411
1695
2030
2373
2690
3168
3520
3660
3557
3149
2491
1664
552
407
699
578
428
771
1151
1162
877
905
1468
2452
3469
3865
4008
4071
3996
3551
3155
2333
1973
1808
1233
456
566
963
1289
1711
2119
2481
2834
2894
2657
2164
1572
1060
683
855
1114
1365
1532
1532
1477
1358
1035
671
495
308
180
235
346
456
542
591
645
639
584
548
451
318
196
260
317
372
408
408
413
369
360
264
216
154
148
141
155
196
194
203
206
202
223
231
240
253
247
247
217
184
185
168
155
135
103
60
13
4
0
1
9
11
9
9
25
15
25
39
58
72
94
84
83
106
113
146
188
246
330
364
426
376
439
408
395
358
353
333
309
276
260
255
205
232
173
173
145
107
92
84
72
76
68
61
49
56
40
61
72
84
76
81
70
75
55
78
93
81
91
101
92
115
111
106
98
81
78
95
91
100
108
101
111
202
92
85
67
59
25
2
0
0
15
3
1
6
20
108
285
439
643
880
1104
1357
1508
1664
1864
2035
2186
2247
2279
2281
2368
2365
2287
2245
2167
2046
1919
1773
1542
1290
1054
817
621
485
453
455
398
367
382
371
342
252
243
161
57
48
60
128
150
185
222
229
238
273
340
416
477
517
633
678
694
754
737
720
660
571
476
433
343
213
181
123
85
67
85
113
144
166
217
236
247
240
284
273
244
238
240
286
331
425
491
588
555
531
488
431
363
382
383
390
363
394
408
408
380
348
276
178
120
39
8
3
0
0
3
10
17
25
40
43
52
53
40
40
34
37
28
29
31
22
12
10
6
2
2
0
0
0
0
0
0
1
0
0
0
0
0
0
0
0
0
0
0
0
1
0
0
0
0
0
0
0
0
0
0
0
0
0
0
0
0
0
1
4
24
12
16
13
5
0
0
0
0
0
0
1
0
0
0
0
0
0
0
0
0
0
0
0
0
0
0
0
0
0
0
0
0
3
0
0
0
0
0
0
0
0
0
1
0
0
0
0
3
10
12
5
1
2
2
0
3
4
3
13
3
3
1
0
0
0
0
0
1
26
62
103
158
318
456
617
766
911
1060
1173
1376
1517
1577
1524
1308
1070
796
445
134
478
649
641
587
482
290
117
132
190
145
64
4
13
83
134
156
122
22
3
25
25
30
23
13
26
44
52
85
89
97
124
210
258
267
212
100
149
300
400
434
447
415
441
561
760
1004
1065
996
846
577
432
571
722
1074
1359
1474
1317
1072
724
944
820
613
495
498
483
524
664
787
826
723
590
515
627
669
697
590
555
402
302
365
427
360
252
248
727
982
1202
1275
1323
1307
1130
758
426
282
294
371
388
316
284
187
110
71
33
44
156
317
429
521
559
561
549
489
441
437
457
443
470
469
534
504
441
432
282
165
118
78
89
101
72
34
50
49
57
30
51
54
76
82
115
167
139
143
150
150
150
175
166
133
178
304
429
596
707
687
512
362
706
982
1118
1047
874
651
413
191
148
279
414
514
570
389
173
348
433
369
88
388
549
614
503
320
140
51
77
153
270
343
339
346
370
422
435
466
483
471
443
309
463
779
999
1134
1195
1277
1331
1299
1327
1264
1152
1046
977
889
956
1038
1437
1743
1799
1923
2019
1939
1797
1751
1816
1829
1970
2132
2258
2357
2422
2523
3855
2476
2618
2691
2696
2652
2521
2132
1681
1191
556
764
1026
1175
1219
1218
1097
827
629
494
529
436
429
485
458
409
247
249
299
356
362
273
178
110
166
241
254
279
236
130
105
112
174
236
300
488
969
1221
1460
1516
1378
1131
876
701
690
640
595
682
765
877
952
1253
1383
1243
946
401
391
501
539
478
428
337
147
49
115
276
313
353
425
450
491
817
1289
1696
1861
1970
1881
1755
1767
1742
1767
1886
2008
2045
2103
2043
2046
1920
1788
1738
1650
1707
1678
1583
1480
1584
2774
2818
1724
1575
1109
739
635
646
637
473
396
334
288
295
345
395
359
265
202
160
117
66
19
11
7
98
199
287
338
316
184
118
465
605
665
495
339
362
355
317
344
252
400
427
503
419
419
262
36
44
67
106
121
132
253
319
392
328
269
221
130
56
41
115
252
343
379
422
436
467
583
637
584
517
438
451
490
528
487
488
458
363
262
210
194
191
204
221
256
248
190
48
44
111
123
87
39
127
208
241
260
303
331
311
292
268
270
290
291
279
255
234
196
177
157
118
74
65
99
164
222
239
246
248
290
322
412
630
1102
1660
2299
2750
3194
3285
3000
2448
2067
1286
855
1435
1593
1219
540
978
1335
1443
1168
640
421
1084
1419
1447
1253
734
275
601
784
710
615
686
1136
1611
1638
1538
1307
922
662
814
822
735
709
780
710
605
380
197
147
255
265
205
92
137
220
237
273
331
441
546
654
630
538
495
505
470
627
1310
1908
1909
2086
1676
1295
910
606
352
620
943
1128
1216
1022
704
400
213
435
384
268
159
282
431
520
395
676
958
936
676
455
400
522
849
1108
1202
1202
1163
984
874
651
449
441
407
361
293
260
262
325
329
270
241
245
198
220
193
75
24
5
1
16
34
45
70
74
63
51
25
15
4
2
5
15
24
32
47
111
173
257
270
279
283
354
435
538
608
734
838
959
1132
1172
1213
994
1069
1098
1128
1241
1323
1394
1351
1009
890
1211
1363
1247
1204
1092
854
621
417
247
167
244
210
327
565
675
522
431
690
648
602
522
327
193
473
545
561
553
421
268
218
361
365
340
306
145
416
532
574
620
576
508
485
625
581
661
535
398
184
118
174
337
575
605
520
459
370
336
471
453
385
259
179
171
173
161
164
119
61
11
3
2
2
2
2
3
16
33
58
46
51
46
12
15
27
46
32
18
12
9
20
66
58
53
20
9
6
0
2
59
37
54
85
128
172
169
108
163
187
192
177
183
191
178
169
190
220
285
355
414
489
560
563
476
379
273
166
151
136
94
95
116
113
103
95
73
15
9
11
6
12
24
50
95
120
79
64
187
370
425
400
268
179
167
179
157
134
66
47
56
167
247
294
290
230
93
39
13
20
67
166
255
302
306
295
175
71
124
280
305
325
318
263
53
83
99
62
85
161
136
136
60
47
56
88
90
74
66
76
103
229
373
373
264
217
286
464
357
262
183
271
389
466
387
225
220
357
444
461
553
557
588
663
732
692
826
953
941
1240
1441
1613
1767
1905
2132
2281
2244
2233
2313
2168
2126
2093
2062
2082
2060
2098
2046
2063
2067
1987
1988
1963
1852
1735
1548
1507
1364
1175
936
742
627
648
674
785
925
835
622
444
473
390
228
122
217
280
286
265
223
188
114
88
144
257
374
407
480
547
647
813
895
922
869
913
997
1116
1263
1302
1205
1117
948
861
817
765
673
515
422
481
491
376
142
78
227
332
323
311
310
275
256
219
207
256
316
337
336
346
415
505
639
741
859
854
849
790
808
793
790
723
624
555
525
475
470
445
550
654
659
612
524
446
390
338
240
136
67
177
302
422
562
722
806
896
886
1052
1450
1850
1882
1740
1368
1091
1100
1025
841
937
1290
1443
1367
925
1019
1117
1056
1537
1878
1799
1392
827
1056
1741
2058
2039
1785
1244
894
621
920
1106
1258
1109
950
904
1007
1204
1195
1578
1996
2423
2680
2844
3045
3212
3302
3404
3469
3374
3388
3249
3222
3122
3032
3051
2891
2801
2626
2462
2282
2169
2059
1900
1778
1486
1200
978
741
595
472
372
260
146
119
134
167
197
213
251
227
178
182
189
184
158
163
113
58
31
35
44
58
78
66
62
31
28
35
51
54
46
48
57
56
62
39
26
43
42
40
30
34
28
29
27
28
39
45
57
54
44
38
35
39
49
72
96
111
121
134
148
133
123
113
72
52
26
34
51
54
74
80
65
52
49
33
48
42
36
20
18
33
60
77
120
124
169
174
205
228
274
269
308
311
311
321
284
314
376
466
492
534
593
690
757
830
948
1028
1205
1295
1397
1474
1493
1642
1864
2020
2232
2533
2687
2900
2889
2986
3085
3258
3337
3427
3559
3591
3541
3421
3239
2899
2538
2592
2474
2184
1873
1805
1967
2155
2234
2252
2450
2950
3121
3013
2655
2309
2086
1860
1745
1608
1738
2246
2689
2473
2283
1768
1980
2065
1962
1583
994
1352
1931
2329
2225
2530
827
344
324
321
380
512
497
333
179
54
192
248
285
249
195
85
30
120
302
559
742
829
843
1049
1457
1641
1752
1659
1658
1500
1512
1408
1410
1370
1352
1338
1267
1154
1060
926
738
726
671
691
915
1167
1289
1500
1476
1794
1950
1821
1771
1250
762
458
298
238
230
187
219
207
180
183
337
444
520
669
837
1053
1205
1348
1372
1327
1544
1645
1543
1403
1135
644
737
1119
1329
1400
1411
1422
1368
1292
1210
1051
959
856
870
994
957
873
648
588
657
789
761
682
680
637
596
768
1301
2001
2602
3112
3543
4184
4551
4353
3735
2965
2156
1548
2017
2278
2698
3075
3280
3388
3628
3793
3473
3064
2669
2207
1877
1790
1651
1625
2185
3070
3591
3695
3499
2833
1800
1061
1250
1332
1279
1225
1006
645
773
904
1400
2086
2537
2761
2791
2544
2130
1787
1303
930
699
1227
1503
1643
1447
1292
1450
2173
2789
2996
2772
2049
1959
2113
2621
3085
3158
2716
1798
1375
1321
958
1116
992
792
630
650
958
1842
2791
3591
4023
4145
3864
3317
2864
2513
2318
2383
1660
1664
1842
2856
3381
3452
2219
1233
1235
1706
1560
1105
790
682
727
727
619
591
583
733
832
908
943
935
917
899
892
877
788
684
531
416
350
329
267
140
81
204
358
578
810
1063
1326
1584
1911
2022
2015
1761
1410
1096
900
813
815
888
1015
1180
1344
1503
1664
1574
1582
1308
1176
1121
1121
1039
870
936
1069
1128
1103
1077
955
853
781
723
690
726
727
670
582
478
415
350
299
263
178
162
136
130
100
86
87
63
21
7
6
36
74
135
160
343
659
910
1144
1345
1413
1396
1414
1411
1319
1321
1316
1297
1226
1187
1093
913
707
424
215
330
384
393
393
324
248
198
184
219
210
273
291
302
312
336
366
350
353
343
330
338
382
410
392
352
322
297
303
281
233
171
125
93
72
138
175
186
183
184
156
69
21
19
2
1
1
15
20
17
17
22
25
18
4
1
3
1
1
1
36
74
131
178
200
208
190
137
92
40
21
66
165
200
239
249
228
198
159
88
21
0
21
70
95
147
164
190
219
229
284
248
31
42
120
182
233
246
257
245
234
132
66
29
8
6
7
8
10
5
6
6
3
4
10
23
36
50
26
6
4
0
3
6
6
19
31
60
57
41
13
3
28
67
121
164
170
141
121
122
136
133
151
183
195
185
150
79
49
28
18
12
29
75
60
29
12
9
10
15
21
38
40
47
49
40
16
2
3
34
38
25
21
34
16
0
0
0
12
11
35
20
15
15
8
10
12
56
52
2
4
3
15
16
19
32
23
30
60
80
74
68
52
37
68
93
84
122
100
52
60
85
68
69
62
81
89
100
82
67
92
137
158
215
295
347
371
401
399
367
334
293
242
208
154
127
87
42
26
47
94
137
172
204
220
203
208
222
250
282
241
196
148
139
157
165
196
211
233
235
237
248
190
92
47
42
33
97
183
262
401
620
693
699
577
378
258
101
84
107
92
169
270
277
218
143
98
76
78
87
102
144
193
228
233
239
180
133
83
120
148
158
163
163
111
83
69
107
148
194
180
154
94
61
26
7
0
0
3
23
49
66
88
98
104
125
127
116
92
71
64
51
62
49
98
139
88
110
66
50
54
45
42
18
8
5
20
59
101
84
79
78
73
123
407
765
700
335
194
155
139
101
98
83
119
136
134
151
218
269
304
344
354
456
616
816
900
1000
1117
1272
1251
1257
1260
1221
1280
1336
1370
1455
1486
1521
1618
1615
1633
1682
1695
1698
1638
1597
1608
1477
1420
1269
1191
1103
1035
996
872
791
623
456
294
216
158
177
282
356
545
824
1145
1512
1750
2049
2326
2466
2674
2764
2888
2948
2955
2920
2830
2785
2645
2449
2269
2073
2000
1792
1579
1431
1252
1058
1027
873
756
595
491
551
729
902
1096
1398
1751
2057
2193
2205
2224
2203
2212
2312
2372
2390
2369
2187
2074
1941
1803
1627
1439
1204
997
765
566
382
326
268
277
266
255
238
227
247
234
257
147
95
58
72
84
222
207
72
96
96
27
19
24
36
54
60
43
24
16
6
26
55
127
188
235
200
154
62
45
54
39
55
94
129
90
88
74
45
46
32
41
38
57
60
50
26
35
28
31
19
11
20
39
14
17
16
22
34
45
69
42
20
6
4
0
11
8
13
19
12
8
10
19
16
0
3
0
5
9
18
21
16
12
11
10
0
0
0
11
11
17
8
7
10
10
11
8
7
9
9
1
5
14
4
3
4
1
2
0
0
0
0
0
0
0
0
0
0
0
0
0
0
0
13
60
73
62
47
30
42
46
39
4
24
91
189
358
396
277
124
3
32
107
121
104
42
41
39
22
29
59
129
166
198
259
327
348
321
305
353
315
262
243
161
152
158
207
350
521
739
1000
1215
1470
1635
1901
2135
2225
2229
2289
2304
2313
2330
2377
2433
2478
2537
2564
2523
2505
2554
2483
2381
2232
1924
1696
1409
1934
790
742
713
643
575
481
406
385
371
313
276
260
198
157
248
283
332
376
390
485
518
506
485
352
263
250
280
321
328
329
340
297
274
263
197
137
147
161
187
156
158
144
128
91
74
60
54
51
49
49
58
44
20
10
15
13
21
51
98
116
112
106
69
49
42
29
15
7
0
0
3
10
6
2
2
6
6
7
4
2
4
14
27
59
49
38
38
26
29
23
11
2
4
2
6
3
2
12
8
8
23
36
40
65
36
38
62
90
83
74
72
70
75
69
55
49
47
42
25
11
5
2
3
1
5
18
5
9
18
15
10
4
2
12
33
63
68
60
20
12
28
92
129
191
298
370
454
504
538
616
590
572
513
451
433
375
289
263
189
142
75
71
58
39
36
41
25
59
178
221
260
171
226
485
835
1302
1696
1942
1974
1922
1803
1431
991
713
617
588
614
584
461
257
77
282
426
511
549
547
551
554
540
489
403
324
336
306
263
215
468
662
906
976
971
798
537
156
233
300
369
454
521
531
473
376
397
695
994
1161
1283
1290
1212
1143
1146
1141
1174
1181
1312
1666
2067
2380
2472
2319
2219
2255
2383
2473
2585
2607
2733
2765
2597
2419
2474
2453
2308
2265
2118
1950
1755
1642
1591
1554
1378
1161
883
856
989
1057
976
768
664
543
400
450
560
564
481
388
412
539
571
504
303
518
829
1103
1332
1450
1403
1179
983
879
756
699
540
401
292
280
262
215
211
391
622
781
752
646
539
411
565
909
1006
890
780
551
341
297
299
329
311
285
267
241
192
154
105
89
70
46
55
133
252
326
384
435
534
589
659
670
677
621
509
469
384
277
347
496
507
641
708
776
826
728
622
464
315
197
125
42
36
53
39
21
12
60
125
156
163
102
34
51
112
192
228
229
197
108
27
135
220
166
90
60
22
20
71
148
313
517
648
680
639
668
845
967
932
885
760
624
550
520
509
461
424
377
288
229
174
149
164
171
199
223
237
225
241
205
146
72
23
56
187
301
348
413
434
427
429
404
356
339
324
296
230
243
254
305
376
460
489
520
533
510
484
460
435
396
356
324
266
204
144
166
179
201
216
213
151
149
177
232
256
281
317
330
349
328
286
219
165
128
186
262
376
459
503
517
575
589
590
555
501
426
339
278
238
207
220
222
190
142
103
55
39
77
166
196
210
212
218
219
217
312
363
487
584
700
780
708
494
413
872
1091
1062
1085
1306
1447
1532
1499
1412
1261
1270
1150
1005
788
572
438
359
275
193
177
111
111
130
96
32
33
47
30
56
101
122
115
99
122
135
164
156
141
136
148
186
198
215
247
309
342
398
418
531
633
707
832
955
1136
1284
1361
1505
1750
1980
2204
2410
2641
2872
3046
3065
3056
3115
3129
3155
3066
2867
2948
3212
3452
3500
3593
3548
3294
2999
2796
2612
2185
2071
2433
2817
2792
2711
2690
2651
2377
2052
1685
1329
961
802
943
1198
1364
1589
1714
1854
2003
2443
2755
2736
2737
2828
2715
2633
2531
2410
2272
2124
2003
1911
1924
1848
1685
1410
993
810
761
969
1275
1394
1359
1153
926
667
449
365
389
458
469
423
326
424
543
555
491
421
479
499
557
580
574
603
592
526
806
1246
1772
2182
2189
2186
2127
1969
1594
1075
454
1147
1631
1994
1965
1898
1473
1110
1085
1770
2293
2353
2445
2503
2284
1841
1478
1574
2316
2500
2931
2750
2654
2469
1877
1198
621
654
603
584
612
604
626
561
525
550
774
1080
1338
1429
1532
1542
1579
1530
1700
4237
1975
1954
1886
1855
1770
1576
1526
1507
1571
1763
2274
2587
2480
1994
1741
1235
849
821
1043
1321
1454
1522
1463
1184
514
344
280
244
159
101
129
199
290
367
414
395
334
323
290
286
279
299
338
472
677
775
804
856
1151
1304
1340
1159
923
680
591
581
452
465
593
709
821
748
601
504
463
360
306
292
265
205
189
190
218
280
263
186
143
163
178
174
155
198
203
175
199
267
408
540
817
877
938
1297
1641
1883
1840
1837
1917
2028
2296
2518
2575
2689
2953
3142
3189
3219
3546
3606
3502
3596
3430
3290
3380
3555
3403
3240
3564
3811
4016
4038
3735
3305
2811
2362
2217
2133
1945
1503
1197
969
828
749
722
693
606
480
434
272
568
932
1012
1011
1144
1172
923
791
650
429
415
285
170
152
100
101
130
157
194
230
248
177
120
59
17
7
4
27
72
110
142
127
147
134
138
147
135
93
49
42
30
76
126
163
200
261
218
199
169
154
150
158
185
231
283
333
425
548
650
773
786
834
739
719
623
725
814
768
613
445
410
382
427
471
432
446
512
508
542
495
498
540
565
625
593
508
487
547
488
528
466
478
405
432
593
567
515
588
870
1032
1268
1386
1128
943
802
1066
1128
1291
1391
1286
1321
1557
1733
1689
1421
1163
1030
728
540
818
1059
978
950
1043
1450
1649
1525
994
670
718
1053
810
506
1223
1648
1678
1574
1165
867
1025
1090
1627
2104
2249
2094
2225
2640
2795
4439
2384
2413
2524
2444
2344
2456
2796
3124
3325
3251
3196
3264
3125
2779
2315
1665
1571
2037
2461
3041
3216
3115
3068
3013
2989
2928
2635
2387
2049
1749
1539
1203
1293
1349
1287
1050
862
685
510
329
205
186
196
225
290
413
503
450
343
222
342
604
861
1265
1689
1964
2231
2319
2319
2439
2015
1507
899
761
580
843
1265
1126
782
397
192
478
825
1078
1116
838
441
277
450
356
282
356
341
284
164
136
168
180
168
227
291
358
400
398
364
298
261
242
250
302
337
370
379
442
489
581
623
741
907
1107
1302
1492
1639
1833
1947
2063
2078
2116
2125
2105
1957
1919
1878
1811
1851
1847
1854
1823
1773
1742
1753
1813
1822
1951
2116
2081
1989
1918
1927
1888
1606
1435
1356
1370
1200
1107
947
889
870
600
207
216
194
139
185
86
54
73
122
132
123
152
228
290
452
646
694
689
687
795
791
718
547
470
512
569
625
684
775
787
828
981
1130
1220
1315
1380
1330
1249
1262
1666
2206
2522
2746
2595
2226
1838
1385
1182
1134
1251
1481
1791
1955
2178
2447
2807
2948
2849
2491
1870
1642
2023
2121
2049
1962
1869
1761
1586
1623
1646
1429
1278
988
639
387
409
646
781
791
733
725
749
665
506
377
498
786
970
1141
1226
1336
1224
1186
1111
985
1010
1136
1160
1150
1080
1126
1187
1377
1294
905
1698
2289
2424
2478
2139
1875
1499
884
400
935
1153
1280
1240
967
446
207
538
664
530
242
80
239
375
462
484
487
629
786
853
764
757
836
1060
1316
1390
1421
1361
1390
1283
1003
733
635
630
602
606
579
535
525
542
595
650
675
612
572
495
409
358
440
782
1111
1169
1016
789
630
425
504
442
351
404
462
558
623
800
1046
1122
1152
1248
1266
1211
1183
1288
1395
1436
1151
838
548
662
772
902
1009
939
684
460
652
912
1001
1022
1023
905
661
549
821
1123
1306
1407
1449
1501
1509
1414
1237
1042
922
751
602
556
519
379
387
372
363
340
289
253
246
237
205
202
177
195
200
208
189
184
181
177
157
163
148
149
134
121
118
124
167
205
223
207
214
251
244
190
180
139
145
168
182
172
124
114
88
42
18
37
60
81
87
99
96
110
85
56
34
25
14
24
28
24
24
15
13
12
6
1
1
0
1
3
1
1
2
6
10
19
23
26
31
32
27
22
23
20
27
35
32
28
18
11
13
12
9
13
18
14
19
28
41
39
30
26
12
3
0
0
1
6
10
14
17
12
11
2
0
0
0
0
0
1
1
0
0
0
0
7
13
33
19
34
32
35
31
20
33
59
49
44
26
12
14
30
49
89
130
155
190
152
130
105
71
50
79
121
218
364
467
477
485
461
419
363
296
214
158
151
134
120
87
60
51
57
75
48
38
18
38
63
94
120
122
144
107
50
13
2
3
4
21
18
11
1
7
2
13
13
13
6
3
0
0
0
0
0
0
0
0
2
0
1
0
0
2
9
17
26
20
29
36
46
53
46
46
46
84
185
369
524
716
868
1018
989
997
883
635
334
263
231
68
101
166
205
284
246
223
178
165
179
267
298
266
261
236
254
436
678
734
639
593
569
577
515
457
390
308
262
199
163
117
198
176
126
92
76
111
144
154
93
69
127
234
181
145
117
37
34
24
70
112
132
175
209
185
109
51
117
194
173
143
124
46
35
59
138
219
202
164
90
101
191
260
280
262
264
197
113
119
239
398
441
356
125
122
231
263
273
275
164
135
239
281
333
357
333
271
278
335
259
152
50
19
61
131
191
235
178
169
159
129
172
234
268
265
239
147
126
102
90
80
127
122
160
167
169
147
156
131
148
215
310
489
706
725
877
1067
1268
1519
1709
1883
2080
2232
2360
2488
2577
2704
2781
2896
2995
3030
3041
3003
2971
2959
2867
2892
2883
2929
2928
2917
2735
2653
2655
2632
2681
2754
2371
1922
1296
826
796
930
912
726
635
495
393
319
162
85
83
110
98
69
45
46
133
101
61
30
23
45
81
60
38
35
98
125
113
85
83
41
43
52
22
6
21
28
45
24
26
22
8
3
0
5
3
4
16
36
29
30
51
61
75
42
16
11
30
78
121
132
127
71
14
42
53
17
7
77
130
158
168
138
153
168
179
196
283
362
397
298
239
211
239
252
186
175
183
116
99
86
77
44
10
24
41
67
38
60
137
112
20
98
99
82
46
22
2
18
43
81
78
77
65
63
73
82
95
93
136
195
105
116
97
107
366
428
301
147
300
220
320
290
164
89
98
97
35
20
34
34
25
9
18
14
24
45
46
22
17
20
15
0
5
8
2
5
17
32
41
49
54
60
56
76
66
89
113
109
76
79
132
109
74
90
87
45
32
34
19
31
25
16
11
5
0
1
3
26
48
40
48
37
15
11
18
40
33
16
3
1
1
6
3
2
2
14
54
76
105
101
91
80
60
12
55
84
80
0
8
9
8
8
10
7
11
5
9
15
18
39
23
55
19
0
0
0
0
4
5
5
6
7
4
1
0
0
0
0
0
0
0
0
0
0
0
0
0
0
0
0
0
4
11
22
29
27
17
9
3
3
11
11
12
9
10
18
16
27
40
68
68
56
58
69
76
73
56
49
38
118
196
274
295
275
246
193
120
104
67
65
58
54
45
46
38
32
32
20
26
25
16
108
310
243
158
326
262
150
136
157
146
116
82
55
63
72
68
87
112
100
82
38
16
33
32
18
34
64
81
100
150
150
92
59
62
87
131
92
53
103
173
159
134
142
169
177
164
68
46
38
35
56
61
114
81
55
70
68
89
132
208
238
380
675
992
1319
1503
1535
1721
1931
2087
2243
2346
2458
2473
2511
2461
2524
2453
2359
2249
2125
2023
1916
1808
1699
1605
1537
1462
1535
1499
1363
1246
1300
1199
1090
984
926
898
836
772
576
484
394
354
291
244
183
114
60
16
32
57
99
142
184
201
241
278
283
316
325
389
466
509
615
645
706
861
1032
1187
1263
1285
1360
1496
1599
1661
1732
1814
1894
1929
1924
1962
1915
1943
1979
1971
2015
2071
2065
1997
1993
2057
2070
1956
1819
1613
1343
1102
964
874
772
617
460
267
142
126
97
66
41
39
54
55
58
77
101
120
105
77
84
66
70
82
73
32
27
83
206
396
645
792
784
638
419
368
328
287
306
184
141
94
42
38
71
96
74
20
10
28
18
15
1
2
16
34
23
3
0
27
33
33
8
1
7
21
16
4
11
47
102
194
306
406
450
400
306
202
130
36
21
34
57
45
11
7
12
12
8
8
12
5
12
18
13
14
4
0
1
4
22
62
111
188
282
380
492
656
805
910
1060
1258
1492
1860
2594
3275
3356
2977
2565
2318
2227
2390
2434
2320
2097
1971
1929
2049
2075
2059
2152
1955
1850
2147
2597
2434
1913
1076
1051
1724
1982
1886
1151
479
793
720
841
1145
1360
1360
1019
692
387
243
281
245
203
258
223
96
129
180
206
165
88
43
62
93
92
104
136
151
159
132
112
80
49
58
66
49
40
31
53
68
79
88
85
83
77
81
77
53
106
228
384
645
877
1153
1172
1163
1030
810
567
664
993
1184
1100
975
649
841
993
1074
1035
946
822
755
634
569
542
558
588
582
635
818
951
1017
880
459
883
1405
1470
940
474
595
242
548
1118
1208
810
183
359
252
194
360
377
265
139
315
235
205
145
118
141
128
106
80
59
48
24
13
119
129
94
77
77
64
104
132
150
149
199
208
219
252
246
278
301
380
500
600
702
771
809
802
839
902
901
826
663
607
1001
1006
959
1035
1185
1131
1391
1430
1258
796
544
567
488
710
854
444
368
573
369
215
728
906
796
542
726
556
333
299
441
304
160
69
83
114
147
123
78
96
107
130
115
138
155
152
165
292
487
670
837
926
798
597
465
609
685
544
338
250
254
247
287
568
849
1129
1270
1092
873
509
461
513
535
605
574
594
437
261
150
124
193
258
250
104
120
99
89
380
529
507
470
599
711
848
1179
1199
896
556
492
651
692
609
538
547
470
415
187
192
562
1079
1464
1634
1394
732
438
481
557
432
472
620
653
557
367
73
221
273
391
426
516
415
252
264
207
55
0
23
100
142
139
106
103
81
78
70
47
33
36
69
104
194
361
404
361
386
475
559
566
671
597
552
592
842
921
744
586
413
259
146
73
59
88
118
141
187
246
293
346
358
404
482
463
487
563
536
499
435
355
280
247
193
180
172
192
172
239
327
320
373
316
257
241
197
173
138
92
44
17
20
31
22
24
19
12
25
38
37
17
16
19
15
9
4
1
1
0
0
0
1
6
11
13
3
3
6
2
6
1
3
3
2
9
45
193
281
267
289
194
81
43
62
50
32
29
19
4
1
19
47
43
32
16
15
7
4
10
11
64
174
280
473
650
742
769
714
634
651
721
758
821
758
646
528
402
365
283
152
126
127
131
138
150
157
174
208
280
348
331
258
151
131
144
137
102
168
269
335
247
201
123
107
106
91
61
47
64
103
93
27
8
3
10
1
13
145
294
505
794
833
830
791
751
751
811
804
759
564
374
188
322
339
340
343
305
259
216
240
388
569
675
634
610
531
477
350
141
232
478
439
455
536
415
329
445
487
494
490
489
459
380
488
592
700
773
818
650
347
271
366
469
487
458
420
371
350
240
152
170
252
366
599
923
1189
1508
1720
1786
1635
2027
1909
1164
1230
1142
1312
1033
669
480
428
602
692
692
645
193
56
252
246
154
149
290
342
260
111
110
118
95
114
183
272
586
954
1476
1824
2085
2334
2503
2654
2630
2538
2662
2763
2736
2758
2820
2907
3023
3177
3193
3238
3201
2985
2616
2449
2522
2610
2657
2472
2132
1751
1587
1688
1877
3640
2361
2508
2632
2679
2795
3039
3331
3604
3819
3912
3940
3914
3873
3859
3850
3593
3289
3013
2578
2171
1893
1663
1303
1046
846
704
557
430
397
547
599
545
447
473
454
449
456
463
391
308
299
401
564
656
668
620
482
418
360
333
423
594
920
1152
1390
1592
1764
1979
2219
2601
2827
2983
3059
2876
2686
2928
3054
3070
3131
3221
3212
3215
3099
2996
2753
2417
2117
1613
1369
1527
1654
1737
1788
1733
1606
1246
679
360
351
374
431
479
492
490
511
541
523
569
579
585
549
602
650
676
694
835
1012
1145
1219
1222
1158
982
789
743
661
633
611
599
532
414
398
605
796
979
1172
1370
1410
1446
1411
1359
1251
1043
803
501
470
451
348
392
453
744
990
1059
1074
921
774
552
407
542
776
911
818
550
173
757
1069
881
386
480
577
411
796
1145
1348
1337
1336
1190
1082
977
812
1011
1116
1075
968
705
359
230
161
145
106
84
23
19
66
102
93
59
47
91
175
210
254
293
324
277
237
227
251
249
207
191
195
216
215
151
124
146
174
149
102
156
284
429
518
588
627
580
495
480
535
548
500
470
370
310
213
227
266
244
216
244
194
143
107
127
136
161
141
99
78
51
36
58
65
64
62
66
51
63
69
61
41
22
21
20
13
7
31
67
172
412
639
711
980
1199
1336
1551
1645
1575
1383
1082
503
626
1252
1648
1992
1994
1563
831
672
1038
1475
1829
1993
1767
1345
1740
1547
1394
1691
2592
3093
3153
2745
2654
2566
2583
2662
2825
2865
2819
2572
2272
1987
1651
1199
1038
992
1004
949
821
714
595
431
392
326
296
285
288
435
326
64
62
101
185
285
326
336
385
423
483
570
720
969
1262
1635
2021
2274
2380
2403
2421
2160
2081
1887
1566
1306
1191
1323
1510
1530
1751
1885
1822
1648
1615
1601
1770
2090
2369
2570
2755
3002
3240
3347
3334
3157
2790
2411
2177
2056
1987
1788
1693
1646
1506
1429
1382
1293
1280
1237
1273
1214
1256
1384
1435
1514
1614
1725
1696
1589
1403
1119
794
565
912
1101
1175
1326
1351
1195
973
762
518
724
1036
1190
1322
1362
1360
1321
1088
804
856
1564
2095
2305
2352
1986
1721
1327
955
647
405
879
1276
1650
1766
1728
1452
927
1093
1558
1673
1601
1454
1082
742
547
449
401
371
356
446
503
567
559
483
295
214
231
326
575
861
1173
1257
879
763
918
1010
785
596
722
1187
1709
2096
2204
2168
1903
1452
1195
892
557
309
191
334
595
836
1006
1134
1091
982
936
969
1309
1964
2732
3192
3270
2934
2251
1544
772
462
436
406
428
391
398
474
502
1199
844
962
1131
1271
1249
1163
1118
1021
960
955
1106
1058
1017
930
763
617
553
558
586
654
712
754
791
744
649
547
641
806
1070
1265
1279
1217
1050
779
475
676
705
773
856
893
906
959
955
1114
1226
1242
1106
486
190
264
268
337
425
505
780
902
947
1086
1141
1241
1276
1156
908
673
554
780
939
1210
1437
1681
1795
1751
1694
1591
1367
1224
1168
1305
1252
1350
1127
1000
814
824
797
816
650
649
573
550
571
488
412
314
315
339
314
338
426
475
521
542
552
469
300
147
118
114
105
87
31
16
43
57
56
58
57
37
33
84
100
115
148
140
136
123
92
67
44
32
27
33
31
54
73
102
147
124
112
117
77
57
18
7
0
18
18
29
23
18
25
13
8
10
3
3
12
24
27
36
33
43
42
15
4
45
140
221
460
629
920
1304
1757
2067
2108
1895
1628
1253
887
645
609
674
667
510
172
282
373
401
375
543
574
520
475
445
419
420
412
353
304
260
215
159
130
120
123
159
202
187
198
219
186
161
149
87
55
31
15
12
21
14
11
19
21
28
29
31
30
18
12
5
0
0
0
0
0
1
0
1
2
12
27
96
171
161
329
373
280
299
407
520
571
686
696
809
828
808
729
622
502
374
306
228
143
67
160
250
342
369
374
393
357
336
389
476
569
671
738
798
869
966
1065
1133
1048
847
750
660
348
437
611
662
609
480
303
238
367
460
431
402
307
206
229
362
440
454
391
341
267
224
165
115
125
128
130
118
94
105
115
116
111
93
105
104
91
77
60
61
70
99
114
128
137
91
90
75
98
133
195
284
304
279
210
184
141
144
308
443
552
616
696
653
678
635
629
625
582
501
340
214
114
140
211
316
353
409
359
321
342
285
216
207
209
204
274
240
215
175
138
89
53
27
51
79
139
177
192
244
289
372
560
796
905
928
894
792
636
477
501
543
601
579
493
465
455
445
494
406
361
411
594
790
1037
1263
1346
1242
1143
956
780
658
546
744
812
876
730
554
663
987
1091
1098
980
680
405
134
599
939
926
751
518
182
88
127
358
645
874
1138
1196
1055
798
625
724
809
629
385
461
830
1246
1497
1522
1459
1349
1153
995
830
759
772
820
1083
1274
1191
975
792
836
973
1065
944
1504
1943
2290
2645
3003
3230
3555
3607
3656
3512
3179
2835
3129
3663
3589
3502
3848
3954
3815
3558
3324
3409
3332
3083
2791
4060
2075
2122
2336
2561
2930
3170
3158
2916
2436
1968
1674
1263
2067
2439
2631
2211
1570
1275
1084
897
820
851
940
913
797
627
714
742
752
680
581
686
1010
1364
1682
1996
2194
2104
1732
1520
1347
1306
1135
1026
1228
1493
2082
2536
2817
2991
2927
2654
2146
1543
1374
1709
2042
2238
2201
2099
1913
1652
1567
1154
1509
2012
2317
2780
2764
2574
2524
2240
2083
1793
1295
972
893
1228
1380
1277
1100
966
920
799
600
480
455
558
617
736
873
1035
1193
1376
1780
2169
2514
2970
3293
3454
3558
3492
3378
3172
2832
2474
2743
2972
3143
3370
3569
3750
3960
4046
4001
3700
3209
2546
1993
1644
2034
2592
2838
2850
2412
1724
1120
915
1114
1364
1572
1626
1686
1706
1639
1615
1333
1184
908
837
688
619
586
518
443
368
332
347
293
237
227
241
193
134
121
151
421
613
862
1014
1035
884
524
302
200
140
380
539
759
804
586
458
444
455
446
439
549
798
1010
1014
964
886
775
732
758
710
599
584
620
587
470
557
663
658
655
642
589
564
636
699
812
1118
1593
2079
2399
2406
2178
1764
1494
1930
2387
2575
2735
2890
2867
3072
3135
3150
3163
3214
3196
3143
3275
3492
3709
3736
3577
3412
2863
2573
2663
2636
2468
2500
2336
1903
1325
1171
1221
1184
1146
1409
1088
818
629
775
851
626
483
654
917
1045
1287
1384
1267
1114
1132
1162
1130
1228
1363
1311
1237
1162
1249
1249
1283
1194
1069
1027
1096
1184
1363
1405
1307
1178
1138
1150
1281
1372
1307
1262
1269
1227
1130
1090
1061
1035
855
808
805
791
713
686
709
630
565
482
404
314
301
261
336
416
491
558
648
833
1036
1111
1228
1353
1357
1422
1379
1403
1338
1361
1282
1199
1107
1046
960
847
734
634
641
628
608
635
656
628
646
677
644
654
654
658
664
688
634
554
455
312
146
61
52
87
121
163
188
192
180
138
103
88
70
52
41
18
17
10
9
24
17
7
12
42
126
204
291
362
398
409
323
229
149
114
121
187
160
132
135
228
400
406
280
106
172
282
218
145
167
347
333
211
300
385
362
390
408
292
181
324
515
577
497
450
364
279
137
66
82
115
114
86
88
120
160
247
307
366
362
365
341
303
269
228
217
146
102
37
20
13
3
7
14
38
81
166
245
397
512
648
761
900
1031
1113
1203
1293
1316
1397
1416
1445
1456
1460
1425
1385
1355
1361
1313
1310
1290
1304
1252
1257
1172
1168
1100
1041
973
897
836
772
697
653
625
585
566
529
486
431
383
335
297
266
225
178
153
122
90
76
56
38
19
12
17
37
55
372
245
314
400
458
536
594
648
677
681
750
744
790
799
797
769
782
747
766
711
728
678
705
582
518
410
368
287
214
164
127
85
82
56
27
25
13
11
8
7
5
5
7
1
0
0
0
0
0
0
0
0
0
0
0
1
0
0
3
3
14
60
116
130
152
154
121
85
23
0
0
0
0
0
0
0
0
0
8
4
3
5
2
0
0
0
0
0
2
2
1
1
0
0
0
0
3
5
9
9
12
14
37
126
306
510
762
960
1172
1339
1470
1441
1331
1327
1411
1360
1377
1370
1584
1787
1686
1490
3600
1903
2011
2034
2003
1811
1725
1770
1764
1752
1729
1612
1558
1391
1094
805
691
888
1102
1164
1181
1186
1169
1294
1528
1788
2109
2412
2561
2585
2754
2808
2855
2817
2827
2707
2603
2460
2433
2448
2268
2116
1946
1872
1817
1722
1661
1595
1515
1430
1337
1348
1216
1019
826
584
359
455
666
768
776
709
636
533
441
311
258
254
208
213
298
381
452
434
377
339
267
265
246
245
278
381
661
1097
1335
2049
2772
3276
3701
3780
3409
2897
2352
1789
1268
946
753
543
364
226
226
146
136
124
95
141
231
189
159
140
153
162
154
103
140
167
164
81
88
132
193
175
220
303
417
695
1074
1497
1915
2014
1974
1775
1437
1036
930
937
958
857
706
503
338
248
252
197
203
256
124
76
94
64
79
54
103
93
102
175
323
425
530
774
1017
1182
1237
1166
1046
918
674
465
290
183
86
59
119
161
127
50
55
24
31
95
118
208
434
649
1034
1474
1955
2413
2959
3402
3446
3239
2329
2048
2874
2496
2571
2154
1547
1324
1469
1515
1500
1630
1391
814
524
289
202
146
117
152
129
143
206
220
268
217
300
193
261
241
203
193
207
149
113
80
151
187
188
298
359
317
341
351
415
432
355
267
129
168
205
273
267
158
70
60
60
97
121
123
105
74
118
117
75
42
15
61
83
77
13
66
138
145
198
260
253
265
452
714
1011
1338
1670
1983
2108
2102
2116
2227
2151
2178
2091
1595
1007
638
191
120
234
382
478
496
558
581
493
431
332
157
72
51
47
80
56
14
9
3
3
2
6
19
27
17
14
26
40
17
8
10
0
1
2
9
0
0
3
2
0
0
0
0
0
0
0
0
7
7
1
0
0
0
0
0
10
29
1
0
14
56
130
123
93
112
59
18
40
74
91
190
226
172
368
760
998
1117
1194
1223
1240
1138
1073
1079
1099
1101
1083
964
842
736
766
670
800
401
450
554
659
582
417
306
258
244
150
47
47
68
92
109
114
106
75
70
71
70
90
102
116
126
129
125
116
97
91
64
39
23
11
7
6
3
2
1
0
0
0
0
0
0
0
0
0
0
0
0
0
1
2
3
1
1
0
2
0
0
1
1
3
5
1
3
5
5
4
4
3
4
3
4
4
2
4
3
2
1
2
2
1
0
0
0
0
0
0
0
0
0
0
0
0
0
0
0
0
1
2
6
4
4
5
10
7
0
0
0
0
1
5
4
3
4
0
0
0
0
1
0
0
0
1
6
8
3
1
0
0
1
6
0
2
3
1
0
0
0
0
0
0
6
6
1
3
2
4
4
2
3
1
2
3
3
2
2
0
0
1
2
4
1
0
0
1
0
0
0
1
0
0
2
1
0
0
0
1
0
0
0
0
0
0
0
0
0
0
2
0
0
0
0
1
6
16
51
78
106
125
212
311
410
378
272
236
212
217
246
271
268
289
375
459
521
530
519
494
452
360
214
87
20
88
169
233
244
255
220
208
211
213
202
160
125
85
73
62
42
26
18
19
30
31
21
12
6
17
24
42
59
71
85
136
232
384
504
637
639
766
838
849
674
575
422
195
76
138
213
242
249
262
249
229
205
181
156
111
67
51
51
70
91
108
134
135
128
128
123
117
105
77
43
0
0
0
56
221
331
330
305
291
140
294
411
532
524
415
208
332
355
163
308
429
398
253
75
82
213
462
486
401
283
156
94
68
87
155
182
198
226
250
218
200
180
138
114
112
95
101
147
227
422
575
647
698
719
723
774
994
1286
1256
999
895
940
858
690
605
641
612
451
332
373
343
270
246
171
37
3
4
5
11
23
63
109
156
171
351
539
799
1051
1230
1271
1200
1043
884
806
746
807
884
977
1145
1184
1147
868
672
560
481
442
271
489
510
585
688
658
657
559
524
579
604
722
789
692
580
562
648
606
195
331
550
607
774
870
862
933
1115
1353
1632
1796
1950
2058
1783
1457
518
590
659
639
391
348
694
1058
1232
1515
1370
767
811
1176
1320
1251
1136
1138
1181
1194
932
442
502
721
742
658
644
524
356
184
87
52
61
33
28
12
26
12
2
5
5
4
0
3
1
1
0
2
4
8
9
6
3
10
26
24
31
40
37
25
25
33
61
75
226
305
435
547
645
702
601
677
903
1206
1400
1397
1467
1338
994
619
246
156
265
314
313
236
131
37
9
2
0
0
0
0
1
0
18
18
6
2
1
2
5
4
6
2
0
0
0
0
0
0
0
0
0
0
0
0
0
0
0
0
0
0
0
0
0
0
1
13
11
25
16
17
6
2
0
7
56
134
194
214
148
110
47
48
35
39
55
75
67
72
83
119
97
102
104
129
128
109
61
20
4
0
0
1
0
1
8
6
22
38
37
39
43
50
31
43
44
24
5
10
9
3
4
6
5
51
50
14
0
8
1
9
4
5
10
0
3
12
14
8
0
0
0
0
6
0
0
0
4
1
6
35
40
44
58
81
84
77
51
23
16
3
4
1
1
0
0
0
0
0
0
2
0
0
0
5
3
0
0
1
0
2
6
4
15
25
28
24
10
15
33
76
145
276
398
546
750
944
987
901
868
977
1065
1089
1096
984
817
630
504
425
308
133
108
201
303
323
311
273
255
248
263
300
329
381
409
419
421
406
357
248
183
113
69
41
35
14
0
1
13
22
16
13
10
13
17
25
22
19
22
19
15
9
14
15
16
24
18
20
15
16
5
4
6
3
0
0
0
0
0
0
0
0
0
0
1
8
3
4
7
15
16
14
19
11
9
3
2
0
1
0
0
1
2
2
3
1
2
0
0
1
0
0
0
0
0
0
0
0
0
1
9
0
4
4
0
0
0
2
0
8
5
1
5
6
5
4
7
71
159
272
347
366
534
592
651
704
745
782
763
737
683
632
538
486
411
319
246
92
38
8
4
14
5
5
5
2
6
8
8
7
16
20
18
16
28
4
4
9
28
54
31
8
3
15
13
2
1
0
0
0
1
0
1
5
7
2
0
2
0
0
4
11
4
0
1
16
46
91
155
202
311
425
678
809
813
812
732
963
1039
952
676
486
341
356
479
712
851
1106
1215
1321
1285
1157
991
807
692
692
638
1107
373
360
313
436
483
564
644
651
584
662
759
871
996
1133
1444
1732
2072
2200
2059
1892
1702
1778
1977
2091
2217
2274
2203
2124
1917
1732
1627
1673
1798
1843
1701
2052
2463
2435
2149
1953
1944
2001
2215
2601
2789
2490
2158
2253
2217
2000
1872
2254
2276
1762
1319
1317
1122
749
561
741
758
561
293
164
131
225
302
363
374
485
650
784
870
872
1234
546
462
400
359
383
355
301
234
206
165
156
178
224
294
342
416
466
537
586
613
681
609
550
532
487
508
451
413
297
481
633
660
507
401
161
263
394
518
514
515
419
366
337
335
274
469
609
644
637
535
290
293
319
327
247
175
273
300
212
413
623
908
1036
1208
1307
1264
1178
1007
1255
1615
1839
1973
2106
2006
2334
2531
2539
2437
2423
2321
2360
2339
2481
2689
2778
2635
2655
2505
2210
2016
1873
1807
1714
1492
1191
1052
1028
951
964
879
733
601
449
346
294
238
235
193
170
97
53
28
14
46
81
108
124
124
94
99
93
125
129
151
145
165
168
151
151
177
193
195
184
130
124
291
460
543
627
670
691
731
724
724
740
696
685
537
365
492
590
598
513
437
285
284
180
90
52
73
135
190
183
155
144
116
105
81
31
22
40
77
78
79
84
109
209
263
273
250
184
151
159
159
117
143
366
447
481
371
440
475
435
436
510
622
638
682
662
654
751
783
880
1116
1117
1062
1089
1037
1126
1178
1213
1302
1523
1682
1701
1780
1917
1835
1571
1252
1494
1442
1443
1386
1166
836
805
818
709
898
1039
968
883
652
405
699
875
743
383
691
795
755
521
619
992
1036
940
795
247
161
211
188
478
644
629
462
133
92
186
167
330
454
515
422
455
709
1047
1507
1771
1944
1951
1812
1592
1541
1805
2038
2154
2378
2419
2315
2195
2068
2122
2223
2208
1842
1945
1959
1965
1894
1588
1577
1715
1643
1671
1783
1849
1792
1616
1385
1048
809
693
576
519
446
408
288
315
549
580
420
257
149
385
727
838
709
441
248
403
311
248
160
121
131
158
219
218
235
245
287
213
147
292
322
277
269
247
226
183
160
170
134
107
154
291
419
552
602
605
565
496
510
879
1148
1397
1718
1994
2090
2047
1859
1933
1921
2006
2037
1867
1430
989
840
801
817
736
382
248
340
486
824
990
1244
1306
1320
1291
1336
1387
1386
1194
1010
1049
1218
1314
1380
1377
1328
1200
1161
1131
1090
1011
853
605
718
1065
1195
710
1122
1440
1281
1036
744
961
1312
1309
946
563
549
427
406
427
466
344
236
200
202
203
227
332
372
368
400
459
469
519
552
551
585
622
609
649
625
568
567
641
613
560
563
553
506
450
333
234
179
146
229
264
279
334
389
223
156
148
241
328
263
132
105
158
180
192
146
74
78
93
167
343
405
398
283
274
398
551
718
696
595
488
334
211
162
236
313
355
348
271
225
201
185
170
171
144
301
106
108
119
231
302
321
385
421
465
486
539
605
732
721
679
661
686
679
750
725
697
590
614
561
382
400
353
399
365
348
385
413
551
519
471
444
420
327
284
342
404
323
327
341
279
249
186
199
224
264
263
257
251
235
285
360
444
417
422
438
434
428
494
514
524
493
454
377
292
219
164
101
61
56
92
102
118
97
66
59
115
198
259
300
336
369
373
402
453
489
496
458
428
375
378
372
331
407
390
401
409
373
407
456
509
455
360
54
139
240
438
575
524
430
482
487
450
400
351
405
362
268
183
187
133
121
209
279
339
373
335
322
368
309
305
281
183
186
175
149
236
240
256
256
260
251
269
292
276
251
272
211
194
133
92
52
44
40
27
6
2
4
12
11
10
31
20
11
177
277
323
237
206
369
473
562
668
647
585
747
1002
1077
1032
822
659
466
193
168
219
219
200
127
65
68
45
66
75
54
70
49
46
58
62
71
102
152
195
161
206
235
240
255
246
241
233
247
230
202
185
188
190
241
245
232
330
510
660
908
1129
1330
1611
1853
2033
2270
2498
2707
2856
2897
2939
3014
3124
3072
3108
3093
3043
3139
3122
3050
3016
2883
2753
2674
2498
2263
2075
1907
1786
1625
1511
1394
1256
1178
1144
1035
962
921
881
807
740
712
653
591
563
498
483
363
280
243
333
361
381
412
444
368
329
294
290
278
198
112
53
20
2
20
10
22
25
18
12
10
6
7
0
8
20
29
4
2
0
9
17
7
6
6
1
5
14
20
2
2
7
11
16
16
21
18
29
9
1
10
7
6
3
5
1
1
7
6
3
2
4
5
15
43
15
0
0
0
6
13
8
3
0
0
0
12
27
24
12
10
28
76
50
18
7
44
53
12
2
1
3
0
3
18
33
21
31
2
1
13
31
7
18
2
0
6
13
8
2
50
118
191
287
403
437
441
390
356
270
250
269
271
220
196
126
53
92
125
97
86
79
213
244
191
23
53
97
78
38
91
147
185
139
30
29
51
58
60
92
124
95
112
93
66
45
25
29
10
11
4
5
18
10
1
0
0
9
0
0
0
0
0
0
0
1
8
19
3
0
2
32
63
65
15
91
113
97
9
95
1
80
3
49
8
4
16
2
43
28
0
0
0
1
10
13
7
48
113
26
70
27
114
89
22
22
39
113
71
10
1
15
4
1
5
7
10
9
5
11
20
44
52
45
42
38
45
39
51
58
74
53
55
42
77
62
62
30
55
58
38
42
44
43
40
40
18
21
9
6
6
3
5
12
19
29
39
25
48
49
47
45
46
62
99
82
108
128
144
163
194
235
211
221
214
198
212
186
202
170
137
117
67
82
100
109
127
158
164
175
192
151
156
150
152
143
131
148
171
148
125
121
107
80
76
76
60
29
27
60
85
75
69
69
51
43
28
21
9
14
0
11
35
56
71
99
128
168
175
187
268
325
381
379
353
338
313
300
246
228
174
155
123
102
91
75
43
28
36
37
57
80
117
128
175
202
257
296
348
400
460
445
359
301
236
192
168
140
141
147
173
143
107
124
115
93
131
117
149
250
293
313
288
188
108
148
179
170
157
129
143
198
177
153
95
68
72
49
32
56
109
176
215
223
243
233
252
369
484
574
635
581
527
347
484
473
429
404
393
307
239
279
264
241
259
309
290
309
315
302
321
285
234
62
69
238
372
403
517
438
113
153
186
269
276
270
301
419
570
611
849
1018
1200
1339
1540
1709
1849
1800
1898
2075
2217
2301
2337
2284
2256
2142
2008
2133
2117
2170
2184
2097
2043
2026
1980
1875
1732
1534
1405
1286
1155
1023
795
459
239
130
91
212
423
698
989
1261
1452
1697
1889
1962
2007
1992
1916
1873
1810
1787
1745
1554
1418
1393
1474
1450
1360
1206
1139
1074
950
827
779
583
525
378
80
553
824
778
754
1049
1258
1278
1598
1683
1707
1740
1747
1616
1736
1809
1850
1847
1736
1591
1424
1205
1095
994
895
736
683
583
330
470
743
858
914
1036
1151
1268
1363
1401
1331
1329
1392
1433
1464
1487
1500
1467
1422
1337
1111
956
769
577
394
241
171
111
81
107
127
107
93
79
66
53
49
34
39
40
37
39
47
50
46
31
41
41
36
40
55
68
40
28
29
42
47
50
90
104
126
141
138
114
111
100
87
79
63
55
48
39
22
12
9
3
2
0
0
0
2
12
18
26
34
45
56
47
33
35
102
191
279
326
347
307
274
233
252
255
233
111
13
15
13
2
0
1
0
0
0
2
2
0
0
2
5
9
25
37
55
77
108
178
341
590
676
675
680
685
664
652
612
570
522
453
415
346
328
279
236
198
186
122
41
15
11
21
38
44
35
42
53
52
48
45
58
84
130
117
98
88
82
118
401
218
188
92
82
116
186
217
224
223
244
257
251
269
204
148
113
88
74
52
49
70
112
150
121
139
162
185
185
197
220
224
271
348
311
327
382
369
396
437
473
500
497
545
542
645
627
715
759
857
968
1145
1252
1360
1373
1420
1325
1382
1349
1216
1203
1306
1394
1480
1551
1510
1463
1481
1481
1380
1356
1329
1192
1258
1290
1237
1149
1177
1009
905
639
381
275
378
333
308
345
372
381
366
352
316
286
253
198
81
86
89
100
48
14
29
2
0
0
0
0
0
0
1
0
12
14
25
41
10
93
40
26
9
8
14
19
10
21
1
2
0
0
2
0
0
1
8
12
4
2
3
0
96
70
40
21
71
81
23
8
27
29
69
85
80
92
106
132
148
124
81
56
22
10
4
7
8
3
4
7
8
135
252
296
312
348
426
513
435
385
445
565
587
600
516
480
435
347
152
85
101
93
75
44
15
12
43
64
56
34
39
43
38
25
30
26
15
28
24
25
41
95
209
297
341
364
352
366
375
376
298
236
198
145
116
106
93
50
33
32
18
6
0
0
0
0
0
0
0
0
0
0
0
0
0
18
95
159
226
262
316
355
379
370
336
250
143
37
7
13
21
5
1
3
1
0
0
0
0
0
0
0
0
0
0
0
0
0
0
0
0
0
0
0
0
0
0
0
0
0
0
0
0
0
0
1
8
11
14
13
8
9
10
12
7
12
22
31
40
63
103
152
182
212
253
309
381
387
416
451
491
495
490
462
462
451
418
391
322
254
200
117
77
47
28
4
0
4
1
0
0
0
0
1
0
0
0
2
1
1
1
2
6
11
7
8
7
0
0
0
0
0
0
0
0
0
0
0
0
0
0
0
0
0
0
0
0
0
1
0
1
0
0
0
0
0
0
0
0
0
0
0
0
0
0
0
0
0
0
0
0
0
0
0
0
0
0
0
0
0
0
1
0
0
0
0
6
48
187
361
563
708
772
822
813
807
797
814
830
888
1008
1101
1219
1229
1353
1328
1344
1260
1317
1117
652
446
289
376
399
532
474
381
292
326
333
287
270
312
352
297
321
355
383
409
553
619
600
664
669
785
709
748
748
1127
1213
1139
1045
832
679
706
749
770
758
748
679
569
340
203
319
470
568
639
715
753
729
734
755
770
734
741
676
571
551
714
824
849
777
1028
528
592
581
513
426
516
557
705
722
700
828
876
1066
1238
1348
1413
1442
1476
1514
1620
1698
1756
1833
1835
1908
1919
1908
1882
1776
1774
1740
1725
1757
1822
1822
1805
1709
1639
1549
1565
1523
1479
1376
1233
1090
1063
1061
1039
1116
1024
1029
996
833
588
541
523
558
504
376
246
72
52
177
194
123
108
170
241
248
219
155
101
169
248
320
335
352
362
360
396
403
547
602
696
707
787
832
889
905
909
970
973
958
981
951
942
936
868
797
775
715
705
693
714
695
721
691
643
607
508
460
435
422
435
425
391
345
322
249
226
278
393
471
499
502
530
492
532
540
672
694
798
845
963
1016
1106
1225
1342
1568
1734
1868
1869
1625
1346
1200
1015
887
928
893
956
1037
1015
991
932
809
874
799
834
825
815
704
706
645
613
585
474
388
257
219
178
202
271
232
278
320
291
182
137
116
81
103
100
120
97
74
61
66
114
156
229
290
295
276
252
288
379
315
260
252
355
483
418
397
415
370
305
282
151
94
91
131
214
269
418
430
312
278
307
310
364
301
242
228
196
279
290
305
335
361
429
389
485
451
514
557
583
591
591
595
672
731
799
782
795
766
719
746
732
751
725
681
623
592
614
592
594
659
685
615
615
611
583
602
598
585
558
507
625
636
631
586
619
653
657
701
969
1029
1044
922
990
1024
1004
950
992
978
956
971
829
799
696
502
381
289
230
212
214
189
189
150
147
130
113
130
127
102
82
102
100
104
102
111
79
63
57
90
118
128
144
138
135
142
174
163
169
205
188
135
88
52
26
41
48
29
30
8
4
1
7
3
5
5
1
0
8
4
0
21
9
3
2
0
2
0
0
0
0
0
4
10
9
13
24
23
48
84
107
118
115
97
64
52
24
10
3
6
9
13
28
37
28
42
53
44
12
3
0
0
1
8
16
12
9
11
18
50
41
65
78
97
122
92
60
35
26
16
5
2
9
9
8
5
4
6
4
6
1
3
11
5
0
2
9
12
27
27
25
13
13
12
16
8
2
0
0
0
0
0
0
1
0
0
2
0
2
0
0
0
0
0
0
0
0
0
0
0
0
0
0
0
0
0
0
0
0
0
0
0
0
0
0
0
1
4
4
2
2
4
5
7
5
0
0
0
1
9
66
170
296
234
113
115
69
60
194
339
263
90
95
139
116
277
502
291
116
170
112
59
77
157
122
19
27
107
114
29
24
59
13
43
60
67
107
126
184
365
446
622
743
918
997
2909
1471
1639
1794
1865
1972
2037
2097
2143
2216
2167
2191
2168
2153
2094
1954
1827
1707
1606
1503
1364
1252
1075
906
848
777
785
704
640
534
371
392
356
301
239
206
169
157
106
167
140
56
25
72
99
108
195
147
102
198
197
130
96
42
89
58
77
117
112
70
105
103
105
119
152
184
164
170
116
243
165
175
183
197
222
201
181
177
173
162
174
157
134
131
110
100
100
26
31
38
8
82
107
97
6
139
119
77
56
45
84
84
84
72
33
38
67
182
209
121
92
85
122
146
108
85
64
73
108
132
117
68
14
26
44
46
38
31
10
33
83
47
16
53
33
49
53
33
33
42
25
13
36
27
113
219
141
45
47
98
34
33
27
28
33
52
57
44
12
13
41
74
98
107
72
19
34
63
39
40
84
57
50
116
103
57
163
131
64
32
70
134
105
115
135
101
73
43
126
160
152
136
85
100
161
181
208
163
91
68
52
17
28
12
25
24
41
62
80
54
27
36
9
1
29
21
0
8
8
3
16
19
5
2
3
4
9
22
26
12
0
18
27
33
1
0
2
7
11
18
10
0
0
7
0
0
1
1
0
0
3
6
24
36
28
23
14
2
14
34
50
39
14
42
5
8
25
10
5
17
19
23
38
5
6
38
22
5
11
3
6
20
25
16
10
29
19
9
6
4
0
2
6
3
2
50
155
182
196
186
130
113
95
97
123
120
178
164
135
123
119
117
174
221
211
167
124
100
163
165
111
103
62
63
73
51
43
52
35
26
43
54
59
29
26
16
12
22
16
2
0
2
5
28
5
8
9
8
39
47
31
54
46
56
80
40
29
82
103
105
91
32
36
62
68
58
85
61
27
57
24
31
54
97
133
57
36
53
54
65
46
18
41
121
180
102
52
17
16
33
40
37
45
70
82
65
87
138
117
93
66
87
122
130
158
147
160
176
84
60
133
280
428
489
503
513
576
678
718
776
865
940
972
1056
1000
1049
1046
1038
1099
1070
1135
888
767
813
793
690
626
612
609
604
710
704
729
712
778
913
997
1174
1320
1532
1779
1902
2015
1988
1998
1959
1936
2124
2303
2571
2717
2676
2545
2416
2148
1867
1528
1105
851
1474
478
290
208
231
369
437
504
524
534
486
551
612
574
672
1019
1237
1364
1481
1477
1520
1599
1659
1603
1299
980
1322
1625
1726
1684
1536
1354
1290
1344
1350
1375
1360
1364
1346
1253
1271
1266
1287
1187
1037
871
859
778
606
548
595
612
626
641
617
598
591
587
606
598
577
540
600
680
716
766
775
848
862
911
936
972
1019
957
938
948
974
1013
861
694
646
524
560
759
812
803
677
529
494
516
519
506
550
599
661
769
819
884
828
760
839
804
797
787
624
482
276
204
259
297
276
254
268
318
261
192
140
115
133
160
193
198
231
242
184
171
234
276
237
182
83
62
89
158
177
132
112
121
192
275
282
295
290
276
277
302
273
294
350
498
676
929
1027
1263
1469
1609
1737
1914
2078
2312
2549
2935
3119
3185
3215
3305
3359
3170
3130
2721
2708
2671
2631
2433
2096
2056
2145
2077
1808
1285
1567
1386
1035
1362
1341
1117
833
1160
1188
904
439
636
635
325
526
624
463
124
530
469
246
378
620
569
649
775
981
870
557
242
684
663
398
459
380
230
246
342
284
134
26
38
95
172
235
258
221
123
15
2
64
91
86
55
25
4
0
1
0
0
1
0
2
13
26
27
34
29
20
18
21
24
34
40
42
170
341
520
680
759
775
666
510
340
177
73
70
86
113
136
208
359
632
1061
1352
1273
1118
1724
2229
2422
2314
2140
2036
1893
1394
1307
1376
1286
894
619
443
452
549
534
384
266
678
809
998
938
830
1124
1136
894
691
286
454
762
735
593
394
186
128
110
332
589
738
850
1103
1333
1438
1477
1487
1293
781
585
1117
1289
1190
988
858
1007
1055
1170
1263
1161
1063
828
522
326
313
422
401
320
335
300
258
188
251
285
286
232
157
178
270
358
384
363
395
446
506
506
555
586
615
686
696
799
817
849
887
893
889
885
912
924
969
1008
1095
1136
1148
1169
1284
1453
1650
1846
1909
1634
1491
1502
1353
1204
1066
994
994
969
958
917
970
943
863
676
485
661
712
625
485
502
525
679
857
961
1091
1086
1044
1070
1030
1010
1045
1041
1059
1101
1231
1141
1092
928
766
593
421
302
296
470
584
577
532
522
528
615
689
585
518
472
351
244
270
351
413
500
616
643
610
562
516
454
348
219
160
206
241
202
151
94
89
222
357
448
488
419
375
303
250
176
169
191
226
286
334
397
401
328
262
255
224
208
212
183
123
60
58
87
96
52
93
56
36
47
48
68
85
109
291
193
255
272
270
209
133
118
132
221
214
281
357
568
659
804
781
700
653
590
513
565
512
331
348
488
526
579
550
514
516
560
590
497
473
420
428
381
307
339
288
262
257
255
232
217
225
361
431
471
496
421
403
423
375
328
317
162
117
111
239
307
308
293
227
136
333
363
428
425
273
152
410
378
464
498
384
250
428
461
439
456
439
349
204
71
240
294
291
249
194
149
129
100
123
134
104
182
162
187
223
215
329
376
369
413
438
460
517
501
473
401
372
306
230
191
260
166
253
190
97
87
128
80
132
139
124
133
152
210
181
229
398
442
429
444
390
335
144
178
283
343
321
347
345
383
369
451
410
397
430
417
367
321
360
366
730
711
548
352
244
155
154
64
25
56
121
145
160
137
89
12
13
21
16
3
0
1
0
0
0
0
0
0
7
40
74
12
23
46
37
10
0
5
14
0
0
15
31
45
28
37
56
85
110
129
113
98
119
73
36
5
44
36
10
7
1
3
33
0
0
0
78
112
74
3
22
20
1
47
65
33
96
60
7
25
2
2
8
40
47
43
10
1
0
5
12
15
4
11
3
2
2
0
70
81
46
145
283
468
543
588
582
540
588
538
480
469
272
135
158
152
203
250
211
250
232
79
133
131
170
165
74
97
82
67
91
172
127
131
76
112
139
53
75
155
221
294
460
443
477
538
643
613
578
533
503
281
225
277
368
440
500
552
548
473
470
497
415
139
76
179
184
113
179
201
90
114
155
213
277
288
289
274
572
307
294
310
268
264
148
190
239
255
250
246
216
224
177
108
48
6
80
155
147
136
155
188
176
160
192
182
170
177
156
149
198
234
337
427
468
471
461
501
600
638
630
603
543
467
278
173
119
96
58
58
28
25
28
31
36
49
86
32
43
33
70
81
27
23
45
106
74
129
99
128
139
79
74
33
42
46
67
68
68
88
74
81
60
41
53
137
137
107
90
33
17
51
64
120
92
83
52
19
9
56
53
36
43
40
102
102
102
94
71
102
147
228
324
478
652
850
1095
1211
1190
1216
1166
1381
1733
2009
2323
2664
3073
3375
3571
3723
3598
3584
3564
3610
3879
3812
3684
3114
2661
2723
2725
2616
2401
2616
2704
2703
2584
2418
2054
2304
2078
1557
1277
1635
1716
1594
1293
926
1527
2229
2466
2314
2378
3011
4374
2272
1927
2025
2242
2196
2029
1767
1682
1697
1820
1761
1474
1285
1321
1532
1601
1519
1388
1261
1345
1527
1575
1658
1603
1543
1420
1408
1391
1469
1637
1941
2004
2087
1999
1696
1383
1242
1169
1208
1256
1545
1555
1526
1569
1656
1774
1779
1836
1853
1652
1537
1627
1576
1363
1584
1942
1948
1829
1627
1543
1170
1384
1287
1103
885
717
581
484
481
429
341
209
119
69
85
95
154
173
190
220
230
252
198
160
83
40
95
155
234
311
354
371
410
467
430
437
460
490
479
482
510
519
528
554
528
559
601
695
836
965
1032
986
851
699
455
157
58
113
272
548
829
1136
1350
1404
1197
526
29
261
334
207
56
121
193
145
21
169
339
440
428
297
79
356
470
455
376
237
74
2
40
173
389
595
800
952
901
862
701
720
815
818
782
697
570
346
93
305
446
617
756
738
691
467
247
88
67
119
159
201
183
152
115
58
80
169
239
334
501
518
469
330
267
561
826
921
839
775
559
388
292
213
81
7
6
45
89
73
64
30
9
1
0
0
0
0
0
0
0
0
0
0
0
0
0
0
0
0
0
0
0
0
0
0
0
1
3
0
3
4
7
16
7
10
21
21
22
21
12
7
6
5
5
4
3
6
13
20
14
16
13
9
6
3
1
1
2
4
5
0
7
27
143
191
235
310
439
455
431
554
596
632
628
436
169
81
113
210
242
230
183
140
98
42
13
12
35
72
99
138
163
196
195
189
182
156
118
107
90
76
65
53
49
51
61
80
80
91
101
118
104
111
127
136
195
216
231
241
262
296
266
283
292
324
316
319
327
290
281
275
290
299
373
407
483
476
465
477
516
565
603
576
464
369
217
38
86
198
233
223
137
54
53
115
222
295
307
326
310
285
232
182
174
155
149
137
131
117
115
82
54
26
12
11
25
94
187
268
311
330
312
306
289
273
241
181
122
55
15
0
10
12
12
10
7
11
7
9
16
14
10
14
11
11
6
0
0
0
0
0
0
1
4
8
35
102
184
293
330
361
380
350
291
175
333
415
452
374
199
308
412
532
566
464
331
481
566
775
728
433
436
538
655
474
626
495
288
520
686
618
316
258
632
837
864
780
434
144
393
436
427
424
453
444
455
449
603
764
863
976
1032
1030
1051
1007
931
865
872
768
700
629
545
461
363
273
208
171
147
158
167
165
192
640
329
343
388
348
379
436
519
586
560
529
514
713
804
883
945
936
873
873
766
727
651
619
550
602
594
599
560
409
296
144
178
357
424
459
463
480
472
390
369
335
289
257
257
206
172
132
121
115
106
124
162
203
224
280
367
426
466
506
516
566
531
628
752
797
809
700
562
457
408
352
303
229
169
93
49
62
52
50
45
35
21
19
11
8
2
1
0
2
12
17
5
6
4
4
1
0
4
2
1
2
1
0
0
0
0
0
0
0
0
0
0
0
0
0
0
0
0
0
0
0
0
0
0
0
0
0
0
0
0
1
0
0
0
2
2
4
0
5
4
0
0
0
0
0
0
0
0
0
0
0
0
0
0
0
2
0
0
0
0
0
0
0
0
0
0
0
0
0
0
0
0
0
0
0
0
0
0
0
0
0
0
1
0
0
0
0
0
1
0
0
0
0
0
0
0
0
0
0
0
0
0
0
0
0
0
12
26
32
53
79
179
296
356
425
453
462
469
477
471
446
406
407
378
383
386
390
365
351
292
261
225
160
112
60
16
2
1
0
5
0
0
0
0
0
0
0
0
0
0
0
0
0
0
0
0
0
0
0
0
0
0
0
1
25
126
306
509
638
566
445
305
294
468
502
497
407
394
410
398
373
434
392
247
144
143
211
285
362
404
403
371
416
365
279
200
143
153
140
134
170
227
311
456
626
915
1240
1556
1877
2075
2194
2165
1806
1553
1329
1018
413
539
692
750
710
675
616
586
553
475
350
254
150
86
128
191
234
198
141
87
41
17
88
132
130
142
94
23
74
240
287
247
150
74
28
15
16
49
83
79
64
75
40
39
54
75
118
151
171
156
161
161
185
221
335
376
437
599
708
681
633
667
648
749
730
753
737
805
892
974
998
925
790
631
775
983
1117
1272
1500
1666
1750
1921
1994
2240
2451
2654
2924
3115
3409
3604
3697
3817
3752
3618
3259
2903
2427
1994
1553
1196
764
344
223
266
416
617
740
836
973
1026
1054
1051
1035
1044
1088
1033
1108
1289
1619
2018
2486
2960
3348
3646
3811
4014
4176
4079
4174
4241
4261
3994
3638
2985
2411
1540
1036
610
475
425
497
566
490
478
368
363
387
357
411
430
523
442
380
339
233
179
106
96
59
23
22
11
5
0
1
3
4
0
0
10
3
1
2
8
6
0
1
28
7
26
8
11
54
75
48
52
16
2
0
0
0
0
7
20
20
8
3
11
29
11
0
12
17
7
0
0
20
19
11
0
0
0
0
0
0
0
0
0
0
3
3
7
8
2
0
10
25
11
1
14
11
0
0
0
0
0
0
0
2
0
0
4
13
38
109
203
305
400
464
540
559
583
591
548
445
399
305
251
250
234
168
156
163
187
165
173
187
179
220
195
199
224
204
181
170
135
133
137
99
104
121
105
90
67
55
29
28
20
10
1
0
0
0
0
0
0
0
0
0
0
19
62
71
82
144
152
161
162
209
199
208
186
143
89
59
46
37
26
27
40
48
92
87
66
76
90
120
157
210
274
312
354
393
352
292
204
35
60
205
276
326
359
391
384
357
246
233
207
259
268
274
272
295
301
271
216
154
219
360
445
422
502
562
574
484
419
358
305
335
368
418
444
451
507
434
395
407
480
448
349
184
120
152
148
104
24
32
65
81
81
26
18
13
3
2
2
3
6
3
4
1
0
0
4
14
19
41
68
78
67
59
41
37
27
21
21
14
8
7
7
11
10
17
13
13
19
43
94
189
328
521
757
832
877
884
934
967
1025
1269
1479
1526
1400
832
346
62
206
181
148
29
79
171
166
77
7
4
30
28
9
0
0
0
0
0
0
0
0
0
0
2
0
0
0
0
0
0
0
0
0
3
1
6
16
44
62
67
63
45
43
41
46
55
59
75
112
161
186
193
208
216
211
222
221
238
244
261
285
276
281
305
306
350
412
425
465
484
458
477
501
482
483
475
446
433
396
361
337
303
279
212
170
98
40
34
106
191
229
271
264
278
280
371
428
496
513
587
595
525
413
205
4
199
233
226
121
7
0
2
7
25
23
16
14
33
43
27
11
11
2
5
17
17
15
13
6
1
1
5
4
1
5
6
8
21
30
35
42
44
57
83
145
215
235
264
333
354
412
380
373
319
235
145
19
111
261
383
410
438
354
274
199
85
0
71
121
78
25
5
0
0
0
0
0
0
0
0
2
2
2
0
0
0
0
0
0
0
0
0
0
0
0
0
0
0
0
0
0
0
0
8
20
41
70
117
171
223
264
275
300
311
313
341
329
326
317
326
340
296
293
250
197
107
193
354
489
471
385
274
122
6
107
132
105
46
4
6
11
9
4
1
0
5
26
44
36
22
11
1
0
0
0
0
0
0
0
0
0
0
0
1
4
1
8
27
38
33
34
36
37
36
25
18
29
8
23
17
32
35
66
62
44
33
24
10
7
1
1
14
70
216
400
507
574
656
710
708
512
303
26
257
311
293
240
140
23
8
8
0
3
32
78
97
114
96
93
93
112
101
118
108
82
79
71
81
83
108
124
145
214
293
362
429
441
472
461
471
446
439
375
329
275
263
255
215
178
130
104
74
65
67
53
115
369
513
583
648
768
788
802
802
836
861
761
565
364
106
37
203
383
500
542
613
690
704
724
808
905
970
961
869
816
751
716
679
660
622
645
737
844
884
987
927
717
440
207
44
40
148
125
75
5
5
53
77
55
18
3
26
81
123
150
226
293
374
397
430
407
366
437
647
891
1143
1267
1426
1671
1561
738
96
380
606
666
555
348
297
388
701
994
1424
1778
1958
1936
1762
1437
1206
1180
1132
1076
1060
1022
932
852
757
654
611
519
459
395
315
256
258
361
472
600
797
1029
1523
1788
2034
2217
2189
1932
702
1757
2148
2418
2494
2419
2202
1988
1756
1599
1943
2489
3112
3016
2221
994
1962
3241
4178
4188
3067
2699
2851
3726
5205
5458
4628
3654
3373
2978
2621
2870
2626
2268
1904
1676
1559
1579
1510
1384
1190
1047
767
702
603
611
671
734
1200
2591
3721
4190
4281
2943
2449
4044
4764
3850
2773
3545
3335
2560
2867
3381
3837
3954
3840
4030
4587
4703
4479
3982
3095
2385
1943
1617
1330
1249
1293
1486
1747
2011
2241
2527
2967
3144
2822
2373
2191
2046
1800
1569
1226
895
663
589
525
418
332
273
292
428
668
1208
1935
2551
2376
1746
756
1263
1704
1499
990
1084
1278
862
738
1284
1903
1819
1161
1816
1872
1417
754
1427
1942
2189
1705
897
990
1092
1065
1085
1092
947
852
889
984
931
839
710
468
322
344
296
258
191
128
254
508
616
293
1075
1755
1942
1800
911
1438
2036
1423
545
799
611
403
675
371
194
472
384
71
222
460
531
452
313
272
322
385
433
584
732
773
869
854
933
960
891
860
685
685
705
659
585
532
533
485
373
279
281
297
338
300
296
230
143
67
49
62
90
90
90
96
112
124
145
135
149
137
119
103
80
48
42
29
18
16
12
7
54
105
291
387
497
695
878
956
822
373
663
881
960
789
293
143
135
194
245
283
278
338
388
430
385
341
297
245
212
227
569
710
769
810
602
824
407
285
391
509
498
642
825
871
739
579
482
424
650
1018
1043
889
312
942
1008
879
686
533
317
312
707
953
955
474
438
654
767
661
480
599
939
1080
987
805
742
576
533
570
586
531
591
568
436
520
431
400
969
1132
779
245
594
970
505
790
1494
1646
1436
1217
753
557
1168
1396
830
1177
1445
1116
588
1187
1804
2153
1981
698
1454
1262
796
1627
2355
2575
2008
1245
1751
1626
1865
2935
3465
3518
2750
2544
3334
3423
3226
2641
2051
2480
3079
2912
1929
1760
1759
1292
736
1343
2660
3418
4049
4629
5361
5660
5600
5160
4482
3804
2941
2059
1362
1017
869
1040
1157
1096
1080
979
874
855
757
870
1278
1579
1842
1927
1936
1790
1822
1994
2043
1767
1368
1096
1014
985
957
935
865
776
586
403
343
355
403
470
570
651
760
852
944
995
1086
1120
1144
1227
1251
1253
1319
1277
1260
1223
1211
1131
1030
931
768
572
405
304
237
273
270
288
278
274
272
250
314
329
389
413
471
495
549
556
598
612
604
580
561
527
463
679
1180
1852
2429
2681
2663
2625
2399
2280
1887
1494
938
823
1310
1791
2011
2091
2111
2089
2141
2117
2068
2037
2031
1913
1801
1781
1684
1685
1783
1872
1918
1982
2015
1752
1372
966
897
940
893
867
841
808
878
950
1048
1061
1085
1022
1070
1105
1118
1242
1266
1276
1230
1193
1139
1039
865
790
801
768
730
624
514
406
273
218
198
193
174
140
82
22
6
4
8
14
37
41
43
54
46
27
21
26
67
99
187
225
247
278
305
267
321
340
383
393
422
426
440
445
437
395
374
317
282
260
202
131
100
103
82
70
119
231
444
727
1065
1410
1695
1932
2156
2321
2596
2740
2732
2608
2403
2058
1728
1742
2107
2419
2745
2979
3158
3139
3057
2755
2192
1227
1618
1578
1510
1276
1185
1024
721
670
824
989
1154
1230
1252
1163
933
670
305
226
302
336
368
347
312
267
318
436
352
139
38
88
179
194
170
144
128
122
142
105
91
170
206
253
283
275
269
215
142
105
66
45
40
31
47
57
82
144
201
283
310
342
320
286
244
218
185
220
295
361
351
326
317
252
216
144
99
111
110
149
320
523
760
1082
1412
1680
1899
2161
2214
2304
2352
2189
1916
1486
1018
1053
1139
1448
1178
661
672
945
1268
1286
962
989
1074
912
1096
1238
1179
891
1019
1000
921
1291
1478
1276
1450
1546
1459
1129
832
850
939
1059
991
793
750
1197
1578
1685
1654
1171
1100
1114
1105
1454
1536
1612
1490
1119
923
692
428
467
679
625
586
554
799
955
1064
1160
1274
1373
1490
3264
2258
2379
2393
2461
2668
2760
2800
2790
2900
2899
2870
2781
2550
2298
2097
1939
1691
1345
1104
1036
1123
1231
1287
1294
1221
1099
890
762
627
564
549
709
670
533
399
350
383
520
610
576
505
284
243
379
580
612
542
396
356
423
569
630
643
607
525
395
173
145
245
173
109
49
97
252
308
447
601
684
564
716
791
791
866
801
552
508
576
555
526
466
444
485
487
422
230
106
138
213
276
320
287
219
84
22
24
61
81
128
169
197
167
138
141
144
176
231
307
355
423
422
418
385
391
460
587
640
699
731
748
730
651
632
598
465
630
767
777
549
692
530
619
684
570
575
570
358
383
401
480
545
505
370
265
261
308
389
417
297
263
385
495
463
319
395
672
972
1058
986
602
289
591
685
627
429
92
267
443
628
841
1140
1447
1850
2067
2385
2630
2779
2718
1844
1398
919
483
547
403
456
411
387
370
327
175
304
437
544
692
765
872
837
852
736
710
717
781
836
897
957
1013
1118
1162
1133
1131
1167
1069
1005
877
761
658
509
500
648
923
1080
1227
1327
1622
1798
1856
1925
1896
1827
1820
1809
1768
1708
1526
1213
855
738
496
831
887
1002
1120
940
987
868
484
516
916
1345
1649
1877
1827
1715
1778
1721
1718
1463
1097
874
902
1042
1251
1373
1471
1551
1489
1458
1477
1509
1433
1390
1523
1719
1743
1808
1773
1666
1721
1680
1576
1474
1378
1345
1365
1363
1317
1059
1044
1322
1375
1119
825
699
668
523
393
379
419
404
363
348
341
495
548
551
572
632
736
798
856
875
868
917
972
943
961
1047
1090
1091
1086
1068
1120
1209
1308
1295
1294
1247
1264
1230
1178
1153
1027
807
652
488
437
491
479
481
590
789
972
1086
1032
908
789
776
755
732
631
505
372
321
317
263
308
343
385
490
634
733
914
1024
1062
1138
1146
1107
1078
1084
1095
1058
1037
985
919
950
892
862
804
795
767
767
805
824
911
993
1061
1161
1187
1278
1237
1153
1032
930
856
821
811
707
672
637
565
446
334
464
512
534
587
744
812
705
958
1207
1425
1479
1300
1116
883
657
463
325
334
607
674
745
763
749
727
592
333
487
488
548
605
572
488
524
419
603
659
610
614
823
960
940
732
133
238
421
535
577
586
638
750
894
1061
1197
1572
1594
1327
2062
2428
2413
2136
1716
1490
1814
2536
2622
2459
2472
2498
2541
2656
2708
2706
2496
2460
2867
3059
2822
2301
1749
1183
1302
2047
2568
2655
2522
1594
655
550
649
800
1025
1490
1637
1629
1525
1580
1885
2057
2726
1093
1013
1258
1294
1107
969
922
952
1079
1159
1091
852
1049
1452
1575
1361
1776
2091
2019
1771
1489
1322
1253
1144
911
636
823
771
444
338
276
282
436
394
194
336
262
150
295
297
343
672
537
363
540
555
511
503
527
511
459
510
600
659
782
872
966
991
955
787
545
299
730
1084
1003
876
731
574
475
305
299
199
159
381
382
308
258
213
257
288
283
392
435
392
589
919
1135
1106
852
991
817
583
955
892
501
569
456
249
438
505
276
622
885
896
873
1352
1974
2210
2271
2388
2494
2491
2403
1929
1322
792
616
633
701
752
803
875
961
955
944
825
703
584
470
399
364
390
439
390
367
349
319
339
358
402
387
404
426
442
395
370
359
373
355
310
256
261
222
236
211
205
187
165
127
85
57
64
48
42
32
41
29
1
1
38
49
64
71
45
6
4
3
1
2
5
5
1
7
4
10
13
11
16
55
71
80
93
124
144
177
211
226
215
216
223
254
271
309
447
404
362
262
145
44
9
134
190
191
203
175
121
146
134
122
128
135
173
231
309
354
382
370
339
298
270
224
203
156
116
103
106
94
111
130
144
143
125
80
20
53
88
108
98
75
63
70
114
160
187
218
208
168
132
86
79
73
91
94
79
43
37
83
110
109
83
52
34
16
5
17
25
20
17
25
31
23
13
16
8
10
9
11
17
41
35
10
1
33
69
83
79
81
79
47
17
3
0
1
0
0
1
2
0
0
0
0
0
1
0
2
4
3
2
1
3
4
13
18
27
26
25
27
27
18
2
2
0
0
0
7
14
15
17
12
3
0
2
44
71
88
90
42
19
23
13
14
14
3
9
57
105
105
57
20
47
74
45
32
21
10
6
2
5
2
9
35
61
34
19
62
50
77
193
299
412
518
682
866
900
992
1150
1048
940
745
618
594
667
759
750
709
686
788
839
733
616
470
335
282
271
293
318
302
350
384
411
391
432
568
669
733
784
749
689
594
518
457
426
420
502
544
619
589
540
455
413
348
370
411
659
867
1055
1214
1369
1386
1435
1320
1213
1166
1262
1258
1227
1202
1149
1092
1050
1011
1010
1010
954
804
634
519
610
577
592
582
616
783
953
1081
1111
1103
1126
1038
849
797
669
527
483
399
391
418
392
421
417
588
713
721
671
562
443
369
251
125
113
215
305
362
359
312
390
463
562
725
1343
1023
955
865
840
724
559
520
370
272
228
296
413
411
323
512
542
797
827
805
812
739
517
463
520
627
709
866
1104
1339
1597
1295
922
849
746
661
731
663
431
401
428
545
534
547
495
800
1001
1108
1121
1071
1099
1169
1236
1294
1333
1294
1254
1116
1045
1025
983
797
729
854
853
773
704
606
409
300
300
373
512
660
700
683
534
495
658
733
743
745
763
749
713
651
548
549
511
446
352
192
40
46
104
151
145
123
94
88
106
118
116
84
54
26
27
24
12
0
2
9
15
17
35
40
45
39
41
23
21
14
21
15
6
2
3
8
21
49
125
209
274
356
406
433
391
378
318
280
250
214
159
110
95
71
58
47
34
29
10
16
14
7
6
5
4
1
0
0
0
0
0
0
17
89
183
260
304
319
319
333
311
275
217
194
123
91
102
119
82
103
98
131
155
189
231
246
350
537
754
907
936
942
1009
1084
1150
1206
1403
1450
1477
1406
1497
1556
1654
1675
1625
1562
1472
1349
1462
1669
1780
1906
1880
1737
1517
1374
1260
1142
978
857
994
1168
1125
1016
980
915
939
955
914
894
832
854
1153
1325
1394
1316
1161
1067
795
850
969
2345
816
728
795
955
1147
1136
902
528
465
645
870
894
945
1049
1028
938
762
582
590
876
1084
1208
1297
1123
831
585
613
815
992
1221
1302
1478
1704
1663
1198
1215
1159
793
728
807
808
996
1021
1054
1200
1184
1950
3241
3963
4323
4278
4005
3308
2631
1955
1242
2073
2928
3508
4082
4213
3959
2979
1948
1628
1534
2236
2469
2435
2298
2186
1885
1759
1579
1569
1887
1978
1917
1553
1533
1222
1029
1043
1014
864
749
836
998
1020
832
713
899
1223
1430
1624
1599
1405
1209
1007
869
839
671
431
203
177
230
273
220
298
261
238
209
170
72
36
45
46
47
49
76
102
134
131
136
180
225
278
336
436
524
607
757
805
923
1189
1167
1284
1401
1384
1365
1354
1438
1528
1605
1640
1648
1602
1559
1466
1421
1401
1314
1210
1139
1039
858
664
495
324
200
69
26
60
105
186
268
329
407
416
506
494
585
646
654
652
694
716
697
777
798
785
804
813
848
809
736
720
718
727
703
758
713
809
774
746
661
719
702
730
639
616
532
567
485
421
379
390
454
379
368
332
322
307
255
199
222
250
200
162
129
184
164
153
167
161
161
159
183
130
119
144
97
68
68
79
88
97
66
35
18
4
0
17
25
37
40
31
30
58
32
53
55
67
77
28
27
142
41
63
79
82
89
84
66
54
45
27
20
5
3
2
0
1
2
0
0
0
0
2
1
4
9
11
15
13
10
0
4
0
0
1
0
1
0
2
2
6
11
4
0
0
0
0
0
0
0
0
0
0
0
0
0
0
0
0
2
12
2
2
10
6
1
4
6
8
4
6
4
9
4
1
1
1
3
3
6
21
15
1
22
51
86
108
88
34
6
32
45
51
64
92
82
91
90
76
50
52
41
31
28
18
14
14
7
0
0
0
0
2
0
3
0
1
0
0
0
0
3
0
0
6
15
23
17
10
46
190
379
547
654
761
791
828
872
903
919
924
809
823
707
513
516
746
674
355
585
680
588
520
451
465
431
460
400
410
444
456
433
474
489
475
470
399
402
401
370
340
267
215
135
86
73
63
61
106
133
147
143
122
92
63
34
22
26
35
27
11
9
17
5
9
25
38
36
36
26
26
31
26
14
22
29
7
1
15
16
15
3
3
0
0
0
0
6
2
3
9
11
0
0
0
0
0
0
0
0
0
0
0
0
0
0
0
0
8
10
7
3
0
0
3
0
0
1
0
0
0
0
0
0
0
0
0
2
0
0
0
0
1
7
30
57
73
92
100
125
89
82
79
51
46
36
46
51
56
38
36
63
150
154
148
118
78
68
67
55
26
22
28
14
7
4
15
14
26
23
9
13
46
76
101
128
184
215
208
183
115
37
17
25
52
81
64
64
64
39
47
57
63
55
66
63
56
35
18
24
14
40
75
148
202
221
255
246
334
433
474
387
432
430
557
725
812
892
983
854
759
600
562
571
611
636
743
718
467
246
995
1602
2036
2221
1957
1785
1459
1088
715
1039
1301
1854
2104
1781
1349
1540
2682
3536
4004
3795
3526
2872
2002
892
768
1320
1823
1899
1374
545
642
1108
1412
1305
900
551
618
94407
94757
0
0
0
0
0
0
0
0
0
0
0
0
0
0
0
0
0
0
0
0
0
0
0
0
0
0
0
0
