612
2816
2432
1123
2587
1092
5027
2504
1020
2410
2850
1070
18616
2
3
8
66
178
323
399
451
432
422
362
264
182
137
141
170
193
192
186
157
142
121
90
40
31
45
55
96
151
191
272
286
333
325
291
275
270
242
185
197
163
127
147
130
87
50
45
14
9
6
0
1
2
2
0
1
3
6
1
1
0
0
0
0
0
0
0
0
0
0
0
0
0
0
0
0
0
0
0
0
1
0
0
0
1
0
0
0
0
0
0
0
0
0
0
0
0
0
0
0
4
0
1
0
0
0
0
1
0
0
0
0
0
4
12
44
18
1
4
10
3
7
2
3
0
0
0
0
0
0
0
0
0
0
0
0
0
0
0
0
0
0
0
0
0
0
0
0
2
37
62
93
135
180
177
156
96
51
23
9
2
0
0
0
0
0
0
0
0
0
0
0
0
0
0
0
0
0
0
0
0
0
0
0
0
0
0
0
0
0
0
0
0
0
0
0
0
0
0
0
0
0
0
0
0
0
0
0
0
0
0
0
0
0
0
0
0
0
0
0
0
0
0
0
0
0
0
0
0
0
0
0
0
0
0
0
0
0
0
0
0
0
0
0
0
0
0
0
0
0
0
0
0
0
0
0
0
0
0
0
0
0
0
0
0
0
0
0
0
0
0
0
0
0
0
0
0
0
0
0
0
0
0
0
0
0
0
0
0
0
0
0
0
0
0
0
0
0
0
0
0
0
0
0
0
0
0
0
0
0
0
0
0
0
0
0
0
0
0
4
11
0
6
0
0
1
25
94
65
18
16
32
20
6
4
9
4
4
7
1
0
1
0
0
0
0
0
0
0
0
0
0
0
0
0
0
0
0
0
0
0
0
0
0
0
0
0
0
0
0
0
0
1
0
0
0
0
1
1
1
0
0
0
0
0
0
0
0
0
0
0
0
0
0
0
0
0
0
0
0
0
0
0
1
0
0
0
0
1
9
16
11
23
52
61
63
49
15
12
8
5
8
4
0
0
0
0
0
0
1
3
5
2
7
14
9
13
19
8
8
4
1
0
0
0
0
0
0
0
0
0
0
0
0
0
0
0
1
1
3
0
0
0
0
0
0
0
0
0
0
0
0
0
0
0
0
0
0
0
0
0
0
0
0
0
0
0
0
0
2
0
0
16
13
3
1
0
3
17
122
34
19
8
2
0
0
0
0
0
0
0
0
0
0
0
0
0
0
0
2
12
3
0
1
5
8
9
5
4
0
0
0
0
0
0
0
0
0
0
0
0
0
0
0
0
0
0
0
0
0
0
0
0
0
0
0
0
0
3
11
4
0
2
1
0
0
0
0
0
0
0
0
0
0
0
0
0
0
0
0
0
0
1
0
0
0
0
0
0
0
0
10
10
0
7
19
13
3
0
0
0
0
0
0
0
0
0
0
2
0
0
0
0
0
1
0
0
0
0
0
0
0
0
0
0
0
0
0
0
0
0
0
0
0
0
24
203
348
357
205
75
76
33
23
37
26
4
13
38
45
12
17
39
25
1
5
0
2
1
3
2
16
5
4
0
5
0
0
6
4
2
0
0
0
1
0
0
0
0
0
0
0
0
0
0
0
0
0
0
0
0
0
2
15
5
4
1
3
6
6
5
8
10
6
7
4
1
2
2
0
0
0
0
18
93
152
123
42
3
0
10
40
33
2
0
0
0
0
0
5
17
10
1
5
4
1
0
0
0
0
0
0
0
0
0
0
0
0
1
17
40
39
53
44
36
17
6
1
0
0
0
0
0
0
0
0
2
2
4
6
5
5
8
11
13
16
18
14
10
11
4
2
3
2
2
0
0
0
1
20
18
29
64
85
91
82
47
11
4
0
0
0
0
0
0
0
0
0
0
0
0
0
0
0
0
0
1
0
0
0
0
0
0
0
0
0
0
0
0
0
0
0
0
0
0
0
0
1
0
1
1
1
0
11
38
60
35
4
11
4
3
10
7
1
0
0
0
0
0
0
0
0
0
0
0
0
0
0
0
0
0
2
18
68
120
160
122
68
33
23
7
14
45
112
120
58
53
72
39
21
11
14
3
6
5
7
0
0
0
0
1
5
0
0
0
0
0
0
0
0
0
0
0
0
0
0
0
0
0
0
0
0
0
0
0
0
0
0
0
0
0
0
0
0
0
1
1
2
1
0
0
0
0
0
0
0
0
0
0
0
9
13
0
0
5
3
14
60
10
2
84
179
145
232
297
126
21
142
147
33
43
64
53
18
35
72
87
120
161
190
216
213
128
38
15
6
5
1
0
8
2
17
32
22
2
0
0
0
0
3
12
20
0
7
11
2
0
5
32
14
22
24
14
28
22
23
28
30
26
18
20
22
19
33
20
15
10
7
11
7
7
4
12
28
47
72
78
107
134
146
135
119
110
68
60
157
251
355
480
1102
1874
1648
1267
584
1036
1610
1766
1818
1706
1217
848
546
476
297
229
339
460
585
465
277
230
245
280
258
195
157
317
365
388
413
379
369
378
290
225
220
219
188
118
78
103
126
171
115
105
120
150
56
9
11
59
119
122
77
33
32
10
13
39
49
38
39
33
46
84
118
155
244
306
346
337
352
273
248
237
249
216
209
184
148
146
137
77
78
76
45
61
22
15
8
4
13
2
25
43
17
10
15
23
33
16
1
1
0
4
18
62
68
31
15
5
0
6
7
6
6
8
4
8
8
7
26
101
297
453
470
308
128
42
35
48
73
88
76
34
37
24
40
21
18
10
12
17
90
186
196
257
375
372
424
457
586
688
649
602
649
771
895
949
1188
1687
1826
1796
1744
1429
1066
852
613
514
468
825
811
621
198
195
309
513
717
907
1172
1258
1385
1418
1381
1261
1200
977
839
768
623
456
337
209
119
189
290
401
578
675
675
539
288
199
187
249
429
642
858
962
1094
1034
1022
892
629
424
392
542
514
474
371
396
652
772
517
278
734
699
540
538
404
346
312
351
331
314
321
328
364
223
56
148
144
128
50
87
210
345
319
198
86
204
395
483
570
640
484
318
328
354
323
272
253
75
170
282
334
328
305
393
598
788
971
1181
1687
1949
1936
1560
882
693
268
274
141
303
430
110
62
38
51
18
1
20
45
59
64
41
26
6
13
10
12
6
18
32
8
3
9
13
3
6
18
6
19
47
24
39
51
18
16
4
15
13
6
0
4
12
15
12
7
11
5
3
23
20
27
110
155
150
67
7
4
5
2
5
18
32
20
8
16
19
1
1
3
3
0
1
0
1
0
0
0
8
15
3
0
0
0
3
0
0
8
9
0
13
11
1
5
3
6
3
2
5
3
14
12
9
3
2
6
0
0
0
1
0
0
15
28
21
41
59
108
133
109
72
31
9
3
4
1
9
2
0
0
5
48
174
291
332
343
292
247
145
75
19
6
31
19
9
5
0
2
0
0
5
0
13
5
0
3
21
26
6
25
12
0
0
4
8
11
0
24
3
2
6
15
7
0
0
2
0
2
0
0
0
0
0
0
0
0
4
3
1
0
1
0
0
0
0
5
7
1
1
0
3
7
8
13
11
6
4
7
7
7
6
9
13
12
10
14
11
6
4
2
2
1
0
0
2
6
1
0
0
0
0
0
0
0
0
0
0
1
2
6
5
0
2
7
7
8
0
0
6
10
21
6
0
4
5
0
0
0
0
0
0
4
0
0
0
0
2
13
14
9
9
13
11
3
3
14
63
148
240
225
156
84
15
13
12
1
4
17
14
0
0
0
6
16
18
42
75
99
73
34
16
5
4
8
4
26
17
1
7
6
10
5
4
0
0
0
0
3
0
0
0
0
0
9
5
0
5
2
4
12
0
0
0
0
0
0
2
12
14
5
4
8
6
2
0
0
0
0
0
0
17
17
26
36
35
24
12
8
5
6
1
1
0
11
14
9
9
16
22
17
13
5
1
2
7
5
4
17
32
180
591
1265
1504
1688
2063
2144
1914
1778
1353
953
699
484
414
305
195
138
102
85
75
70
31
65
146
235
251
224
267
435
558
590
572
446
459
397
377
330
290
272
300
405
461
583
726
778
857
976
1212
1432
1640
1884
1968
1750
1350
1126
1177
1175
1022
939
896
834
695
571
609
611
539
484
449
648
881
1060
1264
1626
2135
2831
3105
3037
2780
2135
1752
1292
810
462
513
373
315
323
310
329
303
303
285
295
328
448
844
1451
2336
2658
2570
2437
1769
1714
1452
1009
736
482
318
295
428
472
483
469
416
358
331
267
225
161
180
262
423
423
489
597
705
859
680
223
247
269
220
200
324
504
579
531
477
671
722
578
366
281
197
102
50
109
68
53
55
39
13
14
6
1
18
11
12
80
267
440
473
379
539
720
755
722
563
479
272
219
311
236
268
336
371
465
628
743
638
444
110
166
42
150
220
125
63
107
129
89
65
103
213
362
757
1186
1565
2021
1931
1777
1887
1765
1868
1638
1064
767
580
536
462
339
167
52
23
7
7
3
11
23
21
20
75
133
78
36
48
116
306
496
606
550
495
410
280
252
422
963
1638
1711
1533
1430
1482
1595
1720
1822
2323
2876
3304
3297
3055
2829
2603
2441
2285
2175
2071
1677
1271
1051
1025
1445
2164
2588
2916
3034
3053
2858
2516
2052
1481
1024
657
505
402
489
689
1044
1447
1867
2272
2649
3106
3604
4058
4352
4377
4323
4213
6774
4447
4099
3625
3187
2850
2599
2213
1858
1812
1809
1711
1586
1599
1649
1491
1158
1011
914
825
681
497
384
195
114
84
51
33
36
39
49
55
96
97
85
103
94
65
59
41
41
24
7
1
1
6
0
8
12
37
35
34
34
37
47
41
41
34
24
22
19
31
73
175
247
266
295
267
209
129
84
53
25
20
38
33
17
6
1
3
8
14
14
9
5
8
24
54
134
275
446
477
908
2399
3300
2587
1360
788
813
794
797
991
1181
950
714
1165
1223
1387
1616
1423
1070
607
255
989
1526
1670
1847
1589
1644
1637
1410
830
757
1221
1760
2012
2046
1793
1217
665
499
383
141
251
405
517
574
511
430
318
307
232
223
230
338
426
571
717
891
1153
1344
1658
1750
1706
1564
1408
1243
930
851
743
686
609
516
368
321
350
489
777
905
1148
1577
1815
2022
1958
1594
1500
1487
1382
1193
1022
1161
1248
1081
1366
1814
2310
2527
2852
2626
2560
2277
2221
2119
1724
947
569
722
885
714
615
671
699
726
1041
1580
1938
2004
2054
2017
1751
1536
1306
1104
901
778
728
653
644
586
528
435
325
294
339
418
545
514
413
287
240
274
266
225
197
162
203
190
132
87
68
60
34
60
90
204
363
352
333
278
253
139
95
93
141
133
124
122
75
69
89
74
68
54
58
59
35
19
8
13
28
117
245
327
410
382
414
365
280
206
131
105
93
86
78
88
75
82
115
131
103
72
29
22
37
76
100
79
64
47
37
25
46
58
57
38
31
76
113
208
277
357
380
334
243
153
145
213
237
196
170
134
83
85
88
54
24
8
9
6
3
0
0
5
3
0
2
4
1
0
0
0
0
0
0
0
0
0
0
0
0
0
0
4
0
3
10
41
150
230
292
270
221
133
50
20
8
7
5
3
2
0
0
0
0
0
0
0
0
4
32
93
146
217
231
213
183
108
62
31
23
9
5
1
0
0
0
0
0
0
2
0
0
0
0
15
190
303
229
10
5
1
93
168
49
20
85
22
12
11
13
39
61
49
39
14
14
3
1
0
3
0
0
0
3
56
147
216
231
230
177
104
46
21
2
0
0
11
1
1
0
4
0
0
0
0
0
0
0
0
0
0
1
0
0
0
0
0
0
1
0
0
0
0
0
1
0
0
0
0
0
0
0
0
0
0
0
0
0
0
0
0
0
0
0
0
0
0
0
0
0
0
0
0
0
0
0
0
0
0
0
0
0
0
0
0
0
0
0
0
0
0
0
0
0
0
0
0
0
0
0
1
0
0
0
0
0
0
0
0
0
0
0
0
0
0
0
0
0
0
0
0
0
0
0
0
0
0
0
0
0
0
0
0
0
0
0
0
0
0
0
0
0
0
0
0
4
21
73
271
383
372
219
180
164
207
192
174
109
54
122
257
284
235
181
199
303
225
86
153
225
98
54
58
30
97
112
19
33
65
47
34
19
22
32
85
83
102
141
143
223
320
380
419
443
420
398
330
234
157
123
92
69
76
66
39
38
22
27
15
3
11
9
8
3
5
3
0
0
0
0
0
0
0
0
0
0
0
0
0
2
16
34
56
89
135
172
193
303
598
1000
1151
1319
1551
1575
1606
1635
1569
1230
843
537
308
140
62
46
31
23
5
3
20
45
33
30
32
50
72
68
31
7
32
107
83
21
3
2
9
23
19
7
0
2
22
22
4
22
51
40
23
13
3
28
27
1
4
11
20
28
27
21
21
8
15
0
13
20
38
138
299
650
1220
1776
2171
2506
1947
2040
2037
1304
461
315
292
316
254
125
93
59
38
48
64
70
77
106
289
883
1645
1811
1190
870
620
925
1021
471
269
549
578
401
130
87
83
96
80
129
190
234
205
126
74
69
85
97
136
100
38
39
61
105
150
136
224
295
274
265
189
109
95
43
411
887
999
1017
1019
888
715
579
640
911
1001
803
421
1124
1215
1164
1146
480
845
940
692
333
687
742
467
359
807
784
453
524
707
707
531
480
531
413
369
300
165
116
140
207
149
169
459
650
665
272
171
447
486
523
416
393
539
730
938
1051
1234
1311
1056
1232
1519
1683
2098
2147
1660
894
967
1270
1129
765
627
384
486
575
959
1008
1077
1062
742
797
697
964
1223
1318
1077
821
706
892
747
806
795
623
415
340
307
352
386
466
470
446
428
394
558
785
669
458
339
336
586
947
1256
1281
846
569
718
724
719
739
479
645
665
667
523
607
808
823
1015
949
691
556
550
594
618
525
476
407
347
345
389
338
337
260
107
5
14
31
67
67
54
41
46
44
34
22
10
1
0
3
5
1
1
2
5
6
9
12
2
1
0
1
3
25
67
58
50
13
20
38
38
46
25
22
28
17
10
0
3
15
15
3
25
55
27
15
40
10
3
6
9
13
59
108
246
431
616
776
830
881
913
874
831
875
735
535
671
829
795
676
480
246
78
25
167
282
314
442
515
468
301
383
919
1578
1823
1984
1928
1763
1326
833
669
863
1109
1244
1102
921
584
335
344
579
624
605
538
454
276
139
85
158
306
376
338
332
365
387
352
274
209
134
66
36
18
5
78
242
416
556
607
587
640
743
741
661
411
329
380
341
393
599
827
1036
1023
957
1150
1099
680
312
64
92
159
171
122
77
41
30
8
26
31
33
78
77
99
168
254
304
333
309
221
136
93
47
39
27
24
13
6
1
20
22
12
23
52
114
202
322
311
543
750
976
911
848
631
282
322
230
83
275
343
319
431
893
1171
1326
1320
1359
1480
1533
1841
2479
3988
6559
6944
5673
3966
2878
2283
1562
886
1122
1349
1778
2346
2683
2612
2319
1544
1088
1217
1238
966
555
1085
1343
1458
1220
1134
1247
1358
1638
1901
2316
2841
2923
2986
3017
2199
1371
521
724
1862
2555
2425
2025
1965
2209
1917
2074
2099
2225
3014
3818
3495
2827
1903
911
426
736
865
675
586
938
1545
2093
2179
2458
2910
3220
3116
2729
2340
1980
1090
1106
938
590
773
780
376
147
178
172
109
86
148
99
50
44
53
24
38
59
70
37
4
0
8
21
12
6
16
12
2
1
9
14
6
7
12
24
22
3
5
18
5
1
0
4
46
86
133
173
196
170
125
78
29
14
0
0
1
1
0
1
2
1
1
0
1
0
0
0
0
1
0
0
0
0
0
0
0
0
0
0
0
0
0
0
1
0
0
0
0
0
0
0
0
0
0
0
0
1
0
1
0
0
1
0
0
0
0
0
2
5
6
58
66
60
63
52
38
20
11
28
5
0
1
3
1
5
30
133
187
144
44
50
100
158
199
138
19
33
7
6
0
8
5
24
41
24
16
40
58
75
63
46
55
22
10
8
7
7
24
13
5
3
5
16
18
5
4
6
8
7
2
11
12
14
15
2
0
16
30
70
229
355
358
326
300
257
202
135
67
91
128
73
18
9
23
6
4
14
0
0
0
0
1
0
0
2
13
11
6
0
3
0
0
1
0
0
5
50
104
209
325
357
336
295
232
113
38
6
0
0
0
1
0
0
0
0
0
0
0
1
1
0
0
0
0
0
0
0
0
0
4
95
248
288
142
30
34
14
7
0
6
6
8
1
9
0
0
0
0
0
0
0
0
0
0
0
0
0
0
0
0
8
22
31
61
130
206
269
297
241
152
66
17
2
3
1
0
0
0
0
0
2
0
0
0
0
6
9
8
5
5
0
0
0
1
0
0
5
5
5
8
8
7
4
0
0
0
0
0
0
0
0
6
53
196
389
730
860
1015
1188
1410
1560
1812
1922
2027
2262
2486
2812
3101
3034
2493
1771
1203
947
790
571
502
557
430
206
59
39
116
213
366
410
344
223
331
695
797
809
671
809
1025
1012
744
599
661
577
393
304
415
452
517
799
780
767
852
709
434
635
272
239
255
177
154
128
136
139
102
55
23
37
42
18
21
6
2
20
16
2
21
62
158
276
305
286
248
174
100
52
25
15
8
1
1
1
0
0
0
2
3
0
2
1
4
9
19
26
35
45
16
3
0
3
6
8
7
2
2
5
5
1
3
1
6
8
11
0
3
3
2
3
8
34
116
160
205
253
113
41
73
133
240
263
213
154
62
45
22
6
7
20
18
10
0
2
0
1
2
1
6
10
2
1
2
0
6
1
0
0
0
0
1
0
17
17
15
20
19
7
1
0
5
6
2
0
0
2
1
0
0
0
0
0
0
0
0
0
0
1
0
0
0
0
0
0
0
0
0
0
0
0
10
21
10
11
27
34
12
26
78
91
41
7
12
24
8
3
6
4
2
8
36
90
58
45
17
13
38
23
0
3
6
0
0
3
4
1
1
0
0
0
0
0
2
1
0
1
4
4
2
0
0
0
1
20
54
167
255
290
266
170
100
32
10
6
4
2
4
0
0
0
0
0
0
0
0
0
1
5
6
2
1
1
1
7
24
19
23
37
47
39
67
111
216
271
266
174
65
9
1
31
73
80
58
25
26
70
46
36
137
293
414
483
303
138
251
473
537
506
357
297
139
79
96
69
2
1
2
0
4
6
5
1
0
1
16
36
57
123
164
140
106
66
31
18
8
3
2
2
1
0
0
0
0
1
0
1
0
0
0
0
1
0
3
5
18
6
0
0
9
4
23
45
109
197
307
353
328
237
93
48
239
523
1073
1444
1992
2624
3005
3155
3424
3361
2962
2516
1865
1557
1805
2766
4172
4630
4089
3237
2691
2450
2224
2375
2956
2668
1380
869
771
929
893
1445
2250
3017
3401
3520
3242
2391
1822
1515
2687
1589
1483
1383
1190
1021
889
818
763
762
1128
1572
1664
1543
1409
1525
1774
2000
2061
2262
2358
2339
2131
1795
1340
1044
506
204
418
601
804
1111
1207
1120
995
1080
1333
1670
1839
2027
2158
2325
2182
2399
2596
2216
1727
1358
1158
848
586
601
916
1351
1906
2495
2795
3088
3561
3849
3853
3637
3481
4362
3474
2202
1961
1853
1311
789
524
496
467
544
704
858
992
994
786
923
1345
1901
2366
2719
3089
3257
3217
3313
3307
2993
2566
2274
2058
1688
1309
1032
791
622
545
521
499
514
480
454
370
308
199
132
174
173
128
104
69
74
96
104
108
139
132
130
155
155
212
291
390
652
846
814
557
226
142
299
487
439
300
144
75
54
52
52
81
68
67
68
89
151
154
75
70
65
32
18
27
40
19
24
11
11
15
11
10
17
10
4
0
1
11
234
850
2044
2801
1982
2094
1843
2229
2304
2017
1779
1323
941
644
627
407
211
138
103
72
63
29
45
153
157
128
68
49
28
11
22
45
111
150
148
127
135
113
66
100
133
145
205
464
548
666
806
691
455
508
393
157
492
674
798
632
591
647
757
661
249
236
276
60
732
393
258
46
29
25
60
39
7
18
42
32
32
86
234
360
414
457
466
677
916
1119
1016
612
371
398
491
470
274
339
319
261
136
36
34
59
134
132
155
315
648
940
1075
1053
617
418
321
162
229
339
314
227
79
169
242
315
364
324
267
136
25
80
107
93
50
45
53
80
86
86
57
5
209
338
359
291
267
271
247
289
283
304
161
354
470
488
468
387
618
605
483
575
494
456
536
432
300
275
470
573
502
281
123
244
261
168
29
59
154
192
199
144
25
131
53
91
267
423
499
731
1054
1418
1555
1486
1256
1080
888
629
380
146
63
83
178
250
333
464
578
609
645
639
599
583
495
439
407
374
332
676
1206
1337
1474
1941
2320
2414
2323
2248
2270
2452
3047
4020
4279
3486
2503
1805
1270
820
588
854
962
933
853
900
1491
2359
2909
2883
2561
2446
2300
1930
2393
2861
3107
3201
3346
3801
3734
3221
2523
1825
1597
1512
1392
1202
954
756
555
494
726
1084
1309
1172
1137
1201
1219
1140
846
588
549
820
759
492
358
312
263
132
95
87
79
57
67
123
151
170
151
123
76
34
26
6
0
1
1
5
4
2
0
0
3
21
18
19
13
0
6
18
16
13
6
3
10
22
13
7
9
5
7
7
2
4
10
9
12
17
19
28
52
55
96
332
48
34
52
48
33
21
12
5
3
7
6
3
0
0
2
0
0
0
0
0
1
3
1
0
0
0
0
0
0
0
1
13
97
288
355
295
45
9
14
0
32
52
18
6
60
97
37
19
152
206
100
37
100
134
65
75
132
92
23
52
107
64
30
38
68
44
30
40
43
26
14
19
31
26
19
8
0
1
6
3
1
0
0
0
0
0
0
0
1
1
0
0
0
0
0
0
0
0
1
0
0
0
0
0
0
0
0
0
0
1
0
0
2
27
118
190
239
240
169
120
64
29
43
41
51
47
55
70
71
58
31
24
8
0
0
0
0
5
12
13
61
160
138
32
20
53
48
38
33
24
33
49
78
150
204
128
63
89
143
111
192
237
326
332
332
328
305
275
212
158
140
94
58
34
0
1
9
5
13
9
5
12
19
24
32
24
29
34
60
56
64
64
86
88
115
108
69
44
11
1
3
2
0
0
12
2
3
1
0
0
0
3
0
2
2
0
0
1
2
1
1
2
0
0
0
0
0
0
0
0
3
7
35
71
94
105
158
190
219
178
117
80
47
29
13
14
36
53
43
7
1
4
3
4
4
1
1
0
0
0
1
1
0
2
0
2
2
3
0
2
5
15
20
2
0
3
0
1
9
12
18
41
82
124
222
275
356
405
356
248
129
62
30
22
8
15
15
5
0
0
0
0
0
0
0
0
0
0
0
1
0
4
6
5
6
8
14
10
4
4
0
2
10
16
27
31
32
10
2
1
15
4
1
19
16
11
34
29
22
15
4
6
2
12
1
2
7
12
4
0
0
10
15
4
0
8
9
7
4
11
10
5
8
6
4
50
116
178
93
42
40
18
18
11
38
21
18
49
69
86
30
26
27
15
27
7
19
18
5
13
12
6
3
5
2
0
8
3
0
5
4
1
0
7
38
27
54
36
1
4
14
17
7
7
2
0
2
0
0
13
24
0
0
11
48
43
26
2
13
22
11
7
25
49
23
11
13
8
4
0
13
14
116
221
366
465
711
1190
2071
1631
1473
987
468
494
302
360
346
569
774
950
1068
1292
1343
1295
1178
669
869
902
672
646
898
1054
1166
1049
923
924
797
589
398
241
192
241
187
42
20
21
24
34
74
69
68
87
43
22
30
39
37
31
31
162
47
46
98
368
945
1422
1879
1824
1490
661
400
902
1255
1009
795
1047
754
484
749
719
513
300
267
357
714
864
927
818
776
553
416
378
206
120
93
103
94
97
87
114
103
96
45
37
143
320
547
877
1433
2227
2815
3277
3915
4236
4508
4716
4682
4442
4306
4675
5300
5674
6015
6476
7153
7142
6597
5789
4457
2643
1517
2312
3243
3984
4333
4549
4561
4756
4870
4880
4940
5113
5221
5160
4952
5025
5620
6182
6579
6386
6051
5771
6178
6439
6121
5367
4947
4411
4227
4175
3519
2500
1508
769
869
1100
1171
820
811
740
792
792
825
921
1091
1225
1187
1196
1316
1291
1277
1204
1296
1332
1240
1186
1137
1045
1005
863
716
581
449
364
272
208
148
122
105
88
102
139
118
116
74
63
46
58
71
207
386
661
957
1404
1437
1470
1137
482
322
671
790
540
449
534
624
765
786
608
400
515
585
747
935
1195
1446
1653
1739
1473
1195
1159
988
1025
538
361
394
363
228
178
99
86
63
53
30
32
60
35
27
18
7
6
5
6
31
26
56
47
79
152
159
162
163
170
217
338
475
597
679
819
909
1007
1227
1573
1863
2115
2265
2270
2369
2481
2226
1846
1451
1174
921
756
539
429
315
177
137
167
158
170
233
228
162
197
214
178
135
141
164
164
214
262
243
222
192
160
172
184
256
350
375
303
224
170
160
111
51
34
41
50
251
543
790
1065
1271
1368
1342
1364
1356
1473
1586
1723
1647
1594
1609
1711
1529
1299
1077
833
616
435
300
172
64
137
290
320
282
314
410
542
607
555
491
394
342
549
1135
1863
1758
1156
492
304
448
567
573
499
477
460
495
581
671
770
880
977
1182
1254
1285
1236
1380
1436
1490
1501
1414
1199
1082
1017
825
745
608
583
588
615
580
652
885
1397
2257
2977
2909
2685
2237
1756
1411
1102
913
813
756
1152
1439
1585
1771
1751
1856
1776
1677
1528
1258
1010
492
214
110
155
209
192
256
428
484
344
305
261
270
550
1070
1334
1588
1854
1865
1768
1335
857
512
593
609
836
932
959
1014
1046
1259
1146
793
568
284
103
75
124
234
265
210
66
3
57
101
95
48
95
113
121
111
38
20
119
169
102
116
168
151
83
58
88
76
121
192
201
162
141
67
25
21
38
106
162
111
113
104
12
2
8
14
19
30
13
8
1
0
4
20
59
62
46
61
63
113
274
383
426
454
418
373
326
279
253
390
518
644
726
954
1079
950
1042
1122
1018
668
495
551
640
602
568
626
650
716
729
669
719
773
1677
842
820
802
708
647
649
601
688
787
881
783
650
517
387
326
209
111
52
8
9
71
198
270
261
255
248
150
89
24
19
26
95
140
187
192
154
98
70
68
100
113
86
64
67
72
150
229
278
262
220
140
113
83
26
12
184
279
304
239
84
51
37
82
109
86
72
38
55
35
23
29
38
49
83
61
32
23
66
107
109
54
16
21
38
34
25
5
9
69
115
144
148
169
77
14
111
163
150
86
32
26
31
23
17
14
15
22
73
110
78
55
7
2
16
16
6
2
7
49
48
19
8
19
47
42
58
103
151
188
165
85
21
5
5
4
9
0
6
49
208
465
860
1171
1263
1450
1631
1533
1409
1253
1281
1054
681
566
443
387
362
225
385
356
209
273
169
127
114
78
64
84
112
86
57
46
41
31
23
24
15
12
23
40
82
100
145
227
347
443
398
346
290
247
232
252
351
412
539
566
570
536
461
356
284
68
247
251
126
3
5
8
41
67
93
260
577
1072
1440
1663
1439
1495
1389
1194
966
680
505
401
352
371
344
307
193
99
93
99
99
88
97
60
83
200
263
244
189
181
145
124
181
191
181
130
96
46
31
75
186
387
496
459
340
199
157
265
423
427
296
160
166
149
61
37
76
69
108
178
224
203
132
94
91
74
64
46
39
34
50
65
66
61
159
195
154
107
35
63
183
287
316
312
260
215
139
117
124
156
161
155
158
151
135
131
112
123
128
49
35
43
45
49
75
83
95
106
103
98
87
91
120
197
244
295
331
375
356
343
287
248
201
180
159
145
116
74
41
23
11
7
10
7
8
14
12
18
15
22
37
64
77
88
65
56
27
10
6
5
11
17
21
13
29
96
193
283
342
322
241
155
80
34
12
2
0
3
3
0
0
0
0
0
0
0
0
0
0
1
0
0
0
0
0
0
0
0
0
0
0
0
0
0
0
0
0
0
0
0
0
0
0
0
0
0
0
2
10
167
270
301
231
168
126
92
101
120
133
145
165
106
83
109
66
48
54
74
70
29
16
56
117
193
286
280
186
114
156
187
144
107
96
190
399
622
698
660
591
451
430
409
336
263
187
107
56
82
106
60
24
13
13
9
31
30
39
21
14
18
11
16
14
18
28
16
3
6
5
0
0
0
0
0
0
0
1
1
4
0
0
3
3
5
0
0
0
0
0
1
3
6
10
58
131
209
251
281
252
207
139
64
25
22
10
12
3
2
0
1
2
0
4
10
7
5
2
0
0
0
0
0
0
1
6
3
0
0
0
0
0
0
4
82
143
91
60
105
123
61
51
25
41
10
8
26
67
12
61
138
83
36
85
265
535
758
881
841
660
480
306
64
19
33
99
134
136
117
95
57
32
30
50
20
8
25
45
60
34
6
8
11
1
0
3
0
0
0
0
1
2
0
0
0
0
0
0
0
0
0
0
0
0
0
0
0
1
2
2
0
0
0
0
0
0
0
0
0
0
0
0
0
0
2
48
193
318
368
344
263
158
131
115
431
379
379
389
282
188
111
62
84
178
311
535
810
1097
1510
1786
2176
2715
3120
3241
3300
3390
3415
3345
3396
2931
2385
2451
2010
1673
1568
1421
1397
1508
1161
826
664
681
569
511
550
474
274
161
105
63
56
31
26
13
20
23
34
37
40
39
40
28
24
18
9
7
13
0
1
11
4
0
1
1
0
2
0
4
1
0
0
0
1
1
0
1
1
4
11
5
3
3
8
2
0
0
7
7
8
9
3
7
16
10
14
9
2
2
1
0
2
3
2
0
0
2
0
0
0
0
0
0
0
0
0
0
1
0
0
0
3
20
35
16
33
29
19
11
11
0
4
0
1
5
1
0
3
30
19
3
18
10
19
11
4
3
5
0
2
4
2
0
0
2
0
0
0
0
0
0
0
0
0
0
0
0
0
0
0
0
0
0
0
0
0
0
0
0
0
0
0
0
0
0
0
0
0
0
0
0
0
0
0
0
0
0
0
0
0
2
23
9
0
10
15
10
11
15
17
7
0
0
0
0
5
9
3
0
2
0
0
2
43
30
5
8
2
6
5
8
13
5
4
0
1
6
0
0
0
0
0
0
0
0
1
4
0
0
0
0
0
0
0
0
0
0
0
0
0
0
0
0
0
0
0
0
0
0
0
0
0
0
0
0
0
0
1
4
45
19
0
0
4
3
3
3
0
0
0
0
0
1
4
1
10
13
7
6
8
3
2
0
0
0
0
0
1
2
0
0
0
0
0
0
0
0
0
0
0
0
1
2
0
0
0
0
2
0
0
0
0
8
4
8
10
13
2
0
2
18
3
3
5
14
15
16
16
11
4
2
0
0
2
2
0
0
1
0
1
0
0
0
0
0
0
0
0
0
1
5
11
9
1
0
0
0
2
3
3
9
4
0
0
0
0
0
4
6
6
0
4
8
19
45
70
43
22
0
4
0
0
3
5
0
0
0
8
46
65
91
116
166
134
116
85
57
36
18
14
8
5
2
5
19
16
18
19
34
32
46
66
95
133
139
125
77
54
40
21
15
22
30
15
16
30
31
28
20
18
28
16
12
18
6
11
11
13
10
4
0
0
0
0
0
0
0
0
0
1
0
6
16
26
33
34
40
33
37
26
22
22
12
12
9
8
6
4
18
14
12
40
80
52
5
61
329
449
326
49
66
182
52
22
53
49
24
3
15
27
48
13
0
6
18
0
0
2
3
0
1
0
1
0
0
0
0
0
0
0
0
5
33
74
115
139
164
208
267
280
242
193
247
287
277
231
41
116
158
109
54
27
17
23
26
18
3
3
6
51
152
253
309
333
424
584
648
706
717
624
518
565
608
662
703
517
346
267
308
280
384
301
163
40
29
31
11
19
106
161
184
151
84
137
62
25
60
47
23
25
107
290
248
86
26
58
148
212
190
173
200
241
208
152
114
93
61
40
28
77
83
93
55
13
4
0
4
6
0
0
1
10
15
6
0
0
1
6
0
0
0
0
0
0
0
0
0
2
8
29
30
7
0
2
0
0
34
170
183
113
83
136
193
192
113
78
81
174
256
310
292
230
138
52
4
0
1
4
22
22
18
13
6
14
13
13
13
10
3
0
0
0
0
0
4
4
0
0
0
2
4
1
0
0
1
0
0
0
0
0
0
3
6
1
11
37
50
27
36
53
49
31
30
49
81
16
8
25
52
44
37
34
31
40
63
29
5
15
11
2
0
0
0
0
0
0
2
2
3
0
0
0
0
0
0
0
0
0
8
16
26
25
24
12
12
13
10
46
31
29
17
6
6
4
4
4
0
0
0
0
0
0
0
0
3
2
18
17
15
25
21
15
36
56
38
1
3
12
99
325
549
584
609
568
448
365
267
231
239
296
377
541
742
915
1022
1013
1037
1191
1319
1383
1278
1167
1096
932
998
921
692
925
1309
1656
1477
1362
1097
1135
1240
1235
1322
1415
1408
1167
1704
703
565
455
333
194
121
70
61
51
33
15
20
21
42
38
42
26
23
29
27
12
2
3
2
1
0
0
8
33
46
46
110
141
135
40
7
5
7
13
16
18
27
27
8
2
0
0
0
0
14
17
4
0
0
2
7
22
28
20
21
22
63
115
106
80
80
30
22
43
49
74
56
31
16
2
1
1
0
0
0
0
0
4
29
126
11
4
2
10
21
2
2
8
29
30
30
18
16
24
6
1
11
14
0
1
0
0
0
0
10
4
1
0
0
0
6
0
0
5
3
12
32
93
192
213
197
109
80
128
156
234
311
424
526
546
512
446
345
220
168
81
22
24
31
23
16
9
12
20
22
13
3
0
7
6
7
16
32
38
21
4
0
3
1
1
0
0
0
0
0
0
0
0
0
12
30
35
49
42
16
2
14
67
138
151
166
97
18
46
287
478
390
140
100
215
110
53
141
162
214
259
218
111
82
101
103
93
124
83
12
18
6
2
2
21
68
190
132
5
5
2
7
4
0
1
0
0
1
0
0
2
13
12
13
9
18
18
167
317
188
171
194
200
55
81
25
36
105
130
13
45
18
57
56
64
65
45
52
66
135
210
305
441
559
634
620
492
415
253
129
76
37
20
16
5
7
36
30
3
61
82
75
190
526
1069
1433
1950
2282
2617
2513
2335
3552
4418
4335
3750
3273
3021
2649
1995
1754
2690
4042
4124
2841
1677
2359
2785
2413
3089
2965
2581
2558
2514
2159
2001
1947
1921
1985
1763
1537
1786
3238
3037
2453
1793
1365
1358
1533
1495
1548
1475
1678
2213
2524
2423
2404
2459
2436
2396
2594
2988
3675
3996
4129
4555
4653
4586
4257
4175
4324
4107
3362
2816
2296
1765
1561
1552
1407
1105
868
579
341
339
563
1141
1752
2320
2876
3311
3885
4479
4839
5129
5088
3493
2163
1747
2112
2740
3101
3596
4310
5563
5621
4996
4461
4309
4496
4670
4861
4898
4640
4415
4181
3267
2428
2028
1322
928
765
592
464
380
387
344
229
161
217
226
166
212
317
352
337
704
1101
980
505
334
663
1205
1810
2078
2374
2376
2428
2240
1735
1261
820
562
467
439
298
129
58
69
73
112
134
136
59
66
139
166
172
150
106
98
75
63
45
66
73
103
155
144
149
208
291
443
583
534
471
326
226
47
8
24
8
8
17
22
24
4
4
25
36
80
297
594
815
1025
1507
1586
1409
1387
1287
1297
1106
881
964
800
616
595
756
692
721
726
1071
132
91
98
50
33
21
9
32
30
45
103
136
92
19
71
176
257
332
408
402
372
412
326
303
295
290
313
395
400
444
322
90
243
268
211
44
281
435
488
132
376
447
237
106
200
320
250
161
109
164
52
321
351
276
133
25
24
20
34
40
55
56
40
61
106
107
125
125
98
51
34
51
96
188
328
414
418
499
528
473
502
485
359
211
134
70
40
42
54
32
15
2
15
21
27
23
28
31
31
30
47
66
187
344
452
435
256
115
84
90
97
164
120
78
92
145
107
42
33
27
9
10
3
0
8
4
0
0
1
0
0
0
1
0
0
0
0
0
0
0
0
0
0
0
0
2
7
8
12
28
26
27
48
63
43
30
10
5
13
17
21
26
48
71
76
96
95
101
90
104
138
169
187
189
165
156
153
124
101
103
108
128
59
84
55
28
45
36
37
14
5
10
8
16
12
25
23
30
12
2
19
41
77
118
69
19
31
33
11
8
4
2
0
1
5
9
55
163
280
393
434
441
446
556
667
650
551
436
323
200
147
121
84
82
78
128
275
475
698
703
494
233
423
669
703
687
611
546
599
755
885
797
698
846
1060
1102
803
588
502
446
561
645
618
565
446
475
492
563
648
612
647
872
985
815
407
579
1270
1604
1649
1463
764
334
294
756
1120
1030
478
173
487
625
641
521
502
380
345
459
633
617
346
510
976
1116
844
560
353
563
722
749
536
415
589
804
495
204
477
920
1188
1396
1303
1032
678
553
428
416
431
335
250
210
132
81
90
85
66
102
182
166
73
86
126
98
125
186
184
192
170
47
4
8
53
73
135
198
167
144
142
112
93
79
36
30
9
27
32
100
312
755
853
777
619
648
704
564
883
1416
1861
1778
1513
1096
801
493
605
803
910
879
1019
980
851
806
662
531
387
346
673
764
684
606
626
869
1147
1392
1372
1108
850
615
312
114
73
81
118
202
409
567
678
719
719
672
459
213
526
725
894
1166
1053
809
483
174
191
301
268
215
241
295
376
434
371
262
167
119
91
81
71
78
80
77
78
77
35
16
48
52
17
22
57
158
293
336
321
244
162
128
127
121
106
87
91
161
162
117
103
88
90
125
166
225
265
269
233
178
97
39
52
64
79
126
182
199
206
155
147
149
134
110
92
156
178
184
153
124
93
218
91
79
90
83
111
159
199
167
164
156
76
34
42
64
83
156
254
323
395
406
386
363
430
490
365
351
346
315
203
83
56
21
38
35
17
3
4
11
23
36
10
1
3
2
4
15
58
89
119
104
104
73
56
49
79
52
24
17
15
3
0
0
0
0
4
53
122
304
840
1219
1415
1491
1606
1836
1241
850
894
837
620
328
426
687
834
896
1100
1143
1055
857
533
331
224
125
91
63
73
53
48
48
31
10
12
5
3
0
2
2
5
6
10
15
32
45
69
77
52
48
69
98
120
145
216
306
343
346
301
212
120
126
221
307
363
279
226
168
297
388
449
453
404
263
183
168
123
52
73
78
106
130
131
116
93
81
64
127
163
112
32
52
21
23
42
55
19
3
1
9
8
9
31
52
31
14
13
0
0
0
0
0
0
9
12
6
2
0
16
13
6
4
2
16
43
77
83
108
294
329
439
531
665
694
645
451
339
456
772
1133
1482
1777
1942
1939
1792
1792
1570
1572
1533
1351
1004
795
721
452
262
288
154
104
98
67
24
9
18
22
113
261
409
715
901
971
811
780
614
382
223
158
105
48
29
15
12
62
224
478
754
1018
1309
1576
2038
2479
3238
3930
4857
5552
5457
5092
4940
5260
5115
5693
6297
6537
6217
6020
5732
5217
4682
3409
2535
2593
2677
3062
3517
3551
3671
3834
3676
3714
4652
5974
7227
8023
8221
8493
8134
8371
8101
6546
4701
3996
4501
5130
5853
5898
5142
4602
3800
2847
1170
1821
1817
1827
2092
2051
1299
865
1274
2191
2844
3149
3932
4515
5298
5274
5118
5024
4816
4421
3718
3082
2360
1416
900
566
267
485
664
747
809
708
574
476
376
205
113
158
229
235
194
136
206
402
559
537
491
629
670
779
1037
1671
2218
2430
2441
2522
2104
1594
1014
361
787
1304
1614
1694
1635
1640
1559
1346
1235
1313
1654
1901
1540
1323
1746
1648
1364
1257
1116
1052
1051
1047
1060
955
783
605
434
249
111
216
559
1187
1367
1331
1034
805
653
549
452
412
279
90
35
101
242
306
384
353
332
344
312
234
150
67
20
10
29
92
132
184
190
189
178
164
101
49
20
11
4
8
46
80
115
110
103
95
49
70
101
127
209
310
452
620
791
870
843
674
615
590
606
560
474
394
327
192
111
220
452
661
856
887
902
796
782
721
714
826
757
701
671
636
595
477
417
350
261
180
117
58
10
11
26
79
131
111
123
125
151
201
150
140
204
317
529
1206
518
511
514
428
279
148
94
99
96
40
19
109
98
9
1
0
4
9
43
50
63
44
48
40
23
15
5
4
2
0
17
27
20
18
45
171
630
906
888
735
601
344
208
169
126
100
96
102
120
177
429
517
607
1040
1520
1738
1864
1863
1747
1817
1737
1797
1862
1197
1251
1723
1830
2141
2946
3876
4096
3451
2859
2644
2309
1770
1475
1427
1203
861
643
795
1378
1303
845
597
548
557
639
551
415
327
297
306
295
238
301
437
492
493
519
498
475
418
387
338
327
511
732
811
816
709
606
572
465
397
327
253
200
242
255
269
271
235
198
140
82
46
62
55
103
179
185
174
159
128
104
66
58
59
48
34
35
50
40
22
5
2
1
0
4
5
3
0
0
0
10
18
4
13
30
55
137
134
98
91
195
315
320
223
152
100
105
147
147
127
119
125
271
454
511
437
273
141
145
173
174
178
157
138
115
55
33
17
1
0
34
63
80
109
105
66
60
53
27
1
0
0
0
7
11
18
19
17
18
30
51
33
3
7
13
13
15
22
24
21
27
15
13
3
0
1
5
13
23
44
44
27
39
39
24
59
234
456
700
776
720
721
605
545
555
463
369
266
194
200
166
179
251
299
307
384
328
258
178
140
59
57
108
158
167
162
188
222
224
190
194
208
214
278
341
351
320
307
282
261
222
178
142
102
39
15
4
0
0
3
5
6
0
3
15
15
27
30
61
61
72
64
67
36
16
19
20
24
46
75
77
93
168
284
353
416
406
369
298
218
168
112
63
28
17
13
12
13
14
17
41
52
51
60
40
30
22
8
13
12
8
2
3
4
18
62
219
420
522
556
502
413
284
175
117
90
71
63
75
73
36
25
10
1
1
0
0
5
77
157
203
155
112
125
121
162
169
221
299
437
455
495
534
493
396
289
187
108
44
8
3
3
20
44
45
32
24
13
5
3
9
6
18
23
5
8
10
6
3
4
7
0
1
10
10
4
2
4
3
13
29
11
6
27
15
5
5
0
0
7
7
5
11
0
0
3
9
8
0
0
6
7
5
1
0
2
19
6
0
11
8
4
0
1
40
211
598
1065
1485
1766
1752
1421
1253
792
512
453
447
411
386
329
174
44
96
115
110
50
21
106
171
100
46
81
96
35
2
2
5
26
56
105
195
227
437
994
547
575
726
950
1137
964
575
270
269
256
142
107
109
121
127
87
27
29
29
4
1
11
17
4
1
3
7
0
5
18
2
1
2
0
0
2
0
1
9
7
3
6
17
15
6
0
2
1
0
0
0
0
0
1
2
5
17
37
58
56
34
30
51
167
456
884
1304
1748
2098
2399
2312
2054
1407
995
635
734
1182
1435
1589
1759
2098
2766
2890
3309
3220
2995
2766
2137
1996
1707
1362
816
1294
1664
1752
1910
2117
2365
2532
2501
2413
2664
3174
3727
4153
4383
3577
2372
1851
1820
1872
1896
1862
1718
1507
1297
1011
696
525
406
291
221
129
88
59
37
23
5
9
27
34
43
47
51
60
74
69
44
73
46
30
48
38
19
25
26
19
4
4
2
2
10
4
3
0
0
8
3
1
0
2
1
0
1
1
1
0
0
1
0
1
0
0
0
0
0
8
0
1
0
0
6
5
0
1
3
10
7
5
6
10
4
0
3
0
0
1
0
0
3
2
1
0
0
0
3
0
6
2
1
0
0
0
0
0
1
0
0
2
12
43
44
46
40
27
10
0
0
19
19
6
1
2
30
51
32
5
27
28
9
5
14
14
3
2
0
0
0
0
2
25
5
21
9
66
96
155
218
270
181
111
30
15
5
4
23
5
4
0
0
14
18
3
0
0
3
5
0
4
4
0
0
2
5
2
2
6
9
1
4
0
0
0
16
17
11
5
10
15
9
9
5
3
2
0
0
0
9
26
29
12
6
15
25
9
149
434
386
31
162
391
169
301
855
488
52
499
694
137
74
269
116
224
609
285
37
311
255
52
118
68
43
230
184
38
20
86
114
164
259
337
360
416
387
319
253
152
86
42
18
1
0
0
0
0
0
0
0
0
0
0
2
1
1
1
1
2
2
2
2
0
0
0
1
0
0
0
0
0
0
0
1
0
4
8
16
18
16
7
3
0
4
2
1
1
0
0
0
0
0
0
0
0
0
0
0
0
0
73
267
389
397
235
112
83
73
82
58
57
31
16
23
3
5
7
2
3
0
0
3
2
4
0
2
3
0
8
59
108
247
344
420
486
506
455
350
245
109
50
11
4
2
6
7
4
2
0
0
1
0
0
3
10
5
7
6
0
16
36
46
33
13
12
9
1
0
0
5
2
4
13
9
1
4
7
5
0
1
1
42
9
4
0
0
1
0
0
0
0
0
0
1
2
0
0
0
0
0
11
0
32
74
56
17
12
7
1
2
1
6
14
14
11
17
17
6
0
0
1
7
0
2
1
7
23
87
236
347
425
338
177
107
88
56
89
100
63
30
27
51
75
120
246
384
552
817
1028
1082
1067
977
992
939
867
953
1036
1106
1163
1224
1291
1434
1539
1582
1606
1634
1640
1749
1906
2242
2948
3659
3452
2243
1476
1562
1529
1303
1069
905
761
662
472
397
354
289
237
193
160
110
70
53
13
9
14
12
47
63
35
17
7
23
16
48
52
15
76
282
407
334
77
10
122
152
84
16
15
10
14
29
12
8
8
1
9
17
52
170
295
372
320
195
73
7
12
23
54
106
171
252
280
331
379
518
524
556
579
634
556
392
497
542
380
290
262
207
218
250
215
273
330
261
138
25
1
1
0
5
25
93
132
117
87
96
141
132
166
247
203
136
78
32
24
26
12
15
51
75
85
90
110
115
96
91
111
119
155
185
166
145
107
80
111
182
171
113
75
54
26
56
50
57
48
28
12
10
3
15
27
22
17
11
17
21
40
17
15
13
22
24
18
5
3
37
120
247
357
386
367
322
225
153
88
36
20
19
23
10
11
13
27
28
4
9
16
2
2
0
0
3
12
20
12
8
4
6
42
94
84
73
111
166
150
180
229
262
222
156
49
7
43
99
99
45
16
7
0
14
62
116
206
279
307
244
170
66
52
81
82
53
35
17
73
142
183
179
87
22
17
23
18
20
8
2
0
3
18
67
73
63
50
52
24
0
38
66
69
37
22
9
3
8
5
3
5
4
6
14
14
14
2
0
0
0
5
8
7
2
10
11
3
1
1
4
1
4
3
0
2
15
10
0
34
81
47
6
4
27
32
7
3
0
3
1
0
0
0
0
0
2
1
4
4
2
1
0
2
5
16
6
0
0
0
0
0
0
0
0
0
0
0
0
0
0
0
0
0
0
0
0
0
0
0
0
0
0
0
0
0
0
19
27
0
0
3
3
2
1
0
0
1
2
0
0
5
2
0
7
0
4
0
0
3
0
1
6
0
1
2
0
0
0
0
0
0
0
0
0
0
0
0
0
0
4
7
8
7
11
15
7
0
0
4
7
10
5
0
0
0
2
5
2
0
0
0
0
0
1
1
1
1
0
3
2
1
0
0
1
1
0
0
0
1
0
0
8
33
0
8
11
9
1
1
0
0
2
0
0
0
0
0
0
0
0
0
0
1
1
0
0
0
0
0
0
0
0
0
0
0
0
0
0
0
0
0
0
0
0
0
0
0
0
0
0
3
0
0
0
0
0
0
2
2
31
8
0
0
5
4
2
2
0
0
0
0
0
0
0
0
0
0
0
1
4
0
0
0
25
73
159
249
369
714
818
1107
1180
997
843
497
243
424
842
1301
1078
843
639
328
217
253
241
199
314
125
68
34
16
25
16
15
6
5
5
4
0
5
3
6
22
17
20
19
40
90
93
61
35
98
175
237
294
339
325
269
258
284
325
352
376
315
248
188
148
150
99
126
159
144
62
150
557
840
687
451
505
503
564
661
576
330
280
382
524
558
509
367
234
263
255
136
168
376
469
347
354
367
430
524
519
553
455
333
246
181
132
174
269
536
733
1000
1236
1337
1399
1541
1661
1714
1586
1429
1261
1206
1299
1654
3255
4362
4086
2894
2289
2555
2953
2625
2140
1959
1969
2072
2185
1860
1402
1255
1243
1101
954
810
696
637
463
275
247
225
248
312
337
313
247
184
195
207
284
440
544
663
703
684
733
837
851
784
710
616
585
548
562
488
455
434
290
213
81
35
36
48
87
138
138
134
140
94
70
231
211
126
89
59
64
103
80
28
33
70
150
324
712
863
1044
1633
2036
1752
2135
2186
1694
944
898
1231
1119
658
801
992
1282
1403
1464
1364
1294
1539
1642
1617
1649
1768
1733
1492
1123
781
610
723
664
632
418
227
265
256
190
134
121
124
161
202
196
239
285
345
398
521
712
836
698
493
266
165
147
134
102
42
16
11
19
110
203
324
379
398
335
231
161
73
37
37
31
26
46
28
12
11
12
4
1
2
3
5
2
3
1
1
0
1
0
12
41
102
225
463
790
983
1182
1253
1240
1105
957
833
650
454
856
901
1031
1426
1741
1653
1364
1099
1000
928
860
797
741
668
520
416
288
221
188
171
110
111
76
62
31
37
67
80
60
8
40
77
70
63
77
39
65
109
136
210
393
573
800
897
865
628
453
388
375
374
316
344
479
554
601
634
628
489
334
232
236
503
909
1590
2434
3125
3650
4119
4353
4617
5005
5159
4922
4645
4396
4432
4577
4509
3509
2960
2743
2467
2072
1637
2122
829
1026
861
1088
1416
1411
953
843
1028
1219
1335
1187
954
834
895
937
1134
1630
2019
1412
1324
946
565
362
181
279
491
361
167
101
86
40
2
8
26
20
26
61
147
162
110
39
53
37
24
26
3
6
36
73
55
9
4
4
10
8
0
17
17
7
1
11
9
0
0
0
10
6
1
10
14
10
1
1
0
0
0
0
0
10
17
26
39
77
208
367
481
502
429
318
211
92
31
8
7
11
6
4
5
0
0
0
0
0
0
0
20
43
45
24
2
0
3
3
20
41
34
36
30
39
38
131
257
323
371
408
413
402
363
237
124
49
50
43
26
38
65
206
360
429
415
300
157
88
52
32
5
15
26
21
8
0
4
81
136
184
165
126
100
57
32
14
6
0
0
0
12
26
32
71
87
56
18
19
44
19
9
5
9
18
6
24
19
52
82
21
9
90
123
103
65
24
7
25
83
138
198
172
80
37
18
18
60
191
429
368
185
502
787
390
247
299
368
440
557
826
1184
1487
1658
1888
2199
2588
2901
3233
3526
3809
4073
4528
5341
6177
6260
5487
4434
3949
3795
3793
3582
3070
2544
2318
2404
2331
2079
1765
1599
1550
1613
1477
1230
1028
866
726
617
426
284
122
27
32
174
611
1321
1363
1844
2442
2772
2644
2301
2171
1976
1555
1142
919
951
778
354
765
1302
1614
1494
1301
1079
832
749
768
853
884
842
614
319
237
235
179
220
259
235
261
358
471
472
494
415
386
348
275
168
90
85
94
181
369
675
918
1253
1336
1279
1077
909
765
698
607
465
412
339
200
176
147
119
122
153
128
178
284
346
325
271
265
202
123
67
47
85
116
101
72
28
14
19
34
54
73
122
141
138
125
123
140
121
111
116
128
84
72
71
61
84
92
64
35
26
18
7
21
42
34
29
40
95
183
188
201
213
247
266
287
377
736
1008
742
607
586
534
602
803
861
953
910
744
614
579
635
662
945
1562
1581
1213
1206
1327
1529
1512
1121
798
718
705
687
927
1243
1478
1549
1741
2029
1865
1594
1177
767
501
292
280
308
260
193
148
129
226
202
154
102
37
14
78
73
100
150
173
132
111
135
131
138
175
151
175
196
214
167
163
123
152
171
144
110
82
116
117
147
123
71
47
32
36
45
52
51
33
24
9
2
2
3
0
1
2
0
1
0
0
0
0
0
0
0
1
0
2
2
5
7
3
6
8
47
9
10
8
5
2
3
7
3
8
1
0
0
0
0
0
0
0
0
0
0
0
0
0
0
0
0
0
0
0
0
0
0
0
0
0
0
4
0
4
9
2
2
3
10
4
1
0
0
1
5
3
0
1
0
0
0
0
13
17
7
2
4
5
2
0
2
9
35
79
123
150
138
105
60
29
15
2
4
5
9
4
0
1
0
0
2
4
5
3
0
17
34
40
9
0
4
0
1
2
1
4
5
9
8
11
14
13
10
3
7
5
13
42
119
218
299
307
258
138
59
37
50
57
56
53
57
47
91
51
24
21
13
9
11
10
5
2
0
0
0
0
0
2
8
6
5
16
17
4
19
41
60
40
49
59
64
58
49
35
63
48
16
26
4
0
4
31
19
2
2
20
42
18
23
4
0
4
6
23
48
49
75
120
232
300
346
459
487
546
654
746
952
1091
1149
1066
1127
1175
1297
1456
1451
1539
1719
2024
2273
2356
2429
2500
2474
2441
2401
2444
2365
2137
1902
1895
1951
1947
1981
1796
1608
1491
1354
1293
1217
1124
1040
989
1000
965
1035
1066
1029
1002
914
820
813
784
670
508
459
363
357
349
198
187
225
192
157
175
182
114
230
536
738
765
899
980
961
921
1029
916
292
632
780
947
1100
816
631
421
197
135
178
237
198
218
178
199
252
249
175
157
212
170
139
140
109
73
41
86
118
151
130
99
92
71
166
201
205
177
132
89
46
63
137
186
134
45
42
54
130
144
160
224
233
244
228
245
217
233
198
171
146
128
111
86
65
49
38
14
5
25
32
21
4
1
0
0
3
7
21
49
59
51
56
51
40
35
30
27
21
21
26
17
4
7
8
6
8
4
0
0
0
5
0
0
0
3
0
0
3
7
2
23
18
0
2
9
5
1
0
0
0
0
0
0
0
0
0
0
0
0
0
0
0
0
0
0
0
0
0
0
0
0
0
0
0
0
0
0
0
0
0
0
3
0
1
2
1
0
2
28
105
156
246
350
461
491
538
625
987
1554
1657
1617
1920
2436
3028
3023
2756
2319
1508
1505
1746
1815
1434
2503
3776
4842
5692
6786
7689
5722
3252
2901
1721
869
1024
1314
1217
1456
1856
1832
1913
2170
2518
3790
4008
4066
3483
2893
2344
2271
2024
2480
2804
2977
3218
3447
3704
3988
3919
4048
4712
4669
4226
4233
4702
5363
5904
6074
5983
5678
5279
4847
4403
3528
2791
1992
1586
1110
2447
1261
1090
735
435
393
312
267
287
322
295
223
133
69
58
51
25
21
24
38
54
15
7
12
22
36
56
43
24
3
1
5
11
12
5
1
0
0
0
3
11
3
2
0
17
6
1
9
2
0
1
0
0
0
1
2
0
0
0
0
0
2
7
4
0
0
0
0
0
0
4
0
3
37
102
81
48
27
22
17
6
2
4
4
0
4
4
27
45
11
0
3
8
1
1
2
5
2
6
7
8
14
46
159
371
486
527
616
1007
2366
4425
3805
3730
4749
5597
5593
4903
3286
2514
2145
1616
754
491
925
1258
1402
1028
926
963
679
680
963
969
937
772
612
547
576
590
692
739
477
740
1573
2134
2455
2585
2358
1594
820
705
1060
1151
1694
2316
3057
3118
2641
1939
1371
878
886
950
1126
1314
1627
2045
2562
2851
3130
3704
4117
4980
4758
4346
4379
4122
3141
2695
2824
3168
2850
3002
3109
2925
2506
1865
1317
1353
1921
2190
2279
2421
2626
2823
2793
2444
2010
1538
1242
966
528
612
728
782
769
907
1186
1521
1903
2153
2500
2803
2916
2853
2920
2949
3041
3043
3042
3189
3635
3680
2590
1968
1980
2105
1755
1058
621
506
571
610
714
689
642
804
1246
1270
825
722
797
705
485
437
355
278
434
763
914
771
638
507
405
280
125
34
58
164
338
447
437
428
348
320
264
209
121
58
50
30
89
192
227
243
273
264
234
208
150
93
32
0
2
32
68
115
151
143
152
123
88
58
15
0
0
5
47
88
122
106
125
81
63
46
9
1
2
12
33
45
41
31
23
28
12
8
12
17
13
12
8
12
16
5
7
6
1
0
0
0
0
0
0
0
1
6
11
12
4
0
1
7
0
1
7
2
0
0
0
0
0
0
0
0
0
0
0
0
0
0
3
12
10
14
13
14
3
13
85
283
738
1282
1740
2295
2957
3214
3295
3124
3278
3304
3188
2626
2298
2121
1812
1815
1695
1412
1216
1119
985
892
676
751
574
339
318
310
267
189
279
228
378
581
920
1499
2016
2212
2325
2302
2293
2447
2641
2485
2180
1859
1146
663
620
905
1170
1202
977
746
487
270
286
299
247
202
240
198
143
126
114
140
178
127
91
92
106
124
68
65
73
74
35
23
68
74
39
51
93
77
81
192
678
1266
1819
1903
1942
1751
1759
1709
1774
1626
1240
1094
1097
905
1021
1256
1256
1098
1114
878
734
1036
1422
1585
1623
1625
1779
1782
1414
1341
1446
1296
1070
683
864
872
925
856
922
926
754
563
609
1328
697
415
347
471
495
350
391
536
717
891
906
824
821
837
863
850
708
539
463
375
316
251
155
160
198
261
291
313
301
367
457
669
889
1191
1307
1232
1196
1168
943
561
494
929
1214
1336
1324
1274
1322
1455
1204
760
813
1084
1367
1568
1683
1690
1721
1809
880
872
1129
1085
1050
1000
1012
971
897
648
600
851
960
1024
953
843
682
634
565
545
733
386
112
200
267
350
373
378
382
342
248
168
52
8
45
123
205
276
309
331
299
276
237
156
96
49
9
20
60
105
144
147
140
122
91
86
70
69
65
57
48
28
16
11
4
1
0
17
120
156
63
11
0
13
15
7
4
0
8
9
10
18
22
29
21
2
22
23
50
51
43
29
37
32
26
39
93
76
46
61
38
38
28
13
1
0
0
5
0
0
0
0
0
0
3
12
7
59
170
294
370
404
362
299
193
85
13
1
1
6
3
0
0
0
0
1
1
0
0
18
62
80
85
119
110
72
16
6
13
22
23
35
41
54
57
57
35
21
10
4
6
2
0
3
3
3
5
7
5
0
0
0
0
0
0
0
2
5
11
25
226
125
52
17
61
115
394
900
1787
2412
2907
3596
3977
4110
3992
4134
4282
4486
4630
4783
4403
4030
3941
3828
3268
2584
2102
1696
1329
1205
1202
1179
1235
1177
1271
1414
1427
1818
2419
3011
3410
3880
4609
5116
5741
6437
6914
7074
7222
7168
6861
6818
6294
5808
5916
6507
7306
7723
7524
6719
5976
5257
4591
4345
4312
4570
4778
5910
6770
6858
6847
6994
7478
7109
4221
2226
2980
4854
6164
6390
5588
4676
3867
4054
4374
4719
5035
5263
4817
3919
3128
2658
2063
2614
3821
4370
3555
2074
1912
1754
1689
1633
1695
1967
2550
2785
2176
1654
1663
1495
1121
909
1084
1615
1809
1844
1571
1368
1190
1059
1324
1510
1183
1058
1058
896
673
614
510
386
308
303
278
252
153
97
70
87
166
206
207
117
182
161
20
32
36
18
20
34
32
5
13
13
4
9
27
38
17
9
3
2
9
13
17
17
12
17
12
19
42
65
194
239
256
237
181
114
57
44
17
5
12
13
9
24
75
220
294
233
101
8
25
148
261
391
489
538
521
489
442
328
161
51
10
8
3
4
8
4
6
24
160
188
76
1
0
0
0
0
0
1
34
243
316
326
280
237
234
207
338
542
740
780
825
1181
1677
2301
2826
3270
3483
3887
4360
4552
4478
4567
4567
4619
4489
4432
4266
3778
3346
3107
2960
3050
2732
2143
1967
1841
1711
3226
1972
2381
2378
2342
2106
1945
2211
2792
3196
2813
2003
1756
1960
1662
1256
1035
1132
890
458
234
163
127
98
114
140
233
401
520
633
788
890
973
1013
1075
1058
967
827
704
626
534
437
362
310
226
162
103
72
50
39
41
45
39
47
43
53
45
30
23
15
14
7
3
0
0
0
0
0
0
0
0
0
0
0
0
0
0
0
0
0
2
0
0
0
0
2
12
10
4
32
23
9
7
8
9
4
1
7
10
2
0
3
4
3
0
0
0
0
0
0
0
0
0
0
0
3
3
12
23
35
64
228
284
211
109
52
38
32
43
72
96
114
128
149
192
243
334
412
477
474
577
667
552
471
323
248
179
186
181
177
135
153
193
264
308
296
310
289
262
175
112
85
105
339
789
1265
1389
756
320
210
158
64
34
26
42
87
87
98
104
96
73
216
186
75
49
45
24
30
33
21
5
5
15
27
68
175
336
311
273
291
340
350
314
296
290
325
359
331
299
291
227
184
135
100
93
69
88
94
94
123
152
175
228
265
306
324
329
287
247
155
64
8
1
4
8
9
9
3
0
0
1
1
1
9
13
5
0
3
1
0
0
0
0
0
0
1
0
0
0
0
6
12
11
4
1
0
0
0
0
0
0
1
0
0
0
1
1
2
0
1
0
0
1
1
2
1
4
2
0
7
7
0
0
0
10
20
4
0
5
3
0
0
0
0
0
0
0
0
0
0
0
0
0
0
0
0
0
1
0
0
0
0
0
0
0
0
0
0
0
0
0
0
0
0
14
16
3
4
5
3
6
10
0
0
0
0
0
3
0
0
0
0
0
3
14
6
5
0
3
6
16
9
0
0
0
17
97
98
34
6
1
0
0
0
8
63
78
54
39
38
14
17
23
15
23
39
39
35
56
77
130
263
415
613
759
932
1036
1159
1276
1434
1712
1942
2290
2338
2595
2695
2989
3299
3583
3880
4061
4231
4312
4393
4305
4211
3862
3585
3230
2899
2623
2306
1977
1738
1568
1331
1214
1021
788
628
492
352
232
174
138
89
74
155
201
170
110
55
56
147
315
490
523
513
443
373
271
174
104
77
62
57
54
57
61
59
67
40
61
55
54
43
30
3
6
9
11
21
17
21
42
98
145
103
60
23
2
0
19
43
57
78
103
166
252
333
389
428
455
461
482
530
459
294
140
80
195
32
26
14
6
5
0
0
0
0
0
0
0
0
0
0
0
0
0
0
0
0
0
0
0
0
0
0
0
3
0
0
0
0
0
0
0
0
6
20
21
23
7
0
0
8
2
2
0
0
0
0
0
0
0
0
0
0
0
2
0
0
0
0
0
0
0
0
0
17
42
84
66
30
17
31
80
71
51
61
28
3
0
6
7
0
13
13
16
11
6
8
21
2
9
0
0
0
0
7
7
32
9
1
6
6
31
30
14
0
7
5
0
0
6
3
0
18
29
3
1
6
5
25
44
47
36
249
25
21
15
9
1
3
0
0
0
0
2
0
0
0
0
0
5
0
0
0
2
7
15
19
2
2
2
4
0
12
34
104
204
260
215
58
20
47
35
6
16
7
7
11
4
5
2
24
7
0
5
30
27
11
0
21
39
18
19
42
33
63
83
51
53
30
15
72
70
29
10
17
12
11
29
34
23
55
87
129
192
241
279
354
426
526
612
678
746
854
866
1040
1168
1267
1400
1669
1865
2038
2124
2354
2471
2648
2782
3003
3097
3105
3179
3278
3467
3841
4425
5103
5288
4492
3239
2979
3262
3167
2638
2407
2580
2219
1691
1815
1322
1819
2679
2582
1561
784
553
519
662
777
687
555
349
654
1714
1585
639
401
443
343
324
358
326
328
276
190
128
111
110
79
36
16
14
39
53
83
175
238
178
147
149
189
255
337
460
481
531
753
996
1101
885
566
412
410
326
239
192
102
38
15
12
2
10
14
17
29
50
85
132
86
42
34
37
36
46
71
62
49
34
14
10
28
41
38
43
48
54
43
43
34
51
75
107
115
145
158
149
168
178
173
149
156
128
103
70
41
26
12
6
0
0
0
1
0
7
14
37
73
64
59
44
36
24
17
5
1
3
0
1
0
5
7
12
16
21
15
2
4
4
0
0
0
0
0
0
0
0
0
2
34
17
17
25
22
36
35
27
38
37
25
19
4
1
3
3
3
8
72
236
422
534
599
541
401
213
120
131
163
215
296
453
573
782
969
1101
1274
1482
1720
1909
2099
2252
2469
2661
2851
3128
3566
4128
4596
4317
3638
3326
3380
3300
2957
2480
2253
2107
1990
1920
1768
1513
1313
1087
861
737
549
460
401
285
179
78
43
13
9
8
15
11
6
0
3
8
3
1
3
1
2
0
0
1
0
0
1
0
3
5
2
0
0
5
2
0
0
0
0
0
0
0
0
0
0
4
1
0
0
0
0
0
0
0
0
0
0
0
0
0
0
0
0
0
0
0
0
0
0
0
0
0
0
0
0
0
0
0
0
0
0
0
0
0
0
0
0
0
16
11
0
7
6
0
0
0
0
0
0
0
0
0
0
0
0
0
0
0
0
0
1
0
0
0
0
0
0
0
0
0
0
0
0
0
0
0
0
0
0
0
0
0
0
0
0
0
0
0
0
0
0
0
0
0
0
0
0
0
2
0
0
0
0
0
0
1
1
2
0
0
1
0
0
0
2
0
6
21
19
0
3
6
2
0
0
0
0
9
9
0
0
0
0
2
2
2
0
2
2
5
11
1
0
0
1
2
1
0
0
0
0
0
0
0
0
0
0
0
0
0
4
5
12
24
50
76
200
268
342
447
527
633
711
767
853
940
1081
1133
1237
1344
1489
1660
1790
1831
1990
2120
2223
2347
2486
2650
2938
3383
3741
3116
2082
2090
2931
2481
1652
1358
1266
1116
781
466
380
506
644
628
368
162
70
30
7
5
6
11
27
18
11
3
4
6
4
0
0
0
8
14
3
0
4
12
6
7
5
0
0
0
5
1
13
8
0
0
7
26
8
0
14
19
7
0
0
0
0
0
0
17
25
0
14
6
0
0
8
11
1
4
17
14
24
180
360
467
461
412
305
198
104
48
17
9
8
6
6
2
2
1
1
0
0
4
3
0
0
0
6
13
12
2
0
0
10
11
5
17
42
51
40
14
49
108
170
236
291
318
310
295
258
225
162
100
79
44
12
5
12
3
3
2
6
15
38
41
33
28
78
162
133
92
63
44
62
42
32
77
91
76
61
66
51
29
10
35
125
354
609
728
780
800
664
642
594
537
542
581
565
593
509
483
435
394
316
232
167
67
19
5
0
0
15
45
105
147
157
184
196
213
235
231
273
211
209
197
164
127
141
136
138
155
166
158
205
220
221
294
340
398
469
565
718
830
1009
1210
1461
1534
1729
1721
1855
1931
2053
2131
2142
2159
2195
2120
1973
1834
1693
1516
1323
1129
1018
914
792
634
530
420
386
392
455
527
555
563
473
394
304
166
80
47
35
21
13
8
5
16
23
23
46
60
84
90
131
150
116
145
109
147
133
90
74
52
48
68
82
101
111
154
354
505
548
552
515
958
327
240
188
185
148
114
105
72
46
30
10
3
0
0
4
39
37
79
99
130
154
141
189
208
141
174
163
141
131
102
87
58
55
35
26
27
34
22
24
20
17
22
33
36
47
75
57
56
50
43
51
58
72
69
57
64
53
43
34
25
29
13
10
7
5
3
1
0
0
0
0
0
0
0
0
0
0
0
0
0
0
0
0
0
0
0
0
0
0
0
0
0
0
0
0
0
0
0
0
0
1
1
0
0
0
0
0
1
0
0
0
0
0
0
0
0
0
0
0
0
0
0
0
0
0
0
0
0
0
2
1
1
0
2
0
0
0
0
0
0
1
0
0
0
1
1
1
0
0
0
0
0
0
0
0
0
0
0
0
0
0
1
38
127
253
335
400
402
405
357
279
165
82
71
41
27
19
17
11
14
2
0
0
0
0
0
0
0
0
0
0
0
0
0
3
20
117
276
397
441
411
321
278
171
83
22
3
0
0
0
0
0
0
0
0
0
0
0
0
0
0
0
0
0
0
0
0
0
0
21
150
288
368
337
301
134
20
4
14
3
28
113
145
87
20
135
364
508
590
599
578
534
469
377
235
94
44
18
15
24
15
25
28
24
16
11
6
1
0
0
1
0
0
0
0
1
4
6
8
6
2
0
0
0
0
0
6
12
13
26
13
10
5
2
5
15
8
0
0
0
2
11
4
0
1
4
1
0
1
0
0
0
0
0
0
0
0
0
0
1
15
132
301
407
436
440
355
301
150
82
23
2
0
0
0
0
0
0
0
0
0
0
0
0
0
0
0
0
0
0
0
0
0
0
0
0
0
0
0
0
0
0
0
0
0
0
0
0
0
0
0
0
0
0
0
0
0
0
0
0
0
0
0
0
0
0
0
0
0
0
0
0
0
0
0
0
0
0
0
0
0
0
0
0
0
0
0
0
0
0
0
0
0
0
0
0
0
0
0
0
0
0
0
0
0
0
0
0
0
0
0
0
0
0
0
0
0
0
0
0
0
0
0
0
0
0
0
0
0
0
0
0
7
49
44
42
221
309
90
15
42
32
1
0
0
3
0
0
0
2
14
2
2
0
3
0
6
0
0
1
1
0
2
1
0
0
78
326
434
413
269
90
54
51
46
14
28
49
101
401
270
400
584
502
402
199
209
395
518
527
497
428
424
441
456
479
519
591
837
1325
1095
1300
1309
1033
777
1155
1902
2077
1927
1712
1441
614
216
489
687
794
717
645
496
188
72
85
49
51
84
184
192
229
314
459
428
310
276
234
201
199
206
195
230
181
63
21
24
18
15
4
7
6
30
41
46
25
17
29
22
20
31
18
32
36
19
19
7
4
11
19
23
7
18
50
118
100
51
20
16
12
6
2
12
10
0
3
4
0
0
5
2
0
6
3
1
0
1
1
0
1
1
0
0
0
0
0
0
0
0
11
20
5
2
1
0
3
7
9
7
3
10
20
44
100
162
264
370
509
628
736
887
1005
1157
1354
1561
1697
1899
2065
2268
2570
3216
3978
4022
2825
1690
1508
1503
1084
644
341
238
180
185
247
289
203
152
119
80
93
95
73
57
66
48
30
49
54
82
101
84
43
54
31
17
21
27
37
19
4
0
0
0
10
26
26
12
10
11
12
7
1
1
0
3
5
6
3
0
1
4
0
0
0
0
0
0
0
0
0
0
0
0
0
0
0
0
0
0
0
0
0
0
0
0
0
0
0
0
0
0
0
0
0
0
0
0
0
0
0
0
0
0
0
0
0
0
0
0
6
9
0
5
11
8
0
9
17
27
10
23
34
24
10
5
4
11
15
11
30
32
21
21
11
7
1
3
12
15
1
0
0
0
0
0
0
0
36
166
207
160
48
3
22
8
6
23
21
2
3
8
35
110
86
67
112
157
117
115
146
136
57
19
18
24
13
0
2
3
7
5
4
0
1
0
1
5
4
1
2
0
0
0
0
0
0
0
0
0
0
0
0
0
0
0
0
0
1
0
0
0
0
0
6
7
16
12
4
23
13
5
6
7
10
12
12
10
4
0
0
0
4
26
146
295
365
343
311
205
115
50
8
0
0
0
0
0
0
0
0
0
0
0
0
0
0
0
0
8
1
0
0
0
3
21
60
153
237
280
292
272
487
999
1015
1097
2079
3303
4060
4491
4451
3892
2777
1705
1043
619
454
436
446
439
422
305
231
135
114
124
113
64
45
36
24
7
15
36
33
27
30
50
53
47
47
29
28
25
26
50
82
85
93
248
428
472
444
388
246
187
134
126
76
49
23
20
53
70
95
125
150
154
135
102
88
138
230
478
1651
1359
1627
1496
1391
1252
944
1007
950
776
866
451
663
1158
1048
670
580
340
380
444
431
236
142
157
181
181
115
38
56
94
69
34
20
12
50
43
35
31
49
83
95
66
37
27
51
122
171
191
202
177
71
41
82
126
317
397
457
477
500
357
253
211
94
79
23
34
130
106
91
92
82
128
429
1238
1660
1840
1846
1796
1496
1097
840
540
942
1187
1147
794
633
499
310
162
132
96
114
136
137
394
834
1471
2323
2905
2735
2069
1628
1154
977
1339
1286
838
1068
1309
1474
1376
1370
1436
1399
1060
636
578
605
655
742
879
1069
1608
2005
2197
2316
2105
1652
1480
1621
1800
1595
1210
880
838
936
1318
2026
2558
3020
2798
1813
1858
2132
2363
2570
2688
2325
1907
1586
1194
1117
1233
1512
2041
2035
1538
1644
1756
1723
1550
1634
1804
2118
2490
2735
2935
2843
2747
3079
3426
3194
2875
2954
3226
3263
2839
2489
2488
2642
3155
3613
3526
3081
2577
2282
1712
1670
1300
851
528
457
527
713
863
938
1167
1351
1369
1197
1193
1188
997
758
533
479
497
428
308
208
366
500
725
827
784
579
431
348
317
379
413
660
926
999
809
508
315
464
378
135
323
439
392
437
750
923
957
1186
1241
1237
1253
993
517
284
350
338
325
293
265
146
78
39
71
91
112
217
258
228
154
111
46
26
18
17
19
20
30
26
42
40
38
76
87
82
62
40
61
125
150
185
247
340
568
711
755
766
869
1038
1188
1253
1254
1441
1539
1587
1553
1604
1756
1699
1538
1541
1490
1367
1125
840
647
469
329
191
123
84
73
21
45
190
268
242
126
157
267
275
225
211
153
137
54
21
36
26
7
18
23
3
7
16
2
13
47
97
159
219
182
100
76
164
233
180
102
207
289
266
210
436
607
596
392
355
300
328
254
67
12
18
9
58
121
140
109
25
12
57
89
124
133
152
113
120
122
103
120
156
173
163
214
191
183
217
403
541
673
911
1219
1619
2039
2043
2007
2000
1871
2257
2860
2965
2162
1815
1898
1754
1591
1723
2207
3011
3389
3174
2774
2232
1236
822
1082
1393
1497
1101
895
752
932
811
803
775
731
865
911
765
705
769
622
390
236
322
541
503
433
261
105
69
29
18
17
114
155
174
178
115
35
11
19
1
5
7
5
224
561
766
912
1041
1041
1313
1535
1701
1637
1631
1381
995
662
457
515
554
443
360
256
224
322
332
220
190
188
171
113
104
166
118
83
105
107
175
210
178
191
219
223
266
383
537
661
992
400
246
143
114
165
263
309
327
362
297
199
237
180
155
130
193
200
125
101
187
259
413
427
307
121
67
83
118
128
201
261
424
526
626
559
472
356
227
130
48
24
23
37
47
91
103
75
85
132
164
211
226
201
142
83
86
114
165
166
177
240
212
210
216
273
369
351
296
196
137
104
117
147
181
210
220
207
220
155
141
141
220
362
441
528
565
698
803
1143
1438
1558
1589
1579
1566
1670
1875
2084
2176
2220
2305
2240
2301
2189
2027
1837
1679
1477
1223
942
682
668
665
658
601
532
485
376
212
179
134
120
170
235
409
674
1140
2068
2798
3026
2937
3184
3321
3237
2895
2464
2022
1669
1362
995
657
297
272
568
925
1293
1617
1892
2887
2758
1612
1825
2091
1961
1494
666
837
1395
1483
1152
732
587
665
693
685
777
643
601
575
460
416
460
510
518
491
447
395
301
394
525
587
507
508
565
620
768
997
1233
1485
1742
1961
1654
1220
1029
762
694
867
1022
1346
1437
1428
1334
851
356
646
841
817
1029
1308
1618
1781
1707
1634
1574
1556
1544
1371
1026
798
580
395
234
139
200
333
423
443
456
512
494
386
269
154
86
47
44
48
83
150
164
154
153
182
194
248
228
252
253
191
134
52
7
43
88
109
120
181
284
377
519
542
618
653
731
719
711
729
858
908
921
1093
1117
1102
1084
1093
1171
1395
1508
1577
1607
1605
1525
1501
1228
955
905
880
693
432
296
195
175
232
419
579
505
493
586
370
172
117
137
146
118
134
98
51
40
18
10
4
24
21
5
5
14
20
23
17
15
19
7
10
5
11
13
18
10
3
13
24
32
52
46
89
109
50
24
39
26
62
166
288
430
480
523
481
538
615
580
521
480
444
321
254
191
182
215
191
195
163
149
161
150
180
171
80
36
14
5
23
22
17
38
130
169
141
79
40
73
111
119
85
70
39
12
37
94
91
63
60
49
38
77
141
214
340
356
286
247
277
262
182
120
75
50
3
2
0
1
0
5
21
31
37
54
54
78
89
72
92
131
148
97
79
92
101
126
160
230
250
324
429
512
637
713
676
546
479
446
320
179
111
114
98
79
95
167
164
144
80
68
31
39
70
107
217
302
501
677
811
788
695
859
1481
1886
1748
859
782
1797
2704
2716
1812
420
534
1355
1850
1420
1066
995
1288
1525
1431
1471
1458
1588
1680
2030
2363
1961
587
1231
1680
1488
2029
3075
3458
3286
3320
3184
4917
2700
2792
2276
663
442
1554
2955
4670
3761
2929
3450
2833
2827
2877
2904
2936
2771
3189
3041
2939
2649
2340
2422
2261
1233
824
920
840
592
540
531
604
631
557
390
317
436
447
420
295
287
252
251
202
155
184
178
122
116
211
346
392
367
359
321
278
273
263
225
163
109
76
125
225
357
396
410
488
612
782
809
972
953
1115
1189
1266
1451
1981
2045
1850
1663
1713
1560
1378
1217
1279
1324
1283
1216
1251
1121
941
561
408
290
188
225
532
761
541
439
328
333
525
338
311
373
411
388
381
401
390
369
313
291
283
334
367
452
446
455
497
464
515
475
430
552
684
823
693
657
559
435
264
218
202
207
175
333
630
983
1257
1436
1390
1048
827
762
746
940
1583
1653
1094
549
964
1293
933
638
859
991
993
889
619
382
208
158
229
304
434
481
443
402
393
376
355
306
218
111
48
70
90
93
136
176
151
125
82
68
54
21
15
12
23
30
18
21
17
18
5
6
0
0
0
1
0
0
0
8
4
32
26
9
13
19
1
51
59
13
0
6
18
3
16
14
10
9
4
0
2
17
23
10
12
2
1
1
23
24
9
0
0
0
0
0
15
15
0
0
3
2
0
4
2
0
3
10
0
0
0
7
0
0
0
25
10
8
8
0
2
0
0
5
17
31
26
17
10
15
10
5
3
13
51
44
58
36
79
92
96
115
99
104
125
159
176
207
343
405
433
500
556
588
668
697
797
838
865
964
960
1059
1073
1168
1209
1331
1443
1575
1708
1985
1974
1988
2080
2247
2615
3155
3729
4206
4786
4427
2884
2223
1674
1398
1265
1088
833
617
566
695
883
713
475
328
261
282
330
376
444
486
566
590
585
640
791
1134
1642
2023
2141
2007
1557
1382
1215
1124
891
377
445
542
542
489
465
413
421
355
360
425
409
431
355
303
225
176
178
171
218
246
254
267
271
267
243
217
226
224
211
192
166
132
69
31
29
59
83
106
86
34
19
10
10
39
35
38
21
8
35
156
325
580
919
1143
1105
777
292
311
428
612
754
933
981
1086
1123
1034
1036
1092
1236
2188
2504
1020
948
964
949
925
1070
1016
861
681
457
231
223
439
598
704
734
682
677
631
618
460
294
211
94
28
3
56
129
234
247
264
262
247
216
173
119
83
50
43
26
23
20
52
49
30
32
25
27
12
2
4
1
0
5
13
26
25
5
1
0
0
5
5
5
3
9
1
2
5
6
7
3
1
3
0
0
4
6
18
21
15
6
4
1
0
0
0
0
0
0
0
1
0
0
0
0
0
0
0
0
0
1
9
5
0
0
5
6
2
0
0
0
0
0
0
0
0
0
0
0
0
0
0
0
1
0
0
0
0
2
8
18
31
59
106
106
68
22
0
4
3
6
11
2
0
0
0
1
8
9
4
1
1
7
20
24
7
18
13
8
10
5
4
3
5
1
4
1
1
3
4
0
1
0
0
0
2
2
0
0
0
0
0
4
10
10
14
18
0
5
2
0
0
0
2
0
0
10
13
8
8
8
0
5
5
0
0
0
0
19
14
5
0
3
5
7
12
8
0
1
3
0
0
0
0
0
0
1
0
4
8
4
0
0
0
3
4
4
1
0
0
2
10
19
10
4
0
0
0
0
0
0
0
0
0
0
0
0
0
1
0
0
0
0
0
0
0
0
0
0
0
0
1
49
172
303
386
399
402
346
275
207
120
73
16
4
0
0
0
0
0
2
4
0
0
0
0
0
0
0
0
0
1
4
0
0
0
0
0
0
0
0
0
0
5
27
38
31
25
88
140
192
201
140
101
76
62
64
241
272
40
5
18
24
30
27
16
4
8
18
86
173
239
180
148
160
189
282
368
451
582
796
977
1006
1421
1798
1379
802
526
578
806
639
392
272
184
389
439
90
337
1400
227
46
267
144
32
54
87
118
215
191
228
258
294
282
258
229
276
333
461
612
736
802
1005
1248
1620
1823
1978
2215
2563
3166
3563
3327
2677
2099
1955
1868
1835
1666
1504
1345
1237
970
815
615
430
308
221
210
315
359
292
222
154
186
182
139
92
83
104
182
200
186
225
231
235
221
194
105
52
14
13
39
144
208
229
247
260
229
189
147
108
59
54
31
11
45
117
155
166
172
151
122
83
40
5
13
10
19
29
14
4
5
10
8
0
0
3
4
3
0
5
3
4
2
0
0
0
0
0
0
0
0
0
0
0
0
0
19
0
17
20
4
3
0
0
1
7
12
0
0
0
0
3
8
15
3
0
0
0
1
1
17
19
0
1
11
19
13
3
0
17
60
148
245
345
365
331
209
76
18
33
65
76
62
45
23
5
12
23
52
46
21
57
64
65
104
126
112
95
67
42
50
40
26
25
51
32
28
3
44
36
11
22
50
47
11
33
42
86
46
47
46
24
25
30
74
186
395
669
1172
1899
2353
2344
1916
1433
1024
662
362
203
227
494
779
1229
1641
1796
1703
1559
1204
596
311
238
215
216
183
199
161
257
809
916
830
686
526
307
223
208
190
120
104
68
224
497
512
718
1076
634
418
393
394
432
557
2462
1108
1060
1041
852
705
707
737
693
707
876
1093
1023
864
600
433
454
481
454
630
830
1103
1275
1194
1046
789
711
803
832
1121
1026
846
1010
1109
1172
1502
1925
2030
2080
1811
1396
1007
750
854
1082
1260
1144
1195
1210
1150
1215
886
685
703
495
647
798
755
524
171
556
759
695
601
748
583
318
571
614
470
445
588
540
406
155
339
332
324
959
1368
1288
1217
1167
1155
1445
1952
2531
3016
3138
3200
2992
2986
3061
2956
2870
2979
3050
2965
2455
1391
586
306
231
322
576
968
1485
2082
2646
3049
3233
3208
2884
2453
1964
1603
1317
1152
971
794
847
960
1005
1152
1185
1277
1134
1298
1423
1410
1384
1562
1643
1636
1539
1427
1579
1951
2213
2560
2324
1760
1450
1342
958
862
682
584
560
641
627
657
695
597
196
185
213
315
563
550
230
171
131
192
227
268
306
393
582
802
873
1048
1094
1094
1148
1110
974
809
755
1066
1320
707
844
681
770
733
756
1090
1497
1611
1458
1261
1154
1129
1006
1131
1194
1274
1295
1333
792
469
656
825
1307
1600
1341
1300
1214
998
773
672
645
497
241
122
172
327
433
535
585
644
777
766
634
421
276
228
302
330
359
385
421
400
365
335
299
276
274
266
332
396
532
638
626
550
460
407
287
237
233
205
142
116
111
120
168
202
230
239
200
171
142
91
98
100
64
53
134
120
101
66
35
34
17
5
6
10
9
9
4
15
11
13
23
22
2
2
30
25
24
28
22
16
19
2
20
0
0
8
19
4
1
0
0
0
0
1
1
0
0
0
0
0
8
9
8
4
7
4
0
0
0
0
20
25
10
2
1
1
0
15
27
22
12
9
8
13
2
4
0
2
0
14
30
1
16
35
36
75
188
472
914
1465
1999
2476
2658
2599
2360
1950
1703
1460
1224
566
87
19
33
81
233
645
940
1198
1624
2023
1956
1663
1582
1581
1525
1243
1017
981
883
1027
1053
936
1334
1684
1725
1864
1961
1659
1130
1113
1508
2214
2356
3372
3614
3211
2378
1759
1519
1352
1182
896
722
748
583
514
547
555
426
245
348
608
804
1098
1296
1532
1723
1833
1972
1793
1474
2015
469
656
765
597
366
214
481
624
542
440
309
136
81
255
418
476
548
589
602
593
518
415
293
150
32
26
103
230
305
382
396
411
383
374
342
262
158
56
9
14
87
142
195
222
225
220
186
129
80
31
0
0
25
63
101
129
112
106
124
218
364
453
467
444
356
291
249
264
270
256
221
181
123
70
27
12
21
36
37
65
47
72
197
422
728
827
886
1089
1064
1074
720
247
206
241
380
686
1038
1408
1573
1646
1762
1747
1813
1674
1343
1170
974
653
421
381
405
505
664
795
836
784
613
420
285
223
228
201
69
65
271
283
505
765
925
1038
1005
511
93
533
721
791
806
806
848
771
573
372
219
71
40
65
79
320
486
513
603
776
872
873
634
398
374
302
255
177
317
834
1291
1411
1430
1393
1444
1294
887
384
232
577
668
576
400
242
513
635
549
424
398
460
649
1142
1547
1651
2025
2093
1986
1935
1798
1670
1459
958
642
602
535
541
668
700
481
127
606
633
325
440
365
202
179
352
274
105
221
198
48
107
198
181
97
21
74
96
160
250
388
643
1115
1313
1592
2122
2372
2288
2259
1803
1541
1743
1833
1981
1984
1862
1912
1956
2198
2392
2233
1906
1911
1837
1721
1627
1488
1340
1200
1236
1296
1287
1226
1052
993
999
954
989
901
727
580
426
314
167
49
62
219
321
376
368
339
259
255
277
351
473
414
204
110
277
600
745
615
573
597
639
703
781
977
995
747
394
737
636
539
578
477
380
340
271
204
100
59
47
119
230
306
362
491
600
664
1021
1326
1426
1301
1266
1178
930
591
522
307
393
622
781
821
538
410
336
342
614
1079
1311
1671
2009
1987
1879
1840
1733
1421
1481
1748
1728
1489
1178
456
326
479
645
611
475
626
964
1035
1006
1084
1170
1226
1188
1042
836
628
366
111
112
308
458
546
696
817
886
809
700
678
617
471
335
159
166
281
373
436
425
399
359
318
272
214
121
55
14
6
59
129
166
192
161
142
126
85
30
24
7
7
5
16
23
29
43
104
177
125
60
35
31
31
28
43
30
39
59
54
64
79
96
75
52
41
16
12
18
15
0
18
21
21
6
1
4
3
0
10
20
32
80
129
103
19
2
13
22
25
48
65
66
41
28
24
21
21
12
0
0
1
24
62
132
233
282
300
261
209
133
57
12
1
2
3
0
3
2
0
0
0
0
0
0
0
0
0
0
9
15
10
0
0
17
7
2
0
1
0
0
17
31
3
10
15
11
15
20
16
46
48
17
21
44
47
46
26
19
20
11
8
1
3
1
3
4
3
0
2
0
0
0
0
0
0
0
0
0
0
0
14
40
102
228
311
353
335
308
217
175
136
88
29
11
8
7
10
18
28
22
30
59
64
62
49
66
55
66
34
13
3
7
6
5
0
0
0
0
7
5
17
28
31
20
8
4
10
14
12
5
4
6
13
14
14
13
26
21
53
50
28
30
12
13
30
27
4
3
9
57
67
71
17
36
10
12
18
39
50
82
65
46
4
3
7
6
9
19
32
39
30
18
10
5
0
0
0
0
10
14
0
0
7
8
3
9
28
112
287
430
467
436
392
276
181
71
29
5
0
0
0
0
0
0
0
1
0
0
0
2
0
1
2
10
55
118
178
201
129
58
41
49
41
111
243
345
399
442
502
574
548
527
462
398
285
249
225
180
147
107
79
62
65
74
73
31
16
6
33
70
148
157
165
105
57
31
19
7
36
85
112
96
86
51
36
45
24
23
94
106
57
49
81
30
13
38
58
77
65
85
103
60
39
14
18
11
0
9
14
6
10
13
3
1
20
31
48
56
54
31
11
0
0
0
6
15
23
29
35
18
14
9
2
0
0
0
0
0
0
0
0
1
29
11
1
4
2
0
0
0
0
0
0
0
0
4
6
0
1
0
0
0
0
1
0
0
0
0
0
2
11
20
25
40
42
45
36
35
18
7
6
7
7
2
8
9
9
11
11
8
1
0
0
0
0
2
4
15
5
3
0
0
0
0
0
4
7
0
0
1
2
0
0
0
0
11
22
1
0
5
7
6
2
1
0
0
0
0
0
0
0
0
0
0
0
0
0
0
0
3
0
0
0
0
1
16
75
139
169
162
111
45
14
0
0
1
105570
0
0
0
0
0
0
0
0
0
0
0
0
0
0
0
0
0
0
0
0
0
0
0
