122
2
32
59
66
32
0
0
104
214
202
25375
916
874
823
689
753
1180
1670
2035
2304
2517
2644
2667
2707
2706
2627
2524
2463
2467
2464
2331
2019
1708
1357
1075
925
969
785
643
411
291
177
211
326
460
533
703
878
963
916
897
804
713
557
392
235
138
60
9
6
5
23
5
1
1
1
1
2
6
5
2
1
1
2
2
3
0
2
2
5
7
6
11
26
42
66
57
47
47
48
41
24
4
9
13
6
7
4
2
1
1
0
1
1
0
0
3
0
0
0
0
1
1
0
0
0
0
0
0
0
0
0
0
0
0
0
1
0
0
0
7
14
55
117
122
125
104
49
72
82
42
35
35
49
11
6
27
85
178
226
245
208
185
159
137
100
67
40
20
3
0
1
0
0
0
0
0
0
0
0
0
0
0
0
0
0
1
0
0
1
4
8
6
3
37
14
34
40
43
58
28
23
35
17
10
2
0
0
1
0
0
0
0
0
0
0
1
1
3
1
7
6
2
8
34
127
303
376
506
572
574
582
573
518
405
332
279
241
181
62
60
100
122
149
219
281
310
346
362
389
366
304
226
234
218
217
150
41
42
55
7
0
14
8
1
5
36
76
116
127
109
26
13
12
13
9
9
35
46
4
13
27
52
129
213
380
486
476
481
424
283
183
219
211
192
138
63
21
12
12
0
9
61
194
381
559
761
861
1024
952
907
872
858
739
738
624
580
523
525
524
560
464
455
415
363
326
225
185
99
45
19
4
8
14
15
9
7
8
7
8
4
2
0
0
0
0
0
2
0
2
5
8
6
18
16
6
0
5
1
0
1
1
0
0
0
0
0
1
4
14
17
9
0
8
3
2
2
3
2
1
0
1
5
8
6
8
9
16
21
15
18
19
5
8
6
2
8
11
9
11
19
15
11
14
19
22
6
11
1
3
0
0
2
17
18
0
31
6
0
0
3
16
0
4
4
5
2
0
3
28
25
0
34
35
8
3
0
1
0
2
0
0
0
0
0
1
2
0
2
20
35
84
76
97
146
159
263
277
248
251
185
127
44
19
14
0
0
0
0
3
28
155
222
233
239
159
47
50
153
148
123
67
65
95
104
89
89
75
35
17
11
0
2
1
0
2
1
0
1
0
6
6
0
1
3
76
272
575
1012
1452
1847
2123
2316
2189
1956
1558
1270
883
600
460
351
262
195
116
42
2
5
1
8
12
19
29
38
20
21
22
30
10
28
32
47
86
91
123
172
259
308
305
327
341
340
326
311
273
274
322
336
332
385
335
324
239
169
116
35
7
5
18
35
7
13
9
15
21
6
4
26
43
5
17
0
5
6
3
1
1
0
12
24
10
0
1
0
0
2
5
0
0
0
0
0
0
0
0
0
0
0
0
0
0
8
26
0
8
27
36
94
184
285
359
387
305
253
159
172
229
386
510
642
854
1169
1474
1663
1915
2347
2665
2628
2685
2621
2468
2271
2226
2392
2211
2113
2153
2203
2269
2125
2052
1865
1624
1463
1456
2053
2429
2721
3025
2920
3016
2907
2408
1870
1858
1884
2322
2371
2015
2407
2550
2353
2806
3270
2938
2686
1990
1299
752
751
1443
2361
2600
2100
1289
647
1333
2224
2965
3372
3465
3184
2886
2944
3072
2986
2553
2199
2430
2440
2232
1735
917
611
540
734
1120
1132
1011
883
751
532
405
390
405
428
426
416
405
368
458
438
377
282
160
52
96
122
106
74
70
49
77
90
76
62
39
44
39
167
325
397
519
476
346
195
89
90
137
126
104
258
317
514
666
600
715
685
728
756
673
566
388
252
370
625
839
755
637
513
363
328
460
735
861
687
291
336
641
967
1327
1607
1949
2274
2786
3176
3568
3714
3729
3447
3021
2374
1796
1385
1158
1158
1247
1106
1038
981
947
898
832
726
756
708
616
550
503
425
287
158
114
96
111
106
142
282
410
523
530
570
599
598
632
612
676
884
699
464
443
432
314
238
166
48
103
141
180
199
191
238
189
197
227
257
297
297
308
369
388
372
344
333
340
290
309
311
264
220
172
132
104
123
35
8
4
0
0
90
252
392
467
532
564
565
436
295
201
131
174
167
182
195
196
199
187
148
116
86
68
41
61
53
83
178
269
361
355
392
449
414
363
267
245
172
105
82
80
58
59
39
36
73
154
188
237
333
352
309
305
365
309
293
229
228
331
474
656
779
857
812
778
748
602
516
546
499
460
450
383
401
412
490
543
609
641
629
573
538
490
448
356
226
120
64
56
116
159
165
327
493
599
658
716
756
737
734
537
340
103
2
1
2
9
13
21
16
24
74
190
330
385
393
401
427
455
502
500
507
513
519
495
428
352
294
197
119
81
61
57
55
55
53
67
27
15
4
0
0
0
0
1
1
2
0
0
0
0
1
10
8
0
5
19
7
4
2
2
0
0
0
2
5
5
7
5
9
19
28
31
33
35
65
44
49
42
83
97
91
84
76
55
21
3
7
7
4
1
0
0
2
4
3
4
2
12
12
9
4
5
0
0
4
0
0
0
0
0
0
0
0
0
5
7
15
90
309
461
513
511
503
463
388
294
194
152
117
110
127
110
103
81
60
43
15
5
0
0
0
0
0
0
0
0
0
2
2
3
3
1
1
0
1
0
0
11
149
222
309
425
517
675
810
965
723
980
1176
1309
1548
1561
1530
1341
1190
990
779
537
232
104
42
41
263
545
912
1298
1601
1882
1985
2052
2120
2099
1939
1722
1472
1397
1192
674
527
863
876
748
673
892
931
1075
1333
1441
1304
1029
800
758
718
600
461
327
267
319
343
278
269
345
361
274
145
46
268
399
487
560
701
837
1033
1360
1806
2419
2785
2729
3429
4337
5756
6309
6582
6182
6942
6525
5945
5729
4925
3635
2810
2063
1467
832
814
1118
1690
2437
2933
3693
4284
4926
5176
5261
5105
4737
4393
4008
3592
3125
2650
2357
2287
2168
1980
1686
1413
1203
1060
908
815
690
508
344
192
192
247
303
330
317
337
293
276
325
245
272
238
234
204
200
170
138
203
250
247
282
362
421
578
763
783
829
825
688
626
529
485
421
391
361
330
288
269
225
233
218
134
108
95
81
72
70
62
29
20
33
52
99
217
345
416
552
629
628
603
598
539
406
326
251
297
335
330
370
370
435
440
493
536
532
475
480
328
246
308
436
589
676
697
702
503
327
224
121
123
172
128
55
56
102
176
327
560
724
928
1057
1033
1058
1022
861
529
711
738
786
864
905
894
1002
944
853
822
649
615
724
902
1149
1361
1685
1988
1982
1676
1171
637
489
910
1202
1231
999
419
1061
1375
1533
1493
1323
1194
869
464
548
691
955
1059
1165
1280
1237
1201
1167
1268
1455
1585
1782
1728
1548
1308
1006
737
405
650
1112
1433
1630
1659
1488
1077
639
205
305
541
613
562
398
619
928
1226
1402
1383
1132
761
466
384
619
793
939
963
869
674
396
205
272
447
572
564
491
345
252
274
449
551
673
711
649
464
326
181
263
434
512
457
445
354
234
133
115
127
96
50
14
48
59
1
44
163
246
236
206
257
350
351
335
265
162
66
15
7
8
9
15
36
49
254
492
661
756
853
824
776
616
458
416
429
445
707
1356
1795
2268
2640
3186
3965
4526
4595
4280
3981
3285
3030
2935
2682
2394
1697
1353
1393
1449
1275
1054
864
673
379
450
698
768
653
414
212
207
82
51
91
146
244
327
387
361
332
212
195
149
203
209
190
329
502
771
1005
1210
1458
1754
2137
2690
2852
3263
3323
3400
3146
2640
2054
1596
1286
1189
1106
943
824
830
848
716
654
596
535
583
605
673
653
640
602
525
530
646
822
1112
1357
1602
1809
1889
1969
1990
1884
1959
2237
2726
3772
3772
3323
3562
4076
4507
4711
4542
4166
3804
3454
3073
2749
2470
1963
1659
1250
1093
1314
1496
1635
1710
2445
3220
3650
4046
4430
4608
4693
4568
4454
3950
3611
3106
3001
3047
3162
3149
3358
3811
3977
3782
3495
3503
3383
3102
3090
3247
3026
2647
2164
1442
688
293
674
1295
1667
1839
1920
1962
1897
1848
1425
1485
1526
1361
1299
1319
1227
1230
1165
1063
825
679
472
565
707
646
640
632
545
494
323
232
124
52
87
119
186
194
223
168
143
237
479
880
1392
2101
2416
2436
1925
2014
1927
2037
2077
1892
1997
1885
1582
1661
1537
1327
1111
967
825
654
548
536
402
276
193
57
43
68
109
149
136
128
137
88
85
52
21
0
0
23
42
64
91
76
74
58
45
23
3
2
1
0
1
8
4
9
11
9
34
50
57
46
56
60
39
27
45
52
38
29
18
12
45
38
64
52
31
30
20
25
12
6
5
5
3
0
1
0
0
0
0
0
0
0
0
0
0
0
0
1
3
0
0
0
0
0
0
0
0
0
1
1
0
1
0
0
0
0
0
0
0
0
0
3
0
0
0
0
0
0
0
0
0
0
2
0
0
0
0
0
0
0
0
0
0
0
0
0
2
1
0
0
0
0
1
0
0
0
0
3
20
11
45
122
195
234
320
382
540
698
858
1116
1301
1626
1967
2321
2606
3001
3110
3032
2728
2395
2688
3046
3418
3396
3232
3122
2805
2642
2486
2476
2285
2151
1944
1705
1383
1132
994
1013
1192
1596
2019
2251
2631
3091
3491
3590
3595
3491
3232
3261
3301
3231
3261
3027
3220
3169
2879
2871
3333
3597
3911
3660
3173
2319
1562
1521
1690
1688
1545
1456
1261
1058
1206
1473
1697
1563
1571
1782
1955
1744
1739
1424
1250
819
662
574
585
577
666
814
629
583
704
716
857
1060
1064
962
929
690
531
412
491
426
497
650
747
790
990
988
917
876
676
501
415
360
283
297
407
419
236
207
141
109
138
95
88
79
19
13
19
80
102
108
125
126
114
206
280
216
302
437
531
616
839
949
1013
1059
1056
1015
821
659
657
618
565
691
742
573
441
397
335
263
238
263
188
94
57
22
28
29
21
30
31
45
59
59
77
65
81
104
108
69
55
73
85
52
31
65
219
314
264
237
284
281
239
284
258
197
173
142
102
137
215
200
274
274
247
266
235
184
182
108
63
70
82
73
47
22
22
15
7
18
11
1
1
32
181
306
270
196
110
57
91
182
190
242
253
244
239
257
239
262
263
253
239
235
244
215
180
109
73
57
35
19
8
18
18
32
80
46
28
36
26
9
2
0
0
0
0
1
0
1
1
28
14
3
11
9
3
1
11
13
3
7
0
0
0
0
0
0
0
1
0
0
0
0
1
0
0
0
0
0
0
0
0
1
1
0
1
0
0
0
0
0
0
0
0
0
0
0
0
0
0
0
0
0
0
0
0
0
0
0
0
0
0
0
0
0
0
0
0
0
0
0
0
0
0
0
0
0
0
0
0
0
0
0
0
0
0
0
0
0
0
0
1
8
79
276
370
418
457
431
333
249
167
80
51
18
2
0
0
0
0
0
3
0
0
0
0
0
0
0
0
0
0
0
0
0
1
2
8
9
8
11
3
3
0
1
1
0
0
0
0
0
0
0
0
0
0
0
0
0
0
0
0
0
0
0
0
0
0
0
0
0
0
1
0
0
0
0
0
0
0
0
0
1
0
0
0
0
0
0
0
0
0
0
0
0
0
0
0
1
3
5
11
48
108
230
441
528
675
861
1022
1200
1320
1380
1518
1794
2046
2166
2214
2052
1584
1339
1157
1188
1246
1185
799
263
205
685
714
582
770
589
274
402
554
536
509
431
437
532
524
609
614
651
595
491
378
445
548
644
574
487
318
221
151
144
273
499
609
631
466
442
735
881
712
413
196
174
133
193
353
315
187
298
518
601
608
635
723
727
645
662
672
622
540
442
357
272
219
133
56
13
18
39
11
8
3
11
18
40
52
49
37
39
30
51
133
175
101
70
60
49
35
23
11
6
1
3
0
0
0
0
0
0
2
0
0
0
0
1
0
0
0
3
3
4
1
13
9
10
4
7
3
8
3
0
1
0
0
0
0
0
0
0
1
0
2
6
10
6
4
4
0
40
162
217
216
159
50
2
8
58
124
130
120
66
19
0
1
23
53
79
60
28
1
0
45
42
61
37
9
0
1
9
9
13
2
1
0
2
3
2
0
0
3
12
9
7
2
0
0
0
0
0
0
0
0
0
0
0
0
0
0
0
0
0
0
0
0
0
0
0
0
0
0
12
124
376
742
968
1047
1204
1335
1460
1582
1556
1311
1008
735
461
314
336
369
415
339
235
161
224
264
271
307
468
595
628
725
810
842
868
1017
1174
1295
1445
1539
1577
1545
1469
1337
1048
931
799
698
523
486
414
425
403
354
370
422
550
512
489
508
651
701
881
971
1025
1076
1112
1140
1204
1134
810
597
476
335
108
76
196
387
485
584
608
513
426
373
349
336
190
67
73
124
111
23
80
46
97
111
74
89
104
87
77
152
290
385
461
502
518
533
602
606
583
583
609
635
612
607
525
370
250
180
109
51
7
6
39
26
1
5
0
2
0
7
21
12
2
0
0
0
0
0
0
0
0
0
0
0
0
0
0
0
0
0
0
0
0
1
6
2
13
5
8
3
6
19
38
22
26
14
20
6
7
0
4
1
0
0
0
1
1
0
0
0
0
1
2
2
3
6
3
9
7
5
4
1
1
10
18
0
9
8
1
0
0
0
0
0
0
1
0
0
0
0
0
0
0
0
0
0
0
0
0
0
0
0
0
0
0
0
0
0
0
0
0
0
0
0
0
0
0
0
0
0
1
0
0
0
0
0
0
0
18
6
1
8
3
0
0
0
0
0
0
0
0
0
0
0
0
0
0
0
0
0
0
0
1
2
5
15
28
21
16
9
14
55
69
25
77
97
111
107
142
115
93
111
103
88
119
137
141
107
67
44
55
34
41
10
10
5
1
0
0
0
0
0
0
0
2
6
0
0
2
0
1
0
0
0
0
0
0
0
0
0
0
1
0
0
1
0
0
0
0
0
0
0
0
0
0
0
4
7
24
54
88
100
131
144
125
111
108
125
68
61
46
24
7
4
7
1
1
0
0
1
0
0
0
1
1
2
0
1
1
0
0
0
0
0
0
0
0
0
0
0
0
0
0
0
0
0
0
0
0
6
10
0
5
0
0
0
0
0
0
0
0
0
0
0
0
0
0
0
0
0
0
4
15
0
5
6
0
0
0
0
0
0
0
0
0
0
0
0
0
0
0
0
0
0
0
0
0
0
0
0
0
0
0
0
0
0
0
0
0
0
0
0
0
0
0
0
0
0
0
0
0
0
0
0
0
0
0
0
0
0
0
0
0
0
0
0
0
0
0
0
0
0
0
24
134
241
285
257
279
331
503
529
507
366
192
77
65
37
0
0
0
0
9
69
101
125
57
31
3
0
5
1
0
0
0
0
1
60
121
183
162
141
112
92
68
50
25
3
0
0
0
0
2
0
0
0
0
0
0
0
0
0
0
1
4
1
0
0
0
0
0
0
1
0
0
0
0
0
0
1
0
0
0
0
1
0
0
0
0
0
0
0
0
0
0
0
0
11
0
5
12
0
0
0
0
0
0
0
0
0
0
0
0
0
0
0
0
0
0
0
0
0
0
0
0
0
0
0
0
0
0
0
0
0
0
1
0
0
1
0
0
0
0
0
0
0
0
0
0
0
0
0
0
0
0
0
1
0
0
0
0
0
0
0
0
20
8
2
75
161
212
246
203
95
81
121
151
92
52
123
162
108
7
13
201
367
403
307
196
159
125
67
45
50
70
61
61
99
208
281
396
509
624
589
630
653
569
442
364
341
226
326
426
432
430
466
409
317
324
379
464
624
630
582
474
305
221
106
119
59
76
94
125
178
273
312
314
438
410
491
534
575
529
566
593
607
660
522
256
262
295
265
161
116
162
163
131
182
199
223
204
183
198
210
212
173
153
211
333
462
498
596
605
651
677
652
624
612
573
433
347
301
186
106
50
16
4
2
3
0
2
0
26
114
235
357
524
730
844
832
918
955
967
805
1003
1236
1291
1087
892
921
1071
1220
1359
1336
1296
1247
1209
1077
988
839
763
746
621
442
298
183
87
147
285
304
128
173
431
758
1114
1249
1303
1308
1377
1397
1424
1299
1175
1180
1118
1024
1025
1103
1153
1117
1038
998
861
782
586
490
468
391
340
293
290
271
308
276
280
233
190
217
229
165
198
196
246
358
304
100
101
148
264
319
293
188
168
142
168
273
561
933
908
1048
1357
1240
801
903
926
863
874
935
834
570
498
562
646
884
1055
1259
1305
1304
1337
1287
1156
950
711
709
629
604
475
261
359
533
601
585
599
709
780
845
791
767
741
649
556
449
389
381
387
352
320
330
284
206
138
112
76
61
38
36
34
51
50
56
55
29
33
47
22
19
1
0
10
25
34
28
37
15
3
0
10
60
84
5
35
50
3
4
5
25
6
1
0
19
11
20
10
0
0
5
7
19
7
4
6
9
42
10
0
12
5
1
0
1
2
3
29
103
242
293
154
93
101
88
73
62
37
17
5
2
0
0
0
4
6
30
63
77
49
13
19
9
1
0
1
12
130
86
2
12
1
21
121
152
96
22
1
0
8
59
121
162
137
60
6
1
1
2
4
8
10
9
15
4
0
2
0
1
1
0
0
0
0
0
0
0
0
0
0
0
0
0
1
0
0
0
0
3
2
7
3
14
8
19
25
9
27
9
9
1
1
0
0
0
0
0
0
0
0
0
2
1
1
1
0
1
0
0
0
0
5
29
26
0
9
9
1
40
12
39
94
32
9
7
2
1
31
28
54
114
181
125
70
113
258
332
313
246
201
219
238
304
350
384
518
753
840
660
400
284
223
228
186
121
101
167
233
252
188
259
327
372
411
430
448
508
341
183
193
158
138
115
68
78
107
107
97
56
114
212
210
170
132
147
88
65
17
66
131
110
47
94
97
129
260
431
547
506
415
386
278
265
313
304
247
206
287
246
263
297
282
159
77
84
122
173
227
262
185
143
77
80
128
151
176
220
195
195
199
127
99
83
76
68
52
27
31
29
39
12
119
399
270
54
56
164
148
131
80
67
67
92
314
653
885
975
885
902
903
913
953
906
899
886
816
773
720
609
519
550
543
596
651
646
728
719
655
556
470
342
273
157
67
29
13
29
54
93
125
122
144
115
118
137
165
178
165
147
103
99
136
134
63
24
42
47
46
49
58
115
117
93
75
78
113
142
104
62
67
75
78
50
41
31
17
13
17
21
13
8
3
8
12
22
27
90
186
280
284
282
241
125
69
32
22
16
12
8
6
0
2
0
0
0
0
0
0
0
0
0
1
1
12
32
87
185
256
327
389
443
445
442
427
351
275
156
134
158
155
82
50
34
11
9
4
1
0
5
17
52
46
73
135
225
318
490
562
647
766
867
815
650
554
389
155
85
76
112
114
34
96
9
78
47
45
69
38
42
119
149
103
84
85
68
25
36
45
45
39
27
53
53
49
55
18
10
2
2
0
0
0
4
9
8
6
29
70
107
182
289
335
371
355
373
338
300
213
99
11
7
16
20
22
11
5
8
8
2
4
1
1
0
2
1
2
5
2
1
10
7
6
4
1
1
3
1
0
1
2
3
1
4
6
7
18
26
32
35
21
15
17
14
10
0
0
0
2
0
0
0
0
0
0
0
1
0
0
0
0
0
0
0
0
0
0
0
0
0
0
0
0
1
1
0
0
3
2
1
1
3
7
15
20
50
52
47
23
6
15
23
5
1
0
4
8
2
8
12
8
17
18
0
2
0
0
0
0
0
0
16
19
0
8
6
6
17
18
26
39
25
23
20
6
5
7
0
1
1
0
0
0
0
0
0
0
0
6
13
19
25
45
83
126
219
328
531
520
422
405
542
611
531
355
394
420
332
153
226
265
124
55
123
143
66
7
100
226
240
184
212
297
262
213
222
354
367
295
258
307
295
215
106
75
232
302
222
382
423
294
166
89
206
359
329
132
306
302
183
65
38
303
395
177
117
330
293
188
57
114
308
395
199
93
305
387
276
106
24
74
145
96
56
77
121
132
119
192
268
149
44
48
87
80
82
89
124
90
25
39
107
94
77
63
151
205
121
57
49
45
39
39
18
21
16
23
24
46
137
185
181
116
25
4
42
62
53
20
0
0
16
2
2
34
63
34
0
9
74
126
119
50
10
13
82
194
204
178
112
236
376
476
540
586
671
849
1110
1329
1563
1756
1897
1983
2058
2350
2854
3250
3400
4325
5350
6300
7004
7721
8189
8116
8037
7541
6635
5731
5002
4424
3825
3456
3003
2859
2829
3047
3006
2735
2832
2991
3317
3694
3654
3822
4062
3786
3273
2651
2064
1792
1760
1425
1187
924
1048
1257
1197
1333
1430
1780
2320
3128
4040
4979
5256
5219
4778
4412
4100
3897
4262
4755
5154
5277
5090
5050
5355
5559
5747
5752
5521
5230
5080
5179
5221
5385
5433
4950
4226
3766
3111
2593
2207
1893
1686
1351
1423
1839
2167
2453
2697
2955
3134
3173
3174
3183
3115
3034
3057
3056
3014
2947
2915
2766
2587
2563
2508
2497
2333
2170
1970
1763
1242
920
700
451
336
392
385
518
514
545
1001
1109
899
741
789
738
866
837
688
570
479
559
544
448
600
593
679
692
713
748
902
799
777
750
879
909
775
689
525
424
449
435
370
331
328
358
265
241
302
219
195
194
221
239
267
273
268
363
296
235
250
247
349
422
454
453
527
790
1158
1344
1326
1386
1579
1695
1538
1219
1064
1088
1278
1415
1131
528
524
402
342
380
326
424
584
700
791
764
807
375
277
509
373
196
339
444
395
110
424
526
362
507
892
1220
1384
1490
1556
1757
1816
1780
1716
1685
1530
1452
1353
1174
1003
751
689
520
370
279
178
140
140
137
159
143
182
224
227
262
291
331
384
441
506
557
565
625
763
825
775
862
816
770
775
708
668
641
508
443
437
335
215
156
137
107
127
86
65
27
14
19
1
5
0
1
0
0
0
0
9
0
0
1
0
1
0
1
1
1
0
0
0
0
0
0
0
0
0
0
0
0
0
0
0
0
0
0
0
0
0
0
0
2
1
1
2
0
0
0
0
0
0
0
0
0
0
0
0
0
0
0
0
0
0
0
0
0
0
0
0
0
0
0
0
0
0
0
0
0
0
9
32
34
47
40
51
18
10
5
0
0
0
0
4
63
136
141
220
235
203
109
64
41
8
6
1
0
0
1
2
0
4
0
2
4
3
0
0
0
0
0
0
0
0
0
1
0
0
0
0
0
0
0
0
0
0
0
0
0
0
0
0
0
0
0
0
0
0
0
0
0
0
0
0
0
0
0
0
0
2
0
30
139
276
327
405
507
745
1048
1308
1493
1621
1609
1466
1454
1408
1216
991
967
1014
1288
1477
1563
1495
1444
1264
1009
797
922
930
837
630
513
615
450
224
231
286
339
300
262
182
165
268
169
256
447
524
491
281
416
597
698
622
488
279
342
491
651
611
561
424
121
239
376
339
104
224
392
531
571
548
469
107
399
507
575
488
353
258
642
801
967
1227
1437
1710
2011
2049
2488
2852
2833
2601
2522
2509
2448
2575
2608
2769
2758
2644
2659
2918
3232
3451
3468
3591
3692
4155
4958
5569
5910
6000
6166
5880
5733
5304
4762
4280
3799
2942
2453
2547
2513
2328
2228
2134
2201
2312
2532
2866
3135
3508
3738
3960
4092
4120
4106
3997
3796
3532
3304
3211
3165
3160
3209
3009
2912
3080
3245
3178
3249
3010
2507
2113
1942
1867
1768
1501
1397
1176
1027
758
838
613
597
720
601
609
490
448
431
464
421
345
302
235
240
377
373
385
369
302
284
246
232
268
243
312
308
269
216
209
258
292
313
264
212
212
224
206
184
213
255
206
206
218
187
181
180
141
116
92
67
55
58
49
51
77
78
96
78
40
57
53
57
26
7
37
55
84
99
67
27
36
55
153
227
252
273
306
357
312
345
384
300
272
288
196
121
69
23
22
30
38
43
25
9
4
0
0
1
3
1
2
1
0
0
0
0
0
0
0
0
0
0
0
0
0
0
0
0
0
0
0
1
0
0
2
3
9
2
7
7
7
2
1
3
0
4
5
4
5
1
2
0
0
1
2
0
0
0
1
0
8
17
1
6
7
1
0
0
2
19
78
170
298
481
753
1035
1245
1575
2092
2500
2907
3400
3453
3390
3011
2546
2003
1674
1454
1377
1225
740
492
608
651
579
479
443
297
269
275
360
373
346
281
223
288
322
258
260
233
261
227
210
172
190
183
130
74
49
33
30
16
15
31
27
15
9
9
5
2
2
0
0
1
0
0
0
0
0
0
1
0
3
0
1
1
1
0
0
4
8
3
4
1
6
8
1
0
5
1
2
1
0
0
1
3
0
1
0
0
0
0
0
0
0
0
0
0
0
0
0
0
0
0
0
0
0
0
0
0
0
0
0
0
0
0
0
0
0
0
0
0
0
0
9
13
6
20
42
71
102
131
137
107
70
62
63
62
52
29
3
0
1
0
1
3
5
3
0
2
0
0
4
33
25
5
0
0
0
0
0
0
0
0
0
7
18
4
8
8
1
0
0
10
19
3
6
4
2
1
0
2
17
17
2
0
0
0
0
0
1
0
0
0
1
431
0
0
4
14
1
0
0
0
3
1
0
0
0
0
0
0
0
0
0
0
0
0
0
0
1
4
0
0
0
0
0
0
0
0
0
0
0
0
0
1
8
2
112
177
60
1
0
7
6
7
3
0
0
0
1
0
0
0
0
2
8
14
41
98
178
142
41
15
14
58
52
61
91
117
106
91
31
4
6
0
10
2
0
4
2
16
64
42
92
378
680
841
1009
1186
1246
1271
1235
1169
1184
1006
839
710
586
579
472
458
403
408
430
451
431
415
381
345
252
191
150
100
104
129
179
243
378
472
528
579
625
737
782
856
885
889
867
834
810
767
719
788
792
779
742
783
806
746
766
763
880
855
790
709
575
494
368
301
228
172
267
375
609
862
1033
1142
1306
1475
1379
1428
1416
1455
1482
1471
1271
1079
917
733
555
436
332
305
169
133
85
91
155
245
320
437
498
584
558
554
558
754
916
1064
1213
1417
1707
1987
2276
2317
2402
2503
2663
2770
2883
3071
3105
3276
3343
3448
3520
3730
3818
3917
4132
4139
4193
4005
3818
3373
2581
2125
1875
1598
1349
909
630
323
254
274
331
459
624
629
741
785
553
162
93
171
103
62
84
32
10
4
7
0
2
1
5
10
23
38
77
87
53
42
46
45
24
31
18
22
9
32
32
12
6
3
26
30
4
6
2
16
43
62
133
278
361
363
284
259
216
222
356
520
637
426
188
90
118
169
123
166
295
326
405
543
637
743
805
906
965
998
1031
1077
1153
1262
1384
1507
1535
1570
1293
1023
716
480
287
126
61
80
287
348
350
339
440
585
661
713
886
992
1005
1134
1169
1217
1131
1080
1036
894
872
950
1059
1254
1238
944
581
400
550
621
603
553
466
366
242
335
256
163
94
72
58
26
15
105
196
204
102
183
254
358
383
217
39
238
460
353
51
42
195
239
74
0
120
288
282
156
22
63
109
56
8
10
28
54
67
117
231
249
228
174
186
209
268
357
388
324
228
123
101
153
138
40
159
229
154
78
52
120
195
209
235
121
95
326
394
230
21
66
222
180
53
69
147
181
142
46
24
33
24
24
38
58
97
118
172
220
331
450
507
485
418
313
215
134
139
105
97
90
103
110
103
64
28
23
51
158
271
289
291
298
310
378
387
450
432
401
332
257
165
55
44
29
16
18
7
12
10
19
7
13
11
17
15
18
22
21
10
5
2
0
3
1
0
0
0
0
0
0
0
0
0
0
0
2
1
1
0
0
0
0
0
0
0
0
0
0
0
0
0
0
0
0
0
0
0
3
4
0
8
20
53
154
379
593
686
660
693
695
708
625
509
350
247
148
145
163
165
202
307
477
631
817
933
1038
1286
1395
1315
1192
1101
883
696
512
390
245
101
17
77
187
269
304
391
459
450
486
474
486
532
543
579
648
754
809
745
664
626
483
405
318
313
233
133
98
43
34
9
4
14
39
73
116
94
65
46
25
27
30
23
14
17
7
0
2
0
2
4
4
1
1
2
1
3
4
3
8
6
5
16
45
61
49
33
19
17
16
15
5
1
2
8
4
34
39
44
45
54
49
59
55
63
66
39
23
19
0
0
0
0
0
0
0
0
0
0
0
1
0
0
0
1
0
0
10
29
13
4
5
11
14
15
15
22
18
19
12
7
9
1
2
0
0
2
12
0
0
0
0
0
0
0
0
11
16
1
30
23
34
14
12
13
8
4
15
24
10
25
10
33
42
35
37
67
62
54
89
110
83
77
71
54
47
61
83
100
87
77
47
40
58
67
34
40
39
64
104
178
213
297
389
476
640
832
951
1129
1316
1385
1534
1532
1589
1547
1484
1436
1355
1105
847
568
604
797
921
801
463
720
880
773
808
1665
2330
2368
2028
1217
799
945
1028
844
726
842
840
778
788
737
683
527
455
463
514
555
455
233
103
68
81
61
38
25
60
61
72
165
245
273
277
274
287
253
234
208
167
130
143
114
60
31
25
6
1
0
0
0
0
0
1
0
4
12
14
30
31
40
44
69
57
50
44
28
19
7
2
0
3
1
2
3
1
0
0
0
0
0
0
0
0
5
6
13
29
54
87
103
145
212
259
396
662
1046
1398
1524
1625
1680
1589
1595
1919
2211
2272
2288
2211
1973
1543
1087
954
1045
920
956
1172
1300
1341
1553
1660
1706
1661
1526
1438
1373
1310
1061
706
290
382
681
1216
1840
2036
1763
1505
1243
1021
961
906
620
282
94
201
308
435
589
791
1062
1284
1439
1675
2010
1966
1587
955
444
245
331
328
473
697
675
448
314
229
163
80
70
73
74
21
1
1
0
1
0
0
6
8
6
4
4
9
16
20
5
6
5
2
0
0
0
0
0
0
0
0
0
0
0
0
0
0
0
0
0
0
0
0
0
0
0
0
0
0
0
0
5
13
8
0
1
6
30
104
138
150
102
9
13
170
195
221
209
181
180
139
85
153
269
296
238
114
26
17
108
173
162
127
54
2
6
27
41
87
98
103
138
188
210
158
103
22
23
117
239
328
301
266
224
345
633
812
923
891
704
630
1163
1569
1566
1296
805
935
1612
1913
1922
2110
2315
2119
1710
1508
1337
1270
980
695
528
508
390
197
68
95
304
411
531
439
371
480
546
628
774
919
1257
1579
1991
2052
2126
2537
2579
1929
1587
1281
1149
833
543
258
115
143
655
943
1016
750
548
520
480
474
546
634
625
473
301
298
280
161
88
224
245
135
46
8
21
19
10
17
16
20
11
7
22
37
94
136
102
138
450
1341
2058
2456
2891
3787
4186
5011
5178
5085
4804
4163
4117
3785
3331
2781
2123
2537
2493
2299
2008
1337
1198
1462
1575
1957
2505
2801
2877
2702
2181
1098
1604
2325
2536
2485
2046
1554
1528
1453
1528
1150
1097
1510
1603
1746
1258
1024
1074
1125
1143
1098
1070
913
1096
1255
1661
2122
2243
2128
2001
1755
1300
1120
741
629
630
517
512
494
384
355
289
328
366
359
417
577
709
906
1471
1724
1597
1093
669
895
1048
1181
1351
1354
1313
1140
679
235
91
249
475
640
726
724
724
720
674
610
532
541
651
691
652
563
595
563
442
410
411
474
560
576
663
783
895
975
1112
1247
1264
1285
1237
986
1042
1286
1615
1950
2151
2462
2696
2974
2803
2294
1880
1617
1466
1399
1279
1353
1315
1310
1135
1013
830
654
556
546
499
414
448
586
713
636
522
326
176
155
68
66
129
267
288
186
166
91
141
230
302
434
612
707
886
980
899
640
371
515
1027
1585
1958
1913
1493
793
639
1005
870
621
601
523
310
392
934
1212
937
342
518
677
879
853
622
289
138
156
245
314
332
327
322
290
336
313
230
173
202
235
339
525
533
755
1079
858
606
632
1039
1673
2225
2723
2939
2527
2441
2354
2188
1960
1467
1220
1107
1045
762
580
399
477
679
881
812
469
226
379
506
447
293
87
202
597
836
756
428
703
743
469
295
243
271
446
644
602
395
589
467
336
390
409
507
501
532
305
474
511
388
358
347
495
590
543
472
343
566
468
322
285
256
255
339
449
565
427
365
386
358
327
287
141
26
209
260
145
178
335
436
430
238
139
464
664
710
443
72
157
385
384
515
390
226
309
412
413
243
121
244
413
400
273
116
23
57
99
82
267
257
203
165
107
59
197
324
282
157
198
191
201
330
342
231
229
337
432
353
198
130
257
377
493
444
217
291
317
289
157
33
180
323
224
128
9
125
288
277
167
140
297
256
178
95
36
201
292
309
182
48
164
207
197
163
51
122
327
358
221
50
47
186
247
178
126
20
113
288
251
123
72
274
351
258
140
11
92
212
206
118
70
197
226
206
128
6
85
183
204
110
63
85
156
144
118
37
34
164
220
163
109
180
252
270
218
131
148
252
163
228
227
150
117
157
156
226
241
158
173
165
216
219
185
104
27
93
95
20
18
39
136
165
110
148
221
193
110
80
72
162
197
148
143
86
274
394
288
141
125
308
334
291
271
272
182
166
175
113
165
209
205
98
76
75
168
188
116
101
127
115
57
31
42
37
38
48
37
29
9
3
8
17
4
28
47
7
2
9
65
36
33
15
41
15
47
165
270
250
126
64
113
135
149
161
126
143
199
181
119
50
42
62
94
130
190
211
233
185
117
47
23
88
103
69
47
33
99
76
56
160
215
164
87
30
85
219
116
111
370
330
187
166
171
309
453
403
229
174
123
171
184
192
136
107
265
283
187
58
32
80
169
153
96
54
80
180
154
162
187
134
158
163
127
78
39
38
40
28
10
36
34
10
0
2
0
0
0
8
8
47
268
326
163
25
58
308
417
347
105
122
222
180
160
209
120
110
189
126
111
146
166
122
136
155
328
354
286
133
104
120
184
249
192
158
84
208
312
258
225
235
293
276
209
165
47
145
268
248
136
47
39
102
206
182
153
137
188
283
221
116
76
135
231
204
183
218
222
297
269
163
86
36
3
16
65
53
4
12
37
28
5
15
9
8
6
23
77
80
82
45
16
56
63
39
4
47
34
25
15
46
51
33
2
16
16
11
8
20
25
39
46
36
10
18
46
11
2
10
13
43
41
26
7
47
77
53
4
0
21
45
65
38
11
31
100
99
42
34
63
136
153
99
83
19
60
177
236
271
390
536
664
754
859
939
1031
1125
1150
1288
1578
1697
1722
1812
1826
1858
2068
2312
2524
2878
3129
3627
4143
4411
4357
4139
4024
3999
3881
3800
3553
3812
3945
3709
3587
3548
3696
3622
3258
2936
2497
2092
1754
1493
1353
1120
897
673
540
449
356
279
271
317
451
657
871
992
1311
1507
1714
1914
2101
2315
2558
2865
3246
3686
4052
4306
4500
4934
5422
5789
6021
6159
5958
5601
5179
4919
4945
4929
4791
4415
3861
3046
2419
1941
1527
1465
1731
1822
1401
689
881
1283
1713
2242
2647
2718
3015
3315
3913
4357
4628
4980
5198
5306
5305
5173
4855
4647
4584
4625
4750
4646
4417
4364
4092
3786
3661
3140
2863
2971
2993
3120
3092
2812
2379
1864
1715
1852
1623
1287
1541
1656
1405
1633
1887
1648
1620
1348
1073
928
932
868
892
939
960
855
806
867
909
1121
1145
1250
1264
1358
1531
1507
1154
972
944
991
1133
1152
1102
1098
829
570
529
551
628
621
621
617
776
956
1019
1134
1194
1020
1487
2023
2286
2541
2661
2453
2252
1870
1495
1143
948
735
529
647
677
850
1076
1257
1334
1488
1540
1342
1181
1168
1144
1087
1075
896
697
699
881
960
913
771
542
465
616
638
595
561
518
541
745
870
909
951
996
1147
1231
1191
1187
1108
1045
1494
1581
1585
1498
1272
1012
903
1380
1692
1962
2126
2318
2405
2341
2227
2041
1792
1584
1401
1156
862
631
475
470
468
415
472
513
508
531
610
657
686
722
759
796
734
621
579
441
330
236
165
101
66
77
170
257
324
417
501
536
534
530
549
521
451
379
315
311
281
209
150
122
107
76
82
108
152
154
184
290
396
442
502
546
547
508
424
332
286
229
199
432
648
586
395
354
386
487
509
544
515
457
460
471
452
345
236
144
95
69
39
23
27
38
35
22
61
77
92
55
70
76
37
3
1
14
32
19
15
32
54
52
71
105
113
106
63
86
234
364
477
582
707
715
701
687
664
552
397
382
498
478
614
547
372
282
239
262
268
176
188
248
326
455
474
542
630
575
442
257
158
112
116
224
247
294
407
312
251
346
542
921
1356
1837
2036
2011
1747
1482
1121
978
1123
1352
1254
931
497
608
721
708
805
889
1027
1157
1353
1319
1113
775
505
495
511
461
413
405
397
505
761
882
1199
1300
1417
1480
1481
1398
1224
1003
776
662
599
530
495
391
318
278
272
251
177
159
105
62
81
103
97
121
171
204
249
221
171
133
172
117
70
61
56
141
339
474
536
511
397
247
190
125
65
91
138
101
74
42
43
64
45
15
5
2
0
3
25
108
240
317
310
224
144
54
7
0
0
0
0
0
0
0
1
0
3
4
2
1
3
2
1
2
1
1
0
0
4
1
0
0
0
0
0
0
0
0
1
5
8
7
3
2
1
2
0
0
0
0
1
0
0
0
1
0
0
0
0
2
0
0
0
2
24
69
135
193
212
203
179
123
97
68
32
20
14
18
8
3
9
2
3
3
0
0
0
0
0
0
4
1
1
0
0
0
0
0
0
0
0
0
0
0
0
0
0
0
0
7
16
1
0
5
4
0
0
1
0
1
0
0
0
0
0
0
0
0
0
0
0
0
0
3
2
3
28
85
214
493
709
990
1129
1204
1338
1523
1758
1761
1452
1264
1126
1080
1045
791
520
259
52
91
168
324
497
544
530
491
388
269
178
79
182
447
746
858
727
515
280
109
41
54
102
109
118
118
92
102
85
81
77
68
41
21
5
2
0
0
0
0
0
0
0
1
1
1
0
0
1
1
1
0
0
0
0
0
0
0
0
0
0
0
0
0
0
0
0
0
0
0
0
0
0
0
0
0
0
0
0
0
0
0
0
0
0
0
0
0
0
0
0
0
0
0
0
0
0
0
0
0
0
0
0
0
0
0
0
0
0
0
0
0
0
0
0
0
0
0
0
0
0
0
0
0
0
1
12
50
97
112
147
127
93
69
35
9
2
0
0
0
0
0
0
0
0
0
0
0
0
0
0
0
0
0
0
0
11
33
163
187
102
31
24
71
164
282
346
466
556
607
716
855
939
1000
1022
960
884
779
635
524
448
361
279
250
239
313
465
627
695
701
691
777
966
1088
1149
1095
950
865
977
1035
964
892
613
460
429
348
281
193
250
331
342
339
401
588
745
901
1165
1308
1296
1170
1102
1353
1608
1778
2215
2564
2701
2471
2564
2740
2936
3228
3352
3125
3243
3442
3519
3625
3949
4222
4280
4204
4134
3824
3225
2655
2203
2023
2276
2565
2700
2616
2168
1249
982
1233
1178
1282
1047
406
863
1237
1409
1507
1305
1282
1462
1351
1426
1714
1672
1180
879
748
785
848
938
953
999
1028
1119
1337
1546
1827
1997
2260
2452
2338
2228
2171
2043
1890
1755
1526
1328
1105
910
663
415
360
357
492
687
968
1184
1411
1565
1718
1816
1775
1805
1798
1762
1799
1803
1900
1941
1899
1869
1688
1530
1366
1214
1150
976
901
786
621
586
498
424
355
299
208
159
92
31
27
13
8
9
6
20
29
48
51
34
24
44
67
97
150
216
224
301
339
442
640
712
532
400
269
324
654
916
1029
821
671
512
318
207
182
294
300
215
205
231
282
344
361
388
375
328
249
172
119
130
109
72
44
32
32
24
27
37
51
57
78
35
24
34
18
30
55
65
85
80
50
55
49
64
48
36
31
44
47
53
74
66
43
46
23
24
36
17
31
30
38
103
71
32
53
299
379
375
281
161
87
55
47
10
0
7
11
24
19
22
41
41
28
21
39
48
75
137
128
125
145
109
97
78
67
33
61
56
29
5
5
19
6
5
6
7
26
36
34
31
9
3
5
0
4
16
25
26
17
2
12
31
52
48
38
23
10
5
3
1
0
7
13
3
4
10
37
28
1
3
9
9
20
25
16
2
0
0
2
6
7
1
0
0
0
0
0
0
0
0
30
29
18
57
21
0
3
6
12
20
17
4
1
1
3
4
11
8
7
1
1
3
1
0
1
14
18
15
27
31
40
46
35
22
13
8
2
3
0
4
3
12
6
30
45
24
14
59
46
10
15
37
28
11
4
3
1
0
0
0
0
24
68
72
91
84
103
65
70
25
13
15
68
36
19
68
79
41
63
26
18
145
207
237
259
274
270
290
292
328
405
456
533
604
672
617
576
638
594
633
651
729
856
1025
1135
1158
1100
959
731
583
766
1177
1436
1519
1350
972
871
1322
1678
1701
1432
1259
1243
1271
1309
1169
936
773
742
744
555
276
111
105
174
301
411
428
520
576
640
701
670
653
670
651
593
596
526
482
438
360
327
286
182
43
6
25
61
128
200
292
380
413
456
516
509
541
578
511
460
479
428
336
291
212
177
134
82
98
79
28
5
9
35
71
117
125
173
224
283
234
176
118
99
124
131
135
120
102
80
25
9
2
4
0
0
3
10
11
26
22
15
14
9
10
8
1
6
0
2
0
4
34
7
24
4
0
1
2
2
5
1
1
0
1
0
0
0
0
1
8
1
0
1
0
1
4
23
49
35
30
33
18
5
3
1
1
4
0
0
3
2
2
2
2
0
2
0
0
1
0
0
0
0
2
0
0
3
0
0
1
0
0
0
0
0
0
0
0
0
0
0
0
0
0
0
0
0
0
18
27
92
268
378
391
431
462
438
393
314
277
251
188
141
73
7
6
51
132
215
272
327
331
305
276
213
98
64
59
53
68
101
117
107
111
64
21
2
0
1
3
3
2
11
12
7
6
5
0
0
0
2
0
0
4
13
8
1
0
0
0
0
0
0
0
0
0
0
0
2
0
2
4
5
1
3
2
4
3
6
2
0
0
0
0
0
0
5
0
0
0
0
1
0
0
0
0
0
0
0
0
0
0
0
0
0
0
0
0
0
0
0
0
2
0
0
0
0
0
0
0
0
0
0
1
0
0
0
0
0
0
0
0
0
0
0
0
0
0
0
0
1
0
1
2
3
1
0
3
27
5
6
8
0
0
0
0
0
0
0
1
0
2
1
0
0
0
1
0
1
1
0
0
0
0
0
0
1
2
2
0
1
0
0
4
5
3
1
0
0
0
28
397
1246
2188
2838
2846
2462
2433
2892
3495
4170
4664
5218
4717
3927
3905
3158
2684
1990
1551
1863
2290
2745
3439
4072
4630
4674
5029
5394
5754
5651
4844
3719
2647
1959
1808
1713
2495
3406
4335
5556
5799
5132
4710
4035
3798
3326
2831
2387
2444
1925
1478
1028
651
794
1139
1439
1980
2868
3333
3886
4010
4687
4561
5278
5214
5108
4695
3933
3028
2117
1434
1054
1292
1434
1318
1243
1133
1031
955
987
962
1054
1060
965
811
658
591
553
376
209
272
445
553
658
644
579
555
545
539
417
257
146
162
214
265
386
501
702
819
897
1043
1131
1143
1059
1032
970
922
958
991
1017
977
922
847
779
699
583
529
507
327
199
77
16
78
194
300
478
614
615
649
709
728
857
848
764
637
494
335
214
134
125
243
313
392
494
453
381
427
432
337
305
283
330
369
447
534
437
376
389
340
306
259
264
269
281
295
352
385
376
303
198
182
120
136
117
77
92
102
313
432
411
408
495
497
493
519
485
478
388
303
347
378
425
398
334
220
104
115
64
75
106
127
136
147
105
99
102
77
29
31
57
33
10
10
12
0
1
6
48
147
198
186
214
226
216
194
203
160
86
43
15
0
1
3
1
1
0
0
0
0
0
1
0
4
0
1
0
0
1
0
0
0
0
0
0
2
0
0
0
0
0
0
0
0
0
0
0
0
0
0
2
0
0
0
0
0
0
0
0
0
0
0
0
0
0
0
0
1
0
0
0
0
0
0
0
0
3
14
14
30
54
119
169
254
260
241
185
87
26
19
23
38
103
151
174
137
76
43
16
11
9
11
9
11
6
15
27
34
54
26
23
18
3
1
0
0
0
0
2
5
10
16
29
6
13
12
1
0
0
0
0
0
9
13
37
116
161
159
268
546
937
1189
1333
1397
1461
1412
1735
2365
2784
3115
3176
3111
3049
2708
2815
2758
2637
2971
2830
2770
2746
2598
2447
2377
2257
1639
1495
1353
1436
1362
1250
1232
1358
1508
1579
1626
1498
1468
1490
1333
1130
858
748
681
778
760
690
624
633
605
534
472
425
441
442
472
537
481
491
345
236
265
385
376
400
394
308
339
387
434
526
667
792
972
1144
1097
1090
1057
977
1009
1039
997
864
749
694
612
486
352
213
170
121
87
164
260
413
521
571
595
592
643
702
725
682
689
689
706
690
712
698
649
616
579
519
478
421
337
232
148
122
93
83
69
60
107
162
275
299
365
470
478
507
464
431
421
413
448
537
682
717
774
759
679
626
581
520
459
372
303
221
164
106
127
159
171
131
129
225
344
448
503
602
707
748
811
1151
1133
764
535
314
205
228
216
243
165
173
105
183
218
162
189
261
291
192
70
39
39
32
30
33
49
26
37
39
74
85
94
90
50
35
72
84
141
241
326
293
232
159
166
162
196
193
183
154
95
111
112
109
76
54
48
31
10
16
17
6
10
9
9
13
19
8
5
10
17
8
11
28
27
172
287
65
87
68
21
22
40
91
126
167
177
162
118
171
175
240
353
322
402
510
477
369
334
301
223
280
184
216
338
399
431
448
433
481
522
481
544
524
478
372
328
275
218
161
207
145
77
110
111
100
105
103
81
71
90
137
112
26
38
50
39
48
29
29
26
26
38
57
30
5
47
89
103
104
107
87
72
59
57
70
57
41
40
24
8
24
48
22
6
19
39
37
35
42
23
35
32
21
0
0
2
4
11
74
97
325
469
444
239
152
414
487
379
137
238
416
446
409
156
106
305
392
274
96
241
304
315
122
10
110
249
302
254
252
251
304
174
88
139
214
206
128
101
74
105
99
71
80
132
69
24
8
19
38
16
23
30
28
23
42
38
22
15
5
2
1
7
8
2
1
7
28
47
27
41
90
99
100
72
27
24
39
18
32
89
96
74
24
30
30
61
76
86
83
42
10
109
136
154
83
96
233
298
317
304
245
202
164
155
208
402
383
385
334
201
246
280
348
322
358
394
247
136
126
74
48
120
113
86
70
27
9
31
63
30
73
132
129
97
88
91
152
126
46
145
121
127
78
42
87
60
22
35
51
43
60
60
50
54
49
22
24
56
82
1
53
26
28
29
13
29
4
9
1
0
0
2
1
6
9
11
2
2
26
47
15
28
20
35
19
25
72
67
19
57
57
20
21
36
26
4
0
1
2
18
37
38
67
45
45
49
31
32
96
168
102
109
96
102
89
84
48
37
34
14
16
41
61
74
70
27
30
35
53
40
23
8
3
20
29
48
29
27
32
17
6
1
9
12
64
94
84
36
20
19
17
4
6
22
26
43
25
25
27
11
13
36
142
263
335
346
147
376
736
907
1130
1463
1740
1935
2185
2082
2092
1897
1467
1362
1113
1210
1395
1439
1675
1838
2109
2228
2425
2289
2219
2100
1527
1529
2075
1454
1903
1998
1830
1536
1197
930
560
351
358
248
322
528
599
740
922
972
870
557
236
221
324
382
342
251
148
121
80
159
154
61
64
167
209
143
128
136
207
243
227
246
372
352
327
298
262
323
352
239
107
73
76
128
170
197
138
127
202
182
220
279
308
298
208
224
191
194
127
109
116
119
171
194
183
248
267
281
238
187
131
82
84
73
40
59
79
103
131
164
183
184
156
98
59
33
16
16
27
40
45
21
7
21
14
17
22
45
48
43
49
51
128
67
40
88
92
103
28
73
112
135
185
282
414
548
651
745
849
873
884
889
860
777
794
772
745
726
852
1023
1089
1085
1259
1597
1806
2017
2298
2714
2842
2964
3239
3536
3733
3955
4464
4722
4610
4249
3865
3755
3670
3709
3618
3304
3171
3125
3315
3442
3390
3229
2857
2834
2909
2765
2498
2369
2092
1815
1667
1719
1812
1856
1732
1611
1547
1514
1498
1397
1124
1077
1002
856
731
588
511
440
417
382
444
484
567
598
702
710
829
995
1050
1205
1361
1589
1909
2212
2448
2699
3011
3161
3373
3534
3647
3575
3399
3353
3248
3281
3272
3421
3588
3517
3310
3352
3359
3379
3255
3052
3016
3007
2879
2553
1909
1282
850
511
454
709
1201
1837
2131
2303
2457
2699
2950
3030
2833
2564
2388
2347
2230
2146
2042
1920
1924
1950
1637
1463
1342
1171
1032
748
657
556
803
1153
976
861
702
570
388
240
257
294
293
284
273
189
148
145
189
224
212
208
203
152
128
221
250
255
294
264
139
107
92
53
80
141
212
190
216
245
214
152
84
85
92
81
62
71
92
78
120
82
55
41
27
35
56
90
110
113
100
134
119
96
86
117
122
118
92
77
75
76
65
36
21
23
25
16
34
45
44
107
222
320
415
517
760
987
1072
1152
1454
1522
1497
1617
2032
2236
2448
2590
2758
2598
2569
2663
2768
2681
2616
2392
2012
1859
1688
1495
1803
2381
2831
3306
3301
3009
2809
2965
2654
2133
1827
1981
1957
2158
1185
535
398
357
496
581
478
286
255
263
389
403
317
292
282
220
329
346
322
367
461
376
237
84
15
50
43
32
10
12
15
19
41
42
21
11
2
9
6
25
91
305
481
663
816
786
668
496
440
388
418
419
437
369
356
279
281
172
121
142
217
293
438
585
856
898
788
632
557
479
350
236
148
90
93
205
435
489
391
180
110
98
85
75
46
37
40
69
48
63
56
43
30
44
97
213
590
936
1098
1201
1537
1806
2030
2278
2565
2595
2759
2846
2886
3043
3088
3139
3248
3285
3275
3599
3536
3445
3688
3962
4312
4467
3994
3324
2987
2570
2064
1742
1644
1141
729
594
819
1026
1423
1692
1815
1985
2137
2373
2650
2866
3043
3402
3745
4034
4076
3819
3492
3174
2850
2542
2297
2226
1976
1816
1770
1872
1866
1875
1768
1502
1262
1050
975
908
624
525
449
315
700
1027
1299
1875
2045
2211
2466
2747
3002
3159
3430
3348
2963
2879
3173
3206
3324
3315
3264
3473
3586
3471
3417
3255
3032
2858
2453
1951
1327
736
686
1068
1834
2389
2659
2829
3199
3371
3403
3411
3277
2997
2643
2277
1947
1773
1557
1518
1430
1312
1059
762
653
564
718
902
1102
1171
1066
1281
1083
853
701
1054
895
623
469
439
306
258
256
262
298
185
171
116
150
107
66
63
57
65
93
91
114
137
96
96
101
64
65
46
39
19
34
19
4
6
1
2
0
0
0
4
1
13
7
5
1
4
1
4
15
5
2
4
4
6
4
6
27
44
7
35
57
22
25
35
65
120
130
225
286
326
423
439
546
600
726
693
513
599
604
628
533
454
517
724
808
756
1133
1434
1170
797
1098
1275
937
674
618
669
772
924
984
853
637
460
363
270
208
119
102
190
270
250
249
454
633
722
779
854
940
952
940
975
953
822
651
516
398
280
298
366
367
381
341
142
258
335
327
419
611
650
636
501
330
210
284
394
399
408
272
130
93
135
135
152
124
136
139
178
117
165
179
195
177
94
80
100
93
95
67
54
57
68
57
73
70
54
45
76
101
110
96
101
82
65
49
46
52
19
49
84
85
120
280
414
497
617
722
839
1047
1204
1329
1491
1554
1583
1530
1244
949
763
428
244
146
196
698
1053
1357
1462
1401
1458
1368
1196
690
626
758
742
551
514
604
443
399
629
746
842
838
768
743
662
512
636
717
773
442
312
464
514
339
304
501
661
751
679
584
613
516
355
260
168
113
100
86
59
55
60
73
81
65
34
33
14
8
25
27
41
55
59
44
32
25
12
7
0
0
0
11
10
24
29
24
23
16
33
30
13
7
10
12
31
33
66
177
243
315
359
377
335
278
281
296
488
630
553
422
460
491
546
554
687
787
874
889
830
661
422
235
165
119
149
146
239
337
422
432
498
773
1063
1484
2392
3121
3041
3342
3275
3037
2931
3095
2951
2761
2699
2613
2333
2499
2605
2961
3339
3740
3444
3180
3400
3050
2852
2339
1548
2288
2521
2138
1993
1778
1791
1669
1143
820
871
1028
1307
1665
1899
1901
1695
1548
1530
1498
1363
1331
1373
1455
1553
1771
2347
5153
2584
2481
2209
1861
1668
1824
2060
2186
2236
2530
2542
2504
2288
2165
2103
1930
1598
1247
912
659
387
251
137
52
37
37
94
151
199
237
170
74
48
46
72
77
193
279
249
168
91
72
111
94
65
96
154
256
337
360
520
947
1589
2318
3108
3781
4036
4175
3982
2832
1681
2601
3561
3854
3400
2985
2269
1645
1105
1171
1383
1430
1529
1586
1560
1461
1263
964
694
512
366
269
445
726
876
1091
1266
1539
1671
1529
1222
1042
848
744
737
817
857
795
884
994
859
949
788
730
813
889
882
717
570
331
122
194
232
181
122
118
99
123
126
88
137
175
145
268
239
180
112
71
62
85
85
108
49
97
194
209
229
209
244
322
564
650
654
592
713
991
834
604
488
647
852
1187
1267
1315
1435
1441
1882
2285
2630
2989
3147
3528
2970
2511
2122
1480
1458
1447
977
786
734
482
251
228
386
402
235
274
374
413
309
183
57
39
34
28
26
6
4
4
4
31
59
69
61
39
61
39
71
79
74
51
49
64
52
55
35
82
98
112
105
178
245
443
493
488
614
704
852
945
1040
1014
896
824
617
627
800
1111
1309
1195
637
177
507
439
249
630
724
433
163
488
707
371
229
750
1008
637
240
499
759
713
465
458
363
263
404
594
592
687
919
987
816
580
792
903
632
398
457
703
469
515
621
580
440
432
418
223
191
620
773
433
158
659
986
791
456
581
420
181
196
569
428
255
843
1171
1006
602
530
896
1051
610
488
1076
1227
869
796
1004
1191
1079
944
1400
1842
1965
1755
1666
1559
1499
1374
1284
1263
1251
1091
949
841
916
996
1061
1079
975
927
913
877
879
939
1001
1088
1078
1065
1049
1095
1156
1093
936
733
515
326
225
131
102
110
236
462
687
861
1098
1321
1556
1825
1856
1779
1591
1331
1124
917
717
509
597
693
787
835
904
972
910
653
412
506
631
663
663
681
563
397
306
273
228
163
160
192
244
263
263
309
293
272
253
228
182
170
143
130
209
561
856
1172
1865
2465
2816
2956
2993
2833
2604
2236
1864
1628
1229
671
216
716
986
986
684
227
94
85
132
282
450
663
769
620
372
438
471
539
625
723
830
839
688
497
263
409
474
450
419
596
952
1279
1564
1732
1846
1981
2129
2123
2306
2561
2574
2286
1686
935
1012
855
454
521
557
661
769
693
601
405
137
79
180
215
146
60
40
51
41
17
13
5
2
2
6
13
18
3
1
5
3
1
6
2
0
0
0
0
0
0
0
0
0
0
0
0
0
0
0
0
0
1
0
0
0
0
0
0
0
0
0
0
0
0
0
0
0
0
0
0
0
0
0
0
0
0
0
0
0
0
2
0
2
1
0
0
0
0
0
3
22
6
1
7
3
1
0
0
0
0
0
0
0
0
0
0
0
0
0
0
0
0
0
0
0
0
0
0
0
0
0
0
0
0
0
0
0
0
2
0
0
0
0
0
0
0
0
0
0
0
0
0
0
0
0
1
18
12
23
60
125
181
291
389
403
459
482
447
418
331
267
239
181
109
91
50
88
152
215
259
280
309
337
367
403
377
351
321
273
258
236
199
145
111
66
32
21
10
7
1
0
0
0
0
0
0
0
0
0
0
0
0
0
0
0
0
0
0
0
0
0
0
0
0
0
2
0
0
0
0
0
0
0
0
0
0
0
4
1
1
2
6
15
3
14
132
209
196
337
592
835
1016
1198
1110
929
814
820
801
629
535
558
657
512
398
367
433
487
532
470
514
411
384
448
408
247
65
143
222
209
203
281
418
483
475
473
487
461
465
493
578
534
487
559
576
558
561
503
425
411
428
536
546
523
481
416
388
359
349
337
298
266
239
198
165
152
163
154
137
132
125
90
96
72
40
25
36
51
48
56
61
83
99
65
30
22
20
12
15
33
38
57
80
79
81
50
35
6
0
0
0
0
2
0
1
11
40
85
110
110
91
52
49
80
110
98
119
151
147
143
135
139
111
56
38
14
0
2
22
32
26
14
25
19
8
4
9
7
1
1
1
4
0
19
74
61
35
65
188
307
340
405
473
383
283
235
216
390
467
420
504
556
576
571
519
528
557
594
455
325
120
100
157
215
237
248
185
154
140
152
140
103
105
100
70
31
14
62
119
207
314
466
613
613
588
642
686
701
641
549
560
506
442
415
370
215
151
89
85
101
125
147
202
289
332
354
308
274
190
83
81
85
93
85
98
62
46
55
35
46
43
73
158
175
169
179
190
184
119
86
47
34
59
117
270
385
400
326
251
200
146
92
94
107
79
59
52
10
26
45
75
60
92
119
91
66
58
18
27
27
51
85
101
130
316
556
801
1150
1448
1782
2053
2264
2427
2642
2695
2694
2703
2789
2901
2939
2734
2535
2395
2410
2619
2796
2780
2571
2245
1859
1661
1387
1388
1794
2187
2398
2921
3248
3279
2755
2465
2640
2485
2678
2615
2612
3080
3534
3973
3752
3515
3477
3681
3648
3694
3341
3203
2855
2616
2287
2030
1582
1040
624
544
947
1989
3060
3390
3299
3230
3602
3842
4161
4547
5049
5210
4920
4084
3627
3149
2661
2015
1478
1087
1228
1883
2362
2825
3066
3427
3495
3674
3807
3617
3161
2695
2112
1863
1565
967
1259
1423
1419
1717
2200
2693
3247
3783
3869
3638
3112
2885
2633
2116
1733
1558
1615
1437
1186
971
837
699
621
390
402
545
731
872
1010
1182
1372
1506
1603
1657
1687
1694
1550
1294
1086
771
454
219
353
580
706
804
1005
1151
1212
1206
1124
950
836
701
569
419
197
49
87
126
246
334
381
410
267
225
262
343
395
532
590
669
794
966
1243
1551
1800
1906
1946
2042
2292
2244
2242
2150
2004
1685
1281
817
719
496
788
846
741
715
635
587
560
486
588
564
694
800
1255
1124
745
707
486
244
92
129
146
76
61
68
148
170
167
134
76
46
59
43
82
119
116
71
75
60
100
111
157
217
147
113
144
194
246
308
327
362
370
314
239
172
145
136
121
107
137
144
159
153
104
106
109
42
22
8
15
27
60
80
79
88
46
48
30
32
36
22
29
11
17
7
8
16
9
2
0
1
0
0
3
6
0
9
9
6
7
6
6
6
13
5
8
2
1
0
6
0
0
6
17
26
34
35
33
22
7
14
8
3
16
8
1
6
4
14
13
5
6
3
1
5
0
0
0
0
0
0
0
0
0
0
1
0
0
0
0
0
0
0
0
0
0
0
0
0
0
0
0
3
1
0
7
1
3
0
0
0
0
0
0
0
0
0
0
0
0
0
0
0
0
0
0
0
0
0
0
0
2
0
0
0
0
0
0
0
0
0
0
0
3
0
0
0
0
0
0
0
0
0
0
0
0
0
0
0
0
0
0
0
0
0
0
0
1
0
0
0
0
0
0
0
0
0
0
0
4
20
3
4
6
2
0
1
0
0
0
1
1
0
0
0
0
0
0
0
1
2
7
1
1
0
0
0
2
0
0
0
0
0
0
0
0
0
0
0
0
0
9
13
0
7
3
1
0
0
0
0
0
0
0
0
0
0
0
0
0
0
0
0
0
0
0
0
0
0
0
0
0
0
0
0
0
0
0
0
0
0
0
0
0
0
0
0
0
7
0
0
0
0
0
0
0
0
0
0
0
0
0
0
0
0
0
0
0
0
0
0
0
0
0
0
0
0
0
0
0
0
0
0
0
0
0
0
0
0
0
0
0
0
0
0
0
0
0
0
0
1
116
674
1071
1567
1761
1728
1705
1394
1290
1781
2049
2153
2219
1960
1870
1713
1621
1638
1629
1533
1521
1524
1434
1070
697
368
452
498
586
788
1219
1700
2050
2412
2622
2905
3005
2587
2335
1879
2420
2423
2044
1935
2316
2310
2003
2234
2221
2072
2112
2096
2206
2441
2658
2639
2659
2691
2553
2833
2791
2786
2577
2207
1941
1775
1472
1223
965
790
798
739
679
598
636
725
724
707
637
577
481
427
414
442
480
435
395
381
361
298
202
202
172
119
153
152
193
212
214
208
216
188
174
199
214
175
94
33
20
18
15
19
26
30
53
101
214
386
623
998
1295
1559
1915
2117
2297
2495
2423
1853
1609
1717
1510
1219
1053
926
741
632
508
422
335
230
189
160
104
133
223
361
505
556
672
700
678
654
631
622
688
698
738
730
718
658
581
477
398
316
221
131
141
215
230
249
306
345
343
371
283
196
187
166
88
66
56
81
86
73
63
38
51
54
29
34
32
41
46
48
39
39
50
25
10
5
17
27
49
60
56
57
22
5
0
0
0
0
12
39
37
36
36
22
22
45
120
420
1306
2209
2738
3342
3732
3881
3824
3552
3450
3139
2762
2569
2322
1813
1204
800
550
480
503
440
595
778
1218
1466
977
1399
1693
1530
2202
2438
1867
2124
2309
2414
2635
2771
2474
2509
3177
3744
4563
5393
6129
6332
5883
5101
4347
3110
2432
2199
1775
1552
1426
1396
1377
1238
1143
1028
822
796
751
737
822
1016
1218
1428
1766
1748
1624
1627
1438
1314
1265
1227
1067
938
848
868
834
713
670
950
1168
1424
1646
1944
2174
2213
2315
2264
2000
1668
1386
1132
1012
1009
999
981
917
880
823
851
751
685
599
510
502
520
503
468
444
376
273
194
174
135
112
36
28
78
185
260
407
562
777
932
1000
1154
1333
1350
1218
1053
884
605
381
277
367
384
444
438
451
362
328
303
291
290
288
302
278
141
65
46
37
53
68
82
48
53
7
2
3
2
2
12
6
6
3
4
0
0
5
7
13
12
6
14
31
58
51
34
4
0
3
32
28
14
21
10
4
0
0
0
0
1
5
11
22
15
72
165
213
230
221
153
95
59
57
42
24
23
10
23
45
61
75
56
26
5
2
1
2
5
4
1
0
0
1
0
0
0
0
0
0
1
5
3
0
2
1
0
7
1
2
3
0
2
3
2
2
2
1
0
5
11
8
8
5
5
2
0
0
0
1
5
14
17
10
8
3
0
0
0
0
0
2
0
0
0
0
0
0
0
0
0
2
16
19
9
12
15
25
5
12
8
2
16
27
28
27
14
14
6
2
1
4
4
1
2
0
0
3
3
16
0
0
3
4
1
5
12
16
9
0
0
2
2
1
7
18
37
48
29
8
1
0
0
0
4
14
11
16
16
9
2
1
0
0
4
16
64
72
31
21
16
22
18
33
23
25
58
65
41
13
7
4
2
0
0
0
9
14
10
4
25
9
2
1
11
4
8
7
25
28
22
36
29
11
11
28
89
117
139
223
312
450
652
846
1053
1185
1457
1451
1349
1175
996
914
997
1214
1254
1133
988
975
1039
963
802
652
500
363
251
154
146
245
359
410
457
392
362
387
392
481
489
460
471
435
425
354
358
346
282
347
366
341
329
387
388
359
312
289
232
145
5
52
296
577
739
915
774
1052
941
1007
1100
996
892
702
448
228
99
156
333
483
510
550
536
423
227
109
75
96
76
99
90
77
59
69
146
304
395
466
555
516
292
215
198
147
103
64
54
74
70
65
42
30
12
5
10
4
0
0
17
42
58
42
22
28
22
22
21
16
58
60
29
31
7
1
5
15
4
3
3
4
2
1
3
13
64
91
94
52
38
15
5
14
17
18
35
125
329
443
551
631
629
469
157
34
74
29
9
7
19
12
1
4
15
19
10
1
5
6
6
6
2
0
6
3
0
0
0
0
0
0
0
0
0
3
36
66
11
0
0
0
1
3
4
0
1
1
0
0
0
0
0
0
0
0
0
0
0
0
0
0
0
0
0
0
0
0
0
0
0
0
8
176
493
762
949
974
885
656
615
665
708
759
771
595
746
898
814
613
314
578
397
529
795
1099
1202
1031
1103
1084
730
542
464
386
266
189
72
47
98
143
262
270
200
85
93
124
39
39
32
22
7
29
22
44
104
82
69
83
92
118
126
129
67
33
5
0
0
0
0
0
1
8
8
3
0
0
1
1
2
0
0
0
0
0
0
0
0
0
0
0
0
0
0
0
0
0
0
0
4
0
0
13
23
0
6
10
5
1
0
0
0
0
0
0
0
2
0
1
3
1
3
5
3
0
5
7
12
14
27
33
39
47
39
35
21
23
9
10
23
6
2
7
4
3
3
2
0
0
0
0
0
4
20
0
28
120
262
477
622
777
1156
1715
2210
2731
3259
3586
3647
3654
3422
3126
2544
2174
1895
1518
1352
1115
836
922
884
731
764
1071
1231
1184
1069
848
596
399
300
337
479
560
421
377
641
607
627
632
603
554
538
502
500
462
301
175
305
272
95
88
95
75
68
61
89
99
112
114
88
43
53
137
213
171
121
100
87
114
106
92
86
88
151
176
137
81
41
38
123
129
69
37
23
27
34
43
32
15
10
4
0
0
0
0
0
0
0
0
0
0
0
0
0
0
0
0
0
0
9
10
0
4
4
1
0
0
0
0
0
1
0
2
4
3
2
2
3
10
2
5
0
1
0
0
0
0
0
0
0
0
0
0
1
0
0
0
1
0
0
0
0
5
0
1
1
1
1
1
0
0
0
0
0
0
0
0
0
0
0
0
0
0
0
0
0
0
0
0
0
0
0
0
0
0
0
0
0
0
0
0
0
0
0
0
0
2
0
0
0
0
0
0
0
0
0
0
0
0
1
2
0
0
0
0
39
192
253
366
447
526
515
506
483
441
403
316
273
308
246
201
178
144
118
73
56
30
4
1
7
11
4
1
0
5
4
8
7
1
0
0
0
0
3
5
2
0
6
1
9
13
10
5
5
0
2
15
11
2
6
7
6
6
0
0
0
0
0
1
0
4
0
1
1
5
16
28
75
138
187
304
468
650
845
999
1182
1191
1114
1106
956
955
902
868
772
602
466
421
302
270
249
190
273
366
387
338
73
2
24
54
46
48
44
0
8
11
2
16
10
5
12
21
9
5
0
0
0
1
0
0
0
0
0
0
0
0
0
0
0
0
0
3
0
0
0
0
0
0
0
0
0
0
0
0
0
0
0
0
3
0
0
0
0
0
0
0
0
0
0
0
0
0
10
9
0
0
1
0
0
0
0
0
3
0
0
0
0
0
0
0
0
0
0
0
0
0
3
1
3
2
0
0
0
1
1
2
4
2
3
15
54
105
93
116
111
86
26
0
20
52
84
128
156
152
204
290
390
405
406
403
479
552
632
773
960
1282
1895
2378
3004
3091
2876
2839
3145
3662
4108
4681
5173
5182
4908
4469
4089
3684
3460
3276
3141
2874
2815
2838
2909
2789
2712
2641
2595
2555
2575
2600
2552
2488
2455
2175
1893
884
514
824
924
654
434
595
705
800
846
966
1163
1376
1478
1638
1803
2000
2314
2630
2892
3080
3229
3451
3680
3947
4076
4124
4181
4242
4268
4244
4150
4184
4135
4149
4068
3866
3258
2483
1508
848
629
568
827
1316
1741
1997
2318
2741
3085
3162
3133
3051
2936
2862
2751
2677
2499
2330
2151
1974
1813
1662
1451
1237
1056
786
563
468
299
192
140
101
46
36
74
102
128
130
154
183
153
158
164
146
119
81
80
99
67
91
82
74
73
61
30
16
31
39
25
2
2
4
4
4
1
2
1
0
0
0
0
0
0
6
0
0
0
0
0
0
0
0
0
0
0
0
0
0
0
0
0
0
0
6
0
0
0
0
0
0
0
0
0
0
0
0
0
0
0
0
0
0
0
0
0
0
0
2
0
0
0
0
0
0
0
0
0
0
0
0
0
0
0
0
0
0
0
0
0
0
0
0
0
4
0
0
0
0
0
0
0
0
0
1
0
0
0
0
0
0
5
7
0
0
0
0
0
0
0
0
6
0
0
0
0
0
0
0
10
10
6
3
0
0
0
0
0
0
0
0
0
0
0
0
0
0
2
13
0
7
6
16
6
0
0
6
2
3
0
0
0
1
4
1
0
1
0
1
0
0
0
0
0
0
0
0
0
1
0
0
0
0
0
0
0
0
0
0
0
0
0
0
0
0
0
0
0
0
0
0
0
0
0
0
0
0
0
0
0
0
0
0
0
0
0
0
6
20
0
9
6
1
0
0
0
0
0
0
0
0
0
0
0
0
0
0
0
0
0
0
0
0
0
0
0
0
0
0
0
0
4
0
0
0
0
0
0
0
0
0
0
0
0
0
0
0
0
0
0
0
0
0
0
1
0
0
0
0
0
0
0
1
15
3
4
5
0
0
0
0
0
0
0
0
0
3
0
0
0
0
0
0
0
0
0
0
3
21
0
6
2
1
0
0
0
0
0
0
0
0
0
0
0
0
0
0
0
0
0
0
0
0
0
0
0
0
0
0
0
0
0
0
0
0
0
1
0
0
0
0
0
0
0
12
17
3
0
1
0
0
0
0
0
0
7
4
0
0
7
7
13
30
9
1
11
3
6
13
8
4
0
2
1
0
0
0
0
0
1
0
0
0
0
0
0
0
0
0
0
0
0
0
0
0
0
0
1
2
0
0
0
0
0
0
0
0
0
0
0
0
1
4
7
9
31
60
188
444
698
1081
1326
1593
1807
1905
2133
2140
2305
2483
2868
3173
3387
3512
3734
3720
3474
3355
2882
2106
1532
1229
916
1092
1116
1372
1296
1393
1444
1619
1673
1650
1473
1406
1363
1370
1367
1439
1510
1627
1691
1770
1731
1607
1509
1552
1596
1610
1515
1290
1073
655
545
853
1342
1732
2070
2417
2723
3192
3510
3632
3694
3736
3803
3786
3788
3701
3635
3496
3413
3296
3155
3084
3118
3061
2908
2765
2603
2505
2391
2223
2013
1935
1971
1886
1538
1184
834
695
531
453
337
225
244
264
248
244
225
123
53
67
124
276
348
551
853
1072
1283
1569
1854
2156
2401
2710
2854
2806
2713
2359
2348
2173
2184
2110
1966
1810
1777
1509
1358
1244
1135
1022
879
756
712
608
591
536
514
455
429
367
363
405
380
391
373
370
320
301
318
330
281
170
55
9
7
1
0
15
91
154
147
234
285
329
400
500
662
642
552
481
461
444
405
343
309
280
194
160
121
68
36
37
48
50
121
188
288
367
423
444
386
346
273
270
215
202
115
33
12
8
5
3
20
41
30
37
19
29
29
23
13
6
4
0
8
10
0
0
6
1
0
0
0
0
0
0
0
2
0
0
1
2
14
35
62
99
126
143
156
176
207
230
188
221
233
242
238
229
206
129
84
108
186
221
273
281
257
267
324
397
466
578
711
810
991
1100
1192
1366
1524
1513
1628
1727
1817
1947
1967
2042
2079
2114
2091
2096
2141
2200
2222
2000
1811
1897
1865
1603
1351
1141
1051
998
782
559
602
882
872
1158
1185
1071
778
594
718
913
882
767
737
599
406
289
201
132
85
36
28
63
75
51
26
40
71
98
127
135
144
141
160
189
187
193
244
203
150
116
106
95
83
75
49
60
40
29
15
4
6
14
3
1
3
12
2
2
20
24
14
4
0
0
0
0
1
4
3
0
0
0
0
3
0
0
0
0
0
0
0
0
0
0
0
2
0
1
1
0
1
1
1
4
0
0
13
7
0
3
2
0
0
0
0
1
0
0
0
0
1
0
0
0
0
0
0
0
0
0
0
0
0
0
0
0
6
2
0
4
6
0
0
4
3
0
0
0
0
0
1
0
0
0
1
0
0
0
0
1
9
13
0
12
201
382
461
466
424
353
346
330
250
202
186
226
215
223
204
168
124
134
101
49
164
226
186
167
218
190
165
163
159
84
67
55
119
282
499
614
749
902
1011
998
947
954
824
716
654
554
431
293
161
88
73
74
155
271
418
549
694
920
950
1001
1086
1143
1070
1023
953
944
921
955
935
954
913
993
1025
1042
959
703
479
269
226
218
136
60
12
15
38
35
45
21
37
21
67
169
247
248
181
116
118
167
155
155
127
116
179
173
252
352
396
342
413
596
401
435
385
277
449
439
392
387
326
211
166
157
96
95
74
45
44
37
24
2
9
12
13
18
24
37
60
113
225
266
280
252
212
226
189
167
135
96
74
57
37
21
5
1
6
6
3
2
10
7
5
5
0
0
2
1
6
3
3
4
8
5
3
2
1
0
0
0
1
3
1
5
5
7
0
3
0
0
3
5
2
0
2
3
5
7
10
4
10
28
19
12
29
20
22
34
32
28
16
19
17
23
19
2
0
0
0
0
0
0
0
0
0
0
0
0
0
0
0
0
1
0
1
0
0
1
1
1
1
15
117
171
180
146
110
55
56
78
70
66
34
15
6
12
51
45
33
42
170
386
466
440
421
386
285
197
85
36
23
29
37
70
78
78
118
147
134
150
125
165
208
234
252
307
352
339
261
147
45
37
55
65
107
157
216
294
345
326
290
229
190
141
94
62
41
5
15
16
23
39
42
62
75
139
155
201
178
220
248
308
396
428
348
261
174
125
135
179
191
187
206
169
121
102
80
62
23
9
10
11
9
2
3
6
1
4
1
0
0
1
0
0
0
0
1
0
0
0
0
0
0
0
0
0
0
0
0
0
0
0
1
1
0
2
3
13
8
2
2
0
0
1
0
0
0
0
0
0
0
0
1
0
0
0
0
0
0
0
0
0
0
0
0
0
0
0
0
0
0
0
0
0
0
0
0
0
0
0
0
0
0
0
0
0
0
0
0
0
0
0
0
0
1
0
0
0
0
0
3
0
0
0
0
0
0
0
0
0
0
0
0
5
6
14
2
8
1
1
0
0
0
0
0
0
0
0
0
0
0
0
0
0
0
0
0
0
0
0
0
0
0
0
0
0
0
2
0
1
0
2
2
0
0
13
7
0
8
2
1
0
0
0
0
0
0
6
4
0
6
9
17
4
0
0
0
0
0
0
0
0
0
0
0
0
1
0
0
0
0
0
1
0
0
0
0
0
2
1
0
0
0
0
0
0
0
0
0
0
0
0
0
0
0
0
0
0
0
0
0
0
0
0
0
0
0
0
0
2
13
0
6
7
1
0
0
0
0
1
0
0
0
0
0
0
0
0
0
0
3
0
1
1
4
3
2
0
0
1
1
2
1
0
0
0
0
0
0
0
0
0
0
0
0
0
0
0
0
0
0
0
0
0
0
0
0
0
7
3
3
8
5
7
2
9
2
8
6
9
15
4
16
9
8
4
3
0
0
0
1
0
0
0
0
0
0
0
0
0
0
0
0
0
0
0
0
0
0
1
1
1
1
0
2
19
19
105
191
197
171
164
135
79
71
7
44
79
93
112
128
82
46
46
13
7
7
2
1
0
1
0
0
0
0
0
0
0
0
0
0
0
0
0
1
0
10
0
3
2
1
4
0
0
0
0
0
0
0
0
0
0
0
0
0
0
0
0
0
0
0
0
0
0
0
0
0
0
0
0
0
0
0
0
0
0
0
0
0
0
0
0
0
0
0
0
0
0
0
1
1
0
0
0
0
0
1
0
0
0
1
0
0
1
0
0
0
1
1
1
3
1
3
5
3
2
0
1
6
22
13
10
9
5
2
0
0
0
0
0
0
4
35
90
158
275
348
339
271
246
336
557
919
1344
1514
1466
1251
994
673
460
846
1187
1455
1074
1914
1551
1515
1751
1645
1453
1518
1754
2260
2836
3250
3432
3051
3166
3086
3219
3070
2759
2692
2684
2688
2679
2769
3190
3478
3373
3351
2871
1971
1602
1717
1917
2116
2209
1811
898
1590
1567
1080
1046
697
977
1567
1717
1730
1832
2092
2468
3031
3252
3530
3608
3802
4051
4078
4050
3846
3797
3685
3609
3351
3069
3182
3508
3993
4932
6071
6039
5252
4673
4321
4336
4067
3812
3709
3304
2801
2229
1793
1717
2093
2586
3123
3678
4378
5173
5903
6469
6544
6313
6229
5919
5463
4250
2399
1716
2421
3013
3489
4064
4582
4909
4531
4520
4552
3734
3268
2928
2834
2309
1809
1420
1073
797
546
748
1321
1921
2512
3352
4200
5010
5348
5119
5288
5439
4922
4388
3063
1318
1080
2553
3251
3783
4254
4289
4305
4144
4069
4151
3661
3246
2890
2608
2235
1784
1250
514
757
1658
2546
3400
3986
4513
5073
5126
5016
5120
4759
4478
3187
830
1383
2372
3105
3684
3688
3951
4136
3960
4327
4085
3636
3137
2711
2254
1841
1385
703
276
863
1455
2054
2788
3384
4012
4771
4458
4565
4797
4708
3844
1792
1635
2665
3562
4159
4380
4554
4988
4797
4546
4294
3384
2434
1670
1242
993
764
680
1064
1618
2131
2703
3100
3306
3578
3619
3518
3537
3690
3613
3270
2823
1967
1074
2015
2577
2913
3241
3371
3834
4029
3695
2808
2206
1976
2032
1815
1396
1312
1304
1183
763
532
611
826
1003
1033
1048
948
935
967
1119
1254
1393
1420
1494
1467
1520
1518
1386
1216
1338
1770
2100
2308
2424
2882
3002
2816
2260
1785
1452
1061
529
186
433
969
1360
1548
1547
1614
1910
2141
2087
1892
1676
1662
1788
1897
1599
1067
843
649
625
760
726
788
767
757
682
649
497
220
505
659
439
328
287
148
94
90
70
103
129
150
173
107
9
8
47
123
138
145
116
104
86
30
1
30
47
51
66
97
69
28
35
27
22
53
68
46
54
59
16
23
25
5
0
45
72
68
52
66
52
35
23
8
0
11
8
5
5
2
8
1
7
0
1
0
0
0
0
0
0
0
0
0
0
0
0
0
0
0
0
0
0
0
0
0
0
0
0
0
0
0
0
0
0
0
0
0
0
0
14
7
4
4
0
0
0
6
7
3
4
2
1
2
2
0
0
12
11
1
1
1
0
4
4
17
56
118
163
261
353
369
314
261
220
112
41
11
3
0
0
0
0
4
0
0
0
0
0
0
0
0
0
0
0
0
0
0
0
0
0
0
0
0
0
0
0
0
0
1
1
3
5
22
53
37
9
0
0
0
9
20
5
7
6
4
0
0
0
3
98
214
215
122
169
192
192
168
109
114
84
58
22
2
12
93
198
339
417
453
322
194
96
30
27
220
541
830
960
1055
1224
1259
1302
1400
1476
1683
1719
1556
1505
1548
1619
1680
1568
1514
1482
1447
1311
1340
1351
1369
1497
1541
1582
1575
1699
1838
1887
1931
1954
1961
1954
1925
1946
1907
1921
1861
1588
1383
1421
1230
1093
1090
1223
1669
2096
2423
2699
3038
3347
3699
4218
4694
4944
5075
5140
5229
5511
5514
5227
5138
5185
5167
4890
4708
4491
4019
3685
3410
3042
2678
2585
2762
2750
1669
1539
1460
1879
2055
1907
1680
1405
1248
1079
1019
860
695
573
752
680
679
559
416
331
264
264
405
502
684
921
713
657
517
480
438
418
386
372
462
492
547
645
720
864
922
963
1141
1219
1289
1537
1722
1912
2150
2099
1819
1382
1052
1228
2039
2592
3120
4279
5332
5462
5048
4487
4501
4434
4964
4673
4180
3768
3394
2853
2253
1582
1090
619
636
1077
1692
2448
3150
4088
4843
5644
6307
6049
5651
4877
4543
3899
3092
2325
1696
1203
1615
2613
3493
4533
5177
5169
4965
4974
4976
4431
3750
2929
2181
1556
1018
475
1231
1889
2333
2520
2514
2731
2707
2471
2087
1168
727
1231
1548
1750
1617
1454
1209
1004
861
770
699
902
1211
1431
1718
1910
1869
1787
1414
983
618
491
371
550
717
915
1050
1083
1010
926
826
695
626
505
391
245
117
30
36
104
212
311
331
337
276
284
257
250
239
214
217
189
189
177
170
156
99
49
21
9
8
1
1
0
1
0
2
3
10
11
50
90
133
202
237
335
501
551
546
491
434
370
277
192
107
51
26
18
18
12
11
9
8
3
0
4
0
5
30
29
7
1
5
11
3
0
2
4
9
16
6
23
19
17
5
0
0
7
2
1
2
7
4
0
1
4
5
4
6
2
1
0
0
0
0
0
0
0
3
0
2
1
1
2
0
1
1
0
0
0
0
1
1
1
4
18
103
342
472
585
715
771
717
701
639
535
430
307
205
125
68
57
54
41
82
96
53
24
28
48
53
73
95
95
105
161
196
261
333
433
524
586
619
655
591
641
607
501
280
186
124
93
80
125
130
129
134
163
202
221
225
194
150
118
121
146
247
552
688
573
238
103
176
325
464
534
576
546
472
392
299
258
283
310
394
545
662
716
827
975
1081
1253
1190
1141
1064
985
800
781
801
590
517
485
479
436
376
302
258
226
214
206
176
139
136
130
93
125
180
299
356
289
265
464
706
995
1466
1997
2308
2536
2594
2457
2404
2386
2411
2731
2935
3180
3431
3445
2984
2705
2411
2020
1821
1612
1413
1062
717
456
488
554
588
711
748
635
455
388
250
136
107
190
292
358
432
589
645
669
636
591
554
517
545
509
493
421
418
519
612
692
924
1188
1461
1568
1641
1450
1163
1119
1337
1627
1757
1859
2202
2381
2480
2532
2499
2500
2531
2663
2578
1730
1244
1410
1424
1094
834
792
729
747
640
456
475
527
644
698
502
313
267
228
156
112
45
76
92
38
46
104
98
44
51
38
37
77
34
28
44
31
18
25
44
67
90
60
60
42
41
139
262
342
292
186
254
412
449
506
741
819
863
943
962
923
856
773
772
679
677
623
720
1306
2193
2922
3252
3681
3667
3161
2770
2127
1675
1190
914
1009
1102
1139
1048
1095
1163
1274
1236
1033
646
401
282
227
134
82
66
57
45
32
47
85
70
71
66
84
90
88
149
196
185
149
158
128
99
73
56
18
15
63
67
74
48
30
17
14
9
67
274
644
1058
1472
2002
2554
3016
3216
3163
3121
2878
2564
2105
1726
1389
1071
700
407
369
320
260
264
232
194
120
73
43
25
18
19
45
96
130
120
103
122
105
73
82
87
121
111
53
56
118
86
68
66
26
38
76
124
149
240
373
572
831
1135
1608
2021
2674
2989
3472
3430
3593
3473
3324
2960
2424
2088
1849
1776
1456
1092
912
744
594
623
760
812
700
547
473
372
274
200
239
259
340
360
444
534
618
702
845
927
1020
1084
1094
1181
1255
1221
1196
1105
951
743
496
452
483
525
560
505
533
587
694
689
720
721
659
598
538
431
349
347
363
279
255
166
58
114
136
170
161
97
31
12
15
14
25
19
53
262
321
302
150
191
236
182
94
23
0
0
0
3
1
3
2
1
0
0
0
0
0
6
23
22
6
1
0
0
0
0
1
5
0
6
3
0
0
4
31
61
44
44
48
25
4
9
14
10
9
0
0
4
1
0
19
11
3
9
3
0
0
0
0
0
0
0
0
0
0
0
0
0
0
0
0
0
0
0
0
0
0
0
0
0
0
0
0
0
0
0
0
0
0
0
0
0
0
0
0
0
0
0
0
0
0
0
0
0
0
0
0
0
0
0
0
0
0
0
0
0
0
0
0
0
0
0
0
0
0
0
0
0
0
6
27
2
3
9
2
0
0
0
0
0
0
0
0
0
0
0
0
0
0
0
0
1
1
1
0
2
0
0
0
0
0
0
0
0
0
0
0
0
1
0
0
19
56
64
172
409
697
935
1307
1713
2000
2248
2392
2626
2538
2212
1680
933
836
1445
1933
2180
2239
2288
2543
2772
2774
2563
2315
2077
1498
1058
1395
1737
1822
1892
1983
2110
2202
2053
2052
1879
1788
1548
1337
1294
1506
1782
1922
1932
1861
1875
2031
2083
2036
1267
1500
2011
2107
2058
1869
1563
1255
1013
732
494
220
317
528
764
1039
1106
1122
947
749
630
538
493
503
473
397
321
255
186
142
120
96
89
74
49
26
11
0
17
23
37
46
55
46
34
26
8
4
0
0
0
2
0
1
1
1
1
0
0
0
0
0
0
0
0
0
0
0
0
0
1
11
97
139
226
244
230
154
63
21
1
0
0
0
0
0
0
0
0
0
0
0
0
0
0
0
0
0
0
0
0
1
4
28
73
147
233
212
213
247
279
304
286
151
0
9
67
62
198
351
350
229
185
250
398
431
551
733
926
1113
1435
1636
1817
1963
2225
2441
2769
3166
3467
3860
4357
4780
5043
5517
5713
5646
5542
5474
5282
5219
5104
5066
4672
4206
3661
3816
3831
3684
3644
3361
2902
2529
2036
1443
1162
1237
1500
1771
2176
2569
3074
3767
4028
4570
5221
5654
6163
6677
7264
7714
8037
8210
8124
7928
7685
7553
7516
6895
6213
5309
3702
3377
3129
2629
2080
2037
1879
1613
1096
932
770
946
1503
1922
2365
2773
3361
3485
3803
4000
4120
4071
3853
3579
3232
3048
2767
2486
2420
1964
1723
1554
1470
1420
1407
1364
1296
1350
1367
1303
1251
1127
1052
918
659
452
280
79
62
172
251
332
431
498
497
432
351
283
215
143
131
109
77
39
37
31
40
37
53
87
160
271
260
279
301
285
339
374
409
641
745
805
900
999
1085
1011
866
968
1237
1557
1791
1843
1924
1976
2047
2135
2310
2560
2783
2926
3126
3463
3620
3765
3697
4173
4150
4189
3768
2930
2048
1341
763
827
1121
893
659
434
619
636
531
537
613
596
560
290
483
831
947
804
403
222
327
270
204
152
101
50
45
25
20
10
9
11
19
1
5
28
7
5
0
0
13
5
2
7
2
0
0
0
0
0
0
0
0
0
0
0
0
0
0
0
1
3
7
23
26
21
9
2
0
0
0
0
0
15
11
0
9
6
5
0
0
0
0
0
0
0
2
0
1
0
0
0
0
0
0
0
0
0
0
1
0
0
0
3
1
1
0
0
0
0
0
0
0
0
0
0
0
2
0
1
2
0
2
22
6
0
0
0
28
90
194
209
301
363
423
487
572
633
773
900
1015
1093
1146
1163
1282
1253
1240
1285
1324
1340
1482
1611
1710
1739
1760
1834
1901
1987
2099
2020
2035
2014
1959
1857
1748
1545
1310
1134
987
912
738
566
432
375
303
249
282
292
300
324
325
374
424
419
480
454
481
456
431
378
437
410
369
305
285
324
268
216
206
245
207
194
178
179
197
195
203
269
295
294
293
396
443
425
380
292
171
135
74
14
2
0
0
10
20
29
60
61
66
70
139
188
264
295
339
414
534
723
1036
1527
1863
2144
2485
2615
2736
2743
2817
2952
2919
2787
2589
2393
2099
1825
1590
1550
1609
1563
1464
1378
1188
980
770
426
184
22
13
70
129
251
456
679
849
975
999
1037
1064
1062
957
920
928
890
814
791
827
811
799
815
697
606
576
534
524
441
358
335
336
388
444
430
369
330
238
132
109
88
81
43
46
18
19
15
22
31
11
5
1
0
2
6
1
11
13
9
7
1
5
1
1
33
33
32
66
25
12
0
2
0
1
17
19
0
5
10
25
4
0
0
0
1
0
