573
93
500
521
660
302
324
340
783
845
769
566
19370
1
3
0
0
0
0
0
0
0
0
0
0
0
0
0
0
0
0
0
0
0
0
0
0
0
0
0
0
0
0
0
0
0
0
4
12
81
178
336
549
709
761
886
953
1066
1161
1181
1150
1128
1053
951
849
753
736
882
1225
1488
1811
2181
2525
2795
2801
2497
2339
1949
1517
1276
1355
1339
1287
1222
1235
1406
1572
1721
1951
2072
2398
2765
3090
3429
3742
4190
4498
4766
5169
5445
5584
5620
5489
5110
4646
4028
3216
2461
1314
466
870
1353
1546
1452
1184
968
591
655
748
753
710
634
498
468
371
353
326
300
243
183
188
149
135
81
56
72
65
39
38
27
18
15
23
23
8
17
14
15
21
18
21
27
45
41
46
40
31
25
11
11
3
1
0
1
4
2
2
3
7
11
7
1
24
46
19
14
14
48
32
0
3
4
2
4
1
1
1
1
0
0
0
0
0
0
0
0
1
0
0
0
0
0
3
0
1
2
0
0
1
0
2
1
0
0
0
0
0
0
0
0
0
0
0
0
0
0
0
0
0
0
0
0
0
0
0
0
0
0
0
0
0
0
0
0
0
0
0
0
0
0
0
0
0
0
0
0
0
0
0
0
0
0
0
0
2
1
0
0
0
0
0
0
0
0
0
0
0
0
0
0
0
0
0
0
0
1
0
2
0
0
0
0
0
0
0
0
1
0
0
1
1
0
0
0
0
0
2
2
4
6
9
15
48
58
84
120
131
187
200
224
242
224
219
180
192
143
123
113
106
115
106
107
69
66
54
132
166
243
212
93
25
168
371
490
316
41
68
75
6
18
0
1
6
11
4
6
16
15
10
10
71
301
476
564
544
457
303
180
91
42
24
12
6
3
2
23
39
65
160
288
400
469
472
445
403
359
346
310
261
202
164
115
112
101
96
83
52
36
19
7
2
5
3
2
0
1
0
0
0
0
0
0
0
0
0
0
0
1
0
0
0
0
0
0
0
0
0
0
0
0
0
0
0
0
0
0
0
0
0
0
0
0
0
0
0
0
1
0
0
0
0
0
0
0
2
10
0
0
0
0
2
21
23
6
0
0
0
0
0
0
0
0
3
6
2
0
0
1
0
0
0
0
0
0
0
0
4
4
0
0
0
0
1
3
11
6
4
0
0
1
0
9
1
0
1
0
0
2
0
0
0
0
8
0
0
0
2
4
2
1
3
2
1
1
0
1
1
0
1
0
1
13
7
3
0
0
0
0
0
0
0
0
0
0
0
0
0
0
1
0
1
0
0
0
0
0
0
0
0
0
0
0
0
0
0
0
0
0
0
0
0
0
0
0
0
0
12
12
0
0
1
0
2
1
4
19
48
83
126
189
246
328
390
467
540
640
740
870
1013
1166
1304
1368
1454
1527
1514
1436
1347
1291
1188
951
762
663
617
511
332
241
196
202
160
78
8
9
110
110
31
76
165
168
77
39
52
70
63
82
64
43
28
53
118
147
124
71
30
30
16
20
20
14
32
28
31
21
18
35
43
26
3
0
0
0
1
10
8
1
1
10
24
26
26
19
27
26
29
29
19
12
14
9
6
7
3
2
0
1
1
0
0
0
0
0
0
0
0
0
0
0
0
0
0
0
0
0
0
0
0
0
0
0
0
1
3
0
7
2
8
6
9
8
8
9
2
20
75
208
309
382
418
438
425
376
311
224
148
95
52
23
7
1
1
0
0
4
10
24
27
22
27
34
34
42
44
69
140
217
287
312
333
341
312
268
245
205
140
99
63
34
34
24
15
22
19
18
4
3
6
4
0
0
0
0
0
1
7
9
20
22
24
21
27
51
71
89
78
59
73
81
71
73
69
49
53
56
40
23
18
6
9
1
4
0
0
0
0
0
0
0
3
0
0
1
3
1
0
0
0
0
0
0
0
0
1
0
0
0
0
0
0
0
0
0
0
0
0
0
0
0
0
0
0
0
0
0
0
0
0
0
1
11
3
0
0
2
1
0
0
0
0
0
0
0
0
0
0
0
0
0
0
0
0
0
0
0
0
0
0
0
0
0
0
0
0
5
5
0
0
0
0
1
4
0
0
0
0
2
2
1
0
0
0
0
0
0
0
0
0
1
1
0
1
1
1
0
1
0
0
0
0
0
0
0
0
0
0
0
0
0
0
0
0
0
0
0
0
0
0
4
1
3
4
2
5
11
17
16
20
10
4
16
14
5
7
1
3
3
3
0
0
0
0
1
0
3
1
0
1
8
7
2
2
0
0
0
0
0
0
0
0
0
0
0
0
0
0
0
0
0
0
1
2
4
6
7
8
9
10
16
17
9
0
3
0
0
17
1
2
4
6
15
50
80
158
210
267
315
365
390
451
498
555
581
456
480
464
535
658
673
666
652
640
601
501
393
280
204
108
66
55
109
150
152
232
275
290
384
411
430
474
498
484
482
397
423
352
278
214
174
135
81
61
74
38
7
30
25
30
24
34
28
5
1
2
5
4
2
2
5
9
9
25
31
54
23
42
10
5
16
11
15
27
57
73
46
43
31
16
3
6
4
2
1
9
6
1
9
14
44
50
37
47
44
37
8
2
8
1
0
0
0
0
0
0
0
0
3
1
0
0
0
0
0
0
0
0
4
6
4
5
8
7
12
6
10
6
0
0
0
0
0
0
0
1
2
2
3
4
1
3
2
2
4
0
1
0
0
0
2
0
0
0
0
0
1
4
2
3
0
1
0
22
102
184
270
363
456
466
458
429
410
373
344
357
371
397
406
390
517
751
913
1096
1403
1721
2081
2339
2399
2195
2039
2140
2141
2006
2024
2129
2070
1939
1786
1720
1576
1461
1450
1434
1364
1207
962
785
849
1103
1156
841
413
346
192
111
120
94
45
25
13
10
2
0
0
0
0
0
0
0
6
22
36
51
56
36
12
16
7
2
30
224
456
633
739
787
809
786
699
647
600
487
463
478
540
652
802
870
817
1100
1259
1203
1056
1031
1091
939
809
656
613
548
371
274
226
219
328
488
546
1078
1991
2886
3663
4343
4720
4937
4775
4441
3923
3417
2812
2531
2561
4581
2105
1599
1464
1466
1359
1310
1232
957
652
362
196
257
252
233
261
242
160
80
45
53
68
59
118
209
283
222
129
56
98
379
665
891
1165
1332
1740
2242
2755
3254
3705
4150
4400
4546
4649
4760
4772
5059
4921
4605
3977
3737
3418
3039
2589
2376
2596
2605
2189
2509
2144
2197
2091
1927
1887
1818
1663
1269
882
704
597
508
270
132
173
211
202
178
192
208
263
317
406
355
342
267
246
240
189
144
101
73
75
103
105
101
97
71
39
13
10
11
20
129
263
399
477
493
464
413
280
173
130
37
35
95
104
37
25
85
71
4
57
77
9
3
7
36
1
5
36
19
0
4
8
2
0
0
0
0
0
0
0
0
0
0
0
0
0
0
0
0
0
0
0
0
0
0
0
0
0
0
0
0
0
0
1
1
0
3
0
0
0
0
0
0
1
6
0
0
0
0
0
0
0
0
0
0
0
0
0
0
0
0
0
0
0
0
0
0
0
3
4
4
4
3
0
0
0
0
0
0
0
8
69
86
32
121
294
356
318
233
209
202
151
191
286
190
62
14
38
108
33
48
82
47
5
0
6
60
81
24
80
125
140
111
81
82
38
0
9
15
3
1
2
9
1
0
0
0
0
3
2
0
0
0
0
0
40
192
346
343
223
140
296
352
311
221
43
31
0
0
0
10
90
195
270
288
290
254
182
121
70
48
25
17
5
5
7
4
2
1
1
2
2
0
0
0
0
0
0
1
1
6
24
3
6
44
17
17
130
265
210
182
205
91
59
82
37
0
33
72
69
33
32
65
142
239
307
406
432
646
994
1233
1794
2269
2736
3176
3768
4093
4588
4784
4410
3937
3989
3599
2823
1804
822
949
1071
1046
917
724
517
314
185
132
123
54
47
99
114
141
191
198
181
161
92
61
63
48
33
70
94
140
211
162
110
155
243
327
385
362
212
141
115
91
71
59
62
32
16
39
39
133
228
296
349
362
295
288
360
385
376
307
212
92
64
88
91
62
40
4
8
28
9
0
0
0
0
0
0
2
0
0
0
0
0
2
1
0
8
0
0
0
0
0
0
0
0
0
0
0
0
0
0
0
0
0
0
0
0
0
0
0
0
45
132
245
276
295
292
272
221
184
133
124
106
76
58
52
60
57
50
35
30
71
70
75
47
23
19
31
80
91
78
137
252
359
403
396
386
408
354
310
205
105
111
141
174
140
94
84
64
24
20
21
18
4
5
23
64
129
226
266
278
276
235
142
72
51
33
45
42
37
50
67
77
116
141
156
156
160
223
235
236
261
241
221
211
171
122
64
22
2
2
1
0
0
0
1
4
9
6
1
0
2
4
1
0
0
1
1
0
1
5
8
2
1
2
8
70
169
287
360
396
397
372
336
297
240
158
104
54
26
9
6
3
1
0
0
0
0
0
0
0
0
0
0
0
0
0
0
0
0
0
0
0
0
0
0
0
0
0
0
0
0
0
0
0
0
0
0
0
0
0
0
0
0
0
0
0
0
0
0
0
0
0
0
0
0
4
6
68
164
265
368
373
330
248
170
159
149
84
83
110
153
102
68
44
22
56
45
12
0
11
25
34
42
15
73
69
17
0
0
7
11
0
0
1
5
8
2
0
1
0
3
0
0
0
1
1
0
0
0
0
0
0
1
0
0
0
0
0
0
0
0
0
0
0
0
0
0
0
0
0
0
0
0
0
0
0
0
0
7
13
10
15
21
28
55
40
57
36
35
11
10
1
2
6
2
1
0
0
0
0
1
0
3
3
6
2
0
0
6
3
0
2
1
5
0
2
0
11
65
163
275
345
349
337
275
239
203
160
77
31
21
50
54
32
6
0
0
0
0
2
0
0
0
2
7
0
0
0
5
21
8
0
3
3
0
0
0
4
10
19
45
144
229
263
261
242
210
164
111
82
48
15
3
1
2
2
3
1
0
0
1
0
0
3
1
8
2
16
19
29
36
38
29
17
1
0
0
0
0
0
0
0
4
15
16
15
17
14
15
16
9
1
1
0
0
0
0
0
0
0
0
6
73
232
357
452
448
459
391
312
203
130
65
27
7
3
2
1
0
0
0
0
4
4
33
94
142
123
30
34
120
156
90
11
4
2
2
2
0
2
1
0
2
0
2
0
0
0
1
0
0
0
0
0
0
0
0
0
0
0
0
0
2
0
0
0
0
0
0
0
0
0
0
0
0
0
0
0
0
0
0
0
0
0
0
0
1
0
2
0
0
0
0
0
0
0
0
0
0
0
0
0
0
0
0
0
0
0
0
0
0
0
0
0
0
0
0
7
19
60
118
183
216
233
238
228
209
173
166
126
87
56
23
16
11
6
3
0
2
0
0
0
0
0
0
3
1
0
5
0
0
0
0
0
0
3
19
14
81
126
121
68
5
0
28
144
193
75
2
3
67
131
137
70
1
1
81
135
96
1
1
5
12
10
6
0
6
36
25
4
0
0
0
0
0
0
0
4
35
17
3
0
2
19
96
204
344
462
506
485
452
376
270
167
94
41
6
0
0
1
0
0
0
0
0
0
0
0
0
0
0
0
0
0
0
0
0
0
0
0
0
0
0
0
0
0
0
0
0
0
0
0
0
0
0
0
0
0
0
0
0
0
0
0
0
0
0
0
0
0
0
0
1
0
0
0
0
12
7
3
3
2
3
0
0
0
0
0
0
0
0
0
0
5
6
8
1
4
7
33
61
96
160
257
315
374
390
313
213
155
110
70
42
38
24
12
0
0
2
11
4
0
0
0
3
0
0
0
1
0
0
0
0
0
1
14
79
198
253
293
304
285
251
199
150
118
84
58
49
31
23
18
13
9
7
3
0
0
0
0
0
0
0
0
0
0
0
0
0
0
0
0
0
0
0
0
0
0
0
0
0
0
0
0
0
0
0
0
3
8
17
38
65
127
180
214
244
267
288
252
233
181
129
100
68
43
30
10
4
0
0
0
0
0
0
0
0
2
0
0
0
0
0
0
0
0
3
2
0
0
0
0
0
0
0
18
25
5
2
0
0
0
3
2
0
0
0
0
0
0
0
0
0
0
0
0
0
0
0
0
0
0
0
0
0
0
0
0
0
0
0
0
0
0
0
0
0
0
1
7
1
0
0
0
0
0
0
0
0
0
0
0
0
0
0
0
0
0
0
0
0
0
0
0
0
0
0
0
0
0
0
0
0
0
0
0
0
0
0
0
0
24
147
255
238
266
278
138
36
0
2
6
0
0
36
64
49
65
70
24
0
0
0
0
0
0
0
0
0
0
1
8
18
0
0
0
0
0
0
10
22
35
118
173
252
285
321
281
320
356
360
386
434
451
511
569
609
608
670
688
732
804
866
894
915
990
990
1005
996
926
873
726
638
500
383
266
219
183
196
154
117
74
23
20
36
37
42
28
30
76
121
156
207
291
417
473
476
402
223
57
49
71
72
35
69
330
452
449
307
101
118
298
480
267
147
578
936
886
582
299
593
903
756
431
510
767
687
312
205
641
977
987
565
219
248
157
41
44
37
52
100
74
30
21
22
23
14
14
6
3
1
0
1
1
2
3
10
6
2
4
3
3
0
0
0
0
0
0
0
0
0
0
0
0
0
0
0
0
0
0
0
0
0
0
0
0
0
0
0
0
0
0
0
0
0
0
0
0
0
0
0
0
0
0
0
0
0
0
0
0
1
0
1
19
88
143
166
121
59
6
2
78
154
176
189
195
173
165
174
180
152
128
95
79
44
21
11
20
10
14
7
18
21
4
1
2
3
2
2
6
4
2
0
0
1
4
3
0
2
9
5
0
0
2
4
1
0
0
0
0
0
0
0
0
1
1
1
1
0
5
42
39
37
83
331
520
671
901
1470
1677
1539
1225
1002
826
675
469
400
769
903
920
995
415
309
482
563
560
450
293
104
142
167
180
211
226
247
222
202
162
77
6
43
103
106
59
33
109
162
176
118
140
300
387
400
344
283
200
115
66
189
316
432
521
556
712
886
978
918
773
553
335
85
251
384
468
405
396
351
326
333
341
406
481
542
572
519
286
274
312
256
137
291
455
670
880
1040
1142
1117
945
594
636
553
494
482
482
549
726
811
747
583
602
678
749
740
670
765
777
654
497
481
445
456
436
380
320
277
232
126
56
77
31
56
47
10
6
8
4
10
19
36
47
53
57
65
101
144
212
270
259
222
162
139
121
49
20
57
125
184
228
250
251
222
168
161
126
99
93
97
85
108
96
57
30
14
3
0
0
0
0
0
0
0
0
0
0
0
0
0
0
0
0
0
0
0
0
0
0
0
0
0
0
0
0
0
0
0
0
0
0
0
2
11
97
281
455
567
610
617
560
492
420
317
222
151
119
100
74
57
51
94
140
155
226
281
357
399
460
423
347
262
207
148
129
46
6
14
88
116
108
66
0
6
45
76
63
8
3
1
7
10
2
3
12
9
2
0
0
0
0
0
1
0
6
1
3
0
3
0
1
0
0
0
0
0
0
0
0
0
0
0
0
0
0
0
0
0
5
0
0
0
1
1
10
19
14
9
1
0
0
0
0
0
0
0
0
0
0
0
1
0
0
0
0
0
0
0
0
0
2
0
0
0
0
0
0
0
0
0
1
0
3
4
4
0
6
6
9
113
236
368
431
434
392
319
269
210
175
122
79
55
82
98
48
16
9
26
84
120
62
4
1
76
224
323
417
470
483
495
438
391
324
271
201
129
77
66
56
28
6
0
0
0
0
0
0
0
0
0
0
0
0
0
0
6
6
5
6
2
0
2
0
0
0
0
0
0
6
37
29
42
35
35
47
48
79
76
132
142
71
36
14
14
35
52
74
102
150
226
291
265
336
434
479
536
577
625
650
751
894
939
843
788
796
732
612
457
282
142
91
49
26
40
2
2
3
14
48
80
71
65
85
52
99
113
99
108
140
154
168
184
174
157
157
111
116
98
83
75
62
48
30
28
17
9
5
10
9
3
2
12
34
100
188
328
579
866
919
892
945
1223
1195
994
789
664
541
618
662
516
283
293
366
287
432
592
612
436
98
418
595
627
545
356
316
595
773
797
1183
1620
2038
2207
2084
1755
1320
1119
1102
913
696
414
309
330
315
319
187
123
108
105
92
45
30
46
80
87
128
145
153
75
7
10
12
5
5
17
25
89
210
413
582
685
713
670
614
667
735
787
765
725
655
665
710
687
516
336
263
374
450
312
70
13
35
37
47
54
65
62
170
208
111
54
94
98
93
72
10
34
51
18
11
48
29
9
29
38
27
112
292
459
585
723
772
742
717
646
534
426
361
298
230
188
208
194
143
85
57
41
49
59
58
99
171
200
192
135
151
279
402
367
278
204
148
139
154
205
384
591
716
803
781
787
757
724
613
581
495
422
342
329
254
233
245
250
316
395
459
585
596
541
448
394
358
311
272
241
204
174
152
131
159
157
172
179
172
163
155
127
117
93
66
54
23
13
6
3
0
9
9
0
0
1
16
83
79
37
5
18
48
153
175
224
140
14
2
2
49
31
9
0
0
4
33
30
0
0
0
4
2
9
41
55
60
56
9
2
6
18
9
5
0
0
3
5
2
0
5
15
10
5
4
8
3
1
0
0
0
0
0
10
8
3
4
3
4
3
1
2
0
0
0
0
0
0
0
0
0
0
0
0
0
0
0
0
0
0
0
0
0
0
0
0
0
0
0
11
7
0
3
2
0
0
0
0
0
0
0
0
0
0
0
0
0
0
0
0
0
0
0
0
0
0
0
0
0
0
0
0
0
0
0
11
14
0
0
0
2
2
0
0
0
0
0
0
0
0
0
0
0
0
0
1
0
0
0
0
0
0
0
0
0
0
0
0
0
0
0
0
0
0
0
10
18
10
13
8
0
3
0
4
2
0
0
0
0
0
3
47
121
168
120
19
44
180
270
287
190
67
135
220
249
130
17
1
47
158
198
135
42
39
103
209
311
415
419
558
507
184
180
222
306
312
214
125
303
310
179
23
4
0
0
11
29
60
125
182
234
274
289
284
282
272
213
168
131
87
55
33
7
0
0
0
0
0
0
0
0
0
0
0
0
0
0
0
0
0
0
0
0
0
0
0
0
0
0
0
0
0
0
0
0
0
0
0
0
0
0
0
0
1
0
0
0
0
0
0
0
0
0
0
0
0
0
0
0
0
0
0
0
0
0
0
0
0
0
0
0
0
0
0
0
0
0
0
0
0
0
1
1
0
0
0
0
0
1
9
1
0
4
2
2
0
0
0
0
0
0
1
2
1
0
0
0
0
0
0
0
0
0
0
0
0
0
0
0
0
0
0
0
0
0
0
0
0
0
0
0
0
1
7
0
0
0
0
0
0
0
0
0
0
0
0
0
0
0
0
0
0
0
0
0
0
0
0
0
0
0
10
9
20
202
350
367
325
228
74
2
0
1
11
15
9
23
57
68
55
39
23
4
1
3
0
0
3
13
50
58
17
2
0
0
0
0
0
0
0
0
2
0
0
0
0
0
0
0
0
0
0
0
0
0
0
0
0
0
0
0
2
0
0
0
0
0
0
0
0
0
0
0
0
0
0
0
0
0
0
1
0
0
0
0
0
0
0
0
0
0
0
0
0
0
4
0
0
0
1
17
3
0
0
0
0
0
0
0
0
0
0
0
0
0
0
0
0
0
0
0
0
0
0
0
0
0
0
0
0
0
1
0
0
0
0
0
0
0
0
0
0
0
0
0
0
0
0
0
0
0
0
0
0
0
0
0
0
0
0
0
0
0
0
0
0
0
0
0
0
0
0
0
0
0
0
0
0
0
0
0
0
0
0
0
0
0
0
0
15
84
242
449
539
561
578
542
479
357
229
135
39
2
3
5
0
0
3
17
8
0
0
12
10
1
0
3
8
13
0
0
0
3
17
9
1
0
0
9
33
76
188
291
362
374
369
352
310
275
227
179
138
96
63
28
18
3
0
0
0
0
0
0
0
0
0
23
90
150
216
230
266
296
288
299
388
494
623
978
1541
1834
1968
1997
1858
1603
1433
1178
1127
1123
1028
918
883
702
543
457
324
218
182
142
86
34
15
17
27
24
18
21
24
16
4
3
2
1
3
2
0
0
0
0
1
0
1
0
2
0
0
0
0
1
1
0
0
0
0
0
2
0
0
2
0
0
1
0
0
0
0
0
0
0
0
0
0
0
0
0
0
0
0
0
0
1
0
0
0
0
1
0
14
45
250
572
1028
1440
1825
2162
2666
3100
3358
3380
3362
3014
2612
2149
1693
1243
791
602
384
311
323
404
381
374
297
183
136
129
117
83
23
5
30
20
19
48
54
30
32
45
149
80
78
106
143
152
113
68
87
148
201
248
228
183
152
113
118
129
161
227
245
201
118
17
24
47
56
63
65
64
64
60
96
144
169
197
189
145
80
30
1
0
7
9
0
0
0
2
2
7
34
54
66
46
40
44
53
53
49
46
46
37
16
10
0
4
13
29
23
28
25
9
5
10
18
68
151
240
305
367
389
397
359
291
234
161
93
54
35
17
7
2
0
0
0
0
0
0
0
0
5
40
117
291
428
522
519
492
471
365
281
194
94
45
11
0
0
0
0
0
0
0
0
0
0
0
0
0
0
0
0
0
0
0
0
0
0
0
1
1
3
9
11
11
21
42
46
43
18
0
17
139
179
164
38
4
69
167
145
63
0
2
81
121
112
212
351
395
408
374
309
214
125
72
54
50
37
10
0
0
0
0
0
0
3
4
9
5
3
1
0
0
1
1
0
0
0
0
0
0
0
0
0
0
0
0
0
0
0
0
0
0
0
0
0
0
0
0
0
0
0
0
0
0
0
0
0
0
0
0
0
0
0
0
0
0
0
0
0
0
0
0
0
0
0
0
0
0
0
0
0
0
0
0
0
0
0
0
0
0
0
0
0
0
0
0
0
0
0
4
31
101
223
321
362
386
390
375
329
272
186
130
55
26
4
0
0
0
0
0
0
0
0
0
0
0
0
0
0
0
0
0
0
0
0
0
0
0
0
0
0
0
0
0
0
0
0
0
0
0
0
0
0
0
0
0
0
1
20
56
131
214
272
333
345
345
324
302
262
217
154
95
72
67
26
33
46
84
115
90
38
1
0
15
52
60
12
0
0
12
38
8
1
0
1
11
0
0
0
0
0
0
0
0
0
1
0
1
1
1
0
0
0
0
0
0
0
1
1
0
1
3
1
2
0
0
0
0
0
0
0
0
0
0
0
0
0
0
0
0
0
0
3
3
2
6
1
0
0
8
8
9
5
10
5
0
0
0
0
0
0
0
0
0
0
0
0
0
0
0
0
0
0
0
0
0
0
0
1
8
0
0
0
0
0
0
0
0
0
0
0
0
0
0
0
0
0
0
0
0
0
0
0
0
0
0
0
0
1
3
17
40
116
216
297
334
334
328
284
248
189
118
62
26
3
0
0
0
0
0
16
2
2
1
2
3
3
4
6
4
18
36
27
9
8
15
29
49
35
32
16
4
5
10
20
10
10
7
2
0
0
0
0
0
0
0
1
0
2
6
6
5
3
3
2
0
1
0
0
0
0
0
1
0
4
0
0
0
0
0
0
0
0
0
0
0
0
0
1
11
2
0
24
104
151
315
467
471
399
309
230
185
152
147
122
131
126
45
4
8
12
6
0
1
3
0
0
2
4
9
1
0
0
0
2
0
0
0
0
0
0
0
0
0
0
0
0
0
1
0
0
2
0
0
16
16
4
3
14
35
63
66
63
34
13
9
16
53
184
301
432
500
430
647
816
841
789
644
463
546
672
851
995
1069
1182
1399
1396
1394
1356
1313
1088
1039
910
762
424
219
331
422
487
520
375
252
152
211
241
141
104
133
168
225
345
375
306
585
757
812
660
582
540
783
1187
1869
2493
2756
2797
2608
2284
1796
1408
887
513
863
941
812
652
457
379
345
387
369
293
226
245
1023
419
425
437
408
399
341
352
268
161
64
16
12
2
18
27
13
12
21
38
56
135
160
143
166
123
84
73
75
53
53
92
93
52
22
49
91
229
392
456
459
388
325
333
301
250
215
145
88
54
26
17
15
18
13
22
24
16
16
19
28
44
43
41
38
29
22
8
0
2
7
15
18
10
2
0
10
35
21
0
0
8
69
140
214
282
311
302
299
264
224
178
144
101
56
34
3
6
0
2
0
0
0
1
0
1
3
14
11
5
2
3
0
2
1
3
17
10
3
0
0
0
0
0
0
0
0
0
0
0
0
0
0
0
0
0
0
0
0
0
0
0
0
0
0
0
0
0
1
0
0
0
0
0
0
0
0
0
0
1
0
0
0
3
6
19
123
295
434
478
491
456
366
270
156
54
12
2
1
0
0
0
0
0
0
0
0
0
0
5
6
5
0
0
0
0
0
0
6
33
97
147
206
274
341
366
344
289
291
279
212
80
21
20
66
35
11
1
8
10
9
1
18
22
0
2
14
27
14
0
0
8
29
3
0
0
2
2
1
0
0
2
2
0
0
0
0
0
0
0
0
0
0
0
0
0
0
0
0
0
0
0
0
2
0
2
0
0
0
0
0
0
0
0
0
0
0
0
0
0
0
0
0
0
0
0
0
0
0
0
0
0
0
0
0
0
0
0
0
0
0
0
0
0
0
0
0
0
0
0
0
0
0
0
0
0
0
0
0
0
0
0
0
0
0
0
0
0
0
0
0
0
4
0
0
0
0
0
0
2
14
51
53
48
29
1
0
3
17
18
0
0
3
6
5
2
0
0
5
15
11
1
0
0
0
0
0
0
0
0
0
0
0
0
0
0
0
0
0
0
0
0
0
0
10
4
0
0
0
0
0
0
0
0
0
0
0
0
0
0
0
0
0
1
0
0
0
19
64
102
180
168
151
152
173
154
133
110
79
77
96
90
92
82
99
58
8
0
0
0
0
0
0
0
0
0
0
0
0
0
0
0
27
137
275
353
400
422
390
346
243
163
82
25
4
0
0
0
0
0
0
0
0
0
0
0
0
0
0
0
0
0
0
0
0
0
0
0
0
0
0
0
0
0
0
0
0
0
0
0
0
0
0
0
0
0
0
0
0
0
0
0
0
0
0
0
12
58
146
202
243
277
312
299
299
272
243
182
116
71
43
13
1
0
0
0
0
0
0
0
0
4
17
19
17
8
2
1
0
0
0
0
0
0
0
0
0
0
0
0
0
0
0
8
4
0
6
7
18
21
13
10
4
0
0
0
0
0
0
0
0
0
0
0
0
1
0
0
0
0
0
0
0
0
0
0
0
0
0
0
0
0
0
0
0
0
0
0
0
0
0
0
0
0
0
0
0
0
0
0
0
0
0
0
0
0
0
0
0
0
0
0
0
0
0
0
0
0
0
0
0
0
1
0
0
0
0
0
0
0
0
0
0
0
0
0
0
0
0
0
0
0
0
0
0
0
0
2
4
0
2
0
0
0
0
0
0
0
0
0
0
0
0
0
0
0
0
0
0
0
0
0
0
0
0
0
0
0
0
0
0
0
0
0
0
0
0
0
0
0
0
0
0
0
0
0
0
0
0
0
0
14
69
212
340
401
424
456
449
395
341
276
196
130
62
7
0
0
0
0
0
0
0
7
61
115
112
85
41
10
0
2
4
8
1
0
0
4
17
19
49
121
202
256
286
302
297
275
226
190
156
126
113
84
62
46
14
22
50
126
210
320
426
587
802
1029
1279
1428
1593
1757
1921
2026
2150
2237
2220
2188
2119
3146
1772
1540
1305
1151
994
913
799
729
643
506
346
142
209
292
138
48
59
40
40
13
28
75
71
48
56
15
7
9
0
7
11
9
14
6
3
11
11
4
0
1
1
0
0
2
2
3
0
0
0
0
0
0
0
0
0
1
18
3
1
0
0
0
0
0
0
0
0
0
0
0
0
0
0
0
0
4
5
1
0
0
0
0
0
0
0
0
0
0
0
0
0
0
0
2
40
74
87
16
9
58
6
0
5
3
0
2
1
1
0
0
0
0
0
0
0
1
0
0
0
0
12
36
63
108
167
181
212
213
220
208
250
275
312
389
471
530
614
800
992
1270
1483
1745
1837
1946
2033
2006
1983
1993
2097
2138
2092
2040
1961
1947
1857
1817
1822
1644
1357
1503
1904
2609
3076
3690
4256
4270
4018
3751
3562
3341
2810
2340
2102
1445
1305
1048
919
1133
1263
1471
1146
1336
2017
2501
3186
3903
4249
4187
4029
3543
2997
2648
1895
1452
1151
991
927
863
750
821
811
753
603
533
510
352
705
917
932
868
681
661
871
714
638
470
439
333
409
671
953
889
1055
1257
1269
1064
873
613
256
272
335
409
443
285
195
119
32
20
24
8
5
3
11
38
56
66
51
28
18
13
7
1
11
103
110
96
123
128
53
118
102
110
159
174
139
57
4
3
10
27
89
156
291
424
508
610
738
774
787
737
659
622
597
564
655
548
424
343
261
142
102
109
149
199
116
112
92
92
81
91
103
107
134
121
129
185
343
365
428
381
201
66
137
301
334
252
107
71
136
153
180
275
235
199
63
70
159
202
253
279
286
310
268
126
155
173
204
146
45
78
64
49
78
160
238
302
310
341
430
496
555
659
630
540
440
322
264
150
111
65
40
20
66
82
44
35
73
78
49
67
200
216
135
42
26
111
145
72
75
56
57
87
85
56
78
108
140
189
217
284
380
440
453
521
641
722
752
662
566
459
372
277
225
262
215
145
141
127
138
117
115
130
129
136
100
65
33
26
14
27
38
79
92
118
129
136
132
131
103
93
83
78
64
67
74
68
73
65
57
49
33
21
9
5
6
4
2
2
0
0
0
3
19
77
174
266
323
343
360
322
277
225
158
73
24
18
8
4
6
0
1
0
0
2
1
0
0
1
0
0
0
2
3
0
5
5
7
22
51
97
165
140
47
10
4
34
100
192
239
172
6
18
18
17
15
15
3
2
2
3
3
0
1
12
33
38
13
6
0
0
0
0
0
0
0
0
0
0
0
9
0
0
0
1
3
5
6
3
2
5
4
1
5
5
3
4
2
9
5
11
12
18
11
12
20
27
10
2
25
117
243
385
509
568
516
504
685
855
701
1138
1522
1520
1483
1279
1094
955
804
737
623
540
480
478
496
630
905
1311
1506
1623
1694
1659
1533
1339
822
679
990
1038
827
675
617
491
293
188
210
135
97
72
164
227
342
493
737
958
1121
1258
1289
1419
1664
1782
2005
2088
2069
1999
1892
1700
1463
1150
1030
1059
1063
930
749
745
922
1050
895
659
624
597
432
378
352
347
338
259
223
170
162
124
81
51
23
9
2
11
14
7
10
17
11
22
5
10
17
58
92
131
168
143
124
98
96
104
107
100
96
79
52
31
33
18
9
9
11
7
1
2
9
27
6
1
0
3
2
2
0
0
0
0
0
0
0
1
0
0
0
0
0
0
0
0
0
0
0
0
0
0
0
0
0
0
0
0
0
0
0
0
0
0
0
0
0
0
0
0
2
4
4
8
9
5
2
0
1
4
3
3
2
2
3
0
0
0
1
2
4
3
0
0
0
0
0
0
0
0
0
1
1
0
0
0
0
0
0
0
0
0
0
0
8
12
0
1
1
0
0
0
0
0
0
0
3
5
8
6
11
15
10
8
9
11
6
4
3
2
0
0
0
0
0
0
0
0
0
0
0
0
0
0
0
0
0
0
0
0
0
0
0
0
0
0
0
0
0
0
0
0
0
0
0
0
0
0
0
0
0
0
0
0
0
0
0
0
0
0
0
0
0
0
0
0
0
0
0
0
0
0
0
0
0
0
0
0
0
0
0
0
0
0
0
0
0
0
0
0
0
0
0
0
0
0
0
0
0
0
0
0
0
0
0
0
0
0
22
31
18
5
12
8
0
3
6
2
8
2
2
3
0
0
1
1
0
6
0
0
1
0
2
0
0
0
0
0
0
0
0
1
0
0
0
0
0
0
0
0
0
0
1
0
0
4
9
1
3
3
11
3
23
46
42
45
45
27
31
29
15
22
6
0
0
0
1
3
56
100
131
211
357
537
587
679
909
1012
1044
981
926
869
783
622
477
404
383
279
224
194
202
213
213
258
286
376
218
185
159
91
71
74
51
40
29
26
3
19
39
32
34
56
78
134
225
301
324
327
278
211
172
112
91
80
85
119
153
162
213
246
286
296
278
300
282
226
175
138
105
69
56
44
47
90
168
252
311
335
336
318
282
187
46
58
111
161
136
118
176
220
235
297
338
367
355
312
113
13
130
161
137
112
60
51
55
105
152
169
207
184
132
193
517
700
733
697
613
566
564
669
707
628
360
423
564
662
932
1176
1270
1222
1139
959
749
704
673
630
696
762
745
591
294
293
241
161
156
190
178
200
178
89
96
71
70
39
60
109
122
117
85
63
8
0
3
6
2
0
0
0
1
0
0
0
0
1
1
2
1
2
6
24
31
23
25
22
0
0
0
0
0
0
0
0
0
0
0
0
0
0
0
0
0
0
0
0
0
2
0
0
0
0
0
0
0
0
0
0
0
0
0
0
3
0
0
0
0
0
0
1
2
0
0
0
0
0
1
0
2
5
8
6
9
13
17
21
28
17
7
5
0
0
16
5
0
0
0
0
0
0
0
0
0
0
0
0
1
0
0
0
0
0
0
0
0
0
0
0
0
0
0
0
0
0
0
0
0
0
0
0
0
0
0
0
0
0
0
0
17
3
0
7
9
5
7
11
17
4
0
4
30
44
19
2
0
1
7
5
0
0
1
0
0
0
0
0
0
0
0
0
0
0
0
0
0
0
0
0
0
0
0
0
0
0
0
0
0
0
0
0
0
0
0
0
0
0
0
0
0
0
0
0
0
0
0
0
12
2
2
23
74
79
24
1
89
208
200
119
23
0
67
98
99
33
2
1
13
55
57
8
0
0
0
0
0
0
0
0
0
0
0
0
0
0
0
0
0
0
0
0
0
0
0
0
0
0
0
1
2
0
0
2
2
0
2
0
0
0
0
0
0
0
0
0
0
0
0
0
0
0
0
0
48
160
313
426
478
504
479
420
347
226
139
54
3
1
0
0
0
0
0
0
0
0
0
0
0
0
0
0
13
49
128
224
299
386
420
411
412
345
284
220
160
88
63
43
25
11
6
0
0
0
0
0
0
0
0
0
3
1
0
21
56
27
4
0
0
0
0
0
0
0
0
2
0
0
0
0
0
0
0
0
0
0
0
0
0
0
0
0
0
0
0
0
0
0
0
0
0
0
0
0
0
0
0
5
11
3
0
5
1
0
0
0
0
0
0
0
0
0
0
0
0
0
0
0
0
0
0
0
0
0
0
0
0
0
0
0
0
0
0
0
0
0
0
5
8
15
71
118
61
9
1
32
171
189
115
3
0
27
94
75
31
0
0
10
61
58
17
0
0
0
0
0
0
0
0
0
0
0
0
0
0
0
0
0
0
0
0
0
0
0
0
0
0
0
0
0
0
0
0
0
0
0
0
0
0
0
0
0
0
0
0
0
0
0
0
0
0
0
0
0
0
0
0
0
0
0
0
0
0
0
0
0
0
0
0
0
0
0
0
0
0
0
0
0
0
0
0
0
0
0
0
0
0
0
0
0
0
0
0
0
0
0
0
0
0
0
0
0
0
0
0
0
0
0
0
0
0
0
0
0
2
0
0
0
0
0
0
0
0
10
4
0
2
3
0
0
5
7
10
33
167
239
204
88
39
77
210
267
290
226
54
21
87
200
187
119
7
1
10
45
63
110
171
222
310
410
514
632
770
918
1165
1400
1582
1803
1898
2016
2056
2053
2006
2039
1950
1855
1778
1642
1477
1289
1142
1020
859
772
669
633
393
285
305
645
1097
1613
2016
2445
3042
3260
3165
2795
2395
1959
1587
1012
439
168
172
146
165
298
363
344
241
229
454
787
1315
1694
2081
2465
2847
2901
2811
2485
2037
1799
1735
1567
1343
1026
667
365
141
70
113
115
92
48
29
19
73
89
63
67
82
80
95
67
31
18
28
36
67
112
138
151
123
121
150
139
108
64
142
229
250
242
192
153
148
109
122
145
143
125
140
191
209
169
180
297
439
653
766
1019
1185
1337
1402
1267
992
699
409
163
188
417
809
1310
1813
2289
2673
2826
2768
2736
2718
2612
2558
2621
2516
2395
2206
2009
1824
1626
1423
1238
1032
752
616
389
221
102
22
0
18
72
150
229
258
263
260
236
267
272
258
274
235
199
162
144
104
71
54
42
18
5
4
0
1
1
0
0
8
6
0
2
3
0
0
0
0
0
0
0
0
0
0
0
0
0
0
0
0
0
0
0
0
0
0
0
0
0
0
0
0
0
0
0
0
0
0
0
0
0
0
0
0
0
0
0
0
0
0
0
0
0
0
0
3
5
9
7
6
6
1
0
0
7
19
20
71
76
73
85
0
9
28
85
136
94
6
2
33
56
45
22
0
0
0
5
4
0
0
0
0
0
0
0
0
0
0
0
0
0
0
0
0
0
0
0
0
0
0
0
0
2
0
0
0
0
0
0
0
0
0
0
0
0
0
0
0
1
0
0
0
0
0
0
0
0
0
0
0
0
0
0
0
0
0
0
0
0
0
0
0
0
0
0
0
0
0
0
0
0
0
0
0
0
0
0
0
0
0
0
0
0
0
0
0
9
17
23
28
20
9
5
0
0
0
0
0
0
0
0
5
0
0
0
0
0
0
0
0
0
0
0
0
0
0
0
0
0
0
0
0
0
0
0
0
0
0
0
0
0
0
0
0
0
0
0
0
0
0
0
0
0
0
0
0
0
0
0
0
0
0
0
1
0
0
0
0
1
0
0
0
0
12
3
0
0
0
0
0
0
0
0
0
0
0
0
0
0
0
0
0
0
0
0
0
0
0
0
0
0
0
0
0
0
0
0
0
0
0
0
0
0
12
1
0
4
0
0
0
0
0
0
0
0
0
0
0
0
0
0
0
0
0
0
0
0
0
0
0
0
0
0
0
0
0
0
0
0
0
0
0
0
0
0
0
0
0
0
0
0
0
0
0
0
0
0
0
0
0
0
0
0
0
0
0
0
0
1
1
0
2
0
1
11
24
4
4
25
0
1
10
7
16
54
113
163
268
537
897
1235
1574
1539
1583
1905
2139
2096
2068
1978
1833
1672
1324
961
597
375
393
537
722
871
1005
1241
1399
1662
1912
2008
1828
1488
1249
988
744
779
984
1003
767
563
295
183
162
184
131
110
84
68
64
44
69
85
104
102
109
85
44
55
72
72
79
98
124
103
98
109
80
115
135
165
240
264
333
448
540
558
653
702
716
691
570
409
281
178
172
402
724
1029
1419
1796
2009
2140
2189
2322
2465
2737
3015
3205
3477
3554
3267
2950
2662
2562
2464
2334
2114
1893
1624
1330
955
594
275
193
319
542
763
906
906
896
779
691
786
753
721
578
515
446
439
449
426
353
286
216
185
142
126
95
89
67
69
62
34
30
12
19
13
10
21
32
22
20
26
13
9
18
11
11
10
20
13
5
1
0
0
0
0
0
0
0
0
0
0
0
0
0
0
0
0
0
0
0
0
0
0
0
0
0
0
0
0
0
0
0
0
0
0
0
0
0
0
3
0
1
1
0
0
0
0
0
0
6
13
9
0
0
1
4
0
1
1
2
1
1
0
0
0
0
0
0
0
0
0
0
0
0
0
0
0
0
11
12
14
9
3
0
0
0
11
37
45
43
31
15
18
4
0
0
18
24
23
17
20
7
2
0
7
22
23
20
20
1
0
0
4
20
10
16
5
5
0
0
0
0
0
0
0
0
0
0
0
0
0
0
0
0
0
0
0
0
0
0
0
0
0
0
0
0
0
0
0
0
0
0
0
0
0
0
0
0
0
0
0
0
0
0
0
0
0
0
0
0
0
0
0
0
0
0
0
0
0
0
0
0
0
0
0
0
0
0
0
0
0
0
0
0
0
0
3
0
6
25
51
59
53
23
14
19
61
104
165
224
213
195
203
570
974
1194
1969
2135
2006
1749
1473
1248
1012
681
465
269
123
82
97
74
78
111
142
145
182
245
278
320
331
327
328
299
289
273
241
198
158
152
157
124
64
26
8
1
0
0
0
13
50
115
142
240
391
468
557
595
625
631
607
581
504
448
354
283
262
245
267
409
490
557
615
591
519
509
461
375
254
247
246
226
174
112
122
244
382
428
377
256
130
8
25
61
53
54
39
59
64
61
51
20
4
12
11
8
0
17
50
41
5
0
15
13
1
4
5
0
2
1
0
0
9
16
28
20
1
0
12
54
102
121
85
52
39
24
4
6
29
19
3
0
0
0
7
16
20
20
20
6
1
9
28
80
105
109
86
58
20
6
5
19
35
62
91
115
154
198
241
260
264
241
209
166
125
66
37
13
3
0
0
0
13
38
54
53
48
39
14
0
0
8
21
22
21
20
16
9
1
0
0
0
0
13
26
45
52
52
44
24
10
4
0
16
53
91
98
70
35
87
180
220
266
332
360
367
330
370
417
423
455
499
486
439
386
330
259
200
149
110
98
83
86
98
99
69
32
17
59
118
125
101
85
60
46
19
11
27
44
22
21
22
24
45
88
151
210
261
267
270
256
186
108
47
128
313
502
734
1148
1675
2188
2618
3039
3284
3218
2941
2534
2112
1732
1723
1505
1263
791
651
654
574
515
488
600
816
1041
1290
1482
1657
1589
1532
1407
1366
1309
1319
1319
1223
1013
873
788
735
605
516
395
311
251
197
179
203
272
514
68
84
116
179
149
71
25
12
1
0
28
13
0
120
227
297
315
276
186
71
37
41
7
7
18
37
44
63
80
46
48
18
2
4
6
6
4
8
6
2
3
4
2
0
2
4
4
4
3
2
0
0
7
18
20
11
5
0
1
0
0
1
1
4
3
0
0
1
0
1
1
0
1
1
14
2
0
2
0
0
0
1
0
0
0
0
0
0
0
0
0
0
0
0
0
0
0
0
0
0
0
0
6
0
0
0
0
0
0
1
24
29
11
7
0
8
44
1
4
48
45
54
1
17
1
3
0
0
0
0
0
0
0
0
0
0
0
0
0
0
0
0
0
0
0
0
0
0
0
0
0
1
0
13
6
0
1
5
0
2
0
1
0
0
0
0
1
0
0
0
0
0
0
0
0
0
0
0
0
0
0
0
0
0
0
0
0
0
0
0
3
146
375
469
533
553
531
484
387
269
153
68
12
5
0
0
0
0
0
0
0
5
15
32
91
174
251
332
360
420
410
407
402
359
292
213
144
81
47
11
0
0
0
0
0
0
0
0
0
0
0
0
0
0
0
0
0
0
0
0
0
0
0
0
0
0
6
107
262
342
305
153
4
13
148
170
80
2
3
9
4
14
36
61
55
26
6
2
3
7
0
0
0
1
0
0
0
0
0
0
0
0
0
0
0
0
0
0
0
0
0
0
0
0
0
0
0
0
0
0
0
0
0
0
0
0
0
0
0
0
0
0
0
0
0
2
6
0
0
0
0
0
0
0
0
0
0
0
0
0
0
0
0
0
0
0
0
0
0
0
0
0
0
0
0
0
0
0
0
0
0
0
0
0
0
0
0
0
0
0
0
0
0
0
0
0
0
0
0
0
0
0
0
0
0
0
0
0
0
0
0
0
0
0
0
0
0
2
7
25
26
21
26
45
57
40
58
35
0
0
5
64
64
58
55
40
18
2
1
0
0
0
0
1
0
1
0
4
103
239
432
571
758
951
1388
1920
2300
2473
2388
1976
1663
1400
1188
1017
803
693
667
642
582
535
495
436
379
320
260
180
69
17
17
7
24
9
7
0
1
0
0
2
3
9
14
18
24
25
21
17
9
4
0
0
0
0
0
1
4
1
0
1
1
1
1
0
0
0
0
0
0
0
0
0
0
0
0
0
0
0
0
0
0
0
0
0
2
2
1
11
14
19
27
23
38
59
123
238
424
637
870
1093
1489
1980
2355
2592
2583
2528
2358
2011
1503
989
522
561
612
610
508
358
251
166
75
58
82
98
119
140
126
109
62
43
42
47
58
30
14
26
40
45
36
20
10
3
2
2
1
3
18
24
14
8
8
12
8
49
57
73
71
56
49
28
28
13
0
1
19
29
51
69
61
54
39
14
3
0
0
0
1
1
2
0
0
0
0
0
0
0
0
0
0
0
0
0
0
0
0
0
0
0
0
0
0
0
0
0
0
0
0
0
0
0
0
0
0
0
0
0
0
0
0
0
0
0
0
0
9
80
181
458
477
414
351
300
241
833
1339
1817
2354
2614
2530
2325
2070
1827
1503
1127
638
335
208
289
224
142
55
41
76
104
118
90
59
45
43
33
20
11
1
2
7
27
82
173
197
234
266
267
284
313
359
412
481
567
671
784
805
830
810
776
720
690
608
578
590
653
748
914
1131
1303
1423
1427
1248
1018
905
652
476
430
433
384
378
351
321
317
314
317
351
360
383
409
455
497
567
574
547
488
422
330
288
267
281
254
245
237
222
226
226
194
126
81
111
122
121
133
149
116
120
102
109
103
99
64
36
36
14
8
10
2
1
0
0
0
0
0
0
0
0
0
0
1
0
0
1
4
4
0
1
0
1
0
0
5
3
5
1
0
0
0
0
0
0
0
0
0
0
0
0
0
0
0
0
0
0
0
0
0
5
6
0
0
0
1
0
3
0
0
0
0
0
0
0
0
0
0
0
2
6
3
1
3
8
40
57
35
2
0
0
16
41
57
48
23
1
0
0
0
0
0
0
0
0
0
0
0
0
0
0
0
0
1
2
0
0
0
0
0
0
0
0
0
0
0
0
0
4
6
0
0
4
2
0
0
0
0
0
0
0
0
0
0
0
8
54
104
88
33
2
0
0
1
6
8
4
3
5
2
2
1
0
0
0
0
0
0
0
0
0
0
2
0
0
0
0
0
0
4
0
1
1
0
1
3
1
0
9
23
24
6
0
0
0
0
2
1
20
124
271
531
729
878
1140
1361
1365
1276
1097
1300
1458
1306
1172
1127
908
820
751
699
663
536
558
527
496
426
231
193
223
219
214
239
261
275
265
425
156
107
70
40
14
3
6
44
174
244
270
243
215
175
79
88
222
337
367
344
286
455
678
921
1058
1236
1229
869
1166
1139
841
738
641
534
427
291
135
131
160
153
91
44
7
18
15
31
97
165
212
227
149
100
103
112
96
104
132
146
98
63
19
4
1
15
44
56
47
48
32
5
0
0
0
0
0
0
0
2
0
0
0
0
0
0
0
0
0
0
0
0
0
0
0
0
0
0
0
0
0
0
0
0
0
0
0
0
0
0
0
0
0
0
0
0
0
0
0
0
0
0
0
0
0
0
0
0
0
0
0
0
0
0
0
0
0
0
0
0
0
0
0
0
0
0
0
0
0
0
0
0
0
0
0
0
0
0
0
0
0
0
0
0
0
0
0
0
0
0
0
0
0
0
0
0
0
0
0
0
0
0
0
0
0
0
0
0
0
0
0
0
0
0
0
0
0
0
0
0
0
0
0
0
0
0
0
0
0
0
0
0
0
0
0
0
0
0
0
0
0
0
0
0
0
0
0
0
0
0
0
0
0
0
0
0
0
0
0
0
0
0
0
0
0
0
0
0
0
0
0
0
0
0
0
0
0
0
0
0
0
0
0
0
0
0
0
0
0
0
0
0
0
0
0
0
0
0
0
0
0
0
0
0
0
0
0
0
0
0
0
0
0
0
0
0
0
0
0
0
0
0
0
0
0
0
0
0
0
0
0
0
0
0
0
0
0
0
0
0
0
0
0
0
0
0
0
0
0
0
0
0
0
0
0
0
0
0
0
0
0
0
0
0
0
0
0
0
0
0
0
0
0
0
0
0
0
0
0
0
0
0
0
0
0
0
0
0
0
0
0
0
0
0
0
0
0
0
0
0
0
0
0
0
2
0
0
1
0
1
1
1
5
11
10
7
2
2
0
0
0
6
2
3
12
30
81
175
221
263
289
273
231
180
107
81
101
111
57
71
59
39
76
110
122
145
556
284
316
330
291
250
264
279
302
298
336
323
271
198
258
261
267
247
316
371
398
326
261
141
80
45
48
62
84
102
78
63
44
39
94
133
210
234
291
328
363
444
545
628
686
685
659
644
579
566
529
526
524
524
488
476
408
399
368
310
194
97
47
25
13
15
18
70
65
37
26
20
13
10
6
25
5
39
65
172
297
355
491
575
587
492
431
373
352
342
296
240
178
148
134
120
44
9
4
2
0
1
2
1
0
0
0
4
15
9
12
28
31
34
12
46
60
98
100
132
170
176
204
217
159
147
127
90
77
37
15
3
0
0
0
3
5
4
3
11
6
16
11
10
6
3
3
1
1
1
0
4
1
0
2
0
0
0
0
0
0
0
0
0
0
0
0
0
0
0
0
0
0
0
0
0
0
0
0
0
0
0
0
0
0
0
0
0
0
0
0
0
0
0
0
0
0
0
0
0
0
0
0
0
0
0
0
0
0
0
0
0
0
0
0
0
0
0
0
0
0
0
0
0
0
0
0
0
0
0
0
0
0
1
10
2
8
29
44
33
5
1
0
20
50
39
15
1
0
0
0
1
0
0
0
0
0
0
0
0
0
0
0
0
0
0
0
0
0
0
0
0
0
0
0
0
0
0
0
0
0
0
0
0
0
0
0
0
0
0
0
0
0
0
0
0
0
0
0
0
0
0
0
0
0
0
0
0
0
0
0
0
0
2
0
0
0
0
0
0
2
0
0
0
0
0
0
0
0
0
0
0
11
5
0
1
2
0
0
0
0
0
0
0
0
0
0
0
0
0
0
0
0
0
0
0
0
0
0
0
0
0
0
0
0
0
0
0
0
0
0
0
0
0
0
0
0
0
0
0
0
0
0
0
0
0
0
0
0
0
0
0
0
0
0
0
0
0
0
0
0
0
0
0
0
0
0
0
0
0
0
0
0
0
0
0
0
0
0
0
0
0
0
0
0
0
0
0
0
0
0
0
0
0
0
0
0
0
0
0
0
0
0
0
0
0
0
0
0
0
0
0
0
0
0
0
0
0
0
0
0
0
0
0
0
0
0
0
0
0
0
0
0
0
0
0
0
0
0
0
0
0
0
0
0
0
0
0
0
0
0
0
0
0
0
0
0
0
0
0
0
0
3
83
271
447
523
587
692
689
666
635
570
510
450
399
339
253
175
154
146
119
143
163
169
230
256
315
331
325
303
292
319
299
295
298
307
316
299
314
317
316
309
350
314
262
244
239
201
177
139
112
70
46
32
3
0
0
0
0
0
0
0
0
0
0
0
0
0
0
0
0
0
0
0
8
0
7
2
3
2
7
8
7
0
3
0
3
1
2
4
5
4
0
1
0
1
0
1
0
0
0
0
1
0
0
0
0
0
0
0
0
0
0
0
0
0
0
0
0
0
0
0
0
0
0
0
0
0
0
0
0
0
3
0
0
0
0
0
0
0
0
0
0
0
0
0
0
0
0
0
13
48
122
194
279
301
344
350
341
322
254
226
175
117
86
58
41
37
19
11
3
4
0
0
0
0
0
0
0
0
0
0
0
0
0
0
0
0
0
0
0
0
21
2
2
1
0
0
0
0
0
0
0
0
0
0
23
124
193
185
166
96
11
0
22
149
224
193
80
1
13
22
17
13
6
0
0
7
40
10
0
0
0
0
0
0
0
0
0
0
0
0
0
0
0
0
0
0
0
0
0
0
0
0
0
0
0
0
0
0
0
0
0
5
78
239
371
457
515
527
506
453
371
254
195
122
94
40
17
6
0
1
0
0
0
0
0
0
0
0
0
0
0
0
0
0
0
0
1
1
0
0
0
0
0
0
0
0
0
0
0
0
0
0
0
0
0
0
0
0
0
0
0
0
0
0
0
0
0
0
0
0
0
0
0
0
0
0
0
0
0
0
0
0
0
0
0
0
0
0
0
0
0
0
0
0
0
0
0
0
0
0
0
0
0
0
0
0
0
0
0
0
0
0
0
0
0
0
0
0
0
0
0
0
0
0
0
0
0
0
0
0
0
0
0
0
0
0
0
0
0
2
32
146
256
337
409
426
426
390
379
331
261
215
122
78
53
34
14
1
0
0
0
0
0
0
0
0
0
0
0
0
0
0
0
0
0
0
0
12
7
0
1
4
0
0
0
0
0
0
0
0
0
0
0
11
14
20
22
20
15
11
13
10
5
2
1
3
0
0
0
0
0
1
2
1
0
0
1
0
0
0
0
1
2
3
2
1
5
8
12
8
33
57
58
35
28
40
37
35
26
53
45
43
39
28
26
34
21
36
27
19
12
11
3
2
1
0
0
0
0
0
0
0
0
0
0
0
0
0
0
3
2
2
1
4
4
6
10
12
9
12
7
9
11
17
17
18
16
15
14
12
10
9
6
1
6
11
20
24
35
16
13
20
28
26
9
8
5
4
9
28
43
118
479
370
402
423
413
420
383
336
289
257
210
180
114
75
57
27
25
11
3
2
0
0
1
2
3
7
12
22
84
171
254
328
359
359
354
319
279
205
119
53
41
60
55
70
83
84
91
87
85
95
102
128
114
119
103
128
182
290
512
728
767
646
287
110
216
120
66
45
142
172
154
135
166
181
178
129
50
17
51
32
2
3
2
0
0
0
0
1
2
1
1
0
1
0
0
0
2
0
0
1
1
12
28
24
28
19
5
0
13
7
0
0
0
2
1
0
0
0
0
0
0
0
0
0
0
0
0
0
0
0
0
0
0
0
26
31
5
18
5
1
1
0
0
3
2
0
0
0
0
0
0
0
0
0
0
0
0
0
0
0
0
3
0
0
0
0
0
1
0
0
0
0
0
0
7
7
0
0
5
1
0
0
0
0
0
0
0
0
0
0
0
0
0
0
0
0
0
0
0
0
0
0
0
0
0
0
0
0
0
0
1
1
0
0
0
0
0
0
0
0
0
0
0
0
0
0
0
0
5
20
5
8
22
24
18
7
5
1
2
4
4
12
17
50
221
366
465
494
482
452
383
325
250
158
80
23
4
1
0
0
0
0
2
0
0
0
0
3
3
0
0
0
2
5
8
5
5
5
18
39
45
34
31
11
3
4
6
1
1
0
0
0
0
0
0
0
0
0
2
0
1
2
0
0
0
0
0
0
0
0
0
0
0
0
0
0
0
0
0
0
0
0
0
0
0
0
0
0
0
0
0
0
0
0
0
0
0
0
0
0
0
0
0
0
0
0
2
28
91
173
251
303
319
324
301
259
216
164
121
83
74
66
69
56
30
10
1
0
0
0
4
4
3
0
0
0
0
0
0
0
1
0
0
0
0
0
0
0
0
0
0
0
0
0
0
0
1
0
0
0
0
0
0
0
0
0
0
0
0
0
0
0
0
0
0
0
0
0
0
0
0
0
0
0
0
0
0
0
0
0
0
0
0
0
0
0
0
0
0
0
0
0
0
1
0
1
1
0
0
0
0
0
0
0
0
0
0
0
0
35
130
317
405
479
486
464
473
433
365
266
118
142
225
184
105
24
12
84
164
166
84
5
3
59
72
51
9
1
13
73
106
157
245
304
331
330
299
227
129
85
147
75
105
110
73
21
3
33
105
124
24
0
0
10
31
16
0
0
0
0
0
0
0
0
0
0
0
0
0
0
0
0
0
0
0
0
0
0
0
0
0
0
0
0
0
0
0
2
1
1
1
0
0
0
0
1
0
0
0
0
0
0
0
0
0
0
0
0
0
0
0
0
0
0
0
0
0
0
0
0
0
0
0
0
0
0
0
0
0
0
0
0
0
0
4
10
14
19
39
54
68
86
117
144
177
153
143
144
153
147
130
114
94
66
25
9
2
8
19
45
98
200
309
413
506
549
535
567
575
524
553
480
363
529
807
939
1096
1071
1093
1035
994
875
720
639
657
639
658
657
689
762
855
820
734
624
562
510
457
352
216
199
263
271
204
153
168
243
235
142
77
68
44
51
42
93
155
204
229
279
295
319
239
191
273
385
488
510
518
510
458
359
290
211
167
141
106
51
54
44
11
0
6
24
36
24
24
14
3
7
22
28
22
8
40
168
277
367
392
377
410
367
330
280
199
122
75
35
8
0
0
0
0
4
0
0
0
0
0
0
0
0
0
24
60
100
108
72
5
1
71
124
140
39
1
12
68
81
42
1
0
0
7
14
1
0
0
0
0
0
0
0
0
1
0
0
0
0
0
0
0
0
0
0
0
0
0
7
60
97
164
165
215
284
420
450
462
438
417
444
492
436
441
436
391
346
237
157
169
192
227
176
137
73
129
151
160
182
160
149
165
180
174
136
108
92
96
104
137
164
135
113
119
193
172
195
276
342
277
315
332
313
233
144
87
72
47
28
28
30
31
20
28
21
3
1
5
1
2
1
0
21
97
191
345
588
659
482
255
523
903
1252
1552
1623
1569
1429
1188
818
611
454
256
180
192
180
164
180
244
309
344
357
361
398
370
322
275
204
123
29
0
4
10
21
13
0
0
22
126
231
297
351
393
381
242
128
107
100
48
18
50
88
71
33
59
48
15
2
5
11
19
33
47
48
44
31
0
0
1
16
26
16
13
9
1
2
2
7
7
4
9
22
37
39
14
7
1
0
0
0
2
0
0
0
0
32
120
418
895
1244
1532
1770
1508
1315
1204
898
565
598
746
814
694
668
589
384
388
383
345
376
266
285
272
211
135
83
75
76
107
95
62
29
11
3
4
1
11
2
4
2
0
0
0
0
0
0
0
0
0
0
0
1
0
2
0
1
1
0
0
2
4
4
5
0
0
0
0
0
0
3
0
0
0
0
0
0
0
0
0
0
0
0
0
0
0
0
0
0
0
0
0
0
0
0
0
0
0
0
0
0
0
0
0
0
0
0
0
0
0
0
0
0
0
0
0
0
15
29
50
71
93
86
79
59
45
31
21
34
25
10
3
0
0
0
0
0
0
0
0
0
0
0
0
0
0
0
0
0
0
0
5
1
4
1
0
1
0
2
3
0
0
0
0
0
0
0
0
0
0
0
0
0
0
0
0
0
0
0
0
0
0
0
0
0
0
0
7
15
14
2
0
0
0
0
0
0
0
0
0
0
0
0
0
0
0
0
1
0
3
33
58
87
176
281
292
234
299
434
379
402
821
1190
1212
1193
1191
955
675
519
484
442
358
223
307
345
340
325
261
165
124
139
170
246
272
263
217
205
213
237
232
243
276
331
369
379
362
314
248
113
30
163
333
416
445
498
464
316
124
105
131
153
186
234
244
221
221
242
226
212
186
179
206
198
139
89
52
47
45
66
77
134
215
229
120
94
121
120
135
210
240
181
119
122
183
224
210
138
175
223
227
109
24
15
27
52
65
58
132
231
266
175
147
231
264
252
246
219
240
279
311
312
306
296
383
600
804
1002
1235
1448
1503
1535
1382
1164
997
777
552
371
217
156
195
273
274
170
31
3
3
0
15
19
0
0
0
0
0
0
0
0
0
0
0
0
0
0
0
0
0
0
0
0
0
0
0
0
0
41
122
232
387
508
620
739
872
816
737
661
571
576
578
696
724
729
753
784
814
703
561
492
458
457
443
372
378
470
521
503
445
359
385
420
509
479
449
448
494
478
486
567
581
567
541
587
562
446
325
288
323
329
293
177
141
112
153
206
192
196
219
212
268
319
306
318
257
233
245
267
244
217
168
127
111
78
91
88
59
52
45
27
22
20
8
11
4
9
5
11
10
2
2
0
0
0
0
1
0
0
0
0
0
0
0
0
0
0
0
0
0
0
0
0
0
0
0
0
0
0
0
0
0
0
0
0
0
0
0
0
0
0
0
0
0
0
0
0
0
0
0
0
0
0
0
0
0
0
0
0
0
0
0
0
0
0
0
0
0
11
2
10
8
6
3
2
3
1
0
0
0
0
0
0
0
0
0
0
0
0
0
0
0
0
0
0
0
0
0
0
0
0
0
0
0
0
0
0
0
0
0
0
0
0
0
0
0
0
0
0
0
0
0
0
0
0
0
0
0
0
0
0
0
0
0
0
0
0
0
0
0
0
0
0
0
0
1
0
5
98
156
245
383
405
309
284
280
424
688
831
1049
1385
1509
1587
1608
1421
1125
834
873
735
710
529
390
248
126
78
61
91
136
144
137
130
121
143
238
283
341
389
429
448
417
339
293
264
241
182
128
73
71
108
132
148
100
204
351
347
298
203
136
62
23
22
8
0
0
0
2
22
31
69
151
178
131
59
0
0
2
1
5
1
0
0
4
3
9
15
19
23
69
110
106
153
188
178
179
126
93
72
59
33
21
25
29
24
19
13
12
18
23
33
49
44
52
65
221
327
367
319
84
60
129
140
116
89
53
36
26
17
11
16
24
62
137
231
318
397
450
461
501
576
600
562
517
340
220
122
60
11
18
40
37
37
29
28
25
6
0
1
2
4
6
6
1
3
4
1
5
2
8
3
3
5
9
8
1
1
3
8
3
1
0
0
0
0
0
0
0
0
0
0
0
0
0
0
0
0
0
0
0
0
0
0
2
0
0
0
0
0
0
0
0
0
0
0
0
0
0
0
1
35
60
111
73
55
31
6
0
0
3
1
8
26
43
62
79
120
204
284
361
414
448
482
521
530
504
423
279
122
63
26
1
3
7
7
5
2
0
0
0
4
25
72
105
155
162
168
157
120
281
374
356
302
145
64
27
2
4
4
0
0
0
0
0
0
2
0
0
0
0
0
0
0
0
0
0
2
6
43
101
172
227
254
240
249
254
241
202
128
73
33
17
4
6
8
3
11
26
96
222
232
102
19
25
25
43
31
5
0
0
0
3
3
3
0
1
0
0
0
0
0
0
0
0
0
0
0
0
0
0
0
0
0
0
0
2
0
0
0
0
0
0
0
1
0
0
0
0
0
0
0
0
0
0
0
0
0
0
0
0
0
0
0
0
0
0
0
0
0
0
0
0
4
0
0
0
0
0
0
0
0
0
4
0
23
77
103
149
233
335
433
533
585
671
423
276
150
85
92
70
42
0
2
3
1
0
0
1
0
0
0
0
0
0
0
0
1
0
0
0
0
0
0
0
0
0
0
0
0
0
0
1
0
0
0
0
1
0
0
0
0
0
0
0
0
0
6
12
9
0
0
0
2
2
18
46
67
81
106
121
122
113
88
77
79
92
106
128
144
150
143
157
158
139
102
43
27
8
0
0
0
0
0
0
0
2
2
1
0
1
5
0
1
0
0
0
0
0
0
0
0
0
0
1
3
0
0
0
0
0
0
3
11
15
22
34
39
54
50
50
53
61
72
71
73
63
62
44
39
19
8
5
0
0
0
0
0
0
0
0
1
1
4
0
0
0
0
0
1
0
0
0
0
0
0
0
0
0
0
0
0
0
0
0
0
0
0
0
0
0
0
0
0
0
0
0
0
0
0
0
1
14
57
178
298
376
396
368
276
75
20
49
53
43
31
29
13
2
0
0
0
0
0
13
42
164
267
291
392
555
597
597
579
475
359
258
165
82
30
11
7
0
4
7
8
5
14
19
34
62
56
56
43
37
13
0
0
0
0
0
0
0
0
0
0
0
0
0
0
0
2
0
5
1
3
2
0
0
0
0
0
0
0
0
0
0
0
0
0
0
0
0
0
0
0
0
4
25
124
202
273
334
339
298
237
90
5
117
244
311
357
258
148
404
468
564
649
779
809
787
720
544
510
429
687
1151
1633
2099
2491
2608
2476
2154
1802
1387
790
334
450
599
703
679
604
416
374
390
476
561
680
760
839
896
978
1068
1057
970
903
770
729
644
660
567
502
436
406
351
331
315
307
275
255
200
150
82
52
57
65
72
84
86
56
42
30
40
26
20
10
1
2
1
5
0
0
0
0
0
0
0
0
0
0
0
0
0
0
0
0
0
0
3
4
3
3
47
129
209
263
265
257
221
171
109
51
32
20
14
17
58
112
202
234
252
220
210
151
112
69
42
22
15
0
0
0
0
0
0
0
0
0
0
8
47
164
315
413
459
492
492
463
431
384
377
391
338
357
375
338
397
428
427
483
478
522
509
491
480
480
448
412
421
391
336
251
220
172
154
153
116
152
184
147
141
138
163
166
163
210
290
322
333
381
408
417
419
428
417
374
310
238
143
75
43
44
28
24
86
11
4
0
4
6
8
16
36
53
83
135
173
143
149
139
111
92
79
76
53
53
19
9
6
1
1
0
0
0
0
0
0
0
0
0
0
0
2
88
309
429
510
513
446
384
264
176
101
62
20
2
0
13
81
179
296
358
381
381
380
356
305
260
199
141
77
49
40
16
3
2
1
0
0
0
0
0
0
0
0
0
0
0
0
0
0
0
0
0
0
0
0
0
0
0
0
0
0
0
0
0
0
0
0
0
0
0
0
0
0
0
0
0
0
0
0
2
11
1
0
1
1
0
0
0
0
0
0
0
0
26
67
127
103
35
0
0
3
61
112
123
28
0
0
25
13
1
0
0
6
14
4
1
0
0
0
0
0
0
0
0
0
0
0
0
1
0
0
3
0
0
0
0
0
0
0
0
0
0
0
1
1
0
2
8
26
25
11
5
22
42
122
311
607
748
1303
2325
3271
3955
4225
3894
3239
2626
1983
1370
1007
700
448
237
138
142
140
106
93
158
333
819
1378
2024
2765
3748
4506
5234
5476
5601
5076
4422
3631
2945
2518
2059
1656
1462
1280
1332
1463
1698
1819
1976
1919
1835
1627
1698
1516
1492
1268
896
868
939
896
745
607
614
678
558
503
194
218
410
414
473
680
788
735
635
577
721
821
827
588
373
329
394
494
410
305
317
251
184
206
142
66
46
54
49
68
72
85
115
112
80
50
13
17
18
38
32
38
52
70
57
81
69
66
59
71
91
115
111
130
129
107
94
77
81
60
42
27
8
3
0
0
0
2
0
0
0
0
0
0
0
0
5
288
285
407
500
504
464
409
347
258
167
99
49
11
1
0
0
0
0
0
1
0
0
7
13
12
15
15
14
15
15
24
50
129
206
283
317
318
326
330
327
305
290
234
183
121
85
57
35
10
1
0
0
0
0
0
0
0
0
0
0
0
0
0
0
3
3
0
0
2
0
1
0
0
0
0
0
0
0
0
0
0
0
0
0
0
1
0
0
0
0
0
0
0
0
0
0
0
0
0
0
0
0
18
146
402
603
752
805
833
810
805
789
776
709
621
490
375
244
149
113
34
35
76
118
157
172
160
177
178
146
114
102
83
52
31
25
67
146
278
416
491
547
596
629
678
667
659
627
581
515
425
354
267
202
143
89
69
54
29
18
12
6
2
0
0
0
1
0
0
0
0
0
1
0
0
0
0
0
1
0
0
0
0
0
0
1
3
6
16
7
9
5
5
13
14
22
37
56
120
192
270
379
541
692
915
1129
1343
1588
1698
1780
1876
1931
1814
1722
1625
1503
1357
1095
693
286
93
250
563
674
492
427
394
267
175
130
87
107
94
63
122
224
434
650
724
673
566
390
305
504
611
759
989
1114
1120
983
874
886
842
718
575
418
332
221
61
253
368
344
346
300
240
155
66
144
170
201
212
227
242
245
204
124
107
135
123
141
174
244
366
512
709
840
828
692
529
242
187
241
305
359
412
639
744
761
578
234
59
95
247
274
246
268
437
624
554
282
291
506
886
1223
1590
1983
2401
2805
3181
3461
3620
3496
3131
2863
2619
2374
2279
2244
2100
2019
1863
1562
1421
1488
1171
658
440
317
107
256
319
267
206
125
83
109
125
121
91
72
86
110
138
244
338
425
554
653
701
702
844
1083
1469
2042
2542
2765
2748
2586
2324
2043
1698
1262
830
590
584
770
827
796
659
541
443
370
396
491
553
478
392
324
277
237
205
170
139
91
50
39
50
69
106
133
305
420
536
579
575
541
495
570
526
454
660
777
757
640
634
543
331
255
141
172
198
392
673
863
891
829
749
666
684
727
626
457
234
79
106
177
186
173
179
283
374
449
533
531
541
611
753
779
761
677
572
434
322
246
196
232
442
548
403
139
136
160
138
108
129
233
364
481
486
423
387
286
183
48
19
10
10
30
118
270
411
409
285
143
109
127
134
166
216
289
339
372
446
509
518
515
507
451
395
366
335
313
302
280
266
270
274
296
283
295
360
556
735
810
707
541
336
226
193
176
120
60
13
4
7
15
26
45
45
26
5
0
0
0
60
293
549
731
851
871
721
569
432
361
288
241
232
240
252
268
307
375
476
502
444
373
350
395
452
486
515
522
493
443
367
317
265
215
197
197
210
208
186
146
122
146
165
169
136
96
50
37
52
47
33
35
54
65
60
65
46
29
16
9
3
0
0
0
1
2
1
0
4
11
22
38
38
27
26
16
3
0
0
0
0
0
0
0
56
151
203
236
211
184
135
60
21
0
1
1
6
30
49
61
47
38
32
39
32
36
42
48
60
70
72
67
53
38
30
38
106
219
346
380
375
395
339
251
148
77
6
17
43
59
54
65
194
161
177
134
66
0
0
19
22
24
29
14
1
5
23
1
0
0
18
97
188
281
371
453
485
458
418
367
283
206
131
55
15
0
0
3
11
29
36
31
26
13
15
21
41
34
21
5
0
10
34
57
62
75
50
38
40
80
123
123
84
37
6
10
51
89
136
191
258
373
458
527
533
502
461
404
325
232
142
96
118
123
133
125
122
130
137
129
152
164
163
175
199
178
150
145
163
169
152
114
104
86
90
139
180
233
251
333
414
434
410
357
289
242
187
109
17
30
52
69
67
48
33
10
0
13
37
76
73
24
98
213
335
415
525
568
560
456
360
229
165
125
133
120
96
62
24
2
12
56
51
36
34
19
6
4
10
10
4
0
0
0
2
7
5
14
3
1
0
0
0
0
0
0
0
0
0
0
0
0
0
0
0
0
0
1
1
0
0
0
0
0
0
0
0
0
0
0
19
4
0
0
2
0
0
0
0
0
0
0
0
0
1
0
0
0
0
0
1
0
0
0
0
0
0
0
0
0
0
0
3
49
229
394
522
510
300
372
316
162
144
333
501
580
608
607
602
499
399
300
189
88
98
89
61
29
7
11
15
16
17
10
12
27
69
164
258
278
260
297
334
332
355
339
320
317
357
348
343
317
289
240
126
30
145
186
207
219
205
193
190
156
92
20
228
348
465
715
905
1034
1175
1231
1297
1215
1016
732
629
472
401
218
188
277
309
216
142
197
136
58
1
15
75
87
30
1
1
5
17
72
175
145
108
110
74
42
15
7
36
120
149
107
67
134
210
245
341
446
601
724
875
994
965
937
893
748
462
474
506
492
381
254
213
154
120
129
142
114
63
14
2
14
28
42
50
48
39
21
9
16
28
33
41
30
47
66
80
95
82
80
52
33
2
0
0
0
10
5
1
0
13
28
29
25
21
23
6
10
21
7
18
24
24
28
25
26
17
11
9
7
4
8
10
13
23
17
11
5
4
4
1
2
32
68
103
161
189
196
186
154
88
53
33
36
31
23
14
7
6
5
0
3
0
1
10
20
29
40
35
36
31
25
14
2
3
10
24
50
81
114
143
193
238
299
372
410
399
399
537
665
716
729
667
595
510
423
369
307
213
157
109
72
59
33
3
3
9
7
12
29
18
28
66
1
0
0
0
8
23
31
30
16
10
7
1
0
0
0
0
0
0
0
0
0
0
0
0
7
102
387
573
835
1157
1393
1502
1483
1395
1143
928
708
597
500
422
277
166
115
72
24
8
17
23
31
43
54
61
67
58
59
61
78
84
97
123
149
153
137
97
84
103
154
284
397
437
491
540
610
704
737
715
695
593
548
453
364
228
131
98
64
44
28
52
47
53
50
44
31
36
36
32
21
10
0
32
78
188
281
386
430
502
550
566
560
557
495
433
418
334
286
214
142
86
15
60
182
332
696
1000
1351
1618
1948
2238
2358
2477
2495
2413
2236
1912
1658
1555
1993
1802
790
596
411
258
191
152
173
228
320
353
384
381
250
52
5
61
111
75
10
0
0
16
21
0
0
0
0
0
3
6
0
0
2
0
0
0
0
0
0
0
0
0
0
0
0
0
0
0
0
0
0
0
0
16
131
313
437
536
601
664
716
701
820
885
1063
1507
1880
2254
2560
2762
2918
2967
2974
2892
2865
2864
2766
2658
2502
2433
2375
2433
2304
1995
1583
1306
1247
1222
1139
1050
846
631
626
703
767
803
813
789
946
1157
1415
1711
2000
2313
2595
2704
2652
2569
2466
2238
2138
1971
1731
1354
1223
1193
968
961
877
802
935
1201
1362
1335
1323
1855
2427
3174
3900
4567
4896
4689
4256
3781
3164
2533
2541
2607
2225
1770
1564
1340
1053
1164
925
1051
1229
1551
1987
2800
3514
4160
4558
4669
4348
4307
4195
3991
3708
3907
4209
4499
4645
4923
5117
5311
4924
4390
4058
3890
3733
3585
3305
3107
2836
2610
2462
2273
2090
1874
1572
1205
991
1061
1096
1166
1441
1736
1806
1784
1777
1750
1637
1555
1452
1305
1168
1022
760
565
768
979
1026
961
883
651
336
461
1007
1587
1836
1816
1728
1750
1739
1725
1989
2662
3180
3367
3478
3454
3416
3607
3980
4264
4480
4700
4768
4939
5084
5108
5039
4924
4604
4210
3619
3065
2635
2424
2211
2168
2091
1845
1591
1320
1054
938
781
605
480
466
771
1122
1420
1598
1830
2193
2491
2536
2454
2295
2029
1760
1527
1294
1022
900
1048
1218
1209
1070
964
929
775
728
655
599
516
436
362
385
491
503
491
507
543
613
631
583
585
564
510
402
327
234
96
26
45
138
212
230
244
233
248
200
123
36
8
11
48
86
83
71
79
113
162
235
308
393
481
523
628
661
646
607
545
464
363
305
251
235
247
253
211
312
338
315
375
324
291
358
385
333
290
309
358
404
306
184
200
227
242
254
289
333
323
282
262
172
124
197
21
31
160
329
481
560
604
657
666
684
640
535
462
401
386
345
279
216
161
103
72
47
40
38
25
15
11
5
5
8
17
19
38
65
69
56
190
337
412
414
376
374
407
352
300
304
291
219
100
46
41
84
94
43
36
54
46
36
14
32
187
441
646
863
1099
1169
1159
1179
1089
1184
1163
1075
1048
973
721
549
498
292
224
161
86
120
115
136
160
211
250
301
376
336
392
441
470
695
825
642
439
413
397
407
443
440
347
295
240
137
137
152
98
54
51
39
24
39
13
37
27
10
0
13
18
33
32
27
40
35
29
32
22
0
15
17
19
18
15
18
17
17
14
4
6
8
5
1
1
10
12
27
49
69
158
297
380
436
467
467
454
407
328
230
175
108
45
3
0
2
0
2
14
17
35
30
31
11
13
12
0
0
0
0
0
2
2
0
5
1
1
0
0
0
0
1
7
7
20
27
16
42
123
221
332
403
447
478
437
404
328
209
122
62
36
29
17
15
26
33
47
37
25
17
7
13
3
1
0
0
0
0
0
0
0
0
0
0
0
0
0
0
0
0
0
0
0
0
0
0
0
0
0
0
0
0
0
0
0
6
8
0
1
0
8
6
8
16
33
83
55
17
0
2
1
0
0
1
4
6
22
58
85
111
132
88
35
35
21
5
2
6
6
6
5
4
2
1
5
1
8
10
4
0
1
0
0
2
0
1
2
4
5
4
0
1
0
1
0
0
0
0
0
0
0
0
0
0
0
0
0
1
2
0
1
0
0
0
0
0
0
0
0
0
0
0
0
16
11
0
0
0
0
1
1
0
0
0
0
0
0
0
0
0
0
0
0
0
0
0
0
0
0
0
0
0
0
0
0
0
0
1
0
0
0
1
0
0
1
12
92
221
309
346
348
342
333
360
315
235
78
21
39
57
39
25
12
59
107
95
98
186
278
354
371
339
273
226
168
156
113
57
34
14
4
0
0
0
6
8
7
3
3
0
0
1
2
0
0
0
0
0
0
0
0
0
0
0
0
0
0
0
0
0
0
0
0
0
0
0
0
0
0
0
0
1
0
0
2
17
68
152
243
349
366
347
349
364
561
726
954
1067
1148
1222
1120
1023
917
785
690
597
641
667
732
784
785
790
695
555
315
227
139
81
83
396
232
307
442
718
1002
1287
1491
1672
1896
2130
2355
2557
2716
2865
2927
2827
2599
2224
1818
1565
1434
1381
1314
1275
1221
1144
1037
893
811
772
729
661
563
495
501
497
489
531
821
1008
937
818
705
598
581
519
444
443
425
368
358
314
341
458
485
442
363
225
205
273
253
230
172
105
106
137
210
268
267
260
289
348
432
438
507
495
454
443
413
389
356
280
198
97
32
72
132
197
208
199
118
40
20
17
12
30
45
58
58
52
41
86
150
215
206
164
72
23
15
6
13
19
20
18
12
15
17
25
31
38
22
8
4
0
0
3
5
2
19
13
14
12
9
5
0
0
0
1
8
2
3
1
1
6
3
8
17
16
12
3
4
4
6
2
1
3
4
1
3
2
3
1
0
0
0
0
0
0
10
22
3
2
1
0
0
0
0
0
0
0
0
0
0
0
0
0
0
3
1
1
0
4
0
3
5
15
20
23
27
26
73
104
93
73
95
209
323
393
376
305
241
156
89
55
41
38
49
70
111
125
135
88
68
44
29
32
38
74
117
182
269
310
352
368
394
395
378
379
358
304
232
203
136
88
57
55
43
48
46
81
121
154
143
95
142
165
175
189
190
204
126
85
68
77
67
38
35
52
197
308
387
411
491
530
639
727
840
977
1123
1367
1561
1826
2049
2201
2244
2165
2030
1814
1748
1757
1714
1703
1646
1473
1297
1060
873
696
562
456
339
208
153
264
279
262
239
214
188
210
267
404
422
380
336
283
314
462
548
523
464
387
261
197
251
301
314
219
162
203
242
251
226
232
221
195
171
207
264
312
315
339
358
361
386
361
402
379
291
254
227
222
176
148
153
103
62
64
47
53
44
38
47
38
31
40
44
64
111
212
312
390
385
363
313
245
214
174
114
57
38
71
192
290
366
381
351
323
244
166
135
115
97
106
115
99
94
89
88
89
81
78
89
92
82
96
111
110
126
129
130
139
131
135
191
258
328
289
237
123
42
92
210
291
314
300
382
413
397
372
350
348
318
215
132
110
114
75
70
267
299
114
147
133
114
147
142
142
116
101
94
127
184
248
306
316
341
334
334
302
267
207
164
92
47
17
7
6
6
14
7
4
2
2
4
2
3
1
1
0
0
4
7
8
1
0
0
0
1
0
0
0
1
2
2
0
0
1
0
13
0
0
0
0
0
1
0
0
0
0
0
0
0
0
0
0
0
0
0
0
0
0
12
5
6
12
2
0
0
94
201
203
57
21
43
105
94
38
0
7
93
113
31
1
0
31
59
13
0
0
15
66
50
8
5
2
12
17
6
0
0
5
39
24
3
0
1
3
3
1
0
0
0
0
1
4
0
0
0
0
0
0
0
0
0
13
16
4
1
1
11
30
14
1
0
0
0
7
0
0
0
0
1
0
0
0
0
3
1
1
0
0
0
0
0
0
0
1
2
1
0
3
5
0
4
1
0
0
0
1
0
0
1
1
4
3
2
1
0
0
0
0
0
0
0
0
0
0
0
0
0
1
4
28
62
115
220
311
387
512
587
630
435
326
419
641
1001
1480
1865
1996
2165
2202
2190
2001
1800
1559
1374
1243
1135
1076
914
778
622
514
419
357
295
241
145
109
78
79
103
96
78
58
59
72
92
110
150
280
414
370
297
259
245
191
170
160
218
261
320
394
413
397
302
269
334
418
533
628
664
519
393
223
370
641
706
777
707
446
377
316
297
284
289
325
279
258
249
166
139
203
274
107
104
169
285
230
205
230
203
182
157
144
95
53
40
28
30
80
190
326
438
455
435
391
336
258
195
132
104
70
42
27
16
9
7
7
7
13
14
17
4
22
86
202
383
567
548
528
570
533
555
554
549
491
414
403
303
276
266
322
457
531
465
456
456
559
637
693
714
678
632
621
515
253
447
450
270
131
264
339
373
289
192
229
237
184
223
237
245
279
303
401
531
562
513
482
432
421
303
195
157
147
205
216
199
155
219
242
294
262
247
305
394
489
577
661
697
674
622
583
536
491
409
320
275
243
243
207
110
50
82
119
123
89
31
98
101
62
40
14
12
22
48
85
128
176
134
17
21
66
99
107
54
19
14
19
29
35
46
62
36
22
24
5
1
0
1
4
6
16
30
11
9
14
15
1
5
15
44
67
143
158
167
157
150
144
120
93
113
92
81
40
34
60
40
5
9
23
7
9
17
31
45
57
52
30
22
35
115
151
157
72
21
81
105
69
2
0
6
42
44
21
11
15
25
10
4
30
158
278
379
418
394
315
233
144
66
20
0
0
4
5
16
16
2
0
2
5
33
97
197
281
350
380
386
524
220
171
96
52
16
7
3
0
0
0
1
1
0
0
0
3
3
3
3
4
1
0
0
0
0
0
0
0
0
0
0
0
0
0
0
0
1
0
0
0
0
0
0
0
16
44
68
43
6
60
60
34
9
0
0
0
0
0
0
3
7
6
1
2
2
16
45
50
21
4
26
31
67
121
120
56
0
23
81
93
12
7
45
69
9
8
52
83
28
16
6
29
8
4
1
1
5
0
0
0
0
0
0
0
0
0
0
0
0
0
0
0
0
2
6
8
10
9
12
10
19
18
16
14
26
19
32
34
17
6
0
3
12
11
10
2
3
12
24
65
84
88
49
8
3
16
17
11
3
11
29
29
36
19
14
4
0
3
8
5
0
11
17
12
18
23
43
64
40
5
9
3
0
3
11
13
19
35
33
21
19
12
3
6
73
135
118
72
23
37
93
80
201
321
346
303
216
183
170
195
135
55
67
54
38
11
40
41
8
0
13
35
14
0
14
53
48
8
3
24
36
10
2
16
44
46
23
12
4
6
19
106
202
287
313
306
270
207
146
90
40
12
2
0
0
0
0
0
0
0
0
0
0
0
0
0
0
0
0
0
0
0
0
0
0
1
0
0
0
0
0
0
0
0
0
0
0
0
0
0
0
0
0
0
0
0
0
0
0
0
0
0
0
0
0
0
0
0
0
0
0
0
0
0
0
0
0
0
0
0
0
0
0
0
0
0
0
0
0
0
0
0
0
0
0
0
1
7
38
112
160
199
214
208
196
172
136
114
73
51
34
10
5
0
1
0
0
0
0
0
0
1
0
0
0
0
1
0
0
0
0
0
0
0
0
0
0
0
0
0
0
0
0
7
22
13
2
8
78
128
36
2
25
74
21
5
17
67
34
3
28
43
21
7
4
34
17
6
4
2
3
1
1
7
4
0
3
2
0
0
0
0
0
0
1
4
6
1
2
1
1
1
0
1
0
0
0
0
0
0
0
2
0
0
0
0
0
0
0
0
0
0
0
0
0
1
0
3
22
86
189
222
274
388
621
756
1008
1487
1964
2276
2294
2187
1975
1949
2077
2116
2029
1604
1079
676
913
941
852
950
1021
1111
1344
1330
909
466
502
427
312
470
554
633
516
530
561
510
446
364
385
546
783
1033
1192
1458
1614
1912
1355
1346
1224
1040
799
802
810
830
836
757
614
553
514
628
769
952
1156
1381
1513
1709
1848
1808
1713
1661
1470
1364
1526
1273
558
1304
1583
1568
1431
1051
675
1071
1155
1037
1059
1343
1672
1973
2217
2384
2412
2378
2242
2095
2027
2007
1981
1822
1694
1691
1783
1761
1696
1812
2075
2418
2506
2546
2435
2316
1987
1818
1804
1751
1624
1454
1296
1074
950
744
510
389
330
229
239
427
529
438
302
181
166
148
144
240
265
197
155
140
162
182
93
96
