1463
1337
1808
1876
1387
1110
616
280
321
20129
131
126
151
127
103
70
34
28
5
3
11
18
27
54
115
163
163
209
238
269
263
285
328
328
364
331
327
335
334
330
326
322
290
293
265
234
202
240
208
137
49
5
21
52
85
124
113
114
94
72
28
13
6
8
13
18
49
93
141
185
241
279
248
283
252
227
217
207
145
107
64
25
12
3
2
7
1
0
0
1
3
3
2
1
2
5
8
14
17
44
71
115
149
197
227
245
307
321
376
432
463
537
633
752
794
858
833
752
813
822
777
761
784
770
784
764
799
821
778
751
747
726
664
633
632
609
589
585
521
460
427
355
279
200
132
93
44
24
6
2
15
36
72
116
127
182
223
298
313
245
198
334
436
465
406
322
277
235
247
199
209
227
183
209
228
209
209
254
283
297
302
320
322
360
429
463
530
562
671
811
806
875
758
775
845
760
677
531
483
487
580
579
617
498
560
523
360
296
300
299
241
193
142
87
18
2
6
20
40
100
150
193
255
426
508
609
709
917
1515
1954
2487
2696
2650
2513
2590
2690
2419
2083
1757
1468
1140
827
664
725
913
973
1001
1033
1053
1070
1022
955
831
827
785
710
724
779
915
1181
1289
1057
877
656
788
737
903
956
1031
1082
1206
1303
1294
1090
816
675
721
785
787
783
883
935
1020
1060
987
913
843
789
804
785
741
685
642
570
563
558
601
606
588
597
565
521
465
474
474
512
510
507
441
383
298
259
242
267
270
344
424
540
715
922
1100
1244
1435
1524
1498
1500
1459
1397
1519
1663
1663
1548
1484
1418
1465
1450
1380
1293
1219
1114
1016
1006
904
842
796
754
680
625
545
415
373
283
142
82
220
364
585
708
752
833
879
761
569
628
733
710
763
823
896
954
1058
1113
1154
1248
1275
1394
1475
1555
1681
1797
1719
1654
1525
1457
1469
1484
1437
1375
1255
1069
883
652
508
418
343
281
255
307
359
414
455
484
436
481
502
563
691
704
765
928
1051
1172
1215
1197
1169
1185
1224
1308
1336
1310
1308
1141
1025
888
801
762
553
262
230
415
685
911
947
796
701
744
782
707
633
532
453
760
975
1062
1056
998
835
594
462
325
402
587
662
621
580
513
387
409
549
817
1070
1572
1977
1901
1848
1650
1404
1454
1306
1124
853
991
1410
1757
2147
2470
2656
2666
2541
2373
2155
1667
794
1026
1180
1255
1236
1226
1156
1229
1152
987
800
642
531
387
379
460
573
543
582
758
917
1017
1099
1094
914
675
597
724
260
272
433
965
1357
1441
1351
1228
1265
1398
1392
1523
1663
1805
1888
1968
1899
1920
1911
1805
1433
988
957
824
525
401
193
171
116
60
36
41
81
198
316
463
500
486
471
440
468
334
207
86
85
90
47
43
43
33
41
40
31
28
29
43
4
14
1
2
3
16
41
66
129
197
167
113
58
51
99
163
202
151
124
110
117
123
150
155
133
101
84
94
85
95
174
222
208
95
61
59
111
166
268
283
222
132
83
128
129
111
191
205
206
149
137
163
147
115
125
238
312
362
384
381
408
303
99
58
90
161
209
271
363
494
523
554
529
451
352
506
532
543
536
577
535
406
274
107
78
62
55
46
45
67
107
73
52
74
79
49
22
97
122
136
137
72
50
91
121
129
127
102
32
32
44
24
20
58
127
152
151
160
171
147
96
49
45
91
77
51
17
27
80
120
129
140
121
81
48
29
18
51
142
308
362
355
361
293
205
134
169
119
59
71
108
95
66
46
40
48
79
91
75
49
28
19
18
21
13
19
22
21
34
28
49
67
66
44
23
25
44
35
52
55
49
54
78
64
64
67
61
60
55
34
16
43
117
158
144
128
95
122
100
81
55
26
12
6
14
15
10
8
11
5
4
5
10
0
0
2
20
41
15
6
24
50
40
23
17
16
19
22
41
52
54
44
20
10
14
12
23
38
42
17
16
16
13
2
4
3
1
5
11
32
62
83
127
179
192
146
91
87
59
18
31
31
39
41
52
55
55
60
48
30
22
26
37
50
61
36
21
9
8
11
15
12
3
4
2
0
0
1
6
15
21
22
18
3
5
8
8
3
2
3
3
3
2
17
50
103
98
69
41
31
41
29
17
25
31
44
46
48
25
18
21
23
32
37
32
29
52
44
53
64
52
53
58
80
79
120
108
94
61
48
30
17
26
59
41
22
30
34
49
68
61
56
46
25
10
4
0
0
3
3
7
5
8
3
3
3
6
7
7
1
3
0
4
3
0
1
12
5
3
0
4
11
17
7
0
0
0
0
0
6
9
5
1
0
0
0
5
10
21
38
48
53
27
7
3
0
9
5
6
3
1
0
0
0
0
1
0
0
0
0
0
0
0
5
13
16
20
62
106
134
120
99
76
85
208
203
181
77
46
15
2
0
3
145
74
99
37
8
25
87
56
60
50
26
76
44
9
0
1
21
75
209
308
342
430
382
201
264
155
19
33
70
34
11
1
0
0
1
1
0
15
36
16
2
0
0
0
1
4
4
15
9
0
0
1
3
4
2
2
3
0
6
3
3
0
3
8
6
11
13
18
16
10
9
1
3
1
1
1
0
0
0
0
1
0
0
8
16
7
0
0
0
0
0
0
0
0
0
0
0
0
0
0
0
0
0
0
0
0
25
20
0
0
0
1
0
0
22
25
6
14
3
11
16
7
0
1
3
6
5
0
1
4
1
16
99
198
311
333
383
407
412
389
421
421
412
410
379
381
378
416
406
423
470
471
583
859
1112
1419
1863
2054
2076
2001
1937
1754
1489
1849
1610
1474
1542
1235
1035
1275
1358
1261
1158
972
775
532
336
280
301
376
454
412
301
307
294
251
261
203
138
109
52
16
7
52
94
85
48
65
117
118
141
129
105
49
180
72
96
106
116
73
12
15
36
58
103
114
119
117
115
112
108
84
59
35
49
41
20
33
91
171
175
157
137
111
82
36
33
121
298
442
539
576
568
567
614
804
909
954
978
912
852
797
817
757
667
629
605
445
447
454
422
307
138
144
156
120
65
62
61
70
98
106
75
35
6
17
57
106
146
174
174
188
194
181
161
115
72
44
18
21
32
44
60
82
76
222
426
477
637
783
1065
1362
1765
1470
1235
1466
1185
957
516
730
776
614
801
873
755
585
528
644
669
794
931
1014
1051
1086
1049
1013
924
744
655
630
686
672
640
612
593
533
451
376
321
261
243
248
251
274
279
273
264
260
281
299
319
336
295
318
428
551
661
778
873
846
751
782
965
885
715
597
555
468
472
437
475
545
600
591
530
615
679
710
729
786
826
875
855
788
725
576
443
406
342
321
270
237
204
200
224
210
197
138
96
138
186
176
133
134
92
108
192
438
816
1146
1128
758
755
965
1114
1107
1023
962
892
846
698
525
327
292
258
210
195
254
374
582
863
1269
1403
1517
1471
1011
1197
1693
2189
2372
2220
2008
1924
1893
1600
1268
1271
1130
845
583
532
552
574
676
800
827
708
404
552
561
595
577
551
490
428
381
374
359
372
322
297
268
233
178
182
217
186
223
192
125
84
103
144
127
114
123
100
59
57
48
29
13
19
17
41
49
65
53
45
46
56
16
42
80
113
138
119
63
40
19
5
3
13
29
66
123
205
263
295
306
359
462
495
646
716
734
798
934
965
929
871
837
728
551
438
337
277
183
131
108
99
105
126
140
132
133
123
53
19
9
6
3
6
10
9
2
4
6
18
8
8
11
24
77
81
58
80
114
148
142
129
133
142
87
38
2
3
7
9
17
37
41
39
68
63
41
34
40
48
47
57
67
73
119
180
236
234
220
234
317
398
405
331
245
178
104
72
73
93
122
129
124
63
82
86
90
85
76
64
46
61
65
49
42
36
25
42
80
147
161
184
172
70
44
46
59
117
89
55
26
79
184
203
165
110
96
121
175
125
66
41
25
15
21
11
16
11
34
26
15
16
31
37
56
36
15
20
30
52
110
206
212
248
209
147
131
202
254
436
756
1010
1129
1205
1092
815
459
296
283
199
228
284
299
193
106
94
244
343
356
128
129
117
125
136
121
79
61
60
61
59
44
35
12
3
6
15
19
19
30
76
138
216
273
285
278
290
282
267
99
160
379
513
702
769
704
238
660
865
841
764
679
537
345
600
605
405
715
759
492
205
452
867
986
972
987
715
635
648
473
242
386
557
474
287
444
495
402
268
473
364
113
425
462
271
259
568
680
510
205
300
286
249
275
249
201
221
211
139
144
344
408
370
348
352
235
184
147
135
142
184
199
208
216
182
151
123
99
94
123
138
161
154
170
157
99
20
20
49
151
276
551
793
957
1060
1067
977
838
756
631
458
243
218
190
182
146
111
54
25
16
44
71
76
49
48
37
36
34
31
31
45
55
36
30
11
3
2
3
10
13
11
24
39
38
43
22
1
0
0
0
0
0
5
6
1
0
0
0
0
0
11
11
12
23
68
115
68
64
61
38
37
44
102
141
169
195
233
247
228
193
151
194
249
262
229
249
228
239
219
165
98
102
147
104
70
51
25
25
22
22
32
72
97
74
57
65
79
129
130
163
184
186
165
139
112
74
73
96
97
49
28
14
10
6
5
1
0
2
2
1
21
15
8
10
41
43
37
27
14
16
61
73
83
48
23
19
33
79
121
118
86
70
62
53
61
78
89
89
80
66
62
51
48
35
28
22
17
31
53
72
83
94
127
203
239
219
78
154
322
308
256
212
308
248
270
259
237
190
137
80
65
106
132
167
128
99
59
38
57
78
58
36
22
15
17
16
18
6
30
56
63
64
54
67
122
97
106
120
78
78
212
276
279
239
343
506
608
675
825
914
906
898
864
798
666
553
537
519
472
376
332
296
234
180
169
197
204
207
194
129
81
53
27
19
20
25
18
18
29
45
48
63
75
88
115
194
271
374
456
594
685
739
812
821
867
902
976
1036
1114
1131
1120
1045
970
875
733
659
601
580
643
691
772
760
704
555
455
472
445
348
174
359
430
444
395
353
351
354
346
346
345
413
526
561
547
505
389
319
267
229
231
187
144
63
39
68
132
232
328
369
427
396
360
291
220
155
109
137
145
173
239
284
255
240
258
264
242
209
178
106
86
141
153
162
143
127
134
157
148
166
179
168
116
159
213
243
223
200
252
241
264
246
235
249
236
217
211
248
276
333
311
254
232
224
125
92
238
217
153
107
104
122
175
216
212
224
232
355
421
421
286
276
296
387
428
460
434
457
446
401
450
421
459
468
472
555
560
489
477
438
414
373
320
318
268
245
217
247
207
97
54
25
26
19
23
24
32
27
42
60
31
46
64
108
176
266
310
396
388
406
303
254
306
419
385
329
297
292
292
285
288
254
287
296
298
330
392
409
447
371
347
374
389
351
346
395
482
545
570
572
605
549
437
271
176
132
223
316
412
492
525
469
474
518
595
648
771
812
796
712
603
603
688
749
716
647
559
454
369
371
373
388
362
286
190
194
243
332
363
320
237
98
150
260
287
329
328
268
178
128
92
130
141
102
74
66
161
293
351
254
275
285
373
376
294
239
186
97
68
216
325
324
321
307
288
232
201
235
234
244
350
472
534
523
479
393
224
218
227
335
340
297
248
131
96
143
81
97
144
195
125
25
44
163
241
378
471
580
584
553
431
311
278
277
325
441
473
502
577
597
517
427
396
425
403
355
273
219
200
121
127
197
224
238
78
40
81
188
272
295
304
391
421
438
484
422
488
534
500
442
446
433
430
327
247
221
159
117
95
61
57
120
138
193
246
276
264
266
250
223
196
171
124
165
240
154
121
109
158
264
384
401
392
343
313
326
290
104
99
233
348
392
443
493
381
284
264
272
346
255
159
149
165
179
489
272
279
321
364
486
1004
1007
574
468
343
308
316
407
681
1195
1790
2353
2296
2092
1853
1510
1146
887
708
893
1173
1295
1356
1196
789
435
490
506
485
654
888
1068
1167
1671
2138
2506
2617
2704
2014
931
1443
2170
2252
2222
2472
2765
2589
1825
1052
1172
1078
839
867
947
876
862
1140
1392
1686
1917
2122
2305
2423
1886
984
895
994
825
734
809
958
1018
1050
1121
1150
1065
1050
1072
1115
1151
1119
1120
1149
1073
1045
1055
1142
1204
1282
1339
1443
1424
1460
1531
1631
1559
1492
1441
1388
1199
1064
1075
1118
1104
1139
1158
1213
1280
1367
1324
1120
1090
1217
1177
974
692
582
482
376
810
1357
1715
1913
2015
2138
2317
2464
2539
2847
3166
3309
3360
3367
3359
3318
3356
3333
3233
3085
2738
2386
2196
2376
2436
2215
1969
1602
1462
1366
1266
1108
846
697
528
400
364
221
94
91
262
494
585
698
726
638
667
838
889
677
515
429
557
581
546
596
486
392
477
455
317
241
228
260
186
208
251
260
258
290
275
321
416
455
492
516
562
625
767
878
900
910
840
723
591
416
301
184
122
129
155
137
167
162
239
267
339
377
338
257
206
203
316
370
413
421
364
261
131
120
182
179
129
117
148
182
196
250
279
261
254
197
225
264
318
344
357
333
290
253
205
205
202
193
194
231
192
144
119
119
170
252
281
258
271
292
304
235
239
320
381
360
206
130
122
147
140
170
283
386
362
273
105
37
49
113
93
65
63
59
44
29
21
21
23
24
20
13
100
144
126
49
97
242
256
266
183
124
162
186
228
219
153
89
68
87
45
44
48
43
60
81
87
146
221
226
150
135
83
74
77
50
10
14
36
106
207
260
197
152
134
178
240
258
247
187
158
148
99
98
157
203
234
303
359
326
293
262
191
130
123
74
78
94
137
163
174
136
101
116
136
214
270
294
284
149
29
38
52
93
150
178
169
151
158
144
149
174
205
228
219
180
127
75
39
58
85
39
11
19
21
17
10
9
17
18
27
49
73
86
102
99
118
106
64
37
27
10
16
24
32
43
65
71
79
50
24
13
17
30
37
68
157
210
266
275
199
99
85
171
173
87
60
67
58
77
154
212
196
152
79
56
56
111
107
78
39
24
12
10
5
2
6
23
28
33
34
38
23
11
12
10
9
15
6
15
22
41
36
35
29
20
23
34
36
37
36
36
43
42
63
61
39
23
11
119
66
121
149
152
156
180
223
228
232
243
242
218
192
192
146
148
130
128
132
116
71
89
81
75
33
22
17
14
17
6
6
14
14
20
23
39
58
49
22
22
30
46
73
75
103
105
114
97
106
94
67
47
49
51
41
58
99
121
70
80
84
76
87
89
93
70
32
32
37
50
78
106
126
107
96
86
124
148
180
188
159
128
88
63
36
49
65
96
127
101
97
66
66
51
64
84
124
180
173
163
187
233
291
208
142
144
184
174
118
91
84
118
123
101
54
14
37
125
166
172
208
376
541
679
633
469
257
177
236
225
198
158
172
229
279
310
283
217
129
142
177
137
33
23
51
88
103
116
148
105
89
84
77
49
38
46
42
35
12
12
16
22
29
104
165
176
97
47
26
55
36
18
7
6
14
18
11
2
3
8
19
12
12
53
142
214
254
269
311
332
326
265
238
224
263
260
336
351
323
240
246
266
258
328
320
377
344
277
176
123
177
294
281
190
152
104
92
106
181
207
220
213
306
316
326
275
200
145
63
51
68
144
194
187
154
126
95
72
49
31
69
77
94
178
258
311
238
143
107
74
43
43
17
28
61
98
89
147
162
109
45
29
51
44
32
91
138
120
142
172
239
202
171
226
268
288
340
380
410
459
413
322
281
241
225
91
25
26
31
71
154
202
210
248
280
334
359
418
511
506
443
414
385
354
237
95
30
19
63
113
179
194
197
221
227
188
152
98
110
89
101
70
79
96
94
83
78
61
43
19
23
18
13
19
34
40
72
65
61
115
156
187
145
116
96
89
137
139
74
58
55
73
64
77
66
73
62
42
46
42
49
43
35
20
17
11
7
0
29
143
218
251
177
110
159
164
122
49
46
77
47
59
33
45
52
44
45
97
119
133
174
227
201
151
81
38
43
60
28
28
37
16
24
50
71
64
37
22
51
37
25
39
36
46
26
24
25
30
22
22
46
58
34
105
175
201
228
217
231
211
177
122
108
36
35
42
32
36
128
150
109
101
103
56
52
51
49
20
16
30
27
24
27
49
60
46
43
17
10
4
7
52
113
149
161
93
93
88
67
79
37
35
47
30
11
29
79
100
53
12
33
64
71
75
89
81
72
88
109
142
115
72
60
69
46
34
113
186
179
272
92
90
68
41
44
118
188
179
159
158
143
168
120
85
52
22
11
8
9
9
11
34
54
52
47
27
27
31
30
33
34
52
50
51
53
57
50
48
33
20
17
6
8
23
27
25
49
68
57
45
61
53
60
59
42
24
6
6
13
34
57
92
111
144
153
154
144
105
58
42
24
26
18
16
9
8
3
20
75
161
200
206
143
143
195
198
186
139
57
12
14
30
45
44
38
37
44
64
86
103
89
63
34
56
69
71
61
61
112
156
205
236
233
238
239
252
192
186
148
98
64
59
38
121
189
192
168
138
34
7
6
15
29
15
12
13
7
12
8
36
32
26
37
30
67
113
153
148
152
198
232
271
293
280
234
202
150
197
236
296
290
317
255
183
205
224
220
190
179
151
138
155
208
175
141
108
99
111
179
187
240
318
347
322
275
263
248
193
162
91
59
65
62
39
44
104
131
142
161
116
83
91
98
99
86
85
67
90
106
143
157
183
152
97
74
64
84
124
180
156
89
32
33
25
54
69
84
80
70
47
69
87
83
77
37
18
21
54
101
144
147
139
135
108
122
124
86
81
86
52
39
53
65
66
72
72
76
82
73
57
98
135
184
181
193
182
173
176
167
142
194
201
138
98
141
212
183
148
197
238
251
218
240
269
239
148
27
33
57
55
99
135
184
211
262
297
347
356
347
364
339
331
267
261
214
227
212
157
111
197
216
220
390
342
268
371
354
260
213
223
179
188
205
178
115
97
99
113
161
180
141
114
100
78
71
110
70
0
0
5
21
37
67
74
53
61
88
87
76
77
54
87
123
109
72
59
140
264
311
295
234
215
280
347
423
434
460
482
461
353
231
223
280
260
283
290
326
254
206
232
330
450
554
656
932
1045
1020
1049
1119
1358
1271
942
1079
1355
1316
1013
727
397
335
417
550
467
393
440
440
470
481
437
417
355
299
223
246
354
386
342
272
253
245
263
255
262
274
462
737
934
868
524
339
869
1122
886
413
331
213
89
36
47
92
98
68
48
69
70
94
139
131
103
78
64
65
57
46
34
31
45
51
57
59
69
25
16
21
25
26
12
10
11
5
9
43
82
148
206
320
508
728
843
870
696
457
432
438
484
516
509
518
572
670
797
844
923
1146
1444
1464
1420
933
792
650
794
250
276
336
458
597
521
426
366
213
254
319
391
376
328
281
264
289
319
312
336
333
347
410
465
456
400
359
354
335
303
271
262
211
196
153
165
163
197
239
228
203
168
140
167
239
201
158
48
155
230
262
213
127
30
38
86
183
206
205
151
250
346
429
424
400
309
278
273
255
251
289
311
297
260
206
241
251
203
223
251
382
528
721
854
847
560
178
296
205
101
131
191
240
320
355
413
482
489
503
489
470
463
558
670
712
737
682
590
471
413
444
595
728
736
635
709
955
1190
989
733
716
644
550
412
357
308
256
180
133
190
189
237
229
285
348
366
404
362
353
306
238
180
125
76
58
77
62
87
117
151
180
250
320
344
415
401
392
443
473
459
352
215
208
223
201
163
166
140
115
113
84
118
139
154
176
204
171
173
154
128
130
120
81
50
33
44
73
94
131
162
263
386
590
797
1007
1248
1574
1705
1770
1924
1985
2114
2024
1822
1686
1549
1304
1585
1531
1568
1521
998
935
1407
1553
1696
1394
1617
1924
1882
1414
1123
1418
1311
2055
2599
2686
2619
2395
2041
1961
1853
1840
1641
1319
1055
995
1070
884
970
1040
1082
1128
1184
1264
1373
1549
1634
1594
1474
1215
962
856
888
818
704
720
608
729
883
1051
873
716
614
479
342
369
487
666
792
890
956
1019
1008
971
966
887
826
647
518
501
696
688
461
349
212
249
325
465
827
1072
1376
1327
1182
1005
691
374
178
389
509
497
415
372
321
116
151
210
558
683
595
338
473
367
231
173
154
75
69
88
84
82
100
156
168
169
136
126
151
125
128
103
87
128
159
152
128
124
152
168
203
277
305
331
357
366
314
276
288
292
310
329
293
215
141
132
103
79
59
45
91
114
154
141
116
208
308
373
431
439
387
368
319
300
343
394
472
518
582
616
674
705
705
679
644
586
556
454
369
367
563
726
871
1033
1176
1172
1133
1080
1129
1139
1423
1525
1061
1089
778
343
319
496
620
584
451
393
535
927
1233
1172
910
803
770
1111
1391
1446
1175
1126
1021
518
1150
1414
1442
1248
807
966
920
790
522
878
1086
1265
1300
1261
1199
1082
977
762
725
645
519
498
505
456
415
314
319
414
542
803
1142
1567
1878
2039
2020
1865
1595
1461
1413
1439
1491
1485
1548
1665
1944
2377
2288
1995
1510
1459
1473
1472
1229
883
747
734
678
516
433
494
550
671
820
975
1128
1206
1343
1530
1615
1272
679
806
893
799
1067
706
727
706
611
616
608
600
491
360
406
487
520
514
463
331
121
201
392
467
441
349
262
176
229
270
213
243
436
520
481
394
320
221
178
409
488
542
568
539
512
437
384
318
326
371
420
432
363
326
383
579
767
823
868
813
653
472
269
86
104
146
336
802
1156
1477
1534
1667
1615
1498
1254
1061
958
984
912
756
548
391
224
162
198
234
281
290
265
239
164
104
153
296
444
435
330
298
404
501
565
634
625
635
604
614
646
624
614
629
657
689
755
809
846
839
802
734
632
653
736
746
661
606
567
511
540
538
531
533
499
468
441
403
412
385
327
268
274
340
441
602
721
858
972
1044
1155
1248
1381
1472
1543
1645
1693
1866
1950
1971
1944
1920
1927
1914
1859
1701
1556
1537
1497
1400
1149
799
375
338
558
785
955
1054
1149
1157
1153
1114
1099
990
908
825
727
566
452
300
161
86
44
51
129
228
262
292
273
198
154
120
67
72
67
104
96
52
17
12
21
66
126
169
181
172
142
124
50
19
22
31
63
205
274
297
269
318
352
350
435
491
472
416
316
227
105
33
8
5
8
16
43
63
42
39
25
17
38
71
74
82
99
71
23
19
14
14
7
11
21
24
11
22
22
20
18
9
12
15
31
28
14
12
11
17
21
45
82
110
145
82
73
59
74
64
69
60
39
28
35
27
42
56
19
5
49
76
76
66
73
59
42
31
31
21
21
40
79
100
112
104
124
182
234
243
217
202
188
179
148
99
86
46
28
28
17
37
43
35
25
40
80
105
125
80
34
31
26
34
87
103
108
89
83
97
86
64
60
52
36
7
15
38
57
55
64
62
72
104
129
144
150
137
135
129
239
363
393
377
321
240
219
230
249
256
310
438
555
615
621
474
338
220
337
380
218
82
29
62
63
59
38
22
26
35
36
76
113
119
80
67
77
79
62
82
71
73
76
66
24
4
2
30
67
61
61
45
17
24
48
148
248
402
478
495
513
455
304
187
261
372
533
694
880
1402
1788
1826
1659
1491
1331
1120
941
843
756
827
750
617
543
462
467
474
415
396
445
541
668
803
884
864
758
711
661
550
391
265
214
199
180
206
266
215
109
32
14
9
13
37
122
228
259
255
211
169
128
108
207
363
481
578
700
792
825
866
897
938
931
814
688
606
480
369
318
280
199
113
102
147
263
110
70
97
146
172
128
77
68
208
238
206
132
66
102
115
104
109
92
147
211
266
346
440
524
655
820
964
1070
1061
975
923
757
546
475
621
641
580
473
361
331
294
276
256
171
181
185
173
151
160
172
146
112
88
61
50
34
25
23
36
53
94
156
257
357
399
402
411
211
95
105
57
74
83
14
81
170
196
286
359
370
340
169
61
72
106
55
14
21
15
21
39
85
92
125
195
227
254
261
305
367
417
412
397
352
374
409
432
449
561
613
625
688
1089
451
399
362
306
227
231
295
366
367
282
169
120
98
117
111
88
130
117
89
98
54
66
86
50
61
95
104
81
65
58
60
51
50
49
36
34
28
23
24
36
30
20
22
23
19
13
24
58
101
94
102
97
57
31
29
37
47
76
89
83
73
74
89
98
143
200
248
282
258
257
247
235
211
245
289
310
296
289
257
221
201
209
215
243
263
291
320
343
387
438
389
421
428
355
297
355
334
309
344
404
415
405
439
443
469
429
396
324
288
223
151
95
57
44
37
36
54
85
97
89
54
48
50
51
39
75
82
104
93
78
66
85
92
125
197
216
249
320
351
387
391
403
443
443
481
419
390
358
330
257
162
128
110
116
210
251
361
495
571
601
649
666
680
755
777
805
890
849
830
777
757
658
672
587
503
421
326
258
200
155
108
76
96
128
128
75
45
12
15
15
21
22
25
42
52
50
50
46
41
25
15
15
12
11
4
6
2
0
2
2
3
2
2
1
3
3
4
6
18
45
83
164
151
135
124
119
116
72
55
39
34
38
28
23
29
23
31
80
109
95
96
157
244
305
368
439
468
411
437
496
472
452
414
450
485
535
589
642
654
654
629
563
488
383
407
464
559
560
509
491
487
482
462
452
395
362
315
287
239
192
147
165
187
220
229
214
249
431
660
937
1024
1003
899
790
725
676
623
663
709
734
684
622
528
532
603
674
777
937
968
1012
990
861
717
550
387
319
290
278
238
181
176
153
136
146
196
288
291
269
251
370
500
607
641
571
556
460
357
417
608
819
877
928
859
759
625
420
455
429
493
600
724
751
748
729
680
627
574
505
470
457
436
397
352
274
223
146
123
138
181
223
206
236
279
267
247
267
259
276
248
199
136
127
157
202
298
385
663
330
289
224
259
341
439
501
462
492
413
342
267
217
179
75
40
129
307
357
351
325
267
202
111
24
213
417
703
974
1101
906
614
332
543
580
475
287
201
207
178
135
119
133
138
164
128
105
172
147
147
146
184
198
174
109
153
158
206
111
46
46
61
68
69
90
110
87
79
80
94
104
92
47
6
3
3
3
16
30
24
17
15
30
69
69
56
37
9
34
56
86
95
89
108
158
215
213
249
279
311
321
335
368
386
396
355
329
307
309
250
214
190
188
193
137
99
75
71
88
92
84
55
2
34
89
157
140
84
44
27
27
24
24
23
30
104
273
548
699
883
881
805
720
597
590
657
680
680
629
652
659
646
606
651
730
730
678
624
582
594
564
575
563
558
479
414
382
317
284
226
222
292
344
334
320
327
336
317
223
125
91
102
139
153
151
120
91
288
529
986
1344
1564
1614
1532
1327
1000
635
615
758
930
981
1063
1226
1289
1101
908
700
509
413
226
118
251
376
414
380
337
302
265
229
216
220
199
186
183
194
203
206
252
304
295
247
204
173
135
86
62
30
21
30
34
29
31
46
84
83
92
78
19
20
122
180
139
99
79
85
93
90
102
150
175
169
153
113
103
104
137
160
193
279
402
425
408
343
272
230
243
259
279
268
210
124
82
31
39
98
199
245
276
261
241
243
244
172
143
173
251
384
490
517
473
945
1820
2585
2699
2613
2161
1317
1362
1645
1991
1775
1536
1757
1380
655
1422
1825
1590
1349
1235
1204
1567
1848
1987
1785
1524
1267
1025
722
816
784
803
576
328
340
354
381
433
457
471
482
542
485
400
344
270
181
191
208
237
302
308
327
286
249
271
258
224
276
238
195
194
166
66
24
33
30
15
4
14
51
76
72
64
21
15
99
183
219
238
209
124
44
46
66
65
94
135
166
150
179
190
127
121
277
350
367
324
266
200
79
143
287
429
436
419
687
839
821
663
456
290
271
286
232
223
287
348
396
398
417
495
545
603
646
598
577
508
456
515
548
532
507
546
609
573
497
442
385
326
222
279
273
261
278
300
277
233
204
252
347
357
368
297
346
424
503
607
854
1190
1531
1959
2343
2538
2696
2698
2704
2503
2525
2329
1799
1747
1668
1493
1206
1018
903
961
1284
1634
1867
1836
1532
1119
926
997
969
923
885
831
750
717
646
586
526
462
380
278
220
628
531
726
876
1095
1304
1338
1423
1436
1357
1163
1097
1145
1274
1351
1299
1091
963
1013
963
831
756
729
728
647
618
675
641
491
366
281
181
133
295
406
530
653
699
596
482
365
348
322
219
170
99
38
10
10
34
63
28
20
21
21
22
36
25
33
59
86
107
156
313
376
481
513
516
449
354
212
173
211
154
355
485
639
675
613
472
470
600
550
517
441
500
472
626
730
981
1040
898
700
428
717
839
755
663
543
554
532
350
275
433
707
718
583
656
809
870
1121
1402
1612
1641
1660
1740
1786
1876
1908
1812
1581
1839
2015
2095
1819
1591
1374
1112
820
790
785
712
573
438
382
385
249
245
298
436
554
603
616
693
782
631
502
498
432
446
307
216
218
250
245
66
57
100
222
278
421
556
664
665
667
687
674
752
687
566
372
146
45
172
371
525
695
792
855
969
1021
1046
1035
993
960
989
897
762
605
519
408
288
108
39
40
92
94
149
229
271
320
348
376
394
452
438
473
468
460
493
504
520
504
513
478
498
544
537
488
504
484
562
702
787
795
780
726
690
609
590
590
536
410
271
233
253
318
340
327
290
264
171
141
184
216
197
132
107
71
38
96
133
103
95
72
99
160
170
120
106
79
16
21
57
59
29
26
34
50
63
78
75
126
133
148
154
201
172
188
196
221
202
88
9
96
102
65
43
54
55
51
85
121
161
181
201
205
228
276
267
285
317
363
387
422
448
392
433
442
518
546
435
379
395
383
405
452
471
526
506
458
433
359
243
191
203
227
230
207
185
189
173
135
75
61
106
168
254
324
353
408
431
471
470
380
437
472
530
510
430
280
185
141
145
216
233
218
211
118
107
128
176
257
322
350
395
412
328
243
215
185
160
52
29
11
47
85
81
56
106
225
262
215
180
181
176
91
117
145
114
125
135
129
125
122
70
98
128
136
85
35
38
31
24
42
61
69
71
53
32
21
37
95
140
170
228
630
234
218
176
141
104
65
74
205
282
82
3
66
164
124
60
60
57
50
113
141
176
154
139
186
275
430
422
350
267
262
309
297
318
307
277
223
153
94
37
13
20
14
34
73
44
32
25
15
28
91
28
123
189
227
185
122
90
87
28
50
107
124
120
136
91
27
24
20
34
85
204
253
257
130
61
56
68
35
21
44
30
55
96
135
46
44
30
39
54
72
82
68
51
114
164
181
95
21
12
38
51
75
96
79
75
83
76
48
47
54
47
18
74
199
191
169
111
59
51
21
26
53
76
72
42
20
52
133
134
79
60
36
38
94
126
176
208
189
90
41
47
32
42
48
65
151
260
334
311
290
208
105
108
132
149
196
237
229
183
194
151
115
87
75
99
124
87
71
106
106
111
122
128
100
79
117
100
54
113
223
414
487
509
436
335
262
184
165
106
75
41
32
47
59
32
21
28
33
55
114
180
194
172
178
191
122
59
32
59
152
258
286
297
349
405
395
383
321
341
420
426
441
520
576
680
705
747
739
702
831
1003
1144
1385
1588
1816
2049
1964
1568
1048
816
910
723
600
504
422
489
549
541
389
372
447
485
553
703
752
753
740
825
926
947
1011
1082
1029
983
868
717
531
597
648
661
612
551
536
512
522
563
435
325
230
209
187
256
369
372
297
198
203
286
266
173
166
260
277
195
97
60
57
63
63
67
33
8
10
10
5
8
25
26
39
65
50
91
184
285
306
220
129
196
207
159
141
120
129
121
117
82
44
34
32
48
51
64
82
94
58
42
35
17
35
65
75
131
151
126
60
37
42
57
90
94
70
80
77
29
56
144
187
183
134
95
101
110
84
34
15
22
24
7
16
55
85
81
123
156
139
86
63
39
23
21
44
78
66
17
6
19
17
13
13
19
57
59
44
43
37
42
40
81
144
140
112
167
213
141
22
12
12
30
51
47
40
68
95
114
211
266
294
314
315
299
287
214
180
131
66
42
50
35
20
40
76
102
118
79
46
45
76
71
27
31
36
30
63
92
72
31
61
47
11
11
48
65
21
17
70
107
63
25
8
1
2
1
11
44
67
17
3
3
3
14
41
28
13
23
43
12
8
26
33
69
155
161
93
57
91
169
236
276
219
81
55
32
33
45
66
47
22
23
21
60
125
50
28
26
86
172
222
215
115
143
162
204
200
184
166
104
31
81
120
72
40
34
56
70
47
60
34
7
1
0
9
12
7
38
72
91
88
14
4
11
22
35
52
49
15
10
73
103
142
74
4
8
4
8
9
6
24
43
29
22
16
12
4
18
101
192
158
41
89
80
43
60
39
29
73
75
25
43
105
229
315
316
225
172
30
23
58
52
130
244
77
41
109
159
121
64
60
57
93
58
34
22
7
8
5
8
54
79
62
40
47
37
28
26
17
23
16
39
10
7
11
17
11
45
78
34
70
44
62
70
23
19
92
184
168
124
182
213
198
134
97
123
94
16
57
117
144
109
80
21
13
18
14
33
4
10
8
3
22
11
40
80
106
73
50
54
54
42
82
126
143
75
32
19
32
28
31
32
8
29
62
42
36
58
64
85
76
34
51
141
101
116
95
34
28
129
275
328
319
263
217
196
110
35
76
133
99
76
137
282
289
277
245
200
245
251
258
249
223
174
122
85
63
42
132
194
261
299
159
114
87
50
29
34
63
61
49
148
115
49
59
82
128
197
275
341
418
468
443
404
394
354
261
216
194
114
84
71
74
53
47
11
35
83
82
61
58
40
19
95
145
46
7
5
16
18
44
84
101
87
178
224
291
250
152
83
59
78
66
67
66
108
83
49
197
301
274
189
138
210
87
115
176
202
183
159
126
72
37
45
43
112
147
201
202
135
115
178
246
307
300
246
241
252
269
280
271
261
249
210
172
160
100
44
36
25
23
10
42
129
232
224
248
300
403
397
365
344
357
372
321
288
272
276
246
125
85
126
106
62
137
252
248
152
137
148
158
238
313
285
223
200
119
60
63
71
52
91
130
135
33
183
306
260
130
83
88
130
224
217
215
211
214
199
186
223
223
188
162
98
12
82
96
71
54
68
99
130
103
71
50
13
3
7
5
0
5
2
5
6
6
6
24
7
0
5
8
15
22
22
33
38
19
10
9
5
6
10
0
0
6
15
47
75
44
29
25
50
51
36
78
56
18
15
79
168
280
323
263
155
146
187
168
137
137
97
82
89
156
244
261
314
367
350
368
404
544
669
711
723
692
577
488
389
431
471
441
430
413
371
327
310
355
340
414
426
488
494
450
479
566
701
828
966
905
761
875
1006
966
851
716
608
563
548
432
409
492
604
569
519
347
246
153
184
259
418
546
523
426
512
557
552
585
523
526
481
432
422
459
456
470
447
363
360
271
181
163
198
220
196
198
234
298
306
363
393
392
324
247
166
125
105
100
84
117
234
266
377
440
473
419
366
317
277
199
100
33
11
3
13
7
15
20
150
22
33
40
33
13
9
42
52
51
58
35
35
21
5
2
5
8
10
11
7
17
28
59
89
83
46
100
140
90
69
51
99
123
60
38
92
181
273
334
414
493
578
621
600
572
514
478
404
310
296
286
286
244
114
45
70
123
155
140
120
129
140
116
69
83
80
44
92
129
116
136
146
131
95
112
126
118
127
122
112
116
126
151
169
144
102
56
47
56
67
91
76
78
107
104
97
78
55
51
53
60
65
60
51
35
35
14
78
124
170
185
184
160
142
120
118
72
61
53
70
80
90
104
120
127
103
138
156
176
203
191
191
160
146
146
157
202
147
56
7
4
9
23
22
6
31
43
61
90
122
104
53
48
85
114
111
93
106
51
9
50
36
35
52
89
160
198
200
174
122
98
85
78
56
34
7
8
9
25
59
101
123
115
117
169
248
343
381
374
331
262
128
100
132
112
74
57
154
184
282
354
309
242
140
68
23
15
77
173
218
150
118
127
185
329
392
368
340
320
190
28
23
22
32
35
41
89
152
115
116
167
197
136
96
82
100
80
75
39
41
35
56
75
85
81
43
42
72
40
17
32
60
153
346
314
239
293
323
303
211
216
245
180
158
147
122
74
44
63
82
63
6
49
188
329
408
365
108
173
303
199
78
124
266
359
389
343
252
139
99
135
230
187
161
130
146
140
140
192
170
121
102
98
88
111
160
235
162
66
103
201
145
78
21
58
109
131
144
140
116
129
115
85
94
114
200
223
50
7
43
76
105
133
178
209
246
242
163
90
95
95
77
109
170
179
178
128
90
62
51
73
115
230
300
368
364
274
62
64
76
81
206
348
330
295
269
212
174
246
298
239
146
172
364
466
439
362
294
300
373
367
345
292
206
173
315
412
437
348
252
122
95
190
224
190
156
121
135
152
126
122
130
127
143
230
344
420
454
397
275
148
86
117
89
148
252
304
331
369
385
390
410
417
379
334
345
340
359
445
591
665
626
642
643
576
444
313
237
163
120
134
121
87
71
77
75
61
71
109
192
165
140
118
169
166
155
91
100
176
293
371
326
156
78
105
112
123
118
142
137
97
50
14
14
16
6
21
43
51
53
60
75
68
53
84
121
96
47
57
104
154
169
147
91
52
28
42
125
158
268
155
85
142
168
131
132
189
190
75
76
74
60
95
100
136
150
178
166
264
328
284
219
150
338
401
384
336
289
252
252
254
262
320
305
141
101
226
307
256
147
104
107
116
100
138
208
259
282
181
99
72
60
67
107
209
396
442
344
134
55
59
24
44
56
114
121
58
47
85
166
191
134
52
31
82
147
238
301
345
452
503
422
353
339
269
149
85
46
17
29
23
31
16
9
14
18
8
4
78
205
142
80
89
118
67
82
76
69
48
24
12
33
47
34
7
24
19
4
15
29
40
98
111
177
230
235
245
262
275
205
97
50
29
57
121
189
288
338
290
232
224
217
244
291
251
168
136
192
387
412
388
308
232
269
271
194
129
120
135
203
174
55
73
219
236
222
179
143
162
282
256
163
134
112
108
127
110
46
34
30
36
106
270
151
57
46
90
129
232
261
217
158
111
30
2
18
46
43
31
36
60
106
192
298
460
597
645
587
527
411
311
220
152
105
127
97
33
9
25
29
11
13
14
14
18
9
0
26
67
129
144
87
85
121
81
38
38
59
50
53
54
99
116
75
55
50
121
87
77
148
134
88
109
143
171
193
126
138
132
123
143
148
138
89
53
32
6
8
47
57
6
2
7
13
38
54
113
125
115
77
86
107
148
191
204
243
364
436
488
581
695
742
772
777
748
686
647
570
450
335
235
204
142
80
49
67
81
94
97
118
168
182
145
133
142
148
178
249
303
364
393
408
441
431
411
397
409
366
383
377
353
292
258
188
193
208
161
145
68
37
40
43
43
45
41
5
15
40
74
124
236
347
462
514
543
551
517
504
467
474
514
539
546
576
627
678
719
790
862
926
992
1095
1200
1273
1272
1337
1330
1205
1093
1023
831
633
503
435
230
124
132
201
289
433
563
600
677
807
899
1034
1153
1297
1382
1397
1311
1137
1080
1184
1098
1050
909
867
816
765
715
672
653
578
535
565
556
399
314
250
191
118
92
39
12
1
0
0
17
23
52
74
56
91
121
155
151
179
185
193
227
238
297
316
371
418
461
535
600
647
746
883
1002
1076
976
805
663
594
521
484
467
345
192
60
40
92
215
253
243
302
407
491
599
732
865
921
1015
1103
1094
920
758
688
685
616
555
534
541
487
336
253
214
195
202
192
140
119
62
45
17
21
11
24
45
90
127
178
249
300
349
412
425
415
385
328
255
213
159
120
76
37
24
25
42
27
9
11
30
40
44
38
34
48
61
75
76
60
74
53
22
10
25
49
81
116
184
249
306
436
495
403
331
333
373
401
445
436
395
450
497
454
381
373
347
401
446
318
228
157
140
113
108
65
35
5
8
10
0
2
14
18
17
48
76
84
67
81
80
96
55
21
27
63
51
32
41
38
149
237
245
111
45
26
79
162
219
252
232
169
89
77
55
94
111
103
47
65
69
44
56
63
24
9
51
71
61
46
41
31
16
14
17
5
16
17
10
16
17
1
0
2
9
8
8
19
18
5
6
12
13
19
28
25
30
18
23
42
53
75
86
95
127
140
126
153
247
292
233
89
29
92
148
191
224
288
257
245
283
260
148
74
122
204
189
108
51
18
26
31
36
40
47
69
59
34
118
244
316
336
375
367
438
563
693
812
860
917
938
968
915
878
817
709
589
454
215
84
81
160
99
72
51
56
59
50
48
88
152
244
273
348
398
422
438
476
481
494
507
553
550
581
650
722
808
810
747
739
645
511
428
358
316
290
232
207
187
142
68
44
53
103
47
19
13
22
36
45
87
113
163
195
236
276
335
410
443
468
487
500
557
595
631
685
730
752
740
628
534
493
458
386
232
132
62
71
56
56
99
189
275
307
368
385
408
416
406
449
459
525
618
651
564
535
564
551
548
501
484
452
379
307
217
205
151
160
173
159
162
228
205
145
97
63
25
26
52
64
58
39
46
131
175
198
142
114
122
85
173
273
303
243
129
89
150
151
71
17
61
94
64
40
48
57
63
57
44
57
121
263
307
312
317
231
177
221
113
87
183
291
228
99
56
37
5
17
93
215
205
173
119
106
100
94
80
75
79
89
101
67
5
90
160
206
250
246
157
38
28
48
46
63
160
267
294
269
165
77
83
175
216
100
34
39
69
76
43
10
18
5
9
14
24
29
48
81
143
149
117
71
85
125
143
78
73
135
191
134
98
142
216
203
163
173
138
151
148
144
134
110
59
49
130
149
154
202
299
428
489
462
363
155
120
91
77
194
108
70
62
52
54
68
61
67
95
100
94
166
198
206
151
168
327
372
318
170
89
85
100
133
136
307
148
20
91
276
352
308
221
201
252
353
387
351
240
121
56
93
94
64
79
230
282
477
70
94
106
149
170
216
229
187
163
121
66
36
22
25
64
131
102
54
51
54
106
207
233
175
150
206
233
202
62
40
52
49
36
65
76
108
120
126
89
60
162
240
237
194
183
131
134
162
226
333
395
320
183
151
206
286
360
374
383
392
446
524
578
618
613
600
614
665
679
622
519
348
294
350
244
132
87
134
203
260
217
130
93
75
48
38
41
57
86
67
67
60
63
103
188
291
246
107
181
146
193
200
197
154
150
164
211
221
279
273
189
261
441
529
444
209
82
194
338
313
223
202
258
247
200
223
270
184
120
145
229
296
165
37
149
349
391
380
212
48
90
311
394
230
133
361
499
478
390
194
189
234
228
167
223
248
200
155
131
173
149
114
131
175
210
138
58
26
43
64
101
94
79
81
104
112
180
211
180
209
188
162
129
100
53
39
135
237
274
309
277
195
420
464
370
142
93
177
323
375
378
327
287
223
131
203
304
302
353
363
401
428
465
439
454
480
499
410
338
372
367
456
637
791
878
852
679
514
508
519
563
632
682
616
600
614
555
505
452
327
218
164
144
139
81
65
134
203
297
273
244
257
78
94
164
242
365
426
373
231
59
273
349
228
236
395
458
370
266
87
75
78
41
67
143
128
48
94
110
95
102
108
178
218
186
164
133
107
169
260
307
226
213
185
186
232
334
254
169
254
300
110
9
79
90
92
111
110
159
290
431
557
649
756
692
537
490
513
595
639
658
683
827
806
837
822
892
915
901
854
802
744
718
722
749
703
552
449
436
465
475
390
324
281
220
193
246
430
664
677
525
381
365
483
453
468
575
676
734
698
712
777
785
719
682
715
755
648
419
356
277
257
549
640
428
111
50
179
271
323
331
404
452
471
437
368
323
252
220
186
88
73
161
206
268
308
298
388
453
525
515
524
515
578
501
452
383
466
429
343
283
254
164
149
302
382
331
204
198
166
139
53
111
134
113
95
100
171
232
254
218
259
223
59
26
48
39
59
103
95
115
189
269
235
304
279
232
291
324
314
229
161
176
208
170
66
47
97
146
130
68
106
161
259
294
415
461
456
392
348
431
529
525
519
670
545
392
237
53
150
242
388
479
570
700
666
714
787
731
613
608
589
612
642
684
853
983
1012
926
621
626
692
722
635
462
311
242
198
205
317
427
459
461
326
317
614
730
767
689
616
437
253
207
184
197
299
560
594
643
686
789
732
679
1010
1417
1415
1164
845
495
499
443
416
291
163
80
121
142
118
156
206
202
172
161
142
129
126
139
227
366
424
557
807
1186
1485
1725
1967
2292
2522
2341
1977
1701
1447
1447
1212
1093
1347
1061
800
721
762
823
762
770
591
433
383
211
155
276
322
334
382
357
327
319
390
387
395
323
315
295
291
333
381
384
334
284
223
199
188
134
122
135
207
314
323
223
195
239
256
196
112
105
197
386
620
890
961
875
883
1008
1196
1225
1239
1233
1250
1148
1165
1013
1115
1150
1063
1064
951
660
623
667
619
564
437
322
368
435
455
508
534
630
805
910
919
884
942
1055
1132
1099
1088
1139
1083
1033
1009
946
802
619
362
288
358
430
792
891
951
1045
1089
1010
842
903
1197
1392
1331
1177
1090
1099
1063
996
1090
1193
1082
821
685
559
451
272
90
96
154
128
67
135
148
192
377
841
1157
1173
1137
1067
1224
1300
1373
1360
1520
1598
1529
1297
924
641
415
271
254
322
379
356
380
402
398
403
379
388
278
231
333
251
133
94
178
237
268
202
81
142
514
1051
1723
2012
2203
2105
1936
1681
1454
1399
1405
960
733
625
358
360
344
264
336
440
405
354
298
373
406
463
426
326
292
245
252
185
146
80
79
159
229
258
227
151
88
150
196
121
45
98
138
158
145
158
205
275
466
416
307
312
231
207
231
254
318
538
865
1059
1178
1219
1190
1061
901
665
353
185
149
138
136
102
93
86
85
109
122
101
92
112
96
89
77
140
251
280
258
200
132
129
98
75
47
25
11
5
19
17
13
14
12
19
42
57
32
14
16
17
25
32
44
31
42
74
102
111
116
79
29
19
56
81
55
32
34
42
51
79
67
35
6
8
33
69
82
134
209
166
99
75
62
27
44
60
151
252
293
275
285
339
384
381
360
302
266
246
179
67
46
58
53
38
171
302
298
234
147
32
29
68
151
248
327
314
202
99
37
57
73
54
30
20
31
44
26
0
0
27
15
16
34
62
69
53
22
5
25
35
39
51
65
87
97
72
42
86
211
224
186
110
96
95
126
147
251
396
464
638
754
775
702
601
366
618
1503
1146
595
1196
1257
1000
568
857
1192
1085
947
724
593
463
267
318
341
162
148
199
174
202
480
560
437
182
206
297
387
431
518
604
625
681
791
756
360
85
152
211
227
269
211
232
352
159
87
86
172
257
246
255
228
144
123
117
90
130
134
90
217
308
359
386
338
341
343
282
248
262
112
73
58
30
18
29
132
195
151
195
209
155
184
305
283
188
196
203
222
292
387
433
417
333
273
338
402
439
263
63
110
169
110
95
215
215
115
217
462
521
477
413
409
263
138
206
155
30
57
106
153
233
275
280
267
305
328
294
239
156
89
266
388
478
454
326
196
101
35
133
216
289
246
199
206
257
306
217
117
265
487
569
537
368
192
223
404
592
815
980
1008
1059
957
972
1038
1149
1231
1246
1086
984
1129
1228
1510
1869
2115
2051
1952
1732
1556
1180
703
1005
1238
1324
1720
1665
1416
1564
1476
1255
1144
1020
839
636
638
714
812
898
958
981
1075
1171
1389
1547
1628
1695
1561
1355
1168
845
451
277
132
186
207
233
236
166
125
101
81
107
138
165
275
307
337
376
357
323
254
110
52
59
98
207
289
304
270
237
292
320
296
212
192
139
67
71
70
83
54
19
7
7
13
9
15
27
5
0
7
2
9
13
3
14
39
24
11
1
17
37
40
39
40
44
39
32
57
74
63
65
52
51
20
19
38
70
65
53
49
61
59
41
44
36
48
27
10
5
9
46
60
64
67
69
47
45
38
40
46
33
5
0
4
62
90
90
100
81
84
54
26
7
10
230
74
64
48
18
29
75
94
31
6
31
19
19
13
2
6
26
74
88
82
108
173
180
353
513
568
673
933
1233
1295
1129
1295
1447
1309
890
1107
1090
933
856
731
337
718
708
559
353
633
588
453
421
415
270
167
197
262
189
51
324
488
449
447
484
467
525
576
688
783
664
487
562
785
873
919
944
869
784
852
922
1160
1400
1646
1630
1473
1085
970
852
780
684
608
565
438
397
330
256
217
208
264
257
160
34
115
129
107
259
370
403
427
439
416
397
327
207
129
400
674
953
1277
1487
1512
1216
481
791
842
794
707
597
514
384
307
251
279
329
430
462
336
310
364
380
417
382
373
309
109
35
104
128
99
43
22
9
13
9
5
5
7
3
3
16
23
23
39
64
97
111
150
165
150
167
172
203
283
356
479
550
578
509
540
217
145
85
45
42
13
0
0
2
16
22
19
16
16
12
21
7
9
9
13
30
71
151
194
189
156
100
20
0
24
31
29
23
26
11
10
9
14
20
13
8
3
4
0
0
1
1
0
0
0
0
0
0
0
0
0
3
3
7
6
14
16
3
0
0
2
0
4
4
8
4
9
8
6
13
17
20
23
25
20
19
35
47
65
56
94
93
95
109
124
97
93
104
70
46
37
37
20
14
21
31
43
56
79
104
83
100
104
100
74
55
38
30
39
42
55
76
73
67
90
94
103
110
131
170
218
266
302
329
346
317
312
342
349
325
212
148
132
133
151
159
177
217
216
301
301
251
312
383
477
615
646
650
634
603
506
406
314
227
175
95
27
1
8
35
113
182
221
292
317
321
332
284
277
263
209
184
118
75
43
9
4
5
11
14
53
84
138
187
226
255
286
370
471
526
603
607
654
741
802
831
849
718
591
576
442
322
316
351
335
276
235
147
99
65
62
36
20
10
15
9
18
13
24
17
23
23
26
27
32
47
68
106
100
96
93
113
170
210
191
125
71
9
4
9
14
7
3
20
36
57
88
99
87
84
84
71
79
105
124
129
155
160
194
199
190
106
96
87
203
363
305
148
83
118
90
83
117
164
167
173
164
157
127
145
110
60
21
8
45
106
176
186
191
228
303
350
327
313
319
286
320
298
292
376
396
315
263
225
158
86
45
52
32
26
11
9
62
105
161
227
233
190
83
78
122
65
57
70
57
52
30
48
68
81
129
133
112
103
106
121
120
113
89
74
93
135
109
49
52
76
55
33
42
42
39
62
58
72
90
93
127
138
127
79
69
69
77
81
80
52
44
78
128
160
157
261
282
297
276
187
140
91
61
49
69
140
244
281
259
174
159
206
189
188
183
196
193
222
199
194
263
284
273
217
231
212
167
152
158
113
69
37
14
7
69
106
108
105
164
181
201
240
266
246
244
257
248
191
114
147
95
59
51
202
254
296
356
351
292
218
170
162
180
202
209
212
148
120
88
93
147
90
47
58
70
88
85
70
53
31
28
29
29
127
310
492
565
601
586
519
414
383
366
320
346
423
500
506
500
399
260
183
215
380
601
673
644
585
598
809
1185
1442
1850
1897
1788
1576
1405
1367
1831
947
729
668
752
812
915
1225
1533
1770
1857
1766
1737
1658
1526
1256
1132
1097
1072
1045
985
944
817
804
754
598
557
529
461
303
201
190
199
269
311
321
358
422
561
644
707
657
515
415
471
419
325
220
233
378
486
459
456
483
409
412
461
456
455
404
321
242
147
106
243
267
279
174
114
128
139
240
430
550
599
620
652
709
667
610
495
453
455
343
183
72
71
89
121
115
88
129
131
119
109
120
95
67
49
8
5
5
4
31
35
43
33
37
35
67
58
40
52
89
91
45
70
95
107
149
183
193
175
151
191
222
168
143
143
98
49
30
97
197
246
364
456
476
446
396
355
370
309
277
217
243
278
384
408
298
249
305
317
237
196
188
153
213
284
332
404
501
582
367
248
409
477
530
628
627
560
375
352
470
525
480
454
502
545
539
442
368
281
237
237
171
263
375
482
427
276
167
23
138
249
268
256
201
125
118
169
227
262
216
132
233
465
504
462
439
436
413
335
235
160
233
258
286
270
263
340
278
217
192
318
481
548
531
466
329
235
129
23
38
170
354
434
519
534
483
449
385
265
257
241
241
294
203
91
103
118
167
182
214
215
257
282
250
298
404
403
159
88
176
199
222
191
153
136
119
79
80
94
111
93
74
84
135
166
170
180
183
233
250
236
254
289
324
353
361
400
389
279
218
183
183
143
98
121
94
75
86
115
138
82
10
53
116
108
81
75
53
27
12
9
18
30
45
100
156
216
282
274
310
397
535
599
566
539
576
605
629
596
588
568
564
559
520
494
470
459
432
415
393
388
412
429
406
393
405
389
411
397
350
369
396
372
372
421
493
569
623
604
537
494
298
158
78
23
79
126
113
163
273
353
301
336
436
691
828
938
1186
1563
1721
1865
1974
1899
1749
1690
1563
1421
1407
1284
1096
911
1094
1341
1505
1493
1416
1153
557
898
1465
1668
1645
1501
1159
587
413
806
1330
1587
1662
1484
1213
785
645
767
991
1165
1385
1528
1750
1971
1974
1730
1324
635
781
1250
1311
1063
727
341
240
433
539
468
261
290
376
436
417
295
213
250
303
298
281
225
207
183
181
206
106
40
105
100
96
84
162
231
161
106
247
272
283
285
359
335
561
545
439
313
261
255
204
182
173
140
113
42
16
14
3
46
51
69
98
56
66
62
110
190
232
277
281
309
304
420
130
140
199
308
395
434
437
412
407
358
296
206
142
90
68
51
47
66
77
66
43
37
40
40
46
28
21
31
46
43
39
27
3
8
40
105
176
197
225
266
276
284
270
308
388
466
396
168
226
400
320
182
245
361
287
124
71
115
165
163
220
274
244
211
252
251
253
303
308
278
184
121
129
123
87
74
80
61
39
67
92
96
93
124
150
204
217
250
288
300
264
220
160
171
132
95
67
63
86
140
176
178
154
126
111
144
103
77
127
146
131
72
42
55
82
105
170
254
355
424
438
487
542
617
630
685
700
1256
1351
842
902
914
960
958
988
971
923
904
874
797
738
617
575
481
382
310
224
116
84
125
236
414
594
737
908
1053
1240
1328
1349
1387
1369
1314
1282
1218
1242
1216
1194
1175
1124
1054
1038
986
983
917
841
707
548
412
392
302
223
169
184
137
118
62
105
200
147
66
60
58
51
89
169
160
123
113
85
44
18
34
108
166
167
112
91
70
44
48
62
72
41
18
37
82
169
286
311
299
207
173
140
154
162
137
123
128
125
153
150
179
224
258
270
237
213
211
205
187
163
158
152
168
144
94
57
36
54
88
95
98
129
109
88
111
114
79
65
59
40
28
42
65
80
86
126
186
267
337
408
414
417
363
322
322
332
312
302
288
312
243
171
117
118
119
269
287
293
290
292
324
327
367
334
323
383
394
329
326
285
267
208
204
204
219
172
145
117
141
160
195
176
156
124
103
72
71
83
114
94
116
102
79
113
125
116
113
248
385
496
478
445
390
312
370
334
313
308
344
404
393
431
489
510
490
516
543
588
536
452
243
116
212
216
149
132
180
196
209
278
275
279
272
233
173
176
157
183
168
143
122
86
100
125
155
158
108
98
122
136
168
149
162
167
287
358
434
508
495
406
250
122
69
49
117
191
248
252
199
118
71
63
71
58
5
19
56
110
112
89
76
150
200
215
190
147
92
41
41
70
97
121
139
109
69
57
70
49
27
62
117
75
60
34
41
60
79
74
51
24
24
20
19
9
16
16
30
38
20
38
98
91
60
38
37
24
7
10
27
41
51
71
77
78
45
12
8
14
45
56
53
23
22
18
31
27
38
60
113
152
93
33
44
67
86
94
108
119
134
122
30
4
22
32
26
22
24
23
52
30
32
46
70
75
75
86
105
76
72
91
89
83
90
83
48
45
44
41
26
60
51
25
35
39
32
57
69
56
56
82
98
50
50
49
23
2
6
7
24
47
69
90
75
39
19
20
28
42
48
59
22
11
4
9
27
26
4
9
24
31
21
40
72
114
126
147
177
183
150
89
71
47
25
66
150
143
93
163
235
207
169
101
75
47
45
20
10
6
9
9
13
8
11
51
70
70
49
41
52
82
97
126
149
191
104
9
5
18
39
29
48
35
25
19
25
68
81
99
106
71
61
122
149
68
10
18
33
53
44
75
98
128
178
131
82
40
18
37
29
27
23
28
27
21
18
40
50
67
76
55
48
86
194
251
176
41
49
79
67
59
81
85
80
63
54
81
108
52
26
33
70
64
65
64
148
239
234
240
201
133
85
64
54
69
77
170
259
267
210
168
152
104
85
88
153
242
184
77
31
37
124
155
175
168
197
334
442
443
412
423
349
184
53
48
53
44
104
169
129
133
227
246
241
196
214
209
184
224
231
198
248
341
462
601
645
536
322
213
238
225
193
173
193
238
223
200
182
141
100
129
145
161
181
135
98
48
31
55
71
92
75
69
102
109
90
41
32
13
31
107
184
176
157
239
312
141
131
146
87
24
16
59
102
111
122
118
125
102
79
55
33
54
73
58
65
82
84
53
65
40
31
23
27
18
10
16
7
16
8
6
18
37
37
35
23
34
55
84
74
38
11
9
24
52
59
82
77
49
41
65
69
47
26
20
19
32
58
95
101
124
190
196
174
234
270
278
230
227
223
267
210
162
173
180
281
352
365
345
277
192
136
72
23
30
44
46
47
45
55
68
78
66
66
70
144
231
264
318
300
158
70
130
164
170
269
314
329
265
202
246
332
351
314
113
113
187
354
423
327
272
261
247
236
177
142
201
361
530
632
675
564
352
207
146
130
149
182
241
265
120
47
106
124
126
96
48
94
143
123
85
79
78
79
120
126
102
95
94
58
46
42
81
141
139
135
55
27
17
8
22
59
115
129
102
124
177
225
173
61
91
188
182
126
141
203
258
385
409
358
258
235
162
39
62
111
95
91
128
59
116
175
339
489
459
214
192
465
489
279
159
236
233
231
234
195
104
227
302
354
127
78
116
130
160
176
286
359
379
439
477
421
473
533
555
510
434
313
236
195
125
145
268
333
263
230
282
279
294
280
290
303
282
228
436
563
649
735
656
575
658
689
425
335
491
475
536
532
552
712
677
485
320
309
321
282
263
220
217
234
226
184
152
218
399
578
663
623
389
171
222
445
526
447
366
315
422
466
409
468
551
572
467
353
402
462
556
686
811
786
606
439
245
303
448
445
453
580
544
451
426
476
328
245
392
477
495
416
356
304
355
309
268
263
269
255
228
222
222
180
99
120
216
281
257
222
228
261
332
379
371
417
392
340
337
339
300
269
251
228
191
246
282
268
207
176
149
195
345
400
443
462
372
346
368
413
432
591
733
763
637
352
289
352
371
177
61
87
102
101
124
92
151
199
220
115
55
151
190
232
291
372
431
401
510
696
637
492
566
1003
1064
721
422
316
638
507
429
508
494
355
410
522
514
338
299
351
214
158
135
76
74
98
67
77
99
184
329
384
374
254
115
61
63
38
28
63
123
138
175
269
345
368
435
494
459
400
260
412
529
498
457
486
827
1306
1565
1596
1370
891
447
720
1212
1573
1598
1289
1122
813
498
246
171
142
172
257
293
283
292
394
397
254
145
94
128
254
291
218
148
291
308
236
148
138
141
137
157
222
278
336
402
422
425
401
313
233
170
148
104
76
118
210
187
151
209
285
360
343
278
170
104
68
34
41
23
27
55
141
379
672
1183
1735
2022
2213
2087
1593
946
550
990
1389
1292
611
813
713
591
546
584
729
640
507
213
181
356
503
513
502
382
259
180
128
183
274
345
464
503
625
831
914
875
730
567
601
708
737
701
632
602
642
873
1013
1144
1256
1298
1373
1360
1284
1142
855
525
385
543
674
674
641
661
710
707
730
779
778
763
833
1112
1298
1237
1657
1559
975
542
797
797
761
587
533
482
468
393
348
343
316
317
431
585
862
1157
1181
1500
1732
1791
1590
1151
562
442
497
540
468
364
315
272
277
295
214
173
140
214
200
41
44
63
118
156
166
187
170
134
244
326
284
186
107
93
99
106
156
232
304
371
358
332
299
286
362
400
314
190
183
299
296
149
117
230
324
367
472
545
510
560
567
589
563
568
392
486
447
457
494
534
510
441
471
429
355
285
232
170
99
72
61
88
85
108
96
103
222
95
81
67
59
41
49
271
107
232
248
49
296
275
118
61
92
131
75
69
81
88
97
224
266
245
211
320
402
354
354
387
405
598
626
511
280
258
219
259
341
450
525
613
702
773
743
683
711
667
593
407
486
506
544
537
439
323
218
240
226
221
208
178
150
99
115
190
251
282
234
114
75
138
259
487
621
510
497
531
688
652
317
355
613
633
591
810
1096
1315
1180
875
957
939
703
493
422
355
222
168
304
607
961
1086
1060
1078
1057
1158
1108
836
624
414
500
506
439
271
194
167
68
93
140
228
284
376
402
422
452
537
699
754
651
630
609
495
523
614
694
599
261
72
132
172
188
236
302
371
351
318
258
188
123
149
233
166
106
87
70
40
73
57
79
138
150
233
271
292
268
266
229
157
150
238
354
394
353
330
280
316
295
321
282
231
194
205
232
340
449
597
605
427
222
93
357
599
686
589
405
426
428
240
243
178
160
184
216
215
201
174
168
181
237
315
463
631
785
935
928
753
588
593
672
660
672
692
653
545
448
441
412
339
185
78
69
49
63
75
161
237
259
271
303
297
276
203
185
180
177
161
164
124
162
146
177
244
295
392
486
610
596
471
398
351
417
456
554
601
604
516
518
474
468
389
341
189
165
265
359
439
458
380
245
193
171
288
298
295
294
396
583
740
890
996
996
971
892
812
673
533
459
445
346
305
295
234
202
147
111
86
86
81
86
82
122
175
173
154
208
263
264
123
149
180
199
195
127
83
67
57
67
91
90
65
91
134
140
153
233
298
301
322
318
263
189
124
77
67
78
64
65
30
17
57
84
153
273
353
346
348
302
211
144
125
101
86
160
196
203
159
72
71
81
86
144
146
118
76
69
87
68
39
28
26
18
4
14
64
111
123
162
101
77
151
229
130
46
24
23
80
98
183
175
145
250
354
408
371
274
221
135
84
55
57
48
58
80
140
160
189
261
275
263
281
206
181
218
208
231
250
312
492
692
870
883
826
715
681
647
665
682
639
522
426
386
393
308
252
234
233
214
265
409
498
571
563
401
244
129
164
233
237
158
87
76
68
40
67
40
33
18
32
26
48
64
79
78
68
84
111
149
158
186
182
192
179
163
158
163
171
149
120
126
111
146
108
135
106
82
85
99
71
161
71
99
86
70
46
24
20
41
61
96
140
138
130
181
186
205
247
262
250
239
217
177
139
149
169
158
83
28
45
79
94
95
68
73
81
129
177
240
248
295
347
421
437
473
489
515
578
677
680
646
571
499
371
265
222
202
139
108
86
87
153
183
172
234
254
297
309
293
228
236
202
161
177
200
130
96
74
50
61
72
50
30
32
8
11
19
17
15
41
95
92
70
51
84
128
170
190
235
239
319
401
492
548
538
479
369
297
302
296
339
358
492
555
609
587
577
541
609
685
666
705
606
425
484
907
1159
1321
1267
1171
952
805
614
753
752
757
664
719
766
683
393
497
463
425
371
354
203
110
268
335
252
190
194
380
402
361
350
421
414
361
350
306
230
222
224
185
192
181
127
97
98
78
67
78
147
289
425
471
447
402
358
479
605
690
694
752
882
794
554
269
154
110
147
178
120
136
183
192
187
148
116
145
138
189
187
350
639
987
1348
1660
1750
1760
1890
2092
2253
2190
1948
1375
492
1126
1597
1801
1888
2092
2257
2106
1906
1687
1277
1019
785
545
324
269
319
435
555
609
534
319
266
222
211
246
256
260
308
340
293
323
383
373
256
184
133
107
119
52
46
99
158
235
276
303
329
340
317
299
158
162
225
306
370
353
305
288
337
389
347
305
398
319
275
283
308
333
456
492
348
150
166
216
276
268
272
259
223
192
213
273
344
322
235
314
365
325
293
241
147
132
372
817
1213
1659
1809
1850
1816
1574
876
669
907
914
837
682
501
794
1360
1711
2057
2115
1902
1531
1295
625
828
999
846
831
1025
1595
1790
1577
1368
1575
1764
1377
1049
1126
1273
1419
1357
1592
1692
1517
1304
1348
961
588
664
751
543
478
740
523
642
661
671
658
635
552
735
930
986
839
642
350
313
425
387
274
174
167
190
242
232
228
222
244
264
293
339
367
308
289
282
196
101
63
33
75
122
87
74
163
315
417
443
465
513
573
620
653
632
669
726
806
792
733
517
305
354
312
306
375
449
526
548
717
896
961
921
840
720
735
677
736
867
1324
1925
2241
2265
2167
1527
750
825
1046
988
676
530
755
780
702
596
448
225
115
147
127
150
213
238
194
145
133
157
160
107
91
83
119
215
320
436
640
859
950
1195
1276
1000
690
475
345
389
627
843
889
699
727
758
612
277
306
587
725
873
1032
1013
604
394
412
792
582
501
561
751
870
831
696
611
761
769
781
736
796
995
1280
1334
953
1067
1349
1212
968
494
561
840
745
392
518
704
674
731
939
1139
1318
1466
1602
1574
1463
1392
1334
1281
1157
984
778
604
373
276
400
308
204
159
238
266
316
357
378
366
347
298
260
242
155
47
93
147
200
221
270
238
200
161
120
145
172
145
178
185
215
248
245
272
312
369
247
211
281
485
687
645
610
595
471
359
260
273
321
404
379
346
285
329
278
267
326
347
239
198
243
452
659
847
1039
1073
952
791
780
773
563
302
212
154
106
116
128
117
108
66
60
74
70
63
78
162
229
256
199
114
51
118
194
201
174
178
205
221
217
233
272
305
429
464
511
540
559
663
763
902
1118
1310
1387
1424
1386
1392
1366
1282
1277
1301
1272
1231
1270
1295
1329
1283
1156
995
972
1059
1160
1123
1023
881
761
687
673
706
748
792
826
820
809
931
1065
1105
1115
1114
1145
1053
1041
1012
989
966
901
774
662
501
390
368
627
786
835
841
797
746
712
776
749
747
907
958
828
962
1237
1262
1280
1245
1163
1131
1021
874
817
836
815
831
795
1603
546
409
317
194
149
107
102
99
132
130
175
305
362
333
212
230
271
230
195
127
63
60
110
104
51
18
27
66
120
132
185
216
265
268
285
317
391
440
493
479
437
301
245
159
118
116
137
156
196
229
246
211
237
244
264
294
305
302
270
192
201
188
202
209
205
187
161
91
83
95
150
208
245
310
336
336
325
301
186
146
233
150
46
98
86
108
79
64
86
172
99
34
14
9
8
24
19
136
212
245
246
230
198
201
172
194
184
159
141
141
141
178
244
308
270
268
226
146
166
223
175
117
106
174
163
145
151
183
263
262
227
165
182
190
145
76
42
41
44
36
22
24
52
95
100
63
160
216
187
137
108
89
81
60
96
102
70
61
101
124
135
72
9
10
36
132
146
155
188
159
118
82
62
37
43
28
33
95
130
123
158
168
187
210
230
208
194
176
165
156
162
161
117
69
74
125
122
73
50
22
4
14
26
20
39
35
29
13
16
23
28
36
57
65
94
129
114
63
15
12
51
122
132
147
69
17
53
107
136
157
142
173
93
38
39
119
194
203
160
23
21
68
38
114
195
210
165
59
133
42
36
123
78
6
24
119
61
29
44
39
38
145
216
268
246
277
194
226
244
274
240
125
91
80
73
113
285
333
275
202
61
49
63
77
65
40
77
61
24
31
42
26
21
46
45
45
63
115
110
42
31
48
96
100
104
59
67
101
109
68
36
46
67
30
16
33
38
38
58
68
115
145
114
82
82
100
60
37
38
49
57
121
184
155
129
164
204
168
131
89
86
136
116
104
145
182
135
75
42
33
57
103
142
186
168
142
120
96
97
108
123
144
114
84
51
10
24
93
134
122
121
156
154
164
189
157
123
104
105
77
63
169
304
268
150
143
337
454
277
99
233
488
530
474
396
374
274
208
155
238
344
337
217
164
163
209
171
108
93
93
140
169
253
297
325
292
235
132
74
59
45
10
20
11
22
30
47
30
4
20
60
96
127
139
173
151
109
26
41
71
84
119
109
134
181
195
194
221
265
353
386
346
268
262
272
231
201
264
297
246
163
180
281
202
151
259
325
370
318
276
287
192
141
203
325
362
334
319
264
182
182
137
123
123
114
121
102
80
145
201
159
92
103
126
159
207
178
129
63
78
104
58
27
23
53
148
220
236
244
254
223
188
214
297
308
308
238
219
247
258
367
649
1019
1336
1613
1635
1651
1873
1980
1946
1848
1689
1695
1667
1688
1670
1614
1556
1502
1609
1558
1498
1503
1460
1199
978
689
414
461
747
1028
1239
1380
1394
1336
1201
1092
1120
1167
1138
1150
1270
1354
1299
1224
1093
846
779
678
670
666
707
772
783
724
657
642
574
692
688
662
634
542
499
444
435
512
606
790
977
1094
1222
1349
1390
1600
1799
1963
2001
2068
2193
2223
2154
2116
2017
1932
1652
1367
1375
1543
1506
1412
1269
1192
1221
1209
1129
929
776
650
552
505
479
388
296
351
365
442
517
569
498
487
497
570
561
511
426
383
275
195
145
120
106
63
35
45
77
98
122
94
78
58
41
12
19
57
105
196
232
228
181
158
187
210
347
314
229
180
174
157
124
150
151
176
203
197
224
233
330
371
377
367
324
214
448
597
634
655
612
627
575
320
178
312
571
1053
1291
1304
1186
1040
816
562
434
563
689
671
428
610
689
687
681
743
893
1080
1101
1087
988
907
444
520
814
1054
1143
1156
1175
1212
1085
864
675
801
838
770
560
419
438
333
242
236
170
105
55
35
34
36
30
34
32
59
128
181
181
195
198
193
192
171
172
161
141
115
82
62
74
83
102
127
234
189
185
161
146
146
139
134
135
112
114
124
132
136
117
99
185
421
573
645
648
315
458
464
368
134
314
432
354
176
44
103
23
109
77
27
137
227
240
176
36
245
352
338
197
111
225
229
193
357
444
382
128
190
216
111
22
66
57
21
71
159
197
207
223
234
255
295
301
258
284
290
305
317
384
460
472
420
296
93
411
514
581
554
582
573
509
493
403
315
214
213
228
234
213
162
93
63
71
88
120
133
169
199
229
228
223
223
188
136
89
104
118
73
23
17
35
26
28
28
21
6
4
11
5
4
1
2
6
9
7
9
17
8
6
8
2
18
43
54
26
10
11
2
2
3
7
6
1
4
5
7
1
0
10
28
76
120
110
56
36
64
76
59
50
39
21
4
0
24
89
95
87
60
65
46
34
18
3
8
14
8
9
6
4
3
4
1
9
8
16
21
33
30
11
2
0
1
5
9
1
5
2
4
11
8
13
4
7
13
3
5
3
0
2
4
11
12
28
42
97
184
279
347
266
151
69
122
142
135
117
60
24
25
51
75
86
89
83
70
52
23
13
56
50
28
19
20
29
33
30
27
55
121
154
216
186
155
160
161
150
133
130
104
109
122
109
149
296
470
651
837
864
877
853
770
849
824
771
879
998
862
438
790
904
798
548
246
154
224
193
250
313
374
505
645
676
482
689
912
962
932
828
693
786
1017
1196
1174
882
645
713
610
495
311
179
108
59
73
141
186
219
262
265
249
266
255
303
1100
1809
2367
2555
2686
2539
2265
2129
2244
2092
1679
1322
984
969
921
768
522
323
293
377
550
639
540
327
95
70
245
379
408
365
296
198
141
101
47
40
40
114
150
131
152
115
96
79
46
38
57
72
64
68
48
34
22
22
26
53
103
229
351
443
483
460
391
321
247
214
247
291
357
416
437
364
320
246
231
240
289
275
283
269
297
281
232
229
231
238
232
266
439
612
800
1070
1296
1309
1363
1744
1867
1814
1651
1488
1226
925
778
679
458
236
200
261
296
358
438
415
396
377
271
123
162
213
297
315
289
217
242
195
217
258
256
159
78
96
348
503
571
573
516
254
90
15
26
148
258
323
312
295
290
319
311
245
224
159
76
83
335
458
465
445
331
254
197
86
34
120
196
222
248
199
185
193
219
206
207
153
72
160
113
166
148
147
115
91
75
88
65
25
5
11
21
31
42
26
28
27
15
19
19
11
6
6
3
31
27
15
75
79
89
126
172
139
96
32
55
69
46
53
36
25
2
0
0
6
24
25
27
37
71
124
117
63
31
14
8
9
19
19
5
2
3
0
0
10
24
12
5
1
0
5
6
7
23
34
32
31
34
14
16
28
23
39
83
158
178
159
108
97
150
178
180
206
228
188
97
97
150
165
103
40
70
170
204
194
146
106
80
74
116
198
210
207
167
169
280
416
450
418
268
276
315
401
446
422
409
380
352
336
291
240
202
187
186
198
209
180
184
164
130
105
90
83
85
85
86
101
106
89
79
79
44
21
1
5
10
34
36
44
34
51
77
84
65
38
3
6
46
107
136
145
125
52
25
0
8
60
93
81
54
23
12
19
13
12
10
3
9
21
38
17
8
12
18
31
18
7
2
2
17
45
67
59
24
1
0
2
47
89
76
72
36
4
1
0
0
0
2
4
8
12
7
0
0
0
0
1
0
1
23
49
45
55
23
0
6
6
11
16
5
27
88
108
64
72
74
73
60
49
14
25
52
55
55
51
32
12
13
14
15
20
26
46
61
53
37
13
10
8
7
18
13
15
68
70
65
103
143
100
10
10
28
66
127
149
174
211
200
150
104
52
32
52
49
91
141
125
123
148
148
295
354
320
186
90
58
32
19
43
141
206
216
198
146
130
73
26
16
18
19
15
9
11
12
16
50
143
169
124
81
42
47
65
92
159
302
487
631
840
850
806
739
778
805
858
830
770
692
734
779
723
587
423
284
192
184
222
255
384
473
540
587
586
552
457
332
217
215
172
192
298
419
431
404
387
368
391
380
390
452
449
424
401
361
278
200
145
58
122
194
242
212
161
124
97
80
86
94
71
42
48
27
17
25
61
82
91
128
127
150
178
265
384
393
386
338
369
428
427
420
384
321
322
349
409
510
569
592
516
490
612
697
798
930
960
965
997
996
993
970
837
676
596
496
423
295
193
168
188
177
94
18
58
178
193
205
225
204
170
109
124
198
261
287
301
211
152
219
369
453
435
400
253
288
272
315
372
379
291
244
332
446
484
445
392
464
489
446
412
285
289
501
696
816
894
1095
1264
1336
1834
1408
1265
1158
949
784
665
429
306
261
271
273
303
284
275
259
306
325
324
376
443
421
397
339
238
131
59
117
171
220
262
148
75
69
100
116
90
70
33
30
88
144
148
93
68
80
78
54
15
16
10
71
141
102
101
165
265
423
732
889
1093
1158
1269
1431
1356
1282
1263
1114
960
860
777
532
178
119
140
275
295
237
209
203
110
149
373
510
502
431
358
249
198
213
365
456
529
522
452
327
241
332
399
372
249
184
242
244
246
251
209
137
64
95
127
110
104
157
146
136
160
177
203
262
308
288
287
272
390
353
223
180
187
315
344
348
285
226
135
87
101
98
123
182
302
227
189
125
83
61
154
333
485
505
507
405
303
294
224
187
125
142
148
226
244
139
76
79
123
212
190
153
155
260
254
183
158
117
102
89
77
87
81
86
142
187
230
242
367
424
374
322
215
390
432
444
490
390
214
109
63
114
228
417
574
605
639
765
782
692
675
620
576
533
467
465
456
463
395
378
351
345
316
239
206
97
35
42
97
69
44
25
12
32
71
92
64
125
177
292
410
602
876
1123
1372
1529
1585
1447
1185
903
832
932
881
552
544
658
788
961
1096
1205
1243
1281
1097
937
772
482
333
210
223
239
279
357
368
351
252
138
233
305
284
244
240
283
392
421
453
402
458
524
542
498
554
573
546
493
430
353
306
297
238
139
85
90
154
216
283
366
410
500
503
391
268
191
127
95
129
154
241
413
492
557
549
574
598
594
638
565
616
630
540
496
440
357
343
303
286
268
253
258
278
233
157
162
177
171
144
46
56
140
169
224
286
335
337
308
367
443
490
410
371
272
253
292
314
217
163
130
84
99
180
241
232
207
141
127
117
120
189
167
118
43
25
58
124
157
188
150
77
61
34
18
15
22
105
131
93
61
32
27
14
25
54
57
48
73
54
36
25
54
86
81
143
180
125
85
66
19
10
5
5
22
83
81
63
56
42
30
10
8
4
5
4
10
40
65
78
85
120
90
30
108
229
435
622
653
545
419
281
388
492
543
514
513
420
375
358
417
385
296
236
284
300
347
342
253
182
107
155
193
249
199
149
108
111
137
153
136
79
38
21
50
105
124
119
61
21
68
108
152
187
230
305
301
271
224
203
163
123
89
85
64
39
39
59
50
92
26
26
10
18
48
118
230
341
478
553
616
727
769
721
732
851
1010
1262
1461
1499
1493
1192
1129
943
828
622
515
655
693
505
394
571
542
472
612
874
1064
1341
1517
1562
1533
1411
1186
901
712
657
625
576
579
568
566
515
451
405
366
317
371
412
395
385
398
361
358
344
242
191
115
160
259
269
155
46
88
64
22
23
31
33
54
58
34
31
61
52
51
77
86
143
213
221
204
159
170
141
171
154
98
66
38
76
192
329
580
702
575
299
107
149
404
756
1307
1689
1751
1533
1524
1546
1490
1285
888
626
523
429
433
481
509
512
555
698
911
1028
1203
1388
1569
1725
1794
1797
1632
1346
1029
748
671
629
586
600
606
598
612
587
522
434
308
246
187
177
159
142
112
130
152
179
160
79
33
101
240
312
325
268
199
186
283
356
465
611
722
810
920
995
1026
1032
964
988
958
935
904
834
732
629
544
473
488
511
521
478
339
168
109
278
442
737
1202
1419
1559
1602
1393
1246
1166
997
778
721
582
459
341
289
228
162
161
170
180
291
367
439
474
460
333
496
669
691
654
320
366
423
313
162
229
282
91
238
287
190
108
218
222
71
234
314
296
202
109
310
402
343
175
315
288
175
84
89
30
44
111
103
65
53
53
49
74
124
172
218
270
310
346
374
393
369
273
180
130
62
46
49
111
187
249
319
360
445
583
621
620
608
573
504
495
462
392
264
137
122
121
145
122
101
102
118
143
177
187
210
230
272
325
327
350
325
346
316
215
114
89
107
158
249
417
831
1016
1053
1136
829
364
801
735
442
203
387
447
347
237
785
1257
1069
997
1021
1063
1036
926
764
699
752
800
867
1072
1346
1635
1734
1922
1577
983
765
725
654
715
810
768
657
498
407
267
297
399
414
344
174
75
130
158
156
146
142
116
108
117
122
144
120
118
94
75
59
82
93
71
50
45
59
87
94
126
165
173
164
245
406
642
848
930
935
800
631
855
1217
1535
1645
1570
1565
1240
1270
1210
1193
1047
1020
1176
1287
1327
1200
1057
993
834
723
622
719
673
571
482
342
201
137
209
292
329
351
345
294
250
263
290
271
257
224
184
169
175
234
233
176
83
50
140
266
259
239
165
140
201
271
359
377
394
304
225
235
234
286
346
350
282
222
202
323
288
233
181
174
192
233
310
328
258
160
134
103
76
63
40
42
76
129
152
339
90
111
243
418
570
762
831
850
1058
1180
987
758
483
228
198
273
334
319
342
357
406
398
425
397
400
411
364
366
301
291
299
313
252
207
222
319
366
377
286
134
84
181
196
199
347
476
635
911
1282
1775
2191
2126
1722
929
1218
1135
1017
765
641
446
359
359
253
271
262
292
257
272
323
334
360
319
309
300
308
351
330
300
284
249
235
239
252
234
225
240
382
757
1034
1104
1091
1187
1004
532
679
798
881
911
829
695
465
328
224
188
141
105
88
94
73
73
163
262
453
645
905
1145
1215
1201
1015
786
486
446
520
484
346
341
491
608
755
1034
1460
1902
2357
2252
2276
2119
1842
1835
1756
1561
1327
961
661
742
877
868
844
713
487
332
472
557
556
515
450
355
336
459
498
447
403
297
244
196
291
372
400
429
479
544
616
603
591
517
543
503
432
463
521
608
710
815
782
814
802
758
810
784
679
515
446
563
670
787
799
801
791
713
725
707
608
444
277
290
429
574
695
810
892
875
795
737
757
718
634
537
449
325
446
812
1197
1474
1604
1564
1535
1491
1404
1365
1351
1372
1388
1406
1472
1376
1190
1011
935
749
553
475
504
383
198
163
184
142
119
170
265
296
271
318
319
268
219
208
185
119
42
41
120
242
308
332
279
196
179
167
144
148
180
224
265
205
211
304
284
329
344
349
423
492
530
557
521
517
481
394
260
197
145
113
69
64
73
127
120
66
50
93
144
173
192
170
220
276
289
270
136
96
211
261
279
243
158
22
9
14
25
35
29
14
17
24
42
64
78
110
82
60
59
52
100
133
148
111
116
172
191
180
150
224
278
344
372
345
244
169
155
93
76
70
78
44
32
56
41
18
6
9
33
35
62
66
19
20
51
111
121
85
31
56
84
104
80
48
35
15
1
10
10
7
15
33
52
40
5
12
7
5
1
4
23
15
20
47
67
67
50
52
82
118
143
143
73
44
121
135
137
80
36
3
10
23
39
56
96
82
61
49
17
18
24
56
53
65
56
57
32
25
33
44
47
71
71
76
84
83
85
87
171
178
214
263
233
187
225
208
150
57
38
83
81
109
277
381
402
315
191
168
84
55
85
42
38
151
310
412
579
767
787
866
885
639
256
634
772
804
770
746
660
387
340
218
233
185
161
237
237
209
144
64
34
72
151
166
119
121
132
238
42
116
204
210
190
244
226
209
237
234
217
220
224
175
151
76
74
101
163
164
200
216
170
100
51
32
37
84
174
303
517
484
422
345
287
380
556
639
664
674
719
763
761
590
412
522
553
371
300
278
235
214
208
218
289
409
496
467
439
425
417
428
345
191
60
29
12
36
55
69
50
15
33
48
35
33
35
15
15
26
25
39
72
96
125
130
137
149
172
282
220
176
156
158
130
171
182
166
172
171
167
149
144
166
145
127
120
115
92
98
86
71
25
13
61
106
96
66
10
2
17
24
33
34
49
15
2
37
57
65
41
12
16
12
13
7
7
16
29
34
68
107
152
165
235
323
300
208
150
284
524
643
627
564
405
217
159
159
118
121
170
240
390
412
271
139
135
173
327
358
302
170
183
260
387
402
342
264
332
348
302
309
304
295
257
255
206
166
127
83
65
47
61
122
220
382
539
567
565
555
501
329
252
338
384
491
493
411
250
197
79
35
48
103
142
139
154
95
61
33
47
109
146
128
50
39
36
27
30
45
98
148
131
147
114
97
71
55
48
35
15
14
17
13
10
15
12
7
8
12
14
21
20
47
87
62
57
61
67
68
37
26
20
16
14
3
0
15
26
13
7
4
6
12
28
52
33
37
55
70
44
10
16
30
26
10
1
0
1
15
23
26
45
64
108
126
110
68
37
12
13
7
18
18
21
17
19
17
16
3
6
16
16
13
3
1
0
9
95
90
25
21
46
98
141
125
117
119
109
104
109
137
178
136
123
110
94
98
96
98
134
155
129
99
76
72
85
77
45
42
61
47
42
24
15
17
30
48
50
22
6
4
21
48
62
71
79
93
57
10
22
82
41
16
21
14
18
55
58
17
22
59
58
98
109
34
21
27
25
26
22
17
22
30
29
13
3
11
28
37
118
183
170
180
173
161
154
165
143
111
110
135
155
141
130
112
100
137
127
59
63
124
152
132
132
182
199
174
148
101570
101298
0
0
0
0
0
0
0
0
0
0
0
0
0
0
0
0
0
0
0
0
0
0
0
0
0
0
