142
27
34
32
247
248
322
80
301
78
324
284
21086
79
60
75
143
239
311
353
406
440
429
333
188
93
73
81
113
158
179
210
259
310
354
429
550
683
914
1187
1426
1749
2099
2354
2678
2982
3232
3447
3558
3564
3489
3501
3478
3513
3437
3280
3090
2910
2616
2401
2084
1854
1619
1429
1313
1054
779
544
365
213
125
216
430
687
856
1003
1143
1352
1563
1819
2060
2251
2510
2765
2990
3376
3835
4138
4352
4627
5028
5218
5164
4837
4085
3274
2632
2428
2394
2328
2246
2065
1838
1537
1185
945
709
508
404
266
275
272
360
415
613
772
928
1080
1088
1143
1152
1120
1069
963
808
655
508
429
357
306
267
241
155
53
110
136
154
134
143
121
116
100
156
279
518
821
1246
1689
1952
2195
2307
2323
2258
2088
1932
1550
1074
440
531
1127
1518
1821
1998
2093
2215
2326
2213
2173
2045
1787
1197
506
753
668
503
340
314
367
437
410
333
191
65
171
197
123
97
103
88
70
46
33
18
3
1
14
24
26
56
110
141
141
105
112
153
172
191
133
88
64
33
42
55
82
56
21
4
0
12
41
60
69
98
186
288
378
394
448
402
321
226
143
70
33
19
5
2
4
19
12
9
16
31
43
58
49
36
15
6
6
3
9
49
113
196
239
249
237
258
261
297
285
260
243
250
227
208
223
219
165
104
50
2
23
38
28
23
24
5
16
2
7
17
20
9
2
1
0
4
5
3
4
47
92
106
94
97
124
135
144
163
141
114
72
23
18
21
26
19
24
24
36
59
92
107
100
67
46
8
4
1
0
0
0
1
0
0
0
0
1
6
1
1
0
0
0
2
10
26
136
293
369
321
237
114
28
2
20
103
171
141
43
43
96
125
66
21
40
99
116
77
25
23
4
19
39
55
30
32
53
67
103
109
97
82
56
53
24
16
4
10
46
105
141
119
112
83
71
87
109
104
138
157
148
156
157
138
98
32
1
0
3
17
48
83
113
122
127
143
125
72
58
61
48
24
27
47
40
22
16
21
20
53
85
63
31
89
134
95
89
68
271
193
111
178
109
0
158
232
49
100
80
55
32
58
1
2
2
6
7
2
4
17
18
10
2
4
4
2
2
2
0
1
3
6
2
0
1
0
8
10
9
3
1
6
9
13
17
5
2
2
3
2
5
14
13
0
1
6
7
4
3
0
4
0
0
0
0
0
0
0
0
0
0
0
0
0
0
0
0
0
0
19
5
1
0
4
4
0
0
4
1
1
0
0
0
0
0
0
0
0
0
0
0
0
0
0
1
3
5
3
0
0
0
0
0
0
0
31
213
365
409
310
93
26
50
75
55
59
59
51
22
18
32
62
63
29
15
4
5
35
135
355
685
1061
1509
1940
2202
2404
2407
2256
1989
1911
1789
1523
1312
851
372
699
1485
2111
2579
2936
3159
3007
2816
2544
1947
1225
877
1199
1438
1330
1044
801
723
709
659
510
291
320
514
675
732
613
253
113
181
219
190
138
87
59
74
111
160
202
223
231
191
25
106
278
392
444
480
481
446
358
259
137
14
37
164
263
333
342
192
18
8
19
32
49
42
23
12
6
4
11
7
0
0
0
1
0
0
0
0
0
0
0
0
0
0
0
0
0
0
0
3
4
11
4
1
0
0
2
11
1
2
6
4
1
0
0
0
7
17
38
50
49
57
32
24
47
52
34
35
30
33
20
7
8
2
6
2
2
1
0
0
0
0
0
0
0
0
5
9
0
0
3
2
5
6
4
2
0
0
0
0
0
0
0
0
0
0
0
0
0
0
0
0
0
0
0
0
1
1
4
6
11
7
8
9
6
10
17
21
20
12
13
15
20
19
17
14
11
34
84
199
331
414
422
381
303
237
168
148
124
117
72
39
17
19
49
88
110
137
175
201
225
215
278
328
379
423
387
345
306
265
326
452
467
363
208
181
156
132
102
106
71
49
16
0
2
1
4
3
0
0
7
15
1
3
6
5
1
0
0
0
1
0
1
0
0
1
7
19
15
12
16
16
5
10
3
9
4
0
0
0
0
0
0
0
0
0
0
0
3
1
0
0
0
0
0
0
0
0
0
0
6
53
202
344
468
525
538
486
396
312
287
258
246
250
254
220
210
155
106
79
116
237
377
496
581
663
788
879
851
880
1028
1131
1039
794
633
734
707
705
636
506
357
470
794
773
579
498
438
366
287
161
37
100
150
142
91
74
11
3
13
5
5
13
11
6
0
1
6
15
15
3
0
0
0
0
0
0
0
1
0
0
0
0
0
0
0
0
0
0
0
0
0
0
3
9
8
3
0
0
0
1
1
2
0
1
2
4
5
8
10
7
6
0
0
0
0
0
0
2
33
89
130
148
163
212
307
459
613
795
1023
1140
1206
1250
1472
868
835
799
794
907
988
1046
999
788
608
1089
1654
1939
2221
2348
2383
2414
2340
2130
1733
725
1069
1304
1366
944
767
681
678
684
590
414
170
165
342
504
484
136
52
77
52
61
45
6
11
68
120
132
131
145
127
75
21
50
106
117
134
135
118
117
90
72
50
18
6
61
115
180
229
198
98
51
196
244
224
164
114
128
161
236
329
416
559
730
1013
1196
1296
1299
1237
1121
950
719
343
204
342
493
555
616
543
430
238
70
30
55
91
123
265
399
661
884
1024
1289
1503
1571
1456
821
377
660
891
897
552
328
344
377
391
347
197
111
242
319
246
85
38
38
57
66
51
17
1
0
0
3
4
4
4
1
0
0
0
1
0
1
1
1
0
35
77
122
130
132
152
120
120
180
240
381
638
846
894
842
700
558
433
464
485
592
747
915
889
813
779
750
600
84
374
323
246
210
172
123
75
32
58
153
226
268
280
166
5
83
143
188
190
167
120
62
10
5
31
92
104
94
71
22
4
12
15
17
26
14
8
0
7
29
44
80
100
99
57
43
57
40
15
16
10
13
10
18
19
19
3
4
0
0
2
12
8
14
22
220
46
56
53
63
41
22
17
7
9
3
2
0
0
1
4
8
10
12
23
30
26
15
16
9
13
18
39
59
83
135
240
416
521
656
640
530
694
501
484
698
719
695
676
535
492
497
423
237
297
333
350
430
628
744
647
487
463
571
632
591
691
799
848
910
1083
1519
2116
2852
3575
3883
3820
3680
3572
3388
3238
3069
2788
2563
2354
2298
2232
1865
1551
1385
1368
1310
995
545
646
898
789
547
468
487
494
566
657
781
881
855
735
531
360
268
465
614
609
544
489
379
236
215
267
322
395
496
446
351
307
321
327
296
239
192
142
151
149
160
162
216
281
325
244
176
104
55
85
178
213
193
166
106
72
40
19
14
14
9
7
6
9
15
25
20
29
23
53
58
59
70
57
67
66
59
43
14
18
24
22
9
7
1
0
4
1
0
0
0
0
1
0
1
2
0
0
0
2
0
2
4
3
0
0
0
0
0
0
0
0
0
0
0
0
0
0
0
0
1
0
6
34
13
21
19
21
9
6
2
0
0
3
1
2
0
0
0
0
0
0
0
0
0
0
0
0
0
0
0
0
0
0
0
0
0
3
32
114
355
629
921
1920
1265
1067
864
606
447
331
240
138
107
106
110
135
150
161
145
93
41
60
39
9
7
7
2
0
0
7
24
48
67
83
82
92
94
101
127
125
139
205
264
315
368
415
408
424
383
326
265
187
139
89
75
46
42
62
108
177
253
327
289
317
326
353
420
578
800
970
1097
1087
1027
974
756
500
240
91
59
46
65
101
91
98
88
67
44
26
27
8
12
35
45
70
83
56
39
38
28
16
17
15
17
3
5
3
2
1
7
7
13
37
24
9
3
3
5
6
5
86
128
98
55
61
66
53
51
43
30
13
0
0
0
0
0
0
2
24
52
55
58
56
9
11
9
4
1
0
0
0
0
0
6
0
0
0
0
8
14
20
31
54
99
174
223
258
335
426
495
645
727
889
1025
1040
997
857
583
336
288
297
404
568
659
660
434
170
222
199
110
51
143
239
317
332
287
208
124
83
61
56
36
38
30
31
30
32
29
28
31
28
20
17
13
57
64
49
37
36
28
54
111
82
73
47
52
74
65
52
24
20
17
4
2
0
7
18
26
26
26
20
27
29
17
20
18
11
11
13
15
9
0
0
0
0
0
0
6
17
15
20
25
25
22
9
0
0
0
0
0
0
0
0
0
0
0
0
0
2
28
131
229
209
109
50
61
42
16
3
0
0
0
0
0
0
0
0
0
4
7
9
4
0
0
1
11
10
6
3
2
7
13
5
6
5
5
3
0
9
16
30
38
44
67
97
64
37
32
25
18
9
0
0
0
0
2
2
5
2
7
4
9
14
16
26
18
13
17
12
17
48
119
218
272
355
394
377
341
261
178
101
39
13
7
12
28
53
48
49
41
39
21
6
1
4
4
3
0
1
0
2
7
28
65
85
73
86
155
209
218
274
381
464
552
629
656
708
680
600
494
363
240
73
75
203
338
526
609
672
687
726
654
600
642
614
538
385
451
482
438
349
225
238
378
417
422
603
750
813
943
1001
1091
1082
1109
1221
1360
1527
1671
1783
1795
1829
1783
1707
1551
1329
1112
854
575
331
83
49
58
44
35
59
75
77
68
62
94
131
135
163
145
115
74
57
52
58
110
171
228
314
392
430
505
518
576
594
672
692
732
758
755
709
632
537
539
443
380
234
161
81
23
4
0
12
13
6
14
33
41
45
54
292
110
124
161
237
258
271
306
306
306
317
309
314
308
309
319
310
316
327
301
307
286
261
242
228
190
144
128
100
58
59
45
37
25
30
29
45
68
78
84
98
130
129
140
135
162
166
159
191
189
201
201
209
235
276
293
278
284
234
237
270
278
271
301
333
328
321
305
241
147
106
57
20
4
5
13
59
152
208
124
3
91
164
66
74
175
100
59
113
147
132
128
193
264
270
277
260
300
260
324
385
432
534
601
638
675
703
757
721
814
793
766
735
603
483
376
319
299
259
298
248
255
220
207
194
194
227
240
279
326
349
349
337
383
397
512
572
580
553
459
345
245
80
108
122
162
240
326
309
233
112
98
106
154
191
276
301
295
270
230
183
144
101
94
92
57
34
28
15
12
31
13
9
16
18
21
24
36
8
9
4
3
10
0
0
3
0
0
0
0
0
5
13
10
11
13
11
12
26
40
54
53
56
47
45
48
41
33
37
40
31
25
33
38
38
32
28
28
25
36
44
46
43
25
5
23
34
50
38
31
29
22
9
6
3
7
13
28
46
58
107
168
263
436
743
1120
1430
1563
1635
1949
2183
2691
3326
4190
4874
5339
5681
5985
6030
6033
5753
5214
5205
4804
4310
3244
2966
2830
2159
1565
1170
979
1196
1059
838
732
678
845
853
628
612
939
1471
1809
1938
2022
1738
1545
1230
1270
1244
1120
1019
846
861
828
675
812
868
634
343
407
582
629
630
559
394
181
133
87
32
0
9
11
9
14
32
51
80
98
163
282
424
478
380
184
141
211
223
193
125
50
37
30
20
15
9
7
8
9
12
16
20
29
28
24
27
28
36
50
57
53
38
22
15
16
17
16
12
10
13
18
11
5
5
1
1
2
0
0
0
0
0
1
1
0
1
1
4
1
1
0
0
0
0
0
0
1
14
0
0
3
2
0
0
4
6
10
12
16
42
49
77
109
133
115
67
33
19
15
8
14
15
14
7
0
0
0
0
0
2
0
0
0
0
0
0
0
0
0
0
1
1
0
0
0
0
0
0
0
0
0
0
4
25
3
0
0
3
5
2
0
0
0
0
0
0
0
0
0
0
0
0
0
1
0
0
0
1
2
2
2
13
40
39
22
12
5
0
0
1
2
0
0
2
2
6
4
3
2
5
19
10
5
6
7
9
3
0
2
5
2
0
1
0
0
0
1
0
3
7
14
16
15
27
66
45
22
32
30
18
12
6
1
0
0
2
8
20
36
78
115
162
213
253
342
343
423
454
471
481
444
458
456
392
376
356
351
331
321
304
626
583
251
225
251
242
229
222
187
162
164
152
137
150
159
165
190
158
175
197
208
224
190
164
150
137
115
95
76
78
80
90
84
72
71
102
89
91
94
95
100
83
108
59
63
53
44
11
8
9
5
1
2
3
4
4
8
11
8
8
6
10
12
14
11
5
1
0
0
0
0
0
0
0
0
1
0
0
0
0
0
0
0
0
0
0
0
0
0
0
0
0
0
0
10
8
0
0
2
3
0
0
0
0
0
0
0
0
0
0
0
0
0
0
0
0
0
0
0
4
1
11
3
3
5
5
5
4
15
14
5
3
2
0
0
0
0
0
3
2
5
0
6
14
4
0
3
3
2
1
6
7
4
2
1
2
1
0
0
0
0
0
0
0
0
0
2
11
30
43
76
155
176
223
237
228
224
211
227
214
201
217
212
175
197
180
130
108
89
69
43
19
9
24
59
83
52
21
11
4
0
0
0
0
0
0
0
0
0
0
0
0
0
0
0
0
0
0
0
0
0
0
0
0
0
0
0
0
0
0
0
0
0
0
11
56
26
0
16
87
142
119
48
11
0
0
12
34
36
15
5
18
48
29
5
1
11
7
0
76
192
169
122
69
51
72
110
126
108
104
84
70
70
73
97
104
81
70
129
180
200
222
171
155
147
148
166
200
230
270
315
306
262
210
161
143
102
75
41
32
18
15
2
1
0
0
0
1
13
19
26
15
4
5
12
13
7
1
0
1
3
2
6
4
0
2
0
0
3
10
8
4
1
0
0
0
4
17
16
22
12
4
2
11
15
44
102
186
190
115
57
16
17
25
21
34
49
47
31
22
18
32
29
14
14
11
0
0
0
0
0
0
0
0
0
0
0
0
0
0
0
1
1
0
0
0
0
0
1
3
2
0
0
0
0
0
0
0
0
0
1
0
0
0
0
0
3
0
0
1
11
48
59
17
5
14
13
11
15
7
20
34
50
49
53
60
59
65
73
75
74
61
70
74
70
56
67
53
43
18
10
13
19
10
3
1
1
2
1
9
0
0
2
2
1
0
0
0
0
0
0
0
0
0
0
0
0
0
0
0
0
0
0
1
3
1
0
0
0
0
0
9
13
0
0
3
2
0
0
0
0
0
1
0
0
0
0
3
2
2
0
6
9
17
25
46
60
88
82
79
56
67
63
40
23
23
14
7
2
2
5
6
25
51
72
109
128
135
165
156
162
138
124
119
62
45
37
27
13
9
2
2
2
1
1
1
1
0
0
0
0
0
0
0
0
0
0
0
0
0
0
0
0
0
0
0
1
0
6
1
1
0
5
45
68
28
247
305
146
41
23
8
23
105
30
1
16
15
8
49
56
29
40
42
32
39
64
36
26
29
28
24
9
4
41
40
37
24
15
17
27
21
27
64
69
102
155
187
268
305
307
292
251
221
191
179
168
161
139
155
247
390
636
892
1080
1470
1719
1782
1882
1982
2355
2641
2986
3047
3046
2922
2709
2519
2370
2319
2326
2322
2273
2163
2081
1988
1903
1767
1646
1362
1168
949
639
458
237
135
76
31
23
19
25
32
25
29
31
25
20
29
18
13
5
8
1
0
0
0
1
6
12
24
39
45
39
68
106
143
154
153
148
118
87
78
47
43
29
14
7
0
0
0
0
0
0
0
0
0
1
0
7
1
12
14
26
33
37
38
40
50
51
56
52
45
47
48
54
57
56
42
41
38
40
34
19
18
28
31
32
18
6
5
19
21
19
19
8
0
0
0
0
0
0
0
0
0
0
1
8
12
7
13
5
2
3
2
1
3
3
3
0
1
0
0
0
0
1
1
0
7
2
3
1
3
11
12
12
19
12
1
1
3
1
6
8
2
6
0
0
0
0
2
0
0
0
0
0
0
0
0
0
0
0
0
0
0
0
3
6
14
30
30
24
20
12
2
0
0
0
1
4
4
17
33
57
84
89
56
0
69
161
110
2
59
132
100
30
0
74
145
139
67
18
15
12
10
54
87
107
113
75
71
40
41
22
15
14
9
9
14
4
2
4
2
1
0
0
1
1
0
8
1
0
0
0
0
0
0
0
0
0
3
10
12
18
21
20
28
29
38
33
24
26
25
43
44
65
126
199
239
240
181
149
89
42
22
19
12
12
13
57
171
253
223
163
72
44
31
2
0
0
4
14
57
112
178
232
214
197
184
126
179
15
5
1
6
2
0
1
0
0
0
0
0
0
0
0
0
0
0
0
0
1
0
3
0
2
3
28
68
69
71
76
95
60
42
43
33
26
14
7
7
2
0
0
1
3
4
2
1
1
4
4
0
2
8
6
13
10
14
13
11
7
10
16
12
5
1
1
4
1
1
0
0
0
0
0
0
0
1
0
0
1
0
0
0
0
0
0
0
0
0
0
2
5
5
5
6
12
9
11
11
2
0
0
0
0
0
6
7
0
5
18
30
10
6
25
8
0
1
14
12
10
5
2
2
5
8
12
17
7
0
6
0
0
12
11
5
1
0
0
1
1
0
1
3
3
1
0
1
0
1
1
1
0
0
0
0
0
0
0
0
0
0
0
0
0
0
0
0
0
0
0
0
0
0
0
0
0
0
0
0
0
0
0
0
0
0
0
0
0
1
4
2
2
2
3
0
0
0
0
0
0
0
0
0
0
0
0
0
0
0
0
0
0
0
0
0
0
0
0
0
1
0
0
0
0
0
0
0
0
0
0
0
0
0
4
5
4
8
4
2
3
10
5
2
2
0
1
0
1
0
1
2
4
9
11
14
19
16
17
21
20
16
10
11
8
4
0
0
0
0
0
0
0
0
10
18
21
38
82
91
125
128
142
139
141
119
95
86
63
44
26
8
0
0
0
0
0
0
0
0
0
0
11
11
0
2
2
0
0
0
0
0
0
0
0
0
0
0
0
0
0
0
1
0
0
0
0
0
2
7
4
2
5
8
11
15
15
14
19
51
106
164
181
154
126
96
47
31
15
0
0
0
0
0
17
18
3
9
6
9
7
2
0
0
0
0
0
7
9
0
2
5
2
0
0
0
0
0
0
0
0
0
0
0
0
0
0
0
0
0
0
0
0
0
0
0
0
0
0
0
0
0
0
0
0
0
0
0
0
0
0
0
0
0
0
2
0
0
1
0
0
0
0
0
0
0
0
0
0
0
0
0
2
6
7
3
4
8
17
19
31
36
49
51
70
61
61
72
94
92
110
118
145
183
204
193
233
233
232
192
120
76
31
17
17
20
9
10
9
4
3
10
9
4
1
7
15
21
16
20
29
44
40
53
42
46
54
47
36
12
30
43
73
114
145
149
116
90
66
221
83
173
250
338
427
454
485
484
445
384
235
97
55
38
28
20
30
34
22
41
59
64
74
92
170
184
204
235
309
345
411
450
475
504
452
441
402
331
242
194
183
129
109
89
29
21
12
1
4
0
0
1
0
0
0
0
0
0
0
0
7
24
24
22
52
77
120
117
139
108
73
42
22
20
29
5
0
9
4
1
0
0
0
0
0
0
0
0
0
0
0
0
0
0
0
0
0
0
0
0
0
0
1
1
0
0
0
0
0
0
4
6
18
17
0
8
36
6
0
0
0
0
0
0
0
0
0
1
6
7
3
1
0
0
3
4
5
1
2
0
2
4
6
5
7
17
23
26
26
28
42
40
49
51
85
108
81
120
127
110
73
45
23
37
25
38
23
11
5
0
0
0
3
2
7
10
18
33
45
30
12
2
0
3
6
3
0
0
4
4
0
0
0
1
0
0
0
0
0
0
1
11
24
32
33
34
15
21
14
9
1
0
0
0
3
0
1
9
15
24
39
82
92
136
186
248
295
329
339
394
402
376
425
412
417
455
503
581
585
626
636
571
556
554
626
683
764
832
859
798
687
661
720
736
716
838
793
795
779
727
639
614
532
475
407
332
289
192
127
107
75
45
33
19
7
2
0
1
2
5
13
20
27
31
30
30
29
28
17
11
5
1
1
19
0
4
3
2
0
0
0
0
0
0
2
14
23
33
20
20
21
31
51
97
100
97
38
13
11
39
14
8
26
31
36
34
27
12
0
4
6
16
12
7
7
4
18
22
29
36
52
44
48
38
40
42
35
18
16
12
6
2
0
0
0
0
1
1
1
9
5
5
5
3
1
0
1
3
2
2
0
0
0
1
0
1
1
0
1
1
2
5
3
5
9
11
7
5
6
0
0
0
1
0
0
0
0
0
0
0
0
0
0
0
0
0
0
0
0
0
0
0
0
0
0
0
0
0
0
0
0
1
5
10
10
9
3
0
1
0
3
1
4
4
8
10
2
1
2
2
2
6
8
0
2
0
0
1
1
0
0
1
0
0
0
0
0
0
0
0
0
10
15
0
0
4
3
3
1
4
2
0
0
0
3
4
7
2
3
1
4
6
8
12
18
18
31
23
16
11
12
14
15
14
9
13
6
4
1
12
0
0
0
0
0
0
0
0
0
0
0
0
1
1
7
10
11
30
180
218
120
47
31
38
58
59
61
55
70
90
107
109
50
52
93
129
142
148
139
155
147
111
119
92
97
61
40
35
23
10
7
0
0
0
0
0
1
1
1
1
0
0
0
0
0
0
0
0
1
1
0
0
0
0
1
3
0
0
0
1
1
0
0
0
0
2
0
0
1
0
0
0
0
0
0
0
0
0
1
12
3
0
3
5
2
0
1
0
0
0
0
0
0
0
0
0
0
0
0
0
0
0
0
0
0
0
0
0
0
0
0
0
0
0
1
0
0
0
0
0
0
0
0
0
0
0
0
0
0
0
0
0
0
0
0
0
0
0
0
0
0
0
0
0
0
0
0
0
0
0
0
0
0
0
0
0
0
0
0
0
0
0
12
9
0
1
4
3
0
0
0
0
0
0
0
0
0
5
0
4
0
0
1
0
1
3
2
4
7
12
7
15
5
2
0
1
0
0
0
0
0
0
0
0
1
0
0
0
0
0
0
0
0
0
0
0
0
3
10
5
12
11
5
9
7
9
16
28
31
37
51
72
104
125
108
113
75
62
32
4
0
0
0
0
0
0
0
0
0
0
0
0
0
0
0
0
0
0
0
0
0
0
2
0
0
0
0
0
0
2
5
7
36
48
53
80
79
63
16
5
0
2
4
25
35
41
63
46
26
7
8
6
0
0
0
0
0
0
0
0
3
0
0
0
10
10
0
0
0
0
0
0
2
13
26
30
41
46
59
79
86
88
77
83
87
91
85
43
11
14
20
35
45
86
129
132
153
187
235
383
432
480
459
457
445
410
315
266
190
142
91
60
29
15
9
12
9
9
12
9
10
14
29
45
53
87
96
63
49
41
44
51
45
73
61
51
59
51
36
23
17
16
11
8
0
0
0
0
0
0
0
0
3
21
8
9
18
21
23
24
12
0
3
5
7
7
6
5
2
0
0
0
1
1
10
16
22
38
51
61
65
72
134
190
202
151
68
27
18
8
4
10
5
2
0
0
0
0
0
0
0
0
0
1
0
0
0
0
0
0
0
1
1
0
0
0
0
0
0
0
0
0
0
0
0
0
0
0
0
0
0
0
0
0
0
0
0
4
109
393
158
21
0
8
35
10
6
0
2
4
3
0
0
0
0
0
0
0
1
1
2
2
3
4
9
18
17
13
15
23
34
53
51
52
70
72
108
107
115
122
117
117
114
163
192
253
367
484
600
736
875
1036
1192
1322
1550
1625
1830
1959
2125
2272
2415
2560
2345
1858
1303
1102
1125
1203
1154
992
895
834
846
560
135
25
151
286
333
232
26
30
115
104
40
26
97
116
86
68
46
22
16
20
10
26
38
34
27
31
42
59
56
64
45
39
26
18
21
14
17
10
11
10
40
45
71
52
29
17
13
6
4
3
1
1
2
9
9
13
14
9
5
8
5
1
1
0
1
1
3
5
11
20
23
22
21
11
12
4
0
0
0
0
0
0
0
22
0
0
0
0
0
0
0
0
0
0
0
0
0
0
0
0
0
0
0
0
0
0
0
0
0
0
0
0
0
0
0
0
0
0
0
0
0
0
0
0
0
0
0
0
0
0
0
0
0
0
0
0
0
0
0
0
0
0
0
0
0
0
0
0
0
0
0
0
0
0
0
0
0
0
0
0
1
16
37
126
257
255
210
120
56
27
23
13
16
19
17
19
18
19
12
11
15
18
16
20
27
34
52
78
112
123
132
169
120
65
32
35
7
32
24
21
12
11
8
6
1
0
0
0
0
6
12
13
10
9
5
0
2
0
2
1
1
1
0
0
0
2
0
0
0
0
0
0
2
3
6
7
16
20
27
65
83
75
35
14
0
0
1
11
6
5
6
1
21
6
9
15
20
18
19
14
9
9
1
0
0
15
1
0
0
0
0
0
1
0
1
5
5
4
2
3
1
3
1
0
0
2
3
4
3
0
0
0
0
0
0
0
0
0
1
0
1
1
0
0
0
1
1
0
0
0
0
0
0
0
0
0
0
0
0
0
0
0
0
0
0
0
0
0
0
0
0
0
0
0
0
0
0
0
0
0
0
0
0
0
1
5
12
19
18
23
22
36
64
57
45
3
0
0
3
15
25
5
0
0
0
0
0
0
2
1
1
1
1
0
0
4
4
1
0
3
40
66
33
43
87
117
156
149
145
120
75
27
12
29
57
36
45
48
60
46
50
51
50
44
64
60
54
37
11
9
9
5
0
0
0
0
0
0
1
0
0
0
0
0
0
1
0
0
0
2
7
8
0
0
4
2
0
0
0
0
3
13
21
36
63
65
43
16
15
21
23
10
9
17
45
44
39
30
29
29
26
29
35
71
73
64
99
136
166
159
117
78
51
39
32
27
31
20
19
23
18
14
11
14
12
15
18
6
7
5
4
0
0
7
4
19
37
64
108
160
214
260
275
279
329
382
381
456
418
414
362
341
271
262
195
175
141
135
96
91
103
103
88
95
128
140
161
160
154
166
142
155
166
130
136
122
87
47
34
14
10
15
18
14
29
48
59
67
76
112
143
140
172
170
213
228
222
246
247
234
213
188
155
129
110
86
48
52
54
90
102
145
146
156
163
134
144
149
140
119
104
69
39
35
27
3
0
0
0
0
0
0
0
0
0
2
3
0
1
0
0
0
0
0
0
0
0
0
0
0
0
2
24
169
217
209
121
28
4
0
0
5
26
74
60
44
27
33
32
37
73
134
124
125
149
147
133
114
96
69
54
27
24
26
20
25
31
30
21
21
46
12
0
2
42
55
37
38
21
18
16
6
10
11
9
3
0
3
6
21
24
34
53
65
72
59
39
6
0
2
6
4
1
0
0
0
0
0
0
0
0
0
5
0
0
0
1
0
0
0
0
0
0
0
0
0
0
0
0
0
0
0
0
0
0
0
0
0
0
1
0
0
0
0
0
0
0
0
0
0
0
0
0
0
0
0
0
0
0
0
0
8
8
1
0
6
5
9
27
49
60
86
147
190
178
192
150
98
44
13
1
0
0
2
5
8
9
4
3
1
0
0
0
0
0
0
0
0
0
0
0
0
4
12
11
15
27
33
37
30
48
58
57
50
66
73
54
35
29
48
23
21
13
12
9
7
0
1
2
1
0
0
0
0
0
1
2
1
0
0
0
0
0
0
0
0
0
0
0
0
0
0
4
3
3
1
0
0
0
0
0
0
0
0
0
0
0
0
0
0
0
0
0
0
0
0
0
1
0
0
1
0
2
1
0
0
0
0
0
0
0
0
0
0
0
0
0
0
0
0
0
0
0
10
12
0
1
4
1
1
0
0
0
0
0
0
0
0
0
0
0
0
0
0
0
0
0
0
0
0
0
0
0
0
0
0
0
0
0
0
0
0
0
0
0
0
0
0
1
4
32
77
154
215
301
424
518
668
807
938
1070
1144
1195
1308
1296
1370
1468
1470
1513
1594
1753
1864
1965
2015
2044
2030
1936
1844
1666
1540
1449
1440
1322
1320
1294
1211
1177
1108
1076
1111
1127
1112
1241
1327
1406
1528
1454
1372
1209
1119
1014
921
748
524
357
177
96
53
41
27
26
31
55
77
78
123
132
138
168
159
153
160
91
102
88
60
72
72
76
81
96
106
112
121
137
131
142
115
129
107
112
108
90
74
80
69
86
63
82
60
34
24
12
4
0
0
2
0
0
2
0
0
0
0
0
0
0
0
2
17
16
11
14
11
17
6
10
19
11
16
16
17
12
12
23
17
14
5
2
3
1
0
0
0
0
2
0
0
1
0
2
1
0
2
1
0
1
0
0
1
0
0
0
0
0
0
1
1
0
0
0
1
3
1
2
1
2
1
0
0
1
0
0
2
0
4
0
0
0
0
0
0
0
0
0
0
0
0
14
0
0
0
1
1
2
0
6
16
23
35
34
28
27
28
26
15
1
0
0
0
0
0
0
0
0
0
0
0
0
0
0
0
0
0
0
0
3
10
0
2
2
2
12
0
0
1
2
0
1
0
0
0
0
0
0
0
0
0
0
0
0
3
2
2
66
171
169
95
80
68
56
63
50
61
57
55
42
52
56
65
66
63
60
37
30
21
30
30
28
14
6
4
4
4
2
0
0
0
0
0
0
0
0
0
0
0
0
0
0
0
0
2
23
45
66
86
91
101
127
121
135
109
73
38
24
21
15
11
15
19
30
25
24
36
26
4
4
21
15
29
45
54
59
39
31
16
15
10
12
6
0
0
0
1
0
0
1
4
6
13
18
17
36
39
32
37
38
31
40
36
45
39
34
31
27
53
60
128
182
233
317
423
570
801
996
957
954
900
918
1008
1110
1170
1210
1258
1225
1145
1158
1169
1191
1335
1406
1432
1435
1465
1416
1410
1350
1286
1097
871
580
314
232
323
611
1029
1380
1389
1174
1147
1364
1507
1606
1675
1711
1721
1776
1816
1959
2028
2098
2131
2141
2037
1966
1940
1804
1652
1521
1371
1177
954
821
601
469
337
250
175
90
65
47
27
1
6
20
40
325
59
44
34
43
46
57
48
47
28
18
8
34
58
50
48
42
32
30
17
27
62
85
103
170
233
262
275
291
274
264
211
162
109
65
37
28
12
2
19
0
0
0
0
3
5
11
18
24
29
13
5
0
4
7
9
12
10
16
19
25
22
23
16
8
1
1
3
3
6
5
4
4
19
39
16
19
13
12
15
16
11
9
8
12
16
22
28
23
21
14
12
11
12
7
11
22
27
33
43
43
23
8
4
11
16
11
10
1
0
0
0
0
5
7
3
2
8
8
21
30
23
31
18
13
6
7
9
11
14
15
12
8
2
1
0
0
0
0
0
0
0
0
4
6
6
13
17
14
15
13
19
21
19
5
0
0
3
1
3
8
10
7
0
3
4
1
4
3
0
0
0
0
0
0
0
0
0
0
1
3
1
2
2
1
2
3
0
0
0
0
0
0
0
0
0
0
0
0
0
0
0
0
0
0
0
1
1
4
5
10
13
11
27
40
55
75
92
128
118
158
171
191
212
223
249
271
269
296
314
355
366
402
428
471
521
554
591
604
582
572
557
539
493
468
412
344
302
254
211
163
162
145
137
141
143
152
167
148
227
271
379
544
699
815
929
975
1024
1045
1038
914
757
533
409
273
186
151
94
101
85
62
37
42
18
11
5
1
3
17
44
88
153
224
277
358
390
415
455
501
546
586
602
650
667
676
709
710
717
668
607
614
543
548
517
512
513
547
632
601
633
569
545
528
517
488
437
424
345
379
332
326
356
316
322
315
297
246
225
200
169
160
168
180
142
137
129
105
69
51
31
29
40
50
58
102
134
157
118
114
105
76
49
40
29
15
0
0
0
0
0
0
0
0
0
0
0
0
0
0
0
0
0
0
0
0
0
1
0
0
0
0
0
0
0
0
0
0
0
0
0
0
0
0
0
0
9
28
56
47
20
1
0
0
0
0
1
4
10
25
49
58
89
112
171
165
235
283
275
313
301
285
266
217
168
140
102
78
53
54
36
25
20
11
6
2
0
1
0
0
3
1
3
5
5
9
19
16
15
20
22
21
7
4
1
0
0
0
0
0
0
0
0
0
0
0
0
0
0
0
0
0
0
8
8
0
0
5
2
0
0
0
3
4
6
3
5
5
8
6
11
17
23
25
24
21
17
12
13
15
9
0
0
6
17
51
113
170
146
59
27
37
48
28
1
0
6
2
7
31
46
75
110
136
157
184
191
186
187
161
378
67
41
18
0
4
8
32
73
98
93
88
83
52
43
31
30
26
28
42
75
129
159
189
221
207
210
175
130
89
62
37
33
25
15
13
14
6
2
5
3
6
13
17
10
6
4
9
7
5
2
0
1
2
2
4
2
11
10
9
1
0
1
3
5
3
11
12
14
16
9
11
14
16
19
23
16
8
6
10
13
35
33
35
41
31
22
21
4
6
4
1
3
9
2
7
8
8
12
16
16
10
4
0
2
1
5
16
1
2
7
4
2
1
0
0
5
14
16
14
13
7
10
6
2
1
0
0
0
0
0
0
0
0
0
0
0
0
0
0
0
0
0
0
0
0
0
0
0
0
0
0
0
0
0
0
0
0
0
0
0
0
0
0
0
0
0
0
0
0
0
0
0
0
0
0
0
0
0
0
0
0
0
0
0
0
0
8
0
1
3
12
18
11
11
8
13
12
10
3
1
5
1
0
0
0
0
0
0
1
12
4
0
0
0
0
0
0
0
0
7
14
48
80
101
108
78
55
22
8
1
21
42
63
87
106
91
82
68
43
18
4
0
0
1
0
2
3
10
30
49
86
76
57
50
102
138
127
101
54
0
4
18
1
2
12
7
0
6
10
3
0
1
0
2
7
6
4
0
7
26
52
103
169
196
200
250
290
308
306
273
258
228
192
179
159
131
137
141
184
209
293
394
602
741
1010
1150
1189
1048
1138
1330
1388
1495
1580
1609
1542
1493
1252
900
838
811
753
515
294
223
167
104
86
77
123
122
69
53
89
105
154
147
199
228
146
66
31
5
5
4
11
3
6
13
23
36
38
60
62
34
17
16
7
6
12
16
28
21
17
21
15
13
4
1
0
1
3
0
0
0
0
0
0
1
2
0
0
0
0
0
0
2
0
0
0
0
0
0
0
0
0
0
0
0
0
0
2
2
3
7
0
0
0
0
0
0
0
0
0
0
0
0
0
0
0
0
4
5
7
10
17
13
12
19
18
11
9
15
26
33
45
74
69
66
76
92
52
44
38
82
60
67
66
73
74
68
47
47
36
18
0
1
1
0
0
2
4
4
8
7
17
16
26
15
15
11
15
9
7
4
4
9
19
28
46
65
93
118
145
154
161
136
135
115
112
57
46
27
16
3
2
0
1
0
0
0
0
0
0
0
2
2
1
0
0
0
0
0
0
0
0
0
0
0
0
0
0
0
0
0
0
0
0
0
0
0
0
0
0
0
0
0
0
0
0
0
0
0
0
0
0
3
10
1
0
5
5
0
0
0
1
1
2
3
4
0
0
0
0
0
0
0
0
0
0
0
0
0
0
0
0
0
0
0
0
0
0
0
0
0
0
0
0
0
0
0
0
0
0
0
1
1
1
0
0
0
0
0
0
0
0
0
0
0
0
0
0
0
0
0
0
0
0
0
0
0
0
0
0
0
0
0
0
0
0
0
0
0
5
10
1
5
9
13
26
42
52
43
58
92
107
88
107
133
143
129
164
187
255
400
420
372
326
349
363
365
352
353
346
341
400
376
296
262
229
200
258
236
266
302
299
302
285
245
251
244
192
171
129
76
27
9
0
0
0
0
1
3
0
0
2
1
3
6
9
19
9
20
23
27
46
55
66
91
105
160
160
178
254
302
380
450
473
518
543
565
593
580
586
567
543
512
455
422
336
280
227
173
154
93
64
38
34
16
7
17
16
15
11
0
0
0
0
0
0
0
0
0
0
0
0
1
0
0
0
0
0
0
0
0
0
0
0
0
0
0
0
0
0
0
0
0
0
0
0
0
2
7
2
0
0
6
12
8
4
0
0
0
2
13
6
0
2
4
4
1
0
0
0
0
0
0
1
0
1
0
0
0
0
0
0
0
0
0
1
3
0
0
0
0
0
0
1
1
0
0
0
0
3
4
5
3
10
4
2
6
5
11
12
6
4
0
0
0
0
0
0
1
0
2
0
0
0
0
0
0
0
0
0
0
0
0
0
0
0
0
0
0
0
0
0
0
0
12
8
0
0
3
5
2
0
0
0
0
0
0
0
0
0
0
2
1
0
0
0
0
0
0
0
0
0
2
1
1
2
3
5
8
5
4
3
3
3
5
2
0
3
0
0
4
13
21
22
17
6
2
1
0
0
4
4
3
7
4
7
9
13
12
2
0
0
0
2
1
0
0
0
0
0
0
0
0
0
0
17
10
0
4
5
3
0
0
0
0
0
0
0
0
0
0
0
0
0
0
0
0
0
0
0
0
0
0
2
7
17
29
25
5
2
3
2
5
8
13
9
23
5
6
2
0
0
0
0
0
0
0
0
0
0
0
0
0
0
0
0
0
0
10
20
18
16
19
17
28
22
13
17
46
97
88
57
35
15
11
1
10
37
76
64
20
4
0
1
0
7
8
10
8
13
19
23
11
2
0
1
5
3
3
3
0
0
0
0
0
0
0
0
0
0
1
1
0
0
0
0
0
0
0
0
0
0
4
6
5
2
2
8
5
23
24
31
23
12
15
7
6
1
3
2
1
1
0
0
3
0
2
2
0
0
0
0
0
0
0
0
0
0
0
0
0
0
1
0
0
0
0
0
0
0
0
0
0
0
0
0
0
0
0
0
1
0
0
0
0
0
0
0
0
0
1
5
9
10
5
3
20
3
0
4
6
0
0
0
0
1
7
0
2
1
0
0
0
0
0
0
0
0
0
2
3
13
28
38
43
46
27
21
5
4
0
0
0
0
0
0
0
0
0
0
0
0
0
0
0
0
0
1
0
0
9
7
13
5
6
12
9
23
19
10
11
9
12
18
20
19
14
5
3
1
0
11
6
11
11
7
3
2
1
3
1
1
0
7
8
9
12
9
6
8
7
10
21
27
40
43
47
52
60
88
110
163
245
276
338
412
432
452
459
461
471
452
432
408
461
481
515
484
398
303
205
120
55
22
7
4
29
62
112
171
236
302
376
405
428
456
433
408
369
370
337
337
292
309
252
232
254
179
129
110
93
57
40
24
19
8
5
1
0
0
0
1
0
2
1
5
11
12
10
17
1
0
7
0
5
24
14
14
5
0
0
0
0
0
0
1
2
4
7
4
4
1
0
0
0
0
0
0
0
0
0
0
0
0
0
0
0
0
0
0
0
0
8
9
20
38
36
47
69
90
104
81
86
75
50
19
9
7
0
2
0
0
0
0
0
0
0
0
0
4
1
5
6
11
17
24
34
45
49
57
50
73
58
60
62
50
40
61
115
179
228
238
270
248
232
274
303
369
421
514
579
758
921
1021
1107
1255
1401
1517
1650
1761
1895
1953
2077
2087
2113
2151
2159
2118
2090
2022
1888
1747
1553
1230
971
786
537
481
350
240
106
36
42
80
110
192
248
272
195
127
97
83
60
50
29
16
20
28
32
48
43
40
27
29
31
23
28
24
21
22
12
13
19
24
17
6
60
23
10
4
6
8
2
0
0
0
0
0
0
0
0
0
5
13
15
12
10
13
17
21
43
71
89
112
142
178
161
112
50
101
106
88
59
39
16
24
15
15
17
24
26
26
21
23
37
47
51
61
53
62
49
47
44
48
65
70
81
78
75
54
26
16
11
29
46
74
114
149
208
328
318
374
390
388
376
338
345
219
180
120
109
52
46
33
19
6
1
0
0
0
2
5
7
14
27
33
21
17
14
23
14
1
1
1
1
1
4
0
0
0
0
0
0
0
5
6
13
20
24
30
46
78
98
101
85
124
181
278
295
238
164
70
14
1
1
0
0
0
0
4
11
19
27
50
57
42
25
38
83
113
132
108
96
56
73
78
71
59
75
59
45
35
30
32
17
6
0
1
2
8
7
7
16
24
23
13
7
5
0
0
10
40
127
312
397
452
461
395
305
205
134
142
145
117
64
49
27
22
25
46
76
112
157
149
147
160
149
127
94
51
30
16
7
0
0
6
12
29
30
26
25
16
20
11
10
7
7
4
1
0
0
0
0
0
0
0
3
12
16
14
6
3
2
1
0
0
0
7
9
1
0
0
0
3
3
0
0
5
8
6
3
1
0
0
0
0
0
0
0
0
0
0
4
4
8
16
24
49
59
64
95
89
75
94
104
77
80
71
61
81
124
192
244
308
349
431
608
873
1222
1554
1979
2318
2313
2152
2006
2064
2181
2267
2254
2269
2374
2301
2200
2017
1935
1901
1883
1776
1800
1691
1587
1335
1136
996
820
634
512
395
293
151
97
59
21
20
15
19
19
22
26
21
18
14
7
12
20
10
8
4
0
6
7
6
7
9
4
0
0
0
0
0
0
0
0
0
1
4
5
2
4
8
20
59
130
164
166
117
48
8
0
4
7
2
0
0
4
22
31
25
22
39
61
69
56
36
33
21
6
1
0
0
0
0
0
0
0
0
0
0
0
0
0
0
0
2
3
3
9
15
21
25
27
34
32
54
48
57
64
79
87
80
78
66
78
92
83
72
71
64
69
57
48
39
35
34
23
17
9
5
3
4
7
1
26
157
294
396
383
301
187
140
92
67
58
60
56
38
29
17
17
18
38
42
27
13
12
11
11
4
0
0
0
0
0
0
1
2
5
7
6
13
11
20
19
16
8
15
68
24
13
6
0
1
0
0
0
1
0
0
0
0
0
0
0
2
1
0
0
0
0
0
0
0
0
0
0
8
2
3
0
0
1
1
17
2
0
1
4
2
0
0
0
0
0
1
2
4
1
5
3
2
1
0
0
0
0
5
6
29
89
174
175
156
168
675
117
71
50
49
48
53
72
78
67
72
138
218
202
88
32
41
45
44
37
11
7
2
3
6
10
13
10
11
13
13
7
4
4
6
9
9
9
8
7
1
1
2
1
0
0
0
0
8
9
20
17
25
15
8
9
13
7
5
10
11
12
2
6
1
0
0
2
0
0
0
0
0
0
0
0
0
0
0
0
0
0
0
0
0
0
0
0
0
1
3
1
0
1
0
0
0
0
0
0
0
0
0
0
0
0
0
0
0
0
0
0
0
0
0
0
0
0
0
0
0
0
0
0
0
0
0
0
0
0
0
0
0
0
0
0
0
0
0
0
0
0
0
0
0
1
1
0
0
0
0
0
0
0
0
0
0
0
0
0
0
0
4
0
0
0
0
0
0
0
0
0
0
0
1
1
2
0
11
18
0
7
6
3
5
4
2
1
0
0
0
0
0
0
0
0
0
1
3
3
5
7
9
23
26
9
4
2
0
6
0
3
0
1
3
3
15
26
46
62
109
110
138
178
182
184
222
210
195
206
167
161
129
100
81
76
59
44
44
36
36
44
38
43
51
76
136
240
310
419
498
532
560
557
518
464
370
249
82
25
2
1
18
51
117
176
215
260
312
309
372
502
624
609
566
544
481
499
566
733
901
830
442
153
146
126
69
25
22
39
22
6
3
3
6
14
21
10
5
17
19
18
20
4
11
9
9
5
7
5
5
2
0
1
5
5
2
10
0
2
6
5
4
2
2
0
5
1
6
12
34
61
56
60
49
47
59
62
50
56
42
28
13
10
19
26
34
28
15
9
5
5
22
45
84
106
136
133
126
109
114
96
74
29
19
13
5
2
5
25
8
0
0
0
0
0
0
0
0
0
3
24
33
25
11
7
8
8
5
7
5
1
0
1
1
0
0
0
0
0
0
0
0
0
0
4
9
93
340
344
140
47
66
65
24
3
7
2
0
0
0
0
0
0
0
0
0
0
0
0
0
0
0
4
0
0
0
0
0
1
1
3
6
9
9
7
0
0
0
4
4
1
0
0
2
0
0
0
0
0
0
0
0
0
0
0
1
11
9
7
5
3
7
14
10
13
19
40
56
86
143
301
448
540
473
413
310
242
194
151
117
88
72
46
47
221
698
943
517
83
124
255
178
91
127
209
310
393
468
516
501
482
443
332
205
117
81
66
118
147
167
140
145
137
136
144
153
157
132
144
141
133
136
133
156
191
261
408
522
650
716
734
719
649
554
435
322
198
159
116
98
62
44
18
7
5
4
2
0
0
0
0
0
1
2
2
1
0
0
7
15
18
13
20
20
11
6
9
16
12
2
2
5
9
10
6
12
8
14
17
18
17
14
18
20
22
26
17
11
11
11
16
17
11
15
15
10
15
16
8
11
9
7
9
6
8
5
3
3
6
5
6
7
6
6
4
6
2
5
4
0
0
0
0
0
1
2
3
3
5
1
0
0
11
16
19
23
21
37
31
21
16
11
1
2
4
7
7
6
0
0
0
0
0
0
0
0
0
0
0
1
0
0
0
0
0
0
0
0
0
0
0
0
0
0
0
0
0
0
0
0
0
0
0
0
0
0
0
0
1
0
0
3
0
0
1
0
1
0
0
2
0
2
1
0
1
2
10
11
23
33
48
49
42
46
42
33
22
15
8
4
0
0
0
0
0
0
0
5
0
0
4
1
0
0
2
11
2
0
0
6
12
0
0
0
0
0
0
0
3
8
9
9
7
14
15
20
11
11
3
4
1
3
18
36
40
19
6
12
12
28
78
228
274
114
37
70
83
51
7
13
14
6
1
0
3
3
0
1
2
3
9
6
7
14
7
14
13
25
29
27
21
29
25
23
15
11
2
2
5
1
0
0
0
0
0
3
12
3
0
1
3
2
1
1
1
0
6
8
10
6
3
3
2
8
9
18
17
16
13
15
18
27
25
20
16
10
16
11
8
15
18
16
10
1
0
0
29
101
157
112
35
8
32
55
42
47
42
41
35
38
29
28
16
4
3
6
8
6
6
1
1
0
0
0
0
0
0
0
0
0
0
0
0
0
0
0
0
0
0
0
0
0
0
0
0
0
1
0
0
0
0
0
0
0
0
0
0
0
0
0
0
0
0
0
0
0
20
5
0
0
4
4
0
0
0
0
0
0
0
0
0
0
0
0
0
0
0
0
0
0
0
0
0
0
0
0
0
0
0
0
0
0
0
0
0
0
0
2
1
2
3
0
0
4
4
5
17
29
67
114
168
210
270
362
392
441
433
464
467
475
468
512
545
559
577
639
655
728
734
881
882
1073
1047
1018
869
677
583
559
511
421
357
246
117
53
32
16
6
1
1
0
2
5
20
29
36
39
35
34
25
25
33
30
27
34
27
18
11
6
0
0
0
0
0
0
0
2
0
3
2
3
9
9
18
25
26
28
33
28
16
7
0
0
1
0
0
0
0
0
0
0
2
0
0
0
0
2
0
3
4
4
3
2
5
3
3
2
1
2
2
2
0
6
7
7
11
4
4
5
21
45
62
108
147
225
287
390
500
571
635
592
609
570
627
549
633
564
574
481
433
316
223
168
124
70
24
21
15
3
0
0
0
0
0
0
0
0
0
0
0
0
0
0
0
0
0
0
0
0
0
0
0
0
0
0
0
0
0
0
0
0
0
0
0
0
0
0
0
0
0
0
0
0
0
0
0
0
0
0
0
0
0
0
0
0
15
7
0
1
5
1
1
0
0
0
0
0
0
0
0
0
0
0
0
0
0
0
0
0
0
0
0
0
0
0
0
0
0
0
0
0
0
0
0
0
0
0
0
0
0
0
0
0
0
0
0
0
0
0
0
0
0
0
0
0
0
0
0
0
0
0
0
0
0
0
0
0
0
0
0
0
0
0
0
0
0
0
0
0
0
0
0
0
0
0
0
0
0
0
0
0
0
0
0
0
0
0
0
14
8
0
5
5
5
0
0
0
0
0
0
0
0
0
0
0
0
0
0
0
0
0
0
0
0
0
0
0
0
0
0
0
0
0
0
0
0
0
0
0
0
0
0
0
0
0
0
0
0
0
0
0
0
0
0
0
0
0
0
0
0
0
0
0
0
0
0
0
0
0
0
0
0
0
0
0
0
0
0
0
1
0
0
0
0
0
1
2
3
3
4
9
4
1
1
0
0
2
0
0
1
0
0
0
0
0
0
0
0
0
0
0
0
0
0
0
0
0
0
0
0
0
0
0
0
0
0
0
0
0
0
0
0
0
0
0
0
0
0
0
0
0
0
0
0
0
0
0
0
0
0
0
0
0
0
0
1
12
2
0
3
3
1
0
0
0
0
0
0
0
0
0
0
0
0
0
0
0
0
0
0
0
0
0
0
0
0
0
0
0
0
0
0
0
0
0
0
0
0
0
0
0
0
0
0
0
0
0
0
1
12
36
88
150
136
108
102
153
211
305
379
540
628
756
846
877
831
743
640
495
342
214
101
35
11
4
10
28
52
74
79
41
35
23
26
19
27
26
50
83
136
159
203
254
258
273
245
195
128
85
27
14
9
8
7
15
53
104
82
45
22
19
14
35
59
70
64
68
97
121
143
200
172
159
112
79
30
22
26
19
15
7
24
56
74
64
66
108
130
105
80
47
20
7
1
0
0
5
10
19
23
16
12
13
13
7
7
9
6
4
2
1
1
0
0
0
0
0
0
0
0
0
0
0
0
0
1
10
20
17
17
20
36
41
43
44
48
58
45
31
19
9
4
0
2
6
8
0
0
2
3
2
0
0
0
0
0
0
0
0
0
0
0
0
0
0
0
0
1
1
0
0
0
0
0
0
0
0
0
0
0
0
0
0
0
0
0
0
0
0
0
0
0
0
0
0
0
0
0
0
0
0
0
0
0
4
13
20
15
10
76
340
794
1290
1446
1677
2164
2952
3272
3200
3137
2920
2536
2017
1420
856
425
206
153
189
218
155
156
124
115
133
121
70
27
57
71
42
18
6
3
0
46
110
143
205
327
591
832
958
1196
1514
1716
1890
1962
2011
2051
1717
1400
1188
964
749
800
1037
1310
1425
1333
1100
947
840
630
441
255
129
144
125
90
58
76
97
83
34
11
6
3
0
8
9
21
18
15
13
11
19
17
16
16
29
24
10
5
2
5
2
1
0
2
8
11
14
16
24
21
26
24
17
8
6
16
6
3
3
1
1
0
1
0
0
0
0
0
0
0
0
0
0
0
0
0
0
0
0
0
0
0
0
0
0
0
0
0
0
0
0
0
0
0
0
0
0
1
6
11
27
47
51
26
1
12
23
65
158
201
190
194
202
244
317
410
463
474
515
482
380
294
244
162
77
43
24
25
71
112
127
132
136
151
196
238
237
237
248
282
308
335
402
417
435
434
332
260
170
120
145
141
114
67
18
16
8
35
9
6
3
0
0
0
0
2
23
32
31
44
96
124
138
101
56
19
12
19
21
19
6
3
17
77
185
247
118
29
22
36
38
1
1
9
2
1
4
6
6
6
8
3
0
0
1
0
0
0
0
0
5
1
6
1
0
2
1
4
2
2
3
2
0
0
1
0
1
0
6
11
4
2
8
3
0
0
0
0
0
0
0
0
0
0
0
0
1
0
1
2
5
12
6
9
10
16
21
23
29
27
39
29
27
20
21
19
8
8
3
4
9
4
2
0
0
0
5
13
0
3
7
2
0
0
1
0
0
0
0
0
0
0
0
0
0
0
0
0
0
1
0
3
0
4
1
0
0
0
0
0
0
0
0
0
0
0
0
0
0
0
0
0
0
0
0
0
0
0
0
0
0
0
0
0
0
0
0
0
0
0
0
0
0
0
0
0
0
0
0
0
0
0
0
0
0
0
0
0
0
0
0
0
0
0
0
0
0
0
0
0
0
0
0
0
0
0
0
0
0
0
0
0
0
10
14
0
0
3
5
0
0
0
0
0
1
1
0
0
0
0
0
0
0
0
0
0
0
0
0
0
0
0
0
0
0
0
0
0
0
0
0
0
0
0
0
0
0
0
0
0
0
0
0
0
0
0
0
0
6
12
0
0
4
4
1
0
0
0
0
0
0
6
4
31
89
73
40
1
0
0
5
6
10
6
6
2
0
0
0
1
0
0
0
1
0
0
1
2
3
8
8
10
16
25
52
49
78
88
133
149
165
199
239
262
313
340
377
440
468
539
597
616
608
628
584
558
514
483
464
481
505
556
619
734
922
1269
1582
1714
1618
1521
1612
1741
1864
1983
1955
1880
1832
1719
1557
1323
1111
846
664
443
323
252
195
159
126
114
94
79
78
73
58
62
44
40
40
37
41
44
47
30
28
92
225
347
353
333
272
229
192
170
157
151
134
129
114
115
109
72
40
24
21
15
12
23
14
12
25
55
97
83
27
6
24
14
0
8
55
80
31
0
6
18
14
0
12
30
12
0
13
10
0
0
0
0
0
0
0
0
0
5
7
4
1
0
0
0
1
6
0
2
0
0
0
1
4
0
0
5
8
9
15
26
58
84
103
100
105
78
49
27
18
2
0
0
0
0
3
8
13
19
18
12
17
34
11
12
2
2
6
18
31
43
60
50
64
83
95
117
90
80
82
68
47
33
9
9
23
25
24
20
15
10
6
7
7
18
10
8
9
8
32
74
71
69
54
55
35
28
18
14
16
10
9
7
0
0
0
0
0
0
0
0
0
0
0
0
0
0
0
0
1
4
13
15
22
16
11
11
3
2
0
0
0
0
0
0
0
5
8
0
0
0
1
1
1
0
0
0
0
0
0
0
0
0
1
1
3
6
14
31
43
79
139
148
156
155
148
103
95
78
50
40
17
2
0
0
0
0
13
35
68
81
101
114
130
166
206
208
227
220
193
206
156
138
122
94
74
53
44
14
6
2
0
2
1
0
0
0
0
4
9
0
0
3
2
0
0
0
0
0
0
0
0
0
0
0
0
0
0
0
0
0
0
0
0
0
0
4
7
13
17
14
11
9
5
3
7
7
10
10
13
7
6
3
2
3
0
0
0
0
0
0
0
0
0
0
0
0
0
0
0
0
0
0
0
0
0
0
0
0
0
0
0
0
0
0
0
4
14
6
3
7
11
13
12
11
9
7
9
9
5
6
2
5
0
0
0
0
0
0
0
2
4
0
1
0
0
0
0
0
0
0
0
0
0
0
0
0
0
0
0
0
0
0
0
0
0
0
0
0
0
0
0
0
0
0
0
0
0
0
0
0
0
0
0
0
0
0
0
0
0
0
0
0
0
10
15
7
18
21
20
15
5
0
0
0
0
0
3
5
8
17
13
22
27
33
33
46
46
68
97
94
132
175
198
199
220
226
230
254
250
285
289
300
314
294
298
343
357
401
431
461
551
574
653
669
714
694
725
773
809
847
900
982
1041
1102
1180
1213
1261
1287
1293
1297
1292
1260
1211
1126
1061
995
933
895
852
804
741
566
424
257
155
100
79
37
24
14
7
9
14
17
11
11
15
12
11
14
6
11
20
35
51
78
85
81
69
45
28
16
8
1
1
0
0
1
0
1
1
1
2
1
0
0
0
0
0
0
0
0
0
0
0
0
0
4
18
36
62
48
46
40
23
25
11
6
0
0
0
0
0
0
0
0
4
6
3
7
8
8
9
19
53
53
24
9
6
6
4
0
1
0
0
0
0
0
0
0
0
0
0
0
0
0
0
0
0
0
0
0
0
0
0
0
0
0
0
2
6
10
16
18
20
10
10
0
0
3
1
1
1
2
15
88
134
114
57
22
10
5
7
5
7
3
0
1
0
0
0
0
0
0
0
1
1
2
0
0
0
0
2
10
21
19
12
7
0
0
0
0
0
0
0
0
0
0
6
35
49
44
28
17
7
2
0
0
0
0
0
0
0
0
0
0
0
0
1
4
11
12
10
6
3
0
0
0
0
0
0
0
0
0
0
0
0
0
1
6
9
19
31
51
51
53
44
30
18
18
18
12
7
4
2
5
4
6
8
10
18
15
18
16
23
23
16
9
4
0
2
1
0
0
2
22
2
0
23
10
1
6
29
64
62
62
30
11
5
0
2
7
16
15
4
1
0
0
1
4
7
9
54
150
174
122
39
6
9
15
30
55
44
61
49
12
3
2
3
2
0
0
0
0
0
0
27
32
1
0
0
0
2
10
13
18
0
0
2
0
0
0
0
12
1
2
3
4
3
8
7
13
25
23
10
3
1
0
0
0
0
0
0
1
3
7
13
26
43
44
36
25
27
19
4
3
7
3
1
0
0
0
0
0
0
0
0
0
0
0
0
0
0
0
2
0
0
1
0
0
0
0
0
1
0
0
1
0
0
0
2
4
6
7
5
7
5
4
0
2
3
1
4
5
4
2
2
0
0
0
0
0
0
1
0
0
0
0
0
0
0
0
0
0
0
0
0
0
0
0
0
0
2
0
3
8
6
11
10
13
12
5
4
2
0
0
0
0
2
1
1
0
3
7
10
8
8
5
4
6
6
9
2
2
0
5
5
12
12
10
3
3
2
4
3
5
1
5
9
11
15
8
7
13
14
15
11
7
7
8
6
6
5
3
2
0
0
11
0
3
6
21
58
67
51
42
65
52
67
57
38
49
50
40
45
61
69
39
27
27
17
13
0
0
0
2
4
11
14
15
14
14
18
22
9
4
1
0
3
6
11
22
24
21
16
8
0
0
0
0
1
1
1
0
0
0
0
0
0
0
0
0
0
3
6
9
8
1
1
0
0
0
0
0
0
0
0
0
0
0
0
0
0
0
0
0
0
0
0
0
0
0
0
0
0
0
0
1
7
18
27
28
18
26
30
24
15
15
22
22
20
83
21
13
14
7
16
16
20
24
32
41
72
107
141
207
206
221
249
244
253
211
235
234
237
249
263
286
306
337
373
420
490
533
607
628
609
599
549
554
595
542
488
480
444
394
346
266
224
150
60
16
0
0
16
46
135
196
250
341
341
331
326
300
254
192
158
94
48
25
12
2
0
0
0
0
0
0
0
1
0
0
0
0
0
1
0
0
0
0
0
0
0
0
0
0
0
0
0
0
0
0
0
1
15
8
0
4
9
13
11
14
12
24
29
46
56
80
103
133
147
169
186
213
228
198
220
304
288
302
306
283
253
247
234
261
296
311
395
375
434
451
447
468
456
460
435
394
375
341
314
262
263
238
213
217
209
205
203
215
215
224
175
160
140
120
136
214
349
496
530
516
436
304
285
236
226
217
178
127
75
44
43
75
63
58
40
49
67
82
98
142
141
120
85
72
86
77
48
24
8
5
9
18
46
54
67
90
107
114
117
97
109
97
100
99
96
101
107
89
59
48
23
6
10
9
13
16
22
26
21
19
24
22
16
14
10
6
12
23
30
30
20
17
13
16
11
7
5
9
15
7
0
2
8
33
69
92
60
34
20
22
22
34
39
43
53
70
74
90
121
138
143
132
117
111
101
74
49
33
16
10
4
5
4
2
2
13
10
4
4
2
9
9
13
14
20
17
17
9
14
6
5
9
13
21
18
30
39
37
35
29
24
27
25
15
11
10
7
7
3
3
4
1
2
0
0
0
1
3
4
3
6
4
18
19
29
32
27
14
22
35
45
48
48
55
64
83
93
87
84
93
92
70
51
51
63
47
38
24
20
25
24
20
20
16
8
6
3
7
4
1
0
2
0
0
0
0
0
0
0
0
0
0
0
0
0
0
0
0
0
0
0
0
0
0
0
0
0
0
0
0
0
0
0
0
0
0
1
0
0
5
0
0
0
0
0
0
1
9
15
14
12
7
0
2
3
8
8
8
0
0
0
0
0
0
0
0
0
0
0
0
0
0
0
0
0
0
0
0
0
0
0
0
0
0
0
0
3
0
5
0
1
1
2
2
1
15
13
15
12
9
1
0
3
5
7
20
11
0
0
0
0
1
0
0
0
1
8
0
0
0
0
0
0
0
9
5
0
1
2
3
0
0
0
0
0
0
0
0
0
0
0
0
0
0
0
0
0
0
0
0
0
0
0
0
0
0
0
0
0
0
0
0
0
0
0
0
0
0
0
0
0
0
0
0
0
0
0
0
0
0
0
0
15
8
0
1
2
2
0
0
0
0
0
1
0
0
5
3
3
4
4
4
1
0
3
0
0
0
0
1
1
1
0
2
0
0
0
0
0
0
0
2
0
0
0
0
0
0
0
0
0
0
0
0
0
0
0
0
0
0
0
0
0
0
0
0
0
0
0
0
0
0
0
0
0
0
2
2
8
16
19
25
42
41
45
47
51
52
50
45
25
24
18
8
3
14
20
10
8
18
23
29
26
27
16
10
4
2
0
0
0
1
0
1
0
0
0
0
0
0
0
0
0
0
0
0
0
0
0
0
0
0
0
0
0
0
0
0
0
0
0
0
0
0
0
0
0
0
0
0
0
0
0
2
1
2
5
4
9
10
11
9
8
7
6
3
9
13
14
10
8
1
0
1
2
0
6
1
5
3
1
5
3
4
3
8
7
15
26
28
34
46
42
23
7
3
2
3
2
11
8
8
6
5
1
0
1
33
96
127
125
130
125
86
55
52
29
27
21
30
20
21
20
21
14
11
8
12
2
26
41
58
59
36
42
50
31
46
63
75
50
21
3
0
0
1
3
4
3
3
5
0
12
1
0
0
0
4
17
59
71
90
90
83
57
43
15
21
26
23
11
3
9
10
9
5
6
14
21
22
21
12
9
9
7
2
3
0
0
0
1
0
1
0
1
0
2
1
8
1
12
5
0
1
4
3
4
4
8
1
7
5
0
1
0
0
1
3
0
0
0
0
0
0
0
0
0
0
0
0
0
0
0
12
35
52
66
71
42
21
11
1
0
0
0
0
0
0
0
0
0
0
5
3
8
6
11
21
33
55
62
38
17
12
7
5
0
0
0
0
0
2
1
10
18
24
33
32
24
43
65
52
47
58
84
94
136
195
211
237
251
233
215
219
207
163
169
141
104
72
35
3
0
0
1
2
3
9
7
6
1
0
1
0
0
1
3
1
2
1
3
7
5
14
25
30
23
27
41
37
53
47
63
65
58
60
62
69
68
64
90
97
98
117
141
149
164
151
140
285
82
77
38
30
26
14
13
16
10
5
7
14
24
41
84
99
80
75
59
35
13
7
4
3
0
0
0
0
3
7
16
34
51
83
89
124
151
145
126
152
156
155
127
138
119
114
100
77
63
60
56
51
48
37
24
17
2
2
0
0
0
0
0
0
0
0
0
0
0
0
0
0
0
0
0
0
0
0
0
0
0
0
0
0
0
0
0
0
0
0
0
0
0
1
3
1
0
0
0
0
0
0
0
0
0
0
0
0
0
0
0
0
0
1
2
0
0
0
0
0
0
0
0
0
0
0
0
0
0
0
0
0
0
0
0
6
12
12
13
11
8
8
2
1
2
1
9
13
1
0
3
2
2
7
4
1
0
0
0
0
0
0
1
2
2
5
3
0
0
0
2
4
12
9
9
4
21
47
86
125
146
158
134
98
52
29
12
7
0
0
1
1
9
6
3
6
5
11
17
17
20
21
16
19
13
14
13
16
10
23
12
23
16
4
0
0
0
0
0
0
0
0
0
0
0
1
1
7
11
26
44
68
25
4
6
5
8
8
17
38
37
49
35
6
0
1
1
1
1
2
13
65
104
58
17
5
0
1
9
11
7
8
7
3
1
16
12
8
14
16
13
20
35
37
45
43
46
47
50
61
65
62
80
74
94
132
126
119
109
125
139
138
137
147
172
165
170
130
73
47
54
50
39
63
95
96
118
105
120
144
180
193
272
337
403
435
481
516
518
619
693
816
895
1014
1103
1200
1340
1428
1469
1503
1522
1515
1472
1466
1419
1324
1184
1051
1100
1229
1185
1052
900
761
671
592
502
367
206
123
189
253
218
157
52
15
30
33
18
10
0
1
3
5
9
8
8
12
14
2
6
13
5
4
2
2
2
6
4
1
2
8
11
4
2
1
0
1
1
0
0
0
0
0
2
3
2
1
1
0
0
0
0
0
0
0
2
1
1
2
2
4
1
5
7
17
9
4
4
8
5
2
3
4
4
5
2
2
4
1
7
7
9
14
13
16
8
9
3
7
14
25
21
24
9
1
1
0
1
0
0
0
0
0
0
0
0
0
0
0
0
1
4
2
4
7
5
2
1
1
2
0
1
1
3
1
2
0
4
6
8
13
16
16
3
1
6
12
17
10
10
15
25
11
0
0
0
0
0
0
0
1
4
4
9
9
12
12
6
8
6
3
1
1
1
0
0
0
0
0
0
0
0
0
0
0
2
9
55
103
134
134
131
91
88
63
38
17
1
2
1
1
0
0
0
0
0
0
0
0
0
0
0
0
0
0
0
0
0
0
0
0
0
0
0
0
0
0
0
0
0
0
0
1
0
2
0
0
0
2
0
0
4
0
0
0
0
0
0
0
0
0
0
0
0
0
0
0
0
0
0
0
0
0
0
0
0
0
0
0
0
0
0
0
1
0
0
0
0
0
3
1
4
2
0
0
0
1
0
0
0
0
0
0
0
0
0
0
0
0
0
0
0
0
0
0
0
0
0
0
0
0
0
0
0
0
0
0
0
0
0
0
22
4
0
4
5
1
0
0
0
0
0
0
0
0
0
0
0
0
0
0
0
0
0
0
0
0
0
0
0
0
0
0
0
0
0
0
1
0
0
0
0
0
2
0
2
3
9
9
9
8
7
7
6
6
6
8
10
12
13
18
15
18
18
32
21
35
13
6
2
6
3
0
0
0
0
0
0
0
0
0
0
0
0
0
0
0
0
0
0
0
0
0
0
0
0
0
0
0
0
0
0
0
0
0
0
0
0
0
0
0
0
0
0
0
0
0
0
0
0
0
0
0
0
0
0
0
0
0
0
0
0
0
0
0
0
0
0
0
0
0
0
0
0
0
0
0
1
1
1
0
2
0
4
3
2
2
21
8
8
4
18
27
26
23
34
44
43
72
53
43
25
19
24
35
39
22
4
0
0
0
0
0
0
0
0
0
0
0
5
16
22
27
28
32
41
49
27
17
5
1
0
2
2
1
1
5
1
1
0
0
1
0
0
0
3
1
4
19
40
102
156
217
307
382
449
481
440
369
307
193
94
42
22
12
13
18
21
24
19
12
17
20
24
12
20
21
23
25
36
44
68
106
177
258
347
498
545
666
654
714
715
696
661
611
461
350
221
119
71
23
1
0
0
11
14
38
48
54
51
70
76
73
108
125
118
163
133
115
103
120
78
49
58
70
46
22
21
14
12
12
12
6
6
7
5
6
1
2
3
0
0
1
0
0
0
0
0
0
0
0
0
0
0
0
0
0
0
0
0
0
0
0
0
0
0
0
0
0
0
0
0
0
0
0
0
0
0
0
0
0
0
0
0
0
0
0
0
0
0
0
0
0
0
0
0
0
0
3
7
7
2
2
0
0
0
0
0
0
0
1
0
0
0
1
2
0
0
0
0
0
0
0
0
0
0
0
0
0
0
0
0
0
0
0
0
0
0
0
0
0
0
0
0
0
0
0
0
0
0
0
0
1
0
2
2
3
10
12
18
59
126
234
344
452
508
608
758
848
1014
1167
1494
1734
1800
1719
1544
1419
1425
1513
1687
1770
1905
2062
2273
2256
2252
2157
2158
2105
1940
1870
1834
1805
1848
1745
1665
1592
1489
1404
1245
1125
972
815
667
535
380
325
246
172
80
65
66
54
37
50
74
81
97
100
115
119
110
114
93
61
61
39
30
21
22
39
41
46
48
46
34
37
44
55
70
101
118
105
111
134
122
129
119
108
84
44
25
8
7
5
3
4
2
0
0
4
3
11
21
35
25
14
5
0
0
0
0
0
0
0
0
4
1
0
1
0
0
0
0
0
0
3
12
5
2
1
5
5
3
5
2
0
0
0
0
0
0
0
0
0
0
0
0
4
3
6
5
7
1
0
0
0
0
0
0
0
0
0
3
4
4
2
2
0
0
2
1
1
0
0
2
0
2
0
4
12
18
33
37
41
33
31
32
23
13
19
25
28
18
15
11
15
33
40
48
49
56
73
60
31
20
9
3
5
7
19
16
13
5
9
3
1
2
5
2
5
1
2
0
0
0
0
1
0
0
0
0
0
0
5
5
9
11
15
23
43
63
107
117
80
40
28
13
28
69
134
177
238
244
130
10
15
62
107
163
163
109
19
6
29
27
1
0
11
18
5
18
46
92
125
141
146
166
202
155
119
90
61
26
1
1
6
14
37
81
118
160
196
194
208
213
203
230
236
225
197
148
86
44
47
33
11
20
5
8
23
53
57
49
34
16
19
16
18
25
14
10
4
0
3
1
3
2
11
11
17
19
20
11
7
12
14
12
26
20
8
3
2
1
0
0
1
3
5
2
0
0
6
11
17
21
25
57
55
54
44
19
12
4
3
0
2
0
3
9
10
3
3
1
0
0
0
0
0
0
1
6
4
7
3
2
2
2
8
0
3
8
6
1
1
11
7
1
0
2
2
1
2
7
6
5
6
5
31
9
13
11
16
24
62
167
204
196
104
38
9
3
0
1
0
1
1
8
29
23
3
1
7
18
19
25
39
41
27
11
4
1
3
0
3
0
2
0
0
0
0
0
0
0
0
0
0
0
0
0
0
0
0
0
0
0
0
0
0
0
0
0
0
3
4
1
1
0
0
0
0
0
0
0
0
0
0
0
0
0
0
0
0
0
11
8
0
4
4
1
0
0
0
0
0
2
6
0
0
0
0
4
1
0
0
0
0
0
0
0
0
0
0
0
0
0
0
0
0
0
0
0
0
2
11
23
25
31
19
6
4
0
0
0
1
2
0
0
0
2
8
8
7
11
9
3
1
0
0
0
0
0
0
0
0
0
0
0
0
0
0
0
0
18
4
0
5
8
2
0
0
0
0
0
0
0
1
5
8
5
3
1
0
0
0
0
0
1
0
0
0
0
0
0
0
0
0
0
0
0
0
1
9
4
3
0
0
0
0
0
0
0
0
0
0
0
0
0
0
0
0
0
0
0
0
0
0
0
0
0
0
0
0
0
0
0
0
0
0
0
0
0
0
4
6
9
9
12
5
7
4
0
0
0
0
0
0
0
0
0
0
0
0
0
0
0
0
0
0
0
0
0
0
0
0
0
0
0
0
0
0
0
0
0
0
0
0
0
0
0
0
0
0
0
0
0
0
0
0
0
0
0
0
0
0
0
0
0
3
12
0
0
2
3
1
0
0
0
0
0
0
7
15
16
13
9
4
1
1
6
8
15
15
30
30
48
36
57
91
133
184
233
285
355
441
501
580
740
886
954
1146
1287
1349
1440
1556
1628
1699
1732
1801
1839
1876
1960
2083
2170
2230
2325
2370
2452
2491
2478
2358
2038
1780
1704
1681
1627
1458
1343
1079
869
731
687
517
417
368
362
334
229
139
77
67
26
15
5
4
5
10
9
4
6
20
14
14
15
7
1
0
0
0
0
0
0
1
4
6
3
7
11
15
11
8
10
16
18
16
22
24
23
18
12
3
6
6
4
1
1
0
0
0
8
35
10
0
1
8
12
15
5
7
5
6
4
2
3
2
0
0
0
0
0
0
0
0
0
0
0
0
0
0
0
0
0
0
0
0
0
0
0
0
0
0
0
0
0
0
0
0
0
0
0
0
0
0
0
19
4
2
6
9
0
0
0
0
0
0
0
0
0
0
0
0
0
0
0
0
0
0
0
0
0
0
0
0
0
0
0
0
0
0
0
0
0
0
0
0
0
0
0
0
0
0
0
0
1
0
0
10
2
0
3
5
1
0
0
0
0
0
0
0
0
0
0
0
0
0
0
0
0
0
0
0
0
0
0
0
0
0
0
0
0
8
4
0
0
0
0
0
0
0
0
0
0
0
0
0
0
0
0
0
0
0
0
0
0
0
0
0
0
0
0
0
0
0
0
1
12
7
1
4
4
1
0
0
0
0
0
0
0
0
0
0
1
1
1
1
0
0
0
0
0
0
0
0
0
0
0
0
0
0
0
0
0
0
0
0
0
0
0
0
0
0
0
0
0
0
0
0
0
0
0
0
0
0
0
0
0
0
0
0
0
0
0
0
0
0
0
0
0
0
0
0
0
0
0
0
0
0
0
2
12
3
0
4
5
0
0
0
0
0
0
0
0
0
0
0
0
0
0
0
1
0
2
4
0
0
2
1
1
1
0
0
0
0
0
0
0
0
0
0
0
0
0
0
0
0
0
0
0
0
0
0
0
0
0
0
0
0
0
0
0
0
0
0
0
0
0
0
0
0
0
0
0
0
0
0
0
0
0
0
0
0
0
0
0
0
0
0
0
0
0
0
0
0
0
0
3
9
3
29
163
110
9
2
48
13
12
81
93
43
11
4
19
13
13
8
2
0
0
2
6
20
23
36
40
94
175
286
361
337
269
270
277
315
325
308
266
173
157
108
66
34
17
5
0
0
0
0
0
0
0
0
0
0
0
0
0
0
0
0
0
0
0
0
0
0
0
0
0
0
0
0
0
0
0
0
2
4
5
0
0
0
0
0
0
0
0
0
2
2
2
6
4
2
3
0
0
0
0
0
2
0
0
0
2
0
0
0
0
0
0
0
0
1
2
0
2
2
2
1
2
1
10
16
30
41
53
66
68
80
99
105
120
152
159
181
224
220
244
266
244
171
120
107
71
103
131
145
188
193
220
206
186
186
209
252
302
322
363
383
373
445
580
673
735
823
830
912
909
1029
1082
1275
1413
1653
1853
1942
2139
2204
2204
2138
2075
2060
2038
2091
1909
1615
1301
1271
1415
1475
1414
1284
1216
1177
1075
1010
857
774
625
1133
348
232
102
41
11
7
12
10
20
30
30
37
40
64
83
106
110
94
88
52
28
12
13
10
7
6
3
1
0
0
0
0
0
0
0
0
0
0
0
0
0
0
0
0
0
0
0
0
8
10
9
3
2
1
0
0
0
0
0
0
0
0
0
0
0
1
0
0
2
2
15
14
6
8
2
2
0
0
0
0
0
0
0
0
0
0
0
0
0
0
0
0
0
0
0
0
0
0
0
0
0
2
0
0
0
0
0
0
0
0
0
0
0
0
0
0
0
0
0
0
0
0
0
0
0
0
0
0
0
17
3
0
4
6
6
0
0
0
0
0
0
0
0
0
0
0
0
0
0
0
0
0
0
0
0
0
0
0
0
0
0
0
0
0
0
0
0
0
0
0
0
0
0
0
0
0
0
0
1
4
8
37
73
163
235
214
215
221
306
458
550
652
842
880
746
580
367
362
389
447
511
564
615
682
777
814
864
928
943
935
953
934
1006
966
937
963
1000
1066
1099
1273
1280
1295
1244
1153
1098
1050
964
860
757
701
585
414
296
172
103
81
46
50
73
78
106
105
150
219
263
341
407
463
490
578
650
658
727
754
780
843
881
893
949
960
956
976
933
933
916
833
828
760
734
710
585
573
504
420
401
309
247
192
157
108
151
140
143
312
391
314
164
259
391
446
498
584
658
838
939
1027
1085
1124
1099
1044
969
827
761
682
640
651
658
715
781
870
1055
1212
1383
1571
1706
1922
2188
2306
2289
2005
1569
1466
1519
1582
1588
1491
1410
1276
984
669
537
494
416
251
102
13
9
102
123
84
45
77
60
48
30
34
30
22
16
17
15
8
4
2
5
5
6
0
3
6
10
13
12
14
16
19
22
23
26
20
19
16
11
0
0
1
1
0
0
0
0
0
0
0
0
0
0
0
0
0
1
0
0
3
2
3
0
0
1
0
1
0
0
0
0
0
0
0
0
8
20
0
0
6
5
1
2
10
16
21
42
37
39
33
24
21
25
26
10
8
11
7
12
16
8
2
0
0
1
0
0
0
0
0
0
0
0
0
0
0
0
0
3
0
0
4
3
2
7
14
17
30
23
29
23
20
22
22
18
35
35
29
31
43
43
43
34
83
117
141
190
218
257
297
363
396
470
538
634
705
769
858
952
1098
1260
1500
1708
1967
2116
3513
1552
1565
1516
1409
1325
1231
1080
919
779
617
497
398
340
286
231
180
154
150
147
139
156
150
163
158
138
105
114
110
92
81
89
86
63
52
46
40
42
33
16
11
17
35
77
116
82
48
23
41
59
65
60
36
18
20
18
19
6
15
30
35
32
51
28
11
5
12
6
4
3
1
1
0
0
0
0
0
0
0
0
3
13
27
48
51
50
36
20
8
3
0
0
4
4
9
9
6
4
16
24
26
26
11
11
23
25
25
21
16
9
8
7
4
5
2
4
2
0
0
0
0
0
0
0
0
3
0
0
0
0
0
0
0
2
4
9
9
13
9
0
1
1
1
0
1
3
18
34
64
55
78
83
110
169
199
130
118
89
60
56
57
47
44
31
14
6
0
0
0
0
0
0
0
0
0
0
0
0
0
0
0
0
1
0
6
9
22
24
28
28
32
33
51
58
66
66
69
67
66
46
44
24
15
8
1
0
0
0
0
0
0
0
0
2
0
0
0
0
0
0
0
3
8
1
0
0
3
3
0
0
0
0
0
0
0
1
2
3
0
0
0
0
0
0
0
0
0
0
0
0
0
0
0
0
0
0
0
0
0
0
0
0
0
0
0
0
0
0
0
0
4
3
8
4
3
0
0
0
0
1
2
3
0
7
7
10
11
22
27
32
34
57
84
96
134
152
156
132
151
134
110
99
133
147
179
168
181
165
147
186
244
283
387
440
561
625
722
811
913
980
1074
1170
1261
1313
1383
1436
1493
1484
1448
1490
1524
1495
1483
1512
1517
1517
1520
1400
1248
1101
1102
1185
1168
1061
917
733
579
455
331
229
163
128
109
107
69
9
6
3
4
1
5
4
7
5
3
9
5
4
2
1
4
3
0
0
0
0
0
0
0
1
5
12
5
5
2
2
2
0
0
0
0
1
1
4
2
2
0
1
0
0
0
0
0
0
0
0
0
0
0
0
0
0
0
0
14
11
0
1
7
6
1
0
0
0
0
0
0
0
0
0
0
0
1
3
5
0
0
0
0
0
0
0
0
0
0
0
0
0
0
0
0
0
0
0
0
0
0
0
0
0
0
0
0
0
0
0
0
0
0
0
0
0
0
0
0
0
0
0
0
0
0
0
0
0
0
0
0
0
0
0
0
0
0
0
0
0
0
0
0
0
0
0
0
0
0
0
0
0
0
0
0
0
0
0
0
2
0
0
0
0
0
0
0
0
0
0
0
0
0
3
0
0
0
0
0
0
0
0
0
0
0
0
0
0
0
0
0
0
0
0
0
0
0
0
0
0
0
0
0
0
0
0
0
0
0
0
0
0
0
0
0
0
0
0
0
0
0
0
0
0
0
0
0
0
0
0
0
0
0
0
0
0
0
0
0
0
0
0
0
0
0
0
0
0
0
2
0
1
7
24
45
72
118
150
215
247
230
234
234
232
207
162
125
114
96
67
69
82
98
133
142
176
219
232
279
320
337
365
364
368
439
393
438
370
438
415
382
381
364
333
233
226
153
94
48
25
1
0
0
7
46
78
151
227
279
371
431
485
582
614
714
702
781
735
818
769
739
748
712
594
606
499
458
414
365
331
262
235
197
163
152
143
90
62
38
41
60
52
23
10
1
0
0
1
0
0
0
1
0
0
0
0
0
0
0
0
0
15
5
0
1
0
0
0
0
0
0
0
0
0
0
0
0
0
1
1
6
3
0
0
0
0
0
0
0
0
0
0
0
0
0
0
0
0
0
0
0
0
0
0
2
3
0
0
20
1
0
1
5
2
1
1
0
1
0
0
0
0
0
0
0
0
0
0
0
0
0
0
0
0
0
0
0
0
0
0
0
0
0
0
0
0
0
0
0
0
0
0
0
0
0
6
2
10
5
6
19
21
17
7
3
4
3
1
1
0
1
1
0
0
0
1
6
6
8
16
10
3
3
1
0
0
0
0
0
1
2
0
0
0
0
0
0
0
0
1
0
0
2
0
0
0
0
0
0
0
0
0
2
5
1
2
3
14
24
40
31
35
38
41
75
87
111
85
126
105
103
122
144
156
157
168
194
196
177
132
83
42
31
44
32
37
29
24
18
47
71
102
134
170
188
230
250
245
273
244
248
200
181
157
152
180
191
150
101
41
4
2
3
3
0
0
0
0
0
1
3
3
3
4
3
0
1
1
0
0
0
0
0
0
6
4
6
2
1
3
10
5
5
6
4
6
4
6
0
4
4
14
18
29
34
38
39
50
63
62
50
23
9
26
3
0
9
2
1
0
0
1
0
1
1
13
30
31
26
14
15
9
4
0
2
0
0
9
14
40
200
347
421
337
298
265
292
259
266
231
236
229
89
7
72
69
34
3
4
4
11
15
17
15
4
1
7
15
21
31
44
32
32
19
0
0
1
0
14
35
49
39
12
6
0
0
0
0
0
0
0
0
1
3
1
0
1
1
15
63
46
17
9
2
4
15
30
40
21
18
30
42
26
26
34
28
23
14
14
14
27
58
147
239
342
419
488
502
464
432
324
287
217
134
65
24
0
0
0
0
0
0
0
0
0
0
0
0
0
0
0
0
0
0
0
0
0
0
0
0
0
0
2
1
0
0
0
0
0
0
1
1
0
2
1
1
0
0
0
0
0
0
0
0
0
0
0
0
0
0
0
0
0
0
2
0
0
0
0
0
0
0
0
0
0
0
0
0
0
0
0
0
0
0
0
0
0
0
0
0
0
0
0
0
0
0
0
1
1
0
0
0
1
3
15
15
25
36
39
48
46
46
62
71
103
151
131
116
79
68
54
38
21
8
2
1
0
0
2
1
5
4
1
1
1
0
0
0
14
11
0
0
3
1
0
0
0
0
0
0
0
0
0
0
0
0
0
0
0
0
1
2
2
0
0
0
0
0
0
0
0
0
0
0
0
0
0
0
0
0
0
0
0
0
0
0
0
0
0
0
0
0
0
0
0
0
0
0
0
0
0
0
0
0
0
0
0
0
0
0
0
0
0
0
0
0
0
0
0
0
0
0
0
0
0
0
0
0
0
0
0
0
0
0
0
0
0
0
0
0
0
0
0
0
0
0
0
0
13
8
0
1
4
0
1
0
0
0
0
0
0
0
0
0
0
0
0
0
0
0
0
0
1
4
7
4
3
0
0
0
0
0
0
0
0
0
5
27
70
137
268
411
525
563
564
544
467
402
275
178
102
58
43
19
9
2
0
0
0
0
0
0
0
0
0
0
0
0
2
0
0
0
0
0
0
2
4
0
0
2
1
0
0
0
0
0
0
0
0
0
0
0
0
4
4
7
6
2
1
6
0
0
0
0
0
0
1
0
0
8
13
11
14
18
26
36
39
52
189
348
495
646
700
699
640
550
416
251
126
40
10
1
1
0
1
0
1
0
0
0
0
0
0
0
0
0
0
0
0
0
1
0
2
4
26
0
1
16
64
79
66
69
46
56
46
41
34
32
19
15
15
22
29
26
20
13
4
0
0
0
4
11
0
2
6
1
0
3
6
15
13
3
3
0
1
0
0
1
1
0
0
0
0
0
0
0
0
0
0
0
0
0
0
0
0
0
0
0
0
0
0
0
0
0
0
0
0
0
0
1
3
0
1
0
22
3
0
3
5
0
0
0
0
0
0
0
0
0
0
0
0
0
0
0
0
0
0
0
0
0
0
0
0
0
0
0
0
0
0
0
0
1
0
0
2
2
0
7
37
61
64
50
44
40
30
40
46
38
26
40
57
65
71
87
113
90
55
61
45
24
8
5
5
0
0
0
3
2
5
5
1
5
1
0
1
0
0
1
1
0
5
3
2
5
10
7
38
253
360
233
88
130
124
11
10
14
22
32
44
33
30
33
92
9
11
14
9
3
2
8
26
18
16
17
11
21
24
24
42
50
59
35
18
13
69
154
176
187
132
70
12
3
0
4
24
39
64
80
86
79
82
63
41
21
5
2
0
0
0
0
0
1
2
3
0
1
0
0
1
1
2
0
2
0
0
0
0
1
0
0
0
0
2
3
0
0
0
0
0
0
0
0
0
0
0
0
0
0
0
0
0
0
0
0
0
0
0
0
0
0
0
0
0
0
0
0
0
0
0
0
0
0
0
0
0
3
29
2
3
32
43
53
57
64
71
47
54
48
38
27
17
15
12
5
2
2
1
0
0
0
0
0
0
0
0
0
0
0
0
0
0
0
0
0
0
0
0
0
0
0
0
0
0
0
0
0
0
0
0
0
0
0
0
0
0
0
0
0
0
0
0
0
0
0
0
0
0
0
0
0
0
0
0
0
0
0
0
0
0
0
0
0
0
0
0
0
0
0
0
0
0
0
0
0
0
0
0
0
0
0
0
0
2
0
0
0
0
0
0
0
1
0
0
0
0
0
0
0
0
0
0
0
0
0
0
0
0
0
0
0
1
0
1
1
4
10
13
30
28
16
9
0
0
0
0
3
24
3
4
10
6
3
2
0
0
0
0
0
0
0
0
0
3
1
1
4
3
2
0
0
0
0
0
0
0
0
0
0
0
1
3
2
0
0
0
0
0
0
0
0
0
0
0
0
0
0
0
0
0
0
0
0
11
14
0
3
8
1
0
0
0
0
0
0
0
0
0
0
0
0
0
0
0
0
0
0
0
0
0
0
0
0
0
0
0
0
0
0
0
0
0
0
0
0
0
0
0
0
0
0
0
0
0
0
0
0
0
0
0
0
0
0
0
0
0
0
0
0
0
0
0
0
0
0
0
0
0
2
0
0
0
7
12
12
1
2
6
8
5
3
0
0
0
0
0
0
0
0
4
4
7
19
31
34
29
25
16
5
0
0
0
0
0
0
1
2
0
1
0
0
0
0
0
0
4
16
27
26
8
16
53
109
146
134
181
236
284
323
339
341
384
395
410
402
296
217
112
34
4
0
2
15
26
46
41
27
34
26
32
32
30
31
16
4
8
8
1
0
0
2
0
0
0
0
0
3
1
3
10
1
0
0
0
1
0
0
1
0
2
2
14
20
26
16
15
25
32
29
19
12
31
51
49
66
66
71
63
60
67
65
76
86
72
75
65
68
51
64
92
122
129
157
150
204
281
305
332
338
294
280
247
225
207
189
143
122
103
69
32
15
2
0
0
7
13
24
29
31
29
25
19
26
27
24
29
18
22
27
23
15
9
24
42
72
59
15
4
6
6
1
39
135
186
174
145
147
201
259
313
374
422
451
487
510
543
516
536
578
530
532
468
416
423
426
449
533
645
765
901
1093
1208
1355
1474
1597
1682
1765
1936
2081
2221
2315
2437
2501
2512
2348
2227
2113
2010
1949
1874
1862
1838
1742
1628
1555
1540
1498
1430
1388
1333
1275
1193
1155
1137
1092
1023
934
882
813
795
734
707
740
753
782
717
530
376
296
235
172
175
176
282
352
439
455
422
374
329
272
211
174
116
95
58
48
41
13
24
25
78
126
151
124
119
111
96
88
64
57
41
25
14
22
20
23
18
25
25
17
19
19
25
37
30
12
6
0
0
0
0
0
1
0
0
0
0
0
0
0
0
0
0
0
0
0
0
0
0
1
3
10
28
28
18
23
7
9
6
15
16
9
9
10
20
37
20
7
1
0
0
0
0
4
6
1
0
0
0
0
0
0
0
0
0
0
0
0
0
0
0
1
0
0
0
0
0
0
0
48567
48800
0
0
0
0
0
0
0
0
0
0
0
0
0
0
0
0
0
0
0
0
0
0
0
0
0
0
