14943
17
30
29
30
35
21
11
23
36
53
66
56
55
52
96
154
238
279
326
403
456
479
473
473
425
413
405
419
437
327
236
164
168
151
206
172
196
174
147
153
157
197
281
387
468
551
573
525
506
400
314
274
294
265
245
199
120
68
43
34
42
63
83
100
135
129
97
115
127
144
125
110
150
174
131
125
97
105
76
53
54
64
65
52
52
96
183
327
504
676
704
578
403
301
168
94
52
17
13
7
14
16
20
36
47
28
16
9
3
1
0
13
4
12
13
23
11
9
20
19
15
4
3
3
0
3
18
35
36
33
35
61
123
195
303
609
928
1224
1584
1865
1995
1943
1760
1590
1453
1321
1299
1370
1261
1206
1237
1282
1268
915
590
436
397
464
610
733
779
812
767
719
840
1068
1183
1208
1128
1004
818
651
465
371
300
267
210
143
137
150
120
109
142
143
173
211
168
124
121
141
121
123
112
92
132
146
145
81
68
92
115
149
188
248
305
245
475
848
1601
2379
2637
2560
2300
1849
1489
1352
1264
1220
965
658
367
294
270
309
307
294
269
244
275
478
787
896
718
510
196
178
120
34
29
62
98
152
199
211
268
342
519
661
619
408
460
752
749
839
1192
1535
1972
2452
3043
3581
3958
3757
3139
2052
864
879
1072
1217
1217
1111
968
818
662
575
440
317
96
136
237
297
300
278
225
194
213
256
259
274
323
349
258
216
167
104
89
27
29
25
22
31
35
57
78
61
35
20
27
56
173
304
343
319
218
144
94
67
52
43
51
60
64
71
62
79
94
113
117
108
64
38
44
75
82
89
106
96
75
63
67
51
25
19
8
6
4
14
16
19
14
11
13
20
11
15
12
25
26
24
21
17
22
20
20
29
31
21
6
3
5
3
11
4
14
9
14
20
22
22
10
9
4
3
1
2
1
3
3
4
1
4
4
5
2
1
2
0
0
0
0
0
8
12
13
21
34
91
154
165
131
108
55
32
42
45
11
8
22
29
20
11
9
3
3
1
1
2
14
16
23
28
34
23
32
43
45
44
41
52
52
34
28
40
28
43
40
50
47
17
6
18
8
5
21
13
0
0
1
3
1
0
15
24
32
45
46
37
33
24
26
31
26
14
4
1
0
0
0
0
1
0
0
7
1
0
1
2
0
0
0
0
0
2
0
0
5
2
2
0
17
154
63
59
55
64
49
15
0
0
9
25
26
15
5
0
0
2
0
0
0
0
0
0
0
0
0
0
0
1
1
1
0
0
0
1
0
0
15
18
27
71
106
106
96
78
60
42
26
13
7
6
3
0
0
0
0
0
3
1
1
0
5
21
68
156
224
544
1092
1589
2084
2593
2661
2401
1738
1373
904
724
826
904
863
730
556
323
244
235
230
214
303
647
1128
1472
1694
1783
1582
1463
1238
863
603
432
351
319
255
269
276
322
304
317
302
278
268
264
282
336
369
463
530
557
605
626
658
721
780
851
957
1095
1191
1250
1274
1150
803
564
495
846
1104
1201
1053
799
562
323
270
272
280
256
240
246
242
196
106
94
123
142
101
109
125
99
92
78
68
56
63
88
110
108
106
113
129
172
191
153
126
82
62
35
14
6
9
37
38
24
21
28
12
4
43
60
55
31
4
4
9
3
0
1
15
9
13
4
0
0
0
5
26
64
130
140
122
96
95
86
80
47
36
9
6
11
21
20
18
23
18
6
14
12
30
62
93
125
120
117
121
107
105
96
69
33
21
18
18
11
7
6
6
9
5
4
5
40
120
240
297
323
347
306
219
185
148
128
89
73
51
38
10
4
6
13
15
33
43
19
36
19
0
12
15
28
28
17
7
9
8
10
7
6
7
13
37
69
85
65
35
13
2
0
0
0
2
0
0
0
1
0
0
7
25
29
37
37
37
36
26
8
1
1
0
2
0
0
0
0
0
1
5
4
2
0
0
0
0
0
0
0
0
0
4
0
0
0
0
1
0
0
0
0
1
0
0
0
0
0
0
0
0
0
0
0
0
0
0
11
11
2
2
4
6
9
13
28
21
11
18
24
8
0
0
0
0
0
0
0
0
0
0
0
0
0
0
0
0
0
0
0
0
0
0
0
0
0
0
0
0
0
0
0
0
5
0
0
0
0
0
0
0
2
15
24
25
19
8
6
9
11
13
13
4
5
4
34
128
242
259
240
169
101
112
237
329
301
205
96
71
76
78
39
22
31
61
70
70
62
44
32
22
23
19
33
46
52
61
58
49
29
21
18
12
10
8
15
18
25
19
10
5
20
22
38
77
106
105
73
45
20
8
4
6
24
31
30
27
27
28
54
90
123
158
162
87
1
8
16
6
42
48
41
23
9
6
5
1
2
0
0
2
3
7
10
32
47
27
2
2
24
37
45
45
40
43
47
43
46
60
60
27
19
24
21
16
67
168
297
305
307
448
449
382
230
149
143
107
145
155
129
79
76
78
76
65
65
48
31
27
21
13
22
32
19
23
25
23
15
8
16
22
17
4
63
76
49
15
6
1
2
12
9
5
7
3
11
13
13
14
14
16
18
19
15
7
1
0
0
4
1
5
6
5
1
2
9
25
60
63
53
74
49
30
17
14
28
27
19
14
19
18
9
9
20
21
29
13
15
16
14
11
15
7
5
3
2
8
32
44
110
250
418
404
387
285
156
79
51
84
120
109
86
50
13
11
5
5
11
15
13
4
1
1
3
6
5
7
7
7
8
10
13
41
115
155
213
256
319
380
442
349
284
190
250
407
643
779
742
547
393
583
500
284
316
400
472
554
658
633
675
684
564
427
236
112
67
63
78
71
55
60
45
39
30
14
91
266
377
389
352
171
37
60
72
57
79
111
107
73
49
63
83
97
119
55
19
28
71
107
161
250
346
353
284
218
132
184
92
49
42
53
9
9
21
21
28
13
10
7
10
5
16
41
62
60
69
80
116
133
153
225
254
203
168
129
108
68
31
44
40
9
20
27
10
38
61
133
171
152
137
153
147
105
114
130
182
252
271
291
256
202
167
157
144
147
149
130
113
127
129
100
75
34
27
33
23
26
28
29
37
24
22
26
36
31
37
36
36
28
42
49
37
40
53
37
44
31
26
29
30
73
109
114
98
116
167
211
273
268
273
282
235
168
73
36
65
186
227
220
208
198
175
168
125
62
27
54
132
145
103
36
16
7
5
8
3
20
15
9
9
16
18
61
3
2
1
4
1
6
3
2
1
6
11
14
5
0
0
0
0
0
0
0
5
0
12
28
7
6
19
29
30
85
190
311
347
350
284
241
194
162
130
147
102
87
70
95
134
220
300
389
381
311
170
336
670
1252
1546
1794
1879
1859
1745
1534
1134
681
404
172
373
610
882
1178
1366
1556
1624
1579
1363
1022
705
528
371
388
355
277
207
180
167
139
108
84
180
258
187
82
87
31
19
42
48
41
61
76
78
61
23
7
14
18
14
28
32
24
44
80
53
71
81
72
75
54
104
33
1
1
0
0
0
1
0
0
3
11
15
22
34
37
34
28
16
10
3
0
9
36
12
9
11
8
22
28
24
15
18
13
10
7
3
0
0
0
0
0
3
6
5
0
0
0
0
2
4
5
4
6
8
2
0
0
0
0
9
23
16
21
57
61
70
74
109
145
185
232
216
166
127
97
81
64
39
76
77
66
53
60
86
88
59
16
4
0
1
7
5
1
1
8
11
14
11
14
9
14
8
2
0
1
0
1
0
0
0
3
15
27
28
34
36
45
36
41
35
20
14
8
5
3
3
0
8
47
117
234
309
313
260
217
155
102
70
45
27
15
10
4
3
2
0
1
0
1
0
0
0
0
0
1
0
3
2
1
1
0
1
0
3
0
1
0
5
4
0
0
0
0
0
0
0
0
0
8
13
10
18
51
84
170
242
300
356
367
294
216
138
81
49
49
45
41
36
64
76
88
94
69
44
32
25
54
82
62
19
7
1
8
8
0
0
1
9
10
8
0
0
9
6
0
0
0
1
0
0
1
5
7
2
4
1
0
3
0
4
5
10
8
10
9
6
1
2
13
17
0
6
8
0
0
0
0
0
0
0
0
0
0
0
0
2
1
0
0
0
0
0
0
0
0
0
0
0
0
0
0
0
0
0
0
0
0
1
1
1
0
0
0
0
1
0
2
3
0
0
0
0
0
5
16
0
5
7
0
0
0
0
4
11
12
13
18
49
146
198
220
223
218
206
186
170
157
142
106
71
58
63
35
17
3
0
12
28
32
29
34
32
43
77
83
70
47
45
39
25
17
12
7
0
0
1
0
2
3
0
0
4
2
1
2
13
14
19
17
48
86
103
92
86
93
115
104
114
113
119
129
128
154
174
174
144
119
70
42
37
28
15
13
4
2
5
16
42
52
133
198
225
229
235
221
184
153
137
141
146
135
125
105
70
37
9
4
12
32
51
48
57
49
37
18
5
5
14
13
17
13
14
15
21
25
36
25
17
7
6
16
25
6
0
3
6
4
0
0
0
1
0
2
8
6
0
0
0
0
0
0
0
0
14
27
11
15
19
12
3
0
0
1
8
5
3
4
4
0
0
0
0
0
0
2
42
94
109
117
105
104
78
35
14
9
3
3
7
8
45
7
13
10
12
17
22
16
23
55
57
67
80
60
48
79
99
99
100
100
102
96
102
94
98
85
67
57
50
40
35
35
34
32
36
35
22
5
10
13
12
5
8
0
0
0
0
3
0
1
0
3
2
3
4
4
3
5
32
74
109
121
88
70
84
83
75
51
38
24
32
35
20
21
44
15
16
12
17
26
24
22
16
25
28
16
8
6
0
3
6
29
33
22
14
13
10
10
12
13
14
24
11
3
5
4
2
5
3
1
5
5
18
41
38
62
74
33
15
79
218
384
464
468
364
257
154
74
39
24
15
5
2
1
0
1
6
15
18
23
40
41
32
28
25
23
22
24
23
25
19
3
2
5
10
16
26
31
41
61
66
61
53
71
65
32
11
8
5
0
0
0
0
1
2
1
0
4
4
0
0
0
0
0
0
1
3
2
3
9
11
49
124
209
280
284
262
256
201
143
69
58
77
78
58
35
25
28
35
38
38
32
22
10
6
0
3
25
8
0
0
0
1
1
1
0
0
6
15
20
70
118
145
217
293
331
287
254
285
381
458
463
413
460
449
435
452
473
420
313
149
14
104
210
238
201
127
60
40
48
56
96
144
148
141
79
32
5
22
26
7
0
0
1
8
20
18
22
22
27
16
3
3
23
60
43
29
13
7
1
3
29
38
32
25
24
12
4
3
11
30
96
161
190
168
109
63
30
141
214
230
218
172
131
93
61
49
40
27
50
53
137
707
1322
1818
2093
2141
1812
1288
939
1037
1117
668
469
447
397
312
302
239
137
154
183
259
220
167
121
139
216
225
216
144
69
25
9
31
54
49
23
18
4
0
5
18
26
17
12
22
17
12
8
8
3
10
12
38
38
67
129
213
338
494
743
1083
1245
1166
942
615
338
239
246
314
431
526
629
657
540
368
237
202
153
221
243
310
446
542
547
452
312
460
555
657
656
623
635
710
680
497
522
609
584
441
236
210
269
299
222
60
58
94
95
91
103
119
130
69
48
19
14
10
1
0
0
5
13
70
182
252
284
340
338
277
316
381
365
317
213
115
47
112
169
128
67
53
27
19
22
55
55
294
674
1300
1644
1855
1836
1539
1153
733
506
499
394
355
291
187
114
81
55
108
248
359
478
598
795
931
915
746
364
356
283
222
209
515
365
459
520
540
510
476
347
155
18
10
40
91
126
108
77
107
104
91
38
10
15
33
39
35
31
38
71
130
235
403
700
1012
1310
1568
1669
1650
1438
1114
732
421
240
159
119
37
37
63
67
52
47
48
67
90
56
62
61
84
80
84
64
43
43
32
59
91
96
104
94
77
67
54
13
3
2
0
4
3
2
15
34
58
54
34
18
2
18
16
6
5
7
8
14
24
33
42
53
70
93
84
376
995
1700
2183
2453
2425
2281
1938
1699
1710
1330
771
542
392
355
361
401
387
337
239
143
139
173
175
162
119
83
67
49
32
12
5
2
2
2
1
2
46
87
162
198
213
204
167
97
46
4
13
30
23
12
6
4
3
0
4
5
9
10
5
20
45
59
67
59
43
51
176
291
311
449
491
410
333
349
259
112
70
173
333
527
1018
1303
1558
1623
1505
1186
997
948
858
865
816
826
782
740
607
524
407
299
215
163
128
118
113
114
113
89
83
58
51
49
23
7
1
2
6
8
9
16
16
20
15
20
34
79
136
247
399
554
864
1056
1241
1496
1968
2434
2602
2498
2275
2127
1984
1639
1236
872
621
470
337
332
423
499
550
579
497
393
301
163
84
80
122
137
129
101
81
44
16
14
31
41
37
21
41
56
81
88
102
104
119
115
100
88
70
55
52
53
48
19
7
3
2
2
0
3
6
20
25
39
29
9
8
7
2
0
0
0
0
0
0
0
0
0
0
0
0
0
0
0
0
0
0
13
68
170
248
267
249
228
201
133
181
197
103
74
107
122
116
129
212
576
1655
2369
2678
2722
2210
1835
1580
1043
898
961
571
988
1351
1747
1949
1922
1450
822
456
575
810
994
1020
959
888
911
860
748
655
571
480
482
474
426
268
439
469
472
466
428
371
314
265
201
178
131
70
60
74
89
104
166
214
252
243
174
158
177
236
256
204
163
125
117
143
182
226
292
331
333
305
340
691
1116
1629
1797
1634
1437
1111
758
692
711
497
282
329
376
513
652
1059
1124
748
370
491
416
389
481
592
598
672
738
729
638
579
472
412
343
395
603
729
803
689
407
262
166
125
76
78
130
163
159
146
131
121
117
125
113
73
150
546
1159
1087
445
535
466
607
812
639
310
78
100
107
224
489
532
445
618
659
501
357
376
335
416
449
437
408
452
624
895
1255
1644
1842
1880
1757
1485
1726
828
683
616
574
504
345
263
330
324
250
272
244
190
225
210
196
204
158
120
135
107
46
38
42
33
39
64
43
27
19
10
0
0
0
2
4
3
10
16
33
28
38
20
17
35
114
189
729
1450
1897
1974
1864
1549
921
650
564
323
142
154
150
142
153
172
182
208
301
357
351
292
195
196
324
359
380
352
240
120
19
1
24
63
92
123
165
258
361
429
435
381
298
227
152
95
56
46
48
54
43
95
242
316
423
435
459
549
783
1032
1234
1250
1503
1549
1397
1099
799
631
549
458
449
427
451
501
600
643
621
490
464
480
519
586
784
877
742
486
246
325
210
376
685
1012
1139
834
205
452
473
429
420
272
282
313
310
355
285
247
186
130
96
112
249
339
401
492
603
710
843
885
952
962
997
940
896
818
740
658
589
648
633
592
511
436
402
505
865
1104
1069
975
854
712
459
302
378
257
237
294
360
386
340
330
246
253
377
447
481
597
657
579
359
205
160
236
348
446
486
468
509
513
518
524
558
616
598
624
647
643
533
386
296
335
289
260
183
111
111
154
245
400
466
470
437
456
520
537
462
328
284
245
201
193
326
786
1458
1786
1943
1835
1536
1178
869
675
634
540
461
454
582
656
719
616
544
455
393
334
308
329
326
451
592
565
533
438
363
336
293
240
199
169
125
141
167
193
241
336
404
499
589
645
716
727
682
683
616
550
450
279
223
389
874
1229
1173
1054
1023
1154
1190
1042
979
1018
1108
1105
1375
1514
1492
1314
1106
1025
1001
1038
1021
1084
1203
1224
1268
1162
1126
1083
1218
1338
1357
1295
1201
1046
1001
1050
1099
1056
863
679
741
908
1111
1335
1369
1221
1054
961
920
948
907
748
624
555
474
404
363
391
497
576
540
524
499
328
290
346
414
433
345
181
125
119
133
110
83
105
154
252
353
502
600
607
631
624
614
579
673
825
945
1050
1061
1025
909
820
724
545
361
221
125
72
35
21
2
7
51
97
132
123
154
137
103
57
48
40
27
16
15
16
15
6
1
0
0
1
2
0
2
12
1
0
0
20
26
23
11
4
4
3
1
0
1
2
19
65
188
282
303
309
297
247
149
106
66
73
98
76
80
105
107
128
166
196
245
315
345
349
331
318
270
222
162
97
72
88
110
120
141
175
197
175
128
106
56
13
9
0
1
0
0
0
0
2
0
0
1
0
17
0
2
4
6
7
5
3
0
1
0
1
0
0
0
0
0
0
0
0
0
0
0
0
0
1
1
0
0
0
0
0
0
0
0
0
0
0
0
0
0
0
0
0
0
0
0
0
0
0
0
0
1
2
3
3
2
0
0
0
0
0
0
0
0
0
0
0
0
0
0
1
0
0
5
14
3
9
23
33
50
54
33
18
9
1
0
0
0
0
0
5
6
7
0
0
0
0
0
0
0
0
0
0
0
0
0
0
0
0
0
0
0
10
49
135
288
417
474
556
609
571
446
459
471
470
499
443
199
140
215
210
218
198
200
251
309
282
232
206
273
314
313
354
312
270
216
140
140
100
99
102
98
131
154
172
254
259
268
249
253
201
216
183
166
188
172
168
169
164
160
156
150
164
167
170
165
172
157
93
59
58
189
390
449
403
354
274
212
212
213
156
112
64
35
45
58
59
62
50
44
54
67
108
121
143
163
160
123
118
111
106
97
87
60
58
60
50
58
37
16
7
26
43
59
72
58
40
33
18
4
2
3
9
17
17
24
40
61
67
59
38
18
8
4
3
7
18
29
24
0
10
8
4
1
0
0
0
0
0
0
0
0
0
0
0
0
0
3
13
35
45
44
20
4
2
1
4
0
0
0
1
3
10
12
41
55
44
22
12
0
4
4
0
0
0
2
23
16
0
11
9
5
3
7
11
7
0
0
0
0
0
0
0
0
0
0
0
0
0
1
4
5
0
0
3
15
47
74
47
55
31
12
10
0
0
0
0
0
0
0
0
0
0
0
0
0
8
18
21
5
0
0
0
0
5
3
2
1
0
0
0
0
0
0
0
0
0
0
0
0
0
16
19
0
9
9
40
185
271
384
411
660
871
994
1052
963
886
753
478
170
178
220
233
209
279
261
288
317
330
437
543
570
435
163
363
553
669
648
634
485
309
326
346
179
213
247
325
403
433
437
469
421
314
244
287
377
386
359
321
302
235
210
160
117
136
195
310
404
448
462
455
449
466
463
489
527
559
600
560
405
308
352
422
424
400
404
403
407
406
395
326
228
163
145
136
89
90
139
114
66
49
50
34
46
131
175
189
180
119
196
386
436
413
262
160
125
154
155
119
138
138
253
557
1110
1896
2510
2919
3029
2637
2349
1015
577
374
441
713
949
872
642
574
496
442
271
190
363
384
252
150
178
234
247
261
241
221
179
141
77
43
26
28
35
42
47
70
81
68
78
50
26
9
11
41
98
111
57
142
403
445
432
544
460
314
316
362
447
651
891
931
927
865
754
630
551
450
504
586
580
531
465
400
278
229
177
167
361
693
811
988
1070
938
671
481
620
747
999
1414
1825
2416
2599
2608
2498
2207
1682
919
496
416
277
204
245
222
138
80
72
48
48
63
72
73
64
59
38
37
39
53
57
65
37
10
17
22
25
10
13
8
4
1
4
3
5
0
0
5
4
1
2
1
3
7
6
5
3
4
1
7
11
15
14
26
39
40
32
14
12
25
106
256
570
872
930
885
628
510
408
438
424
409
561
710
771
826
854
964
1159
1277
1309
1490
1726
1877
1563
1142
703
893
1193
1388
1290
997
603
824
1069
1260
1255
866
379
700
834
686
413
216
286
453
882
1514
2168
2267
2142
1728
1604
1368
1185
1120
1143
1245
1306
1399
1491
1581
1414
1469
1767
2095
2345
2493
2615
2708
2518
2238
2078
1655
1207
958
918
1128
1433
1779
2135
2580
2893
4239
3133
2875
2549
2148
1756
1333
894
421
198
372
468
528
549
534
445
357
309
369
556
800
1223
1907
2576
2784
2499
2130
1751
1392
1061
881
1225
1491
1640
1992
2128
1825
1688
1696
1686
1770
1712
1573
1548
1540
1507
1465
1238
933
923
1094
1288
1434
1601
1740
1982
2326
2654
2645
2470
2251
1897
1410
1360
1552
1726
1669
1447
1120
869
691
722
781
780
717
668
794
837
889
922
750
558
505
478
305
214
198
189
175
143
136
124
124
134
151
142
68
92
125
142
147
89
51
51
55
61
74
59
39
60
80
110
116
109
124
125
158
155
196
243
249
221
190
211
198
229
258
316
392
499
544
606
569
574
571
500
429
358
256
195
173
123
104
90
84
72
39
25
30
40
44
29
0
8
13
5
10
28
91
289
471
619
722
719
662
595
464
331
212
142
93
90
85
71
44
32
16
9
10
20
18
19
18
22
40
54
32
34
39
39
23
13
5
8
4
0
0
0
0
0
0
20
44
106
217
298
377
394
363
357
318
250
163
141
111
67
43
28
8
2
6
6
7
8
1
2
0
1
9
17
7
4
3
6
6
6
9
10
7
6
7
2
0
0
0
0
0
3
9
36
38
57
82
99
107
111
100
113
94
87
57
42
27
12
10
13
7
7
13
13
21
47
68
81
88
81
57
46
20
12
15
10
12
6
3
0
1
2
0
0
1
0
0
0
0
0
0
1
0
0
0
0
0
0
0
0
0
0
0
0
0
0
0
0
0
1
3
2
1
4
2
5
5
7
3
4
0
0
0
2
0
0
0
0
2
0
0
0
0
1
0
0
0
0
0
0
1
0
0
0
0
0
0
0
0
0
0
0
0
0
0
10
15
0
8
6
0
1
0
0
0
1
0
0
0
3
5
1
1
2
2
0
0
0
0
0
0
0
0
0
0
2
13
128
455
1283
1990
2357
2268
2004
1429
810
531
439
318
242
196
200
212
271
298
225
116
93
125
400
755
820
1254
1316
889
477
720
993
1079
1172
1547
1809
1951
1649
1372
1203
1175
1129
1039
919
864
825
840
864
990
1162
1303
1424
1206
897
468
217
180
174
181
228
236
228
315
595
861
1032
1118
924
377
692
1167
1660
1896
1815
1135
397
417
393
308
267
260
216
154
103
130
165
164
140
160
153
150
185
248
320
286
237
175
104
79
56
64
66
34
56
109
189
248
332
356
287
122
85
173
208
192
177
161
150
186
179
160
103
95
64
46
36
28
24
20
18
29
41
47
51
47
48
34
44
75
119
235
271
305
262
288
258
259
253
244
280
241
178
140
183
213
240
253
272
284
268
240
208
178
128
101
100
77
54
32
11
1
0
0
0
0
2
1
14
26
14
0
0
0
0
0
0
7
27
30
7
2
1
1
0
3
4
0
15
41
48
66
96
106
76
18
0
15
33
35
18
16
34
61
96
154
204
227
231
143
64
47
98
123
108
74
30
24
38
33
22
18
25
44
119
137
194
252
209
265
300
282
254
129
54
50
101
99
124
214
193
123
120
145
119
83
51
45
61
55
30
6
4
9
29
65
62
53
68
82
61
49
30
16
13
0
0
0
0
1
0
0
0
4
12
15
13
2
0
0
0
0
0
0
0
0
1
2
9
9
1
1
3
8
13
5
1
3
14
99
90
130
85
36
16
14
5
15
9
1
0
2
2
4
16
30
25
21
21
21
6
3
5
4
14
10
13
16
17
15
11
8
2
1
0
10
57
118
189
188
107
60
48
54
77
76
105
88
80
51
22
1
0
0
0
2
2
10
29
23
23
20
68
63
139
259
337
374
373
322
225
113
54
24
24
36
22
21
29
71
120
109
98
91
79
62
40
28
16
6
2
0
0
0
0
0
0
0
0
4
4
52
145
261
405
474
431
366
237
90
26
59
79
132
71
18
29
15
1
9
11
1
0
0
0
7
8
8
19
10
6
13
18
28
13
14
12
21
11
8
2
0
0
2
5
45
23
28
23
158
368
551
612
642
648
469
601
726
754
567
248
315
597
755
665
584
407
505
582
621
375
203
422
509
557
548
444
501
594
577
441
244
229
319
460
530
548
426
284
135
125
118
99
79
90
87
155
204
220
229
263
273
231
193
153
136
109
94
77
58
50
71
67
83
105
153
233
342
315
312
265
175
109
114
149
120
112
109
151
83
59
94
114
145
161
181
203
183
164
135
99
102
117
97
108
149
230
336
386
360
256
220
229
245
223
266
475
652
709
650
459
192
129
335
430
426
377
347
363
370
374
373
476
670
597
436
456
530
753
1060
1199
1198
1043
875
854
746
646
542
380
292
426
340
237
189
117
96
80
70
69
91
107
97
98
174
209
188
179
194
175
94
25
22
13
5
21
53
46
44
11
20
37
19
5
1
6
34
34
28
7
6
42
90
91
93
118
200
308
473
480
295
126
58
25
5
6
2
2
11
11
14
18
19
18
23
29
23
34
83
110
95
111
82
71
62
97
181
224
294
359
333
291
282
220
157
165
184
138
126
160
201
262
291
282
351
357
309
238
264
293
342
355
343
415
409
364
311
241
201
190
182
225
317
320
255
163
146
150
175
172
181
185
160
159
268
315
337
348
339
268
243
222
243
260
353
584
611
568
500
466
409
270
368
440
498
544
535
517
594
691
623
575
491
397
326
343
325
309
111
44
151
208
213
176
144
114
96
119
197
434
673
1000
1266
1384
1387
1104
824
550
301
184
490
695
838
1014
1185
1336
1281
871
387
555
500
322
251
188
91
110
235
328
358
435
378
325
288
211
135
70
30
14
48
95
143
162
133
104
60
34
3
6
0
0
0
0
0
0
6
5
3
3
4
0
0
0
0
0
0
0
0
0
0
1
10
16
7
1
1
4
1
0
0
0
0
0
0
0
0
3
28
8
12
10
5
0
0
0
0
0
0
16
14
11
53
71
47
53
1
0
0
0
0
0
0
0
0
0
0
0
0
0
0
0
0
0
0
0
0
0
0
0
0
0
3
55
123
189
224
164
108
61
33
37
28
16
10
14
25
8
8
12
2
0
0
0
1
4
8
8
24
20
0
0
0
0
1
4
4
6
6
4
2
6
20
18
0
10
6
2
0
0
0
0
0
0
0
4
1
0
0
0
0
0
0
0
0
0
0
0
0
0
0
0
0
0
0
0
0
0
0
0
0
0
0
0
0
0
0
0
0
0
0
1
4
0
1
2
1
3
4
6
10
40
55
94
118
112
134
114
102
86
59
44
34
25
11
1
0
0
0
0
0
0
0
0
0
0
0
0
0
0
0
0
0
1
2
5
9
4
7
77
79
12
3
3
6
3
0
1
0
0
0
0
0
0
0
0
0
0
0
0
3
4
20
43
49
28
16
13
12
26
30
23
4
1
0
0
0
9
14
14
16
15
13
13
8
6
12
11
9
6
3
1
1
2
11
42
62
55
36
27
12
9
5
0
0
0
1
0
1
6
7
1
1
2
0
0
0
0
0
0
1
4
7
2
0
8
13
15
25
35
28
22
6
5
4
6
5
6
6
12
44
57
32
26
14
76
156
226
202
163
207
370
409
316
199
105
82
121
134
133
141
160
195
165
99
30
13
10
29
47
45
59
75
154
202
269
249
222
197
158
140
104
76
74
62
56
47
35
27
29
38
54
68
37
13
2
5
8
7
9
10
6
6
4
2
6
3
2
0
0
0
0
0
0
0
1
1
4
12
14
30
47
74
101
67
38
38
56
40
52
55
52
54
40
30
28
31
40
46
42
18
15
19
27
17
19
11
7
4
1
1
0
0
0
0
1
2
10
31
108
231
367
443
410
375
311
227
153
98
54
25
3
0
0
0
0
0
0
0
0
0
0
0
0
0
4
2
6
12
5
0
0
0
2
4
4
0
0
0
0
0
0
0
0
0
0
0
0
4
19
16
2
0
0
0
6
1
6
8
9
7
4
8
0
0
8
4
6
7
9
4
9
6
5
12
17
12
9
6
5
2
0
0
0
6
1
0
0
9
8
2
4
7
4
7
3
10
6
0
4
2
0
6
1
3
10
0
0
0
4
6
1
3
0
1
20
3
11
4
1
5
5
4
6
12
24
12
12
15
4
8
6
14
24
26
17
14
14
14
4
0
11
1
10
14
15
21
16
1
0
0
1
0
0
12
33
22
18
17
7
19
17
10
11
8
1
1
1
1
2
2
4
2
0
4
10
76
165
150
97
42
37
29
22
27
21
2
1
4
6
3
0
0
5
1
0
1
3
1
0
2
1
0
5
7
10
14
7
4
8
14
20
30
21
12
5
2
0
2
2
0
0
1
2
15
9
5
4
7
39
71
74
73
37
14
29
18
17
18
10
6
17
26
44
48
17
16
13
12
6
19
20
28
41
40
51
74
68
53
44
11
2
9
3
8
11
8
1
4
7
2
1
2
5
5
10
26
56
92
139
153
170
177
126
81
37
9
2
3
3
6
5
0
0
10
5
5
20
30
44
47
51
24
16
8
5
7
7
4
9
6
7
8
8
15
32
39
50
95
174
255
268
278
252
160
54
15
0
0
7
24
18
11
0
0
0
0
0
1
0
1
0
8
20
20
22
32
39
35
34
20
24
114
211
267
348
374
325
274
216
278
307
303
171
109
85
75
79
43
25
10
13
51
89
68
44
25
12
4
9
12
3
1
2
1
1
4
3
8
10
8
11
6
10
48
44
50
35
21
17
15
12
7
6
4
4
3
4
10
7
8
10
15
31
68
119
135
129
98
49
35
12
20
12
6
0
1
2
3
0
0
26
34
25
17
5
9
12
3
0
0
0
0
3
0
2
5
1
4
2
3
4
6
1
3
8
7
12
16
21
8
8
12
12
5
2
1
7
8
19
22
3
5
0
3
59
48
73
112
130
76
25
28
19
26
2
10
19
3
10
15
14
3
24
38
32
26
26
6
7
6
3
1
0
2
2
7
3
1
0
0
3
4
4
4
5
5
2
2
20
19
6
6
72
200
333
393
475
515
564
538
419
277
181
74
62
153
195
259
286
207
129
144
229
257
250
221
191
145
127
158
230
280
303
275
231
229
180
118
67
51
50
23
1
45
105
130
126
101
106
80
67
53
54
79
196
323
474
640
687
669
675
679
677
563
355
311
387
355
260
215
284
329
330
339
316
287
291
270
196
123
75
72
49
41
55
88
136
191
221
221
195
114
65
87
220
129
112
50
55
111
125
60
11
22
46
66
56
33
49
48
44
51
84
117
117
149
206
256
215
189
200
189
178
208
188
187
234
239
194
167
153
137
157
131
108
117
109
110
128
121
103
62
50
29
16
17
14
11
17
25
46
87
106
123
171
189
169
115
71
100
103
89
64
47
32
39
67
65
43
37
51
62
69
75
82
53
25
12
30
36
35
27
29
30
50
43
19
39
57
63
62
60
54
41
8
0
0
7
8
7
0
0
3
9
16
18
26
21
9
3
4
8
21
29
46
53
49
34
11
6
18
20
34
25
18
17
19
11
21
37
34
21
32
55
69
73
97
82
56
22
14
14
18
16
20
19
10
3
6
14
4
0
0
0
0
0
1
0
0
1
4
3
2
1
0
1
5
5
10
92
192
186
138
64
77
92
69
34
28
47
20
32
100
155
168
186
174
101
43
26
29
25
19
17
19
40
63
113
111
122
167
219
220
243
198
93
68
104
116
82
42
37
40
47
51
58
46
52
29
37
27
16
20
27
41
45
50
41
58
94
104
128
129
99
78
79
70
136
214
285
336
367
354
341
349
331
305
248
179
138
117
107
85
56
16
3
1
0
1
14
29
58
96
122
101
83
81
87
73
53
30
22
10
35
77
74
68
101
168
194
197
188
204
157
129
90
64
30
10
4
4
4
0
0
0
0
0
4
10
3
2
12
30
69
100
88
73
61
49
39
41
50
65
74
61
29
7
3
8
10
14
23
11
37
58
58
61
39
33
35
27
15
18
37
53
27
12
14
26
59
73
83
134
214
212
195
240
383
530
699
899
1175
1432
1401
1514
1537
1318
1127
1002
839
650
566
519
491
540
576
645
859
1189
1519
1793
1953
1813
1272
1141
1218
1278
1126
922
776
718
571
551
676
790
852
880
810
631
422
366
303
252
137
102
160
169
221
319
395
478
455
397
352
301
264
241
236
281
343
329
277
262
254
273
303
295
241
301
396
410
414
358
369
446
477
464
377
220
95
95
107
110
119
153
179
210
206
136
62
16
21
13
18
18
24
68
82
87
107
106
115
126
167
172
195
279
356
395
377
254
154
100
118
140
132
85
14
23
35
30
26
21
17
38
143
221
194
142
161
192
124
70
30
13
62
116
104
115
183
182
196
173
151
298
57
11
19
46
39
25
28
39
57
116
211
265
347
331
261
221
131
80
32
14
2
2
4
14
23
22
18
14
18
15
14
23
15
16
45
68
118
199
253
293
353
357
367
331
286
211
232
214
217
175
106
77
104
131
134
79
108
102
89
138
168
152
118
59
35
24
3
9
7
17
25
36
96
89
69
40
29
11
10
12
15
9
16
36
40
50
43
71
62
44
168
43
28
10
2
2
1
1
1
0
0
0
0
0
1
8
32
66
107
124
122
122
79
63
51
47
37
41
35
38
44
49
60
45
26
21
21
15
15
16
17
15
24
41
41
51
50
74
64
43
23
20
18
6
6
5
4
6
6
10
15
16
18
10
7
6
4
4
1
0
1
1
4
3
1
0
0
0
0
0
0
0
0
0
0
0
20
7
13
17
12
8
8
10
11
11
11
18
16
3
0
0
0
0
0
1
0
0
0
0
4
3
0
0
0
0
0
0
0
0
0
0
0
0
2
0
0
9
14
23
21
36
77
115
138
190
245
316
399
476
508
519
450
427
400
334
268
161
24
23
71
110
122
112
92
89
156
280
461
565
650
634
598
524
460
326
214
159
176
169
146
196
175
134
122
107
90
74
75
158
225
243
263
292
230
136
146
151
143
80
57
39
44
23
8
5
19
49
52
58
64
52
40
20
5
23
12
4
10
16
15
21
36
41
28
22
23
9
0
0
3
6
8
13
21
26
13
22
134
241
186
84
69
94
105
110
146
130
104
96
54
39
19
20
24
16
38
40
51
47
58
61
46
49
50
51
57
51
47
47
40
40
25
23
18
17
14
11
5
8
33
30
16
11
6
11
7
8
4
7
10
14
23
29
45
18
36
36
25
32
27
33
43
85
46
44
34
38
35
32
18
22
46
40
22
15
18
16
20
34
36
59
88
153
264
388
300
174
172
138
100
89
59
54
68
80
61
64
60
70
99
131
107
79
58
41
24
9
11
11
18
12
5
12
19
44
47
35
13
4
3
1
0
6
7
12
11
13
15
17
28
16
8
1
0
0
0
0
0
0
0
0
0
0
0
0
0
0
0
1
20
19
59
66
45
23
28
65
98
97
91
82
78
76
84
83
113
142
143
126
109
82
113
310
345
993
2026
2566
2695
2633
1102
578
1215
1536
1459
871
127
442
500
410
342
232
192
166
140
150
118
131
193
325
488
715
970
1202
1539
2052
2883
3565
3946
3302
2227
1427
1030
929
1074
1033
987
902
901
875
861
851
650
383
357
637
771
797
733
587
507
458
366
397
435
468
492
485
469
430
383
324
286
336
367
417
474
455
388
343
301
242
222
261
285
360
362
333
262
160
191
311
363
360
349
388
457
537
663
708
652
527
330
109
570
830
797
446
200
188
149
90
88
75
32
47
116
160
148
121
104
162
255
334
448
511
489
432
294
172
148
167
94
36
30
8
14
25
23
29
32
23
6
13
11
6
9
9
17
20
26
60
93
77
81
50
24
15
7
3
13
31
45
112
188
218
177
82
73
79
59
52
37
18
16
9
4
2
4
12
11
10
15
3
0
8
9
6
14
14
0
0
0
0
6
6
3
7
18
13
5
2
0
0
0
0
1
3
6
7
2
5
9
17
14
5
13
15
12
17
31
19
17
3
3
2
0
0
0
0
0
0
0
3
3
2
0
2
5
2
0
0
0
0
3
3
0
0
0
0
1
5
7
1
0
0
0
0
1
0
0
0
0
0
0
0
0
0
0
0
0
0
1
0
0
0
0
0
0
0
22
26
3
0
0
0
0
0
0
0
0
0
0
0
0
0
0
0
0
0
0
0
0
0
0
0
0
0
0
0
0
0
0
0
0
0
0
0
0
0
0
0
0
0
0
0
0
0
0
0
0
0
0
0
2
12
34
43
37
47
53
61
43
21
14
3
0
0
0
0
0
0
0
1
0
0
1
0
0
0
0
3
8
11
9
5
0
0
0
0
18
28
40
27
10
0
17
145
361
545
705
789
660
430
123
111
127
94
82
95
86
110
100
83
73
56
85
112
125
116
105
110
121
105
81
24
0
0
0
2
8
30
119
597
1189
2305
2882
2785
2456
2467
2007
1855
1697
1418
1286
999
698
449
368
482
591
645
638
595
496
482
519
506
407
334
317
306
278
195
158
185
227
274
294
335
312
285
211
133
78
120
217
387
508
595
530
416
481
560
473
384
397
381
327
257
231
184
129
61
55
51
112
176
269
264
223
131
73
55
102
128
142
153
126
62
41
56
85
125
163
256
302
422
574
725
767
716
589
447
387
352
334
343
345
786
484
480
523
601
608
541
481
441
377
293
229
136
67
58
76
114
148
180
235
275
332
382
428
488
580
625
728
826
850
879
838
773
695
628
526
451
326
228
185
220
266
308
324
334
382
441
438
418
714
875
931
846
690
702
899
1283
1489
1688
1801
1911
1996
1952
1790
1622
1379
1183
891
652
549
505
355
273
248
294
275
289
233
149
76
70
78
94
98
101
89
72
60
98
107
97
132
157
193
222
209
174
157
152
176
179
201
190
95
70
70
67
36
34
66
62
38
27
17
0
0
1
4
7
8
8
11
15
19
22
47
53
42
41
27
28
29
39
34
51
32
22
19
5
19
42
45
54
66
34
15
39
31
33
37
30
11
2
0
0
0
0
0
0
0
0
0
0
0
0
1
0
0
0
0
52
33
61
144
311
509
693
729
716
554
440
321
255
185
90
58
48
52
59
61
62
67
56
39
9
35
28
21
14
7
3
3
3
2
2
1
7
1
3
5
47
98
148
185
184
140
103
63
59
44
28
30
56
49
14
57
39
26
28
30
48
51
64
58
136
193
282
380
404
403
390
363
317
631
746
792
657
629
690
777
867
941
959
766
674
1233
1441
1371
1047
485
673
738
596
499
532
429
308
196
163
165
298
455
524
505
579
691
678
654
578
513
469
438
408
355
163
262
287
199
161
200
293
516
693
842
838
836
799
711
509
284
140
152
352
444
471
432
343
243
172
128
172
259
340
419
510
598
641
681
682
631
553
508
427
441
396
252
276
257
368
474
435
302
124
117
277
322
304
240
216
199
231
225
264
323
384
391
391
321
347
499
633
701
792
847
777
670
573
469
337
369
404
366
433
497
586
609
536
473
597
565
516
561
615
643
644
598
619
798
689
404
209
313
388
433
348
249
217
236
259
275
383
441
379
271
255
327
343
295
197
150
170
122
60
95
74
63
76
71
60
41
37
53
83
99
115
116
109
96
84
79
68
56
47
29
18
13
26
15
3
4
6
1
2
4
8
1
3
2
3
1
3
1
2
6
5
9
15
10
55
20
69
130
149
172
311
398
448
422
309
126
58
18
9
6
5
15
23
24
28
35
18
19
29
6
4
6
14
9
3
0
0
0
1
1
1
1
0
2
2
0
0
0
9
14
0
0
2
3
0
0
5
0
0
6
55
162
349
487
556
542
458
374
354
528
660
615
473
328
823
810
490
348
295
295
370
448
447
452
444
427
392
390
373
341
291
198
96
14
29
53
104
163
175
172
184
206
191
144
123
134
154
151
164
157
113
84
134
200
237
240
237
238
221
184
190
208
179
144
99
51
40
49
82
136
206
284
344
386
402
386
295
216
152
124
109
97
78
62
39
19
11
17
36
58
73
90
112
113
120
119
105
105
120
142
246
304
312
236
151
148
146
144
145
114
69
48
30
11
8
22
23
23
26
60
111
168
214
275
293
227
154
92
68
48
46
23
6
2
9
12
42
42
37
34
22
19
7
3
0
0
4
11
6
0
0
1
0
1
9
7
2
1
4
6
34
83
156
278
423
613
708
701
549
371
204
90
41
50
68
112
242
321
398
535
514
302
101
64
73
94
97
67
57
55
49
57
58
59
56
75
79
86
86
121
129
85
24
0
0
8
19
9
14
30
41
53
50
13
6
31
42
22
10
15
17
8
3
6
4
0
2
2
0
0
0
0
0
1
6
9
9
1
0
0
0
0
0
0
0
0
0
1
1
3
3
2
0
0
0
0
0
0
0
0
0
0
0
0
0
0
3
4
35
150
318
495
691
808
756
857
1091
1055
1109
841
709
716
762
722
634
613
576
566
549
694
832
905
822
730
741
861
1329
1361
874
460
448
507
557
491
343
263
203
170
384
536
520
487
476
452
382
323
254
142
96
89
139
158
137
97
102
194
338
496
586
640
566
461
346
246
137
71
52
88
167
203
174
170
165
181
246
278
290
275
303
359
316
224
195
223
212
160
127
104
120
72
36
1
5
20
19
11
9
16
22
23
26
20
24
13
4
4
2
0
0
1
0
7
4
8
7
25
57
96
111
112
100
107
135
149
177
156
165
126
109
61
27
11
0
0
0
0
0
1
1
7
8
13
2
0
0
0
0
0
0
0
0
0
0
0
1
0
0
0
0
0
0
0
1
1
0
0
0
0
0
0
0
0
0
0
0
0
0
0
0
0
0
0
0
0
0
0
0
0
1
2
8
16
13
19
20
16
7
5
5
9
8
8
16
36
53
62
90
104
87
22
0
0
0
0
0
0
0
0
0
0
0
1
0
0
0
0
0
0
0
0
0
0
0
0
0
0
0
0
0
0
1
0
0
0
0
0
0
0
4
2
4
5
1
0
0
0
0
0
0
0
1
8
0
0
0
0
0
1
2
1
0
0
1
2
2
0
0
3
1
1
0
0
1
0
1
4
6
17
21
29
23
9
9
2
0
0
0
5
8
12
19
11
0
0
0
0
0
0
0
0
0
0
0
0
0
0
1
0
0
0
0
0
0
0
0
0
0
0
0
0
0
0
0
0
0
0
0
1
0
0
0
0
0
0
0
0
0
0
0
0
0
0
0
0
0
0
0
0
0
0
0
0
0
0
0
0
0
0
0
0
0
0
0
0
0
0
0
0
0
8
20
0
7
8
4
0
0
0
0
0
0
0
0
0
0
0
3
3
1
0
0
0
0
0
0
0
0
0
0
0
0
1
0
0
0
0
0
0
0
0
2
0
1
2
4
5
4
7
1
1
0
3
5
3
3
2
0
0
0
0
0
0
0
0
0
0
0
0
0
0
0
0
1
5
3
1
2
15
32
52
77
91
129
155
124
111
137
176
206
174
261
270
212
114
13
6
20
44
88
95
84
80
67
40
43
28
11
0
3
5
7
12
7
5
6
22
19
5
0
0
0
2
16
37
21
6
4
3
6
19
17
43
53
39
24
24
14
6
11
8
4
5
1
0
1
2
2
0
7
34
21
23
11
2
5
9
6
0
0
3
9
13
12
45
78
86
67
45
23
19
11
14
17
7
2
0
0
0
0
0
0
0
0
0
0
0
0
0
0
0
0
0
0
0
0
0
0
0
0
0
0
0
0
0
0
0
0
0
0
0
0
0
0
0
0
0
1
0
2
5
4
9
3
2
2
2
1
1
1
0
1
0
0
0
0
0
0
0
0
0
0
0
0
0
0
0
0
0
0
0
0
0
0
0
0
0
7
52
69
69
66
72
76
84
80
68
58
43
38
39
43
74
95
127
172
161
83
24
8
20
27
53
37
11
0
2
3
77
241
413
532
578
568
504
436
341
284
256
185
153
127
110
101
72
117
147
157
217
212
158
116
94
63
73
112
137
138
97
88
66
54
46
39
27
20
25
55
74
96
118
168
245
317
370
408
408
333
286
208
150
137
133
134
116
87
55
43
3
0
6
14
5
2
8
7
17
29
25
9
8
0
2
2
10
13
2
0
5
3
11
0
0
2
7
8
6
2
1
0
0
0
6
51
149
284
406
474
437
375
282
258
229
181
124
87
59
67
73
46
32
30
33
20
36
45
17
20
24
38
37
56
87
153
189
171
95
71
52
66
52
36
31
21
22
16
19
15
17
43
84
103
88
78
72
61
34
49
65
70
66
102
147
214
221
139
75
23
2
3
28
39
35
32
43
66
67
42
58
47
49
26
24
56
135
216
266
312
295
263
193
117
65
27
63
73
114
163
230
252
277
261
233
222
242
236
201
186
158
109
85
61
26
9
3
21
16
4
1
0
0
0
3
10
18
18
12
7
6
8
12
10
7
13
8
8
3
2
1
0
0
0
5
13
22
33
29
25
23
24
19
4
6
15
30
29
36
40
30
2
2
2
4
0
0
2
4
6
9
8
0
0
0
3
0
0
0
0
0
2
0
0
0
0
0
0
0
0
20
48
106
164
231
243
220
129
51
19
11
16
14
26
22
17
21
23
4
6
5
0
0
1
7
7
7
8
10
11
10
3
2
3
3
3
0
2
4
0
1
3
1
0
0
0
0
0
0
2
5
15
46
125
279
377
463
421
407
352
238
143
54
45
50
56
52
40
51
51
45
29
26
39
46
35
27
49
75
76
49
17
4
4
2
4
18
38
55
82
134
173
211
187
124
48
63
71
50
29
10
8
5
5
4
8
20
9
3
12
27
63
105
98
42
13
6
12
4
9
12
6
31
76
87
123
124
78
26
11
8
26
16
12
3
0
0
1
0
0
1
3
5
0
0
0
0
0
0
2
0
0
0
0
3
4
7
12
5
3
1
0
9
75
159
207
226
268
314
280
213
168
161
157
85
77
186
226
229
230
216
250
213
143
128
118
102
105
72
29
27
19
16
7
1
3
4
0
10
21
36
45
40
25
11
0
0
0
10
16
13
14
24
40
38
11
14
16
15
46
60
103
128
154
269
253
76
69
75
99
93
51
19
1
2
0
0
0
0
0
0
0
26
73
89
74
61
93
105
81
48
35
31
13
0
4
35
46
24
8
4
0
11
12
28
34
48
41
20
10
2
0
0
0
0
1
2
2
1
10
8
26
6
6
8
2
0
0
5
0
0
0
0
0
0
0
0
0
0
0
0
0
0
0
0
0
0
0
1
0
0
0
0
0
0
0
0
0
0
0
0
0
0
0
0
23
83
81
45
61
163
218
226
193
142
67
15
20
30
61
94
81
68
53
38
12
33
61
81
109
111
75
82
128
211
385
552
754
945
1142
1285
1540
1857
2238
2612
2961
3257
3426
3284
2988
2171
1421
1373
987
615
352
201
145
116
162
160
108
52
59
62
90
79
84
127
166
218
232
363
559
977
1628
2198
2622
2897
2967
2755
2516
2258
2062
1881
1764
1485
1249
1015
776
489
297
159
167
208
197
197
235
249
293
394
453
461
438
351
313
262
304
335
330
382
384
362
335
319
241
125
105
75
49
62
156
221
320
340
309
184
148
199
276
317
223
107
17
64
170
157
82
19
56
84
135
111
102
84
77
110
147
182
138
92
164
239
494
829
1164
1546
1712
1603
1339
1212
993
807
712
624
579
614
710
849
894
981
1056
1193
1397
1542
1639
1646
1630
1565
1451
1270
1257
1256
1189
1123
1019
1022
1180
1340
1475
1497
1541
1496
1394
1211
1102
972
730
497
379
320
298
338
333
251
223
260
332
554
953
1538
2040
2505
2782
2715
2900
2812
2583
2647
2600
2528
2383
2230
1943
1685
1422
1130
874
818
705
636
543
496
290
252
468
414
238
182
328
432
454
391
474
562
608
671
782
833
781
667
594
424
251
161
147
131
108
140
130
117
145
164
165
191
256
281
303
246
150
116
98
89
98
97
127
154
184
268
321
328
252
193
214
257
236
217
191
149
120
95
72
37
81
179
290
444
527
513
501
460
327
217
144
94
86
117
183
276
314
263
218
197
164
85
34
18
58
82
69
30
28
26
42
42
32
21
3
1
0
1
3
10
2
1
0
1
4
0
3
2
2
7
8
19
49
71
92
104
72
9
1
1
1
10
13
3
1
0
4
5
18
13
7
1
0
7
26
31
25
12
32
16
35
42
15
4
17
45
54
46
24
6
8
11
19
30
110
128
336
680
863
896
822
699
687
1069
1870
2424
2667
2431
1915
1948
2476
2724
2536
2183
1830
1612
1445
1236
1215
1266
1705
2216
2689
2893
2888
2748
2594
2493
2338
2219
1932
1717
1470
1219
996
816
726
635
595
587
547
583
665
677
696
659
544
439
441
445
499
534
492
437
352
193
137
199
228
339
438
478
483
434
326
244
341
230
249
237
288
423
582
566
425
316
267
424
621
803
865
988
1111
1312
1495
1727
1825
2049
2150
2301
2370
2331
2366
2390
2060
1653
1229
1073
1041
1230
1551
1778
1904
1913
1861
1685
1359
923
1189
1254
1157
915
763
1077
1160
1238
1109
897
751
678
579
502
366
234
226
192
142
139
189
247
309
376
365
274
181
120
109
91
77
102
136
137
94
66
74
97
102
95
114
125
137
150
165
177
224
269
340
364
374
433
438
379
295
210
158
158
126
110
76
23
1
2
3
4
5
7
20
64
59
39
87
243
307
208
121
100
181
248
299
303
214
117
150
190
193
178
148
127
122
89
65
82
125
108
92
69
78
75
52
21
12
26
23
9
17
41
65
140
164
69
12
9
29
88
129
134
72
14
32
35
45
43
32
16
6
1
11
28
35
49
46
28
50
98
124
136
148
146
142
87
53
57
54
23
21
17
10
7
2
7
39
55
46
45
43
40
58
74
138
196
212
214
188
164
148
132
103
79
62
38
26
27
33
26
49
89
111
107
119
128
104
116
96
69
45
35
22
15
13
15
12
2
0
0
1
0
0
0
0
2
0
0
0
3
0
0
0
0
0
0
1
6
38
80
118
143
158
159
144
125
113
105
167
347
619
807
1003
1041
789
708
845
843
699
434
324
161
64
166
181
82
113
196
269
309
327
338
312
273
193
125
93
74
35
5
42
147
191
200
199
182
146
90
94
97
90
98
99
102
93
78
93
116
115
105
126
146
180
214
117
271
428
536
609
634
629
643
606
507
365
201
86
9
10
65
140
141
124
91
62
84
101
126
128
155
190
159
113
61
51
32
11
13
10
17
29
35
26
20
5
0
0
0
0
2
5
1
5
19
33
21
18
13
3
4
4
2
4
3
3
4
6
4
2
3
7
2
5
0
0
1
0
0
0
0
0
0
0
1
3
5
10
10
7
2
11
16
10
12
17
41
57
41
59
59
63
104
114
127
106
92
65
59
76
78
68
38
39
56
76
86
80
59
16
16
7
6
14
56
86
130
132
112
107
85
66
68
64
55
37
21
14
6
16
86
164
245
191
132
70
21
1
7
26
35
60
156
236
288
291
244
160
130
105
80
58
50
23
11
20
30
37
54
68
71
88
108
68
47
117
225
345
394
416
356
317
243
405
159
149
91
91
56
18
10
7
7
6
6
8
5
5
3
5
7
33
27
31
51
101
129
100
93
101
65
13
10
20
44
35
12
14
20
0
0
0
2
8
12
21
2
5
4
2
1
0
6
15
55
103
118
72
24
11
8
15
35
123
171
193
239
211
209
158
134
128
96
51
21
7
5
17
25
23
22
48
155
268
399
493
530
502
470
370
319
267
281
282
284
248
255
220
268
240
190
195
181
181
132
84
56
58
27
9
6
7
8
11
12
23
32
34
36
38
26
16
15
4
3
7
41
82
84
42
22
41
48
49
74
115
119
197
366
718
1051
1208
1346
1335
1184
1124
1118
1127
1095
1123
1196
1260
1262
1250
1307
1275
1185
953
869
968
1251
1519
1617
1423
1103
801
447
549
779
847
926
931
829
624
376
171
157
201
183
198
263
308
349
299
110
89
156
179
204
168
269
332
264
160
184
255
253
208
178
126
107
115
178
226
261
339
433
526
600
678
725
792
847
854
910
944
910
863
802
721
581
392
218
143
90
45
42
32
18
9
2
3
14
16
24
17
4
4
0
0
3
0
5
23
37
38
52
137
214
297
360
335
355
319
260
223
167
111
73
55
37
36
32
35
49
58
63
45
30
47
70
71
20
19
19
24
48
63
58
58
112
219
345
409
432
406
360
334
200
138
93
53
16
15
10
5
5
17
11
5
0
4
2
1
0
0
0
0
0
0
2
5
16
36
40
19
22
88
126
114
71
52
57
69
50
8
0
0
0
3
5
11
12
15
10
6
0
0
6
24
5
9
9
2
0
0
0
0
0
0
0
1
24
16
5
6
10
8
5
3
0
0
2
13
13
22
9
1
11
19
36
42
17
2
0
0
1
0
0
0
0
0
0
0
0
0
0
0
0
0
0
21
16
0
10
7
0
0
0
0
0
0
0
0
0
1
66
17
4
7
29
52
78
99
112
75
70
61
52
25
7
1
1
3
8
14
8
15
12
24
19
16
4
2
2
0
0
3
1
3
6
3
3
8
0
0
1
1
1
3
1
1
4
11
10
6
4
1
1
1
0
1
5
9
10
1
24
31
7
10
6
4
3
2
4
1
4
3
3
6
3
1
3
0
2
2
54
109
81
62
55
50
46
23
28
13
14
16
38
38
34
56
60
226
70
79
75
75
77
78
80
66
70
72
75
57
53
42
35
57
124
167
199
205
231
270
278
326
301
280
283
258
251
193
160
121
84
38
24
17
24
28
20
6
0
0
0
3
3
6
9
16
12
23
26
22
33
64
82
64
62
39
35
21
22
18
18
16
33
21
8
0
0
0
0
2
8
14
12
9
0
2
1
1
0
2
0
1
2
7
2
8
7
16
26
46
43
63
60
64
70
89
85
62
48
40
19
9
2
3
7
7
5
7
5
4
8
14
5
0
10
10
5
14
13
9
13
8
7
12
12
12
13
15
11
6
0
0
0
6
12
0
3
6
2
0
0
0
0
2
54
53
19
25
53
89
67
36
13
13
6
5
5
2
3
4
0
5
0
3
14
13
17
31
38
31
20
17
17
1
21
52
83
95
103
105
134
112
79
74
48
59
100
136
138
131
141
178
160
167
233
268
197
91
65
60
38
28
29
31
40
30
16
9
11
9
4
1
0
0
0
0
0
4
14
39
59
56
15
67
66
22
3
29
19
9
11
8
19
12
2
10
21
48
43
32
13
6
8
13
8
11
13
183
537
718
755
762
695
605
516
584
643
590
318
241
398
591
924
1147
1140
1198
1168
1226
1111
1063
1194
1097
867
538
592
576
841
1250
1678
1842
1489
818
497
524
482
361
343
577
782
813
710
565
482
393
181
85
74
70
92
129
132
154
169
178
144
123
132
160
238
317
307
197
118
283
369
412
394
340
239
148
136
136
121
155
237
257
189
193
251
322
373
398
381
320
239
136
73
86
104
125
161
191
155
98
74
45
25
3
8
146
301
443
509
484
448
452
453
432
423
460
445
424
464
410
401
351
281
159
74
37
26
38
52
26
12
1
0
0
0
1
1
1
5
5
14
11
4
14
60
146
198
110
27
59
51
28
5
11
14
58
387
863
1584
2171
2466
2318
1989
1530
776
443
896
1007
656
402
401
342
186
91
198
268
261
227
175
132
67
104
124
157
170
231
395
750
1293
1780
2166
2302
2095
1223
995
1187
1285
1268
1354
1354
1350
1174
945
773
727
785
845
1109
1132
989
1066
1093
1244
1366
1398
1483
1408
1470
1331
1170
924
786
655
471
504
899
1250
1362
1460
1651
1783
1738
1523
1243
1008
1074
1016
976
869
744
593
466
325
601
724
705
647
587
523
532
524
569
522
1010
527
532
592
609
719
802
915
985
999
1122
1164
1183
1199
1136
1115
1095
1062
971
907
934
946
923
853
689
575
556
520
526
483
449
392
395
386
316
217
152
120
163
123
221
450
630
774
855
795
646
695
770
695
454
183
184
270
227
148
103
121
186
208
209
176
146
129
145
147
157
172
165
148
155
203
226
218
167
92
30
45
91
59
22
38
52
41
26
34
50
57
19
8
9
0
0
2
4
10
5
4
2
0
2
25
41
28
4
0
0
1
1
1
4
8
13
50
76
117
140
138
142
112
91
51
13
9
15
29
52
44
42
58
55
89
125
175
263
303
280
386
463
555
583
523
498
487
487
423
350
255
189
128
63
32
33
39
77
84
52
7
2
7
21
54
94
99
87
119
199
389
485
553
587
652
680
680
715
670
616
531
445
365
225
137
101
118
169
214
207
213
157
129
118
97
81
80
96
128
180
167
123
149
101
108
118
141
119
97
64
8
0
5
16
11
4
0
5
8
20
52
50
29
12
33
65
36
39
205
265
190
228
327
661
1062
1247
1559
1529
1403
1113
814
542
771
1086
1344
1472
1479
1331
1166
882
634
392
277
333
313
250
274
333
326
300
267
211
247
251
213
176
150
191
158
79
24
22
25
46
104
110
98
77
34
33
45
29
20
25
15
4
1
0
1
2
6
4
9
9
9
5
14
26
31
37
56
61
34
32
23
27
34
41
40
28
20
8
11
17
16
14
25
23
21
20
33
26
10
19
1
5
6
4
1
8
29
22
12
17
33
49
78
88
77
127
164
135
124
243
219
144
173
232
187
88
68
51
30
13
16
14
10
6
11
4
4
4
4
4
2
2
4
9
14
25
20
5
15
10
3
6
13
5
2
5
15
31
35
35
45
35
0
0
4
28
29
20
13
15
4
0
1
2
5
0
0
0
0
0
0
0
0
0
0
0
0
10
1
0
2
31
65
167
832
1526
2076
2787
3251
3492
3227
3022
2750
2237
2206
1903
1377
1077
892
590
823
884
632
740
893
493
703
875
826
429
634
333
619
530
314
241
156
232
285
285
283
306
344
323
246
235
243
228
189
169
161
174
164
128
77
36
27
43
70
75
66
61
36
28
24
15
15
24
54
100
162
230
303
453
644
893
1120
1488
1871
2086
2291
2253
2151
2006
1997
1924
1713
1262
858
1050
575
531
427
319
192
114
53
31
17
31
56
93
171
148
144
461
761
911
913
748
588
452
357
290
223
122
53
34
57
58
86
135
218
314
328
298
266
220
189
176
164
167
169
165
175
195
210
235
258
257
210
170
160
168
184
189
186
143
122
65
15
3
23
47
80
77
81
87
91
113
154
215
316
343
324
250
208
156
131
146
196
212
222
199
188
157
86
50
40
30
6
2
9
0
24
106
245
372
492
574
560
521
450
331
253
157
94
43
17
11
12
9
6
5
3
1
0
0
0
1
2
0
4
4
4
3
1
2
0
0
0
0
0
2
2
1
1
0
0
2
0
0
1
5
5
21
52
119
173
258
332
362
329
268
204
151
113
119
175
253
277
273
270
241
183
155
172
174
190
197
169
96
44
20
14
8
11
2
0
0
0
0
0
6
14
4
4
39
80
126
151
187
165
136
71
82
111
195
301
397
488
476
372
289
170
85
26
7
43
30
3
5
17
27
70
96
125
113
114
101
78
61
25
8
3
5
9
0
0
0
2
0
2
2
1
4
5
5
14
11
14
59
36
2
0
7
26
39
100
140
112
135
191
176
92
48
53
50
58
69
87
80
87
86
76
77
94
96
88
92
71
41
28
19
9
32
58
76
101
126
100
74
57
60
91
127
130
122
110
135
181
174
160
154
107
70
72
86
81
138
127
51
32
22
8
5
1
5
9
7
2
0
0
0
2
8
11
11
7
6
7
9
10
13
72
124
206
290
390
442
412
353
283
233
167
100
68
69
81
85
84
112
187
385
631
1320
2015
2572
2805
2501
2135
1554
895
509
140
194
328
379
285
443
513
415
322
260
277
302
275
205
167
168
123
82
50
49
48
65
53
38
32
21
13
28
34
3
18
36
26
26
59
108
115
104
126
187
214
263
386
508
635
764
924
1137
1303
1459
1834
2063
2083
1996
1811
1541
1152
788
584
400
284
205
92
100
174
160
130
101
99
109
118
159
188
217
219
253
397
630
728
776
817
720
569
429
290
196
149
144
159
156
140
120
130
118
99
65
54
126
241
405
494
570
610
663
696
702
695
651
563
566
541
455
428
470
534
717
884
994
1065
1121
1154
981
791
643
486
421
297
309
325
295
236
244
233
230
174
103
40
29
32
65
105
124
125
93
141
283
132
113
95
142
210
275
307
361
425
456
458
403
336
239
167
160
142
105
95
89
70
70
58
65
66
72
64
27
19
18
23
18
1
0
4
8
14
7
13
11
9
11
14
2
2
6
27
38
27
20
27
44
75
90
94
56
37
25
11
10
1
0
7
43
28
2
9
30
31
21
9
31
107
143
85
10
8
18
29
19
11
18
20
16
11
25
19
13
31
41
59
37
40
46
61
47
42
42
72
26
12
21
6
0
0
2
3
1
3
1
1
0
0
0
3
8
10
11
14
14
24
42
75
130
178
177
152
130
121
126
133
120
147
151
174
161
173
150
133
122
97
62
34
73
64
33
28
14
52
51
42
48
26
20
37
22
25
37
29
34
31
59
56
56
56
63
48
62
2
4
20
28
41
37
44
33
32
51
66
103
118
111
116
140
136
120
90
105
105
118
121
86
104
91
64
37
35
87
104
117
109
128
163
185
175
171
124
61
18
19
44
66
116
154
113
120
96
96
125
188
197
109
42
20
29
58
81
98
87
45
14
10
8
11
26
13
7
9
7
4
7
16
31
44
80
101
68
25
33
57
38
6
7
17
40
56
149
355
682
876
844
836
765
632
495
304
426
465
499
634
651
577
446
369
315
243
187
189
230
395
652
949
1160
1319
1439
1419
1345
1186
890
568
553
739
949
1128
1250
1610
2002
2409
2672
2560
2093
1732
1165
784
439
387
377
400
382
374
454
457
416
415
411
438
464
407
283
314
354
348
266
130
46
92
91
65
65
79
80
89
86
113
146
203
197
152
106
127
106
121
144
129
175
177
156
121
76
52
82
89
85
75
49
15
5
2
0
9
22
40
58
107
148
202
239
248
174
112
68
10
7
66
84
90
88
87
93
87
51
34
25
14
12
41
31
14
33
42
42
57
68
78
77
58
44
40
45
54
55
55
69
89
100
113
108
145
181
182
168
150
126
134
108
95
63
47
45
44
48
65
95
99
116
113
108
171
188
321
428
433
445
405
381
365
439
501
499
491
503
522
518
484
407
351
338
330
309
287
308
294
279
280
281
320
366
417
411
403
374
364
328
239
161
76
31
30
33
34
30
30
28
13
4
0
0
4
4
8
2
22
44
131
168
153
102
108
206
254
277
322
410
427
523
526
406
332
290
574
404
515
515
486
395
301
246
256
386
597
688
672
583
568
532
451
373
265
212
176
181
160
137
116
105
85
68
52
39
21
19
10
8
7
14
24
54
79
116
144
177
222
199
191
168
155
96
65
30
8
20
49
94
96
56
14
2
0
0
0
2
4
1
9
13
10
3
3
6
2
0
1
0
0
0
0
0
0
0
0
1
0
0
1
5
4
21
79
176
229
165
91
26
9
12
25
27
22
20
9
8
17
28
41
39
25
11
16
22
38
54
87
101
95
52
40
58
79
103
223
454
650
651
550
519
434
301
275
304
305
246
201
194
173
107
38
35
21
6
19
30
32
28
21
19
22
23
29
29
35
29
45
44
36
38
45
46
52
51
46
33
24
15
6
1
0
1
0
0
0
0
0
0
0
0
0
0
10
24
4
7
14
13
16
12
14
20
14
8
2
21
42
9
2
5
28
34
31
21
66
121
128
145
119
102
71
80
108
146
141
129
80
51
58
48
68
63
58
35
21
13
5
5
2
5
28
49
38
21
24
30
20
30
30
38
60
78
97
98
111
159
180
166
129
130
114
85
55
39
61
32
14
16
45
64
56
127
203
223
211
179
130
68
94
119
132
162
150
140
121
115
71
49
27
4
1
0
0
20
67
101
145
190
226
212
174
107
52
24
31
44
21
7
6
7
28
36
35
33
19
12
29
27
26
69
73
38
30
15
9
9
23
48
96
168
263
382
461
470
477
407
328
282
231
187
161
104
75
54
30
23
43
84
111
104
115
106
118
103
95
81
75
48
47
65
80
67
56
44
42
43
46
47
34
20
11
5
0
0
6
16
36
72
116
140
103
57
23
9
2
11
23
38
42
46
26
10
31
69
84
102
145
165
148
160
237
290
273
208
158
100
32
2
1
4
16
22
33
30
22
20
15
24
31
18
10
6
10
10
8
5
1
2
10
23
31
29
27
20
12
18
13
0
0
0
0
0
0
0
9
58
164
338
444
461
394
274
105
11
9
11
23
28
25
27
28
19
28
25
12
3
2
1
0
0
0
0
0
2
0
0
0
0
0
4
9
7
0
0
4
2
4
8
9
4
1
2
0
0
0
0
0
0
0
0
0
0
0
0
0
0
0
11
16
15
1
4
3
4
52
12
17
18
14
3
0
0
2
6
3
7
4
15
16
50
108
143
180
177
196
194
180
168
142
99
49
26
23
21
21
40
50
46
9
0
0
0
0
0
0
0
0
33
23
2
19
10
3
16
130
217
283
306
311
281
285
190
188
170
134
87
44
16
33
49
37
21
9
19
8
14
23
17
24
38
55
58
44
40
15
14
11
3
1
4
9
14
16
5
5
2
1
0
0
1
0
0
4
1
0
0
0
0
6
2
3
0
0
0
0
12
25
10
11
19
15
6
9
23
31
35
50
116
240
326
427
499
591
699
769
808
856
823
840
812
695
600
562
550
542
515
527
564
548
440
327
324
367
342
271
177
195
283
418
538
559
539
368
194
124
47
101
172
222
526
636
593
557
644
714
794
885
944
952
823
676
520
506
556
564
490
512
597
627
572
478
366
295
304
323
311
285
272
201
30
76
181
173
90
56
44
21
17
20
6
30
53
88
146
170
187
176
180
178
193
127
72
107
174
192
115
65
45
51
62
43
185
14
11
31
27
14
17
32
42
47
30
1
1
26
50
66
89
93
150
241
286
313
288
267
198
168
150
187
164
159
186
166
113
63
50
65
50
47
57
90
157
244
242
127
112
135
111
114
169
223
263
263
237
157
118
61
56
119
141
107
72
53
35
23
20
39
35
29
14
5
0
0
5
11
3
0
0
1
1
4
4
7
8
12
56
79
161
251
283
323
341
332
292
213
171
109
94
80
53
34
20
28
51
49
28
2
1
10
17
8
3
1
0
0
0
0
1
6
52
75
60
29
34
66
98
157
189
153
114
77
59
77
73
75
84
91
93
44
36
46
30
20
32
57
94
131
200
237
267
270
286
250
225
174
107
62
51
19
8
5
9
8
2
0
0
0
0
1
0
0
0
0
0
12
136
270
187
128
174
94
65
51
78
97
95
82
45
84
85
91
106
115
112
78
65
41
37
64
70
66
73
56
76
40
13
9
41
86
101
115
122
138
120
91
73
94
63
85
85
151
242
285
293
289
308
265
311
375
176
129
115
122
119
116
95
35
1
0
6
4
5
20
18
16
10
10
13
12
12
34
48
40
59
56
39
15
5
2
0
0
0
0
0
3
2
4
24
14
21
31
60
51
49
133
20
7
0
3
3
1
0
1
3
2
1
7
7
1
0
0
1
8
13
10
6
1
2
34
34
6
14
18
9
6
6
1
0
0
0
2
6
6
1
0
1
5
20
71
59
58
77
86
102
85
47
31
22
22
12
7
19
5
6
1
4
6
30
84
114
123
149
183
183
109
30
31
22
14
1
7
15
18
26
20
29
15
7
11
17
76
126
202
258
285
300
247
203
174
139
139
156
139
132
131
136
157
153
97
90
92
86
88
101
127
138
145
104
78
55
65
76
90
114
109
106
74
65
58
75
96
107
92
66
65
71
160
343
559
791
937
848
728
540
385
256
210
248
289
345
406
423
381
313
300
295
312
322
340
323
307
291
277
243
191
193
135
81
86
134
227
395
493
554
602
571
534
465
379
257
166
96
83
64
41
30
51
48
55
49
32
23
26
27
8
10
19
19
7
1
14
12
13
38
94
177
276
350
357
285
203
87
30
44
40
62
67
62
47
19
20
32
42
35
39
27
21
46
63
74
42
10
3
28
68
74
70
56
47
44
17
0
0
9
12
9
4
6
6
0
4
7
33
30
12
21
21
12
5
11
18
20
24
20
3
0
0
0
2
4
1
0
0
0
0
0
0
0
0
0
0
0
0
0
0
0
0
0
0
6
22
12
9
57
82
76
39
36
64
67
41
37
36
35
39
34
19
7
3
3
6
12
24
33
32
13
1
0
0
0
1
7
8
8
3
2
11
18
18
0
10
14
11
4
1
0
1
7
19
18
8
1
0
1
0
0
0
0
0
0
1
27
27
4
0
0
0
0
1
3
9
10
11
17
38
49
29
38
38
23
13
21
13
28
42
37
25
13
16
32
22
10
4
7
1
2
3
3
4
2
3
2
1
0
0
4
0
0
13
19
15
11
5
3
7
15
12
14
20
34
16
7
0
1
0
0
0
0
0
2
0
9
22
25
22
15
13
37
63
57
37
17
12
7
16
19
8
0
6
15
17
17
15
10
3
0
0
0
0
0
0
1
18
40
55
27
2
0
2
1
3
1
0
0
0
0
0
0
0
0
0
0
0
0
0
0
0
0
0
0
0
0
0
0
0
0
0
0
0
0
0
0
0
0
0
0
0
0
0
0
0
0
0
0
10
18
15
0
3
14
14
16
11
15
40
57
59
23
2
0
1
3
8
0
0
7
12
1
12
34
9
9
14
6
4
1
0
3
4
5
4
8
0
0
8
12
5
11
14
22
14
0
0
0
0
0
0
0
0
17
47
25
0
6
7
8
11
9
4
10
5
2
0
0
1
0
1
0
0
0
0
0
16
31
6
7
12
7
3
0
0
0
0
0
0
0
0
0
0
0
0
0
0
0
0
0
2
10
23
27
22
12
7
20
42
26
30
27
17
30
51
79
106
142
124
67
23
27
35
12
11
10
12
3
1
1
1
0
0
0
3
0
0
0
0
0
0
0
0
4
2
0
0
2
2
19
6
0
4
1
0
15
29
0
14
11
5
0
0
0
0
0
0
1
0
0
0
1
0
0
0
0
0
0
3
2
45
73
103
152
226
313
451
700
1501
2133
2553
2767
2910
2876
2733
2679
2487
2194
1918
1604
1357
954
715
668
651
642
649
573
454
323
225
177
167
180
235
259
309
523
856
1295
1632
1923
2187
2351
2257
2316
2559
2749
2872
2584
2201
2018
1907
1865
1785
1600
1371
1152
955
739
696
586
534
454
427
315
286
287
293
330
374
393
394
385
265
231
248
306
281
118
112
70
117
122
114
123
129
126
99
24
13
22
6
7
26
24
7
10
13
10
2
4
7
9
12
5
0
2
4
32
69
67
5
0
0
0
0
0
2
0
0
0
0
2
0
0
0
0
0
0
1
3
2
24
16
1
6
15
5
28
7
0
12
7
0
2
2
6
2
0
1
13
13
12
9
8
11
4
6
4
1
4
2
2
3
8
7
5
8
5
3
4
14
9
4
2
3
38
54
53
61
25
13
21
36
24
15
7
4
18
18
1
13
8
13
13
12
4
3
2
2
0
0
0
0
0
0
1
0
0
0
0
0
0
0
0
0
1
0
0
0
0
0
0
0
5
9
3
5
0
0
0
0
0
0
0
0
0
2
3
0
0
0
0
0
1
1
0
0
20
20
2
16
28
16
5
1
1
0
0
0
0
0
0
0
0
1
5
0
8
1
0
0
0
1
0
0
0
0
0
0
0
0
2
0
1
0
0
1
1
0
0
0
0
0
0
0
0
0
0
0
20
22
0
8
10
8
12
3
0
18
39
42
17
12
22
30
7
223
130
194
245
251
180
158
125
73
50
21
9
11
11
13
19
31
57
86
109
176
238
275
270
293
294
293
334
368
480
558
646
668
669
556
479
456
500
503
509
492
513
531
439
325
261
241
270
290
288
310
344
377
356
317
254
312
434
453
496
473
380
280
64
148
228
187
105
61
106
217
402
400
348
244
153
106
107
144
120
90
31
33
43
38
38
43
28
15
14
7
3
1
0
0
0
0
0
6
1
0
0
0
5
19
27
4
6
12
3
3
0
0
0
0
0
0
0
0
0
0
0
0
0
1
0
0
0
0
0
0
0
0
0
4
11
27
16
4
0
0
2
2
2
0
0
0
1
0
0
0
0
0
0
17
12
9
13
7
5
4
1
3
10
8
2
1
6
3
0
0
0
0
0
0
0
2
7
6
12
38
65
85
77
55
50
43
19
7
17
35
20
8
10
15
17
20
6
5
11
21
15
12
0
0
9
3
0
0
9
9
1
0
0
1
1
15
64
97
117
144
213
458
809
1163
1455
1539
1565
1502
1424
1209
904
657
462
349
374
332
347
347
232
80
7
0
0
2
1
1
8
61
200
458
647
810
1067
1351
1591
1663
1559
1190
624
323
195
177
129
103
81
47
21
34
54
69
45
19
19
25
17
23
25
53
142
288
433
497
457
414
300
184
273
400
507
428
303
322
354
258
190
176
138
73
16
24
40
35
16
3
10
10
6
1
14
25
43
53
94
92
68
56
74
79
65
51
27
14
13
27
51
74
102
119
138
134
102
93
57
39
14
9
20
18
7
5
6
8
7
2
0
0
0
42
35
2
4
6
11
14
25
35
49
37
24
18
0
0
0
0
0
0
0
2
15
35
23
5
10
16
8
2
3
2
0
0
0
0
3
7
11
4
0
0
0
0
0
0
0
3
4
1
0
1
5
5
11
17
26
36
41
33
33
17
18
22
9
3
1
2
8
8
1
0
0
2
1
0
0
0
0
1
5
9
6
4
6
33
39
13
31
42
31
31
21
27
45
46
30
23
22
28
27
20
25
16
2
0
0
0
0
0
0
1
2
8
1
4
10
10
23
17
13
8
7
13
11
0
4
3
0
0
2
5
24
31
10
12
11
4
0
0
0
0
0
1
0
1
0
0
0
4
2
0
0
0
0
7
8
7
8
5
0
0
1
0
2
10
0
0
0
0
1
0
0
0
3
12
11
11
7
0
0
2
13
1
18
8
6
38
18
13
28
28
30
3
0
3
0
0
0
0
0
0
0
0
0
0
0
0
0
0
0
0
0
3
14
8
1
0
0
3
21
34
15
17
32
35
35
33
38
38
19
0
1
0
0
3
1
0
1
0
0
0
1
0
0
3
0
0
17
36
0
14
13
7
7
12
13
0
0
0
0
0
0
3
9
10
7
35
37
16
16
21
30
14
3
1
2
0
2
1
0
7
8
6
0
2
14
14
46
32
5
45
54
21
21
12
9
5
1
25
20
11
3
43
120
181
270
307
285
257
230
186
148
103
74
67
56
35
26
41
62
49
46
33
33
77
140
205
313
461
533
594
650
664
577
530
561
544
478
371
295
235
179
125
117
91
87
78
84
63
49
33
14
10
7
3
2
0
2
2
2
16
10
3
4
2
11
47
94
116
97
62
80
73
57
127
158
138
146
167
117
47
30
65
48
14
4
16
32
35
25
15
6
11
22
16
2
15
30
12
14
13
14
27
29
20
16
21
21
10
10
8
13
18
15
23
25
6
6
23
120
226
319
369
442
414
430
398
260
539
658
680
660
615
497
468
477
645
842
1081
1298
1372
1357
1263
1064
776
535
390
291
267
189
168
145
189
202
176
155
142
77
34
33
38
36
26
21
14
21
41
33
21
29
27
20
42
90
140
144
118
44
21
13
14
5
5
9
5
3
2
5
4
1
0
3
9
0
0
9
12
9
19
50
74
20
28
25
14
3
0
0
3
10
3
5
12
28
39
39
40
33
37
49
51
80
264
466
546
427
227
258
339
375
347
237
147
61
13
10
37
84
106
129
156
160
165
86
80
90
90
106
88
73
75
108
109
74
39
39
44
37
17
25
36
43
115
139
225
337
405
415
340
313
264
254
220
191
229
262
315
339
441
545
651
737
763
752
820
884
914
1019
1183
1273
1372
1397
1513
1672
1604
1428
1207
1075
954
873
885
933
838
745
615
585
764
718
655
529
390
297
293
273
218
261
270
245
213
123
50
35
36
45
58
89
89
67
22
1
0
1
0
0
5
11
21
52
107
152
172
174
154
176
212
200
197
182
162
165
211
248
620
377
445
438
427
494
492
430
282
246
222
249
298
374
390
366
248
222
199
190
155
84
63
48
27
29
40
46
32
13
7
15
20
27
29
19
36
52
79
74
73
52
30
50
44
41
42
40
60
73
68
46
26
28
33
43
52
44
37
38
27
32
31
29
17
26
28
28
17
18
27
22
44
56
71
54
61
46
38
42
60
59
51
25
14
12
9
26
43
58
93
208
392
636
869
1103
1191
1273
1275
1170
977
632
451
650
820
952
947
914
773
688
597
523
459
389
370
392
429
475
475
388
252
136
120
136
104
66
59
45
20
16
39
30
12
12
5
4
6
22
38
29
7
21
29
22
19
6
4
3
2
6
3
0
0
0
0
0
13
39
58
41
36
28
24
48
66
67
94
146
167
168
181
172
127
70
20
12
13
13
7
10
4
5
15
12
5
9
12
13
11
6
4
4
6
10
3
2
0
6
16
46
48
24
29
22
15
4
5
8
7
8
10
7
6
5
4
3
10
12
7
4
3
0
1
0
1
0
0
0
0
0
0
0
0
0
0
0
0
0
0
0
10
9
0
0
0
0
1
1
4
10
20
28
47
67
97
144
160
151
129
118
92
74
49
48
34
12
28
25
16
14
0
0
0
2
0
2
30
28
3
13
18
15
8
6
13
14
10
9
10
0
0
0
0
0
0
0
0
0
0
0
0
0
0
0
0
0
0
0
0
0
0
0
0
1
0
1
4
2
2
11
50
59
27
93
231
384
555
758
946
1077
1156
1168
1154
1066
888
785
608
464
349
344
368
347
333
229
127
167
250
217
195
142
153
160
181
192
177
123
56
17
14
5
3
0
6
9
8
17
23
17
31
57
70
84
305
451
310
56
97
110
86
67
32
9
4
7
28
28
9
13
15
32
67
59
19
10
9
5
13
51
107
134
147
81
153
228
232
195
132
28
1
12
1
13
27
25
7
0
3
7
1
0
1
0
4
0
0
0
0
0
1
27
64
111
87
53
35
31
14
6
7
5
6
6
5
15
16
21
8
0
0
1
0
0
0
0
0
1
4
15
26
25
20
17
18
24
78
116
139
115
220
242
239
199
120
126
139
114
58
36
70
122
155
140
128
102
85
53
25
8
3
5
104
283
484
648
644
584
852
995
962
755
643
132
61
68
71
77
147
211
283
358
485
626
762
857
892
847
846
812
784
728
599
490
412
292
299
295
360
461
512
562
584
551
472
338
219
191
177
133
116
104
100
69
66
73
82
89
89
69
39
34
6
9
6
3
1
3
3
13
12
14
6
0
0
0
12
33
2
17
23
33
58
65
58
51
51
41
37
38
11
7
5
166
0
1
3
2
0
0
1
4
5
9
8
16
15
5
3
2
0
0
1
0
0
0
0
0
0
1
0
0
0
0
0
0
3
29
8
7
13
8
4
0
0
0
0
0
0
0
0
0
0
1
0
0
0
0
0
4
3
1
0
0
0
0
0
0
38
286
562
547
534
620
639
608
499
416
347
277
231
245
298
326
341
385
383
392
411
400
412
546
551
441
271
143
102
43
9
28
58
66
50
44
11
7
15
25
23
19
14
10
12
14
22
11
8
7
8
11
8
5
4
9
10
8
20
65
19
21
21
17
33
38
58
72
101
219
624
760
897
951
962
833
806
898
834
989
1097
1086
1123
1097
1028
1027
1035
878
814
732
528
347
216
128
124
141
81
111
133
166
198
247
249
127
31
21
160
399
556
460
301
321
417
359
238
112
27
46
74
115
112
120
133
189
253
259
277
262
274
265
237
246
195
124
77
72
150
345
723
1173
1600
1768
1778
1587
1166
953
761
615
541
409
277
198
136
239
264
270
268
282
298
295
320
277
256
145
54
42
73
83
139
148
131
243
289
237
277
271
258
227
113
22
31
79
121
124
111
97
77
65
54
44
37
37
31
29
45
45
50
65
75
69
137
230
248
147
40
54
41
9
53
89
71
46
131
433
618
639
513
332
121
60
115
115
116
122
120
86
45
51
53
31
34
20
21
26
56
101
259
496
750
1045
1327
1391
1316
1039
703
417
373
372
171
231
555
667
740
712
683
646
590
543
526
479
429
363
268
212
210
197
147
155
229
272
173
93
49
44
24
1
0
0
0
0
0
0
0
0
0
0
0
0
1
12
17
17
27
29
14
8
2
27
9
3
22
18
11
6
3
6
0
3
11
24
54
82
42
27
42
60
66
64
40
20
12
17
42
71
70
74
60
66
61
46
29
30
42
43
22
12
11
11
18
38
37
40
44
35
18
11
6
0
1
1
1
0
0
0
0
0
0
0
0
0
0
0
0
2
3
1
1
0
2
11
32
16
5
9
14
6
1
0
4
22
14
3
10
8
2
0
0
0
0
0
0
0
0
0
0
0
0
0
0
0
7
8
0
0
0
0
0
0
0
0
0
0
17
12
7
6
1
0
4
41
109
143
107
93
103
99
70
48
42
30
27
28
23
13
5
9
126
301
490
583
709
885
976
862
662
403
421
438
408
457
603
711
636
474
398
351
251
157
96
60
47
81
139
165
161
109
65
20
1
1
3
21
27
31
62
95
80
88
103
121
72
43
58
111
205
382
554
911
1282
1539
1667
1754
1710
1401
1219
1014
938
961
1011
938
715
596
487
520
636
832
945
972
974
1057
1150
1147
1184
1134
1124
1177
1095
1105
1282
1275
1190
957
1012
1114
1196
1330
1299
1145
948
740
708
715
770
739
655
600
546
521
506
429
289
262
241
190
175
184
192
196
201
205
208
165
115
68
27
7
6
10
52
74
89
102
69
27
6
0
0
1
4
11
29
40
45
46
29
8
1
0
0
0
2
5
10
18
8
3
1
1
2
1
4
8
40
16
2
14
11
4
1
0
0
0
0
0
0
0
0
0
0
0
0
1
3
1
6
3
17
124
303
333
276
348
298
397
578
573
414
317
310
361
291
200
84
51
81
187
270
291
326
342
364
334
310
291
259
257
263
308
411
500
687
932
1206
1468
1681
1844
1986
2247
2327
2409
2508
2455
2316
2065
1670
1134
716
609
482
317
167
117
78
86
62
119
170
136
116
71
12
50
101
59
42
63
47
23
14
55
109
120
131
152
270
312
332
420
605
661
660
618
543
457
379
376
417
416
382
343
326
327
315
254
240
375
626
764
569
501
384
290
260
212
200
173
156
162
142
141
142
148
139
123
129
154
209
283
367
459
526
531
463
330
214
54
0
4
9
49
75
82
93
146
201
250
246
213
138
88
148
274
440
555
609
580
644
677
486
255
201
186
161
159
130
123
110
83
53
39
74
115
142
119
56
36
15
38
61
145
256
319
344
327
289
228
206
160
145
117
94
50
25
35
37
24
36
31
54
26
41
118
121
51
67
76
81
63
51
51
80
161
243
230
188
175
193
196
192
179
153
111
94
69
57
53
95
166
201
182
164
153
164
186
179
138
103
84
26
2
1
4
17
56
100
4
27
38
32
18
34
66
96
106
81
48
18
27
184
446
365
297
313
270
215
415
518
541
565
614
535
374
265
303
395
429
353
329
376
434
408
300
228
185
132
146
211
247
105
57
90
107
144
182
189
168
154
29
41
38
92
202
261
308
353
405
573
695
762
712
525
419
589
569
401
277
143
44
78
187
203
230
228
152
51
63
65
100
186
245
298
300
333
378
400
428
438
438
405
466
538
553
459
358
308
263
240
198
183
181
134
75
62
36
39
17
15
58
132
218
256
281
252
171
112
73
87
65
34
29
18
3
5
0
6
12
41
69
58
62
32
1
2
17
13
13
20
36
13
47
29
26
75
76
69
63
63
57
44
18
4
4
15
54
89
68
57
35
7
20
19
21
13
39
32
14
19
16
19
15
11
6
3
33
82
139
215
239
205
168
127
47
22
27
41
34
22
188
257
210
141
148
98
117
127
75
50
66
77
53
31
8
31
48
45
46
33
42
52
81
99
113
75
70
44
22
9
1
0
0
0
5
0
7
7
4
4
1
0
0
4
6
0
2
0
5
7
8
5
1
1
24
45
71
54
59
123
376
779
1326
1522
2088
2208
2182
2514
2521
2299
1973
1483
1105
1168
1593
1830
1869
1650
1542
1214
1095
905
706
436
192
40
87
147
210
688
1183
1428
1488
1561
1673
1773
1846
1876
1563
1079
769
688
623
547
455
414
376
314
191
140
160
195
181
182
210
199
240
177
171
116
95
90
88
91
94
92
100
685
1546
1922
1969
1766
1335
792
567
424
512
557
604
523
572
653
919
888
649
440
451
547
628
602
648
782
1021
1258
1245
960
657
328
268
190
181
336
557
696
586
320
366
318
218
76
182
314
451
495
387
348
518
638
565
575
632
605
592
490
468
433
287
201
431
552
659
671
651
597
799
955
733
400
305
380
426
466
503
545
539
547
496
423
357
267
187
271
299
285
320
395
427
437
545
536
513
610
672
730
760
747
711
626
536
346
259
264
353
361
332
403
406
409
432
453
464
462
561
649
681
768
777
617
426
372
327
244
157
143
105
44
113
194
187
141
95
47
22
31
54
86
57
27
45
15
5
11
10
6
4
4
36
22
0
24
44
55
106
271
406
449
442
390
299
126
35
61
114
142
150
100
23
14
21
37
40
12
47
53
57
35
16
86
37
24
5
6
39
89
130
184
85
5
0
0
0
1
3
2
1
1
0
15
13
13
20
43
43
34
8
15
12
10
4
1
0
5
33
64
58
56
63
75
61
38
12
1
0
0
0
0
1
0
1
3
6
23
7
8
4
4
7
29
55
63
68
65
69
54
38
16
22
8
0
10
7
0
0
0
0
1
5
1
0
1
8
0
0
0
0
5
4
0
0
1
0
0
0
0
2
2
6
3
0
0
0
0
0
0
3
7
13
20
10
1
0
0
0
0
0
0
0
0
0
0
0
0
0
0
0
0
0
0
3
8
15
127
283
401
540
1040
1586
1841
1900
1404
509
374
532
350
90
66
70
83
99
147
157
133
87
24
5
30
59
82
43
20
0
0
0
1
20
37
9
17
33
34
19
5
9
9
3
1
4
9
72
208
296
360
500
511
340
148
144
146
149
183
238
273
242
193
109
58
41
55
91
117
143
179
193
175
159
153
156
119
97
69
52
43
30
17
26
28
10
0
3
5
7
7
11
18
21
12
13
13
15
28
41
55
57
55
44
36
19
10
1
0
30
32
2
18
23
1
5
12
9
1
0
11
50
43
20
20
8
12
27
14
11
7
6
6
12
4
2
4
6
31
34
41
51
43
18
3
6
7
1
0
2
41
67
53
29
4
16
45
34
27
34
48
46
46
44
65
74
69
65
67
41
13
9
5
6
11
28
10
7
14
11
17
43
66
92
99
78
16
5
3
2
17
33
12
30
58
62
45
40
44
45
38
36
35
51
45
10
20
7
1
9
8
3
2
11
4
0
1
2
6
4
1
0
0
1
4
6
26
28
16
14
3
5
9
14
19
20
10
8
1
5
6
6
3
4
0
0
0
1
0
0
0
0
0
2
3
5
8
17
19
22
0
6
2
0
1
7
8
1
0
1
9
5
4
3
0
0
0
0
0
0
0
0
0
0
26
20
0
15
15
7
0
2
1
0
0
2
4
2
2
1
0
0
5
1
1
5
5
9
13
20
27
31
32
26
16
5
9
23
37
83
168
231
250
243
212
190
133
54
40
32
46
38
40
102
131
101
109
121
108
61
20
14
10
22
26
31
56
78
96
94
58
31
20
24
28
0
7
10
5
1
0
0
0
0
0
0
2
0
0
0
0
2
0
0
0
0
0
0
0
0
0
0
3
3
7
10
11
23
12
4
3
0
0
0
2
2
3
4
2
2
1
29
43
28
53
51
43
33
33
43
52
34
25
36
50
90
82
55
41
35
33
39
61
69
58
40
14
5
12
24
17
15
35
35
40
14
40
21
14
18
16
8
3
13
25
23
19
24
15
1
15
28
55
83
83
94
82
54
30
14
10
8
0
0
1
43
33
48
39
31
35
37
22
16
12
14
19
17
9
6
9
8
5
7
8
10
6
0
0
1
3
7
26
42
46
30
28
38
42
48
28
17
5
2
0
1
0
0
6
14
26
20
18
10
5
0
0
0
1
6
11
14
9
0
2
2
0
1
0
9
21
9
3
3
11
30
49
15
25
18
7
1
0
0
15
27
16
8
13
16
19
31
47
36
29
15
11
2
0
15
47
30
4
0
0
3
24
35
28
6
0
1
3
14
29
44
45
11
29
12
20
31
18
13
11
6
3
0
2
0
10
77047
0
0
0
0
0
0
0
0
0
0
0
0
0
0
0
0
0
0
0
0
0
0
0
0
0
