12446
224
250
246
245
338
491
643
682
526
370
320
381
454
449
344
197
188
255
414
609
854
1065
1343
1598
1878
2126
2430
2673
2976
3217
3567
3793
4070
4255
4440
4498
4484
4390
4179
4188
4171
4026
3969
3851
3690
3740
3961
4149
4310
4407
4476
4422
4490
4580
4386
3913
3801
3975
4080
4093
4142
4125
4042
3842
3530
3309
3046
2871
2655
2493
2342
2163
1962
1817
1730
1510
1186
942
773
603
507
452
413
424
411
375
327
264
234
238
220
202
181
132
98
48
24
11
8
0
0
0
0
0
0
0
0
0
0
0
0
0
0
0
0
0
0
0
0
0
0
0
0
0
0
0
0
0
0
0
0
0
0
0
0
0
0
0
0
0
0
0
0
0
0
0
0
0
0
0
0
0
0
0
0
0
0
0
0
10
123
120
440
2925
5744
5908
6583
7662
8832
9024
8137
7428
6490
5199
3566
2371
2065
1544
1065
1214
1214
1393
1550
1723
2013
2286
2580
2741
2879
2737
2361
2063
1796
1646
1494
1294
1138
1030
902
776
576
403
234
228
165
38
64
108
164
270
330
379
396
437
522
650
792
1024
1324
1415
1452
1541
1547
1449
1328
1244
1158
1054
864
718
589
499
423
359
261
169
125
132
151
188
279
457
682
963
1260
1555
1847
1892
1674
1479
1155
707
101
274
950
1649
2209
2540
2752
3116
3669
3898
3420
2734
1686
879
82
0
0
0
0
0
0
0
0
0
0
0
0
0
0
0
0
0
0
0
0
0
0
0
0
0
0
0
0
0
0
0
0
0
0
0
0
0
0
0
0
0
0
0
0
0
0
0
0
0
0
0
0
0
53
584
1757
2769
3144
3371
3776
4115
4611
5047
5615
5919
5957
5900
6080
6090
6876
6588
5791
5341
4928
5060
4939
4975
4950
4871
4853
4830
4584
4658
4389
3712
2901
2584
2517
2420
2320
2115
1769
1335
1197
1120
1155
892
607
581
552
511
394
361
422
605
800
1023
1346
1458
1555
1555
1511
1500
1706
1971
2052
2202
2514
2550
2499
2693
3434
4086
4348
4088
3437
2933
2893
2702
2804
3113
2883
2807
1751
1419
1051
830
939
1138
994
624
456
611
614
638
752
687
412
670
1095
1418
1636
1827
1771
1712
1655
1559
1336
1028
761
675
654
846
1140
1390
1539
1905
2051
2032
1760
1464
1033
624
566
609
789
932
1129
1532
2158
2862
3288
3512
3480
3313
3010
2780
2357
1915
1303
708
352
281
614
1208
1661
2142
2578
2842
3016
3333
3659
3992
4362
4692
4697
4481
4079
3485
2905
2405
2198
2062
1678
1403
987
666
837
1082
1252
1363
1415
1511
1611
1807
1961
2080
2138
2234
2336
2442
2424
3403
1944
1738
1468
1110
710
343
84
31
160
519
826
1189
1540
1900
2284
2585
2692
2642
2476
2213
1654
984
438
158
462
1016
1374
1683
1898
2059
2109
2137
1998
1855
1732
1588
1381
1131
980
916
773
706
576
489
349
281
183
173
249
400
505
589
684
888
1085
1307
1481
1526
1542
1611
1652
1647
1762
1826
1984
1987
2102
2175
2167
1993
1824
1667
1486
1199
914
706
414
270
504
932
1368
1612
1736
1918
1897
1686
1270
920
629
477
409
312
139
92
168
195
202
175
116
37
2
6
4
2
0
1
4
24
44
77
130
94
48
24
10
15
12
89
173
256
333
391
417
487
470
453
410
373
302
229
149
130
119
143
146
90
42
17
11
12
16
34
69
108
114
138
158
176
190
266
325
349
319
264
227
250
270
329
419
488
502
562
580
605
681
687
765
823
900
954
977
1043
1147
1400
2037
2513
2846
3128
3194
3297
3160
2929
2591
2285
2085
2033
2086
2346
2554
2449
2127
1821
1505
1259
1132
1020
966
950
976
1056
1219
1307
1419
1512
1503
1444
1476
1298
1183
1045
970
926
878
908
833
697
485
289
249
273
252
291
251
191
101
59
48
51
25
19
22
23
14
28
31
24
24
28
28
14
43
66
59
87
97
112
142
253
445
635
779
850
839
794
744
623
601
567
513
437
367
268
166
94
44
14
5
6
27
70
76
101
111
115
106
112
110
98
97
82
76
63
53
49
51
54
67
82
121
241
341
360
302
254
387
323
471
813
975
1340
2200
3160
3494
3242
2563
1763
1331
657
1634
2620
3244
3798
3821
3312
2515
1762
1441
1663
2076
2574
2490
2528
2562
2460
1959
1550
1404
1471
1596
1488
1487
1370
977
1020
1365
1692
2051
2506
2878
3082
2613
2063
2058
2500
2588
2345
2545
2590
2649
2530
2223
2160
2255
2566
2819
2406
1908
1572
1257
1467
1500
1442
1448
1522
1582
1438
1280
1147
1235
1288
1364
1481
1496
1253
1379
1370
1425
1275
1311
1483
1476
1339
1077
920
758
631
569
502
427
531
430
277
254
340
418
527
506
418
413
355
304
266
238
184
157
117
103
93
63
66
87
90
110
140
179
165
105
64
58
39
25
15
10
5
3
2
2
1
0
0
0
0
0
0
1
7
6
13
21
24
20
23
14
6
4
16
18
3
4
10
7
3
9
0
14
6
0
0
0
1
6
0
0
0
0
0
1
11
6
7
7
4
21
19
12
10
4
2
13
71
261
302
292
192
34
1
0
5
8
5
1
9
13
34
33
35
60
53
17
76
38
9
10
9
8
6
30
21
53
67
86
245
555
855
1186
1444
2040
2616
3284
3321
2775
2154
1784
1521
1290
1100
1007
926
829
841
816
824
824
756
692
604
544
583
588
567
684
672
516
545
554
474
463
450
370
313
276
272
241
237
209
200
342
452
456
563
701
702
827
822
908
949
977
956
865
808
724
636
572
486
360
291
232
201
145
88
67
49
28
3
10
194
448
591
597
495
494
493
366
336
300
405
537
683
800
770
741
711
787
1093
1653
1987
2221
2345
2254
2058
1705
1169
484
750
1406
1914
2360
2737
2859
2598
1989
1058
636
923
1104
1258
1404
1558
1337
1022
940
1149
1104
718
569
1117
1287
1387
1339
1368
1378
969
812
1020
1222
1141
1103
815
628
1036
1100
1031
932
842
1184
1522
1319
1041
1503
2111
2719
2839
2717
3102
3026
2374
2408
2356
2365
2207
1894
1451
862
799
1055
1128
1123
1139
1071
1023
973
909
864
716
566
478
415
415
301
484
636
868
1048
1191
1422
1633
1781
1930
2087
2089
1939
1733
1611
1515
1529
1644
1549
1476
1499
1665
1978
2307
2652
2908
3079
3230
3246
3017
2730
2516
2087
1711
1318
849
368
281
194
147
153
280
627
1032
1368
1757
2307
2573
2859
2897
2725
2168
1389
1018
897
796
699
1703
855
1008
1183
1442
1542
1323
1128
1136
1205
1211
1096
1172
1196
1027
733
567
501
370
377
401
611
831
867
783
784
820
844
805
738
706
578
461
464
778
963
1107
1104
964
782
496
354
254
196
336
398
329
274
169
135
155
234
306
312
281
266
245
208
206
214
226
253
250
231
188
199
212
178
200
237
283
322
392
445
520
579
621
609
584
528
436
359
246
200
145
105
78
65
36
19
18
15
32
122
161
228
192
195
201
126
78
36
6
2
3
3
4
7
18
21
16
52
153
651
1178
1663
2100
2138
1953
2196
2339
2255
2060
1574
1048
665
936
1544
1753
1836
2140
2398
2368
2000
1627
1603
1370
1207
911
844
1058
1434
1942
2291
2318
2227
2131
2032
1857
1692
1444
1266
1083
1104
1297
1412
1483
1535
1626
1775
1884
2132
2264
2082
1695
1363
1163
1117
1197
1179
1018
795
511
278
202
367
530
723
971
1261
1434
1737
1858
2050
2177
2441
2639
2685
2578
2286
1913
1948
2153
2241
2259
2138
2103
2107
2026
1868
1568
1242
907
705
510
501
547
555
483
845
1198
1493
1867
2116
2280
2158
1885
1559
1195
1073
1115
1226
1397
1775
2136
2730
3176
3262
3067
2419
2067
1884
2148
3006
3339
3389
3063
2036
838
2583
3439
3588
3371
2632
1490
1416
2450
3296
3669
3116
2268
2093
3061
3101
3512
1595
1015
1603
2568
3247
3415
2993
2202
1129
591
940
1320
1594
1788
1861
1898
1641
1221
1379
1883
1878
1577
1203
1146
1500
1896
2211
2203
2232
2338
2806
2941
3076
3408
3515
3566
3351
3106
2987
3292
3329
2814
2103
1277
703
1083
1141
960
991
1452
1942
2807
3693
4251
4421
4011
3215
2354
1677
1676
1878
1967
2054
2130
2146
2190
2214
2290
2461
2718
2833
2722
2317
1947
1729
1703
1808
1968
2172
2337
2367
2192
1836
1646
1336
982
807
827
877
983
965
1016
1005
986
1059
1052
1159
1334
1622
1800
2022
2102
2025
1776
1349
681
232
579
840
942
880
825
958
1091
1365
1787
2148
2548
2891
3383
3832
4071
4147
4169
4190
3981
3725
3417
3213
3221
3094
2680
2176
1722
1211
920
849
792
729
626
606
645
676
586
439
350
224
142
99
81
63
21
3
24
106
202
238
205
144
100
88
141
166
195
192
237
273
356
393
446
431
401
434
455
517
517
580
677
741
871
899
880
951
1019
1136
1218
1304
1297
1229
1138
1047
1040
1065
1018
946
898
888
878
854
883
866
749
586
342
203
292
495
613
711
807
798
838
784
754
708
603
599
699
767
824
846
868
810
762
766
712
718
715
788
820
833
809
801
736
676
665
606
396
225
194
162
156
311
342
431
429
381
426
473
535
566
594
600
590
577
581
501
417
500
660
716
830
898
923
957
1070
1048
943
855
714
624
516
319
473
668
771
855
906
1117
1240
1278
1362
1433
1559
1648
1749
1809
1812
1810
1779
1866
1874
1831
1865
1973
2065
2037
1875
1696
1533
1397
1258
1177
1070
1005
830
736
599
496
427
350
270
168
113
100
66
72
111
107
111
150
156
203
207
253
214
166
135
115
111
119
85
95
79
90
99
103
113
125
73
53
43
39
79
79
69
16
12
15
11
7
17
30
7
10
62
100
134
94
55
35
54
48
42
45
46
48
66
90
97
94
72
59
58
37
41
26
21
12
26
28
14
7
15
42
54
33
6
3
4
21
31
24
18
19
17
34
17
23
31
56
96
75
72
81
99
129
119
124
86
58
78
179
236
267
430
523
577
671
993
1316
1536
1561
1531
1579
1528
1355
1062
884
719
645
604
676
785
917
1127
1237
1167
999
904
866
703
626
591
560
552
524
456
340
269
214
150
94
57
24
4
0
0
12
29
42
27
34
17
5
0
2
15
13
0
0
0
0
0
0
1
4
7
8
2
19
20
3
2
2
1
2
3
2
2
5
16
28
31
13
31
8
2
2
33
21
83
74
115
239
472
714
961
1240
1483
1710
2021
2187
2124
2007
2177
2281
2536
2578
2516
2355
2143
2258
2471
2778
3072
3318
3574
3551
3241
2666
1865
1661
2103
1953
1906
1920
1775
1412
1112
941
803
668
843
987
1127
1249
1644
1987
1883
1528
1202
913
609
562
493
709
768
690
599
501
599
720
810
890
916
971
1211
1471
1641
1649
1569
1446
1275
1132
1060
1159
1250
1121
785
728
788
815
796
673
606
552
441
385
452
454
326
408
458
437
379
343
299
331
356
355
313
239
194
163
105
74
75
105
113
133
193
224
286
302
320
311
287
254
365
510
675
848
1027
1138
1187
1135
971
882
960
1151
1395
1496
1446
1651
2092
2459
2342
2123
1953
2293
2649
2996
2875
2918
2447
1555
864
1660
2118
2534
2815
2672
2781
2904
2839
2751
2493
2242
1946
1902
1939
2088
2228
2229
2055
2085
2458
3151
3742
4148
4148
4254
4077
3739
3026
2044
848
811
1330
1495
1441
1168
755
272
743
1049
1160
1281
1694
1918
2495
2943
3007
2805
2378
2004
1725
1656
1612
1550
1637
1899
2203
2950
3272
2961
2611
1846
1344
771
1060
1368
1431
1278
851
631
637
785
742
606
375
529
463
537
704
975
1005
1051
1497
2018
2464
2760
2807
2635
2661
2659
2284
1881
1516
1396
1754
1897
2443
2854
3074
2961
2684
2127
1240
475
1156
1278
1434
1449
1387
1357
1414
1435
1609
1710
1616
1405
1233
1046
1234
1669
2054
2168
2030
1587
866
843
1472
1728
1367
674
650
761
558
409
513
590
723
875
1058
1161
1230
1246
1206
1217
1161
1211
1266
1312
1361
1272
1231
874
957
954
1111
1199
1162
1164
1174
1251
1556
1872
2147
2235
2112
1521
965
1108
925
646
638
833
924
1101
1280
1512
1565
1591
1693
1741
1791
1712
1411
1304
1458
1535
1469
1361
1242
1183
1013
913
851
780
735
783
872
988
999
976
786
648
558
512
501
480
457
422
374
335
284
224
191
185
235
319
362
478
642
904
1144
1342
1708
1761
1679
1692
1619
1422
1203
918
1007
1334
1537
1642
1640
1411
1201
956
1276
1413
1467
1478
1500
1326
1375
1426
1815
2086
2294
2347
2367
2393
2281
1846
1798
2067
2133
1994
1977
2096
2024
1898
1683
1380
1115
907
686
865
1155
1373
1397
1310
1246
1075
927
754
686
585
430
459
480
495
509
529
487
401
389
393
467
496
569
631
656
651
660
787
961
1427
1736
1899
2175
2126
2037
1952
1894
1931
1996
1976
1932
1930
1941
2293
2942
3018
2705
2371
2330
1898
1255
1598
1740
1310
1364
1652
1418
683
710
1153
1338
1693
2230
2722
2948
2963
2892
2815
2786
2524
2355
2179
2160
2156
2275
2355
2526
2338
2016
1558
1338
1580
1940
2118
2991
1700
1708
1653
1496
1289
958
828
814
1024
1015
1067
996
663
801
856
1142
1292
997
862
780
1030
1315
1629
1698
1698
1676
1504
1235
1039
1162
1313
1398
1345
1367
1390
1394
1570
1704
1763
1748
1543
1284
1108
1010
865
713
621
1127
1494
1254
1481
1660
1835
1954
2010
2041
1955
1637
1267
1027
773
570
718
834
1036
1208
1468
1652
1706
1349
990
1078
1168
961
632
696
945
1079
1063
961
935
793
695
757
791
833
846
872
876
899
845
816
791
746
634
688
689
587
405
362
349
384
333
323
273
282
307
337
318
272
239
168
121
81
45
18
22
33
45
100
157
176
222
242
203
175
138
88
101
105
93
86
82
61
66
85
76
98
103
77
46
42
22
23
52
55
38
15
0
2
1
0
0
0
0
0
0
0
0
0
0
0
0
0
1
1
13
29
53
126
214
468
819
1194
1596
2015
2276
2635
2815
2869
2861
2793
2501
2269
2162
1949
1932
1789
1297
683
633
872
1106
1211
1204
1217
1562
1816
1941
1979
2092
2233
2088
1701
1288
921
634
978
1280
1325
1533
1774
1885
1810
1747
1621
1575
1542
1420
1203
1039
920
762
516
372
366
383
364
322
295
228
152
125
123
73
41
29
42
47
61
50
59
38
18
16
3
6
14
48
97
137
150
139
104
59
45
26
19
25
34
41
32
34
45
39
42
28
29
52
61
64
68
74
96
116
129
82
69
71
65
43
41
48
40
48
72
89
34
4
7
1
10
35
26
51
96
76
35
40
134
315
531
607
563
477
394
365
335
292
215
110
56
44
56
91
133
173
261
340
356
368
361
337
399
376
381
427
444
418
417
425
375
276
199
147
149
149
192
306
346
387
412
413
454
508
588
633
601
626
632
1103
1676
2318
2607
2585
2723
2827
2839
2507
2135
1620
914
1391
1956
2238
2396
2353
2173
1872
1431
890
778
780
702
643
571
498
419
375
587
873
1186
1281
1377
1364
1246
1116
1011
946
918
978
1157
1409
1626
1760
1870
1903
1895
1880
1922
1889
1699
1591
2031
2365
2553
2529
2205
1901
1582
1462
1309
1674
2202
2551
2900
3094
3304
3544
3496
3407
3209
2898
2584
2396
2330
2404
2264
2039
1951
1607
1392
1744
1829
1822
1796
1616
1628
1636
1387
1270
1457
1884
2205
2442
2349
1996
1117
441
835
1607
2343
2879
3212
3187
2657
1853
806
1027
2159
3239
3689
3959
3743
3069
2271
1479
1394
1676
2424
3289
3920
4573
5213
5780
6328
7028
7457
6931
5972
4973
3851
2826
2172
2364
2392
2493
2719
2888
2819
2724
2474
2033
1541
994
597
1004
1412
1571
1919
1084
922
831
1013
1192
1296
1287
1208
992
791
572
659
954
1144
1354
1474
1534
1720
1844
1799
1625
1679
1773
1924
2133
2379
2445
2380
2246
2159
1733
1677
1924
2040
1793
1508
1811
2221
2619
2888
2737
2373
2010
1367
923
683
696
879
927
851
673
780
727
917
1063
1156
1332
1392
1466
1513
1532
1607
1800
1930
1961
1912
1743
1407
909
631
710
943
1204
1355
1572
1548
1151
909
782
909
906
1178
1827
2421
2911
2900
2517
2046
1407
1141
1173
1086
1046
1048
965
997
1027
1020
1215
1454
1578
1675
1666
1707
1746
1869
2056
2298
2413
2351
2190
1831
1595
1643
1780
1666
1297
814
692
978
1069
1097
952
726
470
286
222
253
202
175
162
151
111
86
60
48
49
34
23
13
11
20
10
14
24
36
47
52
49
48
50
33
38
40
36
46
31
41
62
80
80
77
56
61
81
60
21
11
5
12
17
10
9
4
1
4
9
6
12
38
44
19
18
43
76
26
25
26
21
22
29
42
88
95
133
159
277
424
540
605
619
630
714
795
865
883
947
1026
1055
1088
1208
1253
1256
1213
1148
988
837
710
532
384
178
75
79
71
88
135
177
177
187
276
321
337
398
423
428
455
432
469
476
484
439
434
432
418
453
437
428
406
360
290
284
287
298
381
504
547
658
792
727
478
417
343
256
125
99
35
78
89
119
141
130
143
184
174
176
223
197
184
191
194
185
134
144
139
168
191
225
266
295
314
272
274
228
271
349
333
282
192
258
383
335
377
379
402
395
349
286
207
247
319
340
312
280
198
131
91
57
38
60
160
92
22
173
274
294
288
351
410
496
691
949
1058
1115
996
961
822
744
711
659
643
551
557
488
511
527
485
440
359
304
213
209
207
197
178
163
98
70
93
102
157
184
180
247
349
426
464
444
427
443
377
361
305
286
253
220
203
170
149
131
106
112
98
63
43
45
53
54
45
56
101
113
111
94
77
44
57
94
115
156
268
406
306
313
276
199
266
253
265
208
99
32
43
35
117
246
303
331
395
411
356
308
312
344
326
263
222
167
128
85
58
32
13
2
10
10
11
4
15
7
7
7
4
13
21
42
67
50
47
56
55
38
39
40
69
103
68
86
76
61
24
14
71
137
161
163
182
131
54
32
66
59
38
43
30
34
25
32
35
28
25
55
70
65
92
82
67
68
111
97
91
96
63
78
71
46
54
44
51
52
43
13
18
22
23
30
25
21
14
33
76
153
183
165
141
99
76
56
30
7
12
13
14
7
3
3
11
11
4
4
1
16
41
46
30
41
46
51
66
82
72
65
61
60
47
58
108
189
246
225
282
236
181
368
460
499
438
383
386
436
578
539
378
226
159
271
448
602
684
650
577
471
432
433
373
347
275
192
162
141
119
118
103
89
80
59
53
64
100
133
177
176
161
149
164
269
365
477
532
619
633
473
449
524
620
505
360
255
237
240
236
284
275
226
157
117
165
164
77
90
129
164
185
234
238
194
148
174
157
141
133
133
99
93
108
132
91
188
206
124
47
25
56
69
23
33
45
31
48
70
101
103
113
107
88
79
119
189
201
66
59
125
97
57
21
12
19
38
52
50
73
152
290
428
519
558
555
550
544
416
161
134
114
223
215
118
173
323
412
447
567
653
762
815
796
837
924
1134
1430
1935
2781
3411
3818
3684
3326
3117
2564
2147
1554
1363
1592
1689
1629
1479
1390
1544
1509
1374
1196
1294
1305
1277
1130
1006
1013
978
930
905
945
901
859
974
1113
1180
1332
1351
1237
1118
1060
916
830
803
790
713
686
684
658
602
619
620
780
886
928
873
730
543
425
347
259
314
489
724
1076
1351
1626
1855
2023
2175
2265
2330
2323
2346
2414
2503
2696
2614
2483
2333
2349
2289
2131
1944
1728
1529
1417
1281
1271
1175
1394
1532
1739
1841
1840
1884
1927
1883
1632
1669
1885
2139
2326
2323
2148
1746
1272
798
536
366
510
806
1059
1188
1227
1064
808
576
458
566
624
611
553
493
477
544
643
809
1077
1245
1289
1333
1361
1468
1596
1397
1070
803
561
883
1132
1294
1330
1348
1316
1195
1043
852
720
615
678
846
970
985
1493
1533
1080
1063
1077
1184
1297
1309
1241
1143
1100
1145
1296
1278
1173
1328
1603
1900
1982
1963
1838
1566
1435
1414
1574
1560
1521
1478
1521
1707
1914
2134
2310
2457
2644
2813
2886
2951
2903
3016
3418
3861
4145
4394
4287
3888
3276
2733
2478
2361
2657
3017
3265
3260
3532
3613
3493
3003
2910
2182
1595
1459
2087
2677
3049
3302
3374
3397
3446
3452
3436
3378
3137
2896
2633
2491
2261
2039
1612
1190
1117
1006
909
979
1147
1195
1090
956
651
460
549
602
636
834
1026
1118
1028
906
863
718
636
731
980
1253
1572
1845
1992
2153
2524
2849
3038
3102
2854
2555
2355
2537
2519
2195
1689
1363
950
895
701
664
1249
1624
1957
2135
2386
2605
2682
2649
2582
2407
2194
2223
2430
2407
2247
2268
2289
2311
2209
2266
2503
2763
2933
3056
4420
2787
2357
1914
1701
1268
1109
1458
1659
1932
2595
2875
2844
2823
2960
2825
3038
3117
3070
2782
2697
2563
2304
2259
2635
3028
3472
3948
4210
4522
4527
4270
3672
3139
2833
2525
2160
1653
1048
700
1085
1621
2264
3148
3736
4103
4210
4119
3839
3321
3267
3666
4068
4326
4154
3717
3154
2630
2075
1994
1877
1884
1718
1613
1702
1880
1931
1851
1647
1473
1413
1481
1598
1695
1794
1956
2312
2564
2470
2213
1898
1455
1161
871
1059
1150
1183
1164
1104
1040
844
643
509
372
388
627
779
896
965
991
957
906
853
775
684
584
367
179
256
575
1002
1492
1971
2427
2910
3238
3663
3935
3821
3351
2928
2346
2235
2084
1706
1057
895
1147
1291
1149
1144
1113
1268
1142
852
1099
1291
1180
1559
1914
2060
1889
1712
2041
2346
2599
2883
3141
3142
2887
2433
1797
1732
1730
1555
1777
2285
2375
2031
1251
1232
1210
680
1054
669
1373
1255
935
1004
945
1111
1497
1668
1796
1750
1617
1729
2007
2065
1933
1548
1508
1617
1574
1213
1447
1441
1683
1609
947
1069
774
1120
1355
1283
1678
1747
2392
3066
3208
3102
2996
2881
2817
2340
1584
1472
1699
1539
1190
809
669
946
1230
1060
562
826
950
927
770
701
580
581
554
516
469
517
553
684
890
1196
1534
1635
1671
2268
2438
2163
2078
1928
1904
1856
1701
1717
2068
2389
2488
2488
2538
2545
2298
1965
1651
1431
1177
1282
1328
1220
1145
1117
1073
1008
884
691
430
297
622
960
1164
1290
1312
1259
1260
1172
1127
1257
1527
1618
1715
1889
2170
2357
2522
2674
2707
2626
2368
2044
1897
1661
1865
1998
1763
1448
1423
1553
1391
1068
845
1005
1293
1492
1535
1963
2266
2081
2015
2247
2414
2405
1780
1404
1413
1525
1568
1633
1845
2255
2327
2458
2375
2319
2028
1848
1694
1502
1487
1407
1243
1288
1396
1544
1612
1825
2145
1962
1568
1152
1107
1045
1184
1250
1387
1602
1913
2163
2317
2460
2626
2541
2233
1746
1506
1378
1175
957
694
651
654
775
995
1668
2177
2414
2350
2403
2363
1944
1339
1275
1746
2092
2241
2581
2632
2417
1905
1592
1101
611
324
414
598
782
1080
1512
2016
2399
2607
3147
3252
3044
2805
2527
2195
1838
1708
1488
1247
1069
888
749
704
802
872
1108
1344
1576
1921
2483
2938
3325
3599
3526
3175
2773
2509
2428
2508
2388
2160
1495
1485
1686
1602
1732
2047
2398
2572
2930
3374
3581
3729
3869
3960
3995
3963
3853
3630
3265
2958
2635
2324
1933
1647
1409
1219
1091
957
934
1296
1832
2308
2659
2704
2668
2630
2596
2483
2101
1662
1184
1235
1749
2183
2347
2433
2690
2845
3006
3210
3288
3325
3268
3132
2776
2680
2433
2053
1703
1798
2175
2545
2777
2876
3033
3128
3293
3443
3470
3371
3088
2667
2459
2384
1826
1711
2204
2442
2579
2478
3356
1888
2021
2083
2068
1991
1864
1778
1825
1748
1421
1286
1507
1353
1288
1474
1647
1633
1468
1228
851
520
300
306
520
828
984
1040
1008
862
732
612
714
973
1091
1048
926
1020
1219
1620
2058
2428
2299
2175
2081
1783
1574
1283
1177
1159
1207
1257
1265
1209
1280
1355
1302
1270
1322
1301
1255
1194
1060
809
593
436
390
373
327
305
346
370
457
474
434
342
271
214
142
45
12
9
8
11
20
29
53
80
88
117
136
123
117
111
112
118
120
170
168
181
207
235
255
292
290
269
248
212
181
143
118
113
87
77
84
68
73
78
81
81
86
92
114
112
107
103
119
176
349
511
667
863
1127
1380
1531
1639
1707
1703
1739
1696
1671
1659
1595
1544
1442
1370
1310
1272
1175
1115
1057
956
885
812
686
686
629
560
498
380
325
212
142
92
56
35
21
6
18
54
129
238
381
563
857
1324
1742
2035
2276
2322
2315
2444
2916
3388
3747
3935
4035
3818
3412
2996
2552
2257
1936
1732
1470
1308
1401
1426
1316
1076
918
827
769
812
868
871
892
934
1106
1270
1382
1393
1256
1084
972
1180
1245
1222
1188
1186
932
766
851
1019
927
756
713
981
1146
1217
1303
1146
896
639
482
370
319
266
236
213
292
407
536
596
714
867
898
1020
1243
1418
1553
1762
1769
1649
1191
848
738
668
602
679
722
655
573
600
615
552
538
427
437
599
785
847
886
831
715
490
358
497
660
823
939
1015
1063
1375
1777
2430
2862
3093
2994
2597
2197
2213
2372
2430
2618
2732
2739
2607
2359
2413
2182
1942
1625
1326
1364
1454
1322
935
1048
1100
960
682
340
645
804
762
552
369
728
771
496
345
754
838
792
577
545
740
747
572
499
811
769
664
680
635
646
781
917
961
1107
1541
2084
2441
2612
2633
2802
2957
2974
2835
2685
2383
1995
1450
1593
1926
2296
2710
2922
2886
2786
2724
2618
2664
2530
2338
2060
1778
1621
1566
1427
1293
1541
1668
1819
1718
1269
1141
1352
1748
1888
1942
1913
1870
1800
2197
2270
1799
1994
2057
2113
2465
2634
2397
2440
2958
3290
3323
2895
3018
2529
1590
1510
1645
2186
2788
3215
2782
1987
2341
2980
2979
2833
2365
1585
842
1532
2024
2582
2633
1998
1443
1353
1655
1877
1955
1601
1165
1332
1854
1937
1772
1566
1869
2659
3219
3213
2745
2291
1969
1556
1117
889
1098
1142
1206
1378
1633
1786
1898
1951
1965
1856
1615
1602
1726
1773
1715
1630
1588
1576
1507
1466
1343
1220
1001
795
622
486
315
135
141
266
385
633
818
935
1215
1429
1444
1476
1583
1861
1880
2013
1903
1402
758
598
623
416
513
580
538
375
394
390
366
281
275
585
368
527
650
634
680
670
1128
1163
1030
1059
1084
1124
1218
1227
1134
1037
1023
919
795
661
508
358
241
131
89
110
178
334
536
738
957
1221
1454
1686
1917
2193
2396
2524
2586
2499
2281
2269
2244
2404
2361
2387
2311
2209
2024
1665
1424
1279
1161
1050
885
952
1284
1455
1632
1777
1803
1734
1912
2217
2540
2750
2794
2644
2636
2582
2303
1955
1734
1386
1317
1437
1481
1778
2145
2553
2734
3381
3583
3870
4464
4231
3883
3725
3674
3660
3631
3508
3266
3149
3259
3261
3040
2731
2271
1785
1431
1056
657
673
760
912
993
1142
1155
1114
1047
1045
886
924
1175
1281
1279
1135
859
671
633
844
1078
1394
1832
2375
2609
2653
2363
1922
1635
1937
2689
3170
3418
3680
3520
3325
3202
3199
3108
2790
2356
1697
1494
1340
1476
1538
1570
1461
1386
1324
1446
1569
2731
1557
1504
1537
1447
1323
1180
1039
936
859
839
841
1109
1415
1698
1950
1992
2016
2134
2877
3759
4030
4490
4942
5222
4791
4291
3935
3530
3057
2604
2082
1901
1839
2118
2553
2992
3448
3622
3691
3378
2729
2215
1879
1474
2384
3130
3644
3875
3912
3471
2925
2568
2312
2239
2179
2205
2045
1686
1633
1635
1622
1499
1308
1302
1586
1949
2229
2310
2267
1987
1707
2205
2647
3373
3778
3744
3485
3476
3160
2285
1567
2014
2844
3476
4100
4475
5092
4511
3554
2718
2065
2023
2000
1760
1330
971
919
1313
1575
1677
1728
1755
1725
1772
1792
1756
1656
1315
1142
1017
1113
1269
1238
1088
1225
1458
1690
2062
2325
2452
2695
2858
2653
2331
2055
1792
1631
1319
1240
1268
1223
1309
1377
1214
1129
981
882
740
657
588
542
436
310
205
77
63
167
384
589
752
869
1067
1252
1563
1844
2080
2287
2451
2537
2640
2674
2579
2367
2267
2069
1837
1663
1524
1366
1206
1008
887
797
848
818
812
748
731
690
613
567
555
588
655
718
753
857
968
910
620
787
920
1011
877
996
1135
1456
2168
2563
2579
1773
1135
1675
2125
2355
2540
2626
2429
2178
2004
1616
1528
1286
1107
1017
868
725
747
777
941
1143
1191
1157
962
660
542
510
522
533
549
546
543
594
638
697
867
999
952
755
555
538
615
639
708
887
897
838
871
754
980
1120
1312
1379
1508
1219
1181
1200
901
706
561
512
518
551
506
508
559
577
611
684
817
922
1084
1071
1091
1002
948
786
590
374
225
100
94
222
330
453
610
705
891
1035
1177
1297
1445
1516
1604
1619
1740
1738
1703
1617
1467
1176
968
652
405
192
200
228
481
837
1201
1518
1748
1806
1862
1852
1727
1552
1427
1540
1663
1579
1688
2385
3059
3069
2738
1565
1452
1532
1591
1648
1504
1573
1786
2115
2173
2363
2833
2361
1831
1664
1359
1409
1362
2381
1416
1755
2050
2371
2624
2722
2776
2770
2755
2703
2643
2579
2384
2261
2082
1991
1951
2026
1994
1914
1586
1285
914
604
363
531
735
1062
1372
1740
2086
2465
2815
3098
3340
3565
3831
4131
4445
4592
4632
4433
4163
3940
3736
3366
2986
2671
2344
2040
1679
1392
1125
815
462
320
333
562
884
1256
1517
1937
2488
2835
3123
3267
3479
3644
3677
3610
3333
2896
2469
2197
1897
1641
1402
1184
1093
842
470
165
58
249
474
714
1057
1490
1858
2300
2612
2887
3118
3212
3211
3094
2905
2728
2478
2050
1484
839
532
445
750
1308
1829
2065
2145
2153
2569
2473
1945
1427
1601
1547
1182
510
272
582
697
588
742
1236
1461
1400
1596
1793
1823
1659
1731
2432
2826
2832
2971
3083
2869
2333
1790
2014
2212
2273
2346
2565
2833
2768
2606
2651
2722
2783
2534
2125
1790
1347
1052
841
796
935
1097
1133
936
591
838
957
1041
909
1120
1616
1828
1976
2077
2208
2428
2781
3256
3207
3152
3371
3535
3710
3886
4206
4402
4488
4681
4784
4747
4270
3645
3487
2969
2763
2850
3013
3210
3260
3663
3952
3783
3206
2519
2857
3929
4712
5098
5196
4778
3954
2902
2279
1651
1392
1525
1956
2548
2833
2952
3070
3204
3399
3502
3393
3087
2772
2516
2312
2138
1893
1757
1622
1587
1514
1441
1241
969
727
588
440
317
236
141
86
64
43
34
28
20
19
23
30
41
58
92
131
185
256
335
446
495
510
577
701
799
910
1080
1148
1346
1313
1119
1039
746
626
688
569
385
249
263
290
348
399
485
588
631
671
695
712
741
794
817
860
795
825
753
690
632
539
429
274
142
75
62
58
79
63
59
62
67
83
98
133
176
209
245
231
334
352
312
366
619
851
1014
1206
1296
1277
1054
786
594
481
399
283
235
153
166
189
158
130
102
87
68
55
27
25
22
29
56
106
126
118
104
84
66
58
58
64
59
37
50
57
38
48
114
171
193
231
224
230
211
161
273
304
306
279
272
255
253
239
174
112
64
41
43
84
108
110
100
89
90
148
188
165
107
80
64
28
21
36
42
47
35
42
49
44
45
27
38
46
67
98
128
107
80
46
55
63
70
37
29
38
29
15
34
17
12
24
19
21
23
16
12
19
50
100
137
141
112
107
90
108
114
173
231
276
321
308
272
261
294
280
332
374
479
541
516
488
410
346
241
163
99
108
107
94
90
73
63
39
54
93
117
163
176
190
149
44
30
34
70
92
91
85
74
42
27
71
123
96
43
13
68
150
226
259
235
204
51
86
163
295
392
805
567
431
453
561
619
916
1169
1345
1273
1429
1810
2152
2452
2567
2477
2241
1710
1228
1054
1313
1470
1517
1167
1077
1248
1411
1510
1517
1505
1368
1273
1364
1418
1290
961
921
887
678
409
352
331
283
224
199
210
284
276
281
289
357
340
265
252
256
202
172
171
179
171
245
371
354
438
482
339
304
288
293
313
330
302
300
289
260
206
204
203
191
204
178
239
302
287
247
251
264
310
260
177
179
112
73
158
293
343
349
317
244
265
232
231
165
109
74
74
80
65
55
60
64
116
149
185
246
221
206
175
192
214
229
181
99
96
172
140
130
133
74
49
77
75
52
31
15
41
40
46
148
194
224
334
435
637
784
859
987
1230
1501
1837
2076
2249
2333
2475
2509
2549
2636
2641
2493
2345
2194
2065
1782
1421
1215
989
1253
1645
1912
2089
2156
2083
1770
2256
2769
3133
3576
3819
3754
3383
2985
2284
1882
1513
1383
1497
1441
1213
1057
954
877
827
785
757
658
643
610
647
609
585
518
483
451
485
365
370
315
284
255
214
158
125
141
155
206
219
192
117
44
58
43
80
38
16
6
15
12
17
50
74
63
38
55
45
38
25
8
0
0
4
11
7
3
4
2
1
4
19
29
25
23
46
43
6
11
13
6
6
3
0
0
0
1
0
0
7
1
8
9
9
5
5
7
8
6
5
4
4
1
6
3
1
0
0
0
0
0
0
0
0
0
0
0
3
11
1
0
0
0
0
3
0
0
0
0
0
0
0
3
2
0
0
0
0
26
105
137
158
248
346
482
552
576
549
525
507
547
556
546
553
530
537
527
494
471
451
457
462
457
377
368
279
192
152
126
109
92
63
37
25
23
43
25
11
29
35
23
23
12
22
20
13
11
9
18
24
13
5
3
3
2
5
15
4
68
162
266
385
489
594
621
588
546
511
415
374
262
167
113
143
266
529
929
1327
1551
1512
1350
994
577
467
566
627
614
579
603
538
573
606
683
784
888
932
981
987
954
1064
1028
960
850
705
574
408
247
186
163
148
191
289
396
482
655
862
1055
1303
1565
1742
1961
2081
2193
2371
2641
2928
3171
3175
3091
2761
2324
2065
2040
1812
1605
1524
1465
1380
1138
892
647
501
1312
281
294
357
312
198
190
183
198
205
182
167
173
228
220
188
216
289
331
287
141
135
187
221
247
239
311
236
124
186
216
192
263
244
188
181
204
218
263
347
515
539
937
373
284
273
245
221
307
307
288
287
272
289
304
210
150
98
65
152
263
268
247
261
223
109
21
0
4
10
9
10
3
2
47
64
67
142
230
294
347
330
272
130
13
6
17
25
5
0
0
0
0
0
0
0
3
0
2
6
12
53
90
141
215
283
385
476
595
788
976
1143
1288
1271
1190
873
442
185
267
451
559
551
288
91
42
50
32
25
29
34
54
68
57
65
47
47
50
82
111
164
214
250
252
265
242
284
289
350
472
495
448
263
119
60
34
82
211
307
294
300
333
255
253
204
169
172
181
197
205
149
70
39
16
12
7
22
19
5
13
10
5
7
1
0
0
0
2
1
7
14
12
22
20
26
52
112
149
155
174
149
139
133
120
69
55
42
52
46
34
32
27
23
10
1
9
2
1
0
2
6
3
2
5
2
0
1
1
8
16
2
0
3
7
6
0
0
0
0
7
13
0
11
9
1
5
1
0
0
0
0
0
0
0
0
3
4
8
9
6
3
1
2
1
2
2
7
7
10
9
7
23
20
18
4
3
10
17
15
18
16
14
2
10
13
6
1
0
11
23
19
8
9
12
5
9
52
178
455
767
880
818
559
173
51
37
107
99
107
95
36
15
51
79
51
14
49
184
283
353
361
327
294
259
206
134
125
98
97
98
88
186
357
594
865
1206
1526
1639
1697
1763
1518
1394
1755
2562
3112
4109
5086
5110
5521
5537
5733
5581
5261
4953
4564
4350
4113
3802
3547
3035
2776
2650
2604
2601
2650
2881
2954
3048
2942
2805
2420
2242
2508
3595
4670
4683
4047
2910
1867
2485
2803
2919
2584
2058
1553
1403
1836
2391
2937
3322
3752
3989
4141
4161
3972
3420
2612
3045
3049
2974
3336
3517
3489
3138
3087
3266
3727
3672
3499
2990
3087
3239
2893
2662
2861
2761
2128
1506
1353
1555
1650
1657
1841
2035
2209
2289
2384
2394
2450
2685
2781
2793
2605
2112
1478
1486
1659
1962
2292
2528
2691
2792
2653
2610
2281
2008
1971
1905
1734
1710
1714
1466
1235
1019
968
928
958
984
1098
1044
866
792
711
683
452
331
372
412
509
609
688
711
676
647
636
576
511
461
425
358
228
127
163
211
209
178
190
183
262
382
477
564
691
837
802
688
596
508
502
559
620
646
643
635
700
859
1076
1196
1236
1102
977
925
839
998
1270
1199
800
591
766
676
667
831
1075
1245
1543
1661
1865
1883
1856
1663
1401
1090
981
835
937
982
991
843
720
971
1306
1481
1494
2241
1197
1233
925
699
587
440
266
286
328
452
534
375
175
48
56
208
279
289
159
107
158
200
340
454
547
493
469
438
273
163
238
377
607
682
549
375
272
234
209
176
230
217
168
135
39
6
1
0
0
11
14
22
19
10
0
0
0
0
1
0
0
1
0
0
0
0
0
42
23
1
9
14
10
3
1
1
2
0
0
19
12
69
17
9
34
3
32
32
31
13
8
39
38
102
242
435
634
972
1235
1099
817
479
444
703
903
881
620
399
291
213
134
38
53
77
35
21
46
16
20
20
10
2
0
0
1
5
13
35
4
53
32
146
155
177
180
156
97
86
144
105
53
30
77
244
562
866
1168
1478
1759
1838
1952
1897
1635
1077
417
322
518
541
402
267
146
125
107
57
46
105
327
663
1022
1329
1654
1894
2096
2145
1941
1461
835
676
739
998
1100
1137
1034
909
776
573
439
373
337
438
571
777
983
1132
1250
1432
1507
1470
1454
1818
2098
1914
1199
1349
1547
1637
1424
1005
461
419
616
645
476
298
248
403
442
385
401
337
280
358
329
209
189
84
62
55
53
41
42
48
46
52
58
78
84
79
69
70
62
58
82
65
52
37
31
38
8
18
21
26
40
46
58
57
60
40
33
11
11
19
28
39
33
46
35
29
30
41
43
41
44
44
47
49
42
37
22
18
25
23
37
32
13
12
17
23
14
9
9
21
26
28
19
28
37
54
48
62
50
24
1
0
0
1
4
0
0
6
29
27
0
0
1
32
9
2
10
0
0
0
0
0
0
10
1
13
31
0
2
6
0
0
0
0
0
0
0
0
0
0
14
27
1
5
12
1
0
0
5
11
11
5
4
15
13
4
1
3
0
0
0
0
0
4
10
7
4
0
0
0
0
0
0
26
14
4
2
4
4
1
4
12
13
10
29
63
110
173
266
383
378
403
396
378
345
304
262
223
212
146
95
95
120
173
192
178
146
164
134
128
126
148
158
169
208
220
240
266
243
260
262
244
235
201
212
195
210
189
154
149
102
110
85
67
36
33
25
42
40
60
71
74
78
105
88
72
54
43
47
16
15
15
15
18
7
9
0
2
2
11
5
5
4
2
0
2
3
1
0
0
0
0
0
0
2
0
1
1
0
2
0
5
1
12
20
27
50
89
91
80
63
55
45
36
32
31
19
120
146
306
441
505
511
482
411
328
246
187
152
137
128
86
91
82
77
86
100
103
107
100
104
85
71
63
60
37
37
27
19
9
12
16
36
38
63
89
131
181
282
331
383
382
403
418
438
440
408
397
387
373
289
239
159
136
96
80
51
17
4
6
12
30
51
64
103
102
129
151
157
143
130
106
80
85
84
67
49
68
60
83
82
63
55
32
26
8
20
114
597
1190
1810
2194
2190
1926
1981
2885
3276
2918
2317
2391
2756
2898
2657
2488
2187
1670
1568
1656
1461
1243
1122
1033
1011
1145
1255
1498
1764
1819
1746
1906
2244
2619
3206
3930
4525
4699
5227
5482
5102
3970
2788
1276
1094
1252
1092
1258
1431
1215
830
514
356
461
767
962
873
604
563
448
460
470
533
633
696
771
787
763
675
602
529
478
442
410
331
249
166
150
195
232
358
391
349
309
291
224
176
115
100
105
68
55
36
25
22
16
22
30
49
71
109
104
99
140
179
156
145
106
84
71
73
78
87
85
80
65
63
50
36
52
39
41
80
93
97
99
70
78
96
178
211
144
95
67
69
64
51
54
63
55
56
32
35
28
22
24
20
10
19
33
1
2
2
0
0
8
15
19
39
66
65
60
76
74
47
6
0
0
0
1
17
16
0
1
0
0
0
0
0
0
2
3
1
1
1
1
2
4
5
5
9
8
5
0
1
1
1
0
0
0
0
0
0
0
0
0
0
0
0
0
0
18
13
0
7
6
0
0
0
0
0
1
1
2
2
3
1
2
0
1
3
0
4
4
9
10
3
0
0
0
0
1
0
1
1
0
6
13
13
6
12
10
17
36
19
8
3
3
9
0
0
3
8
8
5
4
11
7
10
16
11
13
7
0
0
0
4
10
8
14
23
40
33
11
1
0
6
24
20
34
56
80
78
47
37
58
38
58
69
31
20
16
11
11
5
14
44
60
98
121
110
99
95
66
14
11
74
52
72
117
126
102
59
37
76
193
229
279
460
441
236
118
204
289
323
295
193
93
81
183
204
171
173
180
179
168
197
225
292
371
426
320
138
137
250
311
306
247
217
235
289
281
265
158
74
72
50
32
52
39
21
7
3
12
9
4
8
9
2
2
10
6
1
1
1
2
0
0
0
0
0
3
15
13
7
1
0
0
11
4
0
3
4
1
0
15
21
3
2
19
7
2
4
5
3
36
12
9
39
17
1
9
43
92
110
100
94
35
1
2
2
0
2
13
14
16
28
45
27
11
9
23
37
53
72
84
144
174
230
305
414
514
540
638
723
898
965
1027
1191
1373
1600
1874
2215
2363
2553
2690
2716
2728
2593
2483
2412
2340
2328
2207
2040
1818
1527
1162
1017
1100
1044
866
824
965
942
805
612
403
406
403
286
243
255
362
309
165
78
25
19
10
4
12
26
24
60
157
277
422
458
553
549
656
622
755
901
1193
1571
1827
1920
1883
1947
1978
2015
2083
2230
2316
2396
2376
2444
2410
2448
2341
2266
2219
2100
2047
1902
1716
1565
1337
1132
1031
811
518
395
285
207
127
87
38
37
70
52
90
163
171
223
327
407
572
741
885
1061
1321
1627
1845
2214
2519
2744
2976
3054
2950
2712
2338
1968
1805
1755
1688
1722
1622
1445
1180
819
697
703
643
600
579
362
169
132
154
95
103
193
190
56
39
51
99
83
26
38
43
89
129
215
306
403
554
718
952
1114
1322
1451
1605
1711
1815
1778
1839
1877
1838
1810
1795
1744
1754
1710
1616
1619
1579
1478
1373
1219
1094
939
843
710
582
494
381
228
88
23
22
90
242
374
494
683
861
1025
1314
1568
1696
1768
1832
1725
1579
1457
1526
1543
1529
1417
1216
1067
908
863
903
960
971
987
939
893
861
835
743
684
653
539
415
265
144
54
10
1
12
44
132
191
292
419
520
598
674
787
860
891
916
964
944
903
885
837
763
731
691
658
559
485
411
334
238
129
113
94
36
69
74
107
187
324
509
678
859
1019
1258
1389
1495
1594
1579
1558
1506
1379
1237
1082
911
760
679
518
418
287
179
93
63
46
44
34
25
39
85
149
196
249
262
289
348
367
371
391
441
469
488
526
503
530
526
569
647
635
662
641
696
788
841
839
893
914
903
828
731
579
451
345
292
264
236
222
226
163
157
142
134
154
186
180
171
203
191
213
193
210
212
198
186
209
183
209
207
170
181
166
171
167
167
183
203
176
175
175
169
188
138
157
371
618
631
585
487
432
557
678
684
648
562
400
642
859
961
842
718
790
905
1049
1170
1220
1247
1244
1200
1121
1207
1309
1357
1334
1317
1336
1344
1279
1206
1011
849
651
653
667
590
365
163
108
183
204
178
160
74
21
64
53
50
64
108
201
261
374
449
523
624
708
715
713
739
828
1010
1135
1243
1259
1246
1253
1227
1255
1246
1104
931
901
836
754
700
630
611
655
703
584
919
408
466
313
140
60
33
140
164
84
76
250
451
542
529
546
641
761
827
709
809
855
966
1030
1131
1158
1080
987
896
816
716
609
584
566
507
392
278
214
179
128
74
28
12
8
4
0
0
3
5
5
10
23
31
39
68
87
90
92
104
106
83
67
77
66
40
34
29
30
30
44
48
32
23
20
11
7
4
3
2
3
7
6
4
2
2
2
5
14
22
35
51
70
87
106
121
127
183
199
195
189
186
164
167
149
107
100
73
59
60
48
47
51
42
37
24
10
6
5
1
2
1
1
0
2
0
1
18
16
0
9
7
5
2
0
6
18
3
1
6
10
14
11
21
21
16
23
31
25
21
47
71
101
180
138
64
25
23
40
66
58
61
94
116
117
131
129
114
92
80
67
42
41
42
45
35
37
39
59
48
24
17
19
14
16
7
4
13
20
26
34
45
50
52
81
83
100
93
81
67
37
90
240
325
321
244
115
77
111
216
230
230
233
203
119
83
62
69
119
122
58
30
22
21
19
14
17
25
17
19
20
38
43
35
42
43
35
20
16
2
2
1
0
6
10
15
7
9
43
34
9
1
0
0
4
6
13
12
0
5
0
9
18
4
11
8
9
3
0
0
0
0
1
0
2
0
0
1
2
6
14
13
2
0
0
0
0
0
1
2
1
1
0
1
3
10
21
38
49
55
48
54
62
84
42
22
25
33
32
42
31
11
13
15
4
5
0
0
1
6
31
25
8
6
11
16
12
5
1
1
17
19
9
16
20
20
21
23
39
44
33
29
36
47
46
39
37
44
51
46
60
72
87
105
128
164
187
217
250
256
259
260
224
184
186
206
241
279
336
383
442
472
492
480
443
392
373
355
328
281
255
230
187
149
138
110
144
359
619
802
986
1195
1337
1406
1423
1341
1096
773
407
87
186
264
355
399
397
377
375
409
397
385
332
306
337
386
432
334
294
247
260
367
451
499
538
516
567
450
458
506
577
482
350
239
140
136
141
121
216
256
298
294
225
164
95
76
62
52
39
86
109
126
109
79
68
66
46
49
42
21
18
12
13
11
0
0
0
7
36
61
124
157
111
81
53
54
95
215
358
404
360
183
109
218
304
319
250
77
93
272
263
198
124
99
151
214
163
35
63
144
95
69
103
425
161
78
50
51
24
25
60
43
77
80
45
27
24
46
55
65
104
59
47
37
78
124
119
174
145
151
108
49
43
59
76
112
121
156
229
354
519
637
672
762
850
955
1055
1131
1143
1177
1169
1107
956
772
696
665
615
555
531
512
449
422
378
327
325
293
228
457
97
111
171
192
132
105
107
78
60
73
68
57
51
52
46
17
7
5
2
8
12
25
14
11
5
0
2
1
0
1
0
7
1
0
0
0
0
0
0
0
5
0
0
0
0
0
0
0
3
0
0
0
0
0
6
40
6
8
30
27
5
11
20
0
0
0
0
4
0
0
0
0
0
0
0
0
0
0
0
0
0
0
0
0
0
0
0
0
0
0
0
0
0
0
6
9
1
0
0
0
0
18
27
25
0
0
0
0
3
35
9
12
8
7
0
1
0
0
0
0
0
0
0
0
0
0
0
0
0
6
0
0
3
3
3
3
2
0
0
0
1
0
30
0
5
19
9
0
0
0
4
6
13
2
0
56
61
35
29
10
27
9
2
3
1
0
25
24
2
25
49
11
11
18
2
24
0
18
13
5
1
1
0
0
27
22
3
1
0
36
63
32
3
0
0
19
59
32
1
0
0
0
0
2
0
0
0
0
12
0
0
3
0
0
0
0
0
0
0
0
0
0
0
0
0
1
0
1
4
35
96
140
277
388
440
408
267
168
193
322
461
342
173
85
83
86
89
89
96
144
130
147
147
120
122
149
170
201
261
327
420
443
545
694
898
1013
1210
1368
1431
1615
1639
1707
1704
1699
1676
1660
1569
1415
1260
1078
903
753
637
525
414
317
244
185
119
86
61
39
38
43
97
109
139
143
132
140
130
100
123
145
148
160
188
223
294
418
522
585
691
770
880
959
1109
1197
1259
1376
1473
1561
1575
1589
1631
1635
1613
1550
1466
1392
1296
1139
1039
939
774
645
518
382
300
234
191
185
230
235
175
151
178
176
184
192
243
255
296
289
255
263
500
753
901
937
897
870
884
860
693
479
360
235
205
202
154
131
176
240
329
472
625
783
891
904
896
759
654
539
462
477
474
448
447
407
351
282
174
100
23
21
47
99
100
91
68
114
104
152
174
246
333
350
415
426
413
404
415
357
289
205
163
99
96
71
85
122
188
172
176
193
198
194
182
185
176
145
139
113
81
172
41
19
9
12
18
22
18
21
47
61
63
87
84
67
59
46
39
33
31
34
49
87
125
162
159
176
190
177
170
165
156
139
101
116
105
79
66
53
47
37
36
32
16
11
6
3
0
1
1
0
0
0
0
0
0
0
0
0
6
1
0
0
0
0
0
0
0
0
0
0
0
0
0
0
0
0
0
0
0
0
0
0
0
0
0
0
0
0
0
0
0
12
26
4
0
7
6
5
2
1
0
6
2
0
0
1
3
6
12
10
9
23
26
46
54
53
70
37
8
4
19
45
22
1
6
15
14
18
54
73
104
131
138
139
137
160
201
259
246
223
209
209
193
176
155
152
135
90
58
23
8
39
25
18
30
37
41
73
92
71
67
84
69
40
29
13
4
20
25
8
7
6
20
49
47
41
43
109
149
155
151
180
163
133
108
102
110
104
107
128
156
165
181
148
146
117
74
55
82
88
144
176
187
198
198
212
227
288
302
360
451
522
615
634
712
767
763
798
808
792
722
698
641
606
545
473
391
282
204
138
58
25
8
3
9
11
22
29
57
72
130
251
395
457
528
621
686
679
678
565
513
494
498
476
495
502
537
557
527
398
377
455
453
415
324
240
321
316
264
133
145
213
210
124
64
119
151
120
72
86
112
108
96
138
188
203
223
287
368
490
605
692
799
755
706
600
529
399
305
201
110
54
27
41
195
444
672
814
901
929
921
912
859
711
597
602
640
779
833
896
938
972
994
1036
1057
1013
1035
1141
1309
1447
1524
1491
1207
846
820
1085
1255
1314
1289
1320
1234
1199
1175
1223
1362
1413
1281
1131
827
824
1178
1452
1592
1544
1412
1334
1284
1288
1412
1529
1465
1256
1061
987
1039
1330
1558
1738
1753
1654
1531
1293
1196
1232
1543
1518
1393
1281
1349
1501
1477
1298
1177
1165
1098
789
497
557
761
850
790
637
519
357
156
128
276
491
682
851
1017
1133
1049
818
510
348
498
779
961
1081
1185
1362
1563
1543
1512
1370
1168
984
931
914
958
931
859
824
627
481
365
260
198
175
214
304
381
395
290
221
172
227
333
429
486
585
749
880
1047
1067
1162
1247
1368
1523
1737
1945
2146
2351
2444
2477
2349
2268
2201
2053
1637
1197
731
492
445
470
658
972
1174
1389
1640
1900
2135
2320
2503
2671
2831
2858
2871
2791
2658
2543
2436
2170
1934
1724
1651
1427
1205
963
986
1008
856
738
582
636
812
951
842
822
536
674
692
658
677
735
880
1063
1034
954
848
957
1022
905
706
629
596
646
619
607
664
634
648
697
610
590
564
575
533
517
471
439
315
243
176
160
144
106
90
75
60
25
5
4
4
1
1
10
9
11
21
34
40
52
139
225
239
305
344
426
479
533
574
572
568
527
489
390
306
221
144
95
57
77
134
255
331
423
516
585
618
644
688
746
792
795
868
929
929
949
943
907
861
871
851
917
921
931
964
939
928
846
721
563
407
223
242
274
312
282
167
128
78
48
20
16
14
20
35
59
94
183
250
320
410
505
547
622
615
654
694
720
717
716
714
696
687
631
623
584
539
519
478
441
372
310
255
195
148
114
50
35
60
28
18
20
18
12
17
7
10
17
22
33
31
18
18
12
10
10
2
1
0
0
3
1
0
5
0
0
20
35
0
5
7
8
5
1
0
0
0
0
0
0
0
0
0
0
0
0
0
0
0
0
0
0
0
0
0
0
0
0
0
1
0
0
0
0
1
2
11
0
0
3
5
8
14
19
29
30
35
31
23
22
24
9
4
0
0
0
0
0
0
0
0
0
0
0
0
4
1
0
0
0
0
1
5
0
0
0
1
0
0
0
1
0
0
0
0
0
0
0
0
0
0
1
4
0
0
0
0
0
0
0
25
22
1
2
5
9
7
3
2
4
21
23
14
15
20
16
12
6
6
5
2
0
0
4
2
9
12
14
24
126
392
813
1064
1284
1544
2167
3155
3567
3592
3096
2750
2439
2046
1815
1575
1320
933
479
279
180
165
236
250
227
181
124
144
172
150
181
213
227
175
85
32
34
8
4
27
51
52
78
78
22
6
25
16
7
3
0
4
4
67
17
29
52
40
33
24
31
48
62
84
81
98
85
38
71
107
131
132
157
145
56
55
39
28
25
31
70
107
82
48
8
3
0
1
0
1
10
21
32
61
175
248
276
320
314
260
204
186
146
137
183
197
145
65
97
163
371
616
664
635
648
985
1722
1905
1783
1671
1347
926
802
951
712
658
744
922
1140
1367
1442
1456
1262
1102
1029
1155
1539
1676
1284
1018
756
186
444
592
674
647
621
680
777
738
734
801
761
690
589
454
368
264
230
240
266
339
444
504
567
835
1052
929
544
423
268
231
189
193
184
163
193
237
371
561
732
845
900
948
941
952
1260
785
760
695
572
514
624
689
814
1231
1297
1158
1029
713
232
304
446
537
571
576
522
436
408
497
660
715
820
906
926
735
859
862
908
860
863
937
876
659
446
361
445
436
464
566
584
390
464
577
746
814
971
1198
1381
1484
1556
1722
1837
1837
1639
1382
1039
776
704
637
517
369
247
169
129
175
183
176
174
213
239
255
285
302
316
382
411
508
593
704
788
823
855
875
898
850
783
629
538
467
414
379
338
341
288
235
216
167
118
83
70
93
98
123
150
141
119
84
50
20
2
23
29
17
17
13
0
0
0
0
0
9
22
19
0
5
16
37
39
50
32
36
46
45
43
37
23
26
24
19
17
10
0
0
4
0
1
0
0
0
0
1
0
0
0
0
0
0
20
34
87
198
383
555
714
858
932
923
839
1076
1302
1042
1112
935
754
537
435
252
163
118
240
233
195
132
164
104
238
344
368
473
511
561
662
697
612
452
253
130
53
21
17
36
53
34
29
36
39
39
25
28
53
131
218
308
327
338
398
386
446
585
760
851
779
546
452
320
121
245
365
425
508
565
525
524
505
492
454
458
470
489
512
579
621
608
569
449
374
283
158
78
65
65
51
18
19
22
44
89
80
49
48
79
88
60
78
141
126
102
29
5
0
0
1
3
0
0
4
25
34
40
26
16
19
18
20
16
14
11
3
0
0
0
0
0
0
0
0
0
0
0
0
0
0
1
2
0
7
38
66
58
35
7
18
40
45
38
32
33
41
48
48
41
27
33
36
38
43
48
41
56
62
45
18
1
0
0
3
0
0
1
5
4
2
1
6
14
40
204
438
533
410
183
166
318
335
324
190
203
325
292
148
112
201
340
185
81
351
498
492
289
158
311
348
204
73
84
232
215
171
234
342
295
195
137
67
77
68
24
9
15
23
24
22
36
50
69
75
51
28
9
12
8
0
0
2
2
0
2
3
0
0
0
0
0
0
5
16
39
30
12
4
2
4
6
0
4
3
8
7
9
9
8
6
2
3
0
4
7
19
29
40
59
48
41
33
22
16
9
4
6
6
5
4
9
8
3
5
7
6
5
11
13
11
13
12
16
11
8
5
5
19
6
3
7
2
1
1
0
0
1
5
3
9
19
28
43
150
289
380
512
624
668
595
612
621
695
947
508
443
337
159
229
201
178
231
232
170
94
92
236
457
504
438
356
204
160
177
202
202
176
224
295
295
163
143
248
260
197
182
152
136
178
221
162
96
30
90
119
47
119
110
82
100
136
21
94
71
65
51
122
187
231
260
328
384
454
517
557
590
642
672
629
523
428
262
169
137
103
86
74
57
50
95
130
137
168
194
197
176
204
211
201
255
281
269
272
267
281
247
214
171
96
29
34
218
610
1240
1896
2464
2880
3029
2754
2108
1963
1677
1588
1364
1122
1578
1453
1615
1953
2238
2057
1516
1045
762
786
970
1138
1416
1758
1784
1531
1454
1337
999
1222
1408
1428
1417
1485
1448
1325
1351
1797
1953
1887
1980
2330
2550
3020
3324
3466
3296
2971
2353
1477
980
1917
2741
3383
3672
3376
2930
2540
2309
2152
2072
1973
2461
2995
3340
3391
3183
2765
2384
1995
1798
1668
1182
1579
1689
1484
977
960
1169
1597
1880
2100
2371
2513
2611
2630
2679
2627
2710
2703
2455
2341
2342
2063
1664
1452
1454
1383
1229
1006
795
671
568
593
464
521
597
592
596
370
404
506
412
459
484
399
396
504
617
575
608
610
394
307
274
238
221
205
174
119
63
49
51
29
27
17
25
27
15
15
6
8
10
2
0
2
1
0
2
0
0
0
0
0
0
0
0
0
1
0
0
0
2
1
2
4
9
11
16
11
14
9
7
10
8
5
4
5
9
6
11
6
5
2
5
7
8
5
4
3
1
1
0
0
0
0
0
0
0
0
1
0
0
0
0
0
0
0
0
0
0
0
0
0
0
0
0
0
0
0
10
30
0
5
6
5
23
47
135
378
585
993
1367
1657
1893
2138
2521
2770
2385
1932
1574
1295
1116
898
677
515
496
399
393
406
407
430
405
358
266
224
186
244
271
271
279
293
240
260
265
244
275
261
230
230
232
215
190
195
210
226
224
224
212
258
270
301
314
351
415
486
510
620
623
588
526
509
473
470
384
370
299
219
198
190
267
296
285
232
196
202
157
181
205
283
337
338
306
488
647
534
364
243
214
211
237
209
133
91
103
98
115
124
180
131
113
70
104
154
205
240
292
286
297
311
333
336
373
403
448
533
602
586
576
566
600
803
1096
1483
1400
1093
713
513
330
149
143
191
267
368
329
270
234
223
210
203
211
256
295
316
312
338
353
317
294
234
196
196
192
158
156
181
203
226
300
336
287
535
743
639
231
650
680
387
757
556
240
473
365
239
404
273
54
45
131
244
231
290
523
704
900
1137
1244
1282
1276
1349
1283
1330
1370
1120
753
605
515
431
346
175
76
58
153
237
295
373
461
525
499
455
472
489
409
385
434
482
495
430
374
364
418
437
390
319
285
230
277
411
439
366
281
151
200
259
341
366
359
442
401
337
278
195
134
147
254
419
601
442
160
194
229
279
267
553
708
724
814
918
1037
1074
1051
959
906
809
699
627
648
673
604
475
493
527
409
390
434
394
449
466
397
288
233
198
150
131
148
207
217
68
414
568
474
289
205
172
165
162
185
151
195
367
539
633
754
807
861
880
871
873
867
842
810
723
607
583
521
472
441
435
404
540
822
1185
1385
1459
1440
1349
1249
1188
1080
884
636
428
335
346
331
360
276
217
418
620
449
521
507
459
482
469
436
349
335
330
331
251
173
99
84
72
40
40
50
59
51
52
53
59
81
83
102
120
144
149
119
74
45
87
117
76
27
7
8
31
34
35
46
75
60
67
90
119
108
103
96
83
62
64
50
40
35
49
32
4
36
74
108
136
143
118
102
90
97
103
99
97
110
122
103
110
123
125
102
116
110
99
50
40
12
5
4
14
19
19
20
33
33
44
44
20
18
6
11
3
4
4
0
6
34
57
61
83
93
95
62
52
30
20
29
48
40
36
38
39
40
41
46
40
39
30
25
18
20
29
50
61
52
76
135
129
50
20
11
7
2
3
1
0
5
3
5
12
44
86
116
115
146
180
181
148
111
100
135
131
114
119
135
177
218
233
231
226
208
222
268
198
87
61
38
41
180
272
242
186
75
85
80
56
104
166
185
221
229
254
165
49
71
82
75
58
71
66
73
80
45
21
21
27
55
67
49
38
29
51
179
383
646
872
833
482
449
802
922
802
688
612
688
797
892
824
810
822
787
779
737
617
555
470
435
336
345
343
272
204
117
64
5
4
8
30
70
103
123
181
211
256
324
367
450
553
531
590
615
633
674
680
692
682
648
592
601
570
521
475
409
348
340
292
231
137
82
36
0
20
16
0
2
6
6
4
0
0
0
0
0
2
1
0
2
12
17
3
4
6
8
49
85
106
99
80
60
68
139
211
267
384
397
237
106
118
112
81
94
119
194
344
441
471
449
420
350
269
355
137
64
56
23
12
5
2
10
13
19
12
12
3
1
19
60
78
85
69
41
24
24
18
37
20
6
16
13
21
74
165
167
236
247
254
234
216
191
157
126
75
57
28
18
28
41
51
63
37
23
2
0
1
1
1
0
0
0
2
53
101
209
287
282
219
150
86
5
0
0
0
0
0
0
0
0
1
1
0
1
21
26
30
21
18
31
38
42
38
47
47
45
38
43
54
41
16
17
50
120
183
190
130
224
289
257
191
103
40
37
38
45
86
144
208
281
362
393
378
381
420
404
442
477
518
509
446
274
65
15
58
52
13
2
5
2
1
5
1
3
2
0
3
12
9
10
2
65
139
94
1
1
55
68
45
13
23
24
11
2
1
7
10
1
5
25
76
269
471
528
509
676
798
963
1063
1120
1102
928
630
458
242
15
116
137
112
40
40
87
115
129
139
106
68
61
33
15
2
1
1
11
33
43
35
18
2
0
0
0
0
0
0
0
0
1
8
17
20
30
81
137
195
321
415
435
538
617
725
777
814
809
776
744
670
714
720
629
470
361
201
60
36
49
65
45
35
48
57
64
70
144
162
124
60
38
23
44
50
127
167
147
94
69
66
103
103
31
7
26
102
142
104
73
36
36
34
48
37
18
25
66
79
63
21
8
9
22
18
29
40
34
21
5
0
0
1
1
8
7
17
27
28
22
23
28
19
15
11
5
4
4
6
6
5
20
20
0
3
7
7
3
1
1
0
0
0
0
0
0
1
0
0
0
0
0
0
0
0
0
0
0
2
1
4
6
1
0
0
1
3
0
0
0
0
0
0
7
30
1
12
12
5
3
0
1
7
5
0
9
11
6
10
3
0
0
0
6
4
18
37
44
45
49
44
41
39
31
14
26
40
46
52
39
35
31
31
30
22
6
0
0
0
0
0
0
1
2
0
5
5
4
3
8
17
26
33
38
31
18
28
158
241
295
365
413
455
462
529
447
432
434
432
422
429
407
331
276
419
559
454
338
313
319
320
267
222
156
97
48
36
58
63
67
23
19
8
12
22
13
26
32
35
44
76
139
149
183
221
188
180
180
159
165
212
253
220
107
66
246
277
130
365
322
250
153
178
389
375
259
323
298
171
238
392
423
193
307
255
118
254
525
266
142
305
243
279
246
361
497
572
727
895
1075
1101
771
1439
1965
2081
1835
1436
1134
1013
1248
1477
1757
1804
1433
687
1412
2033
2144
1803
1485
1986
2432
2977
3254
3239
3148
3014
2710
2805
2503
2065
1113
687
1504
2161
2286
2000
1476
1040
1009
1494
2147
2308
2040
1683
1672
1599
1586
1662
1554
1449
1175
927
751
796
929
1027
1155
1310
1353
1392
1472
1466
1467
1302
1108
973
847
706
604
475
456
395
329
214
120
78
139
158
165
150
153
141
118
90
55
39
35
27
9
40
62
64
95
120
139
129
135
121
110
59
60
202
277
306
319
337
267
212
142
238
421
549
663
960
1301
1775
2345
2458
2410
2372
2230
1990
1799
1669
1595
1310
1161
1009
711
502
533
937
1387
1917
2438
2909
3524
4341
5226
5685
5652
5360
4977
4307
3520
2833
2272
1634
1434
1282
1267
957
688
505
402
425
536
551
569
726
711
588
396
361
237
168
166
245
357
506
619
596
395
125
283
402
354
253
158
66
26
35
93
142
204
228
213
187
185
112
76
40
28
27
39
46
115
121
63
34
32
35
59
61
49
48
60
53
60
53
76
65
73
61
27
21
1
8
10
11
9
13
24
22
30
48
50
112
147
159
144
132
103
62
73
68
79
87
113
177
190
230
282
341
388
440
517
570
578
550
553
545
532
530
472
410
337
271
218
201
195
214
209
241
271
255
242
220
181
152
172
143
102
103
100
62
44
34
73
91
133
148
156
139
113
88
78
42
26
11
27
59
99
207
454
718
1001
1341
1758
2170
2482
2743
2805
2898
2842
2623
2390
2098
1869
1467
1228
1013
764
837
769
658
548
554
624
671
876
1080
1414
1505
1439
1377
1130
883
726
551
479
419
365
335
336
294
321
404
477
469
411
348
262
213
188
203
230
268
281
301
272
245
217
189
166
159
125
72
14
5
0
2
17
22
27
39
47
62
65
38
31
23
19
12
9
8
2
0
5
3
8
5
7
16
39
64
63
70
64
52
45
28
12
4
0
2
13
17
25
23
16
13
31
30
6
1
0
0
0
0
0
0
0
0
0
0
0
0
0
0
0
0
1
6
10
24
24
3
12
13
10
1
3
5
7
7
2
3
8
7
16
17
3
2
2
4
3
6
0
0
0
0
5
10
7
22
28
24
18
34
25
36
70
79
78
110
108
76
28
9
30
37
33
17
0
2
5
10
7
4
2
7
25
38
43
99
270
166
132
54
13
82
155
213
281
287
252
171
58
171
203
171
127
168
150
112
101
119
134
144
107
85
46
3
1
12
11
13
1
0
3
4
34
14
50
116
183
203
194
179
158
97
50
14
3
0
0
0
9
30
65
124
205
162
133
132
172
206
296
455
573
593
555
456
309
251
168
157
91
50
29
35
43
46
22
4
3
32
87
81
154
220
228
193
167
176
163
146
148
208
261
289
302
298
239
172
151
130
74
21
7
14
20
36
28
62
89
78
107
78
55
51
69
92
117
77
39
15
32
3
4
32
21
39
87
118
143
122
111
133
111
93
28
6
97
187
213
175
147
198
271
239
303
382
450
484
413
241
262
327
295
241
224
195
133
104
63
60
60
19
58
130
84
71
144
116
145
156
148
165
246
307
324
324
289
270
237
209
186
111
48
13
1
3
22
10
0
1
1
4
1
3
53
80
103
111
152
240
254
253
210
236
177
79
98
113
129
196
189
153
171
248
287
292
301
366
406
400
394
322
304
235
153
135
139
166
148
168
112
79
70
72
58
81
126
149
121
70
138
263
521
848
1391
1739
1911
2008
2147
2298
2161
1930
1662
1301
1112
1035
881
666
981
1036
1028
1185
1278
1209
1224
1041
857
866
1131
1289
1746
2462
2908
3329
3758
4289
4318
3871
3540
3110
2759
2403
2338
2665
2799
2746
2645
2359
2166
2135
2120
1904
1769
1394
1361
1355
1534
1442
1237
1103
762
783
799
685
663
639
800
1039
1186
896
969
1038
833
902
864
939
1180
1568
2034
2234
2251
2086
1907
1649
1533
1328
1078
763
487
445
731
1176
1701
2285
2738
3210
3504
3713
3398
2949
2293
2017
2272
2266
2216
1773
1360
1200
1105
928
750
639
682
796
628
428
177
194
389
301
192
249
234
249
197
129
81
232
274
346
357
341
255
170
93
54
42
17
20
36
81
76
107
84
101
47
18
10
13
7
16
44
36
32
40
58
57
45
35
37
62
48
46
21
61
49
23
34
22
31
28
40
34
31
26
33
21
21
10
17
15
19
21
15
19
35
69
124
178
127
94
130
92
52
86
8
10
16
19
7
12
0
4
13
13
18
22
22
23
20
36
39
27
27
36
76
45
45
59
69
59
85
90
117
109
105
141
109
105
109
88
85
92
117
149
165
178
149
150
183
223
236
268
246
251
252
279
155
94
104
128
159
265
331
405
354
378
386
725
167
141
98
40
17
14
24
17
44
97
111
124
108
101
80
51
20
18
63
98
25
43
162
159
130
164
92
62
169
197
110
117
133
92
254
332
333
293
294
331
402
444
465
422
428
444
478
472
401
313
221
231
208
196
153
176
216
224
274
296
302
274
387
429
474
499
479
452
418
399
319
270
218
189
159
140
158
71
57
46
65
166
279
311
342
310
281
293
355
421
509
613
632
663
686
647
615
529
426
387
364
320
263
265
221
203
165
136
112
114
86
94
87
91
81
86
76
70
58
47
20
11
10
4
5
1
3
4
4
11
25
26
40
40
42
57
56
38
43
52
66
86
83
86
130
137
125
137
169
183
225
265
321
351
429
545
687
718
634
562
465
348
230
100
52
49
30
38
35
10
11
28
109
212
359
484
624
680
629
542
457
399
309
183
113
63
40
14
10
24
26
20
32
23
22
32
35
32
68
235
460
638
551
161
400
508
187
230
586
636
397
99
94
74
65
177
226
184
102
39
22
23
29
10
13
15
37
146
259
305
305
275
242
141
48
24
26
38
38
29
6
12
31
53
83
124
135
150
166
137
141
123
128
155
144
173
161
163
168
209
192
199
153
120
81
41
21
7
2
0
1
0
0
1
1
13
24
21
43
29
25
23
29
36
50
44
32
44
40
23
28
21
31
28
14
20
17
13
5
5
16
5
4
10
11
5
4
0
1
0
0
0
0
0
1
6
23
22
3
3
8
10
9
8
13
53
75
78
141
191
284
399
438
419
344
558
780
784
691
612
655
613
600
604
516
278
231
309
258
273
308
173
53
103
87
122
181
121
70
77
43
89
149
100
46
37
31
32
23
2
3
2
6
11
10
11
12
10
9
7
12
10
7
9
11
14
7
7
7
7
16
27
41
38
18
11
43
34
21
28
21
12
13
16
19
12
21
30
20
15
16
17
12
8
8
5
1
3
2
3
0
0
0
1
6
6
8
7
13
9
5
9
11
7
2
0
5
4
2
1
0
0
0
0
0
0
0
0
0
0
0
0
0
0
0
5
49
167
333
451
526
511
487
389
283
165
86
47
29
3
16
23
51
43
18
8
11
7
15
33
41
54
89
88
80
78
102
108
167
238
289
299
274
245
252
296
307
117
142
832
446
347
190
308
566
669
713
549
322
520
515
340
165
315
544
617
598
568
698
918
1003
1049
997
911
841
818
847
772
543
448
520
462
433
496
526
506
498
330
304
448
499
423
191
67
29
15
16
21
15
47
66
6
1
8
14
30
33
44
54
58
58
53
58
28
27
15
24
22
23
19
3
13
14
17
40
47
56
63
73
93
124
154
162
158
195
157
10
118
165
82
14
12
9
0
5
18
23
7
5
2
1
0
1
0
0
6
22
9
3
11
14
23
32
47
46
40
21
30
17
26
12
21
42
6
17
17
23
20
26
45
46
38
49
63
99
124
144
175
158
172
181
164
166
135
77
26
39
83
61
35
22
28
17
22
50
63
53
77
80
48
34
51
69
41
75
100
101
133
138
176
184
168
154
153
101
137
113
78
82
52
30
13
4
0
3
0
0
0
0
2
47
30
0
0
10
2
2
16
6
6
4
14
27
24
21
6
10
6
2
1
11
25
26
27
45
33
0
3
7
2
1
0
0
2
0
0
0
0
2
37
22
0
1
0
0
0
2
0
1
0
2
1
4
3
13
12
17
23
30
42
48
42
43
54
47
39
33
39
33
19
8
6
4
3
0
0
0
0
0
0
3
2
0
0
0
21
4
4
6
5
8
8
12
8
11
17
8
10
1
1
1
1
1
1
0
3
0
4
7
11
0
18
4
0
6
0
6
23
9
11
47
51
16
2
7
4
1
0
0
0
0
0
0
1
2
9
30
65
114
184
254
311
350
409
500
618
672
585
451
403
442
604
685
847
847
966
1068
1105
1095
1032
999
936
885
901
863
857
833
787
724
668
584
529
475
384
323
240
181
143
115
111
88
86
76
72
81
77
87
99
74
65
59
28
47
142
244
342
490
603
683
681
490
331
696
977
1075
1103
987
797
545
265
389
576
778
899
973
1034
1097
1035
980
824
673
608
591
490
375
358
238
158
126
188
268
316
341
388
415
390
381
358
346
426
519
580
574
523
498
413
355
407
397
347
364
453
546
545
499
448
367
301
209
93
79
192
267
290
346
390
406
429
424
393
350
293
241
229
283
302
338
340
333
294
299
231
167
141
110
111
92
70
48
24
9
0
0
0
1
10
15
44
122
311
525
773
988
1113
1149
1086
822
400
630
1350
904
890
785
729
654
625
666
633
551
436
316
218
177
138
121
72
53
40
75
82
72
102
282
534
711
874
906
969
1072
1069
1033
1026
909
829
792
733
646
567
468
481
415
207
198
159
104
156
248
274
268
265
257
192
118
78
70
29
25
78
119
137
142
142
161
231
267
265
270
271
362
399
492
617
756
798
796
793
761
720
651
541
447
404
439
582
758
977
1208
1377
1469
1596
1769
1716
1680
1413
1172
966
870
836
898
837
808
748
767
765
763
641
566
494
368
195
103
21
8
5
0
2
13
47
128
198
247
205
135
113
61
38
19
13
1
24
38
28
12
21
16
15
12
16
20
37
41
15
40
27
22
25
13
11
13
5
1
0
0
0
0
0
0
4
9
41
55
38
12
4
3
1
0
2
2
0
0
0
0
0
0
1
0
0
0
0
0
0
0
0
0
0
0
0
0
0
0
0
0
0
0
0
7
17
0
12
5
1
0
2
16
66
191
419
715
1121
1636
1978
2237
2421
2529
2347
2000
1467
1328
1211
1024
883
887
814
798
794
633
662
565
358
355
394
454
519
471
415
361
293
201
273
341
390
429
498
556
507
459
298
316
451
397
124
284
190
122
193
112
52
89
239
408
513
551
537
531
591
678
808
802
718
722
778
876
1008
1033
1064
1111
1127
1054
917
799
655
534
425
316
232
218
273
320
478
716
990
1178
1291
1286
1096
990
909
668
560
630
628
759
812
794
832
800
726
735
836
943
911
988
856
756
549
336
214
222
296
316
238
336
509
536
565
422
541
887
1154
1339
1382
1360
1363
1329
1207
1134
1188
1333
1545
1705
1718
1510
1464
1357
1277
1061
775
640
471
344
346
415
496
539
536
553
570
584
640
739
792
764
688
619
552
542
508
514
573
664
687
796
880
922
950
974
972
936
929
895
838
748
715
798
894
893
890
866
804
776
817
823
660
574
566
496
541
686
758
721
682
666
891
1174
1405
1725
1783
2018
1921
1826
1824
1687
1343
985
599
271
112
104
312
662
979
1295
1746
2075
2160
2238
1974
1894
1883
1731
1556
1373
1102
893
724
595
544
513
468
425
399
451
436
361
299
227
137
205
422
538
728
840
804
763
688
546
336
164
185
285
341
377
395
373
313
289
213
139
95
42
4
0
0
22
60
51
50
51
68
71
83
78
98
97
85
69
56
56
71
80
77
85
111
143
187
243
289
333
691
441
433
417
384
411
469
544
592
604
627
696
715
739
778
748
676
681
664
614
574
533
434
385
376
395
387
328
381
553
695
787
898
873
739
582
551
579
579
553
487
352
303
234
156
107
62
62
55
60
61
67
57
51
46
43
39
55
77
88
75
43
22
10
16
52
39
40
33
36
25
10
0
1
6
13
13
8
32
94
232
348
476
581
561
858
1029
1049
894
760
649
619
407
400
486
551
589
676
762
787
753
716
661
570
492
393
241
159
156
147
34
60
67
76
82
129
205
251
280
352
395
412
376
345
253
138
58
95
127
169
162
181
158
135
67
31
30
41
46
61
73
82
69
62
99
337
656
956
1288
1493
1470
1532
1593
1483
1190
1024
972
962
950
891
757
623
458
316
232
172
155
143
126
81
60
35
30
43
32
44
57
37
23
38
15
9
6
7
8
10
2
7
29
23
37
62
61
134
251
354
391
396
293
205
221
272
319
425
408
301
206
311
465
502
338
134
80
43
88
86
63
71
124
172
153
79
38
4
1
52
93
99
51
39
30
27
30
51
39
32
30
22
25
44
44
38
24
25
13
7
18
39
31
48
81
51
40
39
35
20
6
2
10
2
8
40
50
51
65
61
61
42
24
10
5
9
6
4
0
1
0
0
3
2
1
0
0
1
17
25
16
17
19
50
93
59
13
13
21
20
5
7
4
0
1
0
0
0
5
19
40
25
10
3
1
3
4
21
34
17
9
2
0
0
0
0
2
6
5
12
31
68
172
497
936
1361
1422
1387
1427
1435
1376
1431
1541
1570
1401
1114
825
1068
1370
1500
1567
1763
1991
2255
2529
2629
2625
2322
2070
1740
1613
1689
1794
1975
2098
2094
2030
2009
1918
1755
1654
1469
1288
1062
896
743
706
549
477
414
366
337
359
362
341
284
187
119
78
88
118
168
220
271
361
464
610
750
1000
1257
1412
1607
1895
2200
2483
2851
3082
3344
3602
3846
3976
4082
4096
4152
3983
3817
3426
3149
3239
3978
5010
5990
6131
5515
4589
3739
2624
2101
2078
1778
1495
1415
1321
1176
1194
1233
1383
1513
1437
1381
1210
1060
855
791
795
756
657
577
514
508
469
476
437
460
375
316
302
265
165
92
81
100
141
124
50
49
105
80
84
89
66
46
68
70
49
12
14
18
46
37
19
16
11
5
6
1
2
11
6
4
8
30
43
31
26
15
2
1
18
33
51
81
143
192
408
79
34
47
114
206
399
562
746
786
710
675
686
757
651
517
449
379
343
265
148
110
151
217
268
434
552
321
220
334
423
402
311
257
183
150
182
217
330
353
283
170
204
300
451
490
411
475
663
639
330
43
285
465
448
341
264
277
381
392
409
410
372
343
352
413
449
491
507
510
439
381
317
313
301
249
261
454
692
1301
1258
689
581
541
496
341
277
382
446
439
475
487
465
358
326
332
271
235
149
185
343
497
586
609
574
533
509
587
694
702
697
688
647
629
580
533
476
428
423
421
403
415
314
222
209
111
132
191
179
188
244
242
175
137
102
143
167
195
204
223
204
188
235
308
360
406
460
533
496
497
414
354
330
313
241
206
243
384
369
270
148
74
22
19
63
67
50
22
23
19
29
28
41
44
54
82
126
173
253
291
307
332
337
391
428
428
462
447
485
496
529
555
612
650
637
588
586
613
587
620
624
615
624
577
495
425
314
239
178
142
89
70
54
33
14
7
3
4
1
0
2
1
0
0
0
0
0
0
0
0
0
0
0
0
0
0
0
0
0
0
0
0
0
0
0
0
0
0
0
0
0
0
0
0
0
0
3
5
4
3
18
23
2
5
10
7
5
6
3
6
9
8
6
9
5
3
2
7
25
145
401
903
1264
1721
2596
3661
3820
3460
3065
3300
4100
4095
4334
4165
3687
3344
3084
2511
1898
1170
544
255
427
554
582
492
440
539
677
811
970
1063
1169
1287
1363
1514
1812
2079
2282
2276
2280
2121
1995
1818
1656
1475
1281
1141
993
838
689
551
395
267
165
68
17
86
173
196
213
222
311
373
389
400
418
412
419
400
398
442
442
447
486
468
482
500
478
449
362
311
279
256
206
182
178
161
141
119
99
72
87
48
22
9
20
113
227
348
432
545
677
763
669
863
827
853
1001
782
705
636
486
331
203
119
58
35
32
47
41
71
184
346
526
652
789
798
854
879
896
874
774
759
726
644
568
472
373
332
267
294
322
524
695
782
709
681
608
504
428
385
270
238
386
514
649
663
671
671
644
590
474
499
481
446
386
290
164
85
46
70
123
174
236
296
347
337
395
435
560
750
958
1046
1043
992
919
796
665
547
401
271
168
91
64
49
45
33
54
79
73
185
325
457
628
734
747
899
901
865
804
725
774
974
1161
1408
1539
1563
1402
982
876
295
203
313
399
469
365
266
132
39
85
131
179
202
199
228
260
291
273
263
370
496
837
1159
1320
1428
1321
1274
1286
1316
1434
1439
1415
1290
1065
498
763
1232
1516
1502
1139
835
692
658
601
487
327
278
510
782
903
972
1005
1037
1009
856
697
603
534
408
225
200
231
316
430
534
743
951
1241
1694
1887
1739
1409
1009
692
567
405
268
235
258
318
324
260
228
181
97
143
191
204
200
166
135
70
3
31
98
133
190
253
334
370
382
543
952
1163
1231
1279
1289
1260
1197
1078
925
795
656
419
598
969
1101
1230
1276
1266
1240
1037
821
676
512
321
96
100
78
48
50
32
5
3
2
8
3
12
50
47
12
35
25
5
25
39
42
54
75
151
168
107
83
91
134
221
302
306
490
786
916
941
994
1000
931
834
715
604
560
537
434
297
356
513
529
509
518
525
416
264
177
82
38
28
14
12
30
52
61
52
75
125
163
171
109
75
118
191
454
849
1106
1223
1194
1066
851
533
267
46
4
74
114
60
36
5
11
30
108
182
364
458
524
679
844
1039
1074
992
952
913
899
996
978
748
671
173
268
322
273
222
126
48
65
99
69
21
4
0
1
6
2
0
11
15
11
9
12
12
13
26
25
13
13
31
56
87
114
169
167
193
198
240
331
444
549
657
628
636
588
493
427
421
390
395
471
495
473
384
247
221
388
480
423
379
327
209
155
149
108
167
268
275
236
300
234
101
43
30
38
74
71
65
73
130
194
227
201
216
255
329
405
561
665
598
643
695
710
622
505
405
305
398
649
727
745
754
699
522
358
179
174
204
234
312
389
409
436
422
359
205
56
124
168
125
125
97
49
46
17
32
42
12
4
1
3
0
3
5
0
2
12
14
10
13
28
59
133
242
334
400
414
351
249
207
353
463
473
367
220
101
88
88
46
54
42
37
12
1
3
24
33
11
18
7
38
109
155
219
293
309
276
261
202
199
225
270
282
250
130
52
19
17
37
57
168
278
280
206
96
308
516
511
461
322
241
115
48
79
104
45
25
50
67
40
15
2
3
0
0
0
2
3
3
4
4
5
5
0
3
39
5
2
7
27
146
464
746
981
1166
1188
859
330
123
93
152
102
68
54
59
235
752
1508
2131
2361
2507
2432
2887
3327
3294
2750
2354
2455
2445
2466
2450
2019
1882
2156
2091
1852
1626
1812
708
865
1036
1231
1200
1130
815
983
1048
700
472
420
379
263
169
110
141
188
213
257
355
461
578
687
787
909
1022
1134
1263
1397
1505
1678
1766
1858
1797
1763
1682
1585
1450
1364
1365
1434
1418
1329
1327
1290
1071
973
799
571
421
425
472
426
432
571
683
745
797
936
1062
1194
1164
1048
832
594
518
499
481
394
254
165
150
131
150
206
248
329
404
465
513
563
589
587
545
627
657
573
761
947
1143
1232
1199
1006
806
642
543
566
536
502
469
446
460
481
516
607
662
629
729
741
769
881
1013
1148
1525
1855
2479
3229
4067
4521
4720
4809
4888
4790
4179
3592
3649
4084
3974
4105
3824
3478
3205
2945
2356
2374
2917
3602
3676
3378
2812
2181
1829
2386
3081
3551
3691
2962
2155
1716
1897
1855
1333
1110
692
547
791
789
765
794
644
849
1090
1216
1316
1447
1538
1755
2051
2494
2886
3181
3138
2934
2784
2562
1942
1553
2051
2169
1896
1640
1488
1330
875
584
520
707
706
630
524
825
1338
1880
2293
2281
2213
2668
3089
3425
3434
3262
3158
3398
3440
3503
3030
2169
1365
802
611
489
474
909
1509
2047
2590
2917
3176
3195
2985
2341
2035
2153
2116
1810
1462
1337
1614
1810
2073
2497
2755
2711
2654
2547
2390
1760
1282
1304
1070
983
884
910
1245
1565
1771
1909
1895
1799
1652
1482
1263
1211
1471
2082
2540
3125
3583
3898
3846
3564
3145
2653
2229
1981
1776
1614
1438
1137
701
292
411
720
969
1056
1095
1051
910
802
660
546
455
383
303
285
295
301
337
346
392
387
363
348
268
153
56
49
114
160
171
152
106
90
41
16
18
33
41
42
61
55
54
33
25
5
0
1
6
2
8
15
7
2
1
8
12
9
7
19
34
63
61
62
50
47
64
52
59
73
52
47
27
5
1
0
0
0
0
0
0
0
0
0
0
0
0
1
3
0
0
3
6
0
1
0
1
2
1
1
0
0
1
2
3
9
18
24
9
1
2
9
15
14
16
13
7
12
9
12
29
16
3
6
10
4
0
7
18
5
2
2
0
0
1
4
3
8
4
3
2
1
2
1
0
1
4
2
1
2
7
9
12
9
5
6
12
14
15
11
9
12
28
27
4
8
7
11
17
22
21
15
23
15
2
1
0
1
1
1
0
0
21
27
0
6
10
10
3
1
1
0
14
22
1
0
10
7
3
0
0
5
4
0
0
2
2
18
86
225
456
856
1413
2327
3285
4146
4661
4837
4966
4448
3899
3162
2660
2447
2592
2882
2850
2453
1953
2188
988
840
746
577
434
417
468
505
440
301
164
49
64
75
106
213
253
262
208
142
99
100
157
213
283
291
219
162
143
56
38
85
103
96
54
134
199
247
141
148
262
632
1152
1660
2220
2716
3154
3238
3060
2845
2649
2512
2369
1922
1396
993
794
658
640
506
319
283
218
176
143
135
89
77
34
28
66
75
38
30
50
46
27
19
34
53
89
104
100
93
31
4
2
5
10
29
31
39
51
56
121
231
394
602
819
1019
1236
1422
1624
1644
1804
2091
2690
3032
3522
4407
5301
5520
5191
4592
3729
2737
2026
2409
2780
3091
3285
3440
3511
3682
3892
3910
3659
3324
2874
2446
2155
1943
1717
1511
1261
849
565
513
446
363
421
420
432
393
282
133
55
136
145
121
86
53
85
114
184
214
167
121
85
89
60
43
23
14
19
18
12
8
19
19
4
7
4
3
4
7
10
7
8
10
27
28
17
18
23
15
20
18
10
6
0
1
0
0
0
0
0
1
0
0
0
1
1
1
12
19
8
1
0
2
3
1
0
0
0
0
0
0
0
2
36
73
110
156
171
190
285
384
534
735
916
980
977
926
822
638
493
412
381
346
291
234
139
96
33
98
151
244
288
345
445
505
507
438
477
664
736
730
756
746
644
444
165
213
407
615
678
630
714
840
690
598
516
471
476
371
304
266
289
409
529
738
954
1129
1399
1663
1719
1611
1473
1387
1354
1272
1123
1012
930
836
745
647
540
442
330
157
13
182
286
371
426
456
441
429
425
370
298
236
155
73
29
25
99
144
173
176
182
179
152
126
78
32
6
0
0
0
2
14
40
44
28
18
1
0
0
0
0
0
0
0
0
0
0
0
0
0
0
0
12
29
55
77
73
58
19
14
3
2
1
1
0
0
0
0
0
0
0
0
0
0
0
0
0
0
0
0
0
0
0
0
0
0
0
0
0
0
0
0
0
0
0
0
5
12
0
0
2
0
0
5
6
19
31
61
71
72
66
61
48
40
18
1
4
10
34
44
84
93
92
83
66
40
5
1
0
16
48
62
65
55
57
59
58
51
7
0
0
0
4
6
9
22
33
22
22
24
20
9
80
331
919
1574
1979
2375
2650
2584
2439
2211
2045
1782
1128
624
566
1146
1598
1936
2225
2389
2368
2206
2008
1509
823
657
706
672
608
614
559
428
233
108
125
211
246
274
262
248
196
172
157
202
194
273
138
79
33
10
1
10
40
63
104
135
155
167
164
174
156
140
112
74
40
8
3
5
35
68
103
123
115
104
94
75
36
4
0
3
14
31
20
3
4
11
35
51
33
9
10
5
0
5
11
16
25
27
23
17
5
3
0
0
1
6
7
7
10
13
7
4
0
0
0
0
0
0
0
0
0
0
0
0
5
15
32
28
26
21
17
15
3
0
0
0
0
0
0
0
0
0
0
0
0
0
0
0
2
0
0
2
1
1
0
0
0
1
3
1
4
29
41
52
119
298
613
1075
1659
2134
2464
2643
2678
2549
2501
2314
2093
1681
1204
554
903
1332
1745
2019
2150
2167
2163
2096
1970
1797
1626
1355
991
795
732
668
619
522
378
226
93
9
171
292
344
377
363
339
302
277
233
211
190
168
142
108
62
13
2
11
60
110
163
187
213
225
217
175
138
85
33
4
2
22
56
102
90
70
55
20
1
0
0
0
3
16
29
80
92
64
35
75
77
89
98
132
158
146
119
114
126
138
191
201
262
338
411
506
625
785
971
1178
1387
1585
1670
1773
1797
1792
1747
1656
1536
1363
1208
1080
933
781
660
591
549
409
474
459
374
188
13
46
45
195
335
446
600
736
872
862
706
531
403
258
219
224
263
408
546
620
558
418
462
841
1065
1160
1206
1152
1041
859
696
518
318
216
254
351
537
698
823
933
964
930
900
818
566
297
486
653
742
729
681
578
467
359
286
261
397
591
739
742
853
853
842
844
927
853
591
273
220
386
547
698
801
813
744
698
618
645
648
685
717
670
517
375
212
141
129
111
61
45
44
60
76
103
274
440
534
664
826
1019
1654
1883
1799
1764
1822
1402
1006
947
1258
1759
2149
2298
2295
2040
1628
1320
1186
771
582
624
682
831
913
718
357
680
966
1259
1512
1763
1863
1825
1800
1652
1486
1166
909
696
485
229
109
295
420
453
299
177
121
55
6
5
57
81
47
12
1
15
29
47
20
17
56
54
46
58
67
56
33
30
33
30
17
6
0
4
13
11
15
23
15
1
0
1
2
0
0
0
4
4
38
118
209
223
228
203
206
221
222
236
208
193
192
175
172
159
137
92
28
8
6
0
0
0
8
17
25
127
377
666
1022
1272
1386
1616
1804
1984
2089
2031
1769
1488
1500
1518
1501
1449
1303
1195
1120
1091
1069
1026
994
992
1010
1144
1283
1282
1218
1167
1087
979
935
931
935
1662
824
673
675
757
937
1009
958
747
498
435
485
456
451
387
307
277
346
470
591
635
554
395
269
106
20
7
7
42
99
194
386
643
1005
1334
1558
1650
1734
1991
2219
2413
2454
2417
2374
2343
2312
2340
2424
2465
2454
2520
2449
2411
2344
2271
2287
2347
2408
2219
2083
1926
1874
1804
1654
1515
1316
1091
876
689
533
402
397
471
501
549
526
568
588
564
629
701
819
898
1024
1156
1289
1436
1445
1373
1209
1053
831
699
690
640
599
567
518
483
395
265
203
152
102
59
54
46
30
20
10
4
5
3
10
11
11
9
28
29
36
52
74
85
103
94
89
73
47
47
20
34
92
26
28
88
99
77
44
23
10
17
22
41
54
31
21
5
4
6
5
11
15
12
12
6
3
7
12
19
34
33
13
9
8
6
0
0
1
1
0
0
0
0
0
0
0
0
2
0
0
0
11
23
13
0
59
15
9
7
14
45
92
127
138
150
193
232
209
173
153
100
62
22
16
3
2
0
1
0
3
9
18
38
54
46
49
37
27
27
15
22
20
10
67
24
15
24
10
25
32
31
42
33
23
19
18
23
22
15
20
51
38
43
42
42
44
38
39
36
32
54
77
77
71
105
97
70
82
81
65
53
51
37
44
46
36
43
40
33
54
68
55
52
32
28
44
38
33
18
3
1
0
0
2
0
0
0
0
0
0
3
3
2
3
0
1
0
0
1
0
0
0
1
0
0
0
0
0
1
1
2
0
11
3
0
0
6
2
0
0
1
1
4
0
0
0
0
0
1
0
2
1
6
10
20
24
24
19
21
25
39
50
66
82
77
79
63
69
65
35
29
25
14
9
9
1
11
10
1
3
1
0
0
0
0
0
0
0
0
0
0
0
0
0
0
0
0
0
2
6
4
7
3
2
1
0
0
4
0
4
9
2
0
0
0
0
1
2
0
0
2
8
12
17
30
25
9
7
11
12
14
34
8
7
10
4
0
0
0
0
1
0
1
4
0
3
11
7
0
7
11
8
0
0
0
2
2
2
6
8
5
12
25
38
79
89
43
31
16
14
13
19
23
35
21
17
25
27
11
7
13
5
25
26
14
5
8
9
13
12
12
16
9
7
6
9
9
4
20
42
75
90
56
7
147
214
34
364
608
465
136
532
558
297
634
854
932
729
870
1125
1478
935
1209
1131
983
963
1013
1046
1285
1444
1430
1307
1168
1066
1048
991
938
787
662
515
408
336
281
216
138
106
51
36
52
81
114
161
182
227
243
313
369
408
484
505
535
523
559
538
555
550
564
619
634
622
623
626
632
627
586
580
553
532
469
432
398
341
323
302
253
226
180
130
99
54
55
35
32
26
28
28
19
13
12
15
16
15
14
11
20
29
19
9
11
25
28
33
19
23
23
12
3
6
8
7
1
0
0
0
1
6
2
6
0
0
7
1
0
0
0
0
0
0
0
0
0
0
0
0
0
0
0
0
0
0
0
0
0
0
0
0
1
0
0
0
0
0
0
9
25
52
37
38
16
14
8
4
2
4
3
2
6
6
3
16
22
20
19
33
28
14
18
29
24
27
29
21
12
13
11
10
12
12
13
16
16
20
17
21
26
31
49
78
90
94
114
125
136
174
186
190
200
189
159
140
133
107
74
48
33
23
17
15
13
23
42
45
54
61
59
73
74
80
86
80
89
85
105
86
84
82
82
54
46
37
26
20
6
6
3
0
0
0
0
0
0
0
0
0
0
1
0
0
0
0
0
0
0
0
0
0
0
0
0
0
0
0
0
0
0
0
0
0
0
0
0
0
0
0
0
0
0
0
0
0
0
0
0
0
0
0
0
0
0
0
0
0
0
0
0
0
0
0
0
0
0
0
0
0
0
0
0
0
0
0
0
0
0
0
0
0
0
0
0
0
0
0
0
0
0
0
0
0
0
0
0
0
0
0
0
0
0
0
0
0
0
0
0
0
0
0
0
0
0
0
0
0
0
0
0
0
0
0
0
0
0
0
0
0
0
0
0
0
0
0
0
0
0
0
0
0
0
0
0
0
0
0
0
0
0
0
0
0
0
0
0
0
0
0
0
0
0
0
0
0
0
0
0
0
2
3
11
23
108
261
367
421
336
212
149
173
235
234
159
120
130
79
51
30
11
12
14
10
3
7
1
2
5
11
18
39
51
8
4
4
5
1
7
5
1
6
27
43
70
33
3
0
0
4
16
37
81
89
43
2
6
5
3
4
2
5
18
8
2
1
0
2
0
0
0
0
0
9
17
8
2
3
4
2
0
0
0
0
0
0
0
0
0
0
1
0
0
3
16
11
0
4
5
3
0
0
0
0
0
0
0
0
18
15
0
2
22
27
3
13
34
42
99
225
379
577
711
684
551
391
285
203
200
168
125
162
199
247
289
350
456
507
555
582
515
513
486
464
447
355
256
165
135
188
317
444
566
577
617
681
728
788
910
916
982
1033
1084
1021
946
832
656
493
481
543
432
366
226
113
92
127
295
439
474
533
644
849
1070
1372
1530
2042
2551
3034
3303
3274
3036
2658
2262
1806
1432
1177
964
793
796
771
757
921
1211
1456
1623
1603
1388
1372
870
709
619
786
1397
1939
2276
2504
2433
2158
1679
1069
519
557
933
1409
1600
1742
1942
2068
1936
1914
1832
1648
1402
1515
1546
1474
1247
924
934
1153
1368
1496
1547
1526
1287
1245
1363
1510
1709
1730
1643
1547
1352
1168
976
936
925
959
896
936
1162
1100
1266
1428
1716
1976
2124
1757
1063
1614
1623
1462
1202
1182
1358
1261
860
991
1243
1184
794
478
779
1350
1562
1569
1161
771
738
715
582
896
1190
1527
1826
2097
2136
1956
1954
2048
2109
2061
1882
1855
2014
2065
2286
2220
1892
1460
1420
1349
1128
960
672
930
959
1169
1381
1501
1604
1760
1918
1950
1649
1306
964
1215
1312
1311
1099
921
910
997
1137
1082
971
782
716
578
539
615
617
569
522
569
590
548
564
534
454
328
180
137
152
221
235
279
304
323
270
274
303
310
261
250
264
284
281
274
253
248
229
225
178
145
141
131
155
206
186
146
131
133
147
195
220
246
303
342
560
877
1222
1514
1678
1778
1905
2008
2011
1802
2016
2123
2190
2102
2123
2064
1438
1463
2030
2302
2564
2494
2604
2608
2535
2300
2014
1500
735
678
678
698
755
1025
1352
1506
1447
1353
1269
1243
1313
1213
1682
1970
2380
2495
2288
1732
1146
947
989
941
1020
1275
1523
1819
2103
2254
2327
2225
2087
1804
1347
921
732
1465
2294
2867
3202
3392
3417
3116
2771
2425
2035
1620
1149
1315
1352
1227
984
848
976
1237
1521
1756
1846
1928
1892
1777
1608
1433
1386
1243
983
783
715
625
676
803
809
825
788
723
728
583
469
452
408
392
447
580
1097
1553
1957
2284
2641
2862
68984
0
0
0
0
0
0
0
0
0
0
0
0
0
0
0
0
0
0
0
0
0
0
0
0
0
0
0
