10
94
33
31
20
11
6
10
8
0
0
0
0
0
0
24744
93
329
482
581
484
148
5
120
418
569
537
288
78
17
14
6
39
78
81
107
40
31
63
49
85
18
5
30
58
19
16
22
16
4
8
5
0
2
24
11
1
1
0
2
1
0
0
0
0
2
0
0
0
0
0
1
0
0
0
0
0
0
0
0
0
0
0
4
0
199
481
451
156
43
69
213
319
161
1
31
103
31
0
23
16
1
1
3
1
0
0
0
0
0
0
1
0
0
0
0
0
0
0
0
1
0
0
0
0
0
0
0
0
0
0
0
0
0
0
2
13
72
142
581
848
824
324
104
592
885
650
16
393
505
117
180
537
641
225
95
109
10
2
0
3
20
28
23
61
73
64
62
34
8
16
41
88
110
77
57
27
30
33
44
134
229
290
335
344
298
273
258
249
208
157
138
177
165
192
246
288
365
352
297
221
88
44
84
78
71
22
62
225
386
596
770
799
700
516
419
399
476
647
809
973
1138
1303
1595
1764
1984
2119
2288
2704
2979
2904
2699
2491
2389
2308
2141
1991
1798
1549
1388
1160
961
808
609
458
308
290
192
98
94
96
126
101
137
206
316
374
443
392
390
496
601
533
497
459
470
408
358
403
491
467
468
437
638
778
823
828
881
967
953
899
769
627
661
671
549
435
324
234
280
357
278
194
155
150
149
138
136
130
135
135
119
123
120
120
106
77
53
19
5
20
59
80
53
40
71
78
79
111
158
98
128
316
392
611
668
654
458
388
275
121
107
96
116
64
71
13
39
36
60
100
55
88
49
18
4
4
16
1
31
36
23
1
0
6
11
11
5
4
0
0
2
5
1
0
0
0
5
13
23
24
69
71
18
32
60
15
6
48
43
9
63
35
26
14
25
68
34
16
0
0
0
0
0
0
1
0
0
1
69
284
588
709
663
515
362
244
144
65
87
64
47
49
41
27
26
58
75
110
172
111
167
128
98
119
174
213
273
344
417
508
630
717
830
951
1245
1698
2230
2419
2547
3043
3275
3157
2661
2302
1933
1303
1043
604
882
1382
1927
2103
2131
1799
1625
1321
823
518
297
414
625
741
654
483
435
535
564
481
260
211
402
539
741
1139
1817
2370
2694
2565
2346
2175
1960
1684
1400
1175
952
881
994
1342
1714
2200
2483
2362
2012
1567
1085
909
360
673
977
1155
1430
1727
2122
2730
3096
3264
3416
3356
3160
2838
2449
2063
1609
1184
1321
483
303
189
398
525
530
442
469
691
787
793
497
228
162
226
313
228
202
533
638
401
139
152
230
610
880
1466
2310
3323
4428
5459
5971
5639
5593
5591
5184
4258
3743
3003
2504
2396
2297
2063
1763
1483
1308
1092
852
698
599
489
435
359
301
305
360
501
770
1131
1627
2276
2889
3325
3647
3665
3079
2416
2124
2569
3579
4546
4737
4530
3434
1660
1209
1004
792
592
507
739
1333
1967
2686
3747
4557
5048
5139
5155
4899
4851
4378
3618
2772
2658
2922
3791
3615
2139
1510
1280
798
545
578
554
451
215
207
286
561
619
470
431
621
650
600
778
1146
1794
2691
3127
3218
2969
2529
2129
1330
1040
816
589
723
1103
1035
824
1224
1795
2650
2871
2684
2911
3512
4029
4094
4111
4159
4071
3860
3593
3026
2460
2108
1941
2443
3398
4593
5188
4453
4126
4216
4332
3837
2995
2086
937
1011
1269
1473
1605
1554
1441
1450
1481
1513
1584
1590
1496
1371
1265
1069
820
941
1133
1164
1140
826
543
586
654
720
808
896
1028
1176
1531
1780
2074
2272
2350
2414
2569
2777
2812
2712
2662
2717
2723
2502
1995
1804
1999
2059
2686
2992
3033
3675
3984
3915
3321
2551
1729
1051
1413
1590
1508
1275
973
791
883
967
915
814
739
723
848
988
1070
998
1128
1468
1594
1593
1771
2101
2119
2328
2260
1790
1542
1431
1567
1942
2492
2681
2655
2575
2136
1523
704
371
431
483
506
421
271
119
37
5
11
78
131
151
109
86
93
84
94
139
143
191
238
290
283
351
382
336
230
199
92
4
27
41
14
1
1
2
2
32
131
123
59
70
235
444
673
945
1262
1486
1528
1382
983
261
528
1063
1360
1496
1468
1387
1143
1048
1341
1588
2010
2016
1887
1683
1257
770
555
498
515
446
268
76
10
89
213
272
312
346
290
260
171
62
28
27
34
2
0
2
2
15
5
1
0
0
19
36
39
26
30
13
2
0
2
8
83
170
213
273
354
608
1344
1677
2151
2292
2145
2079
1768
1474
1303
1102
1106
1036
1012
987
960
1041
1217
1485
1927
2326
2711
2968
3303
3355
3082
2773
2424
1973
1654
1390
1234
1180
1086
903
711
608
488
737
1024
1360
1893
2082
1669
1235
794
456
365
390
354
143
274
182
89
62
133
161
95
123
89
179
278
292
270
360
330
364
460
621
852
1185
1732
2205
2484
2749
3036
3501
3914
4429
4623
4830
4912
4544
3896
3389
3164
3112
3069
3393
3927
4597
5337
5723
6566
7180
7358
7285
6871
6408
6214
6108
6171
5940
5767
5354
5210
4954
4840
4536
3723
2676
2105
2181
1944
2408
2798
2946
3011
2918
2752
2494
2298
2089
1812
1485
1238
929
671
520
356
209
28
145
287
451
633
746
964
1254
1601
1965
2234
2530
2761
3021
3320
3339
2925
2392
3015
4100
4696
5479
5749
5862
5779
5895
5294
5119
4198
3425
2539
2104
2405
2364
2211
1876
1435
1124
912
567
474
587
896
864
1929
2788
3318
3469
3410
3273
3349
3383
3863
4645
5951
7576
8911
9446
9435
9200
8957
7396
5229
3715
2346
2114
2338
2431
2258
2109
1923
1871
1740
1628
1438
1074
673
597
1390
2691
4030
5116
6178
7128
7397
7355
6414
5056
4092
2945
2155
1424
1507
2051
2439
2865
2870
3118
3428
3202
2628
2550
3174
3680
4124
4506
5034
5532
5678
5307
4688
3852
2044
1693
1180
2374
3027
3196
3024
2946
2683
2590
3065
3837
3517
2982
2537
2151
1969
1532
1041
783
679
725
788
760
701
665
410
887
1283
1598
1875
1925
1800
1485
1426
1608
1365
925
1135
1093
1218
1178
759
1126
2339
1736
1719
1720
1403
1185
880
858
798
824
1099
1894
3248
4176
4712
4947
4923
4464
3778
3050
2449
2068
1548
1404
2088
2345
1732
1361
1297
808
825
1218
1291
1410
2316
2418
2420
3139
3810
4389
4788
4772
4522
4387
4327
5176
6307
6614
6279
5413
4869
4003
3224
2865
2682
2803
3109
3740
4221
4592
4847
4437
3995
3996
3847
3703
3526
3433
2355
1935
1195
2389
2561
2715
3709
4962
4974
5383
5632
6122
5669
4734
3544
3541
4117
5295
5407
5145
4348
2708
3972
5503
6439
7407
8200
7519
5920
4435
3433
2341
2085
2415
2700
2483
2288
1890
1468
1634
2656
3939
5269
5853
5902
5847
5324
4636
3606
2692
2089
1828
1737
1598
1376
1076
1266
1429
1539
1283
905
1091
1137
1268
1375
1422
1343
1223
1078
1052
924
857
771
735
581
527
498
633
767
889
914
621
661
699
747
588
579
367
410
451
586
637
725
703
716
682
630
638
631
554
505
498
336
122
46
113
150
197
301
334
322
312
208
218
175
221
197
160
134
154
227
269
286
264
254
272
297
285
285
302
285
282
293
266
208
119
177
231
294
303
320
330
372
382
325
259
156
118
150
156
176
251
407
455
225
100
175
360
569
208
169
121
169
185
243
212
71
31
38
56
52
27
47
48
59
73
54
47
26
7
0
3
3
0
0
0
3
5
3
3
0
0
0
0
0
0
1
0
2
9
22
35
56
53
33
45
62
161
559
1031
1244
1341
1329
1192
933
668
568
432
262
125
79
98
106
74
122
109
140
104
77
69
192
210
255
215
153
180
186
78
126
162
100
115
114
93
134
74
44
101
224
216
132
72
71
103
80
55
12
14
45
29
33
7
2
9
13
20
40
16
12
22
52
124
107
91
91
142
17
51
68
101
236
480
588
596
587
610
623
622
649
620
607
548
403
361
317
228
180
141
112
70
52
12
2
3
11
14
8
16
49
58
24
0
2
0
0
0
0
0
1
1
0
1
3
0
2
0
0
0
0
0
0
0
0
0
0
0
0
0
0
0
0
0
0
0
0
0
0
0
0
0
0
0
0
0
0
0
0
0
0
0
0
0
0
0
0
0
0
0
0
0
2
0
0
0
0
0
0
0
0
1
1
4
8
4
3
3
2
2
0
0
0
0
1
9
16
8
4
1
0
1
1
8
8
14
16
35
30
29
7
5
7
7
5
2
0
0
0
0
0
4
7
12
18
45
64
99
166
268
506
890
1031
949
899
1221
1753
1953
1877
1889
2066
2215
2226
2190
2012
1873
1789
1706
1668
1616
1498
1306
1009
763
626
441
260
157
146
169
227
238
237
178
94
141
81
10
42
53
40
71
71
78
81
110
108
107
106
117
105
104
108
111
98
85
81
72
74
90
100
102
96
91
70
53
44
50
41
25
16
12
11
9
5
3
0
0
0
0
0
3
8
9
4
5
2
0
2
1
6
4
6
5
4
1
0
0
0
0
0
0
0
0
0
0
0
0
0
0
0
0
0
0
0
0
0
0
0
0
0
0
0
0
0
2
31
119
244
369
701
661
246
166
129
97
69
46
76
112
85
468
806
773
630
466
212
137
311
587
682
583
348
141
218
242
104
84
162
278
283
394
408
140
66
256
244
15
10
17
2
104
167
60
27
1
2
5
15
13
0
13
4
11
0
0
3
0
0
0
0
0
0
0
0
0
0
0
3
2
6
0
8
17
27
10
0
13
32
9
0
3
4
2
0
0
0
0
0
0
1
0
2
4
3
2
5
12
46
122
207
313
354
380
333
307
250
204
150
109
99
44
30
19
6
0
0
0
0
0
0
0
0
0
0
0
2
2
4
0
0
1
0
0
0
0
0
0
2
2
0
0
0
0
0
1
0
1
2
0
0
1
2
1
1
0
0
0
0
13
6
0
0
0
3
3
0
0
0
0
0
0
0
0
0
0
0
0
0
0
0
0
0
0
0
0
0
0
0
0
9
3
0
0
2
2
0
4
6
1
0
1
0
0
0
0
0
0
0
0
0
0
0
1
2
0
6
27
33
121
224
302
108
101
174
187
68
23
7
9
27
0
1
0
2
25
147
378
897
1439
1610
1444
1296
1671
2324
2937
3768
4571
4486
3982
2952
2258
1298
793
672
520
290
496
565
567
522
467
408
493
829
1039
1424
1819
2223
2688
3267
3820
4226
4302
4235
3919
3372
2747
2014
1410
1331
1049
779
683
773
1081
1337
1303
1248
1243
1156
996
528
227
487
786
916
986
1049
1023
1014
906
815
657
503
336
274
186
83
102
207
242
279
261
234
177
107
22
15
33
42
30
23
14
16
9
36
75
59
36
19
15
5
0
0
0
0
0
1
5
17
2
8
26
97
219
324
438
575
692
789
781
755
843
736
454
445
449
416
429
476
495
537
649
624
531
547
860
1214
1376
1503
1711
2039
2284
2388
2427
2463
2476
2657
2918
2934
2791
2825
2694
2364
1919
1453
1066
875
774
715
557
386
240
248
345
422
454
416
418
322
217
170
180
240
248
175
187
270
433
521
569
565
627
583
584
771
836
610
839
726
446
268
232
161
203
160
242
214
92
175
243
62
160
338
361
239
125
36
62
81
4
143
111
10
93
208
118
25
44
59
127
153
158
163
146
107
55
26
12
2
3
2
0
1
2
4
3
4
1
0
0
1
0
0
1
1
1
2
0
0
0
0
0
0
0
0
0
0
0
0
0
0
0
0
0
0
0
0
0
0
0
0
0
1
2
0
0
0
0
0
0
0
0
0
0
0
0
0
0
0
0
0
0
0
0
0
0
0
0
0
0
0
0
0
0
0
0
0
0
0
0
0
0
0
1
0
0
0
0
0
0
0
0
0
0
1
0
0
0
0
0
0
0
0
0
0
0
0
0
0
0
0
0
0
0
0
0
0
0
0
0
0
0
1
0
0
0
0
0
0
0
0
0
0
0
0
0
0
0
0
0
0
0
0
0
0
0
0
0
0
0
0
0
0
0
0
0
10
1
0
0
4
0
0
0
0
0
0
0
0
0
0
0
0
0
0
0
0
0
0
0
0
0
0
0
0
0
0
0
0
0
0
0
0
0
0
0
0
0
0
0
0
0
0
0
0
0
0
0
0
0
0
0
0
0
0
0
0
0
0
0
0
0
0
0
0
0
0
0
0
0
0
0
0
0
0
0
0
0
0
0
0
0
0
0
0
21
81
523
922
905
787
414
44
74
335
825
416
348
215
52
14
10
3
1
0
0
0
0
0
0
1
0
0
0
0
0
0
0
0
0
0
0
0
0
0
0
0
0
0
0
0
0
0
0
0
0
0
0
0
0
0
0
0
0
0
0
0
0
1
3
1
0
1
3
2
1
2
3
8
2
4
4
5
1
0
0
0
0
0
0
0
0
0
0
0
0
0
0
0
0
0
1
0
0
0
0
0
0
0
0
1
0
1
0
1
0
0
1
2
1
2
12
27
80
140
191
212
150
115
148
141
105
67
57
80
120
121
100
126
228
486
885
1011
1103
1063
894
794
796
873
918
1001
1022
1005
919
734
656
541
488
429
453
543
714
950
1277
1467
1712
1853
2011
2216
2423
2404
2415
2216
1955
1810
1722
1593
1362
1068
941
757
729
728
742
687
715
885
1037
1182
1346
1476
1511
1461
1278
1117
1060
1086
1139
1162
1173
1082
979
904
837
702
556
421
330
266
118
137
166
83
53
104
128
74
87
120
189
226
231
170
135
71
59
81
98
117
40
15
37
42
12
0
3
13
0
6
19
27
20
17
8
0
0
3
1
6
3
1
2
5
8
12
6
0
0
15
22
12
7
8
4
0
0
0
0
0
0
0
0
0
0
0
0
0
0
0
0
1
10
30
41
116
181
161
70
165
278
300
260
205
170
172
148
78
60
53
15
4
12
4
0
0
0
1
17
0
1
19
20
7
0
10
6
0
1
1
0
0
4
6
5
12
12
10
0
13
36
16
0
0
0
0
0
2
3
0
0
0
0
0
0
0
0
0
0
0
0
0
0
0
0
0
0
0
0
0
1
2
3
0
1
42
22
53
205
300
370
269
140
52
33
31
72
215
234
133
76
31
24
32
20
6
5
18
43
80
141
168
159
173
195
210
241
214
106
68
78
132
191
215
342
428
328
195
124
81
64
89
85
78
62
34
28
70
91
23
56
26
9
2
30
67
112
89
94
114
142
162
167
136
128
102
66
65
41
19
33
108
171
275
358
385
354
351
319
301
293
272
226
220
213
191
164
134
92
53
48
29
19
19
25
22
20
15
68
129
147
147
81
26
73
149
193
185
131
58
29
51
115
150
208
227
183
159
188
269
275
303
377
429
363
257
126
108
386
551
682
721
596
380
233
226
174
149
127
91
96
139
143
154
228
372
959
494
319
166
146
210
272
356
413
438
435
458
534
648
676
668
516
265
146
172
255
427
585
545
521
529
449
518
678
770
791
810
690
454
288
190
246
283
278
344
408
393
466
551
574
518
614
798
887
967
1064
970
847
684
512
316
416
644
837
1080
1284
1452
1583
1737
1935
2172
2505
2889
3168
3238
3420
3619
3884
4163
4324
4113
3417
2665
2173
1964
1841
1750
1631
1504
1278
1197
1093
2265
413
451
324
293
412
502
529
528
495
665
858
1093
1137
957
786
687
540
497
399
299
163
91
93
121
64
30
52
80
86
88
100
100
69
87
87
128
151
123
111
148
167
197
187
98
75
66
32
8
5
8
8
9
13
17
24
22
23
24
13
10
10
39
48
20
2
28
37
82
207
247
157
72
78
107
89
64
108
26
78
259
272
254
221
293
229
74
210
243
136
140
112
71
48
29
3
2
1
1
16
10
0
0
5
2
9
21
24
12
14
29
38
34
25
41
68
32
3
0
0
0
0
0
0
0
0
3
11
6
5
13
1
1
7
7
51
9
37
51
12
17
36
13
33
147
75
242
326
368
370
206
44
61
129
133
83
62
28
0
7
69
116
97
36
10
109
350
458
337
165
133
94
68
30
25
8
10
12
8
13
15
7
7
21
16
41
45
36
70
140
151
168
133
61
10
0
14
8
32
92
114
109
122
60
63
187
255
202
187
143
148
281
389
270
120
191
224
151
103
41
14
64
99
73
46
95
24
33
22
1
0
0
0
0
0
0
0
28
70
69
94
66
0
89
131
93
23
5
0
0
0
19
6
0
1
2
40
59
21
13
28
55
65
112
107
35
36
126
113
13
0
0
0
0
0
0
0
0
0
0
0
0
5
16
5
0
2
76
182
25
5
101
257
63
32
115
15
15
35
13
2
0
11
6
4
10
10
9
12
5
0
0
0
0
0
2
0
0
1
1
1
2
0
0
1
1
0
1
0
0
0
0
1
2
1
1
2
1
0
0
0
1
0
0
0
0
0
2
0
0
0
0
0
0
0
0
0
0
0
0
0
0
0
1
0
6
11
127
306
404
351
181
53
26
63
150
226
223
198
82
25
29
41
41
37
25
23
10
0
0
0
0
3
6
0
0
2
1
0
50
57
6
9
9
21
22
11
5
4
0
0
0
13
40
7
19
123
73
0
7
4
0
0
0
0
1
6
40
45
29
9
11
9
2
0
0
0
0
0
0
0
0
0
0
0
0
0
0
1
21
147
359
623
811
817
852
817
740
650
520
402
306
228
165
110
101
54
22
11
15
2
0
0
0
1
0
0
0
0
0
0
3
3
0
1
6
13
36
43
39
25
13
5
8
37
230
540
848
1061
1113
1047
900
714
271
42
174
459
681
867
956
1020
993
973
1011
1286
1714
1877
2033
2109
2255
2412
2689
2974
3060
2992
2839
2484
2243
2104
2036
1949
1830
1651
1414
1328
1386
1397
1305
1228
1153
1009
922
762
633
622
534
392
503
557
358
321
347
388
469
505
577
670
717
789
813
763
660
673
742
845
927
1016
1014
945
959
1027
988
965
937
899
868
825
782
699
560
455
396
353
302
321
288
261
263
345
316
197
138
56
16
4
38
67
48
29
29
54
60
36
21
17
10
9
2
0
7
12
3
0
6
13
7
0
0
17
18
7
0
0
0
0
0
0
0
10
15
2
0
0
2
11
12
2
1
0
2
1
2
6
7
7
8
8
0
0
0
0
0
7
55
41
20
125
104
31
130
106
98
130
162
126
68
40
18
21
36
21
12
40
108
265
235
97
43
8
14
30
43
40
20
6
3
9
17
24
56
4
0
23
0
82
76
6
21
32
20
12
24
44
2
56
75
66
102
177
291
391
618
849
1046
1248
1670
2206
2921
3789
4703
4999
4912
4470
3679
2795
1998
1580
1265
747
767
1031
1272
1666
2098
2365
2297
2103
1724
1445
1185
937
689
420
321
341
433
504
538
425
236
261
377
310
108
268
513
600
534
312
110
263
353
318
351
428
491
610
548
332
129
45
43
80
76
61
14
1
8
0
21
137
316
415
351
239
140
164
339
450
429
358
424
904
1455
2440
3871
5173
6233
7068
6945
6370
5255
3567
2094
925
1738
2793
3523
4196
4671
4940
5199
5309
4932
4329
3537
2557
1629
932
1426
2302
3245
3889
4270
3834
2400
977
1001
1014
860
436
165
77
34
11
36
49
291
591
663
553
326
424
446
248
105
184
150
156
972
1219
1200
625
1055
1352
1148
626
540
412
653
661
725
1134
1766
2048
2013
1600
2113
3099
3968
4207
4063
3695
2862
1901
2670
3666
3809
2390
1237
1023
1475
2108
3029
4193
5498
6528
7079
7199
6433
4718
3480
2742
1954
1648
1542
1447
1579
1443
1397
1673
2188
2181
2594
3285
4533
5632
5888
5747
5383
4801
3847
2891
3914
3817
4075
3638
2517
1832
1487
2188
1975
1637
2206
2595
1971
1925
2079
2151
2446
2613
2567
1989
2518
2535
3142
3808
3302
2320
1073
1083
859
689
943
659
313
508
558
439
315
306
220
105
214
258
251
302
285
202
77
75
72
81
138
223
201
193
366
474
927
982
911
922
1079
1600
2173
2120
1746
1415
1121
1453
1460
1176
1556
1788
2346
3187
4252
4947
5043
4692
4120
3434
2509
1627
832
676
779
724
824
982
1214
1634
2135
2568
2888
3046
3172
3142
3001
2733
2376
1968
1521
1095
749
455
248
141
105
147
171
67
100
155
116
97
115
148
138
103
125
211
196
355
766
1106
1563
2012
2097
1912
1786
1774
1978
2015
2041
2640
2660
2368
1975
1551
1028
808
886
992
1188
1463
1751
2103
2434
2657
3572
4231
5186
5519
5448
5432
5521
4702
4647
4931
4194
3740
4052
3960
3115
2466
1985
1681
1568
1138
943
1047
1089
1131
1085
953
782
590
376
199
151
173
191
90
78
95
82
74
117
128
212
364
800
1410
2020
2869
3252
4373
5357
5660
5339
6249
7346
7291
6607
5694
5210
4726
4276
3366
2526
1720
1469
2037
2487
2620
2518
2629
2927
3406
3489
2842
2427
2201
2450
2592
2912
2886
2720
2921
3228
3521
3577
3121
2443
2384
2757
2859
2760
2848
3314
3937
4447
4864
5145
4961
4315
3070
1272
2528
3814
4867
5189
5723
5416
4518
3687
2915
2257
1793
1475
1194
1255
1577
1950
1905
1888
2193
1914
1699
1703
1583
1176
974
1022
881
747
600
326
43
82
206
307
270
319
510
1035
1720
2153
2315
2443
2692
2894
2913
3106
3253
3378
3302
3098
2539
2010
1810
2246
2364
1640
2333
2247
2271
2408
2256
2137
1655
1114
863
712
538
450
393
486
455
384
549
644
698
524
357
518
985
1464
2074
2561
2895
2775
2472
1990
1604
2391
3493
4079
4718
4872
5107
5236
5202
4703
3926
2907
2777
2561
2186
1593
1318
1553
1739
1932
2024
1959
1772
2295
2877
3090
2940
2713
2890
3367
3400
3448
3356
3299
3522
3609
3361
3605
4227
4174
3920
3266
2418
1872
2138
2322
2540
3130
3580
4148
4679
5232
5545
5586
5151
4407
3610
3785
1576
2339
3166
4047
5282
5959
6641
6993
6750
6006
5110
3906
2685
2000
2285
2515
2822
3330
3677
3697
3110
2894
2690
2873
3198
3539
3968
4417
4738
4810
4775
4636
4556
4356
4051
3748
3472
3075
2774
2739
2832
2576
2213
1854
1698
1594
1358
1087
943
1045
1278
1382
1419
1388
1523
1437
991
575
635
631
506
674
620
485
445
436
457
593
787
801
747
611
439
359
403
463
399
406
403
347
313
244
112
129
215
300
298
338
433
398
348
363
456
372
255
221
118
73
118
111
186
209
225
375
424
391
316
276
252
609
214
524
542
279
64
45
208
286
187
76
84
68
88
88
39
5
41
62
52
53
83
85
71
48
37
28
40
31
50
72
80
99
93
79
50
31
35
35
61
88
100
110
82
43
20
3
0
0
0
0
0
0
0
1
18
35
46
27
5
1
13
42
36
17
1
0
0
0
3
33
23
13
99
115
194
291
255
193
101
60
43
57
86
20
61
57
13
1
49
99
18
58
100
40
17
17
35
77
174
302
432
451
495
632
775
1309
2364
3376
4216
4974
6125
7042
7424
7424
7362
7116
6948
6811
6561
6214
5869
5722
5465
5307
5074
4849
4682
4637
4460
4345
4263
4096
3795
3508
3251
2921
2456
2211
2240
2484
2842
3346
3991
4225
4089
3622
3044
2581
2283
2031
1946
1872
1560
1143
820
597
376
322
310
230
207
211
167
219
276
447
738
1248
2263
3942
5627
7269
8649
9641
9954
9444
8272
5860
3473
1852
1306
1261
1108
1267
1430
1705
1642
1274
1061
991
775
645
1211
1924
2586
2882
2785
2278
2024
2950
4325
5649
6902
8519
9351
9162
8760
7569
5885
4079
2473
3167
3497
2691
2825
4829
4862
3810
2688
1445
3383
5307
6698
7608
7456
6128
3410
2145
1345
817
1816
3573
5001
6574
8064
8580
8486
7844
6097
4542
3676
2680
1870
1870
2358
2044
1785
1276
977
1066
1277
1389
1410
1369
1295
967
931
1321
1641
2468
4192
5966
7050
7688
7816
7285
6485
5489
4491
3408
2339
1579
977
584
1210
1775
2003
2219
2381
2493
2256
2540
3260
4447
6004
8058
9396
10271
10243
9130
7348
4903
2844
1665
1611
1303
988
1085
1056
1137
1190
1239
1188
1168
1189
1244
1227
1127
1049
1072
1020
975
962
946
870
770
835
675
569
650
814
775
587
487
590
805
845
836
1087
1118
899
599
466
578
709
754
743
814
1101
1378
1625
1863
2068
2344
2707
3032
3369
3690
4017
4145
4145
4159
4223
4226
4340
4318
4027
3496
2970
2465
2141
1717
1333
1267
1361
1453
1309
782
345
240
287
479
589
441
151
142
299
575
765
691
533
466
478
466
495
506
414
238
175
201
268
298
441
256
127
219
372
210
160
185
148
79
41
42
46
37
12
40
71
67
20
202
325
267
265
284
331
374
375
366
314
282
228
168
115
83
37
5
0
1
0
0
2
0
0
0
5
3
19
25
46
44
65
81
69
43
43
37
39
45
39
16
6
6
6
4
4
9
5
1
3
0
0
0
4
11
86
495
962
1120
1125
1074
931
634
213
284
463
564
643
656
570
457
239
100
126
169
92
56
44
149
231
177
91
52
41
24
3
0
0
2
0
0
2
3
6
2
4
7
10
2
0
0
0
0
0
0
0
0
0
0
0
0
0
0
0
0
0
0
0
0
0
0
0
0
0
0
0
0
0
0
0
0
0
2
0
0
0
0
0
0
0
0
0
0
0
0
0
0
0
0
0
0
0
0
0
0
0
0
0
0
0
0
0
0
0
0
0
0
0
0
0
0
0
0
0
0
0
0
0
0
0
0
0
0
0
0
0
0
0
0
0
0
0
0
0
0
0
0
0
0
0
0
0
0
0
0
0
0
0
0
0
0
0
0
0
0
0
0
0
0
0
0
0
0
0
0
0
0
0
0
0
0
0
0
0
0
0
0
0
0
0
0
0
0
0
0
0
0
0
0
0
0
0
0
0
0
0
0
0
0
0
1
0
0
0
1
0
1
1
0
0
0
0
0
0
0
0
0
0
0
0
1
96
437
699
757
787
700
376
282
386
556
621
422
143
528
652
507
187
209
324
435
446
326
197
31
97
13
63
177
427
650
880
986
936
882
1504
2717
3557
4736
6316
6572
6538
5744
4511
3960
3447
3440
3674
4172
4242
4431
4417
4404
4442
4371
4322
4320
4345
4407
4379
4333
4320
4202
3921
3660
3400
3201
2924
2585
2220
1868
1499
1136
830
671
778
880
919
810
440
413
457
491
480
471
364
246
328
554
735
1201
1788
2000
2236
2753
2592
2990
3505
3631
3576
2829
1846
1112
2068
3669
5483
6793
7488
7283
6414
4563
3058
1811
1057
1108
1025
639
1449
1325
1438
1370
1231
1191
596
676
1144
1473
1477
1628
1524
1499
1449
887
705
572
454
439
502
703
555
521
636
648
532
523
473
684
736
722
599
656
708
672
644
627
565
455
352
258
204
177
116
105
112
70
23
104
145
171
186
157
121
46
29
34
70
86
66
27
4
2
5
13
16
15
9
8
9
15
39
41
22
9
6
7
9
4
4
7
2
0
0
0
3
0
4
6
0
0
16
50
9
26
106
83
10
65
16
47
107
84
30
2
0
0
1
2
0
0
0
0
0
0
0
0
0
0
0
0
0
0
0
0
0
0
0
1
0
1
1
3
1
0
0
0
0
0
0
0
0
1
1
0
1
1
0
0
0
0
0
0
1
0
0
0
0
0
0
0
0
0
0
0
0
0
0
0
0
0
0
0
0
0
0
0
0
0
0
0
0
0
0
0
0
0
0
0
0
0
0
0
0
0
0
0
0
0
0
0
0
0
0
0
0
0
0
0
0
0
0
0
0
0
0
0
0
0
0
0
0
0
0
0
0
0
0
0
0
0
0
0
0
0
0
0
0
0
0
0
0
0
0
0
0
0
0
0
0
5
4
1
11
18
3
1
13
107
244
356
406
468
511
574
535
482
602
779
898
1095
1294
1557
1644
1522
1563
1733
2230
2777
3349
3820
3525
2793
2441
2887
2900
2579
2184
2003
1907
1886
1916
1878
1900
1778
1601
1349
604
1267
1853
2105
2212
1587
1424
1692
1778
1902
1944
1869
1739
1512
1208
848
623
892
1144
1318
1287
1676
2065
2500
2881
3192
3399
3510
3331
2936
2518
1886
1543
2165
3274
4073
4746
5114
4845
3891
2953
2014
964
1078
1268
1335
1248
1090
735
385
483
862
1231
1493
1845
2285
2953
3547
3574
3559
3200
2716
2278
2452
2797
2573
2039
2707
3274
2814
2060
1574
1149
616
294
278
295
151
135
216
317
402
549
629
495
1855
3371
3574
4128
4249
3847
3031
2196
2036
2036
3482
4651
3751
2732
2295
2188
1869
1545
1392
1266
1108
908
841
788
593
559
599
494
614
920
974
885
914
870
934
1227
1387
1172
779
635
991
1483
2101
2536
2751
2906
2727
2696
2486
2231
1727
1679
1887
2057
2366
2356
1982
1948
1589
1207
1368
1279
1344
1890
2413
3224
3711
4217
4704
5179
5218
5145
4943
4698
4837
5229
5479
5847
6122
5914
5895
5991
5951
5217
3932
2904
3109
3858
4627
4701
4038
3935
4150
4445
4660
4946
5254
5565
5519
5058
4170
3272
1761
1225
1560
1726
1745
1868
1702
1496
1278
1187
1047
962
1203
1533
1538
1348
1114
671
646
1044
1404
1639
2002
2213
2625
3132
3852
4136
4138
4021
3742
3234
2980
2158
1485
1138
2554
3488
4357
4934
5038
4586
4251
3697
3024
1994
921
341
251
460
490
402
240
135
103
64
71
88
95
83
72
84
44
50
31
20
21
49
56
46
41
25
41
48
8
1
22
87
78
58
55
59
28
21
25
29
45
22
3
68
129
58
20
17
55
96
110
223
291
248
230
204
176
70
188
451
508
246
104
243
292
329
351
345
376
479
410
397
446
307
94
68
84
72
152
256
246
172
112
48
53
69
65
61
63
182
256
288
355
400
326
160
146
171
201
212
182
71
91
62
80
45
66
57
28
20
39
24
26
60
47
23
20
38
33
27
55
58
54
93
208
178
228
370
375
335
264
207
214
153
101
87
100
25
29
21
40
71
164
493
1265
2111
2744
3433
4349
5402
6684
7577
7760
7246
6589
5723
4726
3878
3436
2709
3230
2195
2148
2160
2050
2142
2456
2951
3184
3144
3170
2910
2415
2012
1523
1082
854
877
977
1060
1112
1181
1347
1608
1649
1614
1461
1092
991
1311
2086
3040
4162
5779
7536
8874
9885
10429
9664
7969
5489
3865
2734
2203
2292
2230
1944
2107
1980
2099
1762
1400
1441
1414
1336
1122
928
1054
1055
1086
1149
1333
1420
1330
1233
1158
1034
749
657
743
632
612
603
425
328
547
721
940
1216
1405
1383
1106
944
882
837
803
801
842
792
676
579
509
375
368
495
711
716
432
230
330
601
709
550
335
302
381
409
395
372
360
339
296
278
234
160
133
240
259
284
315
440
424
239
242
298
352
340
287
335
250
245
145
96
57
54
23
13
42
17
10
11
34
46
68
70
72
62
46
51
50
26
11
42
94
90
58
83
65
19
2
9
0
14
6
0
1
0
4
5
2
5
19
24
32
61
98
96
58
38
46
67
72
55
58
45
59
99
90
66
63
45
54
23
14
8
37
25
12
11
21
9
7
4
3
0
4
3
0
2
1
0
0
0
0
0
0
0
0
5
0
0
0
0
0
1
1
1
3
1
6
6
0
2
0
0
0
1
0
0
0
2
3
0
0
2
4
1
1
0
0
0
0
0
0
0
0
0
0
0
0
0
0
0
0
1
14
0
0
0
0
0
0
0
0
0
0
0
0
0
0
0
0
0
0
0
0
0
0
0
0
0
0
4
3
0
6
9
0
0
7
20
12
0
0
0
0
0
0
0
7
51
98
385
563
591
425
249
170
85
92
264
269
122
146
98
21
3
2
5
16
51
30
14
104
139
60
1
80
95
62
20
0
1
30
81
47
65
173
215
194
198
168
293
302
360
578
785
976
1329
1933
2732
3791
5222
5709
5778
5544
4943
4199
3296
2426
1964
1466
1002
638
341
360
528
477
291
242
380
572
654
771
1182
1327
1457
1963
2165
2156
2085
1782
1553
1589
2141
2879
3473
3842
3824
3807
3685
3661
3446
3591
3568
3534
3385
3248
2973
2417
2611
2931
3029
3148
3179
2901
2488
2103
1629
1133
875
698
583
425
381
336
454
495
317
252
246
431
720
984
1245
1446
1489
1557
1694
1858
1881
1873
2980
2970
2079
2571
3772
3772
3466
3183
2948
3115
2531
1996
1480
867
1160
1580
1750
1909
2012
2113
2125
2276
2415
2331
2406
2209
2425
3105
3210
3535
3629
3566
3206
2414
2333
2617
2624
2738
3048
3062
2872
2599
2889
3006
2951
2713
2473
2252
2119
1731
1200
936
859
954
1039
937
1009
1028
1576
1218
1255
1308
1466
1750
2214
2452
2657
2537
1944
1745
1828
2462
2981
3511
3206
2401
1761
1204
840
425
267
353
377
404
444
406
260
200
179
188
178
152
176
214
193
200
235
236
241
179
154
135
230
293
404
575
587
371
312
670
1040
1267
1246
932
639
754
864
878
816
740
669
798
860
924
971
998
984
859
728
680
599
456
321
280
274
355
442
499
856
1217
1329
1388
1472
1718
1881
1818
1579
1340
1134
1560
2085
2163
1771
1171
1359
1364
1157
1609
1947
1854
1438
837
478
518
385
348
261
415
907
1767
2812
3973
4705
5068
4879
4466
3595
2631
1699
1202
993
1088
1289
998
738
738
1181
1533
1304
1328
1420
1555
1663
1515
1274
1660
1979
2043
2076
2617
3998
4559
4907
4719
4394
3888
3354
3013
2705
2368
2050
1986
1648
1354
1129
824
583
450
435
432
413
280
270
295
274
188
100
88
87
84
55
121
210
316
562
1130
1373
1409
1389
1189
1067
841
784
1411
1935
2952
4281
5543
6993
6970
5905
4829
3937
3006
1531
1271
1494
1220
849
1034
1003
848
853
988
1070
1119
957
1090
1142
1237
1378
1381
1325
1314
1474
1693
2065
2629
3479
4037
4480
4466
4342
4259
3994
3561
2884
2080
2045
3195
3878
4766
4658
4492
3829
2778
1928
1874
1693
1435
1149
1065
902
706
623
613
440
208
146
143
145
137
183
390
787
1105
1607
2179
2644
3089
3370
3736
4044
4032
3703
3234
2600
2195
2373
2623
2728
2555
2318
2364
3085
3906
3998
4297
4439
3962
3698
3148
2458
2345
2487
2583
2534
2463
2398
2369
2362
2925
4096
5022
6271
6638
6219
5480
4006
3741
2445
1639
1786
2587
2957
3354
3663
4399
4920
4694
4261
4024
3282
2867
2884
3047
3276
3462
3974
4239
4107
3204
2600
2444
2274
1883
1592
1513
1239
564
538
942
1388
1571
2068
2863
3513
4338
4575
4397
4466
4513
4492
4236
4189
4156
3774
4027
4023
3417
3984
4848
4523
4087
3024
2011
2001
2099
2532
2846
3045
2882
2545
2169
1739
1402
1267
1233
1412
1556
1534
1507
1869
2390
2524
2515
2174
1922
2093
2969
4002
4472
4594
4673
4436
3689
3078
3154
2870
3560
5107
4783
3937
3061
2548
1922
1524
1595
1569
1680
2152
2519
2649
2570
2225
2549
3680
4752
5459
5738
6110
6126
6311
6887
7111
7050
6980
6610
5729
4433
3301
2268
1411
1241
1185
1426
1641
1515
1324
1024
762
1252
1740
1873
1870
1794
1772
1749
1663
1663
1957
2384
2430
2306
2108
1906
1800
1775
1773
1835
2237
2889
3526
3925
4116
4136
4399
4845
5241
5006
4189
4076
4073
4053
5143
6831
8087
8655
8990
9054
8370
7531
5963
4319
3720
3357
3785
5386
7426
6910
5682
5248
4727
4279
3678
2718
1078
824
1856
2469
3098
3704
4333
5553
7583
7423
4991
4867
6779
3984
3030
2503
2614
2368
2093
2459
2455
2370
2215
2229
2239
1977
1372
1113
1156
1112
1346
1575
1680
1843
1377
1100
1059
1053
1060
981
933
995
905
767
875
1066
1131
1045
887
771
745
685
630
670
707
648
544
453
311
171
209
162
212
366
472
441
372
395
496
446
383
343
322
379
380
339
294
373
365
367
372
319
248
252
285
271
255
237
185
140
131
134
102
64
47
60
70
48
41
15
3
14
67
109
119
90
51
72
75
34
11
15
12
27
32
37
60
34
5
0
1
0
0
0
0
0
3
1
0
0
0
0
0
0
2
15
25
40
9
1
1
38
137
443
711
773
727
650
519
404
317
232
173
134
82
51
43
37
14
9
6
4
4
4
2
1
0
0
0
0
0
0
0
3
10
64
202
482
712
787
802
729
622
556
460
416
378
311
256
211
196
200
184
149
121
117
81
88
79
45
36
50
47
112
198
367
615
703
599
539
302
169
130
142
208
80
188
9
100
18
120
56
90
116
46
149
83
163
247
128
238
222
110
168
147
118
66
62
43
31
37
75
97
105
51
98
129
85
41
21
19
9
2
2
0
15
30
6
13
38
36
40
34
6
0
28
43
19
0
0
0
0
7
16
6
0
4
21
52
55
27
35
42
20
10
78
163
348
499
531
620
720
699
596
495
396
382
462
676
876
1079
1365
1650
1829
2196
2451
2726
3077
3370
3626
3713
3732
3784
3802
3976
4046
4115
4127
4115
4121
3977
3752
3129
2906
2694
2439
2604
3435
3610
3450
3058
2566
1424
416
902
1891
2690
2946
2803
2621
2408
2133
2044
1958
1811
1582
1193
769
264
315
574
782
973
1114
1500
1529
1387
1255
987
755
775
868
811
767
653
593
415
359
362
212
137
87
52
49
45
77
121
181
153
109
98
98
61
32
17
2
18
34
56
67
58
74
56
94
136
181
197
222
192
74
46
21
29
35
10
5
7
22
82
146
182
173
171
142
84
81
76
74
112
151
98
46
7
36
50
66
57
26
12
7
3
1
0
1
2
2
4
3
1
2
0
0
2
3
7
22
36
42
30
44
53
82
100
297
610
890
1099
1110
1024
1009
897
1013
1040
944
928
879
695
670
831
929
1048
939
885
794
407
183
281
672
696
436
366
479
627
642
578
662
593
515
423
249
64
57
172
117
216
331
304
158
37
45
94
60
94
146
135
102
47
28
24
32
55
106
195
45
33
18
14
5
0
0
0
0
0
0
0
0
0
0
0
0
0
0
0
0
0
0
0
0
0
0
0
0
0
10
10
8
6
2
0
0
4
0
6
5
7
10
13
9
8
1
1
0
0
0
0
19
18
85
391
639
784
667
344
207
147
219
357
266
89
32
37
26
58
31
23
31
67
135
43
102
64
12
0
1
9
17
18
36
55
60
71
86
87
78
32
16
19
18
0
0
0
3
0
0
7
2
6
8
1
0
1
0
0
0
2
0
0
0
0
0
2
0
0
0
0
0
0
0
0
0
0
0
0
0
0
0
0
0
0
0
0
0
0
48
170
212
261
140
4
31
201
298
221
4
42
61
12
0
0
0
3
0
3
0
2
0
2
2
20
33
44
1
88
115
73
82
53
23
2
0
0
0
0
0
0
0
0
0
0
0
0
1
0
0
0
0
2
1
0
0
0
0
0
0
0
0
0
0
0
0
0
0
0
0
0
0
0
0
0
0
0
0
0
0
0
0
0
0
0
0
0
0
0
0
0
0
0
0
0
0
0
0
1
17
193
304
397
162
0
140
366
436
334
134
44
83
166
236
194
69
19
49
159
144
52
6
29
17
7
3
0
1
2
3
0
0
7
25
26
20
1
0
0
0
1
0
0
0
2
0
0
0
0
0
0
0
0
0
0
0
0
0
0
0
0
0
0
0
0
0
0
0
0
0
0
0
0
0
0
0
0
0
0
0
0
0
0
0
0
0
0
0
0
0
0
0
0
0
0
0
0
0
0
0
0
0
0
0
0
0
0
0
0
0
0
0
0
0
0
0
0
0
0
0
0
0
0
0
0
0
0
0
0
0
0
0
0
0
0
0
0
1
0
0
0
0
0
0
0
0
0
0
0
0
0
0
0
0
0
0
0
0
0
0
0
0
0
0
0
0
0
0
3
6
33
74
105
133
162
180
187
153
105
65
30
19
11
9
9
5
17
21
29
22
33
41
56
52
63
86
84
27
19
94
113
24
43
105
84
57
75
92
84
91
100
86
64
38
69
183
447
654
690
741
683
726
769
773
846
797
674
662
651
658
705
730
653
550
499
538
586
757
984
1219
1521
1790
2096
2338
2481
2624
2885
3150
3361
3197
2938
2554
2422
2369
2311
2088
1864
1631
2432
985
859
776
633
630
674
777
899
939
913
927
930
928
836
853
875
953
976
876
1028
978
749
666
501
431
410
430
300
135
76
48
30
68
62
24
15
56
83
140
273
173
155
193
200
327
297
222
236
196
193
251
319
212
320
262
294
251
279
352
320
337
327
365
308
256
224
214
223
255
295
343
370
281
235
237
218
209
204
244
202
176
159
128
52
14
5
0
0
0
3
11
10
21
24
16
9
14
36
34
6
7
15
0
3
38
23
10
45
80
95
101
101
169
217
160
205
284
266
217
253
284
304
317
552
910
906
636
569
620
622
1156
1705
1732
1531
1426
1688
1707
1616
1623
1632
1656
1723
2047
2632
3339
3994
4617
4995
5130
4847
4321
3367
2363
2015
1644
1375
1162
929
873
871
798
1055
1315
1717
2129
2588
2746
3218
3184
2113
1173
2173
2557
2334
1814
1547
1323
1196
1506
1960
2784
3125
3686
3250
2069
1705
1158
717
1025
709
77
461
408
87
361
1286
2383
2786
2486
1853
1775
2353
2958
3330
3393
3174
2549
2161
2352
2515
2726
1988
1316
654
491
266
174
120
386
457
484
483
450
436
1475
2987
4146
4953
5511
5621
5271
4563
3231
1747
2635
3905
5349
5866
5972
5818
5285
4024
3316
3155
2646
2368
2141
2087
2053
1800
1157
1013
1063
745
1036
1384
1330
955
954
1159
1407
1784
1711
1601
2159
3031
3220
2401
1643
1421
1769
1408
1391
2486
1622
935
1296
1243
587
1449
1561
1535
1166
1389
1969
2267
2174
1611
799
1185
1959
1878
1590
977
1171
1738
2052
1955
2492
713
1337
2025
2216
1738
2168
2375
2844
4041
5347
6192
6155
5385
4040
3102
2114
1429
1464
1609
1770
1990
2229
2324
2346
2146
2276
2614
3047
3376
3973
4324
4466
4783
5088
4876
5175
5647
6677
6955
7077
7308
7082
6644
6069
5519
5116
4885
5152
5302
4493
4950
5453
5612
5426
5210
6028
6708
7281
6883
6299
5582
4837
4820
5099
4919
5766
4844
4791
5087
4875
5132
5263
3122
3618
4353
4146
3770
3108
2247
1797
2404
3253
2982
2741
2485
1226
1638
2500
3270
3271
2727
2404
1963
2083
2726
3970
5158
6359
7489
8308
8684
8521
7432
5999
4702
3825
3450
3617
3461
2976
2545
1984
2544
3024
2337
1328
1196
1685
2217
2453
2123
1164
1392
2413
2251
1255
1858
2370
2336
2189
1444
708
745
758
819
1290
1589
1727
2183
2587
2931
2992
2602
2536
2930
4141
5813
7022
7593
7320
6247
4809
4057
4355
4542
4556
5071
6195
7292
7768
8112
7458
6309
4947
3646
2585
2444
2361
1735
1490
1674
2114
2603
3026
3457
3429
3180
3296
3554
4136
5205
5964
6355
6656
6403
5823
5080
4326
3601
3030
2747
2659
2725
3401
4067
4706
4964
4689
3641
1913
2292
1325
1478
1650
1901
2099
2074
1850
1659
1348
1080
957
895
976
974
818
763
673
620
481
439
483
365
229
173
107
179
180
199
179
247
442
659
851
1164
1467
1295
1692
2200
2521
2690
2981
3012
2764
2381
1907
1439
888
540
370
397
575
680
652
586
506
312
212
131
174
240
270
324
375
445
520
543
567
594
571
534
505
439
411
425
453
449
600
850
1282
1929
2707
3660
4157
4518
4720
4636
4250
3629
2787
1951
1501
1223
1068
1169
1314
1205
1135
1575
2182
2116
1559
1206
1903
2333
1906
1484
1141
959
1350
1916
2355
2712
2672
2397
1970
1452
880
375
126
319
617
873
1065
1183
1239
1116
1015
838
599
431
181
133
339
559
692
791
965
1344
1982
2710
3209
3376
3486
3450
3190
3027
2730
2077
1214
1345
1524
1438
1668
1937
2406
2453
2647
3442
4048
4194
3905
3454
3351
2843
2064
1633
1583
1754
1573
1801
1917
1858
1866
2247
3118
3701
3658
3331
3161
2982
2826
2803
2717
2742
2857
3122
3251
3078
2824
2542
2311
2063
1738
1376
1091
878
660
600
694
682
575
664
609
561
521
434
434
404
337
301
313
344
337
254
128
34
130
200
211
144
63
156
377
398
229
63
85
116
142
138
142
99
66
93
127
130
76
24
29
48
37
19
12
3
0
2
16
7
0
31
51
50
76
86
35
20
17
6
0
0
0
0
3
0
0
16
33
180
463
698
820
791
674
470
281
200
225
332
384
279
104
22
82
115
83
130
297
319
112
55
60
15
3
33
70
126
109
57
21
4
11
10
11
1
0
2
3
3
9
14
0
0
17
43
9
0
34
29
5
0
4
4
25
31
4
35
20
12
32
59
95
128
152
154
129
134
118
116
132
153
123
106
88
69
81
79
60
44
25
9
18
16
28
21
0
21
35
14
2
0
0
0
1
1
0
0
0
1
0
0
0
0
0
0
0
0
0
0
0
0
0
0
0
0
1
0
0
0
0
0
0
0
4
29
57
106
383
577
616
699
729
750
714
629
540
459
429
404
389
428
394
357
318
286
303
289
290
211
206
186
204
193
189
174
169
165
168
165
119
58
37
45
65
51
18
19
33
41
18
49
47
40
51
51
39
32
21
39
100
72
80
101
94
102
70
49
13
4
16
42
53
54
24
20
27
34
48
31
14
15
12
9
6
9
14
40
23
11
90
58
19
3
0
13
30
32
37
37
39
55
83
102
139
131
173
231
272
361
475
1034
833
917
926
873
812
773
687
623
550
436
366
344
290
217
176
135
71
35
14
4
1
1
15
69
106
128
132
144
145
112
76
67
88
98
113
153
218
235
243
226
185
133
73
68
106
158
245
364
492
584
577
610
526
418
360
338
449
650
946
1227
1486
1788
2083
2372
2634
2890
3019
3182
3327
3376
3476
3528
3615
3632
3430
2858
2193
1683
1267
1041
933
960
983
932
869
638
747
729
454
362
294
197
292
258
231
151
227
206
235
230
232
285
414
339
212
124
125
161
188
180
77
27
12
8
14
42
67
78
104
150
185
181
174
93
35
34
33
6
17
147
12
104
45
25
22
23
13
24
62
50
54
37
48
20
15
81
94
26
7
1
4
45
88
57
29
5
2
8
11
13
9
5
1
0
0
0
1
6
5
0
0
1
5
1
1
5
0
0
3
0
2
5
2
10
18
46
74
96
52
25
11
73
66
32
8
14
5
5
0
10
20
23
15
48
51
35
15
4
32
103
80
52
34
33
19
26
72
70
54
44
63
70
85
68
73
164
270
209
175
166
152
81
88
151
23
89
116
35
37
84
47
19
68
142
127
0
0
11
12
22
25
28
35
46
32
6
1
3
1
0
13
15
11
1
0
1
6
21
14
117
73
25
32
15
11
19
25
0
115
44
108
163
39
133
39
15
29
63
74
100
188
138
105
74
66
107
162
139
108
122
102
64
76
89
59
47
44
38
35
33
12
5
1
0
0
0
48
83
90
277
261
107
86
144
132
142
178
221
229
265
427
440
289
213
122
24
0
3
17
29
39
21
38
76
102
93
111
53
25
38
53
67
99
76
60
53
35
30
17
12
7
5
5
4
1
3
0
10
21
20
6
0
41
46
2
4
2
15
36
53
62
58
42
58
39
8
52
52
38
0
15
91
94
0
108
142
326
441
504
533
535
525
439
411
360
361
342
325
326
300
263
190
100
41
6
28
38
26
13
0
10
1
1
3
0
2
3
7
20
54
99
202
330
445
559
612
581
544
471
396
315
220
161
84
40
37
89
108
70
52
168
121
41
70
116
102
69
35
2
0
5
6
0
1
38
23
3
21
20
0
0
4
0
0
0
0
0
11
30
111
183
283
377
490
523
691
869
1024
1465
1835
1873
1806
1654
1527
1824
1308
1121
2410
3241
5911
5499
5328
4500
3370
2535
1797
1148
2120
3573
4825
5102
4011
1864
3358
4601
5081
4579
3953
3201
2373
1544
2865
4447
6196
6972
7192
6179
4913
4804
5218
5279
4704
3905
2915
2564
2479
2384
2454
2356
2164
1957
2053
2220
1935
1562
1520
1813
2334
2683
2957
3460
3504
3427
2881
2228
2181
2622
2851
3397
3577
3346
3519
2849
1217
1351
1761
1793
1706
1738
1817
1516
1157
1433
2009
1974
1187
514
788
1303
1653
1662
1603
1368
848
556
594
695
918
1083
876
564
427
403
387
532
631
616
475
406
431
670
628
285
241
224
268
344
349
344
341
372
361
326
302
263
275
296
349
423
443
479
461
354
285
255
269
303
345
308
270
196
168
138
119
97
92
89
54
16
6
0
2
2
0
0
0
0
0
0
3
13
18
14
9
2
1
5
8
5
9
11
6
7
0
5
4
1
0
0
0
0
0
0
0
6
14
17
17
9
12
13
1
10
23
27
143
79
7
38
78
27
4
0
0
0
0
0
0
0
0
0
0
0
0
0
0
0
63
308
346
217
34
0
52
214
253
257
231
191
89
8
0
0
0
0
0
0
0
0
0
0
0
0
0
0
0
0
0
0
0
0
0
0
0
0
0
0
0
0
0
0
0
0
0
0
0
0
0
0
0
0
0
0
0
0
0
0
0
0
0
0
0
0
0
0
0
0
30
145
363
646
801
824
985
1623
3039
4107
5511
6900
7326
7043
6899
6053
5182
4207
3256
2547
1741
1300
1317
1590
1709
1724
1467
1039
682
590
608
529
387
312
254
224
334
359
337
223
79
148
265
168
55
223
413
506
795
1287
2230
3484
5599
7494
9049
9693
9461
8378
6375
3743
2025
1138
953
1044
1015
1144
1442
1606
1490
1157
912
931
458
327
760
1146
1315
1484
1505
1391
1362
875
570
453
462
616
817
984
1057
1218
1581
1774
2053
2475
2890
3185
3415
3482
3431
3302
3224
3235
3179
3109
2865
2357
1924
1570
1313
1148
1067
938
827
696
596
430
303
207
198
223
335
344
345
216
169
152
210
255
136
109
86
24
13
9
7
7
22
52
164
358
419
214
51
94
168
302
404
491
259
21
38
82
21
6
22
73
28
11
7
7
5
8
11
10
6
11
0
0
0
0
0
0
0
0
0
0
0
0
0
0
0
1
1
0
0
0
0
0
0
0
0
3
3
0
0
0
0
0
1
0
0
0
0
0
0
0
0
0
0
0
0
0
0
0
0
0
0
0
0
0
0
0
0
0
0
0
0
0
0
0
0
0
0
0
0
0
0
0
0
0
47
224
538
851
983
924
778
590
399
317
264
325
476
623
824
971
1005
1022
988
872
740
511
246
63
8
5
36
57
65
57
73
63
50
52
67
46
26
9
5
1
0
3
1
1
4
8
11
13
5
1
1
0
0
0
2
1
0
0
0
11
22
1
8
9
3
1
0
3
7
68
82
27
138
158
6
39
15
4
10
34
91
173
258
226
147
182
155
93
141
85
118
87
46
47
20
2
8
9
28
54
34
32
89
99
84
140
153
101
74
74
97
98
63
53
53
51
19
0
1
14
3
23
14
0
21
20
4
1
5
11
1
9
25
51
78
70
62
86
60
48
45
76
44
0
19
22
0
0
0
16
12
184
415
580
600
775
982
1148
1582
2531
3678
5244
6406
6515
6130
5448
4131
3097
2378
2018
1875
1862
1743
1483
1513
2289
3393
4672
5551
6185
6113
5497
3961
2717
2433
1864
1549
1693
1411
1370
2208
2799
2200
1759
1621
1834
1742
1010
491
420
733
1038
1269
1471
1672
2162
2643
3067
3485
3791
3907
3817
3409
2769
2074
1475
992
754
1316
2073
2308
1820
988
717
837
722
729
815
798
595
313
187
153
93
79
274
769
1193
1554
1698
1752
1737
1663
1498
1242
992
821
728
754
812
700
587
551
684
1374
1938
2392
3089
3155
2480
1889
1388
1160
859
767
858
889
835
773
619
437
310
575
1157
1401
1199
1371
1400
1420
1437
994
735
683
888
989
986
820
671
633
922
1082
696
702
719
420
221
738
1006
919
575
715
919
1539
1526
1396
1340
1239
1047
771
370
139
557
680
756
728
555
237
420
1028
1681
2092
2590
3349
3835
4207
4174
3996
4024
4791
5309
5596
5419
4663
4187
4473
4988
4685
4288
4380
5123
5401
5578
6103
6631
7132
7553
7731
7877
7697
7348
6909
6369
5771
5149
5012
4655
4385
4261
4036
3407
2689
2450
2279
2056
1860
1860
1897
1770
1408
1291
1430
1281
1003
884
1048
1187
1165
1118
1088
1076
1189
1237
1255
1268
1171
747
236
303
324
214
134
201
165
172
175
189
167
155
161
201
134
92
171
114
108
111
40
9
15
9
0
1
9
32
38
21
13
23
6
3
7
6
14
23
86
171
375
518
607
631
541
431
322
196
113
95
34
7
71
330
603
748
763
656
538
386
290
190
151
115
108
83
76
74
50
32
12
3
2
0
0
0
0
0
0
0
0
0
0
0
0
2
0
0
16
54
76
70
20
11
4
0
0
0
0
0
0
0
0
0
0
0
0
0
0
0
0
0
0
0
0
0
0
0
0
0
0
0
0
0
0
0
0
0
0
0
0
0
0
0
0
0
0
0
0
0
0
0
0
7
59
421
786
893
735
554
381
147
73
125
225
390
550
478
384
225
59
6
1
8
1
3
9
59
175
312
373
589
676
739
660
442
326
295
309
374
451
373
215
95
47
28
38
44
56
44
11
2
4
12
17
13
4
5
15
25
20
7
1
3
3
8
16
24
36
47
87
118
206
313
241
185
221
186
155
148
69
124
135
135
148
69
14
5
2
4
1
17
8
2
1
8
5
6
4
1
1
0
0
0
0
9
1
2
0
1
2
9
8
3
0
3
4
9
13
13
23
33
27
16
15
8
6
3
1
7
4
0
0
0
0
0
0
10
31
32
23
9
0
21
18
1
9
9
26
61
85
102
108
97
83
59
28
27
15
14
7
0
1
0
0
0
0
0
1
5
33
101
151
159
162
148
109
154
153
67
21
4
10
5
16
6
0
0
1
0
0
0
0
0
0
0
0
0
0
0
0
0
0
0
0
0
0
0
3
6
23
52
116
183
220
211
226
212
216
209
191
166
125
104
77
46
21
14
14
16
16
22
28
23
28
32
40
45
52
54
65
82
104
105
130
143
137
181
213
217
229
229
242
240
263
273
255
246
215
169
147
156
129
122
160
196
191
159
125
107
119
118
87
56
29
23
5
3
7
0
0
0
0
0
0
0
2
0
0
0
1
0
0
0
0
0
0
0
0
0
0
0
0
0
0
0
0
0
0
0
0
0
0
0
0
0
0
0
0
0
0
0
0
0
0
0
0
32
272
493
515
487
320
131
34
126
268
370
423
383
206
31
0
0
1
0
0
0
1
10
10
13
15
14
1
3
3
12
21
21
13
23
37
3
2
1
4
2
2
4
7
8
6
4
11
7
10
15
13
6
4
3
2
1
0
0
0
0
0
0
34
39
28
13
4
14
26
69
462
852
892
756
367
45
120
390
480
415
320
217
136
55
46
60
82
63
42
27
18
34
56
30
14
10
4
2
1
0
0
0
6
12
27
44
97
427
620
285
45
228
420
109
340
915
1263
1454
1458
1184
982
935
1010
1123
1091
827
399
194
531
271
209
147
210
455
688
568
109
144
200
192
171
131
171
186
221
128
27
18
16
29
35
41
37
30
16
16
4
2
13
17
29
29
36
22
41
63
104
156
159
140
156
174
192
233
250
222
197
183
219
294
382
463
450
478
421
323
204
119
106
124
121
87
37
34
40
25
47
54
34
27
37
33
37
21
21
21
14
7
4
11
23
23
19
5
4
0
4
0
1
2
0
0
0
0
0
0
0
0
0
0
0
0
0
0
1
0
0
0
0
0
0
0
0
0
1
0
0
0
0
0
0
1
0
2
5
1
0
4
0
2
1
5
13
0
3
0
0
0
0
0
1
0
0
3
0
0
0
0
0
0
0
0
0
0
0
0
0
0
0
0
0
0
0
0
0
0
0
0
0
0
0
0
0
0
0
0
0
0
0
0
0
0
0
0
0
5
28
27
30
11
3
4
2
12
9
12
12
13
13
10
3
9
5
8
1
5
4
4
0
4
4
5
4
3
4
2
7
4
4
2
17
30
29
28
28
25
15
18
14
20
14
8
7
1
1
0
0
0
0
0
0
0
0
0
0
0
0
0
0
0
0
0
0
0
0
4
1
0
0
0
0
0
0
0
0
0
0
0
0
0
0
0
0
0
0
3
8
127
458
594
424
176
189
416
465
358
395
489
354
93
79
98
86
19
4
2
16
41
15
0
1
17
134
256
382
529
463
264
30
39
144
161
59
19
26
38
51
226
517
685
740
607
350
239
252
320
281
219
193
125
68
33
22
24
30
8
4
2
2
6
3
0
0
6
0
0
0
0
0
0
12
6
41
453
858
1053
1017
691
624
611
848
1080
1371
1656
1650
1699
1951
2173
2347
2410
2394
2431
2467
2503
2536
2431
2283
2350
2276
2222
2128
2059
2011
1927
1755
1739
1732
1883
2348
3057
3455
3793
4038
4464
5539
6411
7453
8423
8897
8597
7999
7120
6118
5163
4661
4206
4575
4743
4949
5569
5940
5931
5328
4520
4258
4695
4628
4223
5196
5738
5801
5754
5800
5410
4656
3764
3310
2904
2782
2688
2088
1877
1922
1846
1536
1104
1010
1222
1427
1586
1362
1468
1419
1359
1351
1385
1248
1257
1380
1196
1110
1229
1137
1061
1062
1171
1204
1470
1845
1750
1826
1946
1982
1883
1634
1800
1622
1383
1282
1090
1009
911
768
564
423
357
368
373
381
378
308
282
271
367
473
529
612
604
580
521
574
537
529
417
325
251
228
195
344
141
84
19
6
11
21
10
3
47
74
31
57
113
150
123
53
10
0
3
34
39
18
0
0
0
0
5
7
0
0
10
13
1
0
1
0
0
0
0
1
0
0
0
0
0
4
2
1
2
0
0
0
26
132
264
227
58
12
32
18
2
0
12
13
5
1
3
12
124
203
208
91
21
16
33
53
69
50
25
8
24
55
53
23
13
3
2
1
0
0
0
0
0
0
0
1
0
3
0
0
0
0
0
0
0
0
0
0
0
8
15
11
4
0
0
0
0
0
0
0
0
0
0
0
0
0
0
0
1
0
2
1
0
0
0
0
0
0
0
0
0
0
2
28
30
4
1
6
30
98
122
116
65
46
37
18
2
5
2
12
13
6
3
0
0
1
3
1
0
0
0
0
0
0
0
0
0
0
0
0
0
0
0
0
0
0
0
0
0
0
0
0
0
0
0
0
0
0
0
0
0
0
0
0
0
0
0
0
0
0
0
0
0
0
0
0
0
0
0
0
0
0
2
0
0
1
1
15
19
23
13
0
1
11
19
8
0
3
13
15
33
258
315
198
16
0
9
17
29
47
33
6
0
0
0
0
0
0
0
0
0
0
0
0
5
40
79
85
60
22
0
0
8
12
30
55
53
21
1
0
0
0
0
0
0
0
0
0
0
0
0
0
0
0
0
0
0
0
0
0
2
0
0
0
5
10
7
0
0
0
2
0
0
0
0
0
0
0
0
0
0
2
5
0
2
5
4
0
1
44
39
11
0
8
5
0
0
0
0
0
0
2
11
12
7
0
0
0
0
0
0
2
5
6
0
0
0
0
0
0
0
1
0
2
3
2
0
0
0
0
0
0
0
0
0
0
0
0
0
0
0
0
0
0
0
0
0
0
0
0
0
0
0
0
0
0
0
0
0
0
14
0
157
279
169
15
2
62
165
95
17
4
16
15
0
0
0
0
0
0
0
0
0
0
0
0
0
4
17
2
0
8
4
13
17
9
2
10
7
4
4
0
0
1
1
0
0
0
1
0
0
1
6
17
29
38
24
24
10
0
0
4
18
24
38
39
34
44
48
26
46
53
21
99
125
11
29
26
6
10
25
17
6
1
0
0
0
0
2
11
15
15
20
44
24
58
45
28
73
23
26
3
0
0
0
0
25
44
34
28
9
17
32
52
40
40
30
30
21
24
18
17
30
65
62
3
18
33
9
7
23
28
110
176
179
113
39
7
9
15
15
8
4
5
10
5
6
30
33
23
22
13
13
5
7
13
17
2
0
0
0
0
0
0
0
0
0
0
0
0
0
3
3
4
17
15
52
77
90
92
121
143
223
498
758
822
1060
1523
2382
2928
4214
5115
5128
4710
4056
3409
2980
2188
1081
2111
3020
3579
4383
5342
5974
6162
6073
5054
3322
2686
2838
2163
2160
2902
3182
3454
4127
4054
3938
4323
4680
5052
5188
4694
4236
3931
3704
3788
3801
4017
4144
4446
4759
4913
4823
4613
4312
3917
3469
3053
2600
1867
1564
1534
1435
1324
1097
748
513
310
503
662
652
465
232
530
696
472
298
263
440
581
643
983
1429
2594
4080
5488
6665
7588
7630
6604
4681
3431
2047
1146
1098
986
1008
1031
807
1407
1419
1362
1715
2121
2478
1781
1196
1248
1680
1992
2108
2308
2378
2370
2235
2091
2151
1950
1476
389
1145
1559
1598
1641
1710
2417
1014
1166
1123
1269
1463
1501
1430
1670
1914
1751
1640
2001
1938
2029
2005
1705
1614
1852
2245
2517
2584
2452
2550
2513
2460
2280
1820
1269
766
852
1188
1178
1330
1234
1015
827
909
978
839
697
825
599
937
1111
1130
1324
1321
1161
817
666
521
547
474
637
600
359
224
276
344
344
284
319
517
467
404
463
368
323
356
361
328
320
318
285
240
188
119
69
154
224
148
76
38
55
76
64
70
70
110
60
26
105
58
37
99
17
4
25
17
21
12
3
5
64
105
18
110
31
11
34
34
18
130
41
42
115
91
34
16
18
70
79
60
21
0
7
10
9
26
38
45
68
100
56
102
78
29
24
18
24
10
7
3
6
16
19
8
8
5
14
0
1
10
0
6
3
4
14
4
0
0
0
0
27
28
19
20
24
4
1
3
3
0
0
9
4
27
70
0
113
52
25
54
31
24
41
48
50
26
7
15
18
1
0
0
0
0
1
0
0
0
0
0
0
0
0
0
0
0
0
0
0
0
0
0
0
0
0
0
0
25
38
12
5
30
41
5
74
103
123
165
191
258
275
260
233
211
205
221
171
174
241
319
379
351
338
290
266
260
246
225
213
170
60
29
19
19
27
42
29
30
35
39
61
28
34
27
20
31
129
214
325
469
523
469
410
348
350
444
577
569
534
491
443
379
282
215
164
285
593
859
1406
577
484
405
341
232
183
234
246
187
280
317
382
346
427
575
684
877
1123
1421
1660
1958
2236
2491
2737
2939
3157
3229
3370
3500
3551
3468
3354
2952
2396
1911
1523
1277
1091
986
946
770
605
536
447
311
146
102
194
272
280
276
337
306
238
242
286
303
307
246
166
124
115
115
104
112
81
60
29
11
25
41
54
63
72
66
73
68
49
57
48
44
68
85
105
58
56
52
36
21
75
67
48
186
204
156
221
263
219
176
123
53
11
5
14
19
29
83
47
8
46
51
46
72
28
2
7
18
27
19
31
14
73
130
200
223
246
237
171
110
57
27
69
247
282
213
188
115
145
244
314
296
248
192
150
172
196
324
457
544
527
453
402
244
104
173
269
318
255
239
293
310
313
244
228
245
241
215
210
173
217
241
245
236
246
208
73
36
122
231
320
258
108
36
54
98
131
233
372
444
567
666
697
717
690
695
618
573
576
555
478
364
277
202
158
125
70
40
49
47
32
23
27
24
9
36
68
27
45
141
52
15
53
25
12
0
0
4
4
0
19
26
7
0
4
4
1
25
14
0
0
0
0
0
0
0
0
2
3
3
5
3
4
2
1
0
0
2
0
31
98
23
0
24
72
52
30
37
2
43
70
40
4
1
5
1
0
0
0
1
2
1
0
0
13
14
19
17
14
10
4
8
12
24
24
32
22
18
23
22
22
17
6
1
10
5
9
13
6
0
1
2
0
0
0
1
4
7
3
0
3
11
7
0
0
0
0
0
0
0
0
1
1
0
0
0
0
0
7
8
1
0
5
0
0
0
0
2
0
0
0
0
0
0
5
21
34
17
3
0
0
0
5
0
8
8
0
0
0
0
0
0
0
0
0
0
0
0
0
0
1
3
2
0
0
0
0
3
4
0
0
0
0
0
0
0
0
0
0
0
0
0
0
0
0
0
0
0
0
0
0
0
0
0
0
0
0
0
0
0
0
0
0
0
0
0
0
0
0
0
0
0
0
0
0
0
0
0
0
0
0
0
0
0
0
0
0
0
0
0
0
0
0
0
0
2
0
17
141
166
66
7
66
158
27
142
236
100
38
54
203
295
194
26
21
114
86
10
0
16
92
68
13
9
3
11
0
1
0
0
0
0
0
0
6
7
9
9
6
2
38
11
8
11
3
3
13
12
0
0
0
8
39
9
6
0
38
97
64
43
6
13
65
39
0
0
25
36
25
0
4
2
0
0
0
0
1
4
10
3
6
2
5
0
0
0
0
0
3
29
15
224
566
346
40
24
89
212
70
0
2
0
5
3
7
5
9
5
0
0
0
0
0
0
11
0
0
0
4
37
117
217
211
159
183
219
345
382
394
396
448
406
321
203
229
326
402
413
331
236
211
203
171
260
449
686
785
925
1452
1895
1955
2136
2485
2800
3070
3161
2993
2650
2503
2297
2134
2013
1969
1880
1893
1669
1345
1058
807
668
494
329
343
461
609
728
802
864
877
876
865
870
963
972
922
802
818
874
763
643
508
448
354
329
232
199
219
274
420
515
746
851
835
793
772
831
1090
1585
2575
3091
3929
4876
5329
5424
5151
4563
4078
3811
3138
2365
1803
1560
1430
1202
1100
1362
1440
1272
1026
854
623
522
306
144
272
457
603
460
225
242
312
260
148
95
100
180
200
264
338
275
98
71
116
120
124
112
41
12
47
140
259
262
65
63
148
167
219
226
213
207
89
43
61
168
292
286
144
28
94
109
116
104
55
40
87
275
407
421
895
1347
2467
3723
4907
5866
6681
7135
6892
5634
4240
3075
1846
925
692
730
679
777
1341
1748
1921
1135
861
793
950
391
638
986
1273
1409
1445
1497
1522
1527
1312
800
682
338
363
328
315
390
435
650
551
516
706
536
389
489
499
732
616
446
385
455
498
454
467
408
363
296
165
22
11
5
7
21
112
198
230
126
34
67
132
136
132
100
112
188
299
400
389
356
313
303
272
236
186
148
88
64
46
29
14
6
3
18
21
22
21
9
0
2
1
0
1
0
0
0
1
2
1
1
0
0
0
22
54
113
204
159
37
52
36
36
53
58
49
41
4
6
8
6
2
1
0
0
0
0
4
0
1
0
3
0
7
15
18
6
1
2
8
11
0
4
0
5
0
3
0
5
11
14
6
13
12
0
6
25
13
0
5
12
18
11
25
132
86
46
24
46
50
80
67
37
28
28
25
17
19
21
28
22
24
19
9
19
31
7
0
0
0
0
0
0
0
0
0
0
10
3
18
35
36
14
4
31
0
2
0
0
0
0
0
0
0
6
13
2
0
8
11
3
3
13
12
7
8
22
36
38
32
24
20
13
9
3
6
3
5
4
8
0
0
0
0
0
0
0
0
0
4
4
0
0
0
0
0
0
0
0
0
0
0
0
0
0
11
13
0
0
5
1
0
6
0
0
0
0
0
0
0
0
0
0
0
0
0
4
3
2
0
0
7
28
45
24
6
0
1
5
22
12
3
8
18
11
0
0
0
0
0
0
0
0
0
0
0
0
0
0
0
0
0
0
0
0
0
0
0
0
0
0
0
0
0
0
0
0
0
0
0
0
3
13
104
175
175
95
29
17
18
20
30
31
45
79
89
110
127
138
159
202
238
233
251
335
374
431
416
491
547
612
706
742
811
893
977
1009
1079
1144
1232
1367
1457
1477
1594
1662
1800
1862
2037
2063
2110
1994
1774
1618
1360
1135
994
903
844
816
924
1115
1337
1627
1793
1933
1956
2012
2043
2046
2035
2161
2388
2537
2662
2686
2851
3088
3047
3031
2959
2718
2696
2685
2655
2664
2686
2609
2438
2255
2094
1870
1685
1552
1425
1332
1201
1207
1034
689
351
434
697
867
966
913
884
990
836
678
644
752
926
1208
1502
1727
1912
1912
1848
1693
1557
1459
1424
1477
1485
1512
1546
1606
1712
1863
1972
2145
2373
2637
2863
2913
2925
2822
2642
2356
2143
1995
1801
1703
1637
1603
1622
1449
1390
1284
1091
905
810
821
772
761
752
782
760
688
553
540
866
968
821
552
401
560
625
649
529
417
327
256
283
289
316
318
310
290
240
185
172
160
108
77
44
20
6
9
11
22
48
38
12
9
23
23
18
29
38
39
26
20
10
9
6
8
9
38
54
48
91
30
38
107
18
92
163
84
24
35
38
117
239
353
451
451
424
371
284
182
142
138
82
28
3
13
52
38
73
140
152
128
128
98
163
118
37
85
36
8
10
2
0
5
0
20
42
18
21
16
16
13
18
13
10
6
29
25
123
29
4
3
8
51
111
124
194
319
414
355
274
192
137
83
28
7
7
5
7
4
2
6
19
26
18
41
59
17
0
9
36
44
21
28
120
88
15
22
39
10
4
15
32
41
70
97
50
76
48
33
35
32
30
24
14
7
4
0
0
21
11
28
37
8
8
5
15
18
3
17
53
75
44
34
9
8
11
5
29
44
61
94
112
208
109
34
30
77
90
19
1
6
17
28
29
32
24
14
0
0
0
3
0
24
163
493
963
1196
1223
1134
1067
1021
1004
1009
996
1001
1008
976
894
771
652
534
394
314
186
35
4
40
488
465
730
958
1148
1312
1536
1554
1399
1202
937
712
479
585
1067
1347
1233
980
803
580
377
461
460
433
589
561
481
602
944
1131
1522
1762
1952
2161
2367
2784
3021
3574
3827
3902
3707
3423
3184
2953
2540
2252
1934
1583
1379
1168
1096
969
776
529
524
362
176
101
66
268
577
663
887
1023
1124
1114
1117
1173
1194
1286
1205
1137
1142
1204
1216
1191
1172
1170
1055
897
844
812
572
342
171
70
34
32
25
20
24
67
62
31
5
14
16
14
11
2
13
9
7
20
32
56
48
54
45
74
77
77
35
21
25
20
7
6
13
1
4
0
0
0
1
0
0
1
2
1
2
9
7
3
15
27
27
31
13
3
2
1
9
166
324
157
6
155
191
16
84
72
64
131
39
108
117
17
236
297
65
78
47
24
64
15
44
51
22
53
68
56
46
2
4
0
0
12
8
6
12
15
12
2
15
27
15
4
1
0
0
0
0
0
0
3
0
1
17
46
62
44
18
2
0
16
33
25
1
6
2
1
2
0
0
0
0
0
0
0
0
0
0
0
2
0
0
0
0
0
3
29
55
2
3
2
2
10
26
18
135
58
9
92
132
14
82
63
26
26
17
6
0
0
0
0
10
34
6
106
151
232
412
598
815
953
1124
1558
1947
2490
2891
3399
3720
3634
3129
2671
2361
1965
1890
1864
1841
1829
1796
1853
1796
1813
1663
1395
952
913
988
1147
1534
2130
2768
3419
4271
5193
5552
5940
5683
4673
3010
1961
1676
1561
1474
1282
1441
1259
1283
1494
1449
1289
1040
554
1497
2701
3753
4676
5256
5405
5160
4523
3965
2746
1551
638
844
2040
3174
4219
5135
5860
6410
6898
6668
5662
4332
2881
1844
1240
894
942
837
622
614
621
556
523
502
377
116
59
91
147
153
157
197
311
463
528
575
496
1049
2119
2961
3901
4653
5085
5140
4895
4575
4115
3415
2919
2141
1164
972
1009
1192
1532
1993
2729
3191
3720
4597
5350
5937
6040
5259
4457
3167
2348
1223
534
351
594
936
1173
1273
1200
1051
1135
993
570
445
597
388
387
305
545
958
1047
805
594
634
667
1121
1837
2458
2827
3010
3290
3174
2696
2255
1813
1418
953
545
479
809
937
786
633
1175
2500
3284
3850
4186
4402
4494
4569
4719
4653
4526
4363
3952
3619
3588
3558
3369
3354
3064
2329
1837
1652
1295
1044
897
917
936
852
798
763
844
1196
1334
1433
1413
1622
1921
2531
3411
4212
4902
5342
5768
6128
6059
5581
5116
4867
4762
2988
2564
2650
1855
1863
2089
2952
2949
2899
2741
2874
3067
2705
1984
1153
1576
1990
2354
2638
2902
2917
2554
1905
1379
1028
604
494
785
1109
1305
1288
1034
812
480
325
359
559
910
1322
1779
1949
1884
1741
1472
1195
1270
1586
1569
1362
1307
1179
1429
1381
1518
2050
2536
3169
3903
4324
4604
4664
4724
4688
4729
4750
4704
4652
4911
5186
5131
4288
3385
2958
3192
3156
2867
2293
1795
1955
2324
2912
3201
3264
2969
2371
1964
1758
1612
1515
1537
1547
1590
1420
1373
1293
1363
1137
956
839
652
509
569
613
549
544
606
618
624
708
796
1099
1515
2198
3175
4269
5000
5277
5262
5458
5646
5766
5907
6286
6450
6502
6148
5966
6057
5877
5220
4366
3895
3451
3873
3935
4334
5434
5632
6102
5885
5044
3475
2369
3270
4627
6097
6036
4742
3567
2551
1888
1564
1484
2037
2791
3496
3860
3905
3961
3394
2438
1773
1927
2301
2914
4463
5663
5830
5215
4021
3005
2000
2120
3094
3946
4827
5696
6613
6991
6845
6184
5237
3524
2673
2913
3347
3960
4683
4412
3399
2190
1202
555
1048
1877
2349
2477
2328
2233
2579
3197
4825
5919
5313
4219
3810
2868
2304
2041
1862
2359
2660
3147
3767
4563
5292
6078
6345
6552
6178
5312
3549
2416
3685
5044
6564
6743
5244
3670
2304
2291
3634
5887
7544
9160
10140
10819
10837
11222
10990
10042
7839
4587
2948
2169
1809
1964
2244
2704
2844
2666
2043
1850
2421
2418
1633
1261
1984
2656
2912
2666
2390
1973
1722
1285
895
704
645
1038
1526
1743
1910
2103
2073
1829
1467
987
650
456
488
738
918
1055
979
755
616
426
450
675
827
1043
1152
1051
807
565
541
672
924
1252
1452
1424
1330
1194
935
506
115
699
1338
1677
1864
2002
1890
1687
1470
1095
785
608
492
662
779
904
1053
1050
1065
1117
1454
1646
1723
1641
1376
1209
1354
1500
929
790
1088
1168
1227
1465
1335
1063
1073
1481
1566
1635
1814
1756
1640
1710
1680
1810
1922
1956
1899
2156
2425
2617
2815
2898
2734
2204
1864
1462
1383
1242
1301
1002
866
1243
1158
843
674
683
615
619
701
720
660
612
612
546
737
1106
1442
1865
2199
2581
2929
3393
3704
4345
5054
5835
5663
5506
5293
4799
4245
3873
3165
3348
3529
3645
3654
3600
3755
4114
4467
4914
5148
4636
3809
2830
2071
1841
1190
934
1001
837
764
1248
1658
1541
1318
1048
1140
947
1078
1244
1345
1741
2210
2607
2830
2983
3367
3667
3480
3710
3807
3454
3044
2250
2517
2869
2490
1493
976
1219
1510
1690
1744
1831
1520
1201
1629
2057
2638
3210
3636
5069
6419
6868
6198
4836
4072
3972
3623
2864
2593
2445
2412
2030
1785
2179
2030
1453
1380
1768
1943
2374
3617
4785
5595
7179
7192
7916
7520
6377
4549
2936
2723
3086
3596
3347
2488
2146
1864
2347
2280
1875
1787
1901
1708
1000
537
723
1094
1318
1160
1021
820
785
771
968
1480
834
593
435
511
445
477
478
627
500
343
492
966
796
613
541
450
298
123
125
196
226
162
151
214
306
405
548
781
1090
1637
2400
3459
4719
5189
4807
3802
2669
1473
1427
1266
500
1866
2782
3182
3175
2875
2213
1782
1435
1334
1559
1237
751
937
1269
1373
1328
1227
1078
949
858
769
686
576
504
369
269
318
312
202
228
234
280
392
577
703
1146
1689
1970
1702
787
1606
1525
1218
1275
1637
1577
696
1216
1285
1357
1236
1194
1185
1101
967
1195
1571
2010
2644
3507
4310
4777
3878
2625
2411
1747
1007
642
519
771
1188
1594
1977
2369
2613
2723
2487
2088
1572
1165
814
917
1371
1917
2429
2420
1704
756
652
762
834
886
863
850
824
803
790
786
803
772
751
727
715
615
574
550
500
460
382
319
270
211
179
145
56
60
79
68
33
40
31
10
4
10
0
0
0
0
0
0
0
0
0
1
0
1
10
6
14
2
5
18
65
98
91
391
691
855
1233
1453
1342
1319
1269
1269
1084
714
352
134
161
269
279
221
162
135
98
85
80
89
100
135
166
150
123
132
110
62
48
31
4
2
12
3
14
1
1
2
2
0
5
0
0
6
57
19
0
1
5
7
3
57
117
119
82
79
65
15
0
0
35
45
30
42
70
96
124
186
412
723
1009
1260
1419
1446
1506
1638
1673
1650
1688
1845
2194
2531
3029
3607
3291
2817
2416
1306
496
350
166
204
451
544
820
1573
2493
3185
3497
3130
2562
2062
1444
823
339
174
313
396
285
330
475
696
951
1414
1849
2582
3321
3804
3054
2322
1517
631
479
293
479
757
838
807
776
781
826
839
917
1180
1458
1790
2143
2397
2373
2237
2001
1675
1313
1065
936
853
687
528
407
252
108
63
66
26
14
4
2
2
4
1
15
24
11
15
45
53
31
7
1
0
2
31
18
10
0
1
0
0
2
0
0
7
5
7
12
7
2
3
4
0
6
8
2
1
5
20
20
15
5
0
0
0
0
0
3
1
0
0
2
6
3
1
0
0
0
3
3
6
0
0
0
0
0
0
1
0
1
1
6
12
9
15
14
6
1
0
1
1
0
0
0
0
0
0
0
0
1
0
0
2
14
61
72
48
17
0
0
0
0
0
0
0
2
2
0
1
13
21
19
6
3
3
3
6
29
81
104
301
778
1191
1667
2463
2529
1851
1267
1106
1018
889
884
935
895
766
584
505
440
294
118
49
93
129
164
168
199
312
500
551
591
625
704
834
1293
1200
1001
693
425
341
218
119
69
40
87
34
24
85
165
153
104
93
61
3
0
11
11
0
0
21
34
36
76
148
250
440
635
734
763
698
754
701
793
1358
1815
2205
2455
2331
1675
1206
609
442
293
53
146
285
288
217
154
134
122
83
53
33
45
98
114
102
99
100
83
50
20
29
40
38
45
57
51
41
28
40
55
54
49
38
5
0
0
5
4
0
2
29
40
38
32
67
76
55
57
78
133
149
156
199
282
437
691
925
1045
1136
1269
1269
1229
1101
938
776
633
480
303
229
199
189
135
98
66
37
48
59
62
43
35
58
95
74
53
56
101
129
108
76
137
172
155
121
35
11
33
94
118
133
184
247
278
317
463
824
1479
2253
2642
2193
1122
1529
1836
2297
2466
2401
2150
1778
1478
1425
1409
1403
1695
2141
2565
2519
3011
3107
2499
1689
904
474
865
1719
2164
2467
2447
2292
1981
1563
911
610
825
1806
2755
3193
4237
5087
5378
5377
6172
6827
8074
9155
9839
9946
9705
8426
6573
5673
6129
6073
5643
5734
5893
5900
5837
5020
3811
2775
2520
2405
2132
1531
1242
1850
2312
2638
2778
2670
2094
1822
1665
1107
844
932
1063
1036
956
850
919
859
544
334
424
509
557
680
831
835
864
801
742
572
484
366
290
306
286
353
434
575
716
843
948
1009
1102
1049
978
844
679
479
293
365
690
1200
1623
1789
1761
1536
1162
814
336
758
987
1207
1230
1174
1043
979
793
427
261
317
331
281
245
111
39
18
14
22
67
131
188
215
209
226
326
240
217
308
521
859
1140
1328
1374
1254
1001
819
562
215
673
999
1243
1249
1108
835
570
299
155
174
269
355
363
319
220
117
122
80
85
109
131
91
32
50
111
149
235
344
483
1026
1942
3148
4601
5528
6377
6770
6321
5620
5003
3841
2721
3413
4563
6496
7825
8137
7779
6866
5560
4425
3315
3490
5401
6413
6722
6830
5769
4328
3474
3039
1351
1470
2442
2908
3010
2656
1953
1844
1594
1127
869
1096
1370
1528
2077
2733
3116
3108
2902
2960
3118
2923
2567
2086
1599
1093
960
1117
1279
1382
1583
1589
1515
1379
1224
1117
1555
1863
2575
2561
2195
1712
1428
1621
2305
2121
1539
1374
1456
1356
1819
2219
2330
2261
2241
2387
2471
2530
2721
3383
3730
3800
3614
3343
3129
3005
2774
2684
2832
2764
2669
2433
2012
1684
1338
931
810
1011
1040
1049
970
948
1210
1417
1424
1335
1248
1058
901
918
866
862
851
817
752
712
716
713
698
686
721
748
918
846
830
739
685
536
408
299
198
149
128
103
56
30
29
13
22
59
283
123
118
185
260
275
287
284
289
345
343
317
474
370
334
362
241
258
231
285
355
439
447
267
187
125
73
7
0
0
3
22
22
20
15
2
1
1
4
2
8
5
20
39
30
2
4
4
21
33
33
38
28
52
53
42
37
44
42
59
42
32
40
25
28
43
39
55
48
45
27
15
20
9
10
11
8
16
17
11
19
7
4
9
22
6
0
0
0
0
0
0
0
0
0
0
0
0
0
0
0
0
0
0
0
0
0
0
0
0
0
0
1
7
123
320
518
1437
879
932
913
860
725
596
491
388
324
288
246
211
201
219
214
192
163
124
108
117
112
118
93
57
68
85
97
108
140
218
272
322
360
442
430
377
253
142
106
177
354
515
752
864
1043
1253
1509
1751
2052
2283
2527
2799
3027
3149
3321
3404
3385
3375
3303
3239
3161
2887
2380
1957
1586
1350
1079
872
670
521
378
296
337
260
202
191
205
223
325
454
474
356
235
134
115
105
54
19
9
5
9
24
59
65
53
33
5
4
3
14
17
19
18
21
30
7
1
0
0
0
0
1
0
0
1
2
1
2
5
5
1
0
72
192
120
29
33
31
15
22
22
12
4
14
27
13
46
54
90
100
89
40
33
20
23
7
3
1
3
6
3
6
3
2
1
1
1
1
10
7
0
0
0
0
0
0
0
0
0
1
0
0
0
0
0
0
3
2
4
1
2
7
8
11
11
8
3
3
1
2
2
3
0
2
158
683
1128
1343
1381
1235
1028
861
683
650
710
734
728
587
315
22
138
286
108
41
204
402
381
184
93
60
90
74
27
25
57
94
168
193
204
182
168
156
137
114
93
54
29
40
41
23
10
23
24
33
31
20
11
6
10
8
0
0
0
0
0
0
0
0
0
2
2
2
5
8
0
4
7
0
0
0
0
0
0
1
2
1
5
2
7
18
13
4
0
0
0
0
1
3
1
0
64
34
37
103
41
48
63
87
42
40
14
48
72
40
37
28
19
20
27
38
37
31
14
7
2
17
28
41
49
45
26
15
10
1
9
10
12
4
6
7
0
0
3
9
1
0
1
8
5
0
2
0
0
0
2
6
10
14
21
26
16
3
10
11
13
11
7
24
29
0
87
79
30
100
368
466
381
260
131
86
29
35
135
127
50
50
138
168
68
36
23
11
221
79
48
36
33
40
17
13
14
23
28
56
44
38
44
54
37
13
6
0
2
2
1
1
0
0
0
0
0
0
0
0
0
0
0
1
2
0
0
0
0
0
0
0
0
0
1
0
0
1
0
0
0
0
0
0
0
4
40
163
0
1
4
16
9
0
1
0
0
1
6
0
0
0
0
0
0
6
4
5
5
7
2
0
0
0
0
0
0
0
0
1
2
10
37
239
591
852
915
634
302
61
138
365
453
566
650
604
391
96
39
297
346
181
13
201
540
762
643
182
72
199
223
126
6
43
249
83
11
33
15
0
16
48
20
0
0
0
0
0
0
0
0
0
0
0
0
0
0
0
0
0
2
4
0
1
0
0
0
0
0
0
0
0
0
0
0
0
12
1
0
0
0
0
0
0
0
0
0
0
0
0
0
0
1
0
0
1
0
0
0
0
0
0
0
0
0
1
3
0
0
0
0
0
0
0
1
0
0
0
1
0
0
0
8
25
11
0
0
0
0
0
0
0
3
11
4
0
18
49
31
21
0
5
10
7
0
0
2
2
0
2
0
0
0
7
11
6
15
17
31
49
50
33
23
20
11
0
0
0
12
4
0
28
31
10
0
7
3
3
23
63
132
272
442
469
489
501
537
598
565
438
322
215
193
277
419
670
975
1224
1419
1623
1886
2093
2360
2657
2825
2921
2864
2731
2659
2477
2506
2468
2362
2290
2065
1701
1390
1111
840
523
328
213
229
326
332
408
525
598
515
443
434
485
489
497
380
277
232
201
203
141
106
146
182
244
242
207
167
103
68
24
10
2
5
0
8
3
32
3
89
56
18
46
8
13
1
21
17
5
3
1
0
10
25
28
24
28
28
6
0
0
1
0
0
0
5
14
22
38
63
75
67
19
2
1
0
5
6
0
0
0
0
3
2
8
12
11
19
34
104
198
353
443
490
501
464
410
326
261
187
131
113
72
35
17
25
7
0
0
0
0
0
0
0
0
0
0
0
0
0
0
0
0
0
0
0
0
0
0
0
0
0
0
0
0
0
0
0
0
0
0
0
0
0
0
0
0
0
2
90
132
19
0
22
44
12
0
1
3
1
5
1
0
5
3
0
0
0
1
1
6
4
2
1
0
0
0
0
0
0
0
0
0
0
0
0
0
14
9
4
23
2
0
6
0
16
79
16
189
221
101
58
24
4
0
17
14
1
3
5
5
3
2
1
2
0
0
0
0
0
1
12
24
50
70
98
145
226
312
363
347
343
311
268
230
208
145
118
67
59
26
17
6
2
0
0
0
1
0
0
0
0
0
0
0
0
0
0
4
7
9
9
9
3
8
5
7
2
8
11
13
9
7
4
5
20
18
27
41
430
932
1125
1017
825
590
549
709
852
902
868
581
95
157
653
885
712
423
214
354
718
1019
1089
1008
811
832
989
904
568
438
427
258
38
110
273
443
579
763
1004
1263
1468
1813
2109
2390
2747
2980
3152
3320
3401
3602
3672
3607
3673
3544
3076
2517
2157
1929
1696
1316
1143
1172
1119
968
851
973
1015
862
719
844
776
703
628
496
361
228
162
191
233
465
614
757
887
822
817
806
731
574
447
413
424
406
349
294
302
277
320
390
327
185
109
149
90
28
60
72
21
3
14
10
7
21
63
65
53
9
122
53
27
9
39
40
31
120
162
145
120
83
179
130
38
59
115
58
10
29
15
16
15
22
38
53
38
26
16
51
10
12
25
16
21
21
29
37
44
32
11
1
0
1
5
5
6
6
6
3
2
14
12
10
6
8
0
0
1
0
0
0
0
0
1
8
14
18
23
62
74
87
77
32
13
5
0
13
101
42
74
36
3
1
18
19
7
2
10
2
0
0
4
1
0
1
0
2
0
0
1
0
2
1
98925
0
0
0
0
0
0
0
0
0
0
0
0
0
0
0
0
0
0
0
0
0
0
0
0
0
