0
0
0
0
0
0
0
0
0
0
0
21883
1525
1440
1075
703
494
644
744
808
1000
1259
1534
1849
2260
2689
2958
2948
2741
2492
2267
2147
2072
1944
1695
1459
1328
1182
1053
957
823
734
509
365
175
86
24
11
9
0
25
69
114
125
170
214
246
268
289
268
235
187
176
145
137
121
115
101
107
120
66
45
34
67
120
189
231
311
385
415
416
366
306
224
159
104
103
84
78
52
54
45
19
11
9
10
33
53
56
74
78
80
114
108
121
102
81
48
30
15
1
1
0
0
0
0
1
0
0
1
4
3
1
3
7
11
4
7
3
5
1
3
0
1
1
0
0
3
0
0
0
3
4
27
66
148
251
351
395
442
422
444
367
394
347
342
330
328
299
276
218
198
177
123
111
103
54
98
60
54
39
44
34
40
30
24
21
34
26
30
30
17
23
12
14
2
12
13
7
8
6
6
10
9
7
6
6
5
4
2
0
0
0
0
0
0
0
0
0
0
0
0
0
0
0
0
0
0
0
0
0
1
0
0
0
0
0
0
0
0
0
0
0
0
0
0
0
0
0
0
0
0
0
0
0
0
0
0
0
0
1
3
4
9
27
25
39
36
61
73
71
90
110
118
138
153
162
184
220
211
252
244
265
254
212
163
114
80
70
119
141
150
137
138
149
102
86
88
59
36
30
23
9
0
14
0
5
14
7
13
38
61
75
93
127
163
220
255
320
332
386
385
417
466
445
524
491
528
542
545
569
587
639
685
646
686
733
756
705
628
537
374
256
250
312
509
544
437
209
113
63
62
42
38
19
11
12
20
21
8
2
0
3
15
14
14
2
11
3
9
3
4
16
2
3
5
1
1
0
0
0
0
0
0
0
0
0
0
0
0
0
0
0
1
0
0
0
0
2
2
7
10
14
12
18
15
14
14
17
10
5
0
3
2
0
6
6
17
25
53
106
163
251
253
237
191
178
218
202
263
395
546
746
938
1199
1433
1692
1913
2057
2092
2108
2184
2294
2275
2218
2212
2151
2106
2105
2090
2043
1988
1828
1684
1570
1495
1536
1529
1421
1279
1185
1051
858
721
638
518
499
574
768
954
1078
1242
1334
1469
1589
1769
1758
1626
1453
1289
1177
1074
937
796
639
536
402
346
291
307
376
398
385
289
399
445
325
299
332
225
74
29
12
4
10
13
61
147
264
370
436
461
406
354
291
240
212
175
182
131
125
306
103
76
77
99
96
165
275
312
224
109
30
25
39
65
106
155
324
520
798
1076
1335
1447
1605
1666
1454
1234
1025
764
395
591
1117
1417
1660
1708
1845
2049
1964
1868
1533
653
949
1157
1268
1320
1249
1056
794
539
320
290
415
520
549
545
570
533
463
347
237
135
203
375
539
675
822
854
870
938
963
944
887
842
776
738
768
719
669
563
470
396
307
229
212
232
251
215
169
99
30
76
259
430
560
693
771
957
1099
1162
1198
901
98
441
635
597
504
371
216
96
52
42
105
161
191
201
192
157
119
50
13
22
62
103
130
165
145
120
112
68
33
4
6
9
22
44
67
57
156
532
890
1272
1717
2140
2343
2227
1853
1461
1068
767
822
850
883
957
1017
1002
763
652
1310
1956
2987
3327
3111
3025
2936
2661
2475
2072
668
1493
1804
1798
1586
1360
1076
707
427
238
145
357
619
814
965
1026
1000
951
838
747
630
652
1143
1443
1534
1576
1534
1563
1480
1372
1185
1160
1343
1479
1555
1648
1635
1517
1347
1014
543
716
1210
1718
2031
2193
2328
2499
2608
2547
2527
2438
2552
2632
2508
2337
2034
1780
1764
1662
1342
1029
646
722
1375
1818
2165
2465
2608
2642
2644
2636
2584
2482
2384
2278
2096
1932
1798
1672
1525
1435
1409
1257
1144
1175
1380
1449
1274
1035
892
897
867
887
767
689
623
525
457
338
235
182
165
119
89
90
112
58
60
79
154
204
282
271
241
333
392
318
183
72
25
19
82
138
172
157
103
83
78
86
80
160
279
303
259
169
51
18
167
620
985
767
207
342
933
1185
1095
722
190
92
882
1402
1588
1181
620
562
784
774
647
484
422
397
441
380
390
420
286
172
134
72
83
77
65
44
8
8
5
6
11
8
1
0
0
0
5
7
5
4
0
0
0
0
0
0
0
0
0
0
0
0
0
0
0
0
0
0
2
0
3
4
5
7
39
159
326
404
387
212
8
54
249
384
431
461
460
391
108
55
326
419
361
155
18
121
301
394
295
112
115
182
151
79
61
121
99
17
15
30
31
19
15
11
1
0
2
8
0
4
0
0
0
3
11
12
27
42
70
104
145
214
316
407
535
712
811
976
1182
1300
1504
1716
1867
2117
2262
2412
2515
2599
2564
2582
2712
2725
2735
2699
2617
2500
2419
2227
2097
1906
1587
1306
971
638
378
238
266
435
647
844
1027
1309
1576
1894
2249
2525
2777
2878
2818
2686
2606
2522
2366
2223
1958
1788
1655
1525
1442
1261
1093
945
830
736
618
1161
399
237
144
83
30
10
0
5
4
4
0
1
2
8
17
31
47
51
43
46
48
48
38
33
24
15
13
15
22
16
6
0
0
0
0
3
3
8
7
3
3
26
32
102
170
350
541
743
948
1164
1425
1598
1785
1890
1939
1794
1496
948
556
440
428
432
333
310
407
474
531
647
756
909
948
803
627
456
376
390
401
252
186
265
321
304
267
260
249
223
217
191
117
92
147
222
279
330
384
484
608
678
721
741
726
670
614
626
678
686
715
575
521
432
467
426
423
382
369
321
259
267
371
391
334
371
468
582
640
723
888
1075
1259
1424
1601
1855
2029
2256
2572
2734
2814
2826
2793
2751
2649
2502
2351
2257
2144
2074
1917
1693
1427
1183
902
530
320
207
151
197
329
486
764
1044
1233
1407
1511
1629
1698
1689
1780
1983
2320
2434
2294
2144
2048
2019
2081
2159
2222
2731
1907
2415
1045
1248
1363
1868
1715
1518
1381
1727
1605
1124
1041
883
664
482
415
373
438
620
739
780
732
585
531
502
533
637
811
860
1022
1037
1095
1127
1153
1240
1149
1174
1155
1128
1084
996
940
918
863
739
630
522
358
298
152
82
59
25
6
0
0
0
6
3
1
8
30
47
64
82
94
113
108
99
87
58
49
51
67
105
96
88
92
109
144
175
152
147
141
166
148
177
150
153
160
133
130
120
87
57
28
13
2
1
0
1
0
0
0
3
4
7
19
19
26
65
138
201
238
312
375
448
504
520
563
668
708
656
725
800
2167
757
821
773
718
680
622
615
597
578
504
478
387
365
307
289
260
298
238
230
187
168
146
103
49
23
7
3
2
16
8
22
51
114
171
223
270
293
393
732
1149
1468
1280
919
729
767
843
852
941
975
996
1053
1018
1047
1020
1002
1051
987
1002
917
780
737
624
633
588
619
621
678
665
686
698
657
616
586
463
464
387
293
265
191
158
93
73
51
34
24
28
25
18
23
21
41
55
65
59
42
33
39
31
30
20
13
9
4
2
0
0
0
0
0
2
6
36
55
94
56
81
96
149
126
148
111
110
55
20
14
18
42
96
116
129
111
113
164
151
172
217
279
328
442
595
752
979
1091
1175
1307
1453
1663
1732
1737
1781
1779
1852
1888
1841
1857
1847
1787
1762
1695
1629
1501
1447
1358
1238
1108
875
816
632
521
386
214
135
103
55
13
6
15
31
40
74
135
177
205
241
258
296
342
417
488
565
624
649
734
760
1460
604
667
966
1057
1293
1508
1643
1790
1762
1390
1073
946
820
857
895
916
824
748
529
534
793
768
643
538
378
366
576
705
734
863
882
839
796
474
329
653
711
756
1010
1184
1115
1013
848
730
634
644
614
614
796
945
1052
1070
1022
890
876
831
829
763
957
1125
972
695
459
353
292
252
339
533
755
1087
1344
1391
1492
1753
2067
2445
2715
3021
3415
3759
3722
3222
2375
1983
2113
2145
2192
2234
2221
2006
1700
1416
1099
974
1087
1093
1095
1043
973
835
746
710
590
751
802
822
841
853
792
706
597
538
574
709
743
662
570
485
362
277
182
138
103
89
71
68
53
52
36
31
22
10
3
0
3
1
0
2
3
6
14
15
10
0
1
1
8
11
11
18
26
42
53
65
83
84
75
56
42
34
9
2
1
0
0
0
0
0
0
0
0
0
0
0
0
0
0
0
0
0
0
0
0
0
0
0
0
0
0
4
2
5
59
41
7
2
7
1
0
0
0
0
0
0
0
0
0
0
0
0
0
0
0
0
0
0
0
0
0
0
13
46
93
144
167
183
168
128
96
90
126
206
330
362
331
367
447
548
667
740
841
929
1018
1059
1183
1246
1277
1281
1274
1270
1245
1269
1228
1316
1311
1229
1124
1037
1025
1002
1000
831
846
846
951
926
816
773
793
858
930
869
892
885
934
936
895
804
641
600
544
527
509
497
464
416
378
364
409
459
490
573
610
646
618
657
676
653
575
539
426
357
298
266
245
285
291
265
179
123
86
53
29
2
0
2
11
47
75
80
77
120
321
572
826
1007
1259
1484
1709
1916
1928
1823
1758
1341
960
675
445
340
264
247
238
208
146
157
177
192
267
306
321
342
293
191
107
127
167
171
136
83
185
238
207
230
208
214
285
344
318
286
187
105
309
334
264
172
160
347
385
350
320
277
239
114
73
156
199
225
211
234
296
350
470
795
1110
1335
1362
1390
1535
1604
1557
1472
1519
1540
1465
959
660
593
631
751
974
1131
1454
1927
2198
2394
2307
2175
1961
2070
2419
2554
2445
2462
2345
1967
1792
1695
1658
1694
1658
1652
1566
1463
1404
1284
1201
1010
762
555
338
171
83
137
321
517
741
906
1029
1076
1021
979
868
785
732
706
658
656
601
573
554
505
480
460
356
266
153
138
197
323
437
499
512
464
416
390
337
266
197
146
114
81
60
44
43
30
30
25
36
34
54
65
111
119
139
164
179
204
197
145
142
353
121
101
110
151
138
135
137
123
93
91
127
581
1122
1395
1192
962
763
646
454
318
172
88
71
123
160
197
248
341
511
760
997
1193
1446
1762
2185
2029
1598
1182
1207
1180
1324
1536
1700
1798
1740
1731
1823
1845
1880
1652
1286
1025
805
669
549
571
664
859
958
1134
1337
1622
1938
2197
2139
1929
1697
1481
1429
1325
1310
1209
1251
1270
1362
1436
1486
1541
1537
1506
1474
1417
1297
1141
967
774
630
633
682
872
1154
1476
1603
1374
1220
1149
1003
882
748
648
938
1319
1570
1747
1897
2022
2140
2119
2234
2476
2670
2690
2662
2586
2396
2157
1809
1342
1006
541
511
838
1130
1425
1713
1850
1882
1838
1635
1511
1352
1124
912
709
701
712
700
637
491
389
360
285
195
83
33
26
86
113
101
55
36
45
52
29
20
29
34
50
66
25
5
2
0
7
21
33
59
89
140
242
374
516
683
897
1058
1195
1282
1310
1219
1002
777
518
422
582
861
1064
1266
1333
1390
1293
1165
1008
884
718
568
421
326
275
219
201
214
215
193
180
141
117
107
142
190
281
393
623
866
1096
1269
1478
1575
1418
1164
915
785
645
389
209
242
265
322
373
404
301
198
271
502
650
560
529
636
757
673
673
764
798
891
1174
1574
1948
2264
2458
2576
2695
2792
2831
2801
2892
2929
3000
3055
3143
3244
3305
3293
3275
3146
2987
2776
2452
2039
1634
1116
552
272
307
445
600
887
1271
1648
2000
2478
2843
3126
3362
3473
3550
3767
3968
4260
4562
4732
4861
4868
4842
4857
4915
4898
4819
4741
4524
4315
4030
4100
4038
3347
2489
1806
1492
1128
999
1043
1079
1315
1540
1470
1146
716
474
382
384
409
395
327
276
295
338
257
383
722
1014
1363
1894
2360
2594
2585
2470
2125
1756
1387
789
777
764
723
665
577
545
549
581
558
491
308
701
1091
1285
1400
1372
1178
876
590
450
385
272
293
366
428
380
273
212
174
148
83
35
30
17
17
63
79
83
112
107
89
89
81
65
55
60
54
54
67
65
41
32
31
29
86
109
131
179
198
176
245
259
288
345
356
381
393
414
404
400
391
423
560
692
754
785
867
924
965
1038
1011
913
822
683
574
402
150
322
421
489
524
684
881
936
1163
1370
1364
1171
1261
1188
950
652
592
732
1128
1444
1562
1533
1548
1517
1536
1503
1483
1498
1434
1472
1484
1477
1415
1370
1333
1289
1179
1009
981
954
876
669
458
511
628
855
1121
1300
1472
1463
1460
1375
1449
1527
1812
2102
2265
2354
2475
2655
2622
2609
2752
2922
2915
2840
2548
2313
2046
1706
1758
1444
1422
1385
1379
2217
1004
873
851
728
751
918
891
725
592
553
496
467
479
460
377
286
247
302
396
511
633
821
1005
1116
1318
1437
1507
1653
1596
1448
1152
843
632
481
428
451
541
608
618
563
517
451
333
271
393
515
647
709
774
983
1088
1212
1280
1258
1190
1057
961
903
746
1026
1246
1473
1796
2247
2408
2341
2154
1729
1277
1456
1888
2144
2310
2563
2554
2317
2259
1718
1195
996
1005
1165
1367
1589
1859
2004
2454
2524
2624
2794
2858
2889
3298
3532
3600
3567
3225
2773
2405
1986
1690
1255
931
653
760
1084
1586
1974
2128
2206
2216
2268
2307
2360
2528
2660
2631
2526
2345
2031
1683
1370
1112
893
770
622
520
427
356
384
443
610
884
1081
1376
1570
1812
2248
2780
3235
3658
3994
4376
4565
4668
4681
4596
4381
4093
3807
3597
3403
3190
2953
2599
2327
2122
1863
1739
1707
1526
1370
1263
1243
1124
994
1293
1160
668
868
1159
1485
1776
2088
2417
2629
2840
2916
2936
2872
2831
2735
2568
2319
2100
1950
1803
1679
1591
1446
1335
1251
1173
1106
990
894
758
583
393
278
127
42
4
0
7
7
9
17
78
127
169
227
259
264
308
346
361
388
421
440
435
437
388
381
377
324
341
282
250
236
219
152
147
131
95
80
54
45
45
34
21
18
13
6
2
0
0
0
0
0
0
0
0
0
0
0
0
0
0
0
0
0
0
0
0
0
0
0
0
0
0
0
0
0
0
9
15
39
64
122
164
194
186
118
70
17
1
0
1
15
17
4
4
20
22
18
21
3
3
1
0
2
8
4
9
23
30
11
11
32
6
4
5
0
1
6
3
0
0
6
7
6
0
0
0
1
7
34
71
57
23
26
13
4
10
10
7
8
6
9
4
7
37
24
1
3
4
7
1
0
0
0
6
13
1
0
0
4
1
13
9
0
0
0
5
4
0
6
6
0
0
1
4
3
0
0
0
0
2
14
40
82
175
241
335
407
456
489
500
443
400
346
267
197
133
126
125
90
79
89
81
80
51
47
40
40
25
16
9
9
2
0
0
0
4
3
15
32
56
122
163
218
270
332
391
389
427
422
435
394
361
329
273
214
171
69
53
40
32
39
36
42
41
34
60
70
82
93
88
112
120
148
199
312
543
805
1344
2079
2588
2539
2101
1451
1303
2614
3248
3678
3898
4390
4643
4633
4395
3908
3476
3449
3710
3971
4424
4747
4403
3957
3578
3201
2858
2387
2093
2381
3156
4130
4969
5769
5932
5870
6218
6677
6369
7063
6534
5574
5262
6325
3839
4258
4181
4013
3932
3851
3512
3226
3111
2920
2696
2460
2231
2118
1866
1617
1518
1065
753
763
792
839
946
1072
1064
896
909
1087
1247
1501
1775
2044
2296
2371
2347
2359
2433
2604
2738
2841
3089
3122
2917
2526
2156
1833
1534
1301
1212
1132
921
703
626
555
478
446
519
408
319
472
639
939
1228
1434
1610
1723
1943
2129
2330
2408
2537
2636
2686
2731
2739
2722
2742
2768
2751
2660
2551
2289
2028
1784
1838
1939
1980
1764
1512
1038
655
524
583
584
467
340
290
381
459
420
339
197
135
78
118
274
463
620
526
311
370
525
512
430
450
502
675
822
904
843
452
357
502
443
321
316
278
440
689
871
778
249
304
429
269
164
94
102
118
208
416
655
477
102
258
297
199
164
101
127
219
405
319
61
108
53
50
175
183
107
34
27
50
62
19
3
12
2
4
10
12
10
12
17
14
16
19
32
25
17
20
32
43
42
41
33
21
17
6
9
7
3
6
0
0
0
0
1
3
0
0
3
3
1
1
2
3
5
0
0
0
0
0
0
0
0
0
0
0
0
0
0
1
0
0
0
1
0
0
0
3
0
1
0
0
0
3
23
18
28
40
20
9
8
1
0
1
0
1
0
0
0
0
0
1
2
10
77
102
175
383
791
1301
1715
1900
1949
1803
1652
1425
1158
866
503
729
1153
1544
1867
2139
2134
2199
2173
2167
2007
1699
1408
1361
1340
1440
1598
1743
1871
1907
1823
1719
1692
1735
1711
1580
1261
1074
997
762
475
343
237
352
735
818
741
623
616
585
529
523
503
440
265
177
291
384
447
477
505
469
448
486
602
697
843
1076
1318
1546
1729
1942
2054
2107
2142
1997
1739
1385
968
658
406
311
513
559
586
532
426
420
531
579
621
635
621
595
567
511
401
417
599
657
731
744
737
599
513
515
430
274
230
222
131
66
38
27
44
40
26
20
42
137
232
288
313
288
267
262
312
347
397
388
384
367
390
414
645
934
1183
1459
1694
1831
1782
1506
1054
889
908
779
468
547
831
1080
997
760
437
257
232
195
221
241
208
67
13
69
82
59
34
46
107
138
148
133
122
119
159
137
195
310
413
518
605
685
612
687
707
747
1253
1556
1533
1345
1014
760
556
330
166
60
21
28
66
109
94
52
59
51
35
23
12
15
23
27
23
24
28
27
22
8
2
20
10
0
0
2
4
10
46
78
97
94
94
145
179
193
235
275
282
336
396
429
443
415
838
349
322
354
425
492
499
513
463
388
315
227
178
132
105
65
25
16
28
68
108
201
311
416
541
628
719
714
690
676
692
815
982
1181
1200
1244
1236
1231
1037
715
551
671
810
916
903
856
735
617
488
416
373
279
193
172
223
276
299
290
251
240
253
283
322
305
321
242
338
1172
1897
2520
2914
2942
2611
1840
1192
756
661
967
1189
1258
1219
1001
677
540
584
601
451
261
219
182
223
259
193
116
37
35
37
52
76
71
83
87
126
161
194
233
225
249
254
271
288
323
380
452
585
673
833
1068
1241
1453
1565
1682
1844
1987
2148
2318
2435
2449
2451
2478
2538
2592
2637
2648
2632
2665
2604
2374
2072
1496
1075
778
639
477
385
511
761
1132
1333
1527
1631
1636
1549
1476
1406
1253
1083
1091
1147
954
863
839
1701
2359
2807
2961
2892
2563
2080
1501
850
529
874
1376
1846
2105
1922
1701
1289
933
511
495
586
533
495
490
471
484
455
431
550
670
653
678
668
663
679
617
757
937
1087
1100
1029
823
918
918
745
482
291
446
339
192
98
27
101
192
247
272
281
277
251
218
157
91
65
46
35
48
54
46
55
46
20
10
9
5
33
201
482
952
1515
2068
2488
2695
2585
2496
2098
1795
1735
1553
1439
1174
988
814
647
499
275
181
158
130
119
169
221
259
240
191
150
110
90
95
110
84
47
16
26
83
99
80
61
46
32
25
28
33
37
30
20
18
50
165
286
296
228
187
185
204
202
208
235
250
232
318
456
631
711
751
723
743
877
1087
1269
1370
1308
1212
1071
874
643
468
297
435
648
708
662
553
406
286
208
227
271
240
308
539
854
1214
1550
1958
2139
2081
1920
1671
1373
1103
926
1106
1462
2201
3327
4225
4839
5264
5466
4983
4333
3631
3643
3730
3674
3339
2713
1981
1767
1794
1740
1703
1657
1561
1510
1454
1488
1550
1725
1986
2232
2354
2395
2376
2239
1932
1443
852
471
560
678
763
818
807
764
808
905
906
875
793
697
667
716
770
818
1004
1036
1032
994
855
808
817
931
1068
1091
1022
988
1003
1041
1119
1083
996
908
802
752
704
661
645
616
533
383
291
177
157
127
99
83
96
117
162
152
146
137
116
93
64
44
26
9
3
12
31
43
39
35
18
7
1
0
1
7
10
10
12
18
27
48
58
74
94
106
121
115
93
111
92
68
69
33
43
45
36
27
10
5
10
6
4
2
4
4
10
17
31
43
47
54
59
50
57
67
80
82
92
112
118
134
135
404
204
209
189
157
109
75
45
20
17
15
52
81
113
63
40
72
67
58
68
74
100
119
106
140
231
308
453
512
1563
1025
950
809
755
733
808
663
513
440
301
355
478
567
611
618
619
522
377
345
345
449
652
774
900
1015
1244
1416
1654
1874
1911
1921
1853
1951
2098
2030
1930
1587
1016
666
1368
1560
1570
1521
1479
1387
1105
962
693
363
163
542
871
1232
1483
1699
1856
1799
1627
1342
991
311
577
706
804
831
850
848
692
569
367
113
110
350
510
680
791
824
799
715
567
433
214
8
104
229
341
399
409
438
400
353
285
234
186
232
317
419
514
512
506
457
394
322
248
170
84
0
0
0
53
93
126
150
160
146
121
81
37
5
8
7
8
35
66
82
100
76
66
39
16
1
0
0
0
0
0
1
2
1
0
0
0
0
0
0
0
0
0
0
0
0
0
0
0
0
5
6
8
21
41
96
153
238
315
377
400
413
389
332
258
160
109
59
30
18
6
8
33
32
0
0
3
0
1
0
2
6
4
0
1
1
0
0
0
2
4
4
10
12
32
23
5
25
59
66
73
92
101
80
54
65
13
10
17
28
21
7
22
38
1
6
4
17
35
34
0
2
19
22
1
1
9
8
11
3
28
113
287
445
551
612
608
539
483
392
306
199
138
87
46
19
3
2
0
0
0
0
0
0
0
0
7
12
17
16
6
0
0
1
17
75
172
290
462
632
814
1031
1221
1292
1214
1060
892
830
741
613
518
474
343
220
67
206
293
325
297
286
435
516
539
636
790
979
1064
948
416
360
588
651
624
526
390
261
166
92
20
13
25
83
185
256
278
256
223
198
123
62
20
7
13
49
128
155
180
181
149
201
240
293
360
434
514
741
982
1156
1230
1168
1064
879
652
347
197
421
449
400
398
441
469
392
281
193
177
234
253
197
145
86
49
25
19
43
85
40
21
34
41
95
139
171
139
33
22
130
169
105
26
43
60
46
20
4
0
16
40
75
50
19
171
205
151
31
79
88
41
124
70
47
133
217
286
322
352
378
416
448
457
474
516
529
521
457
433
413
329
179
152
158
175
169
245
326
403
384
336
338
279
231
240
271
364
429
505
545
564
550
599
608
602
603
654
676
665
698
640
656
651
803
958
1071
1165
1282
1478
1698
1773
1817
1809
1780
1808
1698
1590
1457
1268
1270
315
209
231
204
139
326
345
315
326
324
361
389
381
341
294
244
252
246
240
227
179
175
207
200
189
159
138
151
214
280
382
375
555
743
1053
1612
1917
2282
2300
2335
2027
1555
970
567
91
60
66
122
260
329
385
457
451
388
294
179
62
82
258
397
442
530
536
577
584
445
610
590
523
444
349
294
282
229
191
206
243
287
331
362
447
555
748
893
1113
1300
1452
1666
1808
2012
2155
2314
2428
2590
2623
2725
2811
2892
2985
3061
3141
3135
3004
2856
2720
2570
2431
2100
1695
1333
1074
1158
996
643
382
111
142
242
951
1691
1603
1616
1544
1634
1725
1823
1832
1804
1963
2178
2458
2741
2941
3163
3194
3030
2932
2790
2735
2697
2580
2417
2222
2016
1845
1666
1547
1337
1206
1037
898
794
754
689
651
631
566
549
533
431
286
200
115
98
116
180
205
274
286
268
234
174
139
115
56
37
22
5
1
1
7
10
16
11
12
13
6
12
20
22
16
17
16
10
8
14
20
20
15
11
13
13
2
1
2
0
0
0
1
2
7
10
28
72
124
164
163
191
193
160
148
127
99
107
100
119
120
115
109
108
83
75
59
43
23
6
2
3
1
1
3
60
746
1303
387
17
272
411
39
17
16
17
14
13
11
13
8
0
0
0
0
0
0
0
0
0
0
0
0
0
1
0
0
0
3
13
27
49
82
83
71
49
42
28
30
39
38
29
24
53
112
199
271
249
326
437
603
836
1059
1140
1215
1224
1175
990
703
317
200
538
763
973
1139
1265
1211
1027
707
172
517
646
766
835
760
631
442
281
147
72
89
227
281
262
167
89
183
377
584
819
1143
1457
1750
2017
2178
2323
2475
2636
2798
2838
2888
2973
2936
2918
2945
2951
2924
2899
2795
2690
2659
2634
2498
2364
2265
2043
1744
1496
1169
819
455
138
69
150
327
628
853
1110
1359
1688
1949
2137
2138
2181
2305
2472
2675
3011
3236
3233
3243
2892
2398
2127
2188
2312
2023
1554
1145
886
718
853
1075
1067
879
786
674
588
448
267
167
208
245
278
407
492
615
731
739
751
648
533
386
243
197
242
241
255
248
204
166
164
163
138
98
45
32
25
56
131
194
253
273
300
278
212
156
73
8
0
4
38
86
117
141
150
135
122
92
60
28
11
10
12
28
55
81
110
115
103
90
52
25
16
16
13
26
75
81
106
96
88
65
50
19
6
5
7
4
3
3
3
2
3
0
0
0
0
2
0
0
0
0
14
0
0
0
0
0
4
2
2
1
0
1
1
2
8
9
11
1
2
0
1
2
19
28
40
24
12
1
0
0
1
0
3
10
7
5
1
1
0
0
0
0
0
0
0
1
20
0
0
24
3
0
4
1
1
0
0
0
0
0
0
0
0
0
2
23
19
18
0
0
4
17
43
89
123
225
364
523
712
838
964
1051
1172
1248
1223
1205
1125
1005
900
862
778
708
680
630
594
478
408
310
221
128
94
58
45
36
54
80
142
230
312
394
464
553
628
675
712
713
745
711
705
695
656
633
570
521
462
418
319
318
307
401
542
660
790
822
882
848
762
584
412
246
119
49
16
6
10
11
42
144
372
662
934
1160
1432
1812
2098
2224
2059
1749
1341
678
536
897
1224
1544
1730
1968
2056
1669
386
870
973
904
842
630
467
273
103
171
410
546
683
805
845
838
769
971
1152
1347
1550
1666
1733
1720
1781
1886
2065
2163
2242
2386
2492
2510
2466
2325
2213
1943
1655
1380
1030
865
1135
1467
1876
2090
2142
2251
2321
2427
2662
2904
3022
3067
3002
2954
2909
2823
2743
2640
2600
2521
2452
2387
2324
2174
2041
1836
1661
1491
1435
1326
1144
1016
876
801
667
556
485
367
311
214
157
116
89
65
46
37
42
14
8
18
27
11
0
2
3
11
32
22
16
14
20
20
18
18
18
13
12
16
29
58
149
236
363
432
469
425
363
377
369
335
418
479
582
740
810
801
855
860
913
988
934
952
969
988
1006
1091
1149
1106
1101
1035
990
949
883
828
708
580
444
297
266
179
125
112
65
46
20
17
7
3
4
3
1
0
0
0
0
0
0
0
0
0
0
0
0
0
0
0
0
0
0
0
0
1
2
4
3
9
15
30
76
170
308
446
583
661
744
738
636
490
358
260
260
246
265
267
181
104
121
87
61
43
45
34
85
174
390
614
723
924
1208
1479
1638
1601
1620
1615
2795
1365
1218
1016
822
743
577
363
300
499
761
807
701
607
661
704
741
621
558
414
273
315
467
488
538
636
708
925
944
865
718
658
741
859
764
678
612
674
741
828
1169
1301
1359
1304
1226
1058
873
804
723
747
751
693
556
468
492
638
745
769
742
711
770
842
965
1126
1201
1124
1051
842
1005
1226
1228
1156
880
622
411
300
254
186
150
216
261
298
345
357
416
429
420
407
437
380
378
333
349
392
354
356
270
275
265
285
294
323
331
320
383
425
389
352
548
218
355
406
371
248
129
43
9
15
22
17
8
13
8
1
2
0
0
0
1
0
0
0
1
2
10
11
7
3
35
49
8
21
82
146
148
87
7
6
20
64
62
37
24
11
12
30
47
45
21
14
7
0
0
0
0
3
9
14
25
13
8
7
12
28
55
112
222
290
303
354
417
457
514
600
656
677
720
726
756
692
743
760
680
616
575
456
320
209
186
158
108
79
115
215
429
656
798
1043
1218
1312
1403
1444
1411
1307
1257
1198
1092
997
837
658
537
350
273
149
107
114
138
184
244
282
276
291
312
309
204
196
224
216
161
137
146
138
96
106
95
68
34
38
48
38
36
18
22
15
12
19
6
5
0
2
0
2
3
0
0
1
2
7
1
1
0
0
0
0
0
0
0
0
18
89
253
398
530
579
546
500
393
291
233
168
100
48
20
7
0
1
0
0
0
0
0
2
9
26
66
141
211
272
261
254
202
148
101
45
31
14
9
2
3
0
0
0
0
0
0
0
0
0
0
0
0
0
0
0
0
0
0
0
0
0
0
0
0
0
0
0
0
0
0
0
0
0
0
0
0
0
0
0
0
0
0
0
0
0
0
0
0
0
0
0
0
0
0
0
0
0
0
0
0
0
0
0
0
0
0
0
0
0
0
0
0
0
0
0
0
0
0
0
0
0
7
42
86
145
181
200
205
198
223
226
222
280
253
285
262
267
261
215
227
179
191
138
99
90
65
31
16
3
0
0
0
17
64
156
184
261
324
377
416
454
507
550
583
573
556
588
628
683
776
821
843
851
814
746
706
661
582
446
254
107
25
10
7
68
194
268
376
499
500
477
435
383
324
318
244
243
214
186
133
97
77
38
17
10
17
32
31
34
20
8
4
2
0
5
6
5
1
15
6
0
4
1
0
3
8
19
16
27
68
129
213
225
260
280
288
290
291
280
358
420
526
689
855
983
1165
1312
1428
1487
1614
1657
1702
1715
1698
1718
1677
1686
1639
1574
1597
1649
1579
1409
1320
1361
1316
1254
1120
947
823
726
685
618
553
439
360
230
119
80
46
27
18
8
14
22
48
71
124
132
128
148
154
176
174
145
105
97
82
84
70
78
79
88
103
107
93
59
37
19
9
2
3
16
9
19
41
44
19
13
32
26
25
17
8
8
7
5
6
13
136
42
30
35
48
50
52
69
104
115
134
128
126
133
119
91
73
62
51
60
62
116
119
85
47
25
10
1
0
1
2
1
11
28
83
82
80
58
49
72
77
73
99
120
143
158
184
243
289
316
370
367
396
380
340
308
259
193
134
78
50
32
22
14
15
35
51
18
91
181
59
14
14
22
43
21
8
9
11
5
16
76
92
39
7
6
27
20
15
33
47
27
26
70
134
183
196
242
357
458
574
730
743
769
565
278
494
800
799
628
490
450
540
555
575
679
908
1168
1357
1442
1484
1423
1337
1174
906
625
236
598
1029
1374
1735
1999
2171
2128
1737
1031
263
353
479
341
251
231
161
277
347
414
351
228
68
129
211
265
376
504
704
905
1128
1249
1253
1121
857
581
439
603
806
928
912
1034
1013
878
934
1088
1259
1366
1345
1337
1414
1493
1546
1710
1865
2020
2256
2529
2773
3072
3447
3799
4164
4457
4607
4577
4464
4303
3942
3159
2698
2760
2597
2369
2392
2408
2314
1792
1156
889
636
522
348
252
207
285
320
445
571
729
986
1282
1613
1856
1948
1845
1799
1726
1647
1480
1168
846
792
739
666
550
354
196
181
162
181
124
96
75
46
64
73
93
106
136
198
376
662
736
909
1111
1353
1573
1887
2008
2112
1982
1855
1549
929
732
779
923
1011
1120
1179
799
284
741
1107
1244
1205
1174
1502
1737
1910
1918
2112
2098
1912
1708
1496
1556
1547
1311
937
698
538
591
800
1062
1162
1239
1252
1225
1216
1064
922
797
613
484
336
194
142
118
75
69
35
32
33
13
6
0
0
1
2
7
17
35
81
159
248
370
476
546
499
548
616
714
710
604
486
553
436
238
124
52
29
38
43
73
117
187
214
217
225
99
10
35
68
26
15
5
3
0
1
2
3
4
7
17
4
1
1
0
0
0
0
0
0
0
0
0
1
3
13
11
20
13
6
6
4
1
0
0
1
30
103
292
476
580
693
717
672
552
423
332
252
215
196
202
252
307
382
447
563
690
791
851
915
933
946
1008
955
973
990
927
1005
1139
1238
1399
1550
1651
1758
1886
1929
2031
2096
2069
2056
2133
2193
2113
1895
1813
1841
1906
1749
1373
1061
854
845
807
703
560
415
332
243
182
166
125
70
94
137
156
197
260
328
268
248
277
311
249
172
107
79
72
69
99
111
136
159
157
135
94
93
109
124
172
261
402
603
770
864
1094
1352
1576
1793
1869
2116
2359
2378
2346
2279
2253
2232
2300
2238
2173
3176
1627
1542
1502
1358
1337
1187
1137
1146
1054
923
800
690
586
591
541
543
458
369
290
219
208
154
80
74
89
103
72
51
43
54
52
31
7
1
0
0
1
10
58
136
227
428
860
1170
1449
1908
2169
2450
2564
2616
3310
3398
3168
3231
3562
4039
4456
4846
4945
4906
4636
4254
3960
3607
3192
2832
2439
2132
2019
1839
1588
1389
1290
1257
1158
955
809
694
556
645
835
957
1026
1097
1153
1302
1497
1615
1813
2087
2448
2618
2784
2908
2790
2396
1827
1380
1013
804
625
430
439
570
558
342
660
820
901
903
810
771
997
1224
1249
1422
1496
1507
1372
1268
1446
1709
1740
1704
1578
1417
1227
1011
812
642
474
348
304
431
578
742
853
1006
1093
1247
1280
1357
1349
1398
1419
1438
1457
1456
1464
1489
1492
1415
1358
1277
1262
1250
1376
1422
1565
1713
1826
1970
1968
1983
1862
1649
1391
1035
718
450
406
428
453
481
454
345
189
82
94
149
188
227
282
296
267
227
222
173
140
208
271
273
191
160
128
90
38
25
42
175
299
425
405
322
284
253
196
94
71
111
173
214
191
156
235
454
548
473
802
1245
1736
2093
2218
2273
1922
1424
1259
1066
952
877
870
942
986
1034
1083
1566
2050
2357
2445
2524
2540
2395
1756
1193
1247
1288
1235
940
647
556
572
633
583
739
708
488
580
796
1129
1572
1804
1813
1527
1286
1366
1216
2030
2760
3438
3499
3626
3019
2494
1885
1219
370
691
1099
1127
1111
1115
1171
1100
968
803
577
431
399
482
618
728
767
764
772
941
1223
1546
1839
2032
2110
2089
1837
1351
837
925
1199
1266
1282
1273
1188
1022
798
488
263
217
168
94
79
111
133
126
91
106
298
504
700
936
1264
1737
1995
2121
2326
2228
1969
1738
1431
1448
1275
983
921
890
968
1001
905
757
498
779
1107
1339
1659
1798
1881
1841
1564
1179
984
838
562
786
1143
1368
1468
1456
1348
1198
1037
796
588
387
135
21
175
411
581
735
832
877
894
880
815
727
616
488
390
195
118
242
322
410
488
543
595
605
589
555
513
441
352
241
128
23
19
78
160
219
286
297
300
310
296
244
206
156
74
31
31
44
59
118
127
138
144
142
123
88
55
30
21
40
41
42
35
12
3
3
4
20
51
78
76
74
81
61
37
8
13
40
83
95
106
140
144
126
117
84
64
77
82
84
120
123
122
148
162
140
96
30
18
31
79
89
82
87
77
94
101
118
147
168
157
156
142
104
61
32
22
18
7
4
29
54
88
93
68
37
23
18
50
28
134
82
129
128
142
166
168
203
301
525
787
1036
1396
1741
2132
2474
2805
3064
3283
3557
3760
3870
3958
3974
4013
3981
3947
3910
3864
3764
3655
3502
3353
3167
2874
2493
2099
1624
1109
699
458
401
476
612
718
952
1155
1426
1778
1961
1950
1710
1517
1176
889
650
710
822
948
2073
1727
1281
871
439
510
546
695
255
144
95
81
77
72
33
40
24
17
4
0
0
6
14
37
57
47
28
33
57
40
3
9
10
0
0
0
1
2
146
1746
1691
74
6
2
5
1296
415
9
0
17
17
6
1
0
1
1
0
0
0
0
2
11
21
0
13
15
7
4
7
0
0
0
0
0
0
0
1
26
12
21
16
19
25
28
12
16
22
25
89
166
247
366
536
915
1197
1221
1006
945
950
881
838
609
363
242
226
243
201
179
130
102
92
82
64
33
57
162
312
372
413
334
330
303
250
121
87
134
194
162
371
415
373
286
120
40
70
202
236
266
287
304
284
220
51
96
82
51
65
165
282
594
1159
1903
2407
2593
2477
2306
2060
1801
1498
946
428
209
598
992
1286
1394
1475
1530
1600
1680
1699
1718
1715
1645
1561
1377
1218
983
780
598
466
295
155
89
151
218
223
161
98
23
20
28
11
5
28
41
31
0
0
7
12
4
0
0
0
0
4
1
0
0
0
0
0
0
2
10
28
4
0
2
0
0
1
2
23
19
2
0
0
0
16
0
0
0
0
0
0
0
1
1
8
6
3
10
12
141
472
667
965
1264
1440
2010
2219
3209
3908
3880
3528
3326
2799
2233
1266
1281
1761
1971
2309
2687
2802
2647
1954
1520
1199
618
627
668
518
494
503
409
444
442
431
360
232
154
149
237
344
428
530
582
583
563
513
484
473
478
504
546
661
822
993
1092
1171
1220
1271
1212
1041
940
938
826
687
502
309
163
130
114
110
126
121
78
60
55
46
56
42
43
44
81
43
21
47
65
84
162
303
535
820
1084
1237
1378
1521
1577
1562
1539
1444
1450
1660
1736
1949
2037
1936
1576
1127
834
650
352
214
232
312
322
373
351
314
235
245
206
173
162
125
72
68
62
72
60
54
84
100
101
93
96
77
103
124
232
395
564
827
928
1003
1007
924
729
553
441
349
365
374
313
278
174
39
17
56
81
41
30
70
141
119
148
159
182
304
362
429
489
464
396
245
114
173
384
503
533
534
552
515
294
97
192
305
465
493
416
288
137
59
24
27
62
89
196
46
19
3
0
0
0
0
0
13
18
13
20
14
16
22
20
19
22
29
36
53
80
125
150
119
101
72
40
27
14
5
0
2
10
21
53
259
444
508
651
987
1560
2267
3185
3838
4459
4808
4501
4020
3388
3018
2822
2551
2074
1343
699
255
110
265
743
1092
1409
1558
1720
1959
2127
2117
2021
1734
1158
672
455
862
1287
1629
1784
1822
1777
1641
1489
1283
1007
700
399
158
3
145
389
583
789
1003
1165
1219
1286
1181
1016
750
548
459
448
604
1008
1278
1415
1395
1347
1263
1131
1046
879
683
449
225
21
1
154
289
402
519
567
606
600
578
517
438
313
171
34
68
179
300
406
469
533
587
637
709
733
712
648
558
371
265
268
332
349
386
353
302
191
73
4
14
93
186
227
244
233
180
142
64
24
24
61
116
163
197
212
188
172
170
140
96
54
15
8
21
47
70
76
69
63
46
28
7
0
1
0
1
0
13
16
23
12
12
18
10
0
0
0
0
1
9
10
26
27
21
5
1
5
2
4
20
24
39
51
35
38
36
33
32
70
135
223
327
493
764
1177
1566
1919
2088
2081
2091
2131
2255
2194
2109
1709
1198
816
402
773
1248
1605
1876
1749
1307
796
602
419
378
352
218
146
306
381
536
705
793
824
798
768
795
865
944
1005
1106
1192
1305
1372
1474
1518
1601
1661
1658
1662
1636
1576
1455
1335
1214
991
857
729
567
387
167
200
469
644
950
1222
1185
970
779
745
825
974
989
1021
1063
1139
1216
1165
1155
1051
1028
976
921
932
936
895
763
679
620
603
643
648
622
576
471
419
386
383
396
352
302
276
266
256
240
179
73
176
253
249
140
80
76
63
69
62
20
7
11
14
26
35
47
65
83
111
157
287
477
677
859
963
987
1010
916
878
793
728
603
449
246
51
174
367
520
598
639
648
596
479
369
238
67
36
161
236
289
291
312
286
230
168
91
28
41
79
168
199
224
232
192
170
121
98
76
87
114
115
130
193
373
639
901
1224
1377
1324
1127
827
795
1130
1567
1826
1927
1956
2049
2052
1871
1603
1420
1193
1048
1049
963
858
742
713
639
621
546
393
433
646
839
911
962
1020
977
905
711
523
240
74
182
386
528
618
638
700
708
685
663
602
604
592
569
525
517
447
434
403
355
302
230
147
60
6
12
15
27
32
28
18
30
51
38
73
84
117
159
176
275
380
445
471
466
451
433
505
618
776
945
1031
1181
2414
1442
1289
1250
1334
1487
1511
1378
1079
665
387
199
184
226
192
200
323
371
368
287
196
180
183
202
241
237
262
245
251
210
197
164
130
66
26
6
1
9
23
24
18
0
0
0
0
0
0
1
0
1
1
6
7
0
0
0
0
0
0
3
38
112
171
164
115
60
24
13
17
26
25
26
21
14
19
17
18
33
44
46
79
89
82
79
94
92
80
126
124
146
137
115
93
68
65
66
64
61
55
55
53
39
27
50
42
19
17
22
5
19
36
54
73
88
86
104
637
147
173
121
70
37
15
12
13
9
13
2
2
0
0
6
5
0
6
1
4
6
6
2
0
0
0
0
0
0
0
9
9
1
7
18
36
56
66
85
123
221
335
486
612
609
667
729
817
833
770
802
794
821
811
768
691
557
442
345
262
185
156
117
91
54
33
21
12
11
27
57
103
166
217
247
209
183
136
100
45
19
2
2
0
3
1
2
7
11
17
14
7
4
11
7
7
5
3
0
1
0
0
1
0
3
3
2
3
1
3
3
4
2
0
1
0
0
0
1
1
6
5
7
10
22
35
47
62
76
88
100
141
141
167
195
206
228
263
267
275
249
257
210
177
142
83
51
31
20
18
17
17
13
5
1
6
16
24
12
4
2
1
1
8
9
1
1
9
24
44
24
9
7
7
6
7
10
13
23
18
32
33
21
18
46
31
10
47
45
32
47
70
83
113
208
275
407
594
718
913
1045
991
875
695
607
603
703
896
1107
1442
1535
1489
1337
1073
810
642
570
444
376
326
273
224
166
175
147
127
60
20
22
17
13
19
21
21
21
23
37
29
27
12
6
11
6
1
0
1
1
11
19
17
14
4
12
13
34
36
21
38
72
120
74
96
238
375
607
737
837
909
996
1123
1102
970
1068
1172
1118
1226
1233
1131
894
590
457
365
359
444
527
603
639
603
554
539
480
403
306
227
174
122
221
350
464
622
720
858
962
1007
937
863
790
656
522
432
279
256
190
133
108
109
98
95
106
98
70
67
61
38
41
45
62
169
377
626
776
893
977
1051
1049
987
894
693
472
216
50
308
555
698
763
787
864
913
871
832
647
102
257
442
577
650
728
665
504
338
172
6
56
208
326
398
454
469
460
387
321
209
116
36
42
84
155
207
254
246
248
223
144
127
0
0
12
33
81
98
106
83
63
37
6
0
0
0
0
1
8
14
20
7
5
0
0
0
0
0
0
0
0
0
0
0
0
0
0
0
0
0
0
0
0
0
0
0
0
0
0
0
0
0
0
0
0
0
0
0
0
0
0
0
0
0
0
0
0
0
0
0
0
0
0
0
0
0
0
0
0
0
0
0
0
0
0
0
0
0
0
0
0
0
0
0
0
0
0
0
0
0
0
0
0
0
0
0
0
0
0
0
0
0
0
0
0
0
0
0
0
0
0
0
0
0
0
0
0
0
0
0
0
0
0
0
0
0
0
0
0
1
0
5
6
19
34
81
131
174
211
264
311
314
362
395
409
457
507
552
603
715
732
811
874
980
1065
1084
1081
1057
1024
944
752
441
245
205
265
433
667
897
1174
1494
1774
1994
1998
1900
1888
1873
1904
1882
1832
1788
1713
1632
1562
1474
1374
1321
1227
1152
1094
1023
943
938
878
853
852
845
739
708
665
586
457
281
212
225
207
211
245
262
256
288
254
267
273
228
224
214
227
222
229
210
227
186
198
219
224
234
240
199
118
53
35
78
102
251
442
412
400
395
386
309
232
359
453
548
569
556
541
473
414
388
292
232
172
142
148
150
120
70
62
39
38
58
55
28
11
0
0
0
2
1
2
9
26
77
82
90
103
118
143
187
185
195
191
168
155
133
115
95
82
82
67
37
28
9
7
11
9
1
1
0
0
2
4
15
36
82
119
167
216
320
381
432
427
497
507
470
452
472
383
371
390
409
447
498
549
510
504
400
373
361
415
475
487
439
340
268
268
317
293
244
128
55
78
77
48
16
24
161
292
397
460
463
459
458
436
389
312
208
138
103
88
74
52
19
0
3
20
89
183
349
531
718
892
1067
1182
1281
1249
1077
789
812
1036
1145
1243
1250
1265
1089
962
544
182
362
402
397
379
393
390
362
290
430
658
903
1128
1285
1324
1278
1245
1196
1135
1181
1237
1435
1496
1505
1415
1365
1274
1024
798
642
505
412
254
108
66
66
156
303
468
704
942
1123
1332
1505
1609
1641
1620
1584
1641
1671
1628
1595
1575
1457
1373
1341
1469
1354
1239
938
459
572
718
841
583
598
879
1168
715
561
555
690
866
1131
1452
1686
1930
2029
1874
1495
1186
1078
1449
1949
2116
1990
1741
1782
1798
2070
2072
2057
2125
2500
3215
3812
3881
3436
2986
2460
2202
2178
3083
5106
3391
3346
3314
3403
3387
2733
1762
881
335
345
408
439
269
149
76
42
166
449
645
848
1090
1396
1753
2112
2547
2869
3315
3573
3594
3505
3380
3120
2793
2457
2110
1780
1452
1096
736
492
301
277
306
338
302
263
215
164
95
138
232
340
313
255
154
101
85
96
88
106
85
39
92
236
323
328
217
123
41
22
5
2
3
29
57
7
16
27
31
51
78
108
154
97
19
5
22
33
41
13
7
21
74
133
196
256
284
291
316
331
325
343
398
453
541
552
546
612
749
818
737
710
778
1014
1184
1352
1421
1682
1780
1841
1989
2056
2004
1582
1235
774
903
971
965
913
881
913
907
1047
1391
1719
1914
2000
2069
1969
1665
1652
1740
1501
1007
922
950
919
933
867
836
700
678
686
669
607
579
515
560
619
675
734
656
618
583
651
743
825
870
934
949
1120
1205
1350
1469
1564
1608
1688
1724
1764
1788
1812
1796
1763
1793
1758
1687
1600
1475
1349
1255
1095
986
800
647
541
365
225
149
133
121
93
96
217
361
552
834
1089
1396
1763
2096
2433
2686
2790
2941
3085
3281
3413
3497
3595
3630
3591
3569
3343
3133
3095
2849
2617
2296
1860
1434
1201
1073
1048
961
837
672
427
258
189
189
195
236
257
228
270
308
316
294
264
211
195
151
123
134
130
179
171
132
113
81
59
50
48
62
58
56
45
28
22
14
9
13
17
31
44
62
52
58
61
70
39
17
10
24
39
78
165
279
404
484
500
617
727
870
1018
1182
1394
1524
1773
1969
2196
2387
2574
2731
2840
2848
2736
2552
2408
2157
1944
1723
1458
1054
810
510
353
351
405
422
352
351
351
120
82
183
207
73
2
0
12
16
9
1
1
1
0
4
5
2
0
1
0
1
5
10
6
2
3
0
0
1
0
1
0
0
0
0
0
0
0
0
0
0
0
0
0
0
0
0
0
0
0
0
0
0
0
0
0
1
27
13
0
0
0
0
2
0
0
0
0
0
0
0
0
0
22
12
0
0
0
2
0
1
0
0
0
0
0
0
1
0
2
1
0
0
0
0
0
0
0
1
0
1
0
0
0
0
0
0
1
4
1
0
0
0
0
0
0
0
0
0
0
0
1
0
2
21
18
1
0
4
7
10
6
0
12
22
5
0
0
5
8
6
0
0
1
2
1
0
0
0
1
0
1
0
0
0
0
0
0
0
0
0
0
0
0
0
0
0
0
0
0
0
0
0
0
0
0
0
2
8
1
0
0
0
5
11
11
2
9
60
81
77
53
35
46
59
54
42
35
14
4
0
0
1
0
5
46
102
130
80
55
44
38
17
4
0
0
0
0
0
0
1
0
0
0
0
0
0
0
0
0
0
0
0
1
0
0
0
0
0
0
0
0
0
0
0
0
0
0
0
0
0
0
0
0
0
0
0
3
3
8
2
0
0
0
5
10
8
0
0
0
0
0
0
0
0
0
0
0
0
0
0
0
7
26
53
70
95
140
143
181
210
280
396
524
683
822
1012
1136
1264
1345
1427
1504
1638
1708
1734
1802
1819
1814
1842
1847
1776
1788
1836
1756
1526
1138
892
891
944
897
763
652
528
417
313
200
155
145
155
148
158
166
192
211
248
260
148
117
70
31
10
2
0
0
0
0
0
0
3
5
8
1
0
0
0
2
8
3
3
0
0
0
0
2
0
0
2
1
1
0
0
1
0
0
0
0
0
0
0
0
0
0
0
0
0
0
0
0
0
0
0
0
1
0
0
0
0
0
0
0
2
14
76
174
225
237
244
184
101
52
30
25
8
22
34
60
77
83
64
28
21
32
22
4
18
27
49
83
132
163
208
261
329
356
400
444
479
479
546
543
535
511
538
479
395
374
317
222
117
34
14
6
1
0
7
28
46
88
128
183
198
151
123
99
82
85
85
241
450
712
1005
1317
1597
1802
1963
2110
2227
2311
2382
2466
2382
2266
2198
2142
2082
1956
1849
1655
1534
1515
1465
1415
1373
1285
1112
1029
893
767
784
771
674
613
531
492
468
375
306
234
143
84
47
40
24
8
4
6
0
0
0
0
0
0
0
0
0
0
0
0
0
0
0
0
0
0
0
0
4
18
3
0
0
5
10
9
0
15
9
2
2
4
4
0
4
7
1
0
1
5
2
0
2
7
3
8
9
10
5
3
4
4
10
7
4
2
4
0
3
5
5
7
3
0
1
4
4
7
6
23
28
18
8
12
17
25
48
31
26
28
16
9
11
8
7
8
11
7
0
3
0
1
3
2
1
11
31
97
188
369
443
606
681
675
668
616
529
445
407
313
225
139
78
70
56
32
18
4
1
0
1
3
4
2
4
2
0
0
0
0
0
0
0
0
0
0
0
0
0
0
0
0
0
0
0
0
0
0
0
0
0
0
0
0
0
0
0
7
0
0
0
0
0
0
0
0
0
0
0
0
0
0
0
0
0
0
0
0
0
0
0
0
0
0
0
0
0
0
0
0
0
0
0
0
0
0
0
0
0
0
0
1
1
7
14
12
21
11
13
18
39
46
81
168
297
453
591
654
662
623
575
426
296
173
164
146
131
130
131
106
105
86
85
82
64
45
43
29
13
10
6
2
3
0
0
4
12
19
32
29
31
49
95
115
178
193
253
280
299
305
328
377
392
484
536
593
682
715
709
679
652
564
517
450
370
345
284
179
74
59
30
10
3
8
6
4
2
0
6
16
9
11
4
0
7
20
5
17
64
237
404
533
733
800
873
866
850
964
1128
1205
1214
1270
1364
1373
1400
1400
1339
1158
1019
820
627
482
428
407
335
230
89
63
66
32
24
58
46
39
35
29
33
68
75
79
48
25
90
256
525
828
1166
1597
2049
2299
2361
2400
2190
1803
1799
1812
1778
1626
1369
948
583
439
318
362
431
594
672
648
547
344
152
575
858
1234
1442
1378
1143
760
754
909
964
942
917
876
716
627
597
625
708
1049
1287
1316
1238
1099
225
591
939
980
776
616
621
504
196
75
286
324
364
453
508
464
419
369
304
264
129
3
51
182
220
253
249
222
190
136
59
7
17
14
31
48
93
114
100
115
74
61
24
2
0
2
17
45
55
50
58
26
31
7
2
1
0
1
0
0
2
3
6
5
5
0
2
0
0
1
6
17
41
66
143
208
321
412
515
527
669
766
843
954
977
1124
1269
1368
1467
1599
1717
1910
2053
2145
2132
2236
2325
2417
2471
2602
2590
2701
2735
2675
2734
2576
2506
2551
2415
2045
1920
1907
1801
1645
1450
1089
918
799
668
568
518
503
505
427
359
272
176
144
126
72
71
69
155
216
298
381
477
554
587
605
674
628
662
593
512
370
220
179
541
757
805
720
534
259
76
71
85
68
22
17
52
64
53
51
24
2
1
6
5
5
8
7
1
1
5
23
49
70
115
105
118
180
198
219
217
218
251
263
244
263
285
266
279
309
354
409
541
694
845
980
1095
1148
1115
1021
854
736
656
582
597
550
503
384
181
95
147
139
99
70
53
28
16
21
68
96
82
70
53
51
42
25
14
4
4
1
1
3
6
37
11
4
2
23
42
61
66
62
33
34
41
33
37
50
73
57
53
41
51
50
46
44
51
54
81
224
115
92
64
21
11
14
16
14
2
1
8
2
0
3
4
0
0
0
4
11
8
0
8
11
7
3
2
2
0
0
0
1
2
2
15
37
14
5
1
9
28
54
79
103
152
177
229
311
366
427
456
478
445
408
368
393
426
487
599
723
711
674
607
527
511
507
461
351
224
179
172
187
209
254
290
335
402
455
504
571
641
712
717
814
874
893
888
881
918
1001
1066
1097
1102
1012
818
258
534
617
533
357
106
197
266
164
48
16
38
120
305
437
515
678
698
417
98
277
202
99
175
198
72
120
173
189
123
88
60
53
46
40
29
13
8
7
4
1
0
0
0
0
0
0
6
37
103
250
425
676
950
1223
1562
1833
2043
2245
2427
2588
2748
2865
2968
3020
2853
2729
2594
2367
2175
1928
1643
1386
1077
834
670
577
542
474
461
398
418
523
658
705
680
756
918
985
952
932
931
868
898
892
878
865
854
865
902
840
829
842
811
736
753
852
849
795
677
516
405
248
85
75
118
146
156
139
105
146
204
249
259
285
282
259
236
224
289
285
289
324
366
451
415
315
241
155
76
61
103
135
182
222
177
139
72
76
156
220
270
297
307
281
222
213
224
229
198
145
194
348
517
649
706
646
509
327
226
176
101
31
20
51
92
87
70
63
78
95
117
136
167
204
278
432
592
671
773
825
788
830
822
774
730
799
831
906
1075
1230
1211
1173
984
859
692
615
572
511
532
500
397
352
381
379
429
438
420
375
237
81
45
244
384
464
472
454
396
355
337
378
465
550
638
679
720
736
789
896
1050
1216
1388
1429
1347
1771
2539
2000
1156
910
926
821
618
490
389
360
296
231
139
110
114
103
118
155
162
196
216
210
218
234
232
208
332
456
530
540
461
343
217
58
4
1
5
26
41
27
17
11
5
1
0
2
2
2
1
1
0
0
0
0
0
0
0
0
0
0
0
0
2
3
3
1
8
25
36
40
55
95
249
342
541
978
1483
1923
2150
2268
2278
2062
1752
1569
1278
997
671
465
458
435
415
433
521
579
625
768
996
1235
1312
1378
1288
985
600
593
862
1187
1298
1143
355
584
719
741
745
729
546
287
93
38
74
158
293
380
444
484
491
373
130
21
115
187
210
165
94
38
20
41
112
228
325
376
370
280
128
0
46
169
205
182
133
82
37
3
0
0
4
13
15
8
0
3
0
0
0
0
0
0
1
2
2
0
0
0
0
1
0
2
1
0
0
0
0
0
0
0
0
0
0
0
0
0
0
0
0
0
0
0
0
0
0
0
0
0
0
0
0
0
0
0
0
0
0
0
0
0
0
0
0
0
0
0
0
0
0
0
0
0
0
0
0
0
0
0
1
0
0
0
0
0
7
16
0
4
3
0
0
0
0
0
0
0
3
81
164
182
162
76
8
17
39
8
6
11
11
0
0
4
10
16
4
0
0
0
2
1
0
0
0
0
0
0
0
0
0
0
0
0
0
0
0
0
0
0
0
0
0
0
0
0
0
0
0
0
0
0
1
0
0
0
0
0
0
0
0
0
0
0
2
0
0
0
0
0
0
0
0
0
4
4
1
0
0
0
0
0
0
0
1
0
1
0
0
0
0
0
0
0
0
0
0
0
0
0
0
0
0
0
0
0
0
0
0
0
0
8
55
27
1
0
0
0
3
5
5
3
0
0
1
2
0
0
2
5
0
0
0
0
4
4
0
0
0
0
0
0
0
0
0
0
0
0
0
0
0
0
0
0
4
5
8
27
49
69
80
93
111
157
175
227
235
278
294
347
401
451
549
604
721
775
853
912
998
1013
1033
1080
1151
1189
1209
1282
1216
1221
1218
1245
1304
1269
1210
1216
1149
1134
1153
1157
1085
1013
876
781
637
507
371
299
275
441
627
816
937
1320
1686
2061
2395
2713
3004
3250
3364
3381
3462
3418
3384
3380
3306
3043
2860
2667
2478
2380
2281
2077
1890
1666
1591
1639
1605
1321
892
613
380
277
299
306
329
314
296
361
495
686
831
864
908
818
898
1139
1241
1202
1029
892
904
899
796
720
673
765
801
772
616
400
172
291
344
432
504
550
684
844
992
1122
1263
1238
1383
1469
1560
1487
1440
1288
1295
1298
1178
1027
868
660
537
466
425
333
285
231
158
104
86
175
291
369
486
428
341
313
320
458
493
547
569
504
476
443
386
302
239
172
108
78
85
65
100
173
185
182
173
141
73
72
169
404
569
545
393
213
89
78
111
171
220
288
315
348
315
283
305
303
219
145
92
98
84
88
63
52
53
40
25
20
7
6
5
11
14
15
21
19
22
5
11
11
9
13
7
12
9
7
2
0
1
9
22
43
29
8
4
3
3
54
152
202
206
43
199
225
171
34
51
142
170
165
118
181
38
56
92
88
115
207
325
476
573
733
850
948
1117
1164
1372
1516
1653
1811
1927
2082
2056
2166
2159
2191
2179
2178
2164
2045
1876
1543
1227
872
583
406
296
193
135
206
493
776
896
910
997
1153
1366
1533
1612
1666
1645
1626
1576
1480
1490
1431
1383
1349
1288
1237
1149
1108
1074
996
938
848
727
642
509
430
336
315
365
509
691
766
703
698
839
808
687
680
624
542
615
704
655
583
682
760
752
750
707
696
646
740
668
601
469
368
269
188
126
134
112
133
152
188
293
430
679
939
1086
950
774
603
574
494
396
405
370
293
176
87
39
57
72
82
58
67
97
204
413
620
715
819
872
928
968
1054
1236
1427
1612
1616
1453
1186
416
402
578
654
718
762
751
596
446
294
110
37
61
262
396
491
524
527
497
419
221
44
82
253
337
366
379
327
316
253
186
68
12
5
24
79
113
161
202
246
245
201
231
314
402
481
579
665
785
893
1003
1055
1054
1177
1216
1257
1211
1264
1254
1217
1137
1063
990
916
852
708
684
651
605
538
456
355
277
173
106
57
44
25
36
32
25
23
25
35
56
141
322
546
873
1341
1763
2038
1966
1874
1727
2032
2486
2362
2265
2198
2209
2091
1923
1626
1349
1101
1026
1167
1516
1841
2104
2232
2239
2162
1839
1408
891
590
350
508
620
776
825
805
647
358
95
247
435
484
469
402
310
189
186
381
635
887
1080
1250
1235
1073
1105
1101
921
861
695
625
682
788
887
990
1198
1662
1727
1609
1547
1151
774
788
1075
1150
929
878
1118
1344
1368
1433
1461
1354
1276
1157
934
563
315
295
419
546
622
673
707
614
531
373
188
182
234
273
315
304
281
267
199
162
96
42
52
53
56
66
63
83
83
121
114
109
82
82
71
57
86
148
200
223
239
260
291
295
299
322
342
411
434
451
444
457
466
474
472
454
462
497
509
505
500
505
499
557
591
653
668
701
706
634
584
492
479
379
363
292
182
105
103
228
395
496
586
622
660
676
687
745
783
915
943
1009
1077
1155
1263
1341
1381
1419
1479
1450
1430
1390
1322
1297
1418
1410
1470
1510
1549
1635
1614
1589
1536
1414
1337
1239
1167
1107
948
821
692
651
526
489
392
347
270
180
167
308
521
698
859
1089
1237
1480
1652
1690
1492
1476
1474
1400
1295
1260
1377
1628
1766
1863
1823
1671
1463
1220
996
1288
1747
2195
2384
2410
2358
2317
2429
2428
2363
2274
2146
1910
1709
1403
1695
2233
2717
3063
3262
3382
3330
3234
2889
2371
1902
1559
1047
1489
588
528
596
832
1039
1046
989
925
936
1066
1349
1634
1805
1605
1293
995
631
251
367
392
420
405
352
225
184
203
264
342
363
390
344
256
249
348
420
485
535
500
419
246
75
51
96
105
126
224
319
158
88
147
324
469
586
741
802
872
938
1076
1184
1384
1530
1605
1501
1492
1519
1534
1501
1471
1463
1375
1279
1205
1068
948
842
738
678
764
901
1052
1168
1148
1095
1209
1507
1762
1823
1672
1774
1639
1612
1517
1422
1325
1237
1145
1030
894
867
808
779
748
648
574
503
454
367
281
232
169
96
77
79
123
187
223
317
472
601
673
710
640
565
536
459
427
405
384
373
362
363
309
336
393
380
325
275
199
193
321
594
899
1205
1503
1848
2073
2134
1873
1433
1066
973
847
1296
1439
1560
1725
1795
1652
1153
1139
1208
1501
1704
1667
1877
2055
2171
2263
2253
1807
1501
1582
1575
1548
1564
1532
1500
1326
1006
1001
1207
1278
1102
899
966
1063
888
677
1112
1372
1256
1008
630
336
446
661
740
691
730
888
957
1019
2844
1251
1276
1315
1335
1488
2030
2656
3101
3480
3771
3892
3578
2894
2390
2170
2100
2097
1987
1601
958
748
797
1028
1284
1420
1301
1149
623
524
609
529
524
733
1001
1272
1586
1704
1550
1368
1460
1532
1588
1532
1359
1212
1073
1005
976
974
855
789
822
919
1002
1020
1040
1109
1159
1239
1230
1498
1642
1726
1849
2022
2191
2250
2284
2291
2292
2300
2219
2317
2326
2319
2355
2451
2708
2532
2147
2045
1695
1322
1085
914
874
689
480
433
434
419
497
527
586
654
654
723
864
1402
1734
1825
2050
1948
1660
1350
1072
865
983
1323
1685
2168
2594
3039
3175
2935
2589
1858
1444
1262
1327
1126
897
740
527
907
1380
1646
1745
1572
1165
873
759
719
656
680
705
585
384
249
152
129
218
313
368
413
498
770
1036
954
888
1009
1112
1003
853
615
343
237
284
383
457
427
353
249
169
140
191
467
812
1029
1088
1072
1087
1030
967
1055
1039
924
706
376
529
705
650
1099
1273
1206
1014
910
949
937
1463
1967
2497
2684
2744
2777
2729
2736
2464
2070
1538
1184
992
1096
1417
1617
1808
1912
1847
1508
978
1055
1519
1640
1498
2495
2936
2676
2183
2001
1661
1424
1338
1501
2016
3117
3337
3173
2852
2584
2334
2137
2182
2269
2194
1901
1573
1271
1055
1110
1423
1884
2257
2374
2515
2421
2137
1644
1059
1102
1329
1519
1588
1426
1064
569
976
1421
1660
1849
2094
2324
2288
2066
2011
1765
1326
1140
981
833
448
453
445
411
441
655
881
1052
1281
1548
1698
1789
1689
1592
1496
1325
1125
819
432
239
310
439
603
763
842
895
913
1391
620
431
239
86
117
378
655
837
844
761
934
948
808
645
499
274
70
224
520
741
920
1103
1224
1279
1185
1131
1070
876
785
570
395
298
273
318
409
500
610
457
187
252
243
97
88
119
152
237
302
306
240
187
208
192
184
192
259
302
406
514
677
725
451
176
125
98
100
158
173
146
128
94
53
19
3
0
0
0
0
6
34
38
5
1
2
25
84
145
94
16
57
229
358
475
731
839
811
783
862
931
920
925
810
751
678
485
261
104
138
177
151
116
98
59
21
24
70
127
144
191
250
296
373
568
876
1158
1343
1607
1896
2185
2358
2475
2586
2698
2962
3088
3198
3292
3483
3590
3696
3610
3529
3304
3062
2684
2322
2001
1570
1597
1653
1465
990
722
691
881
1095
1329
1290
1585
1714
1851
2197
2635
2866
3055
3127
2919
2847
2760
2559
2485
2366
2082
1902
2011
1988
1796
1615
1395
1210
1062
881
686
519
639
759
851
920
841
658
419
136
138
451
614
720
746
810
813
692
480
307
217
153
92
112
163
216
231
283
323
331
290
233
204
151
205
377
567
869
1294
1560
1615
1587
1395
1169
1306
1788
2187
2603
2955
3183
3204
3175
3019
2927
2789
2567
2347
1976
1595
1539
1471
1419
1321
1320
1310
1255
1090
1015
769
435
46
115
317
436
489
603
767
949
1087
1165
1182
1272
1368
1458
1487
1563
1691
1841
1978
2088
2177
2283
2351
2384
2245
2034
1867
1759
1765
1777
1760
1715
1515
1239
939
774
675
592
611
549
491
425
395
420
493
729
944
1132
1377
1574
1822
1829
1933
2028
1942
1603
1028
607
474
438
458
381
246
135
82
54
108
157
134
145
200
235
249
215
160
127
97
126
183
162
63
32
9
7
22
40
43
26
9
5
3
5
0
2
7
13
10
13
1
2
2
6
18
11
1
0
1
1
0
0
0
0
0
2
0
1
0
0
0
0
0
0
0
0
0
0
0
0
0
0
0
0
0
1
48
63
125
235
289
280
247
228
175
117
48
3
2
25
44
65
92
69
29
14
10
9
5
1
16
12
1
10
15
13
0
0
0
6
5
12
25
76
148
231
244
198
167
140
127
146
144
125
93
87
79
46
34
20
9
5
14
17
17
8
3
5
5
1
0
4
9
0
8
20
1
4
5
0
10
15
3
0
0
3
24
71
172
299
435
564
589
625
646
575
479
399
367
361
392
452
449
470
520
657
765
885
1011
1098
1119
1006
916
786
670
489
317
206
133
125
303
194
286
374
448
518
521
485
432
395
514
606
498
376
322
373
386
345
271
213
164
82
57
32
21
56
29
11
1
15
16
12
4
11
5
0
1
99
215
245
185
90
11
12
25
15
1
0
1
2
6
55
106
12
15
22
13
0
11
16
1
5
21
32
14
4
4
11
25
25
50
101
67
6
2
31
51
86
92
38
8
16
35
21
4
0
0
0
0
3
3
0
0
1
0
0
0
0
0
0
0
0
0
0
1
7
38
56
71
71
65
63
89
107
147
233
356
416
424
345
223
148
145
126
107
95
88
100
97
353
87
67
55
62
98
131
139
117
103
88
81
61
31
35
25
31
30
33
31
24
22
31
55
96
112
109
87
111
88
82
79
95
72
56
63
44
27
9
10
7
5
3
4
8
17
27
29
49
58
56
34
16
2
1
0
0
0
26
17
0
15
17
0
1
4
10
5
2
3
1
2
0
1
0
3
14
8
0
0
0
5
28
12
3
36
38
42
15
0
3
13
0
0
2
0
4
5
0
0
0
0
0
0
0
0
0
0
0
0
0
0
0
0
0
0
0
0
0
0
0
0
0
0
0
0
52
91
99
88
79
31
11
10
49
93
68
84
90
71
46
70
91
174
142
108
91
107
95
99
97
100
98
100
102
83
25
33
72
83
66
32
23
16
9
6
5
7
2
0
0
1
1
5
13
12
16
47
46
56
67
120
41
15
11
19
8
8
17
13
6
14
14
16
26
30
29
19
1
0
29
35
23
26
24
6
0
4
57
99
52
26
24
38
30
30
21
15
80
192
198
158
91
77
67
73
54
40
21
12
2
1
0
1
3
8
22
16
12
21
21
37
66
61
30
9
10
6
2
2
8
2
6
6
2
1
1
0
0
1
0
0
0
0
0
0
0
0
0
0
0
0
0
0
0
0
0
0
0
0
0
0
0
7
24
32
12
0
0
4
12
15
1
0
1
12
9
4
0
0
0
9
11
3
8
6
0
0
0
0
1
0
0
0
0
0
2
10
0
0
6
6
6
8
5
12
35
42
21
8
33
27
20
2
0
3
5
7
8
5
7
12
19
22
19
6
1
1
1
4
2
1
2
0
1
0
15
58
40
24
9
12
42
65
94
128
154
180
226
249
287
526
117
53
15
19
20
10
3
8
33
72
75
82
80
58
96
89
64
61
76
75
56
43
43
42
59
69
87
80
66
44
29
23
19
20
14
22
22
16
15
26
24
38
61
114
193
236
326
478
562
708
899
995
1168
1297
1525
1683
1808
1963
2047
2166
2228
2329
2422
2485
3893
3728
1898
1492
1115
949
808
696
558
529
598
634
588
428
334
312
321
360
472
479
302
166
284
331
295
351
419
349
158
59
37
35
31
9
6
10
35
41
15
1
0
1
4
1
17
179
270
121
64
356
606
519
262
188
494
490
324
218
488
642
524
333
270
513
555
415
483
672
671
506
331
346
446
356
286
509
700
694
446
174
86
231
393
419
368
401
533
736
976
1220
1598
1939
2183
2310
2583
2768
2976
3057
3177
3246
3160
2993
2696
2489
2300
2074
1834
1696
1603
1535
1458
1308
1215
1080
970
734
466
372
341
227
159
186
126
45
28
13
4
0
0
0
0
0
0
0
0
0
0
0
0
0
0
0
0
0
0
0
0
0
0
0
0
0
0
0
0
0
0
0
0
0
0
0
0
0
0
0
0
0
0
0
0
0
0
0
0
0
0
0
0
0
0
0
19
83
101
126
123
88
50
21
20
13
12
22
30
24
13
8
8
2
2
0
0
0
0
0
0
0
0
0
0
0
0
0
0
0
0
0
0
0
0
0
0
0
2
1
0
0
0
0
0
0
3
2
0
0
0
5
69
149
257
391
484
729
883
997
1164
1350
1224
1218
913
780
880
937
854
744
620
638
755
854
886
783
666
489
241
52
168
276
280
369
369
327
247
404
517
441
379
541
613
726
912
1435
1699
1678
1317
855
353
813
971
934
670
687
794
787
801
890
870
842
832
743
600
413
270
166
197
239
259
225
187
183
239
360
516
629
654
666
656
546
398
238
130
98
91
88
60
41
42
39
76
100
102
79
133
176
148
176
144
252
505
948
1382
1609
1580
1457
1160
609
257
916
1316
1541
1729
1750
1555
1305
1145
1066
904
899
740
590
668
788
799
823
861
872
948
1063
1133
1123
1017
550
439
630
526
403
350
246
101
11
24
53
105
116
158
193
176
84
2
47
133
136
101
37
2
0
1
5
15
25
31
5
0
0
6
4
1
0
0
0
0
0
0
1
0
0
3
5
7
7
5
1
1
0
1
4
0
0
0
0
1
0
3
6
6
18
3
3
3
0
0
0
0
0
0
0
0
0
0
11
69
132
230
342
478
569
599
623
732
900
1009
1017
998
815
637
555
594
582
415
483
871
1068
917
673
508
515
431
394
397
450
459
427
483
537
611
699
697
634
796
851
930
1009
968
977
869
753
696
673
672
690
634
568
480
419
380
336
291
294
357
396
510
578
659
739
787
839
881
923
1020
1027
1029
987
948
937
897
822
696
602
473
350
262
236
171
178
177
218
314
395
486
573
621
660
649
710
770
765
777
810
795
827
785
775
768
683
554
436
320
272
229
148
82
18
6
1
0
0
0
4
9
13
22
33
23
27
26
16
17
18
14
7
7
4
2
0
0
0
0
0
0
0
0
0
0
0
0
0
0
0
0
0
0
0
0
0
0
0
0
0
0
0
0
0
0
0
0
0
0
0
1
0
0
0
0
0
0
0
0
0
0
0
0
0
0
0
0
0
0
0
0
0
0
0
0
0
0
0
0
0
0
0
0
0
0
0
0
2
1
1
7
35
145
280
401
519
640
627
729
827
982
1043
1091
1167
1207
1241
1318
1316
1364
1413
1400
1466
1447
1465
1512
1544
1561
1581
1548
1530
1518
1478
1349
1075
723
359
106
58
137
370
647
1065
1467
1808
2070
2149
2232
2195
2213
2175
2047
1964
1883
1735
1560
1392
1273
1061
873
679
602
543
537
600
661
530
521
572
483
265
448
510
392
307
337
294
307
394
377
304
262
223
188
211
248
265
204
187
189
194
152
133
109
71
42
28
16
8
4
4
4
1
0
0
0
0
0
1
3
5
2
0
0
0
0
1
0
2
1
0
0
0
0
0
0
3
1
0
0
0
0
0
0
0
1
0
0
0
0
0
0
0
0
0
0
0
0
0
0
0
0
0
0
0
0
0
0
3
56
77
45
19
26
17
3
0
4
1
2
0
7
3
2
6
5
36
78
114
145
246
293
367
420
388
371
302
282
251
211
160
142
163
123
54
23
54
123
172
191
168
118
50
40
42
16
10
24
29
15
10
2
4
0
5
5
9
18
27
72
106
143
164
156
128
115
91
109
114
167
192
174
134
87
70
83
82
71
42
22
10
16
12
20
13
17
30
7
57
575
70
464
13
1
7
2
1
0
3
0
0
2
724
725
3
0
0
0
0
11
19
2
0
0
0
0
0
0
0
0
0
0
0
0
0
0
0
0
0
0
0
0
0
0
0
0
0
0
0
0
0
0
0
1
0
0
0
4
3
0
0
0
7
50
75
16
1
0
3
31
18
0
3
16
9
2
1
7
2
0
5
12
6
21
27
19
4
0
2
7
1
2
0
2
5
1
1
0
0
0
1
1
4
10
15
12
20
10
15
3
6
24
11
10
32
45
67
110
140
178
222
256
289
364
422
471
526
606
696
804
918
1020
1093
1181
1213
1243
1271
1253
1330
1315
1362
1371
1365
1319
1245
1066
834
554
353
241
167
74
34
48
160
393
718
1056
1296
1538
1639
1658
1668
1693
1753
1838
1816
1817
1808
1722
1691
1625
1531
1359
1269
1206
1087
938
779
618
493
379
360
427
440
440
452
489
406
223
141
143
91
68
100
117
121
119
71
35
24
36
29
20
17
13
5
5
8
6
6
0
0
0
0
0
0
0
0
0
0
0
0
0
0
0
0
0
0
0
0
0
0
0
0
0
0
0
0
0
0
0
0
0
0
0
1
0
0
0
0
0
0
0
0
0
0
7
13
0
0
0
3
2
3
0
0
0
0
0
0
0
0
0
0
0
0
0
0
0
0
0
0
0
0
0
0
0
0
0
0
0
0
0
0
0
0
8
21
75
60
107
285
335
356
330
316
297
252
210
124
68
30
21
13
10
10
8
4
3
1
5
3
0
0
1
0
0
0
0
0
13
52
128
195
265
360
512
629
678
688
725
776
814
882
922
934
989
983
967
993
1003
983
922
928
825
740
628
489
412
332
306
252
185
160
173
230
234
292
322
264
275
256
282
324
301
333
358
438
531
734
1011
1150
1370
1480
1569
1658
1762
1844
1883
1917
1925
1975
2015
2000
1948
1965
1862
1672
1427
1138
890
654
459
249
122
109
97
79
118
274
416
567
818
1192
1254
1003
754
618
599
574
504
508
475
435
330
261
213
173
128
85
55
39
27
17
13
12
6
1
4
17
29
35
39
44
94
109
106
70
115
91
90
83
76
51
163
139
14
14
18
17
9
5
8
8
5
6
9
9
20
33
61
89
117
130
142
169
181
161
136
117
87
145
236
283
477
685
746
752
532
223
87
183
438
760
712
512
272
205
229
231
201
210
265
335
402
458
538
524
476
435
413
337
318
327
285
222
176
123
54
25
16
12
4
8
2
0
0
0
0
1
0
0
0
1
2
2
4
7
13
10
15
6
7
1
0
0
0
0
0
0
1
0
1
0
0
0
0
0
0
0
2
1
0
0
0
0
0
0
0
0
0
0
0
0
0
12
15
53
122
192
225
185
102
24
0
1
0
2
0
0
0
0
0
1
2
3
7
4
0
0
0
1
0
2
1
2
0
0
0
0
0
0
6
0
0
0
0
0
0
0
0
1
5
1
0
0
0
0
0
0
0
0
0
0
0
0
0
0
0
0
0
22
63
43
21
3
0
0
0
0
0
0
0
0
0
0
7
2
0
3
10
11
12
24
28
32
32
26
21
11
14
10
2
0
0
0
0
0
0
1
0
0
0
0
14
7
0
0
3
3
0
0
0
0
0
0
0
0
0
0
0
0
0
0
0
0
0
0
0
0
0
0
0
0
0
0
0
1
0
0
0
0
0
0
0
0
0
0
0
0
0
0
0
0
0
0
0
0
0
0
0
0
0
0
0
0
0
0
0
0
0
0
0
0
0
0
0
0
0
0
0
0
0
0
0
0
0
0
1
0
0
0
0
0
0
0
0
0
0
0
0
2
9
13
18
18
21
22
12
9
10
7
2
5
3
8
21
28
6
6
62
78
52
61
52
47
73
128
170
184
244
290
303
325
387
485
535
646
769
1009
1296
1622
1884
1970
2027
1953
1795
1671
1593
1491
1254
921
619
350
195
61
22
31
132
280
456
562
650
691
867
1169
1436
1665
1761
1680
1522
1423
1375
1411
1496
1520
1475
1248
1056
852
607
404
230
145
99
68
31
9
25
50
72
56
65
116
160
157
93
73
92
122
289
484
526
452
366
258
109
17
10
40
75
98
158
247
251
187
166
125
118
158
145
187
198
205
227
293
325
323
287
311
280
297
274
340
347
390
485
527
533
497
482
496
390
234
123
146
285
526
768
1024
1278
1602
1948
2283
2616
2915
3240
3325
3377
3250
3161
2989
2783
2574
2267
1981
1627
1319
958
590
373
282
335
473
427
322
305
411
355
247
396
473
364
287
246
130
60
42
25
24
14
13
0
0
0
0
0
0
0
0
2
4
3
7
0
4
2
3
6
5
5
2
0
3
32
95
152
187
164
107
10
76
302
449
393
194
26
142
352
455
389
188
301
608
886
914
855
1004
1252
1457
1575
1684
1699
1793
1949
2189
2324
3693
2127
2153
2136
2098
2077
1946
1721
1505
1224
992
783
682
567
457
360
366
289
171
141
195
320
554
878
1193
1445
1718
1910
1990
2110
2130
2207
2285
2345
2322
2300
2257
2201
2183
2077
1936
1758
1573
1433
1324
1255
1196
1098
1019
927
678
651
559
545
495
485
363
242
164
97
68
49
34
30
18
9
5
4
0
0
0
1
0
0
6
13
44
67
97
119
138
133
138
127
121
134
129
94
124
93
70
66
63
45
45
44
27
9
3
0
0
0
1
1
2
0
1
0
0
0
0
0
0
0
0
0
0
0
0
0
0
0
0
0
0
0
0
0
0
0
0
0
0
0
0
0
0
0
0
0
3
3
0
0
0
0
0
0
0
8
17
20
2
0
13
4
1
0
0
0
0
0
0
0
0
0
0
0
0
0
0
0
1
0
0
0
0
0
0
0
0
0
0
0
0
0
2
49
151
372
854
1392
1840
1902
1828
1654
1463
1450
1805
1111
1193
2080
2517
2753
2196
1798
2229
2228
1478
2054
1935
1818
1998
1992
1741
1443
1018
731
741
768
834
877
1030
1005
878
912
1152
1297
1329
1203
1008
922
817
566
872
1104
1225
1205
1043
808
663
836
1044
1127
1069
972
847
706
409
245
493
699
758
744
709
542
477
597
830
1037
1105
995
878
901
881
797
619
481
608
660
730
896
1015
972
887
796
679
249
222
389
342
231
186
163
188
316
523
692
916
1051
1070
1087
1115
1108
1193
1099
873
539
301
281
419
472
402
228
117
61
60
43
18
4
0
0
4
2
6
5
10
33
51
62
78
101
139
172
245
300
377
408
439
455
470
521
501
537
527
531
494
447
409
358
346
262
209
141
87
43
21
7
4
5
2
1
0
0
0
0
0
0
0
0
0
0
2
0
1
2
3
2
4
1
0
0
0
2
0
0
0
0
0
0
0
0
0
0
1
0
2
0
2
15
115
184
270
323
343
335
289
202
141
38
0
0
4
4
8
21
35
65
125
194
336
562
714
884
1003
1202
1335
1546
1687
1840
1955
2054
2134
2210
2279
2279
2311
2299
2250
2196
2191
2127
2104
1952
1782
1577
1279
958
777
591
312
85
53
114
190
408
834
1102
1183
1122
1172
1246
1400
1471
1548
1547
1560
1508
1509
1465
1408
1275
1161
996
753
600
458
354
387
429
438
301
204
305
221
59
133
187
77
17
17
0
0
0
0
6
3
12
22
35
26
25
13
4
20
6
14
15
16
10
24
0
0
0
0
0
0
0
0
0
0
4
19
53
137
211
316
396
401
389
344
241
156
76
18
1
0
5
42
122
243
345
442
487
540
539
537
495
471
418
363
328
266
192
163
130
101
90
55
75
51
23
17
18
38
30
7
36
36
18
6
1
4
11
49
79
140
233
338
470
606
699
781
852
919
997
1067
1080
1112
1150
1201
1187
1243
1260
1269
1208
1132
1045
953
906
815
591
411
515
732
693
568
365
140
43
28
25
12
15
33
49
38
6
0
0
0
0
3
0
0
0
0
2
0
1
1
3
7
7
3
0
5
10
0
1
0
0
1
1
0
0
0
10
1
3
7
1
0
0
0
0
0
0
0
21
6
0
0
5
1
0
8
0
1
2
1
0
1
0
0
0
0
0
0
0
0
0
0
0
0
9
4
3
13
6
5
0
7
8
3
5
2
0
0
0
0
0
0
0
4
7
7
0
8
92
199
289
409
489
509
457
424
433
548
653
799
946
1148
1278
1431
1526
1631
1807
2025
2102
2227
2268
2365
2343
2382
2392
2322
2223
2182
2118
2024
1855
1648
1449
1164
839
517
395
225
179
242
371
461
388
125
163
206
27
113
141
91
128
22
33
85
86
89
110
162
109
46
51
195
343
414
421
407
328
249
150
119
185
134
66
63
108
172
199
206
197
157
216
237
146
125
161
136
105
105
102
529
54
84
64
65
53
50
44
38
54
61
137
197
173
203
251
153
75
56
42
18
7
9
17
25
25
37
57
43
28
39
42
43
54
97
125
132
88
66
28
5
1
0
0
0
2
0
0
1
1
0
0
0
0
0
0
0
0
6
22
56
28
4
13
19
12
12
8
5
2
2
0
5
1
1
1
4
4
9
34
68
171
272
379
461
537
592
606
545
414
273
131
56
33
17
2
0
1
3
6
19
119
316
531
675
839
891
836
696
548
344
159
81
45
39
35
29
12
8
6
13
14
11
2
17
5
2
2
11
31
108
184
266
309
333
353
349
334
315
256
170
126
40
3
2
3
4
3
8
6
0
2
0
2
2
2
11
15
8
6
2
6
22
29
57
77
91
124
102
129
118
106
97
85
79
60
93
60
63
94
108
137
132
178
274
383
555
568
385
207
118
77
29
35
23
3
0
0
0
0
0
0
0
0
0
0
0
0
0
0
0
0
0
0
0
0
1
0
0
0
0
0
0
0
0
0
0
0
0
0
0
0
0
0
0
0
0
6
118
169
88
7
0
2
18
73
11
1
21
32
10
2
1
18
5
3
10
39
18
1
15
31
8
0
1
2
0
0
1
4
0
2
1
1
4
5
2
1
1
0
0
0
0
0
0
0
0
0
8
8
0
0
0
0
0
0
0
0
0
0
0
0
0
0
0
0
0
0
0
0
0
0
0
0
1
0
0
0
0
0
0
0
0
0
0
0
0
0
0
0
0
0
2
5
6
6
4
0
0
0
0
0
0
0
1
30
107
298
540
852
1121
1347
1531
1743
1886
1895
1886
1838
1745
1593
1437
1276
1187
1028
904
785
675
581
464
391
315
260
208
172
133
98
69
38
15
9
5
0
0
0
0
0
0
0
0
0
0
0
0
0
4
12
49
101
207
292
452
592
799
1002
1190
1446
1647
1767
1877
2007
2001
2033
2038
1894
1726
1407
1100
922
811
718
743
910
1118
1386
1574
1771
1871
1996
2111
2201
2258
2313
2348
2319
2244
2145
2039
1918
1748
1490
1103
655
264
59
72
357
778
1202
1596
1976
2232
2541
2888
3158
3273
3277
3274
3197
3136
3092
3030
2985
2938
2795
2660
2353
2074
1813
1514
1188
882
618
358
124
9
4
61
231
434
613
837
1024
1102
1096
1116
1144
1131
1167
1134
1108
1118
1063
1023
1012
994
943
898
854
828
784
731
654
551
406
347
365
249
171
230
228
210
154
145
136
77
88
129
151
154
231
313
401
362
306
246
169
115
104
72
60
47
36
31
21
15
12
17
6
9
3
3
2
3
1
0
0
0
0
0
0
0
0
0
0
0
0
0
0
0
0
0
0
0
0
0
0
0
0
0
0
0
0
0
0
0
0
0
0
0
0
0
0
0
0
0
0
0
0
0
0
0
0
0
0
0
0
0
0
0
0
0
0
0
0
0
0
0
0
0
0
0
0
28
42
36
1
0
2
2
0
2
0
0
0
0
0
0
0
0
0
0
0
0
0
0
0
0
0
0
0
0
0
0
0
0
0
0
0
0
0
0
0
0
0
0
0
0
0
0
0
0
0
0
0
0
0
0
0
0
0
0
0
0
0
0
0
0
0
0
0
0
0
0
2
0
0
0
0
0
0
0
0
0
0
0
0
0
0
0
0
0
0
0
0
0
0
0
0
2
2
20
2
9
14
27
41
47
73
88
80
108
120
125
126
97
76
66
46
30
30
23
15
23
36
66
128
146
92
26
20
68
73
38
62
76
66
47
30
30
19
5
5
16
34
31
23
31
23
25
21
13
7
6
2
2
0
2
0
7
1
1
0
2
13
1
1
13
12
3
17
14
33
22
2
8
17
8
0
8
37
20
1
7
52
31
1
5
18
36
60
69
92
128
134
194
262
259
302
423
709
1052
1217
1260
1194
905
647
515
349
273
187
162
169
185
199
152
127
118
73
65
67
62
71
39
8
9
24
14
5
13
16
9
31
31
6
12
21
51
45
45
41
27
60
94
102
77
95
100
85
91
107
120
107
113
141
145
175
173
159
178
229
244
199
292
411
605
769
810
786
672
549
378
201
98
54
37
19
11
7
5
0
1
1
0
8
6
0
1
1
0
5
5
0
0
0
1
1
2
11
9
18
49
95
149
187
263
334
452
482
579
637
713
799
812
845
908
930
987
1006
983
1061
1020
1059
1104
1163
1118
1074
1025
986
803
605
343
145
56
63
116
181
345
637
974
1360
1732
2055
2386
2574
2578
2374
2367
2312
2183
2066
1937
1785
1594
1379
1181
963
759
560
489
441
399
325
301
229
208
186
217
257
326
401
475
551
875
1461
1970
2419
2355
2462
2429
2121
1569
1278
936
1278
1910
2186
1870
1683
1557
1396
1137
1443
1786
1879
1655
1371
1136
805
595
362
296
190
212
465
615
723
755
800
933
1022
994
1040
1183
1233
1011
699
608
536
386
339
300
223
250
311
335
297
276
210
133
93
71
73
66
87
83
74
65
53
35
18
24
16
14
7
8
3
7
4
6
1
3
3
1
0
0
0
0
0
1
5
0
2
2
2
7
13
17
38
151
330
545
736
756
743
706
991
1404
1403
1118
713
518
724
956
989
963
1030
1159
1205
1240
1218
1245
1157
1039
710
376
288
399
559
643
719
710
675
659
648
644
685
708
723
662
524
341
124
88
214
331
397
432
446
370
264
192
211
220
187
180
175
138
86
52
35
75
151
190
350
619
978
1339
1560
1656
1658
1588
1549
1474
1466
1502
1546
1543
1664
1823
1987
2117
2273
2474
2664
2839
2906
2723
2543
2195
1551
1319
1214
1065
906
837
819
989
952
876
756
655
538
388
257
151
58
64
155
265
357
466
496
442
376
285
193
119
55
46
41
83
323
648
856
875
907
1602
2231
2479
2237
2360
1359
1261
1241
1122
1094
1065
971
849
708
573
406
318
220
161
110
102
42
29
91
110
79
30
27
73
81
36
4
21
26
26
26
11
33
32
25
9
33
36
23
11
1
18
30
24
2
19
26
18
13
10
25
33
36
11
26
80
22
4
5
7
3
0
18
32
23
3
49
63
23
15
18
16
14
59
79
90
117
159
200
239
273
252
140
64
187
251
220
126
67
39
32
43
56
69
67
52
42
37
37
32
28
44
64
38
9
7
7
4
14
23
22
18
8
5
10
13
17
30
28
30
27
27
27
39
30
38
28
13
15
3
3
9
5
0
1
1
7
9
6
3
26
100
209
323
438
569
700
774
818
823
822
986
800
384
271
111
111
306
420
489
547
530
513
547
552
600
653
650
858
1178
1558
2139
2406
2381
2176
1812
1443
1109
768
611
575
586
706
811
928
998
1064
1109
1172
1148
1182
1282
1408
1621
1873
2055
2183
2282
2111
2023
1869
1850
1786
1795
1769
1828
1995
1932
1644
1233
985
921
1016
983
930
1028
987
677
489
437
340
224
257
228
150
95
131
181
255
226
181
156
157
179
244
337
495
602
776
902
1001
1115
1073
922
606
480
576
849
1154
1334
1622
1776
1438
1038
890
1023
1300
1378
1335
1449
1463
1544
1455
1345
1248
1106
1009
969
912
777
670
527
390
293
222
208
216
203
181
170
140
93
58
23
11
8
2
2
3
16
22
50
118
169
237
292
349
426
420
456
552
584
677
747
819
911
1015
1097
1210
1306
1203
1144
1229
1279
1261
1197
1161
1188
1190
1153
1126
1086
1027
789
603
502
461
487
387
343
291
231
163
90
80
58
49
36
35
26
16
6
0
0
0
0
0
0
0
0
0
0
0
0
0
0
0
0
0
0
0
0
0
0
0
0
0
0
0
0
0
0
0
0
0
0
0
2
7
0
0
1
4
0
0
0
0
0
0
0
0
0
0
0
0
0
0
0
0
0
0
0
0
0
0
0
0
0
0
0
0
0
0
0
0
0
5
4
0
0
0
0
0
0
0
0
0
0
0
0
0
0
0
0
0
0
0
0
0
0
0
0
0
0
0
0
0
0
0
0
0
0
0
0
0
0
0
0
0
0
0
0
0
0
0
0
0
0
0
0
0
0
0
0
0
0
0
0
0
0
0
0
0
0
0
0
0
0
0
0
0
0
0
0
0
0
0
0
0
0
0
0
0
0
0
0
0
0
0
0
0
0
0
0
0
0
0
0
0
0
0
0
0
0
0
0
0
0
0
0
0
0
0
0
0
0
0
0
0
0
0
0
0
0
0
0
0
0
0
0
0
0
0
0
0
0
0
0
0
8
15
28
31
62
86
86
136
128
151
144
149
132
80
79
64
33
24
15
15
11
23
10
6
0
0
1
0
0
0
0
0
0
0
0
2
6
11
9
12
14
22
29
27
33
42
118
256
459
490
437
311
342
303
209
153
139
127
130
151
133
93
96
86
59
14
7
19
17
18
11
6
5
0
0
1
0
0
0
0
4
0
1
0
1
0
0
0
0
0
4
13
26
48
116
205
340
423
592
768
962
1161
1324
1522
1687
1807
1899
1967
1996
2004
2005
2033
1951
1938
1941
1870
1804
1711
1610
1559
1491
1415
1253
1158
905
700
760
821
556
421
598
739
568
338
204
145
142
70
17
15
22
33
33
26
13
16
41
60
72
84
111
148
179
243
298
390
392
295
125
63
59
37
6
3
2
0
10
9
15
14
31
46
64
106
115
153
236
291
369
463
404
384
320
216
174
118
96
74
38
10
1
0
1
2
0
0
0
0
0
2
2
7
1
12
19
5
1
1
0
15
25
40
69
104
186
289
403
529
665
856
976
1103
1195
1267
1383
1395
1464
1506
1547
1522
1461
1428
1351
1259
1209
1159
1119
1134
1116
1201
1214
1161
1000
846
774
559
293
196
144
140
109
103
96
100
74
20
9
8
12
19
14
7
4
4
6
12
24
32
51
81
88
82
104
94
81
51
54
40
24
26
20
25
42
53
36
43
100
219
480
705
842
840
828
788
779
665
582
437
181
183
194
233
243
212
172
105
25
3
15
36
29
32
11
4
0
0
0
1
13
10
8
17
16
21
14
14
16
20
31
54
69
133
181
204
165
100
272
393
408
319
138
42
93
146
194
171
146
94
42
22
43
58
112
130
150
168
187
171
145
99
57
32
85
124
86
14
11
22
31
29
17
9
7
15
26
31
44
82
114
132
176
316
409
525
665
772
916
1050
1201
1328
1466
1627
1676
1809
1952
1952
2058
2090
2141
2115
2037
1912
1828
1615
1209
723
524
444
360
301
344
367
421
618
906
1273
1626
1959
2307
2566
2808
2914
3000
3080
3239
3246
3223
3162
2956
2661
2435
2127
1983
1801
1635
1429
1027
658
467
429
820
550
695
823
803
851
1065
1171
1168
1075
888
649
606
705
911
1041
1054
910
685
510
514
439
343
305
269
183
138
62
18
15
29
44
96
106
132
140
229
392
474
450
634
1033
1441
1587
1663
1535
1295
842
540
349
298
385
440
393
435
438
523
641
869
1161
1447
1738
1932
1975
1980
1884
1643
1435
1310
1105
778
547
372
400
496
491
446
495
575
596
592
565
566
640
626
559
458
307
197
93
47
9
29
49
55
67
64
57
36
33
14
4
2
2
5
9
24
35
47
57
33
23
1
1
5
26
101
216
322
427
493
564
580
596
583
501
407
313
236
175
121
79
72
52
35
24
24
20
19
13
8
2
0
0
0
0
0
0
0
0
0
0
0
0
0
0
11
26
39
62
114
188
331
386
415
429
444
445
435
395
354
271
192
113
65
32
20
11
10
3
5
4
3
2
0
0
0
0
0
0
0
0
0
0
0
0
1
25
84
139
191
208
213
206
161
142
140
190
239
249
281
277
264
238
174
148
121
105
111
75
39
2
7
15
24
18
1
10
23
47
51
37
24
4
0
0
1
0
0
9
0
0
0
0
0
0
0
0
0
0
0
0
0
10
28
39
80
106
162
216
270
341
430
541
698
902
1167
1394
1541
1569
1424
1146
803
302
128
87
154
215
321
354
292
188
59
5
21
45
62
37
40
105
209
271
310
349
389
374
355
305
273
212
197
203
232
287
340
342
361
352
309
139
291
483
524
610
564
543
458
386
306
194
90
151
296
354
406
390
413
426
421
406
403
386
375
339
308
282
294
257
247
269
246
237
209
189
168
145
100
54
22
5
3
4
4
9
13
59
118
258
429
617
869
1169
1510
1545
1454
1465
1368
1251
1135
967
663
422
291
248
282
266
261
274
249
265
295
358
401
464
447
395
307
220
138
63
17
47
110
163
168
190
202
191
203
249
292
326
372
441
469
489
440
416
365
302
306
303
294
309
337
351
335
280
208
124
40
0
47
127
239
342
453
468
496
520
546
551
567
535
569
546
509
476
394
340
245
165
88
54
37
32
34
62
87
129
171
188
191
185
157
116
82
63
22
15
12
4
1
11
25
20
14
0
1
1
3
6
9
7
4
2
0
0
0
0
0
0
0
0
0
4
9
4
8
22
38
56
58
76
77
69
38
46
41
30
154
41
44
44
57
60
61
42
18
10
13
12
2
4
99
0
0
0
0
0
0
0
0
0
0
0
0
0
0
0
0
0
0
0
0
2
1
0
0
0
0
1
3
0
1
0
0
0
0
0
3
2
0
0
4
2
2
10
18
18
6
3
4
3
3
5
3
2
1
6
8
1
2
0
1
10
14
49
156
279
492
629
880
1233
1411
1481
1491
1620
1663
1608
1314
915
667
337
407
539
604
614
616
560
517
520
593
711
948
1141
1183
1221
1224
1195
1095
1016
918
859
661
485
362
306
303
203
132
54
23
34
69
82
87
87
64
83
64
59
72
87
85
88
63
73
46
32
37
33
20
22
37
45
39
40
42
37
38
22
15
7
3
2
6
7
7
15
9
14
18
124
285
440
575
614
647
616
548
608
712
787
776
682
518
374
235
128
102
64
91
76
65
23
235
1
0
0
1
3
7
50
764
558
440
267
151
216
325
483
481
436
351
232
174
194
202
207
176
152
126
112
146
220
413
380
312
205
354
632
924
1184
1318
1386
1348
1191
1075
677
403
405
500
509
401
187
146
151
68
38
36
46
65
79
150
179
210
299
391
583
913
1326
1591
1743
1863
1893
1844
1661
1399
1172
1026
800
624
356
231
403
566
559
556
628
587
422
354
245
214
189
239
382
583
756
926
1079
1227
1273
1269
1310
1298
1221
1137
985
846
735
668
512
367
211
94
40
11
0
12
30
49
100
139
214
277
331
323
302
279
99107
0
0
0
0
0
0
0
0
0
0
0
0
0
0
0
0
0
0
0
0
0
0
0
0
0
0
0
