569
592
572
560
483
335
225
215
260
2431
1144
1520
1870
2136
2248
19471
859
2320
255
127
64
50
55
70
136
247
340
480
687
938
1154
1195
1328
1441
1507
1541
1499
1250
1026
747
583
557
538
475
471
518
560
624
709
783
912
1181
1861
2462
2929
3110
3316
3142
3087
2960
2912
2746
2564
2407
2190
1794
1446
1204
889
1108
1594
1872
1903
1816
1721
1664
1412
1205
1103
1049
1010
1042
1063
1134
1204
1241
1208
1193
1102
997
872
730
648
516
493
432
379
361
312
300
269
221
235
234
225
231
195
164
154
172
132
117
121
158
222
435
631
623
534
515
465
315
184
325
442
583
684
735
748
745
677
636
566
447
334
248
158
101
71
49
34
28
24
48
98
137
188
178
229
229
236
206
225
165
152
169
165
185
170
185
205
205
224
236
246
254
308
343
335
315
295
277
295
342
476
649
933
1161
1394
1545
1642
1740
1806
1684
1638
1428
1246
1018
841
675
544
429
314
247
248
233
207
165
131
74
63
34
24
23
17
17
16
24
46
95
158
323
563
762
829
771
688
629
505
455
389
356
381
391
406
361
321
338
321
235
247
231
319
365
378
369
383
347
313
304
261
222
174
137
186
311
463
513
384
250
158
179
215
182
132
142
187
224
183
170
158
161
166
144
119
74
25
15
13
77
381
116
81
55
25
8
8
14
18
18
24
32
27
31
28
38
56
65
88
117
112
138
196
175
157
251
322
456
622
786
944
1153
1419
1700
2012
2455
2645
2923
3115
2897
2769
2535
2376
2485
2881
2935
2699
2642
2396
2134
1889
1660
1496
1353
1176
930
691
423
223
403
673
1043
1370
1626
1801
1828
1760
1872
2012
2246
2452
2496
2599
2501
2246
2143
2180
2371
2378
2448
2641
2858
3135
3593
4089
4889
5565
6195
6783
6990
7206
7151
6555
5794
5036
4361
4039
3937
3833
3644
3411
2862
2156
1539
1272
1357
1633
1840
1878
1699
1534
1381
1139
748
664
621
700
919
1057
1031
1080
1674
3125
4674
5538
5887
5926
4935
3382
2188
2617
3343
3347
3238
2779
2232
1475
1046
912
981
1104
1190
1242
1191
1079
820
714
650
698
741
818
1005
1103
1123
1246
1344
1185
923
653
428
401
496
560
740
1145
1426
1607
1719
1821
1785
1823
1976
2154
2059
1977
1769
1626
1615
1622
1727
1883
2364
2773
2973
2878
2816
2717
2871
3370
3552
3910
4178
4323
4506
4837
5157
5024
4961
4495
3736
3244
2896
2482
1858
1637
1747
1692
1542
1197
871
729
770
944
1203
1519
1830
1899
1781
1721
1442
1192
1107
963
1025
1076
1041
972
877
760
728
691
545
447
461
450
466
518
516
459
449
384
387
481
594
737
1756
849
896
925
1021
1142
1332
1712
1967
2136
2215
2258
2236
2512
2834
3269
3833
4074
4102
4301
4580
4897
5037
4947
4367
3493
2065
1077
990
1429
1716
1731
1576
1433
1412
1572
1572
1638
1624
1664
1772
1966
2197
2294
2137
1823
1509
1404
1539
1705
1873
1975
2187
2231
2385
2492
2556
2605
2567
2468
2436
2307
2027
1736
1381
1113
975
886
883
829
791
809
804
921
1023
1114
1189
1522
1601
1615
1490
1747
2055
2073
2007
1956
2403
2589
2496
2485
1670
2052
2225
2871
3046
3399
3508
3381
2973
2714
2536
2342
2385
2381
2393
2620
2804
2841
2490
1695
1056
919
926
1010
1294
1506
1464
1330
1201
965
687
353
161
113
153
274
348
422
536
698
717
589
380
284
261
342
511
556
603
484
379
352
336
257
170
125
167
263
250
194
212
237
239
197
230
239
303
334
346
385
372
468
638
808
917
1012
1059
1120
1245
1577
1927
2150
2315
2600
2547
2399
2198
2024
2101
2069
2112
2277
2612
3433
4155
4717
5313
5255
4517
4069
3168
1660
1412
2922
3748
3784
2796
1316
880
1040
1660
2261
2646
2664
2848
3168
3456
3742
3885
4022
4065
5036
5660
5981
6032
6011
5870
5476
5054
4476
3986
3431
2820
2344
2059
1755
1792
1786
1981
2014
1995
1878
1807
1696
1549
1422
1435
1358
1332
1203
1077
812
620
453
425
415
436
535
596
601
533
454
416
399
359
349
329
296
253
265
274
316
372
391
408
535
747
961
1160
1413
1573
1708
1867
1989
2199
2343
2543
2651
2688
2735
2746
2411
2129
1832
1475
1134
811
474
257
108
48
88
175
289
412
484
516
465
382
285
289
383
615
846
1009
1155
1056
864
761
746
814
843
845
847
947
997
1115
1121
1209
1245
1353
1449
1624
1672
1593
1530
1561
1681
2017
2234
2455
2529
2665
2713
2650
2229
1512
994
670
545
522
422
396
387
371
286
239
205
258
269
242
226
235
219
190
184
112
82
40
9
10
26
74
182
244
326
377
447
549
691
725
749
739
689
638
658
655
544
363
345
444
611
823
859
933
951
1001
1081
1059
1026
1072
1121
1142
1016
750
622
708
672
514
310
257
339
469
354
188
64
21
23
31
38
51
84
81
51
37
33
48
48
46
34
9
0
23
40
27
14
0
0
0
0
2
0
2
6
9
4
7
5
3
2
2
1
0
0
0
0
0
0
0
0
0
0
0
0
0
0
0
0
0
0
0
0
0
0
0
0
0
0
0
0
0
0
0
0
0
0
0
0
0
0
1
3
7
15
11
0
155
390
436
388
351
229
200
151
43
86
191
114
106
88
488
220
310
345
488
569
592
572
560
483
335
225
215
260
427
737
1144
1520
1870
2136
2248
2225
2144
2034
1771
1635
1422
1208
1081
1066
1084
1049
1155
1234
1521
1723
1988
2085
2081
1936
1773
1518
1459
1427
1377
1198
874
593
346
215
96
46
19
21
20
16
6
7
3
3
1
2
0
0
0
0
0
0
0
0
0
0
0
0
3
9
16
23
45
82
190
345
626
860
1060
1271
1392
1410
1339
1289
1431
1455
1684
2097
2333
2406
2407
2281
2274
2494
2806
2331
1439
1971
2336
2076
1367
1384
1944
2307
2536
2736
1786
611
1309
2191
2531
2402
1651
873
751
1108
1374
1145
602
909
1298
1561
1372
1067
1156
1297
1349
1336
1233
1125
999
981
958
837
617
406
321
351
466
566
808
950
846
832
802
892
671
718
770
528
374
271
240
221
161
128
210
477
698
765
790
751
789
852
876
890
884
1027
1000
786
681
703
814
641
491
507
606
604
541
462
491
505
601
793
825
525
327
276
313
313
245
288
510
497
423
395
284
193
118
225
326
349
299
265
221
133
128
198
175
162
123
82
83
73
73
98
83
61
61
153
137
92
102
76
73
85
46
25
12
23
49
67
60
95
117
125
165
159
147
220
279
279
295
379
363
327
337
464
525
622
697
794
880
807
688
541
540
546
571
806
1169
1689
2288
2832
3411
3959
4613
5051
5342
5517
5471
5397
5344
5106
4770
4278
3825
3561
3250
2827
2241
1816
1433
1086
841
654
569
517
453
413
396
423
455
609
754
872
855
802
688
541
439
427
467
503
668
827
956
1245
1558
1958
2457
3026
3557
3927
4286
4284
4236
3877
3655
3062
2793
2252
1659
1262
878
606
478
452
360
341
328
468
595
571
485
364
279
231
182
143
125
139
160
260
356
329
323
308
254
217
171
164
290
384
230
84
155
1525
740
891
770
498
379
550
615
747
851
975
977
864
716
529
347
227
247
472
860
1080
1131
934
607
347
285
332
382
471
536
767
1115
1335
1387
1174
1013
1212
1457
1804
2019
2264
2274
2263
2384
2551
2256
2105
1998
1568
1234
649
566
941
1246
1198
1022
1004
801
755
973
969
1067
871
613
355
212
448
767
1123
1337
1410
1412
1328
1210
1180
1215
984
880
994
884
498
399
383
372
358
392
381
340
329
297
222
189
151
138
135
114
76
51
29
54
105
102
128
165
141
136
149
63
64
59
23
31
70
94
127
222
256
372
421
593
646
841
932
1111
1116
1168
1268
1356
1541
1675
1782
1938
1997
1968
1924
1832
1633
3429
1140
1183
1118
1120
1122
1033
881
825
693
486
382
286
211
151
109
73
56
69
164
226
305
337
319
197
164
254
420
493
498
440
317
232
221
264
349
406
524
596
655
638
608
564
423
412
286
180
72
19
7
15
31
42
57
68
90
122
186
251
401
643
792
1081
1230
1423
1555
1585
1610
1624
1633
1471
1312
1070
813
672
669
735
639
389
428
480
481
269
99
285
356
208
246
127
148
313
383
464
446
467
501
534
358
418
471
672
605
695
856
940
1014
1090
1327
1578
1695
1816
1867
1933
1942
1713
1571
1400
1253
1015
843
603
503
580
605
691
723
620
344
306
240
260
402
583
738
812
820
747
727
840
1344
1868
2201
2522
2859
2916
2011
1785
1495
1664
1957
1517
1448
1308
1346
1346
1467
1656
1898
2187
2016
969
852
1047
1086
1096
1024
930
1061
1210
1426
1793
1928
1859
1760
1487
1190
895
620
506
482
525
504
461
454
458
496
528
423
313
251
189
94
14
28
93
113
98
60
18
1
3
4
17
41
42
40
70
77
80
124
180
203
233
255
289
305
276
264
188
155
119
64
21
16
7
8
5
7
5
10
73
147
248
359
494
567
607
597
676
670
661
592
595
571
541
513
544
440
429
398
307
235
232
148
209
324
524
924
1106
1173
1047
975
1156
1584
1776
1867
1786
1800
1753
1663
1458
1138
883
769
669
568
467
524
667
887
969
971
952
812
739
734
734
749
659
838
1086
1331
1538
1839
1983
2235
2513
2421
1901
1594
1785
1679
1678
1438
1243
1073
1085
1077
1114
1023
822
629
658
1249
1628
1693
1330
976
755
796
1049
1379
1528
1691
1904
1981
1938
1840
1592
1398
1140
894
687
559
455
419
447
534
605
672
721
724
824
661
505
419
352
334
287
356
409
412
540
649
613
559
503
630
738
740
767
739
856
1036
1201
1388
1617
1826
2010
2210
2467
2660
2757
2775
2705
2589
2499
2384
2224
2031
1782
1596
1338
1108
811
600
391
338
333
325
356
364
449
523
697
845
1012
1250
1532
1757
2020
2347
2446
2514
2674
2754
2760
2853
2753
2646
2596
2503
2407
2343
2221
2236
2040
1967
1861
1727
1674
1448
1341
1183
1084
958
873
849
785
724
675
577
552
517
481
434
305
211
184
174
154
149
143
125
124
131
123
119
126
108
108
99
118
120
93
70
41
21
25
21
26
43
59
56
43
22
28
31
38
60
73
66
52
22
11
5
12
14
33
36
34
34
35
44
60
90
161
243
346
437
466
422
361
272
195
236
226
238
272
311
722
378
371
351
296
232
151
137
127
125
131
189
299
344
215
252
342
319
328
339
321
415
540
623
687
847
987
1126
1212
1337
1466
1601
1770
1955
2031
2066
2154
2117
2282
2316
2314
2399
2390
2433
2502
2530
2619
2589
2617
2624
2681
2428
2315
2099
2030
1981
1942
1910
1989
2008
1998
1997
1882
1841
1861
1740
1653
1636
1378
1238
1117
1190
1488
1663
1767
1700
2030
2358
3001
3472
4901
5732
5786
5357
4518
4262
2669
2657
1747
2075
2542
2893
3255
3599
3691
3715
3803
3673
4066
3890
3190
2680
1435
1299
1643
1521
1441
1582
1773
1819
1788
1819
1882
1965
1932
1711
1487
1429
1502
1574
1496
1291
1023
869
858
870
869
951
1007
1051
863
891
977
909
866
820
783
705
701
606
548
429
319
287
279
178
96
37
14
47
75
130
226
315
381
512
580
647
616
531
449
395
292
229
182
175
194
198
169
173
175
161
191
313
425
628
661
668
576
742
872
824
760
679
827
838
780
618
392
269
346
394
308
361
400
315
290
226
122
71
64
78
84
111
84
81
114
117
102
82
79
77
55
35
29
12
17
70
142
317
362
404
427
376
330
238
174
198
220
259
271
259
236
216
171
131
166
155
179
227
259
268
258
211
191
135
87
73
67
97
108
127
152
220
335
449
517
599
689
702
752
757
774
872
904
918
874
845
751
644
567
461
366
294
218
177
144
153
126
108
114
102
96
85
266
501
751
936
1157
1335
1459
1558
1771
1796
1875
1984
2048
2135
2182
2194
2072
2022
1964
1903
1847
1595
1298
955
749
647
541
400
297
191
120
76
60
61
81
95
104
75
123
248
374
550
772
1030
1137
1133
1044
945
866
796
693
567
411
340
303
346
386
453
603
790
841
797
820
888
928
848
958
1191
990
627
391
500
524
398
190
330
566
156
135
371
788
784
769
898
939
857
746
815
1155
1343
1070
780
669
518
338
178
201
229
234
217
144
129
157
179
214
275
398
476
550
599
573
671
762
847
919
959
1024
993
991
836
734
622
509
507
517
457
442
445
549
603
731
932
1002
1064
1047
1185
1274
1296
1116
849
655
511
543
453
404
382
417
581
505
365
183
175
156
83
69
108
138
235
234
240
260
304
343
374
324
317
318
323
424
355
383
314
361
348
300
251
235
150
129
139
130
141
159
167
137
154
175
174
149
146
148
193
233
257
301
337
378
369
261
145
58
64
69
73
48
91
198
310
474
567
590
481
376
354
464
519
1259
531
545
582
567
480
447
373
344
318
283
308
289
315
350
344
372
370
337
322
344
232
284
264
286
305
350
366
446
429
533
565
610
614
656
666
603
569
556
515
579
592
588
670
701
698
819
869
855
929
933
861
855
765
665
632
539
372
333
283
226
193
216
193
195
212
271
340
402
530
630
679
727
759
805
839
854
906
957
1032
1015
925
1034
1106
1152
1204
1173
1101
1005
947
899
745
712
635
506
425
322
219
117
115
181
232
332
512
594
587
584
593
570
555
564
675
677
833
1018
1268
1626
2060
2270
1965
1461
1168
985
890
860
803
712
644
574
655
863
886
923
995
1259
1600
1790
1797
1611
1597
1656
1756
1980
2262
2414
2600
2591
2407
2200
2113
2087
2107
2220
2170
1874
2363
3309
4173
4779
5134
4815
4117
4394
4435
4513
4043
3308
2713
1736
684
1001
1915
3300
4455
5175
5226
5238
4492
4046
3846
3479
2868
2855
1530
921
1146
1349
1141
1155
1123
1101
1133
1257
1440
1487
1318
1004
709
452
370
480
632
697
715
749
914
1178
1492
1844
2150
2356
2480
2685
2722
2791
2717
2603
2360
2093
1784
1425
1156
920
721
512
969
831
287
290
312
291
327
399
601
670
651
703
679
646
585
553
431
331
221
265
428
613
699
687
649
678
727
761
795
897
899
903
859
887
831
810
729
691
655
637
601
474
397
367
305
246
230
178
145
185
290
403
446
364
269
169
116
58
97
219
340
431
404
330
302
315
294
197
155
127
149
178
244
296
279
223
124
43
41
46
46
32
28
13
11
31
45
31
34
36
45
63
55
75
90
103
70
40
17
12
20
29
44
68
58
54
28
12
6
12
18
25
25
19
13
14
6
10
9
10
13
26
20
17
3
3
4
7
5
4
8
6
11
14
19
23
21
23
33
60
95
87
78
60
53
52
29
16
18
13
14
12
17
17
18
16
8
12
10
6
11
11
9
8
8
5
2
0
1
6
2
0
0
1
2
0
2
0
0
0
0
0
0
0
0
0
0
2
0
0
1
0
0
0
0
0
0
0
0
0
0
0
1
1
0
0
0
0
0
0
0
0
0
0
0
0
0
0
0
0
0
0
0
0
0
0
0
1
1
1
1
1
1
3
2
47
119
247
350
461
630
734
801
801
738
661
603
582
572
549
657
959
1329
1544
1663
1648
1658
1572
1490
1481
1323
1178
1151
1048
992
835
696
648
510
407
284
273
339
361
343
779
254
279
317
612
635
455
348
296
235
151
128
266
315
204
116
51
8
9
14
43
69
145
224
296
385
370
279
136
98
90
53
48
75
101
84
96
160
126
79
30
45
113
238
397
442
343
245
351
391
468
593
612
422
157
24
52
374
771
1072
1125
1107
1052
1004
870
697
441
251
111
78
229
474
664
710
639
379
221
252
344
483
544
293
202
177
312
514
665
783
1151
1653
1983
1775
854
640
1177
1740
1868
1527
1033
888
837
853
912
1009
1043
811
349
211
576
1053
1450
1617
1414
870
466
335
350
451
549
619
654
668
548
661
899
948
1182
1600
1713
1387
1496
1707
2094
2342
2603
2197
1531
1353
1479
2043
2067
1729
1378
1072
999
896
869
644
647
756
793
674
546
468
289
358
691
923
1127
1361
1650
1778
1795
1787
1387
849
482
305
208
199
167
172
205
243
313
503
486
260
158
132
138
139
122
83
72
43
28
101
216
216
106
103
123
70
6
37
101
113
123
58
7
0
0
0
4
18
8
5
1
0
2
1
0
0
0
0
0
0
0
0
0
0
0
0
0
0
0
1
3
4
7
5
6
8
11
21
18
10
15
21
26
28
28
30
25
34
26
16
7
2
3
0
0
2
0
1
0
0
0
0
0
0
0
1
4
3
8
13
10
26
24
27
47
58
79
64
70
82
73
79
61
40
40
22
14
4
4
6
11
5
4
10
4
11
23
29
26
22
15
8
4
0
0
0
0
0
0
0
0
0
3
4
68
324
580
781
805
718
592
523
397
245
118
67
44
57
68
23
12
13
3
6
7
13
18
46
131
189
184
118
44
67
218
286
227
146
271
305
226
235
400
527
466
343
498
657
609
455
474
615
483
482
652
545
625
677
418
548
569
453
470
477
358
151
297
479
530
523
478
598
822
863
832
710
717
854
889
913
848
754
724
846
952
940
1181
1504
1614
1580
1390
1331
1282
1238
1238
1224
1126
1153
1245
1394
1568
1731
1614
1319
1118
890
787
894
1100
1177
1134
988
918
696
653
748
853
937
1052
1002
940
818
796
627
538
494
666
947
1209
1352
1534
1657
1713
1734
1737
1903
2045
2002
1834
1532
1292
1028
798
510
293
231
318
437
553
639
764
885
952
976
954
1027
1061
1146
1159
1158
1262
1310
1271
1184
1190
1210
1187
1196
1136
995
902
771
698
532
429
367
352
305
347
318
295
354
367
309
246
211
166
157
162
205
226
237
698
237
226
250
245
226
241
249
296
256
256
295
323
382
349
357
332
346
319
337
296
293
308
273
286
283
245
261
260
268
284
257
280
273
292
304
294
307
334
295
300
283
257
236
172
151
129
78
82
68
48
58
66
32
18
17
12
8
5
3
4
8
3
0
0
0
1
13
8
8
7
8
1
4
5
2
1
4
31
127
93
15
5
15
22
23
21
14
10
69
109
107
141
143
127
86
36
21
42
37
58
64
86
111
115
100
81
70
79
98
63
36
106
119
107
116
100
49
58
119
99
55
46
32
33
32
89
134
77
40
40
85
88
142
163
181
178
213
220
107
161
202
185
257
499
711
811
757
664
490
319
177
169
222
275
265
290
329
350
310
293
274
316
228
220
186
154
94
97
91
95
117
121
129
124
151
192
208
144
112
96
122
104
172
244
260
213
166
110
85
45
81
116
99
94
99
90
43
72
120
152
185
160
92
50
42
26
7
30
88
82
115
117
76
36
2
20
38
47
34
29
17
15
23
25
25
34
38
38
17
10
11
5
22
45
95
141
150
140
157
148
105
109
90
65
82
46
62
161
94
56
51
41
50
36
83
131
208
276
347
382
438
464
448
455
473
583
657
675
667
626
565
512
488
499
488
487
573
576
628
708
703
881
971
939
793
647
496
492
529
601
772
815
782
784
881
943
1084
1130
1189
1272
1335
1255
1151
1027
935
788
693
694
787
798
847
983
991
1053
1060
1014
991
946
1016
1128
1193
1257
1188
1166
1022
895
731
539
442
299
195
108
76
32
30
39
79
104
122
152
147
167
159
154
146
112
122
98
80
74
54
41
46
33
24
25
34
69
93
121
171
206
217
240
242
428
563
663
725
625
464
146
96
273
417
453
502
474
369
198
214
441
770
966
988
933
805
706
539
451
492
575
577
530
399
207
141
127
162
240
216
206
213
214
240
268
371
540
728
712
655
601
679
769
647
559
480
496
587
663
741
734
744
629
527
420
359
235
125
72
45
72
143
244
350
474
606
778
1030
1218
1300
1251
1088
921
803
782
889
1079
1191
1263
1462
1860
2063
2168
2271
2267
2220
2070
2050
2054
1736
1688
1538
1378
1163
1009
817
568
458
336
248
233
213
224
216
161
154
143
142
159
161
251
304
292
307
318
286
219
220
308
274
248
221
199
188
180
216
220
237
919
338
285
224
218
212
184
195
153
130
109
54
30
25
17
0
0
1
0
1
2
0
2
0
4
8
6
4
4
15
29
54
36
25
17
21
42
38
52
58
57
55
59
60
71
82
91
84
57
41
23
14
8
7
14
34
116
142
179
198
178
181
223
267
312
321
279
138
4
46
107
115
79
51
109
267
375
506
577
781
925
883
839
778
780
881
990
3440
497
188
46
31
59
59
21
25
44
95
138
147
147
177
326
350
418
367
413
389
390
325
421
447
354
310
326
306
254
329
534
636
786
992
1309
1620
2005
2200
2423
2570
2672
2568
2489
2391
2339
2426
2454
2445
2240
2066
1875
1934
1856
1803
1743
1683
1681
1672
1636
1552
1353
1224
1052
963
989
979
1047
1052
1104
1042
1046
956
873
884
798
825
830
837
822
716
614
515
543
991
1558
2194
2403
2396
2253
2141
2171
2214
2147
2054
1853
1803
1885
1890
1824
1799
1769
1606
1351
1098
895
726
541
412
332
221
150
139
97
62
111
218
213
162
149
103
107
194
286
276
309
345
505
725
909
753
619
446
324
231
204
204
240
350
345
337
349
388
589
774
1195
1308
1062
904
755
606
493
385
782
1227
1651
2160
2608
2796
2852
2894
3035
3196
3261
3410
3328
3236
3194
3153
3247
3051
2852
2881
2942
2787
2494
2101
1797
1605
1169
812
711
859
1159
1588
2206
2680
2882
3026
2951
2849
2786
2629
2391
2270
2192
2111
1843
1587
1324
1211
1148
1137
958
727
430
337
275
253
211
172
135
81
38
26
9
12
14
20
46
75
150
185
298
433
541
629
740
855
970
1008
1006
1318
1463
1420
1220
981
845
813
982
1352
1700
1887
1943
2040
2142
2190
2271
2290
2294
2311
2369
2384
2437
2391
2362
2241
2275
2078
1822
1529
1386
1279
1052
871
749
798
704
708
741
609
520
572
586
540
472
395
389
392
368
339
315
293
401
590
764
930
1053
1228
1245
1115
985
866
754
704
909
1234
1378
1341
1252
1309
1287
1296
1174
1124
1175
1206
1221
1235
1339
1466
1608
1649
1689
1814
1927
1994
2111
2081
2167
1994
1740
1508
1391
1213
1072
1008
830
861
852
912
951
1012
1106
1284
1490
1664
1724
1511
1337
1205
1021
841
739
754
756
739
674
705
886
1112
1245
1310
1319
1363
1559
1727
1745
1672
1678
1748
1940
2277
2652
2648
2380
2218
1892
1681
1540
1369
1248
1122
1167
1337
1625
1608
1373
1290
1357
1413
1392
1197
1045
908
844
1000
1168
1119
991
840
813
815
779
795
816
639
507
558
615
684
692
728
754
740
664
536
504
528
682
982
1174
1263
2791
1232
1293
1231
1148
970
777
668
566
406
343
242
158
100
73
98
109
136
190
149
130
111
107
73
117
131
102
49
36
35
51
46
46
101
98
102
100
116
141
207
229
197
122
120
112
73
41
65
71
63
39
47
54
65
54
56
53
45
33
37
69
55
27
50
83
66
75
72
62
52
28
19
7
28
198
413
537
627
698
757
833
985
1104
1224
1382
1452
1425
1397
1300
1174
1124
1006
831
772
827
861
908
946
1118
1390
1719
1963
1908
1715
1505
1183
938
812
743
807
884
1048
1119
1102
1141
1125
1055
1000
942
789
703
402
155
32
27
134
334
602
938
1140
1200
1129
1043
903
749
591
437
342
258
185
150
159
223
279
291
273
247
189
255
303
344
331
380
397
301
286
290
229
129
86
206
240
153
78
28
21
34
72
141
204
201
222
303
395
516
632
738
808
701
534
448
417
657
1090
1422
1581
1637
1538
1297
1020
801
802
911
1140
1223
1258
1165
1152
1225
1371
1431
1512
1441
1322
1089
877
653
436
261
134
183
294
467
651
852
897
958
915
950
962
1060
1264
1603
1855
1914
1664
1526
1532
1551
1557
1567
1538
1556
1606
1661
1559
1464
1331
1079
882
709
623
559
438
356
301
249
229
194
177
141
110
86
86
36
13
25
68
96
147
201
242
248
307
356
442
575
610
613
603
621
665
686
682
725
782
872
902
965
957
944
947
869
831
791
744
648
571
479
504
423
397
412
375
345
315
248
172
143
126
108
51
31
16
9
8
9
22
42
59
78
88
90
86
121
135
218
275
320
331
434
487
569
717
811
977
1082
1205
1303
1276
1200
1224
1164
1205
1280
1316
1314
1358
1401
1402
1267
1155
953
819
646
460
346
246
172
156
100
54
27
30
44
64
174
278
256
202
89
30
32
35
53
47
48
38
31
26
34
62
81
128
141
113
127
121
129
176
170
173
133
83
73
48
56
123
206
138
104
69
74
68
48
37
28
7
9
29
66
103
97
74
40
20
18
32
57
65
67
72
46
68
77
93
90
84
67
41
32
26
29
24
50
50
28
23
23
22
19
46
61
97
93
62
46
50
84
90
49
31
45
62
85
73
78
103
143
179
216
296
296
403
471
626
566
432
211
125
84
78
64
58
63
53
43
50
39
29
33
59
91
162
277
338
357
258
144
77
131
174
196
123
63
17
7
0
9
4
0
1
2
0
0
0
0
1
2
5
69
19
27
28
58
127
159
142
44
13
27
82
78
20
12
14
23
51
46
81
112
123
111
117
128
108
70
40
30
33
56
87
68
33
22
31
75
137
161
202
236
213
151
120
88
68
71
50
42
27
34
37
28
58
60
56
45
74
146
223
303
378
423
422
447
438
438
375
293
273
236
315
304
192
153
128
156
195
97
24
29
115
215
282
329
305
190
145
130
79
63
39
78
86
69
79
103
91
45
10
21
44
73
61
28
32
14
17
19
23
37
48
69
85
143
183
135
110
108
79
45
62
126
152
186
176
196
221
286
281
278
248
276
311
305
267
214
130
86
101
62
28
3
5
58
106
148
137
279
523
718
857
919
823
716
606
646
592
534
558
557
587
620
654
572
500
522
576
668
910
1087
1204
1217
1124
1008
750
722
747
577
491
446
447
510
552
554
484
246
127
207
174
137
115
92
55
22
3
17
45
80
131
176
177
106
32
68
44
60
58
62
63
53
67
85
71
62
50
61
85
125
209
258
338
391
392
371
329
307
312
294
285
259
253
186
131
127
118
68
46
63
53
76
78
39
26
53
104
150
190
236
253
263
360
388
424
455
524
497
525
476
500
446
395
354
299
215
149
134
101
76
47
33
10
20
37
63
111
146
231
279
313
361
410
397
403
414
306
278
213
170
115
93
121
158
245
317
368
377
342
316
221
165
113
74
49
40
41
52
59
50
65
53
53
40
28
10
0
1
1
2
1
0
1
0
0
0
0
0
0
0
0
0
0
0
0
0
0
0
0
0
0
0
0
0
0
0
0
0
0
0
0
1
0
127
477
660
581
379
292
328
400
467
483
471
471
583
625
697
682
517
284
131
214
496
824
973
1138
1269
1382
1545
1729
1869
1855
1862
1738
1390
1066
847
826
869
824
743
510
323
281
326
481
653
906
1248
1513
1739
1949
2263
2505
2519
2516
2544
2571
2606
2536
2334
2175
1957
1812
1602
1428
1181
1133
1099
960
773
671
543
535
460
364
325
323
309
332
433
675
801
939
1048
1184
1318
1494
1754
2020
2377
2537
2602
2636
2700
2956
3263
3319
3232
2842
6317
2234
2323
2297
2244
2324
2424
2528
2686
2929
3081
3055
2700
2310
1882
1544
1242
1128
967
832
653
427
211
86
47
125
362
736
1208
1614
1776
1980
2077
2107
2158
2082
1812
1507
1340
1188
1177
1140
1077
1067
1010
937
864
759
605
457
763
86
118
132
134
129
116
84
50
82
119
158
134
106
62
37
22
43
109
130
114
60
52
72
120
137
109
68
46
23
16
5
16
8
5
0
0
0
0
0
0
0
0
0
0
0
0
0
0
4
8
7
7
24
33
37
25
15
15
17
8
8
2
4
1
4
3
3
1
9
6
3
0
0
0
7
13
35
64
84
83
74
69
54
40
25
21
26
17
11
23
52
64
70
129
183
200
197
136
25
10
12
32
46
36
25
18
54
179
225
197
152
135
128
83
57
64
97
104
118
137
145
151
94
48
39
33
43
66
111
122
155
164
169
145
102
76
128
333
554
674
635
569
439
337
291
232
194
258
310
332
274
214
178
187
233
324
415
479
498
493
447
350
315
243
133
89
80
108
248
371
443
423
414
380
414
489
540
557
595
499
508
484
429
365
280
201
218
321
528
651
833
938
975
939
779
641
634
662
673
681
639
574
477
452
437
489
496
496
527
587
644
720
704
635
590
459
407
355
333
269
277
201
196
195
257
360
499
719
810
958
1054
1117
1221
1369
1366
1380
1278
1141
862
853
832
672
476
301
326
374
323
402
525
544
405
224
195
293
319
193
212
274
373
393
327
276
219
171
154
166
168
171
222
269
387
416
424
410
415
473
508
587
739
815
798
972
997
860
994
1028
880
721
629
541
475
369
321
266
336
403
449
556
646
752
858
966
1036
1072
1174
1202
1224
1217
1185
1174
1164
1063
920
810
735
578
501
484
496
397
439
620
707
625
639
768
833
933
800
958
1097
970
726
613
555
472
377
326
311
203
200
203
339
704
1296
1864
2293
2583
2842
2918
3096
3172
3101
2937
2778
2499
2279
1942
1592
1172
862
586
459
410
377
358
365
482
542
541
559
514
545
553
613
631
538
363
216
186
92
58
48
55
63
85
106
169
194
241
307
455
688
893
1099
1149
1165
1194
1139
1066
988
826
675
541
403
268
197
145
117
116
152
175
214
199
185
132
111
98
119
130
125
108
82
78
108
139
149
170
181
163
114
99
101
79
101
103
139
134
147
147
131
131
118
112
112
109
113
109
90
82
91
89
91
130
168
253
459
597
649
637
601
538
416
318
236
228
239
243
180
115
67
28
28
19
7
8
13
11
15
28
25
17
6
0
4
4
0
0
0
0
0
0
0
6
23
31
64
101
160
688
464
565
754
850
943
1080
1276
1417
1612
1717
1833
1981
2197
2266
2274
2183
2039
1991
1752
1318
1099
993
988
971
889
1247
1072
591
434
182
242
260
256
277
281
279
201
112
36
5
0
0
1
1
0
0
0
1
0
2
1
1
3
3
4
3
2
2
0
1
0
2
3
1
2
1
1
0
0
0
0
0
0
0
0
0
3
8
9
7
2
0
0
0
0
1
0
0
16
19
33
25
11
31
90
192
340
591
960
1161
1311
1298
1170
1085
1226
1267
1185
1261
1123
865
1352
1826
1551
1053
871
690
565
446
400
436
355
288
326
282
229
155
157
116
132
133
140
190
155
129
107
80
76
47
60
78
94
104
119
101
73
52
30
22
42
144
269
371
390
358
219
27
134
332
417
229
61
219
287
195
278
391
297
175
98
69
73
82
107
100
107
95
73
79
150
232
138
93
38
33
34
46
17
6
0
0
0
16
15
18
6
0
0
19
95
312
685
1118
1650
1925
2118
2240
2319
2093
1577
1199
743
372
610
830
916
768
711
690
748
754
625
449
207
48
7
2
7
13
26
43
44
47
44
28
16
10
2
0
9
60
180
430
790
1213
1823
2587
2844
3059
3636
4130
4231
4008
3414
2722
2063
1179
510
226
301
389
362
288
203
161
159
220
219
262
258
261
221
135
113
145
227
164
114
125
233
398
616
963
1440
2127
3071
3783
4049
4027
3989
4208
3548
3239
2823
2562
2355
2384
2614
2972
3147
3049
1793
601
416
635
490
348
196
112
84
90
110
186
268
364
458
532
539
744
750
755
751
770
723
666
488
400
301
385
510
435
251
340
320
304
340
342
330
309
392
522
571
668
635
664
637
471
289
309
429
115
276
442
286
317
441
455
131
518
396
284
396
410
226
463
247
401
727
617
630
722
176
569
450
451
604
146
269
329
212
381
573
609
964
864
1415
1670
2061
1991
1868
2002
1950
1783
1468
1202
1084
1210
1306
1188
1016
777
784
730
471
265
293
318
100
82
98
119
148
194
205
232
345
468
672
897
904
770
503
504
553
569
673
637
573
423
552
658
621
498
362
290
227
223
260
295
347
364
359
312
325
269
238
190
156
164
185
213
200
168
141
154
146
148
147
129
119
83
89
115
90
78
80
70
111
184
291
329
527
633
677
1147
1543
1393
745
914
1565
1657
1345
1196
1041
671
481
923
1186
1364
1429
1107
733
1310
1446
1300
1155
963
629
605
523
1132
910
1301
1515
1080
603
257
663
690
520
305
89
184
542
556
182
176
377
412
213
71
87
146
128
42
36
61
81
114
86
76
62
31
77
269
503
421
104
63
59
73
117
360
544
811
871
837
764
500
317
203
164
164
146
111
109
57
37
70
187
246
188
68
5
24
24
4
9
18
83
242
491
684
830
927
988
1006
1011
1002
908
807
705
677
614
572
547
534
510
500
459
407
337
306
246
195
192
148
144
137
141
136
99
93
62
73
74
83
125
187
185
172
218
241
222
194
173
179
131
125
98
143
238
353
446
535
567
574
579
528
521
527
489
513
537
723
771
800
740
667
800
872
902
853
733
615
506
440
413
375
365
353
326
227
140
109
104
228
294
356
315
172
91
88
124
162
223
296
442
525
611
687
849
1005
1153
1165
1179
1048
939
687
584
448
404
555
716
854
924
926
878
821
751
681
700
731
567
473
568
554
345
149
28
7
8
2
14
21
19
16
20
23
22
15
5
0
0
2
10
27
55
44
51
71
85
130
156
179
282
527
904
1220
1493
1643
1150
695
631
531
445
387
321
364
493
548
556
570
513
456
361
306
250
234
262
437
652
861
1067
1240
1285
1263
1055
831
653
516
371
306
236
165
83
43
56
78
106
109
128
140
175
165
119
86
57
43
54
51
31
50
67
109
159
291
357
326
270
306
336
423
462
507
522
568
591
634
617
563
481
412
321
259
188
159
166
188
211
248
219
509
548
243
328
386
466
543
602
612
589
549
460
367
256
158
149
121
158
209
244
233
167
149
134
109
131
155
143
181
189
169
200
218
218
186
201
198
220
237
192
198
185
186
219
312
430
411
335
281
295
276
266
280
311
287
222
237
249
234
186
156
161
155
176
181
190
219
186
209
178
161
153
137
88
93
63
67
66
53
29
16
13
3
5
8
12
35
33
38
46
52
59
65
92
161
215
280
341
440
529
665
751
842
849
816
790
786
804
912
876
880
848
710
639
583
523
397
381
363
324
290
281
254
245
237
188
130
102
63
62
57
40
28
26
12
1
3
3
0
4
6
16
25
57
95
138
145
118
71
62
93
117
154
119
93
55
32
43
100
162
284
311
264
120
115
144
171
170
163
186
219
203
120
73
89
188
359
575
792
886
902
739
559
1008
1580
1468
962
464
930
407
339
344
438
480
452
400
304
239
308
386
386
411
386
352
306
279
232
213
202
227
422
1149
1716
2171
2452
3397
3269
1850
1167
1302
1305
867
641
482
408
491
654
909
984
832
625
587
577
566
545
498
454
358
340
206
81
28
12
2
1
3
9
1
1
0
0
0
2
3
1
1
5
13
12
19
29
49
32
29
29
16
2
0
0
0
0
0
0
0
0
0
24
101
210
385
532
629
630
663
714
741
821
863
835
408
586
713
669
579
527
470
742
795
687
542
519
500
299
231
138
272
491
722
851
923
1031
1043
967
792
480
323
318
370
463
492
508
425
336
248
118
40
18
86
198
273
305
311
273
220
147
63
11
27
24
33
22
36
35
16
14
11
4
2
3
0
4
11
27
92
161
162
149
110
80
52
32
17
12
15
18
41
80
123
211
257
361
428
449
472
434
394
323
289
222
174
108
52
26
13
2
1
0
2
2
1
4
4
36
135
332
579
754
905
833
697
562
404
242
155
139
139
178
171
270
385
508
568
629
627
551
639
1049
1459
1727
1783
1557
1217
1406
1685
1738
1674
1385
1107
972
1414
1692
1940
1690
1139
602
549
663
715
694
584
400
342
342
398
304
260
354
519
472
395
319
282
337
396
312
146
59
18
15
12
14
8
2
4
1
1
0
0
0
1
0
0
0
0
0
0
0
2
2
1
0
0
0
0
0
0
1
0
0
0
4
11
28
32
39
56
65
82
103
145
197
217
258
301
299
281
333
288
236
195
171
136
99
105
117
65
49
51
45
33
11
4
4
0
1
2
1
0
0
0
0
2
1
1
3
2
2
11
15
23
21
28
58
84
99
148
160
178
280
302
301
391
400
579
791
1003
1128
1126
978
828
616
424
354
347
337
301
270
257
246
184
137
86
86
70
72
68
55
46
43
41
19
17
17
13
13
19
31
75
114
161
218
276
329
364
421
447
494
564
665
736
881
904
953
1014
1078
1132
1119
1143
1148
1145
1117
1063
1125
1072
1090
990
962
840
734
703
607
473
422
418
466
729
1080
1420
1903
2282
2420
2555
2555
2582
2453
2339
2230
2039
1840
1671
1580
1489
1424
1389
1321
1360
1387
1475
1488
1614
1602
1636
1646
1690
1702
1856
1930
1999
2162
2319
2243
2132
2081
1788
1771
1926
1984
1767
1614
1348
895
524
311
470
699
537
470
496
478
514
576
476
396
550
652
681
744
859
1781
547
461
384
365
425
502
607
608
500
345
214
203
217
230
222
239
260
235
206
180
138
92
53
50
68
102
104
90
60
62
92
88
41
15
2
0
8
16
38
44
30
27
22
24
25
42
48
73
80
141
167
194
195
216
215
244
305
321
331
342
350
478
652
769
869
953
756
596
607
754
1035
985
735
633
783
951
1040
1046
1062
1034
953
940
980
1000
1084
1044
1015
896
700
508
383
300
240
195
201
294
513
933
1303
1620
1784
1833
1755
1641
1457
1268
1105
1092
836
642
570
451
342
255
359
473
444
365
274
238
204
376
595
780
851
720
432
359
447
652
889
970
755
420
327
337
428
574
724
804
758
620
437
303
214
142
96
56
31
40
45
71
98
83
97
136
155
135
110
99
68
26
39
69
76
52
29
10
4
2
7
5
4
2
2
8
7
4
1
3
19
71
164
207
151
99
58
32
29
55
98
152
243
279
316
310
264
202
127
79
52
4
5
2
0
0
0
0
0
0
0
0
2
0
1
2
23
31
3
1
4
4
2
3
0
0
0
0
0
0
0
0
0
0
0
0
0
0
0
3
8
5
0
6
19
49
74
80
87
75
64
52
41
66
52
18
13
18
28
33
34
35
43
36
65
113
113
110
112
123
127
158
203
257
306
315
317
309
261
198
134
77
54
31
38
38
9
0
0
0
0
0
0
0
0
0
0
0
0
0
0
0
0
0
0
0
1
0
1
0
0
0
0
3
4
0
1
1
1
1
0
0
0
0
0
0
0
0
0
0
0
0
0
0
0
0
0
0
2
2
5
6
8
6
3
1
2
2
6
5
4
2
0
0
0
0
0
0
0
0
0
0
0
0
0
0
1
0
1
26
216
345
378
296
158
70
158
275
376
439
434
393
204
77
148
291
290
264
246
355
483
613
771
971
964
1010
963
924
947
959
853
758
580
491
297
260
223
116
62
171
419
595
713
755
765
752
714
750
717
684
617
670
604
508
465
393
317
238
197
171
141
108
130
320
518
765
978
1107
1026
801
774
1020
1103
1085
1051
1068
1022
879
733
640
529
414
436
458
456
480
517
528
463
390
295
243
199
154
143
154
131
94
53
21
11
18
10
8
26
83
142
201
180
233
147
115
144
167
101
78
125
241
337
356
300
146
95
231
504
575
347
147
82
377
234
245
213
181
166
174
184
192
157
109
119
95
99
78
45
60
45
45
58
41
32
36
83
132
145
165
176
278
371
465
567
595
571
485
408
297
179
77
64
95
117
145
126
102
73
28
13
8
5
9
12
15
13
0
3
2
7
9
15
19
17
7
4
1
0
4
3
11
17
67
235
360
401
422
441
414
391
366
329
275
276
338
420
471
461
392
278
187
99
48
38
42
94
128
168
103
76
53
25
27
21
15
6
11
9
14
8
18
19
27
89
68
38
17
17
33
73
109
97
63
134
775
1261
1724
2513
3476
4022
4396
4889
4701
4553
4483
4284
4356
4075
3468
3287
2837
2543
2242
1988
1724
1517
1206
892
582
425
321
244
215
188
141
199
278
208
166
106
65
63
139
204
205
150
134
87
102
215
297
531
795
1235
1647
2104
5741
3648
4494
4451
4805
4342
4298
4520
4201
4680
2753
1879
1164
1099
999
1065
1079
700
339
601
1230
1546
1621
1473
1211
1077
1310
1680
1755
1758
1634
1572
1175
824
968
951
694
724
936
715
393
325
412
462
559
849
1171
1180
997
404
27
40
47
39
77
232
321
345
465
419
295
149
86
61
67
51
90
119
111
90
82
57
42
28
19
19
22
29
29
48
35
25
19
21
36
52
58
42
53
47
25
42
127
113
64
43
61
44
65
75
85
52
37
25
51
46
52
44
40
41
31
45
79
61
34
39
38
46
66
66
80
109
200
290
280
293
314
312
197
104
73
44
80
87
103
70
49
71
67
53
52
41
55
79
67
63
32
26
21
16
18
19
30
6
4
10
6
3
13
22
23
29
40
64
59
39
37
13
30
8
0
7
75
290
428
381
468
447
438
483
612
888
1362
1906
2635
3004
3595
3504
3141
3016
3076
2906
2458
2307
2177
1704
1283
957
672
406
231
181
533
674
794
926
1112
1356
1759
2264
2917
3620
3812
3788
3055
1868
1296
1558
2336
2785
2381
1809
1307
1217
1296
1347
1414
1535
1775
1773
1907
2056
2051
1848
1547
1495
1507
1415
1219
1043
836
873
993
1168
1186
1184
999
696
723
644
636
571
451
305
300
390
497
438
473
601
855
959
1090
1077
1060
1076
1045
1063
1086
1114
1164
1116
929
629
536
764
853
1144
1457
1520
1094
579
375
305
327
417
505
651
863
1149
1355
1478
1484
1375
1161
938
849
722
723
891
1069
1057
1360
1722
1504
1646
1738
1573
1360
1140
791
635
949
1365
1700
2024
2197
2180
2456
2769
3052
3081
2816
2486
2295
2032
3033
1268
1050
952
905
797
788
680
607
572
482
417
207
162
474
643
600
553
715
755
837
647
527
360
243
195
151
190
351
553
748
842
990
1082
1118
1124
1083
1073
1086
1062
1013
928
881
850
800
764
775
711
580
435
315
248
218
191
193
217
270
365
518
688
901
1018
1114
1242
1340
1390
1332
1265
1185
1070
913
788
827
889
948
960
956
989
977
1022
1040
1109
1131
1222
1259
1274
1109
1035
916
803
705
672
662
679
685
696
664
684
620
613
509
451
364
320
201
252
268
197
162
110
143
206
293
331
331
302
409
521
664
659
631
474
287
83
59
165
242
195
112
97
112
82
35
28
40
56
58
37
8
0
0
0
10
0
0
0
0
1
1
2
1
1
0
1
5
5
6
5
23
58
156
192
215
232
231
228
249
272
292
284
268
255
242
233
197
177
157
113
45
4
0
0
0
0
12
34
169
262
337
420
456
489
500
392
218
136
163
140
88
15
9
25
40
28
33
39
53
40
33
28
45
92
181
251
310
354
407
418
393
380
341
290
254
214
178
144
110
56
18
1
4
51
195
293
345
382
439
592
712
790
889
734
529
421
316
278
240
190
142
109
101
79
48
36
63
80
90
109
119
80
260
296
202
113
124
133
146
115
66
35
57
81
64
56
60
62
44
43
93
153
236
253
164
114
88
79
49
5
17
86
188
196
119
66
18
58
79
89
85
72
47
27
15
13
12
4
0
0
0
0
0
0
0
0
0
0
0
0
0
0
0
0
0
0
2
1
0
0
0
0
0
0
0
0
0
0
0
0
28
100
205
268
321
344
395
327
354
402
372
265
146
77
156
220
233
261
259
221
146
87
63
65
57
52
37
27
4
0
2
19
26
30
26
17
8
0
0
0
0
0
0
0
0
0
0
0
0
0
0
0
0
0
0
1
5
9
14
11
8
2
1
0
0
0
1
12
31
122
192
223
227
218
186
133
90
49
49
28
17
28
78
143
251
390
555
789
923
1022
1132
1078
953
880
920
966
1007
1063
1170
1169
1190
1047
1029
1116
1422
1448
1529
1466
1306
1146
1034
1156
1182
1124
1044
905
818
798
870
878
778
582
508
409
346
318
322
329
423
406
438
448
444
399
340
308
281
249
248
227
276
308
469
610
626
570
515
536
527
603
672
730
798
965
1206
1251
1302
1288
1230
1114
1063
997
2026
828
758
703
724
749
711
700
791
767
796
840
935
1020
1018
1116
1281
1623
2039
2384
2604
2611
2501
2349
2206
1986
1806
1768
1847
2147
2407
2631
2780
2890
2761
2598
2165
1901
1869
1928
1890
1831
1654
1564
1403
1071
1257
1582
1733
1730
1672
1588
1622
1608
1655
1787
1972
2099
2002
2004
2079
1926
1763
1492
1305
1213
1131
1030
917
841
781
763
646
530
471
377
267
178
97
32
10
1
2
0
0
3
7
11
22
49
89
89
95
133
139
119
125
98
84
87
98
98
91
81
90
78
76
64
70
60
66
42
58
49
59
25
21
19
15
8
10
2
3
2
0
50
80
65
46
44
62
173
182
202
200
296
341
426
486
455
430
516
469
506
596
642
529
414
469
860
1024
1047
970
732
567
485
393
552
582
569
555
373
358
541
627
832
979
1269
1551
1750
1881
2059
2126
2199
2361
2509
2566
2557
2613
2599
2495
2381
2162
2020
1867
1517
1157
955
809
751
673
574
437
373
334
314
300
307
312
323
320
307
317
331
329
361
356
352
318
228
118
106
140
160
138
123
139
166
199
231
240
222
176
104
95
56
83
192
215
230
333
354
370
313
284
306
351
258
234
203
122
195
185
191
146
139
189
196
206
155
77
23
20
11
30
64
102
122
141
113
56
46
45
31
24
10
1
2
1
5
5
7
6
6
6
0
1
2
0
0
0
0
0
1
3
12
17
32
81
150
264
404
726
1111
1560
1855
2330
2852
3503
4230
4686
5100
5142
4901
5213
5209
5023
4740
4175
3505
2978
2326
1663
1116
876
820
890
999
999
857
643
658
742
837
835
650
523
493
605
696
853
1211
1829
2544
3303
3934
4481
5018
5425
5032
4760
4339
3823
3610
3481
3642
3897
4228
4548
4618
4654
4429
3856
2970
1739
1079
1211
1654
1725
1457
1218
1277
1210
955
765
757
820
1017
1079
963
851
723
546
468
534
585
655
686
732
713
706
698
618
509
398
364
324
307
347
321
313
311
401
523
594
705
725
734
681
575
484
339
262
259
218
203
221
249
286
232
137
79
59
40
8
6
1
1
1
4
8
8
9
24
52
42
93
157
193
205
222
205
194
185
185
172
182
114
90
67
55
48
113
182
237
254
266
236
219
195
169
107
117
90
87
71
70
63
61
55
38
28
12
4
1
14
22
33
30
38
33
32
19
3
2
0
0
0
8
42
66
125
164
189
215
166
80
33
34
34
52
28
30
35
36
26
28
34
74
72
217
151
238
395
621
735
821
855
675
707
638
445
329
257
237
165
104
136
60
114
111
101
95
32
86
75
75
197
411
759
1039
1272
1464
1503
1460
1391
3178
3758
2011
1999
1907
1723
1632
1579
1575
1761
1893
2041
2142
2191
2058
1787
1499
1214
983
835
751
722
744
782
850
889
854
871
902
827
909
860
796
705
651
570
519
478
398
417
368
292
251
273
263
246
293
266
332
295
250
241
282
279
261
275
285
291
243
187
153
119
116
88
75
102
153
174
156
137
106
97
52
31
26
24
14
13
24
40
41
30
32
45
37
23
37
56
46
67
58
31
26
26
35
26
15
35
49
48
34
24
32
71
99
114
71
21
10
40
33
34
29
36
27
21
16
16
14
10
10
12
42
130
292
386
413
370
344
357
362
319
206
282
352
358
433
469
475
377
305
308
247
196
144
111
125
136
98
74
49
38
37
28
1
3
10
3
2
15
26
19
3
4
2
12
21
10
1
10
30
16
36
108
183
158
115
85
86
77
50
31
17
7
3
5
4
3
9
16
31
44
77
109
159
235
309
350
295
184
120
307
388
356
381
443
526
687
813
803
786
745
612
508
451
374
297
272
356
477
639
773
967
1297
1637
1971
2346
2593
2854
3032
3123
2901
2799
2689
2674
2693
2650
2695
2608
2567
2498
2502
2522
2489
2425
2256
2102
1794
1638
1559
1487
1378
1340
1407
1477
1590
1535
1484
1482
1320
1021
849
708
630
810
1059
1061
1060
1174
944
522
241
133
107
92
116
224
329
369
406
353
247
193
144
60
17
4
11
11
15
14
22
29
22
24
24
34
33
34
43
54
65
71
113
188
246
284
286
323
457
620
782
861
911
874
783
521
560
684
753
820
798
789
680
629
619
606
543
546
486
459
426
380
336
279
261
261
257
274
263
307
277
216
161
199
176
198
190
187
236
320
477
543
695
816
977
1151
1287
1398
1360
1391
1437
1435
1373
1285
1060
1069
993
979
991
1041
1017
1032
1014
954
961
959
947
1088
1250
1304
1211
979
710
550
387
333
303
269
253
257
228
241
215
222
249
230
251
298
333
393
408
347
304
247
195
176
148
136
117
163
253
359
493
631
688
699
826
1214
1416
1358
1190
932
799
792
727
667
561
590
740
784
767
496
509
627
693
722
725
762
757
765
743
703
647
692
727
703
692
814
849
893
934
839
784
778
754
730
743
705
766
733
704
833
953
2079
1103
1060
910
697
787
758
678
652
535
494
593
690
776
811
560
139
219
312
278
272
301
478
599
672
812
897
856
676
636
456
359
228
134
296
560
670
767
807
775
682
581
542
496
385
267
79
21
9
14
14
16
4
2
0
2
3
13
19
29
40
48
68
92
130
245
314
362
391
399
385
403
413
415
408
423
418
375
281
220
187
143
140
107
69
65
50
27
15
7
0
0
0
0
0
0
0
0
0
0
0
0
0
0
4
5
0
3
3
7
68
323
691
971
1111
1238
1302
1293
1204
963
631
361
46
220
501
704
817
883
880
818
753
689
607
511
380
183
48
216
333
396
431
348
248
182
140
89
113
114
194
255
274
306
271
228
187
127
101
140
99
72
22
17
7
6
1
0
0
0
0
4
3
4
7
11
20
55
74
186
254
295
268
207
194
208
230
211
186
156
104
59
56
105
277
487
538
557
499
399
409
444
447
387
330
336
310
309
370
424
465
519
610
641
724
787
849
923
1040
1098
1164
1308
1423
1446
1446
1362
1304
1295
1442
1607
1900
1992
2092
2104
1932
1461
788
538
924
1819
2407
2966
3330
3734
4023
4104
3986
3709
3299
2832
2310
2109
1813
1502
1214
848
589
372
267
279
236
225
221
181
138
106
118
176
212
267
345
389
424
506
585
624
670
715
712
732
658
708
686
645
699
732
858
960
1065
1134
1201
1382
1494
1596
1883
1956
2033
2110
2013
1911
1759
1676
1591
1452
1260
1022
936
716
686
522
348
258
344
427
523
694
692
621
582
434
251
253
375
496
728
811
880
969
1049
1058
1073
1114
1212
1302
1333
1493
1555
1555
1686
1698
1476
1123
914
762
672
688
711
748
606
471
479
566
601
584
552
519
515
413
252
162
95
98
75
56
36
17
46
87
140
162
166
179
153
120
74
77
42
61
148
259
366
519
632
686
846
1118
1389
1607
1733
1789
1660
1523
1164
829
751
843
1310
1782
1972
1956
2033
1979
1798
1562
1185
749
473
391
347
289
217
218
187
178
143
122
144
150
277
446
499
559
514
340
288
449
606
692
889
1123
1332
1328
1299
1184
1045
860
863
909
982
1140
1267
1165
1118
1139
1165
1031
940
791
762
876
1049
1221
1410
1507
1676
1761
1984
2324
2478
2635
2798
3035
3313
3435
3524
3367
3162
2839
2604
2658
2730
2603
2401
2233
2055
1800
1580
1277
949
892
897
835
792
678
415
248
367
488
561
573
542
477
401
351
308
285
266
258
304
333
366
377
617
325
302
257
235
275
347
397
444
433
436
414
371
300
222
206
301
339
316
340
307
240
188
153
112
45
43
25
11
4
1
18
119
281
443
509
510
516
375
233
150
408
463
424
431
337
244
178
135
87
60
31
19
11
11
11
18
45
49
26
19
1
0
1
0
2
0
10
28
45
60
72
90
86
43
22
16
25
17
15
25
65
106
166
248
255
228
269
301
339
371
372
324
237
196
216
174
113
186
197
134
76
84
153
155
99
75
92
74
46
12
19
15
36
50
64
71
96
134
171
183
178
170
138
118
81
86
82
89
80
59
50
37
22
10
7
6
6
12
55
145
201
232
258
282
285
301
290
287
250
215
182
144
104
42
29
17
20
27
30
43
51
60
62
56
49
36
24
42
54
67
85
120
159
190
202
214
310
526
818
938
889
704
525
402
396
370
414
459
658
902
993
1041
1073
1073
1000
1061
940
919
864
704
663
549
382
210
110
176
346
473
540
530
495
354
306
393
510
603
634
717
756
746
665
612
469
302
238
232
303
324
257
96
23
15
22
58
74
59
52
47
34
29
13
21
26
11
14
37
53
88
113
125
149
150
147
198
245
227
253
344
395
595
1074
1730
2408
3177
3876
4469
4962
5410
5678
5954
5983
6025
5975
6030
5783
5727
5636
5517
5544
5396
5247
5322
5353
5293
5166
4894
4664
4307
3594
3009
2403
1823
1395
1257
992
696
541
858
1117
1130
930
1663
2186
2528
2763
3215
3225
3088
3086
3258
3453
3561
3869
4009
4296
4152
3438
2833
2795
2895
2911
2742
2613
2514
2302
2239
1973
1617
1211
943
913
1063
1057
973
885
823
684
565
576
703
686
595
680
748
819
742
637
493
337
271
291
273
217
254
305
430
586
796
922
1058
1080
1251
1415
1474
1397
1248
1052
1019
875
805
772
606
486
431
374
397
383
322
279
244
231
223
196
173
149
195
199
238
344
390
266
277
194
194
234
288
277
317
559
809
601
749
812
1061
1563
2066
2568
2880
3109
3369
3557
3803
4067
4197
4270
4382
4467
4561
4571
4461
4250
4008
3910
3896
3993
4011
3924
3796
3566
3464
3504
3314
3070
2660
2286
1944
1649
1558
1649
1642
1598
1553
1516
1494
1345
1210
1048
851
656
445
295
207
208
331
456
686
1026
1251
1480
1619
1853
2140
2459
3002
3831
4684
5527
6500
7281
8281
9107
9548
9709
9482
9260
8988
8662
8234
7770
7552
6655
5897
5123
4369
3836
3227
2808
2465
2135
1840
1664
1613
1572
1466
1379
1206
928
717
486
654
215
311
406
467
452
448
487
518
510
451
343
329
280
281
354
350
345
333
334
339
322
302
267
178
120
60
32
45
86
127
230
202
176
197
224
220
177
207
171
190
202
229
208
188
185
153
134
95
48
32
30
45
34
29
26
12
14
4
0
0
2
0
0
0
2
1
1
1
1
0
0
0
4
3
5
4
4
7
6
6
2
11
11
22
29
32
54
49
25
20
24
40
47
32
15
9
3
1
1
2
3
4
7
6
9
16
19
21
16
14
6
13
13
7
25
29
55
70
62
88
159
193
171
165
205
259
240
236
297
510
618
587
498
559
578
197
282
302
353
411
552
783
1020
1227
1317
1201
1055
651
39
137
251
261
307
364
362
352
323
266
207
121
39
13
1
2
1
0
6
8
13
28
39
23
34
17
3
4
18
29
28
10
4
0
0
2
0
0
0
1
0
0
0
0
0
0
3
7
17
15
14
13
6
8
26
15
4
0
2
0
0
0
9
18
13
10
27
64
113
150
162
150
93
45
16
4
0
6
25
23
28
19
2
0
0
0
0
0
0
5
14
16
11
2
1
0
0
0
0
1
21
47
100
110
90
96
94
91
82
68
81
80
75
58
77
114
122
141
148
161
207
206
204
188
154
176
184
109
58
64
78
74
56
93
137
176
225
212
195
165
123
130
128
170
245
271
314
288
312
383
373
445
461
322
169
201
205
432
560
287
256
292
300
176
458
358
261
363
197
155
430
302
304
270
190
92
33
26
23
40
67
89
126
115
161
178
228
269
341
445
603
746
800
866
831
824
826
724
707
611
586
480
429
369
335
321
223
208
163
209
332
449
590
771
744
774
736
605
535
413
390
461
587
723
898
938
930
942
894
821
722
391
277
528
707
731
710
689
608
518
326
211
151
197
306
362
404
414
444
407
400
404
368
362
431
526
554
585
579
525
417
341
294
255
197
127
94
118
117
128
112
112
88
74
46
49
25
17
16
15
33
47
39
21
10
7
0
0
0
0
1
2
4
5
6
24
41
295
908
1660
2317
2850
3492
3731
3807
3641
3733
3744
3573
3527
3014
2650
2126
1728
1326
906
401
303
539
700
706
617
553
453
267
139
204
260
344
419
524
576
590
616
585
602
458
403
306
263
251
243
222
212
196
263
272
356
468
457
366
564
95
71
54
35
19
28
55
66
44
34
36
18
0
3
16
38
64
71
45
21
14
19
18
2
11
11
15
6
5
12
21
13
14
20
53
137
235
444
843
1214
1503
1834
2120
2613
2890
2976
2837
2657
2475
2778
2314
2432
2463
2370
2599
2455
1519
499
565
449
458
429
424
381
313
245
176
105
76
103
101
82
24
2
3
10
15
27
44
43
55
47
24
7
6
7
7
4
4
2
7
13
5
9
10
11
17
23
32
53
105
158
193
180
159
121
48
8
4
31
40
36
27
15
19
41
48
31
44
49
54
36
28
26
19
23
11
4
8
11
13
19
14
12
6
4
2
1
0
0
0
0
0
0
0
3
5
1
0
0
0
0
0
0
0
0
0
1
3
7
7
5
11
44
165
325
428
474
450
416
380
288
214
128
63
27
7
5
3
27
52
105
46
16
37
73
44
22
65
149
242
311
328
319
298
276
268
232
192
98
29
6
7
10
6
6
2
8
15
21
16
19
19
28
66
106
123
96
91
56
31
18
15
21
26
27
29
37
27
54
50
39
26
1
2
0
2
1
0
0
0
0
0
1
0
0
0
0
0
0
1
0
0
0
0
0
0
5
5
5
6
3
1
0
0
0
0
0
0
0
0
2
0
5
4
3
4
5
3
3
3
1
0
0
1
1
0
0
0
0
0
0
0
0
0
0
0
3
0
0
0
4
15
9
0
0
0
1
0
0
0
2
21
37
12
4
10
34
21
14
28
12
6
5
7
4
15
184
484
966
1314
1638
1806
1909
2098
2287
2071
2011
2155
1966
1759
1928
1904
1918
2079
2243
2541
2878
3056
3204
3551
3824
4057
4347
4477
4167
3784
3573
3336
3293
3102
3055
2978
3108
3474
3459
3271
3007
2810
2821
3146
3325
3491
3508
3511
3640
3741
3903
4056
4522
4727
4297
3482
2388
1426
1148
1159
1274
1215
1437
1638
1538
1663
1681
1734
1801
1536
1189
775
791
999
1296
1444
1389
1122
779
422
280
253
346
416
382
290
386
511
686
875
1034
969
955
819
764
748
725
643
529
444
312
141
206
428
491
527
509
586
830
878
815
727
727
667
522
308
111
20
26
123
196
194
168
209
358
556
715
775
875
945
1015
1098
1105
1116
1004
835
732
586
534
484
417
317
197
296
315
182
122
141
187
226
48
110
125
56
11
2
5
22
44
159
395
927
1412
1300
1037
443
698
1336
1914
2575
3070
3669
5893
4073
3107
1811
1114
828
859
901
918
767
565
303
194
134
152
238
246
262
209
161
136
98
80
94
56
38
18
16
25
11
9
13
14
8
4
5
6
9
19
13
16
75
156
85
2
38
89
30
134
255
581
962
1181
1295
1262
1146
991
922
828
699
621
589
578
483
483
422
412
431
364
323
274
247
241
269
300
322
385
480
547
648
781
781
642
391
229
69
29
14
25
17
31
116
168
215
268
327
308
252
204
163
136
132
114
76
39
41
9
2
0
0
1
12
45
128
132
195
277
377
488
528
570
583
561
534
496
460
400
351
341
288
189
110
60
42
24
25
23
85
199
238
244
200
144
179
172
246
246
248
247
293
396
464
452
469
562
651
859
1300
1730
1888
1904
2055
2260
2642
3273
3795
4231
4623
4885
5156
5473
5878
6174
6198
6018
5740
5354
4866
4642
4198
3802
3322
2800
2431
2090
1786
1894
2314
2645
2571
2276
2160
2116
2128
2189
2259
2199
2272
2419
2212
2115
1974
1682
1365
654
484
738
1131
1445
1723
2077
2080
1987
1721
1306
866
392
298
543
871
900
720
676
692
685
645
565
426
420
528
555
666
669
593
456
294
183
145
112
79
67
114
183
157
46
21
28
54
86
93
69
50
49
104
183
175
142
92
47
43
68
817
139
122
70
46
34
16
16
47
56
44
38
25
19
26
17
12
24
32
44
29
40
34
9
9
8
5
6
9
20
46
72
65
72
42
20
10
32
4
2
0
0
2
4
5
9
3
6
4
2
4
0
1
0
0
15
17
8
7
0
0
2
1
0
0
0
0
1
6
0
0
0
5
0
46
145
107
14
0
26
71
62
32
9
0
1
2
3
9
21
21
20
13
27
27
11
12
11
22
45
71
130
163
172
147
183
195
246
312
310
293
286
237
203
190
159
145
109
110
118
139
178
276
355
470
563
520
428
365
293
219
173
113
85
60
124
172
187
196
179
144
85
58
78
86
76
78
71
86
120
199
195
202
238
275
313
371
403
575
696
802
890
972
1033
1125
1349
1382
1560
1716
1858
1885
1938
1953
1982
2009
2141
2131
2044
2082
2146
2179
2119
2154
2214
2285
2230
2212
2152
2143
1986
1881
1852
1615
1343
1051
788
603
444
326
216
162
225
332
477
654
851
893
982
1035
1163
1372
1819
2373
2652
2683
2626
2623
2653
2681
2831
2683
2637
2590
2496
2443
2413
2323
2303
2172
1939
1863
1621
1326
1078
799
614
414
320
175
199
3
2
1
0
2
3
2
10
7
12
16
18
29
44
50
47
42
18
7
49
84
84
61
51
50
48
36
31
25
24
17
9
3
1
1
0
0
0
0
0
0
2
0
0
0
0
0
5
5
8
10
12
8
1
0
0
0
0
0
0
4
3
12
7
11
5
4
1
1
0
0
0
0
0
0
0
0
1
0
0
0
0
0
0
0
0
0
0
0
0
0
0
0
4
13
15
12
16
37
69
131
277
435
498
611
813
958
993
917
743
699
681
624
473
260
253
272
201
124
130
116
90
60
40
25
15
4
2
0
6
13
5
2
16
71
182
273
326
322
333
231
119
189
301
387
432
413
393
387
343
395
523
756
961
1133
1216
1077
585
782
1042
1070
1454
1796
1916
1937
2024
2016
1960
1849
1627
1334
1023
826
860
1102
1397
1507
1390
1299
1263
1259
1220
1186
1101
955
885
789
770
671
563
408
289
172
93
34
23
98
231
447
471
428
703
751
740
491
481
721
664
564
591
629
765
835
892
1002
1088
1124
1018
722
863
1169
1422
1470
1487
1438
1358
1296
1200
1095
982
899
845
772
753
688
692
596
515
423
373
283
226
214
221
266
242
225
228
197
180
90
52
60
68
67
59
46
18
2
3
8
31
53
57
73
80
91
90
109
87
103
122
111
111
129
160
198
287
345
458
529
610
684
802
1095
1590
2168
2668
3338
3871
4548
4678
4638
4520
4443
4042
3729
3443
3231
2986
2779
2800
3038
3104
2904
2884
2725
2099
1807
2414
2837
3138
3120
2873
2803
3434
3722
3337
2534
2177
1731
2284
2494
2497
2679
2459
1910
2122
2229
2063
1908
1870
1749
1782
1668
1595
1341
1263
1299
1571
1598
1266
1031
722
751
677
695
901
935
906
779
645
670
765
955
1190
1474
1805
2160
2659
3149
3497
3670
3579
3427
3247
3170
2810
2405
2083
1938
1750
1624
1530
1374
1199
1086
1229
1303
1376
1346
1169
961
744
569
484
625
805
914
1077
1174
1285
1269
1250
1087
931
813
735
703
693
691
717
743
786
840
901
905
838
727
632
476
396
427
442
426
365
234
87
106
257
259
137
100
391
576
700
770
754
575
470
659
648
538
569
562
519
444
313
154
48
67
109
150
94
42
6
24
94
149
161
177
123
59
14
62
154
266
443
587
659
682
700
636
405
404
469
448
439
432
391
322
223
91
16
6
19
33
35
43
74
117
240
368
487
576
622
674
768
836
952
1086
1220
1357
1432
1554
1721
1948
2067
2395
5129
3326
3452
3529
3380
3191
2902
2649
2278
2430
2309
2263
2311
2426
2496
2292
2014
1684
1570
1567
1534
1478
1426
1406
1339
1199
1093
1033
898
712
515
409
364
348
353
305
275
249
207
200
194
235
390
568
673
670
636
587
393
457
645
701
645
766
817
785
674
539
288
35
33
175
343
441
452
548
595
683
670
607
602
574
557
656
751
682
599
511
508
526
516
503
533
534
507
479
418
351
239
131
43
27
23
21
32
58
170
340
403
358
193
177
173
141
88
62
35
13
2
3
14
64
129
342
672
937
920
733
614
419
440
896
1115
932
436
420
713
827
801
435
340
496
611
645
556
511
505
487
462
380
290
238
223
196
171
157
151
147
129
122
149
206
311
417
461
549
603
619
619
595
598
598
629
639
626
611
557
499
412
339
296
238
94
88
299
441
511
523
531
494
439
352
276
180
94
108
352
557
690
760
751
737
570
302
741
984
1028
893
842
730
715
620
521
393
286
178
128
125
258
434
573
658
646
552
322
107
68
147
477
674
814
937
820
564
549
495
536
561
585
584
550
501
388
277
194
142
183
179
193
287
335
383
465
512
613
659
662
704
714
640
540
585
609
567
500
446
443
538
571
758
823
885
882
789
667
564
473
383
318
244
196
114
56
10
23
35
26
36
33
42
88
136
168
187
174
163
139
121
98
102
91
95
57
15
4
1
0
0
0
1
2
7
20
49
90
122
165
250
334
443
568
691
800
917
1034
1111
1210
1274
1397
1429
1505
1510
1471
1376
1330
1235
1102
936
862
829
819
839
805
795
745
715
679
673
690
705
752
870
948
1116
1348
1712
2240
2675
3094
3357
3291
3146
3013
2791
2519
2065
1654
1300
1186
1089
1149
1129
1166
1254
1418
1480
1480
1405
1218
871
377
146
377
597
715
827
861
851
823
755
648
526
413
304
215
140
157
202
235
271
346
407
514
697
898
1119
1073
866
754
720
649
526
495
541
632
633
697
675
634
618
630
560
411
266
137
73
107
149
107
35
29
19
63
66
56
134
289
396
330
323
372
474
608
659
566
485
472
466
649
762
751
602
694
677
552
498
507
369
467
405
500
589
754
746
768
862
964
885
785
629
543
453
361
300
329
416
553
674
805
871
915
930
867
824
731
632
508
439
391
336
322
380
392
393
416
396
367
322
252
185
156
107
93
261
541
742
1059
1255
1396
1571
2934
1355
1519
1537
1415
1409
1518
1698
1836
1635
1192
1001
831
767
860
896
933
966
1145
1371
1574
1739
1872
1915
1825
1704
1562
1359
1203
1114
933
796
673
555
464
421
368
271
214
329
565
608
599
623
657
660
667
706
717
678
652
687
833
916
1063
1105
1150
1109
1118
1115
1107
1055
979
846
752
669
619
754
803
799
742
713
683
706
798
837
905
934
973
816
620
414
314
228
161
122
122
163
193
196
221
232
237
294
311
336
371
335
333
321
316
272
216
158
120
82
63
112
86
29
4
15
7
4
5
5
5
10
10
8
4
1
0
0
4
8
13
13
12
29
86
176
360
528
437
656
734
799
732
542
290
222
332
531
585
587
609
530
378
232
145
125
267
489
621
550
369
464
697
944
1346
1482
1412
1534
1435
1207
1252
1682
2068
2388
2544
2667
2553
2461
2419
2623
2777
2911
2961
2843
2699
2451
2225
1963
1794
1580
1370
1368
1560
1649
1720
1772
1834
1775
1705
1572
1428
1286
1115
921
800
635
481
361
291
212
194
178
169
181
223
230
240
215
220
281
386
565
733
940
1048
1131
1228
1253
1074
988
995
1007
961
690
517
591
758
1067
1562
2094
2512
3049
3251
3156
2713
2147
1595
1767
2042
2112
2380
2576
2493
2330
2198
1913
1729
1655
1604
1638
1578
1528
1404
1277
1199
1170
1095
971
928
804
622
444
325
379
540
844
1022
1277
1394
1497
1579
1606
1700
1643
1539
1473
1276
1066
918
794
764
703
679
944
1459
2168
2779
3322
3641
4009
4082
3949
4272
4553
5139
5515
5346
5332
5249
4852
4125
3270
2367
1898
1197
990
1136
1893
2484
3238
3907
4808
4936
5138
4893
4050
3232
2458
2336
1577
1386
1800
2015
1983
1767
1226
665
193
185
329
496
665
738
755
680
549
422
245
135
69
40
68
130
154
182
157
113
106
63
31
22
11
0
3
22
47
62
61
55
52
33
12
0
0
0
6
21
41
62
65
64
51
35
20
8
3
7
6
4
0
0
0
1
2
1
1
2
2
2
0
0
0
0
6
115
318
387
386
317
305
196
166
210
158
66
30
34
78
87
116
132
164
169
115
96
54
35
19
8
4
2
7
9
9
51
184
493
882
1331
1634
1905
2049
2183
2196
2199
2307
2483
2713
2797
2909
2941
2936
2837
2700
2545
2372
2213
1926
1661
1500
1343
1104
980
731
509
395
307
232
188
149
105
80
118
231
350
476
572
678
847
991
1108
1147
1126
1120
1096
1108
1259
1310
1458
1414
1421
1344
1416
1466
1449
1581
1818
2136
2526
2922
3231
3402
3556
3613
6695
4199
4194
4222
4005
3904
3814
3681
3448
3026
2538
1981
1450
982
581
220
52
6
107
539
1375
2482
3477
4268
4834
5236
5480
5622
5739
5761
5560
5388
5181
4777
4454
4062
3515
2974
2347
1803
1382
987
634
410
209
120
79
80
108
131
131
156
107
96
58
33
8
18
28
57
97
142
213
276
229
336
562
982
1157
1215
1053
851
686
488
343
351
494
621
723
815
811
863
797
756
737
672
620
529
453
340
248
139
100
69
46
33
40
51
42
32
24
22
10
9
10
5
8
7
6
10
5
5
5
3
0
1
0
0
0
0
0
0
0
0
0
8
123
502
919
1193
1207
1168
1062
1138
1480
1832
2052
2263
2296
2042
1689
1215
985
908
884
927
960
966
947
948
842
706
590
461
341
284
217
183
165
210
197
200
215
235
218
243
285
376
539
652
756
806
885
910
878
754
556
420
370
437
425
305
113
13
220
426
503
474
480
494
556
562
548
485
592
813
1069
1210
1408
1352
1396
1407
1356
1323
1364
1355
1346
1362
1400
1371
1278
1142
1089
1015
909
885
831
686
628
577
546
490
648
692
588
486
243
118
141
107
66
166
253
278
269
202
173
146
110
199
208
143
109
130
167
198
264
380
426
496
617
785
982
1100
1186
1030
978
1006
1084
1154
1200
1210
1183
1279
1313
1380
1607
1623
1683
1872
1873
1879
1788
1622
1397
1200
1241
1226
1116
998
902
846
800
781
746
723
680
666
631
615
633
599
594
571
456
418
351
346
283
257
315
346
358
406
547
609
700
844
913
1018
1090
1186
1240
1312
1395
1416
1462
1640
1639
1743
1911
2101
2063
1894
1563
1493
1329
1169
916
927
993
1171
1391
1490
1550
1503
1452
1443
1369
1510
1673
1894
2072
2128
2107
1910
1668
1529
1384
1180
1129
1178
1321
1550
1648
1703
1705
1694
1740
1804
1792
1621
1423
1261
1158
1070
1007
950
856
800
658
622
629
555
572
570
646
699
846
992
1125
1185
1130
1078
1006
920
717
655
661
777
1150
1519
1917
2131
2312
2541
2761
2864
3051
2978
3092
3196
3114
3156
3007
2755
2473
2244
1965
1859
1831
1751
1503
1260
1004
822
780
638
783
902
1013
1037
1030
972
843
670
502
424
379
320
285
232
205
161
149
138
121
107
75
88
109
130
173
166
127
149
161
191
208
287
308
310
257
282
283
297
377
396
460
461
454
399
456
709
1244
1995
2545
2898
3084
3032
2953
2681
2247
1889
1623
1540
1589
1611
1659
1725
1729
1731
1729
1824
1826
1592
1220
758
366
377
549
900
1396
1747
1951
2153
2224
2263
2285
2306
4037
2111
1994
1971
1727
1587
1425
1270
1093
1114
1042
924
833
735
615
533
472
465
491
539
605
560
574
545
479
392
325
247
216
159
123
118
123
118
113
111
105
81
56
38
12
2
2
3
3
19
53
77
78
79
72
67
53
37
21
16
10
5
9
18
63
106
194
276
353
428
434
464
454
452
440
418
366
306
244
232
212
200
185
193
197
200
270
267
280
308
364
404
484
457
524
536
530
576
579
541
582
574
633
638
619
700
695
688
759
766
773
782
830
766
780
713
641
555
459
386
302
212
127
121
253
376
376
437
413
360
386
489
621
804
935
943
905
942
884
869
832
824
803
736
694
760
803
832
929
1090
1252
1376
1488
1647
1743
1877
2194
2515
2867
3242
3710
4084
4577
4972
5283
5545
5767
5948
6029
6055
6116
6050
6090
5943
5848
5582
5346
4775
4013
3203
2558
2008
1443
991
621
489
687
1018
1529
2018
2449
2863
3247
3687
4052
4335
4445
4437
4355
4231
3963
3750
3410
2949
2573
2207
2136
2161
2107
1920
1719
1479
1292
1487
1435
1110
1105
1109
1190
1220
1068
812
756
762
629
455
272
325
484
553
632
659
674
626
581
477
416
302
203
212
183
151
123
75
120
314
430
431
301
227
180
204
227
339
441
544
542
543
527
535
533
491
425
452
500
557
729
879
974
1047
1030
836
698
589
566
555
532
465
462
350
292
349
384
529
620
683
727
792
832
861
965
932
841
796
736
681
680
687
663
652
625
519
440
383
302
293
292
351
541
672
793
705
385
200
49
38
153
277
345
395
406
362
343
292
213
160
182
168
124
102
94
81
78
71
48
30
37
109
275
401
508
718
778
880
942
885
860
765
635
531
547
583
641
645
745
747
760
823
909
880
848
973
1092
1046
1097
1179
1196
1128
1051
842
651
601
672
733
813
885
984
900
712
848
798
617
585
631
832
996
1055
1060
994
952
798
545
739
812
833
860
941
884
818
758
725
658
729
807
994
1195
1606
1834
2192
2405
2393
2412
2265
1909
1639
1340
1178
981
815
704
588
605
663
676
639
443
234
99
33
37
109
137
84
15
10
30
40
28
10
7
17
39
69
73
94
122
222
397
472
576
576
587
537
493
489
447
422
390
361
319
311
296
304
299
237
251
215
184
189
137
102
77
48
38
47
66
85
57
72
73
69
42
40
48
39
42
27
23
22
38
27
0
0
4
10
37
85
234
440
627
797
986
1133
1241
3114
1565
1551
1528
1461
1423
1282
1189
1099
1046
1081
1112
1172
1352
1352
1396
1329
1276
1117
1057
876
753
678
602
489
417
342
250
200
238
235
214
123
51
148
303
291
340
526
614
660
698
682
569
432
329
314
400
406
358
266
208
140
158
273
414
515
588
600
557
525
460
411
430
455
449
496
543
627
681
650
704
714
707
667
677
656
635
594
537
608
720
682
670
649
644
398
311
225
204
162
111
67
28
44
82
102
90
76
107
86
79
111
139
183
253
216
155
114
140
188
183
152
116
86
96
87
35
21
17
2
8
18
46
94
77
90
111
128
141
156
212
232
283
341
374
447
473
551
597
675
743
736
858
858
945
914
975
1006
1009
980
964
991
935
879
806
685
571
420
249
148
47
33
20
108
259
503
729
987
1077
1157
1166
1344
1725
2192
2626
3134
3443
3531
3628
3532
3261
3172
3043
3029
3083
3212
3171
3193
3032
2840
2709
2595
2472
2362
2279
2240
2125
2030
1993
1852
1711
1394
1165
884
682
458
331
333
340
265
203
336
525
527
370
255
181
136
98
55
33
21
15
12
6
17
10
8
16
12
14
15
36
52
85
146
226
265
299
291
274
255
207
190
131
79
59
52
59
71
169
306
420
460
444
384
338
268
251
233
238
257
277
273
243
205
179
158
128
60
32
42
69
45
47
16
6
15
24
25
12
27
63
84
82
91
60
60
130
65
78
110
59
56
143
263
332
448
528
612
734
805
849
844
810
755
844
908
987
930
955
946
924
975
931
893
862
783
735
670
636
593
497
497
548
666
855
1224
1588
1986
2456
2959
3268
3438
3682
3660
3741
3899
3911
3847
3495
3104
2591
2101
1764
1592
1454
1281
1174
1106
1135
1195
1043
806
790
1034
1348
1439
1320
1219
923
691
546
434
469
458
449
560
816
1081
1394
1673
1757
1508
1206
877
738
740
743
906
976
892
922
843
489
265
363
287
524
550
422
444
672
782
643
558
816
946
851
889
1041
1143
1151
1108
1079
827
595
1468
1960
2104
1580
935
2212
3252
3274
2824
1698
1132
1877
2170
2103
1797
1294
652
872
1195
1224
1083
966
1143
1848
2453
2973
3361
3652
4186
4680
5019
4826
4420
3729
3048
2481
1842
1170
513
204
625
985
1202
1317
2276
2918
2831
2597
3891
4310
4236
3642
3266
2590
2219
2272
2383
2339
2547
2110
2848
3331
2861
2019
2916
2566
1814
1445
2045
2850
2959
2807
2694
2551
2179
1793
1892
1280
2212
2934
2943
2831
2685
2663
2750
2760
2700
2620
2557
2376
2322
2286
3776
1458
1293
1226
1185
1315
1536
1487
1250
936
1197
1569
1639
1689
1394
1074
889
763
913
843
698
609
544
459
316
241
252
445
892
1385
1927
2617
3328
3871
3958
3850
3727
3648
3461
3321
3379
3224
3265
3087
2949
2739
2380
1978
1630
1313
1100
1061
923
779
662
529
391
300
190
121
114
157
264
336
468
476
500
524
510
523
495
489
474
452
408
375
313
228
178
129
123
188
219
235
217
218
268
404
738
1292
1745
2022
2245
2199
1904
1723
2045
2444
2905
2925
2818
2526
2515
2305
2338
2691
2624
2389
2187
1816
1311
1209
1505
1834
2275
2350
3003
3388
3680
3484
3687
3824
3789
2458
2466
3119
3796
3687
3563
3166
2554
1826
1750
1939
2197
2470
2576
2572
2666
2874
3025
2831
2197
1683
1536
1837
2116
2933
3236
3367
3367
3629
4023
4475
4820
4923
5181
5245
4797
4725
4778
4247
4375
4033
4125
3948
3717
3341
3077
3441
3202
2282
2205
1923
1877
2845
3757
4526
5385
5397
5236
4716
4354
4193
3517
2405
1403
1452
1345
903
708
565
447
362
309
313
366
406
390
309
269
243
200
148
135
190
232
282
270
251
330
383
375
383
397
428
409
439
462
506
557
548
547
648
767
872
979
1142
1234
1214
1126
1054
1046
1027
906
776
767
822
962
1019
1079
1082
1042
920
965
1351
1646
1704
1571
1473
1438
1433
1406
1292
1028
724
603
415
311
349
451
600
787
850
809
775
710
646
568
593
577
545
525
873
1531
2052
2414
2717
2718
2449
2007
1376
1294
1358
1753
2048
2205
2412
2354
2284
2452
2634
2804
3266
3274
2901
2378
1873
1078
1580
2332
3207
3595
4513
4738
4460
4430
4407
4038
3497
2799
2502
2592
2646
2478
2148
1883
1786
1783
1774
1841
1994
1949
1924
1963
2025
1819
1602
1261
993
724
464
296
211
172
116
75
48
53
97
120
150
183
158
122
118
152
198
258
245
217
197
269
365
405
317
207
110
64
51
52
63
53
78
81
96
103
152
236
256
273
282
258
218
195
153
139
133
107
97
91
70
59
36
34
28
56
85
91
88
81
61
40
39
62
63
60
58
83
66
79
36
7
1
8
11
5
0
0
0
0
0
4
10
14
23
28
28
38
43
62
70
98
127
123
130
153
194
195
170
161
123
79
50
15
5
0
0
0
11
20
16
27
39
60
62
41
19
6
16
23
59
63
44
14
6
1
7
2
0
0
0
9
23
59
119
135
140
164
153
131
76
50
52
47
54
37
45
54
51
45
32
8
2
3
9
5
0
0
0
0
1
17
43
80
61
69
64
23
29
129
48
14
13
24
53
24
5
5
22
2
2
0
11
1
11
14
7
8
17
22
3
3
4
1
0
0
0
1
0
0
0
4
7
5
6
6
0
0
0
0
0
0
0
0
0
44
220
293
234
105
72
61
51
69
52
26
9
62
157
171
139
95
58
90
212
348
427
503
521
734
946
1196
1233
1272
1151
994
943
1020
1021
917
724
640
608
584
521
493
521
515
616
706
798
731
773
848
961
1003
891
846
719
708
609
623
624
628
552
457
403
306
315
283
294
253
319
315
340
398
467
581
651
698
812
843
839
842
747
736
595
498
511
448
448
497
605
815
1153
1465
1594
1584
1502
1371
1181
1046
940
852
762
647
563
447
376
240
147
103
77
49
41
52
83
93
87
65
27
24
30
39
50
67
95
99
163
243
416
567
529
361
226
142
171
253
346
423
494
594
707
774
973
1163
1321
1280
1190
1091
934
899
927
1066
1264
1449
1658
1957
2445
2875
3097
3115
2672
2316
2065
1891
1686
1463
1329
1366
1312
1379
1506
1707
1782
1804
1613
1354
1140
866
632
502
395
321
298
312
325
346
268
191
114
82
125
191
223
223
196
179
154
124
109
138
213
435
556
579
588
553
463
401
337
268
221
147
63
22
24
31
55
143
252
348
335
250
205
163
141
107
64
21
1
10
43
54
74
113
214
421
618
828
996
1175
1411
1580
1939
2264
2503
2556
2500
2535
2397
2410
2304
2134
1905
1609
1420
1285
1065
869
704
524
352
279
226
223
266
250
237
186
152
126
98
141
217
238
148
14
107
137
110
193
324
226
113
200
269
354
354
177
62
72
75
58
11
8
25
12
1
1
1
1
0
0
0
0
0
0
0
0
0
0
0
0
0
0
0
0
0
0
0
0
0
0
0
0
0
0
0
0
0
0
0
0
0
0
0
0
0
0
0
0
0
0
0
0
0
0
0
0
7
6
17
32
24
16
9
0
2
14
22
24
12
14
17
22
25
41
65
81
51
38
21
11
26
91
195
382
671
1052
1330
1444
1558
1479
1358
1224
953
677
444
227
94
40
57
82
140
298
379
465
483
527
548
532
572
625
576
557
656
765
963
1199
1308
1404
1367
1294
1059
800
505
370
345
353
324
329
303
206
136
174
190
135
126
135
172
194
152
182
192
281
280
299
280
290
301
373
435
508
616
619
759
744
847
870
997
1117
1156
1277
1404
1403
1488
1614
1610
3210
1473
1547
1589
1511
1388
1309
1124
998
871
687
276
93
177
347
576
635
640
960
1341
1553
1605
1514
1400
1194
1035
805
650
618
461
445
506
527
596
625
704
956
1294
1449
1590
1672
1704
1868
2012
2366
2794
3042
3313
3282
3594
3768
3848
3941
4106
4325
4323
4213
4017
3434
2739
2090
1421
916
506
392
341
294
307
613
1065
1476
1763
1981
2198
2367
2549
2782
3096
3169
3144
3029
2877
2574
2249
1806
1244
899
709
582
495
434
394
435
423
428
459
534
634
813
1062
1322
1441
1553
1749
1885
2026
2060
2064
2154
2147
2128
2162
2362
2403
2218
2127
1959
1728
1318
858
664
628
789
743
628
699
1018
1232
1088
855
792
732
727
697
605
559
550
431
315
247
383
641
598
485
466
439
369
358
502
781
1056
1188
1126
947
699
483
369
428
666
772
746
724
783
904
1001
1028
1037
1252
1410
1357
1185
796
435
365
585
1000
1462
1396
1205
916
725
546
680
796
861
871
1060
1252
1356
1403
1286
1153
1004
986
977
831
762
836
980
1109
997
1004
955
796
722
724
716
683
656
560
466
458
403
366
320
381
521
1006
1575
2121
2403
2478
2487
2260
1789
1116
462
213
182
170
153
191
311
394
475
485
518
601
664
726
793
873
1096
1435
1836
2306
2806
3395
3720
3912
3775
3635
3392
2963
2421
1953
1583
1276
1207
1348
1573
1907
2307
2892
3602
4194
4352
4497
4471
4242
3927
3511
2950
2257
1486
869
424
126
324
949
1917
2882
3479
3933
4392
4528
4614
4481
4031
3511
3206
2845
2589
2474
2286
2204
2218
2244
2169
2172
2097
1947
2175
2226
2199
1883
1512
1282
1027
859
814
937
1057
937
739
571
449
381
337
312
246
220
192
164
134
117
102
92
72
63
83
171
271
228
222
189
132
86
66
60
53
50
50
73
92
132
135
116
111
82
85
70
82
89
67
64
64
100
190
267
301
231
197
102
30
237
355
365
132
31
96
30
46
56
11
28
144
161
21
48
77
54
48
14
123
109
19
4
3
1
3
6
63
88
79
122
113
59
77
47
230
443
218
9
18
26
15
9
12
8
3
11
67
165
234
157
48
26
17
13
14
5
2
3
1
7
2
0
0
0
1
0
2
3
0
4
3
2
0
0
0
0
0
0
0
0
0
0
0
6
53
206
392
526
636
692
649
523
391
322
291
262
195
210
273
210
89
90
113
97
23
13
12
6
18
112
237
195
79
50
116
197
292
270
165
100
126
172
170
155
133
263
567
833
1002
1040
921
821
690
534
1183
583
732
824
989
1179
1337
1516
1632
1614
1482
1308
1170
1071
925
772
633
489
395
389
473
561
712
816
937
1075
1251
1569
1756
1974
2087
2031
1879
1696
1578
1495
1393
1185
983
796
661
509
492
522
647
807
1030
1130
1243
1249
1306
1241
1009
721
577
469
554
532
332
116
35
39
52
55
30
18
13
6
16
19
38
52
63
41
23
12
7
1
0
2
5
7
22
42
83
99
108
164
227
231
248
253
271
321
372
425
566
637
678
535
387
221
187
201
198
317
397
456
463
477
518
565
593
456
375
336
315
375
606
480
446
280
194
273
219
205
367
601
598
541
312
221
174
114
142
122
172
191
204
252
389
639
863
1017
990
873
717
548
423
455
435
510
508
550
619
516
391
262
207
218
198
203
190
167
150
115
145
257
386
426
518
568
568
608
707
827
1015
1227
1442
1483
1412
1175
1038
973
860
935
969
1145
1318
1287
1175
1010
878
855
867
795
705
645
617
556
474
419
326
226
137
118
82
51
56
82
75
34
55
79
129
180
121
49
182
147
89
92
133
190
389
701
531
535
313
336
409
549
587
596
451
436
477
468
578
727
1246
1205
1613
1823
1891
1920
2114
2193
2379
2387
2439
2488
2465
2373
1995
1729
1372
1014
746
636
464
389
342
320
364
382
407
483
522
496
470
427
408
416
460
494
639
719
776
866
947
1167
1282
1480
1588
1609
1723
1711
1662
1634
1492
1336
1253
1025
848
547
339
156
92
50
28
21
29
41
63
94
184
221
120
75
79
75
109
84
69
64
65
60
73
51
34
10
10
7
2
0
0
1
0
0
0
0
0
0
0
1
0
0
0
0
1
0
0
0
0
0
0
0
0
0
0
0
0
1
0
0
0
0
2
0
0
0
7
9
8
5
8
7
6
1
5
7
11
18
23
31
54
53
76
96
88
88
99
95
94
76
92
78
50
40
15
8
0
0
0
2
0
0
0
0
0
0
0
0
0
0
0
2
8
11
13
6
6
1
0
0
0
0
0
0
0
0
0
0
0
0
0
0
0
2
0
0
0
0
0
0
0
0
0
3
1
3
6
7
7
21
16
17
23
20
24
29
54
45
57
58
56
59
61
54
50
19
8
4
1
5
0
5
40
169
457
1178
1764
2789
3839
4219
3953
3868
3878
4016
4999
5270
5176
5056
4940
4852
4330
3899
3372
2972
2686
2224
1696
1699
1620
1255
1096
993
847
819
1566
821
820
692
534
377
296
292
326
349
339
320
226
136
232
383
462
510
543
450
618
934
1299
1449
1535
1538
1106
952
726
643
644
584
282
314
432
461
298
238
256
394
509
703
801
843
1204
1379
1377
1327
1272
1093
877
568
287
211
257
251
236
139
60
42
10
12
40
132
274
351
429
436
241
186
176
434
589
582
470
419
267
218
163
88
49
35
46
49
75
89
61
81
114
136
257
334
469
549
571
650
684
823
993
1120
1267
1401
1615
1640
1502
1226
969
799
560
306
135
60
15
31
125
270
415
441
389
330
383
619
1243
1808
2142
2417
2434
2367
2302
2058
1695
1388
1131
1010
955
816
718
629
420
152
64
50
58
103
203
337
517
576
696
796
953
1302
1513
1717
1696
1503
1334
1133
819
520
410
329
289
240
116
48
72
197
416
655
831
973
1036
1013
886
718
512
428
358
281
244
203
166
111
76
77
43
8
5
5
13
12
19
29
52
53
44
33
34
21
18
2
0
0
0
1
1
0
0
0
1
0
0
0
0
0
0
0
0
0
0
0
0
0
0
0
0
0
0
0
0
0
0
0
0
0
0
0
0
0
0
0
0
0
0
0
0
0
0
0
0
0
0
0
8
83
152
56
17
30
4
32
0
22
12
1
0
11
32
1
6
1
10
4
6
10
16
16
13
10
12
15
29
39
24
15
10
21
27
16
3
1
1
0
0
0
0
0
0
0
0
0
0
2
6
22
25
22
17
26
44
45
36
43
72
156
318
421
509
457
396
216
117
110
139
154
134
142
158
161
163
136
110
98
73
75
108
181
210
155
82
48
77
65
41
67
71
77
76
90
74
47
60
50
59
54
81
98
91
92
81
69
101
135
127
128
145
155
216
237
251
320
317
340
366
355
366
394
406
426
568
712
919
917
878
746
647
439
257
241
424
466
400
335
421
489
649
695
857
1171
1391
1689
1670
1181
985
1044
1011
790
442
401
440
371
329
603
493
409
549
736
1041
1171
1155
1081
823
672
752
854
730
559
493
586
698
614
805
778
769
834
795
698
521
404
448
589
904
1408
1741
2034
2288
2631
3193
3630
3536
3532
3451
3409
3293
3653
4020
3832
3117
2156
1240
284
198
539
822
840
796
708
736
802
906
1025
1116
1084
986
889
825
984
939
677
561
521
407
451
470
579
822
1011
1267
1540
1703
1836
1876
1726
1586
1445
1193
1108
1062
1013
2866
1472
1379
1336
1298
1384
1563
1506
1489
1578
1569
1371
1236
1094
992
1005
899
762
571
323
148
104
170
275
604
997
1346
1655
1850
1971
1934
1947
1868
1768
1634
1480
1375
1217
1117
1136
1113
1171
1174
1293
1348
1399
1343
1333
1276
1282
1254
1215
1149
1092
991
928
874
776
708
644
612
510
476
388
390
346
314
363
405
379
326
226
140
95
42
26
31
37
14
25
16
15
25
43
55
24
36
28
33
51
30
105
120
107
136
151
165
165
162
150
119
106
83
69
42
29
22
12
4
0
1
1
34
96
132
139
141
103
81
80
109
162
231
253
227
190
169
160
142
130
116
112
131
149
139
111
137
119
144
134
146
160
189
243
304
316
305
376
308
304
245
263
291
335
425
498
522
514
413
336
209
170
162
191
241
345
382
429
404
407
399
363
322
234
155
53
23
23
37
41
32
23
3
5
15
21
19
27
47
37
46
76
106
134
146
188
164
192
188
185
200
171
189
148
104
89
71
51
49
23
17
28
31
46
47
50
35
47
41
39
37
34
28
8
2
9
11
12
2
2
1
1
0
0
1
0
1
2
3
34
124
173
155
128
91
66
54
54
31
31
43
35
36
26
19
14
10
16
75
140
169
181
182
198
324
488
939
1182
1428
1432
1411
1477
1754
2064
2226
2196
2242
2386
2464
2842
3059
3171
3510
3589
3707
3712
3515
3297
3141
3047
2846
2891
2877
2826
2792
2606
2458
2123
1899
1729
1535
1482
1514
1581
1548
1232
918
1085
1832
2359
2957
3733
4510
4957
5279
5476
5987
6336
6325
6212
5955
5940
6127
6513
7077
7480
7434
7305
7243
7469
7691
7514
7412
7209
7111
7163
7005
6557
5987
5390
4698
4091
3314
2965
2911
2940
2836
2800
2744
2525
2227
1601
1164
988
1114
1422
1759
1984
2131
2063
1979
2042
2200
2563
2685
2489
2132
1730
1548
1448
1271
1054
1012
916
851
817
822
815
979
1510
2106
2850
3723
4697
5605
6461
7190
7582
7706
7426
6733
5992
5868
6201
6793
7556
8196
8779
9476
10320
11144
12237
13057
13718
14469
14831
15088
15551
15514
15502
15344
15176
14328
12808
11133
9138
7502
6201
5867
6411
7528
8711
9910
11101
12153
13375
14868
16306
17724
18684
19149
19215
17710
15385
13499
13087
12620
12182
11189
10345
10061
9397
8405
7570
8087
9855
12165
14303
16268
18238
20011
22178
24316
25563
26742
26887
26831
26559
26045
24710
24141
24028
21961
19837
18610
17295
16005
15177
14501
14677
14281
13226
11967
10482
8721
7089
5794
4836
3879
3119
2681
2366
2115
2095
2308
2553
2553
2562
2580
2582
2451
2369
2357
2333
2378
2544
2581
2617
2780
3022
4283
3037
2834
2620
2504
2492
2329
2265
2100
1961
1675
1514
1381
1162
910
656
459
228
117
212
277
315
372
662
1137
1563
1916
2146
2567
2697
2551
2570
2835
3034
3242
3641
4363
4666
4541
4099
3816
3429
3208
3201
3212
3114
2960
2875
2750
2537
2330
2064
1981
1940
1724
1724
1993
2227
2498
2694
2878
3051
3311
3595
3988
4425
4688
4430
4288
4383
4315
4084
3637
3165
2664
2277
2003
1792
1695
1682
1684
1543
1375
1285
1239
1143
1146
1203
1429
1702
1853
1829
1569
1386
1334
1306
1349
1268
1167
1160
1007
930
814
773
699
625
510
407
220
89
178
370
563
690
780
784
766
685
533
362
201
97
82
120
128
106
84
86
115
180
279
462
594
697
728
746
830
888
918
978
1023
1048
1035
1041
972
984
1003
1095
1216
1350
1393
1374
1292
1229
1158
1104
1021
866
744
648
596
516
558
552
545
553
541
590
617
664
623
627
629
579
528
478
377
335
376
444
510
582
612
622
613
588
568
535
505
472
450
407
344
258
235
194
191
199
187
187
205
199
196
205
168
158
160
144
135
125
112
102
98
117
116
174
210
254
347
479
638
774
855
968
1068
1198
1302
1430
1702
2054
2433
2778
3091
3447
3806
4163
4449
4612
4858
5219
5493
5684
5782
5781
5576
5152
4830
4481
4174
4053
4201
4283
4372
4434
4561
4790
5247
5792
6734
7479
8208
8720
8847
8786
8349
8052
7937
7081
6579
6807
7348
7648
7067
6786
6495
6034
5757
5917
6067
6075
5815
5438
5257
5112
4805
4278
3898
3918
3616
3352
3190
3024
2830
2313
1751
1458
1009
487
254
102
104
35
34
30
42
45
62
47
74
54
70
74
44
38
38
48
30
33
21
0
0
0
0
0
0
0
0
77
37
26
33
59
51
41
90
74
81
89
62
68
47
40
29
13
10
7
11
30
63
47
65
71
72
47
42
62
72
71
70
48
41
35
32
24
21
23
35
56
73
71
51
40
25
23
19
12
15
17
13
18
10
7
3
4
8
20
24
26
23
16
14
5
9
5
12
9
1
1
0
0
0
0
3
5
10
13
9
12
9
4
0
0
0
0
0
0
0
1
0
0
0
0
0
0
8
22
60
119
158
165
143
92
38
5
0
7
26
55
53
31
9
0
0
7
37
89
108
89
63
49
43
40
38
44
41
34
25
16
6
0
0
0
1
0
4
7
8
1
0
0
0
0
0
98755
98485
0
0
0
0
0
0
0
0
0
0
0
0
0
0
0
0
0
0
0
0
0
0
0
0
0
