10
4
26
99
764
531
1187
987
228
351
129
8
11070
91
103
104
157
173
207
235
270
305
324
364
360
391
434
495
547
541
590
604
608
578
560
531
487
450
361
327
373
443
399
304
270
214
113
82
54
21
20
23
115
179
205
160
140
143
122
85
65
66
74
79
133
495
870
1590
2070
2372
2380
2225
2190
2183
2155
2063
1923
1765
1696
1706
1554
1276
1070
890
725
463
363
630
1081
1607
2001
2387
2769
2973
3109
3207
3194
3136
2991
2798
2434
2171
1980
1891
1624
1222
990
1003
1141
1141
1120
1003
915
932
932
814
755
664
657
659
647
659
535
460
352
361
386
432
426
372
317
333
374
369
391
435
443
382
294
256
191
158
177
161
136
102
72
29
25
19
37
36
68
109
86
94
38
35
54
81
62
26
20
20
93
119
55
63
89
110
145
160
176
198
254
279
334
398
481
656
673
588
509
334
198
104
120
143
144
140
116
78
100
129
131
94
103
145
151
151
144
158
152
152
207
224
262
339
434
488
520
530
559
595
606
618
619
603
562
519
441
378
247
183
127
98
60
25
10
21
46
51
71
68
71
69
82
74
81
81
59
55
55
61
77
93
146
223
371
565
701
815
982
1128
1292
1423
1508
1725
1833
1965
1834
1719
1470
1184
1013
873
747
675
589
495
411
360
365
364
408
424
434
439
391
372
329
264
216
89
109
157
208
214
221
238
289
315
372
389
435
403
483
451
303
171
120
234
328
440
523
573
645
750
858
862
832
865
845
588
257
315
506
585
622
672
714
772
827
750
686
676
638
744
851
955
1055
1169
1270
1226
1042
823
812
942
1012
1036
980
916
854
820
772
779
759
747
718
625
500
401
264
119
278
466
545
585
515
380
210
151
267
309
342
285
241
205
174
145
160
198
289
368
448
549
643
677
720
741
750
748
791
773
741
673
491
395
289
229
169
120
126
132
148
134
80
60
110
150
96
55
48
98
171
128
80
74
93
152
238
366
458
510
591
599
616
617
642
604
576
514
473
448
371
252
176
103
75
34
14
37
101
183
232
225
220
211
251
282
292
300
340
369
445
466
499
481
478
470
464
463
441
472
474
519
559
621
615
517
463
474
467
464
354
289
223
169
147
102
81
63
73
72
97
140
167
224
258
289
272
235
188
146
138
127
122
121
141
157
157
157
126
88
58
9
9
41
64
97
124
148
156
156
185
249
289
382
442
497
585
649
1127
741
721
726
689
670
640
619
591
619
567
597
601
547
490
425
419
409
417
366
278
226
179
148
86
59
74
129
214
252
280
296
304
280
258
250
261
235
189
130
109
80
70
72
67
65
34
17
36
68
123
192
268
357
418
470
500
532
563
571
560
540
548
566
548
534
552
539
486
444
369
306
203
177
140
154
171
207
207
245
273
283
297
358
384
395
437
446
488
481
492
485
504
525
520
511
481
465
424
438
454
544
609
689
782
875
1010
1123
1209
1262
1291
1313
1273
1236
1218
1281
1303
1309
1318
1312
1279
1251
1171
1045
997
1008
1005
966
863
739
630
558
527
459
433
406
411
397
393
412
375
408
425
469
619
729
605
334
164
228
325
384
416
462
505
596
643
704
719
721
752
756
780
814
831
891
912
977
970
1048
1093
1162
1162
1190
1211
1246
1265
1250
1226
1174
1165
1130
1056
989
932
834
764
670
573
493
353
248
193
152
126
99
98
144
130
106
53
39
47
95
73
67
102
100
84
39
46
139
269
210
155
170
208
181
122
138
258
301
334
451
574
668
669
632
654
610
591
705
869
1037
897
738
619
586
456
402
583
977
1240
1528
1850
2195
2110
1667
1214
1120
1197
1207
1052
975
951
918
911
888
840
774
753
682
547
469
419
277
186
184
220
209
282
337
220
128
146
227
297
350
523
764
940
890
846
923
1022
1102
1067
795
509
585
437
738
991
1325
1458
1403
1500
1706
1639
1445
1215
1060
790
486
338
281
246
245
305
537
691
935
1077
1186
1154
1045
1227
1518
1704
1758
1771
1771
1587
1399
1135
830
440
165
298
319
243
262
162
75
27
63
67
72
61
27
14
12
2
10
3
10
8
2
9
32
155
301
293
253
301
384
435
464
404
386
316
238
193
248
220
185
264
248
226
130
65
9
15
5
25
17
9
4
0
0
0
0
0
0
0
0
0
0
0
0
1
48
160
302
415
393
370
346
287
225
144
84
59
25
5
2
0
0
7
17
11
14
15
12
16
15
19
9
7
8
4
0
0
0
0
0
0
0
0
1
14
5
1
2
3
12
26
42
79
114
219
290
308
331
315
279
265
306
298
340
356
304
324
279
264
236
231
218
231
243
388
739
1277
1913
2339
2571
2778
2594
2246
1952
1651
1218
860
588
283
104
19
19
12
8
69
98
71
52
53
35
8
54
146
294
506
689
863
980
1273
1697
2016
2256
2765
2998
3801
2712
2534
2263
1914
1746
1982
2057
1964
1654
1240
1040
960
915
742
734
869
1096
1033
1269
1303
1131
892
942
1066
1113
1165
1263
1295
1323
1357
1270
1197
1093
821
525
499
455
353
211
141
238
346
347
303
240
231
222
223
238
248
274
275
289
266
245
232
233
154
142
163
162
194
229
201
138
72
74
88
120
139
149
144
82
13
13
47
65
37
37
55
77
161
224
179
153
215
179
205
286
265
251
211
131
51
1
1
5
11
11
14
6
1
0
2
7
8
16
32
24
13
14
16
12
0
0
11
48
55
58
33
5
7
2
8
4
6
9
8
6
13
15
9
21
20
0
0
0
19
36
67
71
50
24
15
14
8
3
7
9
37
58
18
8
9
6
0
5
16
38
57
41
15
15
9
21
12
9
5
10
29
49
19
2
0
1
12
43
59
45
17
12
9
9
13
12
5
5
6
40
50
7
1
0
0
28
57
56
33
9
8
6
2
4
4
4
4
6
27
38
7
1
1
0
0
7
24
45
47
17
10
6
1
1
1
2
10
17
14
33
40
10
3
1
50
113
122
132
127
98
60
18
9
0
14
25
68
158
246
358
410
454
482
475
425
361
359
245
112
56
45
37
24
12
17
13
65
272
272
243
197
259
349
395
407
376
247
108
64
65
24
19
31
22
9
7
2
4
23
57
39
21
0
0
0
19
65
102
98
131
121
87
67
64
34
19
8
1
3
7
15
15
21
11
15
10
17
90
283
483
639
664
536
442
364
289
250
209
125
97
108
161
217
248
277
307
300
283
172
46
29
24
30
22
17
56
107
134
171
137
101
190
331
485
636
669
656
582
464
341
241
114
69
46
65
109
123
114
91
70
79
65
40
21
17
19
29
30
19
33
26
21
6
7
32
56
98
97
84
57
50
80
81
66
68
115
119
100
78
55
16
24
45
25
5
2
0
0
24
91
135
123
65
31
24
84
180
362
419
244
165
197
275
293
253
196
132
79
47
15
33
55
46
45
47
30
44
64
71
50
36
77
109
110
140
41
39
33
22
11
9
23
51
62
13
21
1
1
3
14
9
12
17
6
6
4
2
4
25
38
33
36
30
43
32
8
72
126
98
46
35
60
73
98
148
179
129
69
86
56
64
60
41
22
39
117
231
179
141
189
422
347
328
287
164
100
90
77
41
25
35
36
32
24
10
27
21
11
3
3
13
9
3
5
8
21
24
10
10
2
0
5
0
2
2
1
14
54
57
17
17
27
16
4
10
13
5
1
8
6
12
11
6
22
14
9
6
7
4
5
4
0
5
15
7
7
0
6
14
6
3
0
1
4
1
0
0
0
0
0
1
0
1
0
5
6
12
14
18
35
39
53
93
112
121
129
104
68
70
90
89
60
26
29
56
71
52
38
40
28
69
178
382
538
693
783
934
1052
1177
1397
1648
1812
1932
1914
1868
1764
1554
1379
1087
850
676
595
591
666
771
887
1032
1081
1159
1192
1390
1460
1475
1492
1486
1431
1442
1431
1381
1334
1282
1137
1046
960
906
829
776
750
759
761
749
714
684
706
639
557
483
470
510
553
629
629
616
648
724
772
823
777
679
612
544
435
405
372
399
475
542
556
519
403
326
242
197
156
140
91
67
69
86
117
196
410
578
499
398
328
240
184
182
230
286
356
290
223
166
169
203
209
186
151
98
98
129
150
186
229
252
273
246
182
62
58
127
185
225
183
151
131
162
167
116
88
51
4
13
41
50
82
126
235
312
273
189
113
127
155
225
280
291
259
218
177
134
89
66
44
78
121
111
79
43
36
39
25
6
35
69
41
58
54
11
19
64
123
106
151
220
172
104
214
238
193
180
119
89
79
101
125
157
277
426
469
548
507
414
215
107
171
263
256
388
629
747
777
765
749
707
604
567
594
642
624
597
544
458
332
249
159
188
324
387
410
417
441
470
496
492
448
378
393
369
401
395
329
259
191
132
58
53
42
14
17
27
17
41
99
179
232
201
112
28
73
130
149
85
40
46
58
89
131
171
104
115
123
91
96
163
210
177
150
105
128
117
97
58
52
33
43
64
95
165
261
379
447
600
645
659
703
752
841
1019
1178
1269
1437
1512
1530
1436
1276
1023
801
681
614
544
438
359
337
315
284
217
191
133
92
88
68
44
18
9
8
11
35
50
38
13
20
31
60
89
208
345
482
547
590
636
675
603
517
417
320
267
314
441
538
594
642
631
654
735
631
578
545
531
570
649
674
723
957
1095
1106
1111
992
899
894
1051
1179
1373
1457
1540
1608
1672
1528
1168
1062
1226
1368
1262
1116
1104
1011
845
887
834
702
560
344
142
66
106
187
282
378
1070
787
864
775
710
596
506
344
294
278
277
243
143
72
75
133
170
163
145
112
117
131
145
128
127
115
131
107
78
53
84
58
62
103
101
69
55
89
88
65
78
99
110
116
174
189
242
302
313
328
288
389
570
616
517
383
333
351
430
380
368
435
474
497
507
506
458
451
401
360
275
286
315
283
229
210
268
272
249
214
212
243
293
341
360
400
407
359
332
261
181
184
199
189
229
253
275
290
301
317
359
431
495
563
514
493
391
288
240
175
172
156
188
195
280
404
441
386
265
116
72
32
65
90
99
65
65
68
83
67
57
51
76
130
141
160
181
235
261
274
300
277
293
289
285
247
233
236
313
425
534
547
531
500
465
405
315
186
84
64
59
70
88
22
7
20
48
105
171
409
468
324
253
141
95
125
147
205
165
170
166
189
164
125
123
106
87
126
217
289
334
331
362
329
247
149
84
32
19
21
33
59
90
98
124
162
218
263
293
267
262
246
288
327
305
287
229
231
200
199
249
240
201
196
185
114
62
35
25
38
36
48
34
18
29
35
38
51
53
80
88
61
70
145
181
209
181
124
138
140
84
119
153
177
184
209
191
207
187
187
187
211
172
162
219
233
237
199
201
223
235
215
210
189
197
206
190
181
208
179
153
97
63
48
42
50
62
62
58
57
64
63
45
39
56
76
83
85
64
35
15
16
46
33
26
20
9
8
13
14
10
14
18
10
14
13
7
16
16
29
35
38
29
27
13
13
7
10
5
3
0
0
0
0
0
0
17
20
6
21
57
121
195
222
255
283
314
352
376
340
327
335
349
306
260
227
244
271
309
325
264
188
178
117
227
279
334
364
426
518
515
496
416
396
473
495
514
514
484
458
454
421
355
332
357
351
362
291
261
342
380
348
297
295
287
289
287
287
285
321
288
191
150
135
202
212
225
267
350
370
322
320
260
235
202
213
195
146
85
67
85
66
62
55
55
117
177
172
136
146
194
174
219
225
248
283
346
346
315
296
270
180
114
107
125
128
71
45
39
41
58
50
56
42
55
77
69
52
70
57
53
41
28
28
41
58
58
57
11
2
6
24
32
28
18
4
3
13
9
12
22
13
8
7
36
44
33
27
32
71
104
188
177
107
122
150
178
215
198
175
447
140
133
161
126
139
167
222
250
272
257
153
108
76
87
75
81
113
188
303
447
548
661
626
527
441
371
313
220
208
226
222
234
254
298
291
323
342
344
349
310
318
324
334
313
393
407
382
298
144
93
137
199
152
113
51
8
3
2
28
77
77
38
0
0
0
0
0
2
0
2
18
22
33
32
33
16
9
15
24
47
133
190
240
372
509
562
503
473
485
503
513
494
448
399
389
364
285
225
193
242
188
186
239
284
277
255
255
234
189
133
116
98
121
183
304
356
430
426
487
571
587
542
504
467
431
391
362
334
309
277
221
148
101
91
95
110
122
79
51
22
30
39
37
9
9
20
31
37
34
20
11
12
7
5
4
6
5
3
1
1
0
0
0
1
2
5
8
25
69
128
170
154
112
78
92
42
29
44
36
8
9
14
10
4
6
4
5
2
4
10
3
2
5
11
12
15
6
10
9
13
12
6
7
4
17
26
18
16
10
14
18
12
9
24
31
29
28
52
53
43
16
3
1
0
1
4
11
27
77
123
147
195
255
307
244
131
53
49
59
60
84
121
148
164
149
113
113
119
84
9
5
6
15
21
30
27
33
36
41
59
60
89
127
112
108
102
69
39
11
4
7
10
19
54
93
116
103
100
130
161
153
147
134
129
138
166
158
117
77
37
17
25
29
40
53
57
69
31
28
14
12
17
13
9
9
12
10
7
9
42
47
21
14
29
40
50
72
77
86
71
80
86
86
79
65
57
107
121
121
119
81
76
79
120
162
207
205
228
224
253
297
271
289
270
241
214
222
203
147
128
190
239
220
186
135
134
141
174
228
276
269
255
212
123
105
85
70
63
76
96
106
142
207
214
197
172
125
125
130
123
63
68
77
86
60
65
101
136
181
195
233
272
323
294
303
273
142
71
86
178
221
206
138
86
115
154
115
75
25
13
29
64
29
21
70
107
87
56
31
14
36
64
70
73
89
113
87
34
59
58
69
66
84
125
170
167
121
82
41
13
3
11
13
5
22
38
70
70
69
57
51
38
54
66
72
67
88
123
115
103
90
138
209
209
211
204
136
110
104
70
56
71
72
84
101
112
121
113
102
56
50
41
58
81
95
95
97
96
120
83
73
64
49
55
59
65
63
42
29
171
104
113
65
26
26
31
18
21
8
7
4
5
2
23
6
10
16
1
18
17
18
9
12
22
26
36
30
12
1
1
0
9
26
9
42
28
4
0
0
0
1
9
10
0
0
0
0
1
0
0
0
0
0
0
0
0
0
0
0
0
0
0
0
0
0
0
0
0
0
0
0
0
0
0
0
0
0
0
0
0
0
1
24
18
7
0
1
0
1
0
0
1
0
0
0
0
0
0
0
0
1
1
8
12
5
6
18
25
2
0
0
3
3
1
15
27
37
42
31
30
33
37
48
40
39
45
43
36
38
57
42
43
49
66
61
35
35
35
53
54
90
119
134
123
20
7
0
2
0
1
1
0
4
5
3
12
15
33
65
88
90
79
53
23
61
61
8
2
3
19
34
25
13
7
1
6
3
7
6
24
8
9
8
5
2
17
12
12
1
5
28
49
58
29
4
38
99
263
282
290
267
197
128
112
99
108
119
165
171
219
231
246
208
151
116
74
31
26
45
57
57
59
59
92
71
89
77
11
9
0
0
1
0
5
11
12
8
18
33
61
45
26
18
28
43
24
27
80
64
68
118
195
248
252
197
156
182
177
167
160
197
222
327
350
383
327
304
324
371
402
399
436
426
484
473
437
349
298
305
289
263
277
376
471
479
430
415
368
337
300
271
280
256
240
237
262
249
165
142
138
158
213
324
546
720
831
779
663
429
247
169
182
152
139
121
160
126
109
103
137
140
157
178
202
244
295
359
363
430
458
457
460
449
459
502
474
451
469
426
431
395
367
326
265
254
224
229
160
132
99
122
124
169
207
182
153
146
152
170
208
206
198
151
95
84
91
75
46
33
31
28
21
33
71
56
8
1
6
40
50
92
169
261
313
195
61
21
17
26
12
6
10
14
15
14
10
10
7
3
0
3
5
9
14
15
11
10
5
0
1
0
4
13
28
43
45
48
71
131
249
370
459
466
385
249
166
102
41
35
59
59
86
93
98
96
132
115
90
80
72
96
100
73
40
22
21
12
3
6
5
1
1
2
16
54
108
173
213
168
83
22
53
77
98
85
108
108
69
26
26
49
92
128
128
119
226
268
295
323
360
349
340
298
248
283
293
269
238
209
140
100
67
38
58
77
97
121
119
86
127
49
71
86
91
103
117
145
173
180
187
172
163
225
347
485
522
476
416
351
351
323
349
352
351
355
290
245
185
138
135
137
127
117
85
60
35
13
5
14
15
38
82
127
181
210
261
281
309
310
334
345
355
360
385
365
322
329
365
373
383
455
489
488
456
437
409
338
247
187
130
132
188
237
240
227
210
216
186
200
230
245
162
211
320
407
477
405
304
379
406
413
405
348
351
383
504
525
567
590
608
589
594
551
521
479
420
333
319
331
341
341
335
450
550
677
813
865
871
801
632
487
423
375
321
282
265
276
306
332
327
323
276
273
248
255
252
250
204
165
129
72
61
48
79
140
219
324
501
616
675
669
660
739
739
681
681
647
652
714
705
696
715
635
646
576
501
462
454
386
363
334
274
212
168
160
177
167
176
173
177
153
110
77
88
90
99
116
168
214
342
425
449
370
286
253
286
298
284
368
269
217
230
313
279
125
56
99
194
215
239
311
379
361
300
275
333
454
448
373
357
302
283
224
234
210
197
183
151
135
159
260
449
833
1325
1702
2104
2325
2406
2199
1887
1532
1069
712
383
205
186
209
217
229
191
240
351
570
673
689
1087
1525
1966
2126
2466
2610
2529
2312
1726
1073
638
466
479
419
337
309
417
468
509
594
569
496
413
343
316
307
343
384
339
294
171
85
68
95
134
161
175
120
81
51
30
14
18
17
16
11
11
6
7
23
45
55
57
21
7
6
4
4
1
1
1
0
10
11
2
6
7
7
9
7
5
6
3
4
0
1
1
2
1
4
5
0
0
0
0
0
0
0
0
0
1
4
8
16
23
21
9
11
7
5
1
4
7
6
9
8
19
22
22
32
25
27
15
8
1
0
0
0
0
0
0
0
0
0
0
0
0
0
0
0
0
0
0
0
1
0
5
0
1
0
3
0
0
0
0
0
0
0
0
0
2
14
3
6
11
14
19
17
20
20
8
12
28
65
92
150
168
195
209
202
182
143
108
73
97
120
140
148
147
117
111
107
88
124
134
123
92
88
83
72
74
88
76
96
99
90
80
76
61
57
68
96
122
141
153
151
186
228
273
270
273
240
271
258
277
287
283
300
289
319
274
273
283
362
432
495
597
752
756
760
749
755
806
763
726
714
670
714
725
765
806
806
789
750
1004
635
650
634
628
550
478
416
380
329
239
294
329
277
612
762
916
949
957
918
787
659
527
575
616
631
639
701
704
645
537
486
471
428
400
378
366
369
386
444
463
529
606
651
579
506
503
525
571
599
573
464
447
460
486
464
474
435
400
403
423
426
449
446
333
243
175
150
72
24
9
24
65
109
142
170
171
220
278
313
323
389
405
410
363
339
272
235
174
177
225
251
256
223
168
257
358
351
336
225
132
116
124
205
307
324
236
169
75
31
49
59
22
16
12
12
10
8
26
31
50
40
37
37
41
40
57
95
131
174
157
145
152
134
150
137
136
224
319
379
351
339
344
346
373
348
371
332
371
344
338
277
262
231
230
203
155
61
24
13
23
28
49
83
169
200
231
252
249
241
265
287
263
258
249
257
321
334
348
296
252
228
288
306
328
245
116
38
15
27
25
18
10
29
14
17
35
28
22
16
10
7
9
11
7
13
29
44
15
6
7
15
10
6
5
6
6
5
28
42
86
191
284
364
396
431
397
252
175
121
154
214
312
381
401
431
453
482
541
641
634
613
650
731
758
732
593
479
539
619
692
763
791
785
783
702
599
459
328
279
310
350
333
401
462
532
557
600
668
730
802
737
666
627
627
710
716
708
641
620
622
555
535
505
445
314
169
83
66
70
62
84
110
146
184
166
134
86
71
53
38
28
46
114
173
189
180
147
124
100
111
130
111
76
107
81
64
40
48
57
29
58
122
99
117
156
192
224
225
81
53
68
132
196
217
210
200
228
297
382
449
429
475
494
579
632
813
749
765
756
708
668
693
584
542
495
407
307
256
243
231
157
71
23
18
31
84
122
137
114
248
390
547
626
663
697
885
1018
1077
1116
1139
1074
992
898
763
610
501
480
498
526
549
546
479
477
427
347
243
264
327
418
379
340
306
254
193
188
187
210
202
247
328
287
155
102
146
141
129
156
140
178
186
159
92
65
48
27
22
22
24
34
42
36
21
6
20
30
36
113
282
394
408
867
392
495
402
325
412
571
641
518
384
308
247
129
65
56
43
70
94
77
23
10
3
8
28
48
61
73
56
73
85
96
120
151
142
96
59
58
100
154
177
186
201
300
379
414
511
608
596
614
636
612
537
498
427
319
213
185
171
143
316
136
140
136
139
172
263
359
357
364
340
321
316
315
288
274
301
295
272
240
246
295
282
299
318
297
278
210
197
242
263
296
303
341
431
429
367
290
305
351
405
434
482
479
446
509
560
567
540
510
425
340
253
160
100
64
93
152
153
74
54
42
34
33
41
57
90
126
153
83
105
104
103
108
84
55
39
30
32
33
32
46
118
198
237
251
252
289
304
353
374
322
280
260
226
155
97
63
92
150
165
203
221
193
199
246
285
323
329
342
350
327
320
324
327
306
298
296
282
265
246
253
281
331
339
352
364
367
335
337
381
376
370
362
330
297
296
334
414
456
470
407
325
353
400
420
430
391
373
328
322
328
299
278
263
254
224
208
173
129
144
198
283
368
633
934
1104
1163
1122
1078
894
736
586
551
509
499
486
416
359
324
287
206
185
146
89
31
17
5
13
9
4
1
2
2
2
7
21
21
5
12
15
20
63
131
190
213
236
184
196
185
185
195
202
224
257
266
300
325
280
228
186
201
219
228
206
147
102
76
75
79
85
110
158
198
313
414
483
554
579
540
549
422
411
428
331
235
171
177
185
160
161
144
99
166
269
314
320
241
208
213
237
243
266
267
210
123
83
47
41
28
18
32
49
83
127
181
195
176
192
204
209
194
201
203
192
162
160
140
146
151
139
83
44
58
46
32
14
7
6
0
2
3
1
2
2
3
4
5
15
33
25
17
19
15
25
31
21
17
18
25
33
40
35
46
27
17
9
25
27
29
51
80
98
132
135
178
205
233
261
240
295
313
335
336
368
340
309
232
213
240
255
236
268
273
305
291
211
111
72
38
49
51
68
58
51
49
61
65
59
44
36
22
38
48
42
39
31
31
87
183
249
286
297
281
251
199
180
143
113
94
91
83
66
48
23
24
25
18
25
19
26
28
30
34
56
62
99
230
360
428
447
383
317
245
210
231
257
289
316
307
254
169
106
50
31
33
60
81
69
47
46
43
19
23
17
17
25
42
53
84
119
162
213
234
289
324
323
367
370
342
340
278
280
196
138
113
73
56
49
55
67
38
46
67
71
53
63
69
41
25
20
12
20
27
33
58
95
69
45
18
7
22
82
111
119
139
141
65
39
50
52
43
24
25
24
34
29
33
41
69
231
241
318
304
284
225
176
158
147
135
119
117
91
80
49
32
30
59
36
52
128
195
212
184
121
111
179
292
439
712
1019
1202
1327
1464
1598
1743
1903
2170
2338
2282
2317
2032
1626
1572
1400
1225
1148
999
829
622
471
462
557
602
504
498
527
576
566
578
545
481
448
385
304
277
271
288
328
340
464
567
540
464
396
268
162
135
169
211
253
251
322
370
384
372
411
449
397
382
369
371
366
454
548
567
438
313
191
142
134
185
217
241
310
392
330
305
333
336
458
669
867
1134
1307
1308
1069
680
273
368
390
385
415
312
272
196
157
234
311
438
486
547
539
537
519
643
837
1012
991
831
556
403
389
400
453
567
872
1063
989
996
832
585
345
225
161
148
156
135
155
160
132
106
114
174
175
175
148
137
145
140
90
51
28
21
9
3
0
0
0
12
27
39
46
34
41
13
9
2
1
0
0
0
0
0
0
0
0
2
1
0
0
0
0
0
0
0
0
0
0
0
0
0
0
0
0
0
0
0
0
0
1
0
21
7
0
0
0
0
1
1
0
0
0
0
0
0
0
0
0
0
0
0
0
0
0
0
0
0
0
0
0
0
0
0
0
0
0
0
0
0
1
4
3
0
0
0
0
0
0
0
11
4
0
0
1
1
1
1
2
2
2
8
11
0
0
0
0
1
3
1
0
0
0
0
8
62
189
438
808
1060
1282
1616
2135
2495
2874
2876
2699
2427
1935
1598
1201
1033
820
558
238
169
162
153
156
114
174
219
206
212
174
169
94
34
62
30
25
12
3
36
63
95
77
56
35
28
59
95
74
51
135
168
146
165
122
95
88
107
262
237
184
157
74
29
50
36
32
13
14
18
46
40
39
74
83
82
79
61
73
80
87
91
182
218
242
237
241
234
153
164
199
241
202
167
178
211
278
298
253
279
554
853
1145
1415
1672
1954
2302
2587
2747
2919
2901
2811
2617
2332
1895
1344
829
442
470
472
440
274
233
263
210
188
233
281
355
432
537
723
987
1086
983
881
868
720
635
671
726
934
1267
1757
2047
1879
1502
1057
601
642
782
802
775
847
896
813
697
618
740
839
861
782
844
1004
1058
950
831
820
881
728
602
687
753
805
882
968
882
732
452
264
249
201
139
133
157
155
139
193
196
141
87
49
38
13
15
29
36
39
43
45
26
17
20
35
12
1
3
0
0
0
0
0
0
0
0
0
0
0
0
0
0
0
0
0
0
0
0
0
0
1
2
1
3
0
0
1
0
4
7
1
0
2
1
2
1
1
5
8
30
33
22
2
5
6
14
17
11
5
2
0
0
2
2
16
34
66
89
104
87
108
117
127
89
48
12
3
13
6
17
25
24
4
8
12
15
12
14
11
25
25
61
77
105
138
171
173
178
185
199
241
258
278
304
305
341
356
422
456
445
393
387
373
331
320
371
386
415
446
440
456
445
474
499
434
405
385
384
391
334
227
150
106
88
59
25
22
10
14
15
16
16
10
3
2
5
2
7
3
14
42
48
55
97
135
151
150
172
180
211
248
302
403
483
542
627
713
767
770
768
736
743
730
722
726
663
661
656
640
677
691
694
654
660
651
643
650
715
784
936
1147
1466
1926
2486
3005
3421
3769
3673
3305
2972
2298
1799
1551
1281
910
530
219
97
125
140
118
115
92
79
122
113
85
76
51
59
93
111
71
70
62
31
16
9
38
54
55
53
31
14
28
33
34
35
65
74
78
116
155
133
75
33
74
109
123
122
171
209
181
127
79
58
71
104
129
90
70
98
141
148
139
127
148
181
233
252
230
246
265
278
321
314
303
331
381
405
408
358
281
245
203
143
114
75
66
75
84
113
103
174
312
602
817
1171
1526
1628
1741
1700
1896
2296
2317
2543
2747
2645
2389
2046
1667
1311
839
407
192
233
280
282
264
238
281
253
262
278
286
268
257
256
246
277
326
284
204
167
188
188
150
146
157
175
130
96
63
30
12
3
8
5
13
6
7
11
32
51
46
37
34
26
10
12
3
0
2
13
13
6
1
13
27
46
81
139
216
247
225
178
118
68
53
56
59
65
95
148
146
157
220
331
336
337
285
208
206
175
169
139
126
114
102
59
17
3
3
21
47
63
60
42
29
43
64
96
140
149
145
169
182
200
295
325
283
268
330
375
429
479
467
425
328
252
202
239
428
724
987
1087
1044
934
799
786
846
889
1042
1097
1144
1117
1449
1371
813
802
676
645
603
535
450
404
382
370
314
292
278
299
331
366
402
398
397
366
340
286
240
217
180
161
133
105
79
46
12
1
0
0
0
0
0
0
0
13
9
2
9
20
66
204
427
599
754
876
1032
1167
1304
1366
1357
1327
1284
1204
1202
1900
1215
1193
1137
1109
1063
987
915
807
796
710
697
672
613
567
510
501
513
678
819
900
736
491
373
322
505
859
1249
1665
2125
2501
2840
2867
2645
2249
1765
1581
1363
1107
876
652
473
439
480
481
504
544
601
702
746
820
782
745
709
737
759
761
753
775
754
748
720
608
649
665
618
622
639
617
606
657
642
551
318
249
275
120
176
267
215
142
98
134
155
231
285
386
458
532
607
680
769
815
832
822
840
846
925
922
870
865
848
868
781
756
798
734
686
662
593
587
579
470
394
257
218
193
100
91
138
150
92
57
66
29
89
39
7
23
49
88
139
127
68
12
33
133
128
99
140
161
218
342
463
521
506
540
608
631
647
633
675
787
841
891
949
950
966
918
989
1174
1247
1410
1512
1707
1784
1670
1711
2004
2308
2511
2796
2714
2553
2257
1771
1055
669
307
103
268
330
412
476
574
641
691
771
843
862
786
678
777
994
985
827
809
794
814
757
519
612
694
645
551
511
507
514
571
562
530
569
522
597
628
659
656
669
656
584
405
189
173
187
150
57
28
26
39
5
5
17
20
23
33
62
71
105
118
155
153
180
275
390
454
477
500
458
443
468
559
634
776
923
983
1084
1151
1292
1341
1344
1310
1287
1345
1381
1259
1224
1161
1107
1142
1211
1142
998
911
907
951
1068
1246
1461
1493
1400
1256
1220
1199
1217
1149
1190
1173
1107
1035
1069
1086
1186
1277
1366
1301
1247
1178
1183
1129
1000
930
827
821
909
1047
1283
1435
1581
1785
1739
1696
1716
1672
1589
1510
1363
1241
1114
1016
911
923
961
939
882
791
731
589
490
398
366
358
360
344
345
297
268
199
128
77
40
29
15
4
0
0
0
0
0
2
32
247
484
772
1160
1705
2174
2568
3007
3182
3324
3454
3233
3085
2673
2271
1947
1657
1433
1179
832
589
501
502
530
532
587
711
705
619
533
523
531
442
364
323
272
278
232
144
128
117
172
193
225
231
180
106
133
126
157
236
236
217
207
215
229
169
152
82
98
115
51
182
222
201
133
108
120
131
202
341
401
380
397
486
517
525
488
473
446
476
497
535
526
464
357
391
282
218
219
180
196
204
255
276
186
102
66
65
72
46
115
146
130
75
56
142
204
279
315
239
83
165
275
250
164
160
153
54
118
201
218
206
160
207
329
434
419
340
256
220
246
260
337
418
527
590
616
615
602
559
579
563
544
572
619
670
663
648
662
1203
646
789
883
878
862
765
664
466
243
343
412
443
417
407
458
472
498
494
521
573
612
654
655
676
670
675
653
610
581
558
501
477
456
433
390
356
330
275
194
149
104
57
24
12
4
3
22
37
71
76
54
48
91
122
137
123
96
59
35
40
33
47
65
120
207
255
317
406
476
482
470
426
349
311
244
213
186
213
245
216
209
230
299
329
367
398
441
488
497
533
537
549
548
568
548
534
568
538
542
517
495
494
442
406
385
311
284
247
212
161
108
67
37
78
207
331
333
262
136
133
207
323
481
616
716
869
1044
1250
1435
1628
1744
1845
1990
2156
2351
2591
2943
3228
3527
4075
4238
4540
4641
4473
4200
4074
3794
3699
3731
3270
2337
2301
2277
2233
2037
1799
1463
1156
784
469
278
305
608
971
1328
1760
2133
2508
2940
3251
3468
3704
3864
3857
3586
3293
2858
2496
2074
1846
1676
1576
1444
1282
1132
1038
979
910
795
747
665
648
600
565
554
517
485
504
497
513
519
439
455
425
379
491
573
607
568
576
607
659
818
956
983
904
846
830
824
854
821
742
650
566
492
522
486
459
453
400
337
297
277
203
190
124
57
43
99
158
190
170
143
199
263
295
271
242
226
166
133
99
48
9
27
13
0
0
0
2
2
0
0
0
0
0
0
0
0
0
0
0
0
0
0
0
0
0
0
0
0
0
0
1
0
0
1
2
3
0
0
0
0
0
0
0
0
1
2
1
0
0
0
0
0
0
0
13
23
2
0
0
1
0
0
0
0
0
0
0
0
0
0
0
0
0
0
0
0
15
2
0
0
0
1
3
1
0
0
0
0
0
0
0
0
0
0
0
0
0
0
0
0
0
0
0
0
0
0
0
0
0
0
0
0
0
5
32
14
0
0
0
2
2
0
0
0
0
0
0
0
0
0
0
4
1
0
0
11
13
0
0
4
4
2
1
0
0
0
0
0
0
0
0
0
0
1
2
0
0
10
27
6
0
0
0
0
2
1
1
0
0
0
0
0
0
0
0
0
0
0
0
0
0
0
16
6
0
0
0
0
1
1
0
0
0
0
2
0
1
2
1
0
0
4
15
7
0
0
0
0
0
0
0
0
0
0
0
0
0
0
0
0
0
0
0
0
0
0
0
0
0
13
13
0
0
2
0
3
0
1
0
0
0
0
0
0
0
0
2
0
0
0
0
0
0
0
0
0
0
0
0
3
21
1
0
0
0
0
1
1
1
3
0
1
0
0
0
1
0
0
0
0
0
0
0
0
0
0
0
0
0
0
0
0
0
0
0
0
3
22
0
0
0
0
0
0
0
0
0
1
1
0
0
0
0
1
0
0
2
11
115
196
194
132
107
112
51
25
4
1
30
91
97
81
127
69
50
23
10
2
13
14
26
0
0
0
0
0
0
0
9
40
42
23
4
0
9
25
22
0
0
3
1
6
0
4
46
28
0
1
13
44
68
80
29
4
2
12
6
21
82
153
120
147
239
396
499
578
622
643
699
742
826
835
896
907
941
934
961
950
920
946
918
936
903
912
923
975
986
983
1091
1380
1837
1507
1479
2339
3637
4279
4028
3133
2176
1544
1186
933
981
1284
1294
1119
1016
928
886
774
731
661
603
589
517
536
618
658
641
580
470
378
467
636
809
956
1024
905
699
523
448
643
699
457
402
418
448
506
574
544
500
479
449
423
328
290
323
390
385
401
398
388
413
432
493
510
528
552
602
687
777
821
901
796
815
859
958
1069
1035
947
895
911
922
952
1064
1074
1164
1236
1244
1230
1221
1230
1129
919
737
606
419
257
79
39
33
13
50
153
273
391
459
560
614
602
668
689
687
706
674
637
611
599
580
577
557
541
556
575
663
728
746
700
610
532
469
432
323
341
410
438
525
642
702
681
643
523
387
354
343
301
552
698
734
829
742
579
517
389
362
502
502
452
377
341
275
238
179
169
200
280
315
319
298
216
165
335
453
590
603
547
559
599
506
320
185
118
64
64
93
74
68
71
112
120
108
74
89
99
59
86
122
206
263
310
317
244
206
132
103
89
72
63
58
71
118
187
289
343
181
110
175
206
196
184
249
252
266
265
229
177
82
65
69
60
43
54
91
138
157
147
124
79
58
46
41
41
50
48
44
49
55
64
91
83
110
118
115
133
139
139
108
113
115
102
141
175
201
157
134
93
71
55
48
26
16
5
0
0
20
5
13
15
14
6
3
0
0
2
0
0
1
2
3
6
9
7
6
5
6
6
5
4
3
2
3
2
3
0
2
0
16
13
2
3
3
7
8
7
1
1
0
0
2
0
1
4
3
3
0
1
3
6
5
27
160
286
384
404
381
285
282
71
55
45
42
34
18
12
8
8
45
258
610
990
1142
1234
1306
1339
1293
1253
1257
1179
1055
971
822
660
646
729
726
787
869
936
1023
1159
1224
1245
1130
946
868
847
784
947
951
474
795
767
559
264
121
307
550
728
871
996
1123
1139
1144
1121
1074
967
864
683
538
719
902
1141
1331
1400
1439
1566
1586
1600
1511
1434
1314
1191
1020
878
683
588
518
502
503
446
394
333
322
317
351
502
622
817
1065
1379
1839
2342
2934
3623
3878
3939
3794
3669
3456
3349
3042
2652
2300
2054
1777
1293
1205
1198
1051
978
872
792
651
532
488
409
331
225
135
86
113
175
244
253
251
302
362
471
537
507
555
595
681
732
750
741
694
630
601
540
437
428
390
386
349
343
309
292
299
229
151
93
52
41
18
8
8
4
0
3
3
7
10
27
63
106
213
522
728
902
905
790
694
676
623
574
589
522
488
446
433
498
540
475
388
371
357
319
283
253
232
157
137
385
546
622
614
620
630
574
552
465
410
335
264
212
200
194
230
256
260
260
299
261
194
220
276
297
294
265
224
216
254
353
423
517
572
580
691
748
764
744
662
592
520
488
440
392
408
462
455
445
477
451
475
471
420
482
477
496
517
540
623
716
734
752
813
914
875
760
825
904
933
956
1006
1118
1174
1033
895
750
621
424
276
241
266
311
369
400
419
424
487
531
582
587
568
631
696
789
827
857
866
879
899
942
990
935
842
783
770
723
671
615
588
556
525
502
453
447
483
504
544
554
604
618
598
549
422
329
230
90
26
51
72
82
125
240
352
436
534
590
627
686
744
773
783
836
833
866
904
862
801
714
704
648
645
584
622
640
647
656
648
662
621
555
528
509
471
395
339
291
274
288
281
231
208
202
220
289
332
265
250
273
320
348
371
334
305
301
263
183
129
80
78
38
35
39
23
3
2
13
24
40
51
16
37
35
18
8
25
81
86
77
34
20
9
21
31
7
0
4
18
3
11
36
30
15
20
25
57
104
165
197
223
255
287
291
341
349
361
365
321
279
258
232
192
235
258
295
321
348
377
375
373
384
354
328
267
209
169
96
31
49
51
47
51
89
133
162
232
281
380
431
422
383
360
407
459
489
558
581
646
723
792
905
995
1106
1234
1309
1238
1110
890
901
822
791
671
569
533
465
406
349
317
211
165
120
132
178
471
222
237
271
289
255
200
218
257
344
373
540
619
727
783
838
924
984
1005
1132
1163
1093
1094
1159
1348
1483
1550
1575
1646
1651
1644
1565
1515
1426
1410
1373
1349
1296
1184
1122
935
752
577
428
313
237
134
79
96
168
217
318
418
592
652
701
763
833
871
915
915
932
988
1097
1075
1075
1053
1080
1008
914
766
683
562
427
288
206
106
55
72
85
93
76
52
38
47
102
162
210
247
288
324
395
394
435
474
505
595
645
695
756
759
760
715
665
621
671
675
740
794
842
820
751
649
499
394
349
372
325
201
76
12
10
15
17
17
33
101
194
320
405
518
554
648
665
624
632
604
660
773
763
702
552
499
557
546
502
465
406
372
365
280
192
166
163
179
185
223
221
201
135
77
116
140
155
129
109
57
34
52
73
102
170
239
326
472
624
725
857
1043
1265
1514
1967
2246
2453
2518
2541
2206
1945
1575
1295
1049
771
495
415
321
298
236
208
177
107
78
106
173
281
324
344
356
371
433
517
616
775
889
1007
1199
1399
1833
2315
2681
2615
2554
2279
1913
1275
974
870
776
910
837
644
651
625
692
875
976
1167
1312
1244
1197
1060
875
637
392
484
556
506
583
620
655
495
305
224
123
131
212
233
242
230
264
292
295
273
251
228
255
256
253
211
201
203
201
175
159
149
124
114
67
61
50
55
45
30
5
1
1
0
1
10
24
0
0
0
0
3
0
3
2
0
0
0
0
0
6
10
5
0
0
0
0
0
0
0
0
0
0
26
8
0
0
0
2
0
0
0
0
0
0
0
0
0
0
23
9
0
0
0
0
0
1
0
0
0
0
0
0
0
0
0
0
0
0
0
0
0
0
0
1
0
0
0
0
0
0
0
15
31
0
0
2
12
12
4
10
1
1
0
5
0
2
11
0
0
0
0
0
0
20
29
18
1
23
9
0
0
14
30
2
0
0
1
4
2
1
0
6
5
8
22
12
9
5
1
8
29
1
0
0
0
0
0
0
0
0
0
1
1
2
1
1
0
4
0
0
5
3
1
1
3
2
0
1
0
0
0
2
0
0
0
0
0
0
9
31
0
0
0
4
2
0
0
0
0
0
0
0
0
0
0
0
0
0
0
0
0
20
18
0
1
0
0
3
1
2
0
0
0
0
0
0
0
3
0
0
0
0
0
0
0
0
2
7
0
0
0
0
0
0
0
0
0
0
0
0
0
0
6
27
4
1
0
2
2
0
0
0
1
13
37
68
69
29
1
0
21
44
51
16
0
29
113
135
80
4
6
53
84
41
8
1
23
27
8
3
19
29
25
30
32
41
62
84
97
124
126
155
160
186
185
209
223
225
221
205
187
157
158
146
137
128
108
124
101
89
103
86
83
62
46
38
22
2
6
56
88
34
51
156
109
3
27
72
7
8
69
58
17
24
95
28
11
20
22
39
74
109
112
98
76
32
19
19
25
33
42
68
75
134
287
384
471
435
411
402
434
424
431
398
378
320
299
231
162
129
92
70
61
70
44
56
55
55
56
34
25
23
20
8
6
2
6
9
6
11
19
34
51
60
65
55
45
51
64
81
115
108
126
162
197
258
241
245
232
244
228
240
220
189
170
139
105
61
16
5
0
5
5
4
2
0
0
0
1
12
29
82
150
191
249
288
324
380
403
357
373
372
380
360
373
344
319
322
291
271
248
217
168
105
35
5
2
0
0
4
13
39
61
94
126
134
144
182
207
232
240
244
226
228
215
224
210
206
191
196
214
200
210
191
198
159
127
140
118
136
101
94
70
53
18
5
0
0
0
0
0
0
0
0
1
6
47
125
178
198
197
218
264
307
400
468
543
546
569
608
660
708
671
685
670
624
618
616
691
757
787
771
672
612
641
680
814
900
1165
1490
1637
1573
1366
1260
1196
1176
1143
1071
931
657
407
314
256
293
388
426
440
451
493
516
486
436
399
412
423
503
616
667
715
799
777
717
718
706
732
732
704
631
616
721
877
1065
1257
1354
1305
1055
992
854
625
773
961
1038
1082
970
897
856
868
977
1092
1204
1275
1383
1469
1415
1413
1538
1735
1799
1856
1889
1839
1623
1366
1227
1144
1174
1152
1043
998
874
661
505
401
561
809
997
1219
1336
1273
1163
1049
871
828
887
758
661
683
667
615
629
671
710
756
847
872
957
942
989
1012
1063
1052
1101
1078
1070
1077
1219
1324
1448
1626
1807
2112
2237
2419
4388
4843
3730
3646
3327
3003
2716
2377
2211
2004
2141
2304
2618
2698
2720
2698
2558
2003
1351
971
1236
1513
1666
1928
2174
2289
2273
2115
1849
1421
1071
710
553
505
448
427
402
418
475
534
539
537
613
807
950
1166
1376
1447
1468
1400
1487
1601
1791
1892
2549
3017
3496
3760
3740
3308
3075
2933
3101
3343
4480
3869
4002
4163
4022
3817
3189
2516
1965
1719
1510
1276
1034
763
778
1035
1180
1122
1203
1233
1303
1316
1374
1330
1107
885
680
1031
1371
1322
1114
853
714
491
472
428
476
382
277
233
290
309
240
291
303
393
600
912
1261
1522
1860
2221
2835
3363
3913
4331
4559
4423
3645
2696
1740
1068
1190
1126
805
1368
1753
1498
1094
964
843
757
658
538
606
538
373
306
363
391
524
1077
1638
2259
2959
4001
4714
5155
4841
4726
4126
4183
4184
3766
3344
2810
2228
1691
1190
834
629
411
141
391
762
1115
1413
1738
2193
2738
3187
3468
3649
3715
3626
3685
3890
4341
4595
4460
4254
3598
2890
2060
1338
1108
1227
1402
1866
2304
2313
2047
1934
1916
2004
2318
2510
2606
2806
3037
3292
3524
3627
3543
3293
3014
2617
2186
1684
1282
888
516
333
301
389
701
1147
1778
2488
3072
3493
3734
3835
3828
3764
3559
3162
2853
2701
2605
2508
2375
2184
2033
1938
1814
1682
1637
1707
1883
2293
2619
2910
3296
3497
3498
3387
3007
2532
2227
2090
2243
2475
2476
2119
1599
1202
1023
1144
1271
1368
1380
1325
1182
1021
874
770
774
726
568
409
307
267
163
101
80
107
141
156
84
62
93
199
437
651
834
952
1012
1030
884
781
653
531
459
440
430
430
366
292
275
307
309
287
235
243
332
381
344
260
182
169
261
459
633
659
622
441
348
257
236
265
290
305
427
606
599
513
363
255
131
157
272
566
742
858
981
1111
1408
1655
1890
1873
1901
1880
1733
1557
1481
1629
1882
2031
2075
2040
1957
1835
1833
1644
1501
1394
1261
1171
1069
994
871
802
669
517
378
239
119
49
53
82
156
291
471
584
711
750
851
917
944
1018
1007
1051
1013
1002
1014
996
957
978
917
894
816
738
705
642
630
655
598
585
737
786
697
508
318
194
137
129
133
91
74
42
8
0
1
4
2
1
0
4
1
9
17
1
0
0
3
2
1
0
0
0
0
0
0
0
0
0
1
0
0
0
0
0
0
0
0
0
0
0
0
0
0
12
24
7
4
4
11
94
238
331
433
499
594
639
681
724
758
763
740
736
723
752
718
756
756
748
732
703
666
625
574
536
534
481
410
363
376
368
368
268
251
302
328
402
409
442
437
431
460
444
429
393
349
310
277
195
200
160
129
94
83
74
86
91
59
46
40
45
71
51
41
43
63
89
127
150
179
186
209
221
239
260
281
276
300
300
305
296
288
303
300
290
249
247
240
245
217
215
209
185
187
174
143
105
73
55
36
19
9
77
17
15
11
10
4
1
0
0
2
8
7
4
10
31
28
52
58
84
109
124
124
139
159
189
233
268
294
290
312
345
356
376
388
410
394
386
394
409
395
378
381
350
346
308
255
231
189
153
116
89
60
35
20
17
5
23
49
101
139
173
189
203
200
231
240
273
321
333
333
349
347
338
341
319
309
308
298
282
269
264
250
215
193
162
151
122
122
79
76
77
56
61
68
72
82
87
100
82
71
60
59
71
53
36
14
10
4
20
21
25
40
54
126
490
729
1149
1910
2639
3109
3181
3025
2819
2236
1749
1433
1183
1038
866
691
557
595
598
615
609
640
664
693
683
687
669
673
642
641
586
540
511
482
407
373
323
342
400
489
619
797
1069
1298
1343
1418
1659
1959
2358
2787
3156
3278
3244
3035
2628
2098
1998
2045
1623
1456
1540
2384
2487
1917
1239
744
521
433
380
447
535
657
660
587
477
430
413
419
403
397
374
351
281
255
216
164
138
86
69
63
56
49
25
11
0
5
11
15
16
25
28
43
54
67
82
105
154
197
193
232
252
275
318
344
382
401
447
475
489
491
544
507
530
560
526
579
558
571
593
550
547
523
533
503
473
433
364
321
278
254
229
205
181
179
246
338
378
461
490
535
518
505
511
528
505
493
449
425
385
351
350
338
316
317
313
304
285
287
299
327
313
354
374
368
428
469
493
548
560
558
576
579
570
581
584
574
565
587
572
559
575
572
586
553
561
532
518
484
480
458
452
411
394
337
267
229
202
155
120
91
74
40
17
22
1
0
2
1
1
5
7
9
18
57
81
145
216
269
310
427
547
611
644
693
745
813
824
821
824
836
873
887
852
791
761
694
678
625
574
525
479
444
386
358
285
218
153
92
37
15
8
0
0
7
4
4
12
41
74
104
99
85
41
23
27
43
95
154
193
191
188
156
132
104
60
57
35
16
16
1
0
0
2
15
31
61
99
136
164
191
215
245
281
313
342
391
448
477
501
538
601
658
712
779
845
873
925
969
969
989
1014
1026
1036
1016
1068
1042
1040
987
1028
1173
1300
1442
1539
1559
1388
1187
1149
1291
1548
1829
2076
2140
2050
1888
1739
1653
1632
1504
1312
1058
760
772
1085
1405
1543
1650
1588
1403
1256
1119
1009
962
1249
1354
1341
1324
1363
1606
1851
2101
2265
2405
2531
2632
2774
2994
3280
3600
3918
4129
4197
4124
3941
3780
3713
3785
4802
3719
3702
3592
3256
2910
2671
2345
1974
1579
1280
1268
1158
992
914
868
898
905
835
818
788
637
485
409
419
373
275
151
240
513
642
572
515
491
642
825
845
622
490
427
316
254
182
129
134
81
58
50
47
67
91
89
73
49
54
62
64
89
117
106
126
75
83
101
91
92
123
153
223
267
281
293
265
206
158
128
155
304
542
973
1441
1690
1690
1575
1516
1641
1731
1633
1568
1654
1753
1690
1527
1243
886
600
567
668
790
829
1098
1194
1224
1198
1123
982
863
711
599
570
557
521
453
423
312
240
236
289
322
416
569
611
641
605
609
619
502
410
458
548
473
546
554
706
877
989
1131
1149
1006
872
664
430
366
396
537
557
534
437
469
771
1072
1205
1286
1377
1328
1335
1390
1441
1398
1264
1019
900
764
590
461
411
399
384
373
328
338
305
300
358
512
624
661
728
812
867
883
974
1132
1326
1532
1660
1766
1708
1655
1659
1558
1615
1781
1637
1530
1431
1420
1471
1470
1589
1614
1613
1460
1518
1552
1505
1436
1433
1479
1430
1287
1121
981
753
577
352
266
250
351
401
571
719
933
1043
1152
1246
1324
1383
1464
1468
1409
1460
1590
1666
1677
1570
1343
1118
1027
1001
995
935
860
890
941
996
973
940
856
906
1006
1019
923
728
575
461
411
406
357
283
210
174
143
159
170
167
125
43
66
122
221
259
304
352
369
373
396
399
524
628
688
652
544
599
614
615
555
524
540
431
409
376
383
324
238
183
129
108
50
19
13
6
18
51
103
149
176
181
271
349
407
440
445
527
546
556
606
560
543
558
470
515
678
679
629
400
255
180
165
147
157
186
184
146
115
134
166
224
270
289
287
258
237
174
149
169
191
224
208
165
239
272
512
570
549
559
624
659
573
452
254
256
263
275
361
404
410
357
356
311
304
344
369
420
465
416
377
296
200
109
58
39
58
79
70
78
96
88
95
64
63
83
95
112
105
130
171
198
255
188
176
203
219
250
325
439
484
422
416
489
559
538
471
407
318
279
237
211
163
119
73
49
62
43
50
173
203
398
668
1083
1308
1477
1563
1498
1396
2553
1331
1265
1159
1092
994
872
820
814
911
971
897
697
1084
1415
1576
1661
1810
1877
1856
1660
1501
1411
1232
827
252
678
1006
1178
1344
1438
1518
1474
1492
1516
1524
1525
1520
1417
1254
1005
740
612
670
600
518
455
422
398
469
506
477
488
424
333
263
257
338
459
698
783
896
910
886
887
1257
489
245
138
53
115
151
155
129
117
103
102
92
103
92
68
48
71
79
88
60
26
11
15
12
19
19
21
23
16
45
112
291
541
885
1284
1524
1630
1677
1444
1242
1080
891
650
339
226
314
425
476
474
361
279
187
147
140
85
29
8
19
16
10
19
32
54
62
53
62
53
46
33
29
19
15
5
3
4
3
4
7
2
4
9
26
42
47
30
17
4
5
17
142
315
568
776
835
779
667
580
464
273
427
550
681
790
959
1070
1080
1051
1020
1090
1125
1187
1331
1388
1320
1098
832
708
631
560
467
330
214
149
170
216
308
371
335
293
272
252
199
173
196
234
375
539
627
717
815
927
1058
1128
1236
1377
1418
1478
1456
1450
1468
1493
1541
1615
1664
1628
1527
1476
1418
1415
1373
1337
1285
1171
1002
885
723
643
531
426
318
254
263
264
213
237
277
412
542
621
706
759
776
779
745
815
904
1010
1027
1086
1133
1112
1080
966
931
826
715
738
756
753
747
709
652
611
567
592
631
659
640
567
542
491
453
409
327
317
285
258
274
268
262
279
242
187
97
85
65
61
61
77
80
107
140
130
99
73
35
65
40
43
79
136
223
260
228
210
163
128
149
166
152
155
179
236
302
490
514
560
642
737
802
853
862
852
811
854
872
886
838
749
618
503
462
448
415
395
369
309
217
156
115
79
35
32
33
41
52
88
92
88
137
182
256
305
352
327
350
356
372
405
443
425
460
426
442
452
453
510
577
750
835
877
990
1033
1013
975
903
856
760
584
381
242
152
144
133
98
84
61
77
124
147
105
89
75
88
74
44
44
72
31
26
18
14
18
34
30
13
39
56
65
86
140
169
196
217
268
281
364
426
513
605
634
626
546
522
602
652
672
664
750
889
1026
999
908
758
676
674
598
535
396
307
250
225
186
132
118
124
131
177
223
253
289
350
389
437
451
484
543
617
611
599
557
514
496
506
485
426
406
391
409
389
361
307
276
264
249
266
250
248
245
235
246
299
334
306
237
138
68
38
24
32
49
74
117
140
230
291
329
445
475
472
335
229
157
160
98
33
20
39
73
163
207
253
314
400
468
524
558
540
516
535
560
599
630
629
598
588
628
651
693
663
646
589
541
507
451
445
390
356
302
216
131
101
114
163
174
208
229
248
346
637
846
890
896
711
454
467
582
597
583
988
485
442
474
584
580
502
407
412
417
466
490
505
500
539
545
507
484
551
541
530
473
451
560
777
847
923
955
995
1022
964
850
764
600
482
409
311
239
284
255
308
386
483
566
709
824
845
936
937
1014
1074
1157
1192
1201
1197
1162
1142
1146
1134
1121
1042
1027
1014
951
887
834
785
766
723
642
588
500
338
202
89
53
54
110
170
225
315
376
427
424
462
540
606
649
717
741
764
770
757
773
762
762
793
809
809
845
837
829
790
733
619
574
589
548
515
470
332
249
173
146
158
122
81
52
23
32
25
21
2
1
3
13
15
29
29
39
60
100
97
130
162
227
216
206
218
257
340
528
786
1167
1706
2068
2335
2605
2880
3181
3111
3156
3258
3251
3214
2959
2539
2079
1976
2211
2391
2493
2559
2938
3215
3397
3482
3423
3244
3031
2699
1929
2149
1657
1807
1814
1535
1435
1288
1209
1275
1352
1254
1287
1590
1944
2139
2311
2399
2421
2354
2054
1860
1607
1448
1396
1355
1374
1468
1558
1618
1690
1792
1947
2137
2139
2089
2089
2110
1991
1820
1724
1615
1676
1638
1515
1292
1015
826
675
686
777
893
971
972
960
987
1037
1089
1051
952
700
402
183
67
69
69
47
61
68
80
131
157
178
217
196
145
219
241
271
282
296
227
358
450
497
546
550
520
464
515
489
473
524
596
618
708
688
682
681
719
727
703
651
545
478
411
383
341
281
246
236
305
361
398
411
425
391
384
336
324
387
393
391
457
478
546
552
544
527
512
487
610
714
680
598
580
550
513
464
422
459
449
446
418
412
350
301
292
194
116
78
40
60
91
82
68
52
73
77
122
139
172
236
250
246
258
282
336
373
386
445
434
419
423
414
419
439
434
426
423
428
446
452
439
398
390
360
363
374
307
279
261
279
260
197
140
141
115
93
62
63
54
61
57
60
85
99
107
113
125
165
187
249
294
324
366
415
448
470
530
577
643
671
694
688
740
707
709
743
733
726
751
791
804
775
823
752
714
651
633
560
527
543
535
491
485
376
289
288
237
195
172
192
144
133
109
98
58
27
20
43
88
170
232
261
241
221
201
180
146
118
122
99
62
67
80
161
282
317
327
429
483
570
632
702
737
758
759
694
628
507
406
323
157
206
349
436
530
613
682
684
690
761
836
942
982
1096
1272
1455
1597
1736
1773
1824
1781
1853
2036
2277
2466
2345
2106
2030
2287
2486
2299
1709
1542
1790
1968
1497
1598
1626
1971
1611
1127
768
811
665
573
537
555
495
442
455
583
607
608
569
647
635
659
624
627
642
585
542
521
534
562
610
624
721
756
605
376
254
181
197
180
133
72
40
55
79
102
115
101
116
92
78
102
169
203
176
127
62
30
24
58
129
180
230
297
247
125
70
54
55
69
99
123
119
87
63
91
61
32
45
86
117
123
71
47
19
8
15
43
78
97
106
104
156
185
175
108
133
165
227
299
484
640
634
427
191
120
99
131
198
265
262
186
118
88
73
97
110
93
67
64
64
48
25
13
10
22
37
25
20
22
24
48
65
67
39
17
5
17
40
63
79
93
97
83
61
38
17
35
61
93
106
93
39
47
101
118
90
89
98
83
95
96
91
87
102
188
223
217
186
86
10
36
63
55
20
3
7
18
31
42
67
109
117
164
177
211
183
160
162
236
417
532
730
821
990
1053
1172
1234
1310
1325
1345
1380
1353
1415
1375
1375
1337
1270
1304
1271
1267
1189
1079
978
933
952
977
1017
1068
1092
1159
1183
1266
1369
1414
1480
1569
1716
1855
1967
1961
1966
1766
1515
1236
1011
941
1001
1002
905
761
645
561
537
511
562
592
602
569
563
629
531
366
366
414
396
397
469
505
532
562
613
649
712
688
708
760
845
952
1042
1056
1034
975
949
931
949
981
923
904
880
798
714
581
338
221
202
180
265
456
632
701
750
784
798
864
956
1065
1182
1231
1134
943
805
730
699
649
614
623
656
674
706
658
735
737
654
611
610
623
580
483
366
307
270
274
290
345
397
400
408
537
665
705
682
714
746
681
662
687
758
828
965
1043
1108
1087
1095
1114
1149
1154
1135
1105
1127
1103
1073
1028
987
991
922
805
747
675
594
428
274
134
100
64
87
196
292
417
550
639
696
686
712
735
748
718
716
694
711
715
711
682
709
713
668
636
535
467
412
383
313
265
277
253
247
228
201
153
154
204
168
139
122
101
91
82
47
20
59
69
90
177
224
255
326
384
403
394
348
337
348
420
554
564
613
614
609
580
576
540
481
439
429
797
777
472
541
563
583
599
620
587
534
431
408
429
350
256
196
171
178
455
528
336
413
526
576
675
713
734
705
728
737
693
702
627
673
718
724
726
807
870
921
878
850
741
615
565
522
518
456
304
152
91
73
48
48
66
84
71
65
113
197
243
246
225
261
329
390
408
912
595
729
851
988
1118
1182
1185
1229
1240
1268
1256
1250
1181
1212
1192
1145
1145
1064
986
870
778
641
519
362
166
69
28
89
221
384
585
691
806
949
952
1034
1077
1161
1150
1130
1123
1141
1109
1097
1153
1138
1120
1097
1027
1026
1018
968
894
826
778
651
581
518
448
400
357
312
294
275
252
179
141
136
183
304
423
475
552
626
738
833
911
1039
1092
1124
1145
1186
1242
1292
1332
1341
1346
1460
1540
1558
1533
1508
1491
1491
1463
1382
1278
1185
1065
1010
855
796
731
636
633
638
531
348
220
204
368
526
697
881
983
1065
1126
1144
1206
1177
1134
1174
1169
1226
1379
1698
2282
2783
3013
3073
3021
2981
2696
2159
1728
1313
727
839
1132
1253
1371
1607
1671
2118
2575
2812
2960
3080
3293
3329
3071
1891
1248
1133
915
959
878
857
935
981
909
727
353
73
190
370
567
641
656
662
704
723
716
785
1000
1158
1264
1359
1461
1518
1419
1314
1242
1173
1065
955
887
835
676
578
514
448
348
248
115
66
87
172
334
472
573
650
695
728
761
772
759
754
770
755
790
744
793
800
826
850
815
818
804
877
963
1067
1074
1022
946
818
784
704
648
620
623
561
486
452
385
311
226
169
95
57
50
33
35
46
86
128
155
145
168
206
257
334
361
388
391
484
538
522
569
624
710
826
898
955
1016
1082
1127
1203
1211
1301
1301
1317
1402
1486
1533
1462
1374
1347
1251
1177
1090
1007
866
781
676
593
551
424
318
213
182
137
100
157
220
364
585
714
792
875
949
1021
1097
1159
1166
1161
1176
1143
1157
1081
1069
1013
989
969
992
911
878
838
841
789
758
712
611
555
467
380
331
231
172
134
145
206
345
374
376
326
292
279
293
272
266
278
283
333
381
322
356
393
465
565
593
600
652
709
814
924
971
1007
1087
1111
1087
1023
948
880
808
699
610
470
361
238
162
101
44
41
73
114
151
231
300
386
465
550
681
778
915
985
1042
1077
1130
1095
1180
1227
1278
1346
1313
1355
1283
1167
1109
1079
993
975
973
909
922
858
821
819
834
826
762
701
587
450
246
174
115
66
76
128
249
371
452
555
655
700
835
874
964
969
1012
1017
1031
1076
1015
1032
1002
998
921
904
852
776
743
671
582
482
434
333
251
165
89
44
36
24
10
3
23
55
167
328
428
544
557
635
684
683
725
729
734
740
698
700
683
662
680
627
660
648
614
632
584
592
554
511
499
413
347
305
263
194
104
59
29
26
30
13
11
37
39
169
92
148
224
272
303
411
477
516
589
644
718
796
848
852
938
951
992
963
988
972
962
912
882
843
747
690
615
512
486
423
339
270
208
141
73
42
10
1
0
1
2
16
48
145
242
355
459
506
592
645
643
704
719
749
735
764
771
758
768
772
770
748
750
741
706
708
692
659
638
625
558
476
396
304
181
79
8
1
0
15
92
145
202
257
293
349
385
435
459
514
551
590
637
686
692
738
735
718
723
728
683
680
618
605
544
474
375
281
216
159
90
39
22
6
8
11
17
25
69
116
151
187
253
313
372
431
478
491
570
611
629
672
743
759
817
844
892
926
952
951
947
936
941
960
923
903
818
769
691
555
473
316
269
184
144
125
94
77
34
30
23
20
24
64
147
222
297
382
467
570
634
673
738
785
840
865
909
879
899
860
814
794
749
715
691
631
609
570
527
513
441
395
314
248
129
74
21
1
0
17
76
173
257
319
403
439
446
476
481
497
481
468
455
427
412
410
377
380
352
312
251
202
169
137
132
124
137
136
145
149
205
201
223
268
275
291
285
280
253
233
217
166
139
96
43
18
9
4
0
3
14
22
31
51
63
63
87
76
104
126
142
170
205
221
205
186
197
184
183
209
204
212
236
244
262
254
285
268
255
285
246
253
218
212
197
171
125
106
44
21
4
0
0
10
17
18
7
4
3
0
0
0
0
0
3
1
2
4
1
2
3
3
13
13
3
3
0
0
0
0
0
0
2
5
12
10
23
37
50
59
53
86
82
97
75
57
25
17
22
9
4
2
0
0
0
0
0
0
0
3
0
0
0
0
0
0
11
16
1
0
0
0
10
60
125
184
195
150
68
13
3
51
127
212
322
358
405
461
443
401
358
237
104
99
169
314
391
316
210
214
220
274
303
357
349
275
219
127
45
16
24
45
40
235
748
1703
2742
3333
3713
3975
4251
4162
3755
3307
2915
2449
2229
1935
1608
1137
856
958
1680
2337
2721
2913
2579
2140
1630
1230
985
904
1029
1186
1544
2172
2850
3536
4018
4401
4401
4059
3582
3299
3181
2826
1692
1283
1006
1199
1376
1517
1721
1972
2175
2234
2167
1989
1871
1699
1507
1275
1077
805
686
667
566
500
441
402
335
298
217
147
128
159
254
275
302
335
298
299
346
309
305
277
230
131
106
105
75
63
62
75
89
99
83
79
68
184
74
87
77
64
48
66
100
102
90
132
141
144
131
121
77
39
19
17
49
53
45
33
20
14
12
5
0
1
7
4
11
6
2
0
1
3
6
6
3
5
9
17
17
3
18
61
150
231
293
281
264
206
177
109
51
24
8
0
0
0
2
1
0
1
29
53
63
53
46
38
24
21
14
17
15
16
16
25
60
114
131
117
37
18
70
91
71
35
25
6
2
30
27
10
15
11
3
1
25
59
68
86
64
29
23
28
23
19
10
8
1
0
2
25
42
64
67
40
42
48
41
68
145
187
196
173
124
81
95
87
52
24
42
64
99
112
123
155
190
211
155
72
54
49
39
22
15
5
1
6
43
86
85
90
113
118
127
129
90
57
32
23
21
25
23
38
48
45
28
65
72
64
83
90
112
119
126
93
58
24
5
12
20
47
57
52
40
40
32
28
17
37
31
8
6
1
1
0
0
7
15
12
6
4
17
41
112
128
159
168
189
224
249
258
277
282
260
208
158
81
78
91
94
99
110
73
81
85
93
100
69
40
35
43
60
64
96
83
71
222
259
377
493
548
560
396
139
34
31
56
47
30
22
52
122
104
64
94
170
175
100
130
166
173
196
182
193
229
267
311
315
299
282
245
158
58
47
73
77
60
57
50
62
78
85
63
77
89
67
25
20
13
3
0
4
5
3
5
3
6
5
11
14
22
46
53
37
27
3
0
0
0
3
7
19
29
20
11
3
2
23
51
43
48
110
175
204
187
209
145
131
85
18
15
56
103
114
145
75
45
22
14
3
2
58
11
34
37
24
45
37
24
57
71
43
37
28
19
26
44
48
48
39
43
51
56
103
170
211
263
279
272
298
289
277
289
287
253
169
105
167
226
220
174
147
113
75
84
166
165
152
168
209
184
149
69
42
39
60
73
57
55
36
45
118
118
117
105
64
70
74
89
99
101
137
179
169
200
175
152
112
100
83
75
63
85
146
191
249
280
374
787
319
279
146
95
113
112
153
179
209
164
81
60
66
129
155
160
231
181
267
321
289
296
331
390
423
309
379
505
697
838
950
936
877
877
813
770
677
635
586
657
722
563
608
707
736
759
790
850
887
874
848
753
731
708
691
649
638
710
855
1044
1214
1426
1539
1575
1496
1487
1584
2595
1837
1866
1838
1708
1658
1539
1490
1463
1370
1139
1017
903
790
619
491
401
315
269
246
303
368
466
527
520
496
506
473
391
335
249
198
139
99
62
34
27
39
49
74
91
114
104
104
102
99
98
127
111
121
81
64
49
44
16
5
32
25
32
23
21
11
46
64
43
43
64
49
49
55
72
62
58
59
68
144
319
530
997
1603
2146
2345
2731
2286
1867
1655
1390
970
1053
962
827
641
393
253
261
258
293
361
289
280
261
270
256
170
112
41
7
13
17
7
31
32
38
32
10
35
11
0
37
26
12
1
0
0
0
0
0
0
0
0
0
0
0
39
309
608
976
1378
1836
2112
2373
3084
3546
4013
4039
3373
2190
1049
856
734
1204
1560
1530
1175
521
111
133
125
143
147
182
223
178
166
136
117
88
56
44
24
21
19
13
4
1
0
6
9
0
0
0
0
0
0
0
0
0
0
0
0
0
0
0
0
0
0
0
0
0
0
0
4
11
0
0
0
0
0
1
0
0
0
0
0
0
0
0
0
0
0
0
0
0
0
0
0
0
0
0
0
0
0
0
0
0
0
0
0
0
0
2
9
11
1
2
1
1
1
2
18
30
34
78
81
80
62
44
12
5
13
7
28
20
0
2
2
0
0
0
0
1
1
0
2
3
0
0
13
23
63
156
254
342
388
437
410
388
339
323
251
208
181
143
114
90
48
19
9
9
1
6
31
46
50
49
34
23
10
10
0
0
0
0
1
2
3
4
3
6
0
0
0
0
0
0
3
8
7
0
1
3
2
1
0
2
4
3
1
5
2
0
0
1
0
0
0
0
0
0
0
0
0
0
0
0
0
0
0
0
0
0
0
0
0
0
6
15
2
1
0
0
0
0
0
0
0
0
0
0
0
0
0
8
7
0
1
3
1
0
0
0
0
0
0
0
0
0
0
0
0
1
1
3
0
0
0
0
0
1
3
0
0
0
0
0
1
8
10
18
26
45
54
43
45
54
62
45
36
18
18
12
9
3
8
18
13
4
0
1
1
0
4
2
19
14
0
5
32
67
96
96
108
108
78
49
47
55
206
386
455
359
562
824
891
809
720
689
791
903
987
1048
1080
1097
1071
1032
973
971
956
935
916
910
850
803
815
737
657
603
512
451
349
235
189
242
266
239
200
176
156
124
118
411
181
163
145
134
95
76
73
87
66
24
2
0
0
0
0
0
0
1
2
4
10
17
22
26
32
38
40
40
63
50
70
25
1
30
160
248
176
54
17
34
84
140
39
12
8
11
55
51
93
183
298
357
457
456
481
428
355
395
442
512
606
680
720
746
724
767
841
886
943
968
925
890
915
902
873
862
787
769
727
779
752
698
611
427
338
166
69
21
5
19
14
8
4
13
36
110
200
253
310
382
419
471
493
515
555
563
618
641
630
618
584
590
584
578
567
562
523
479
467
449
428
435
412
401
389
402
349
352
300
289
251
250
190
201
232
249
221
147
54
15
15
13
11
23
22
9
4
6
15
2
8
1
0
1
0
0
0
13
7
13
27
31
43
50
70
103
130
188
241
257
325
374
426
499
522
554
568
619
621
656
642
628
619
612
631
616
594
570
540
536
543
493
449
458
441
445
419
351
297
239
221
238
202
176
155
116
100
92
66
33
9
0
5
14
8
20
53
80
99
155
223
318
406
467
526
556
573
600
564
594
609
632
617
661
724
831
915
876
892
772
732
621
549
473
447
420
405
337
321
290
292
318
397
487
574
564
451
363
233
132
143
179
179
154
124
117
106
89
74
62
48
47
123
112
72
30
19
14
16
27
46
55
84
115
139
182
251
312
355
405
403
473
482
450
435
444
433
496
482
497
464
460
453
475
488
529
490
448
513
495
507
516
513
515
466
486
497
467
467
448
443
439
454
444
488
476
368
334
255
203
129
100
57
54
33
38
50
34
64
99
119
104
96
89
94
142
161
189
185
214
242
333
408
500
588
649
701
778
783
758
813
820
841
829
808
760
719
686
661
580
532
490
429
383
332
293
252
232
213
184
145
118
108
94
69
5
2
0
11
11
16
24
45
67
94
102
128
126
168
164
182
172
184
196
237
254
267
307
444
503
551
445
285
118
220
349
415
408
372
338
262
155
72
37
65
177
282
305
299
258
209
184
160
171
127
72
43
23
15
12
2
2
0
0
0
1
0
0
1
0
0
0
2
1
2
1
0
0
0
2
0
0
0
4
26
99
222
375
531
629
572
475
395
228
56
34
8
8
8
11
0
9
45
16
15
15
9
6
13
19
15
7
7
16
6
3
3
6
4
50
8
1
3
1
0
0
1
0
0
0
0
0
0
0
0
0
0
0
0
12
13
0
0
0
0
0
0
0
0
0
0
0
0
0
0
0
0
0
0
0
0
0
0
0
0
0
0
0
0
0
0
0
0
0
0
0
0
0
0
10
14
0
0
0
0
1
0
0
0
0
1
0
9
160
683
1178
1629
2368
3098
3510
3407
3251
3090
2975
2720
2466
2159
1774
1329
840
458
410
474
593
658
690
680
631
579
527
488
390
279
217
147
107
89
109
104
94
94
51
59
91
125
114
98
94
90
84
51
42
37
50
40
43
78
115
97
66
75
136
119
140
164
128
71
31
26
67
181
435
717
801
820
871
881
981
1099
1136
1125
1068
1125
1240
1215
1175
1133
1233
1222
1102
920
691
592
473
359
302
269
287
345
408
444
463
511
549
610
662
673
660
597
460
383
296
269
200
156
134
136
166
142
119
133
149
170
206
186
169
114
45
32
53
52
53
52
51
58
81
119
126
80
63
48
21
12
19
16
13
5
5
19
16
12
11
6
0
3
1
1
1
1
2
5
5
5
9
12
12
7
4
3
5
2
2
5
3
6
8
5
4
3
0
1
0
0
12
6
2
3
0
2
3
3
1
3
2
0
0
0
1
1
9
1
6
36
72
110
131
156
139
116
99
62
45
42
47
44
41
36
21
2
12
31
22
9
2
0
2
8
8
11
18
38
31
63
116
171
210
278
361
488
624
693
722
679
627
668
722
665
605
497
475
468
433
358
397
400
445
453
501
571
618
607
701
808
892
944
782
507
276
334
435
466
520
509
678
753
667
554
495
400
245
148
134
127
177
215
252
265
252
238
179
155
192
244
285
292
268
194
160
148
176
122
23
4
8
18
12
10
0
4
14
21
50
60
23
14
2
0
1
3
5
18
113
281
375
366
327
272
192
159
130
166
196
207
204
183
151
90
58
45
34
19
14
7
0
1
1
0
2
0
0
2
12
25
32
35
36
37
28
24
93
56
3
8
5
3
0
0
0
0
0
0
0
4
2
0
0
1
13
1
0
0
3
21
1
0
5
3
4
11
3
17
51
111
121
118
88
81
42
20
5
0
0
2
1
5
4
3
0
2
1
0
0
0
0
0
0
0
1
2
0
0
0
0
0
0
0
10
9
0
12
6
0
0
0
0
0
0
0
0
0
0
0
0
1
0
0
0
1
0
0
0
0
0
0
0
0
0
0
0
0
3
23
0
1
6
5
4
8
1
0
0
6
2
0
0
0
0
0
0
5
3
0
0
0
0
0
0
0
0
0
0
0
0
0
0
19
13
2
47
120
171
182
121
98
81
59
28
30
28
19
25
19
17
4
1
0
0
0
0
0
0
0
0
0
0
0
0
14
22
0
0
2
4
0
0
3
23
66
71
72
71
40
34
9
6
0
0
0
0
0
0
0
0
0
0
0
0
0
0
0
0
0
0
0
0
0
0
0
0
0
0
0
0
0
0
5
4
0
0
0
0
0
0
8
93
292
423
561
540
492
383
358
254
163
152
154
220
295
329
382
420
354
312
271
227
188
137
149
188
229
207
149
95
40
9
2
14
24
45
45
38
30
25
6
3
22
15
22
21
18
23
27
22
18
38
98
203
328
486
539
559
545
487
390
292
159
58
15
25
16
3
0
0
2
1
2
0
0
0
0
0
0
0
0
0
0
0
0
0
0
0
17
10
13
0
2
1
0
0
0
0
0
0
0
0
0
0
0
0
0
0
0
0
0
0
0
0
0
0
0
0
0
0
0
0
0
0
0
0
0
23
2
9
9
11
10
1
0
0
0
0
0
0
0
0
0
0
0
0
0
0
0
0
0
0
0
0
0
0
12
21
0
0
0
6
1
0
0
0
0
0
0
0
0
0
0
0
0
0
0
1
5
19
35
2
0
5
15
2
0
2
0
0
0
0
0
2
5
0
0
0
0
0
0
0
0
0
0
0
0
1
0
0
0
0
0
2
8
19
21
21
27
14
5
23
36
15
3
7
15
18
15
12
5
6
2
16
4
9
9
10
7
4
10
13
15
14
11
27
38
47
73
70
80
97
134
200
253
233
249
287
388
532
718
865
963
1005
938
854
809
597
359
188
112
73
53
44
69
53
50
52
49
67
129
174
205
242
280
353
394
450
488
485
539
535
547
533
566
580
648
679
642
590
481
486
584
767
919
969
905
753
673
641
630
562
432
342
200
116
48
54
69
97
129
221
315
390
473
528
614
653
748
880
1049
1279
1466
1531
1470
1381
1238
1109
1094
1112
1092
1083
1104
1104
1014
795
598
53
3
8
90
130
56
4
24
40
46
88
103
83
98
176
273
314
363
430
547
813
1057
1404
1732
1962
1948
1626
1194
865
709
668
690
704
676
717
724
587
340
271
325
220
105
141
57
18
99
82
47
17
8
18
16
8
10
0
0
5
0
0
1
1
1
0
3
3
14
17
16
15
17
29
54
63
81
82
103
89
62
33
6
1
0
6
1
1
0
2
1
0
3
12
6
0
0
0
1
1
3
0
0
0
0
0
0
0
1
4
3
14
27
58
77
80
101
112
116
120
139
139
132
119
126
99
97
83
78
50
41
30
17
13
6
0
0
0
0
0
1
2
7
0
0
0
0
0
0
0
0
0
0
0
0
3
12
2
0
0
0
2
0
0
0
0
0
0
0
0
3
1
1
0
0
0
0
0
0
1
0
4
11
1
0
0
0
1
2
0
0
0
0
0
0
0
0
0
0
0
0
0
0
0
0
0
0
0
0
0
0
0
0
0
0
0
0
0
4
13
1
0
0
0
0
1
0
0
0
0
1
0
1
1
2
0
1
1
2
1
3
15
8
27
92
172
251
303
382
403
429
366
334
320
326
342
341
334
344
248
174
142
127
92
62
65
68
87
96
109
104
95
69
40
32
28
33
92
139
179
213
245
285
265
296
313
321
320
320
306
250
183
128
112
88
68
25
39
86
111
142
227
339
408
440
490
491
421
413
397
387
370
322
269
211
179
166
165
163
166
145
118
114
124
104
85
59
53
47
118
269
439
642
734
778
695
510
326
135
44
16
14
40
72
85
78
89
88
75
75
62
37
29
12
9
0
0
0
0
1
0
0
0
0
4
5
8
10
16
17
25
62
112
138
160
128
102
150
217
235
281
257
302
361
407
407
412
455
464
508
501
493
464
451
463
477
491
462
453
400
395
436
520
570
681
820
939
1069
1116
1074
1025
893
861
741
648
534
371
268
170
91
52
41
48
47
42
44
67
137
201
283
416
503
610
715
798
879
947
981
988
1037
1004
986
927
889
776
669
568
394
271
158
98
92
116
111
121
112
100
82
88
83
108
134
172
212
238
226
205
165
147
153
155
200
192
207
199
191
157
125
95
54
18
2
0
0
0
0
0
0
0
0
2
6
21
15
51
62
70
81
108
136
204
246
525
300
302
323
398
361
364
378
395
385
370
377
354
346
342
344
330
333
314
315
308
300
295
251
208
190
165
165
136
137
117
93
99
68
63
67
120
136
153
155
175
178
157
138
132
120
120
108
86
72
53
81
119
105
99
119
190
214
267
282
344
319
313
246
222
181
115
85
79
84
85
87
89
90
79
116
111
137
127
107
145
180
220
252
271
262
340
491
644
829
1028
1253
1401
1550
1553
1490
1569
1601
1577
1582
1681
1753
1642
1443
1348
1302
1221
1124
1136
1011
965
788
616
501
366
299
365
428
405
363
309
290
271
234
213
177
126
97
43
18
10
12
41
33
25
24
43
97
161
205
260
353
540
824
1139
1375
1632
1985
2310
2596
2926
3259
3413
3327
3209
2997
2612
2179
1635
1084
688
727
1089
1326
1453
1574
1652
1567
1464
1327
1079
960
893
823
827
948
1033
1068
1080
1021
958
835
668
635
911
1074
1157
1211
1311
1325
1316
1249
1098
1012
968
899
870
892
998
1116
1221
1140
1004
889
943
939
928
738
554
745
1028
1169
1240
1311
1299
1124
863
721
510
284
178
223
251
317
414
485
582
632
603
556
509
492
542
587
567
536
458
305
277
379
512
611
734
848
920
930
834
767
769
743
692
578
477
466
467
466
370
439
590
681
798
960
1155
1309
1431
1477
1458
1394
1317
1166
1017
829
643
369
308
326
361
390
358
389
447
455
463
480
495
483
486
539
558
587
605
610
568
535
460
389
345
381
433
438
410
360
335
316
350
304
246
210
299
293
306
385
472
527
490
390
321
277
207
186
155
147
371
660
965
1170
1370
1390
1233
1172
1287
1256
1138
1009
1008
976
928
885
864
752
613
484
388
303
177
104
99
121
141
158
182
201
288
387
403
483
370
264
405
638
784
926
848
437
422
497
506
549
569
444
356
347
492
563
630
643
570
600
604
624
727
730
587
412
299
249
163
134
157
194
253
466
765
957
887
660
550
575
687
751
732
614
470
669
674
680
798
857
930
942
847
761
665
704
746
674
698
784
834
888
818
753
777
923
1052
981
893
925
832
1512
598
601
570
497
418
240
184
279
412
521
594
608
589
604
607
629
626
612
603
614
651
726
676
657
715
726
683
646
644
562
494
442
403
426
490
467
455
395
415
400
395
366
351
352
358
366
375
324
285
307
336
305
232
265
279
321
351
385
365
409
451
451
430
517
587
685
733
723
668
743
1416
765
716
662
651
607
580
551
524
556
498
411
356
332
313
290
340
307
208
125
87
76
83
117
109
148
175
230
216
220
203
226
245
300
358
408
438
487
516
499
457
453
344
311
314
350
329
293
305
265
254
260
337
405
509
516
409
298
223
193
247
241
187
218
212
190
182
130
167
312
442
505
506
510
463
384
384
411
392
365
279
281
334
393
410
293
165
130
104
105
107
142
211
231
259
272
224
194
223
254
244
255
329
411
526
549
626
667
652
632
654
619
539
466
412
379
378
321
287
229
183
118
87
59
51
37
54
129
252
293
378
405
470
475
523
560
572
558
535
516
488
493
433
469
460
467
453
439
373
292
220
189
206
211
199
123
53
34
31
14
14
22
16
20
14
21
22
17
6
4
2
1
0
0
0
0
0
0
3
2
4
10
22
42
51
64
72
81
64
73
73
108
143
143
175
192
211
175
161
175
160
161
186
206
279
348
397
431
490
549
638
690
800
867
890
921
930
949
951
916
856
793
746
696
636
593
582
543
491
417
369
312
255
231
196
166
93
46
20
18
4
4
1
1
2
1
0
0
0
0
0
0
0
0
0
0
0
1
0
0
0
0
0
0
3
0
4
3
2
1
1
7
80
255
410
538
620
684
722
789
850
902
920
926
924
950
987
1041
1037
964
898
957
1053
1042
1044
1029
1038
1030
1022
1076
1101
1111
1078
1040
971
907
866
803
747
658
598
553
526
468
399
370
356
346
286
325
366
456
514
561
589
571
523
481
430
340
246
208
160
181
200
184
170
184
170
137
111
100
69
35
21
25
27
59
103
117
113
108
117
138
165
250
287
318
297
316
324
320
329
349
335
343
346
363
333
327
402
442
456
522
578
671
729
761
813
849
799
807
833
870
992
1019
1047
1041
1097
1161
1186
1188
1186
1185
1136
1119
1092
998
921
869
761
656
504
346
273
196
162
184
180
87
87
169
370
472
476
528
621
691
766
861
906
895
947
926
1002
1001
1008
998
958
938
940
857
787
774
713
672
623
584
495
453
390
344
306
280
229
212
173
164
122
110
82
82
93
121
163
213
212
189
149
115
114
73
75
70
68
35
16
2
8
13
27
51
96
152
239
296
363
472
529
644
726
788
848
944
1041
1099
1195
1180
1202
1169
1098
1066
990
942
898
849
805
819
815
767
1277
702
662
592
612
556
610
640
632
526
452
373
247
173
156
155
210
281
267
171
98
109
182
231
276
258
267
247
279
351
484
547
628
661
701
748
760
808
878
933
1014
1273
1864
2433
2499
1949
1295
952
936
960
1015
1140
1112
996
845
828
820
784
779
673
823
906
979
991
942
877
758
687
642
595
610
577
508
561
611
589
81760
0
0
0
0
0
0
0
0
0
0
0
0
0
0
0
0
0
0
0
0
