18336
2607
2688
2569
2606
2869
3128
3423
3271
3542
3725
3887
4163
4388
4557
4636
4532
4576
4857
5029
5089
5150
5120
5170
5085
5129
5081
5005
4805
4648
4331
4055
3750
3308
3101
2910
2697
2451
2090
1865
1801
1655
1552
1486
1107
719
949
1090
1292
1207
945
970
1213
1226
1418
1474
1372
1466
1551
1622
1556
1412
1376
1327
1292
1234
1141
1009
885
718
656
571
544
546
627
808
1030
1135
1235
1292
1316
1540
1657
1654
1513
1317
1136
1001
841
677
526
406
309
260
269
228
80
8
6
2
0
0
3
4
8
1
1
3
0
0
0
0
6
24
29
32
14
2
1
0
2
14
28
52
53
29
9
10
8
11
22
36
23
15
2
0
0
33
45
27
25
48
96
118
132
105
67
42
32
34
33
22
12
26
67
52
21
68
86
54
53
15
1
0
0
0
0
2
14
25
37
18
21
24
23
25
28
38
32
24
9
0
1
1
3
0
1
5
6
6
3
6
35
74
88
140
190
205
224
314
328
312
293
272
274
288
291
225
291
585
983
1172
1195
1133
1124
1063
960
963
1323
1879
2189
2457
2440
2361
2267
2285
2318
2347
2303
2277
2071
1682
1231
1612
1949
2655
3317
3757
4028
4032
3873
3686
3743
3543
2803
2189
2311
2938
3647
4199
4410
4509
4443
4438
4285
4043
4321
5317
5978
6501
7076
7693
8328
8744
8804
8594
8289
8095
7864
7395
6761
6158
5608
5112
4715
4184
3405
2566
2270
2139
2118
2134
2033
2012
2457
2362
1803
1308
927
895
1312
1491
1309
1111
1183
1360
1544
1613
1470
1363
1210
1089
923
938
1022
968
917
932
810
636
468
353
323
275
275
317
270
385
438
392
249
117
43
44
59
140
132
88
67
31
18
37
106
148
194
201
259
269
267
255
254
275
258
256
222
156
59
18
9
13
74
87
69
29
3
3
3
4
4
10
16
18
33
39
31
17
1
0
1
0
0
0
0
0
0
52
73
35
12
22
25
0
0
0
7
32
23
14
24
34
47
66
62
63
49
23
18
8
14
4
5
22
43
19
3
7
2
37
120
142
112
71
41
10
3
0
5
5
4
8
3
0
0
0
1
29
177
460
490
304
238
229
224
261
267
203
157
142
50
48
59
88
213
368
530
767
963
1010
971
924
1089
1054
900
732
675
566
362
378
455
530
539
492
470
511
681
743
620
415
256
236
249
247
181
44
18
88
168
112
41
0
2
6
12
7
12
15
9
4
3
1
0
0
0
0
0
0
0
0
0
0
1
0
1
2
0
0
6
8
3
1
0
0
0
0
0
0
0
0
0
0
0
1
15
9
34
57
125
147
135
61
70
102
95
58
20
5
1
2
1
4
20
30
46
17
3
0
1
29
176
385
542
685
881
1092
1239
1395
1540
1661
1778
1983
2164
2371
2468
2548
2539
2484
2462
2365
2186
1984
1698
1381
1132
826
630
337
688
1021
1185
1208
1302
1059
746
696
466
380
495
556
548
440
416
349
327
405
418
406
399
381
401
403
418
397
376
387
425
472
590
763
850
930
844
753
665
605
571
514
383
311
241
183
180
209
187
142
80
39
30
31
51
64
80
158
177
146
90
46
41
58
68
79
112
120
141
170
224
393
509
699
750
744
780
911
1131
1282
1355
1186
842
1284
1380
1100
1226
1541
1459
1311
1180
824
604
553
463
727
959
1030
1013
939
838
1047
1207
1200
959
519
1118
1855
2059
940
1574
1671
1394
1275
1042
812
980
1071
850
657
701
994
1061
1093
1012
755
1602
2086
1795
740
697
718
835
928
886
788
707
575
557
526
370
290
355
456
494
405
279
216
326
349
425
565
630
719
687
608
553
440
345
320
396
432
465
443
535
693
722
720
695
648
548
509
497
353
263
292
367
522
686
829
995
982
930
847
854
847
689
552
606
687
983
1452
1893
2074
1759
1341
1686
1375
1000
870
791
740
803
790
841
992
1041
1061
1411
1564
1466
1215
1368
1686
1820
1818
1483
982
743
695
432
681
1205
1405
1336
1116
875
732
728
805
931
1022
1066
1031
920
699
974
2116
2789
2813
2684
2130
1126
968
929
696
894
1043
1019
938
693
490
380
365
410
364
323
393
408
344
245
167
165
171
119
25
16
27
50
136
274
222
112
71
164
219
159
97
94
118
200
568
1042
1252
1440
1472
1406
1299
1134
978
860
790
805
877
869
788
732
720
668
561
376
202
133
130
218
432
593
569
558
607
805
862
520
689
1523
2403
2917
2821
2511
2012
1384
1078
998
408
340
831
1121
1265
1319
1187
1294
1202
1107
1024
1095
1156
1071
920
805
1085
2163
3116
3737
4051
3885
3170
2054
1051
1809
2290
2534
2659
2831
3064
3251
3277
3294
3425
3612
3494
3333
3002
2456
2002
1648
2809
3459
3672
3645
3173
2577
2100
1813
1607
1315
1113
889
682
1107
1060
997
788
1117
1145
1020
739
931
936
891
1164
1509
1637
1558
1308
1029
1140
1262
1343
1319
1223
998
793
702
727
769
797
803
799
705
658
554
497
509
542
609
587
543
540
518
563
758
817
956
1536
1759
1841
2403
1730
1657
1398
1044
988
979
984
960
1051
1180
1342
1366
1318
1143
975
879
758
719
732
878
985
1046
867
626
760
1042
1337
1727
1864
1838
2046
2138
2185
2046
1767
1521
1179
866
958
1073
1135
1237
1261
1253
1364
1404
1469
1336
1190
1056
1025
1076
1003
1215
1218
896
373
322
589
732
901
959
1005
1629
1805
1664
1208
518
1048
1194
1158
1170
1130
1573
1942
2033
1866
1559
1359
1363
1382
1299
1552
1448
1321
1308
1151
976
1086
1127
1064
691
541
1184
1549
1681
1597
1628
2040
2375
2404
1808
1322
1103
744
684
686
696
753
819
811
745
818
1084
1323
1419
1462
1475
1391
1497
1541
1516
1565
1780
1740
1649
1488
1442
1227
1068
1175
1236
1065
885
712
541
502
502
473
468
453
357
323
317
399
451
597
687
902
1025
1004
898
647
421
351
452
554
719
982
1208
1314
1232
1003
927
1116
1338
1508
1434
1254
1179
958
1106
870
818
1041
1180
1116
1094
1003
888
1065
1116
1318
1680
1958
2088
1833
1506
1093
849
1031
1000
837
1111
1192
906
679
702
856
760
717
652
560
394
300
327
332
330
324
329
234
206
195
158
202
206
217
274
407
618
784
880
956
1131
1169
1403
1558
1584
1633
1495
941
1218
1197
1038
984
954
969
971
976
1127
1358
1516
1498
1378
1056
787
763
669
525
630
771
681
664
780
844
636
496
454
596
589
581
629
778
906
824
653
472
307
202
84
75
116
140
89
50
101
276
500
558
454
375
430
487
497
569
620
626
628
588
550
572
538
442
262
234
323
429
472
478
466
415
497
678
881
980
850
738
653
525
363
406
559
703
729
692
613
637
586
646
727
577
489
564
492
276
217
255
335
346
253
180
96
54
109
153
219
181
106
125
182
256
298
290
317
319
314
529
712
783
783
975
1083
1020
932
757
705
687
721
970
1384
1664
1727
1557
1193
893
707
471
341
446
550
642
756
893
993
981
817
554
519
596
709
959
1297
1592
1785
1765
1941
2105
2065
2076
2019
2092
2082
1940
1756
1544
1499
1524
1530
1399
1671
2005
2126
2100
2154
2148
1925
1904
1848
1716
1307
1108
889
716
459
243
174
319
483
534
473
357
366
521
890
1096
1370
1492
1490
1820
1804
1616
1519
1354
1395
1504
1435
1374
1390
1484
1455
1421
1492
1600
1691
1725
1753
1773
1794
1841
1757
1631
1475
1355
1256
1180
1150
1087
1104
1023
1015
1016
1059
1092
1114
1076
908
736
1048
1316
1311
1281
1016
803
1223
1631
1863
1970
1766
1657
1539
1376
1667
1913
1967
1413
624
593
736
701
387
252
233
537
959
1367
1789
2142
2427
2713
3662
2657
2518
2337
2106
1849
1494
659
349
452
492
410
259
225
269
296
178
68
82
171
164
58
44
287
485
482
414
336
360
231
266
370
477
331
267
214
305
363
413
438
470
579
498
253
131
331
505
420
450
365
277
153
175
219
272
514
696
836
890
827
746
715
818
858
861
849
914
893
802
655
546
428
340
235
305
329
331
310
272
234
220
223
192
163
160
181
157
123
89
54
37
42
37
52
55
80
122
120
109
188
225
254
286
313
332
293
193
99
270
537
755
840
845
888
761
680
666
461
419
395
370
342
358
417
485
543
550
523
516
567
553
526
439
367
260
209
204
181
200
266
474
780
990
1121
1094
828
396
185
115
56
116
184
175
86
30
102
165
178
134
26
40
115
199
270
260
165
91
25
0
2
0
4
19
66
66
61
113
215
379
562
766
854
852
774
590
336
122
115
133
141
120
98
90
116
72
47
54
40
31
19
7
16
31
40
34
30
38
26
16
24
21
19
21
33
24
9
1
3
4
1
0
0
0
2
3
3
0
3
0
0
4
4
6
29
44
30
12
7
1
1
1
0
7
8
4
0
0
1
0
2
3
2
1
1
0
0
0
0
0
0
0
9
9
6
0
0
0
0
0
0
0
1
0
5
48
111
197
342
480
600
663
710
749
768
763
708
682
669
622
585
584
581
572
515
430
330
181
64
79
95
115
73
38
16
14
32
43
48
35
16
3
12
11
4
2
1
1
0
2
2
5
17
12
0
3
4
9
9
3
20
57
132
310
404
384
348
284
166
59
37
50
59
66
173
188
68
72
70
54
53
39
18
16
17
8
3
0
25
137
270
362
368
331
273
193
309
389
449
411
258
162
102
32
9
14
15
28
123
217
227
148
77
2
0
17
38
44
57
37
22
15
11
5
3
0
0
2
2
0
0
3
9
1
0
2
1
9
31
35
17
6
1
0
0
0
0
1
1
0
1
0
1
1
0
0
0
0
0
0
0
0
0
3
109
454
677
673
706
875
939
783
532
388
612
1152
1335
1503
1389
981
473
318
307
390
261
129
106
80
52
69
176
235
318
560
646
622
747
992
1071
1436
1505
1019
584
661
847
1009
1064
1059
1097
1048
930
794
628
313
431
488
425
282
226
161
153
181
187
185
171
110
73
78
61
39
57
323
369
546
758
815
743
738
724
695
605
741
1038
1238
1267
1276
1352
1365
1292
848
540
335
250
425
574
728
938
987
929
865
741
640
550
475
391
336
659
963
903
642
305
345
256
161
52
53
65
49
55
58
73
90
126
103
57
50
63
77
109
169
208
234
205
255
444
584
757
934
1105
1057
977
779
551
400
278
252
215
157
83
91
72
88
108
108
112
84
97
89
72
74
108
129
149
182
284
462
899
1214
1534
1753
1889
1793
1458
1172
961
856
709
450
217
139
238
405
494
568
569
569
522
406
252
142
108
82
73
80
119
166
162
193
187
154
153
212
300
414
408
286
258
275
351
294
300
268
186
75
69
98
219
583
1045
1975
2267
2059
2434
2913
3207
3319
3434
3698
3830
4036
3996
3930
3949
3726
3452
3063
2831
2848
2863
2916
2994
2893
2657
2208
1516
790
1007
1498
2173
2638
2963
3265
3413
3328
3064
2622
2360
1599
1782
2260
2691
3262
3743
4279
4684
4893
4312
2997
1472
1871
2629
3010
3241
3462
3605
3917
3876
3549
3063
2342
1605
895
216
293
405
705
1107
1344
1641
1978
2322
2613
2856
3042
3199
3340
3146
2588
2197
2168
1973
1181
914
1319
1607
1840
1721
1577
1825
2195
2528
2386
1742
975
1048
1453
1878
2034
1681
1484
1745
2039
2010
1671
1789
1813
2259
2411
2646
2627
1802
1122
783
614
729
572
390
353
852
973
1094
1348
1412
1252
942
722
673
454
305
236
284
262
247
188
194
121
92
105
113
179
209
174
210
284
558
1143
1496
1590
1471
1178
1251
1325
1283
1229
1093
832
935
1097
918
923
1152
1313
1221
1559
1832
1579
1026
806
879
1102
1042
756
794
1162
1659
2075
2066
1882
1880
1906
1795
1512
1380
1328
902
364
302
468
279
422
635
771
746
842
1105
1564
1851
1743
1517
1138
1508
1813
1840
1898
1893
1554
1747
1864
1721
1513
1317
1045
925
1114
1225
1217
1263
954
764
739
810
871
956
869
706
663
639
660
701
709
683
759
824
950
1018
1067
1098
1163
1111
1172
1259
1243
1243
1164
1046
955
737
569
432
369
316
264
342
444
508
491
439
232
120
73
22
17
98
252
319
208
155
71
51
46
37
29
13
27
15
0
7
26
37
79
138
192
191
204
212
239
251
279
359
419
487
564
685
801
889
935
959
900
674
777
1155
1298
1230
755
281
484
441
92
79
280
296
176
69
53
56
94
36
21
17
38
52
38
28
3
1
3
12
20
44
73
66
49
26
11
31
120
222
210
134
54
55
136
92
19
21
38
44
43
26
32
44
80
9
2
0
0
0
0
0
0
0
0
2
6
6
8
10
8
5
12
3
0
0
4
4
7
7
10
7
8
5
2
0
0
9
19
22
10
2
18
109
355
577
720
974
1157
1297
1325
1285
1169
1200
1069
986
792
703
634
484
252
58
510
818
1203
1270
1116
926
731
559
444
401
323
254
162
84
53
21
26
43
31
13
20
27
18
7
6
0
0
1
1
10
15
26
6
4
0
1
2
8
23
62
86
76
58
17
2
2
6
3
0
9
39
45
37
32
25
10
4
5
10
21
29
26
20
18
24
35
40
52
66
84
105
88
55
33
27
32
39
37
45
48
68
91
97
96
91
61
73
68
60
57
82
169
369
486
537
551
560
573
626
681
693
817
903
935
1030
1112
1129
1155
1144
1123
1113
1085
1077
1079
1065
1116
1050
1041
1031
1001
1026
974
957
976
1030
1122
1115
1073
1081
1017
942
879
808
791
859
1009
1036
984
904
821
747
741
756
733
779
855
998
1082
1120
1179
1211
1182
1180
1234
1238
1172
1144
1212
1427
1542
1604
1617
1584
1497
1527
1520
1463
1387
1261
1230
1199
1196
1078
1062
1103
1136
1104
979
877
769
682
550
509
487
440
336
263
191
204
195
194
168
191
170
135
79
60
70
97
106
116
140
148
173
188
131
93
59
30
51
51
53
50
87
240
406
523
564
577
578
678
799
854
820
727
641
466
297
209
194
162
154
96
89
69
36
26
1
0
0
2
0
3
2
1
0
0
0
1
1
0
0
1
1
0
1
1
2
0
4
0
0
0
0
4
25
49
69
72
62
73
58
50
27
60
145
220
373
528
722
853
1080
1183
1298
1481
1461
1603
1598
1663
1728
1785
1786
1813
1898
1763
1759
1664
1238
1567
1715
1730
1689
1534
1385
1190
889
745
672
692
740
873
941
877
750
596
513
550
625
652
588
537
490
502
485
554
602
616
611
617
581
587
573
565
510
531
619
679
618
524
446
389
312
359
379
426
473
523
559
600
579
738
870
859
838
958
1107
1028
1046
1155
1327
1472
1532
1402
1321
1254
1116
1065
1081
840
1257
1432
1371
1355
1377
1361
1140
768
353
270
202
135
59
76
58
26
1
3
49
89
81
58
33
31
53
84
76
69
38
35
28
36
73
121
185
225
229
212
232
296
351
371
356
322
285
278
299
359
430
459
542
638
666
707
811
972
1106
1217
1315
1409
1460
1582
1450
1399
1378
1385
1317
1291
1256
1265
1211
1151
1069
1621
1003
874
780
703
626
642
724
908
1009
1080
1077
1042
1015
909
822
761
764
726
673
617
579
423
673
1326
1805
2231
2263
1937
1863
1622
1174
939
906
850
764
677
620
557
578
480
391
364
284
220
234
259
281
302
388
529
695
875
1023
1189
1302
1502
1635
1702
1665
1534
1413
1204
1543
1706
1731
1633
1544
1594
1573
1625
1381
1131
776
583
423
323
371
635
876
1040
1216
1370
1511
1694
1781
1844
1952
2041
2141
2210
2230
2212
2128
1968
1911
1826
1721
1449
1151
1122
1547
1770
1704
1706
1824
1700
1377
893
446
481
613
714
917
1169
1455
1796
2104
2232
2448
2543
2546
2418
2387
2377
2310
2320
2234
2088
1950
1742
1551
1196
1382
1392
1270
1259
1231
1198
1044
553
308
353
310
214
240
288
298
367
314
253
172
124
113
128
82
72
367
577
781
1073
1470
1760
1862
1876
1629
1034
1070
1028
1024
1157
1264
1035
1048
1145
1057
896
822
786
726
817
885
932
1064
1096
1157
1097
971
987
1364
1735
1835
1822
1867
1906
1652
1168
436
712
829
896
856
1323
1692
2034
2521
3195
3765
4101
4260
3931
3439
3314
3537
3399
3755
3952
3661
3309
3160
3058
3011
2806
2634
2424
2350
2647
2934
3123
3144
3139
3043
3215
3313
3175
3199
3242
3220
3194
3285
3241
3232
3198
3121
3039
3009
2776
2577
2319
1959
1669
1370
1108
1028
960
811
765
667
595
476
391
345
360
394
324
180
252
433
497
446
406
392
393
359
284
149
144
160
149
94
42
53
95
145
190
578
1047
1566
1972
2536
2722
2622
2384
1967
1789
1753
1762
1862
2385
2705
2861
3070
3033
2950
2992
2807
2490
1832
985
1281
1489
1724
1870
1829
1710
1592
1543
1461
1434
1452
1481
1417
1511
1457
1387
1161
847
438
96
253
344
414
420
380
403
504
606
667
748
785
860
862
761
712
699
690
718
615
648
724
750
761
782
755
651
659
580
476
327
187
129
133
136
195
161
127
133
142
105
55
5
1
11
11
10
5
6
9
2
0
2
2
1
3
10
13
28
32
37
22
26
20
22
16
10
1
2
0
0
0
1
1
0
0
0
0
0
0
2
1
0
0
0
0
0
0
0
0
0
5
12
3
17
18
34
25
40
52
14
4
14
28
1
0
0
0
6
69
109
180
184
145
98
22
0
0
17
33
87
226
322
165
88
140
206
121
55
60
35
8
17
45
95
149
261
359
436
443
425
374
296
176
85
25
4
7
7
1
0
1
0
0
0
2
19
4
0
0
0
0
4
2
1
0
0
0
1
0
0
0
0
0
0
0
0
1
5
79
221
354
453
589
814
964
1028
1118
1233
1406
1713
2249
2872
3559
4289
5024
5688
6106
6409
6760
7178
7450
7578
7688
7618
7377
7120
6864
6476
5906
5561
5361
4958
4111
3361
2894
2319
1310
920
1055
1402
1971
2668
3262
3906
4679
5055
5260
5381
5615
5802
5734
5577
5193
4785
4399
3860
3421
3191
3276
3253
3157
3104
3083
3063
2972
2839
2744
2570
2151
1598
1117
1038
1187
1388
1564
1730
1814
1942
2113
2102
2051
1961
1958
1948
2020
1996
1881
1898
2020
2156
2146
2087
1988
2008
1850
1632
1460
1335
1218
1394
1629
1653
1692
1648
1458
1280
872
477
686
766
624
480
469
466
457
499
632
664
758
803
695
394
123
110
167
234
287
280
123
112
120
110
119
142
97
25
3
16
41
44
33
23
47
48
26
17
11
29
29
58
104
141
196
199
174
104
46
9
1
0
0
0
0
0
0
0
0
0
0
0
0
0
0
0
0
0
3
1
0
0
0
0
0
0
0
0
3
4
4
2
0
0
0
0
0
0
0
0
0
10
26
40
63
74
83
67
26
63
78
17
50
52
49
4
8
15
6
0
0
0
0
0
0
0
0
0
0
0
0
0
0
0
0
0
0
0
0
0
0
0
0
0
7
14
5
0
0
0
4
37
40
37
45
22
9
0
0
3
4
5
6
4
8
12
17
13
9
4
0
0
0
0
2
19
33
42
25
14
3
8
12
24
67
144
333
440
444
419
325
217
143
148
188
178
159
94
49
32
48
42
20
0
0
6
40
132
205
254
293
374
391
364
417
513
638
740
755
831
942
935
889
809
745
735
718
653
623
612
561
518
474
432
385
383
301
272
181
111
45
31
45
121
278
358
413
398
355
310
308
253
196
206
219
213
235
229
235
223
202
195
213
250
340
459
526
522
486
468
515
531
523
457
420
499
635
758
775
779
704
632
556
475
392
318
251
164
136
123
126
118
102
81
102
126
143
141
156
172
178
236
300
375
466
545
634
694
620
602
530
417
344
300
277
278
304
285
329
299
303
252
184
156
127
89
39
10
1
1
0
0
0
2
5
24
82
101
76
48
45
56
87
154
198
201
202
187
139
110
81
34
40
27
26
26
32
26
25
5
1
0
0
0
0
0
0
0
0
0
0
0
0
0
0
0
0
0
2
3
1
0
2
0
0
1
0
0
0
0
9
33
87
286
137
90
40
36
39
37
60
84
86
42
20
10
8
0
0
0
1
0
0
19
78
142
68
107
137
99
27
52
104
174
192
168
122
91
78
75
64
60
45
86
51
5
4
2
2
2
16
24
28
30
18
54
87
82
145
97
111
112
152
142
110
220
333
419
309
210
16
0
0
3
48
35
12
9
14
31
43
20
6
1
0
0
1
93
163
24
151
70
14
0
0
0
0
0
0
0
0
11
18
27
21
5
6
38
28
15
3
3
51
163
295
475
573
526
478
350
237
468
653
665
509
254
286
268
240
141
80
82
140
165
164
293
504
471
400
375
285
215
141
68
45
12
9
0
0
0
0
1
0
0
0
1
2
1
4
0
0
1
0
0
0
0
0
0
0
0
0
0
0
0
0
0
0
0
0
0
0
0
1
1
3
0
1
2
3
14
20
27
34
64
60
98
89
68
41
23
8
1
3
0
1
0
0
0
0
0
0
0
1
0
2
3
7
8
25
27
30
18
51
45
42
44
26
36
50
66
52
32
2
0
0
1
0
0
0
0
0
1
3
0
3
1
6
9
9
45
71
79
64
75
35
29
29
14
0
0
0
8
112
460
1226
1951
2330
2297
2405
2581
2947
3372
3702
4016
4179
3686
3082
2612
2142
1876
1810
1875
1938
1941
1783
1535
1598
1882
2088
1986
1638
1444
1244
962
735
723
475
356
515
413
350
281
230
245
208
203
96
118
181
293
304
266
168
124
126
250
377
550
671
786
936
1032
1096
1199
1390
1242
893
714
902
872
539
523
562
742
832
895
1003
1155
1356
1566
1624
1770
1773
1584
1548
1573
1449
1343
1382
1654
1819
2049
2097
1934
1914
1928
2044
1810
1473
1284
1389
1012
1045
2006
2295
2162
1728
1568
1625
1410
1222
1237
1499
1579
1232
1367
1554
1755
1833
1789
1770
1618
1395
693
714
1055
1130
1214
1257
1288
1304
1370
1428
1668
2230
2404
2546
2595
2450
1914
1447
1669
1757
1346
842
886
981
880
817
765
762
717
633
634
749
747
707
611
506
429
400
422
300
174
123
82
78
112
214
364
417
358
151
137
375
465
418
329
217
160
141
300
412
402
313
262
274
362
480
566
446
412
343
308
317
278
224
232
278
267
281
234
182
181
110
121
163
140
88
73
40
15
1
0
0
7
29
27
10
9
3
7
9
11
3
7
8
3
5
17
30
21
41
48
110
201
229
199
195
172
266
351
382
578
231
182
186
106
156
144
114
137
159
143
43
87
83
66
95
79
54
19
52
83
91
64
68
24
32
29
47
120
29
109
97
49
47
23
14
17
22
18
14
18
24
35
38
44
25
5
0
3
33
60
104
149
162
184
175
140
104
43
10
40
179
499
1087
1781
2369
2556
2290
1951
2536
2942
3025
2862
3115
3146
3203
3012
2552
2118
1726
1630
1667
1770
1891
1998
1979
1789
1646
1517
1506
1775
1946
1934
1938
2371
2573
2431
2539
2817
2773
2501
2303
2236
2101
1997
1988
2180
2415
2842
3699
4194
4404
4210
4282
4151
3881
4284
4894
5011
4747
4539
4519
4934
5252
5380
5037
4820
4587
4643
4665
4662
5001
5146
5086
4532
3543
2776
2613
2390
1995
1959
2120
2237
2357
2447
2346
2101
1722
1323
949
737
663
831
1106
1297
1586
1963
2237
2353
2461
2627
2777
2895
2946
2792
2375
2363
2594
2311
1979
1549
1282
1251
1186
1156
1120
971
784
628
420
292
338
529
596
526
609
701
835
1018
1090
953
758
528
332
264
251
182
120
158
140
144
163
190
201
216
162
157
173
138
84
50
36
201
678
1440
2316
3475
4118
4560
4400
4000
3617
3358
3136
2556
2093
1652
1752
1674
1510
1239
943
929
1227
2075
2622
3307
4367
4868
5166
4951
3820
2084
2290
2796
3165
3307
3020
2354
1751
1566
1700
1673
1760
1858
1790
1730
1744
1715
1637
1633
1551
1302
1169
1501
1891
2344
2743
3197
3664
3666
4303
5391
6230
6300
6256
5787
4864
3700
2755
2475
2145
2165
1975
1734
1335
1109
1132
1137
1063
881
755
781
710
567
624
835
1164
1634
1794
1820
1636
1245
2251
2666
2642
2170
1639
1182
917
945
1038
1034
959
766
733
630
522
384
214
145
159
204
226
178
120
108
108
135
205
272
373
471
776
1117
1144
957
783
662
644
577
401
167
89
212
272
282
262
204
141
68
21
7
61
82
60
47
26
3
82
213
445
799
1129
1280
1236
1332
1425
1494
1380
1062
917
800
843
826
864
1011
1123
1177
1398
1514
1571
1516
1287
867
511
213
120
77
79
71
55
59
73
71
73
62
43
66
79
96
84
76
98
80
69
42
38
26
23
32
46
60
82
70
82
66
64
58
16
2
5
41
66
166
337
461
480
446
381
326
234
136
96
63
62
79
107
126
126
109
94
79
80
84
107
114
94
66
59
67
78
70
66
41
23
13
3
2
0
0
0
0
1
10
16
9
0
2
14
7
28
17
23
45
91
130
140
138
102
79
49
24
20
38
52
93
106
76
52
14
8
47
84
91
83
69
44
19
41
195
90
96
98
121
117
122
140
136
91
71
80
75
62
42
32
18
15
14
7
4
33
38
27
32
25
33
49
83
108
106
99
72
53
68
95
136
178
209
224
246
277
246
197
168
161
169
151
149
91
70
72
77
94
92
68
52
43
29
71
105
135
177
154
118
58
47
54
52
37
32
42
26
30
33
34
41
33
28
20
9
11
38
105
151
171
150
141
268
398
300
63
48
86
203
292
283
228
148
64
105
177
241
265
311
313
268
174
144
202
206
156
155
78
21
132
228
264
251
308
487
601
560
380
193
83
22
0
23
67
104
136
194
197
214
242
281
302
566
860
983
925
899
824
490
570
712
739
663
508
271
212
149
165
232
282
295
189
51
20
77
143
146
200
300
345
394
367
315
261
270
405
712
1213
1527
1511
1163
859
881
1322
1520
1527
1512
1581
1933
2059
1599
920
986
1116
1042
640
802
1222
1685
1997
1962
1515
815
609
662
676
528
433
469
508
526
528
438
316
481
731
752
734
730
685
674
737
690
671
636
565
699
870
1062
1170
1200
1262
1613
1958
2176
2380
2533
2809
2835
2766
2558
2382
2147
2145
2102
2167
2037
1931
1802
1800
1604
1214
645
718
823
726
523
375
574
671
376
307
343
362
344
373
350
345
393
603
839
1006
934
717
930
1439
1522
1524
1571
1839
2084
1891
1913
1864
1536
1318
1265
1226
1257
1332
1200
1050
937
713
416
203
196
333
530
629
664
782
809
640
802
1001
1257
1282
1185
1020
1144
1759
2583
3440
4483
4753
5022
5191
5411
5969
6006
5364
4382
3234
2696
1771
1514
1516
1692
1723
1474
1212
1110
1062
910
818
978
859
990
903
728
634
526
381
216
209
389
453
475
391
504
601
514
481
377
390
507
450
393
371
315
196
111
40
1
2
1
35
104
220
266
282
317
303
297
304
303
195
110
31
8
6
5
3
17
40
46
8
0
22
13
2
0
3
0
5
3
0
0
0
0
0
0
20
9
3
26
45
86
146
376
503
600
494
126
478
654
709
632
617
590
770
842
917
827
634
397
359
150
34
16
22
36
56
81
214
570
780
1114
956
256
733
708
618
405
100
599
850
1048
1209
1266
1287
1299
1433
1552
1682
2004
2485
3073
3582
3895
4301
5028
6106
6826
7558
8296
8993
9396
9577
9507
9177
8850
8656
8455
8225
7922
7723
7230
6825
6501
6253
5983
5768
5599
5376
5247
5140
5099
4988
4656
4173
3520
2888
2439
2269
2192
2184
1757
1926
2296
2374
2352
2204
3260
2498
2568
2558
2295
1837
1358
897
639
508
399
442
497
676
861
924
1091
1301
1700
2085
2490
2745
3118
3455
3839
4156
4235
4222
4097
3769
3582
3734
3989
4170
4209
4044
3793
3574
3515
3488
3533
3558
3485
3187
2759
2416
2083
1873
1638
1483
1350
1369
1394
1153
958
630
532
472
451
485
650
556
317
416
681
827
659
547
687
629
308
152
146
139
203
304
358
316
541
942
1168
998
707
487
378
510
740
990
1045
1420
1251
690
751
837
829
852
836
760
645
580
476
349
211
152
235
280
318
323
212
21
78
135
162
67
17
2
0
0
3
19
16
6
1
3
4
5
2
23
20
4
1
2
2
0
0
0
0
0
0
7
0
0
0
0
0
0
0
2
6
4
3
2
0
0
0
0
0
0
0
7
36
45
45
58
50
14
1
0
0
0
0
0
0
0
0
0
0
0
0
0
0
0
10
12
1
0
0
0
0
0
0
0
0
0
0
0
0
0
0
0
0
0
0
6
7
1
0
0
0
0
0
0
0
0
0
0
0
0
0
0
0
0
0
0
0
0
0
0
0
0
0
0
0
0
0
0
0
0
0
0
0
0
0
0
0
0
0
0
0
0
0
0
0
0
0
0
0
0
0
0
0
0
0
0
0
0
0
0
0
0
0
0
0
0
0
0
0
0
1
0
0
0
0
0
0
0
0
0
0
0
0
4
0
0
0
0
0
0
0
0
0
0
0
0
0
0
0
0
0
0
0
0
0
0
0
0
0
0
0
0
0
0
1
3
2
1
0
0
0
0
0
0
0
0
0
0
0
0
0
0
0
0
0
0
0
0
0
0
0
0
0
1
2
0
0
0
0
0
0
0
0
0
0
0
0
1
0
0
0
0
0
0
0
0
1
13
17
23
66
50
16
6
0
0
5
4
0
0
0
0
0
0
0
0
0
0
0
0
0
0
0
0
0
0
0
0
0
0
1
0
0
0
0
0
0
0
0
0
0
0
0
0
0
0
0
0
0
0
0
0
0
0
0
0
5
2
1
0
0
0
0
0
0
0
0
0
0
0
0
0
0
0
0
0
0
0
0
0
0
0
0
0
0
0
0
0
0
0
7
108
184
292
723
1255
1721
1881
1951
2437
2578
2417
2149
2115
1992
1966
1817
1575
1420
973
505
374
369
420
476
440
618
837
1087
1236
1347
1668
2564
2012
1835
1701
1583
1189
786
629
722
370
519
704
645
496
395
374
354
343
357
377
423
512
505
361
296
290
326
280
180
168
242
160
105
76
24
1
0
3
21
11
12
1
9
53
232
548
855
1041
1031
999
927
756
578
493
512
604
718
851
933
857
740
570
477
349
222
146
92
54
62
49
47
56
43
15
0
2
2
0
0
0
6
21
20
18
25
22
13
2
8
4
6
11
33
57
72
103
93
37
11
1
4
4
10
20
44
87
83
65
36
24
1
0
10
39
58
77
73
43
16
10
0
0
13
36
73
90
119
77
30
24
0
0
0
3
15
11
0
1
0
21
18
6
0
5
10
11
19
25
18
20
41
23
8
2
0
26
45
37
38
20
4
54
34
22
17
2
1
0
0
0
2
6
0
0
0
0
0
0
0
0
0
0
0
0
0
0
0
0
0
0
0
0
0
0
0
0
0
0
0
0
0
0
0
0
0
0
0
0
0
0
0
0
0
0
0
0
0
0
0
0
0
0
0
0
0
0
0
0
0
1
0
0
0
0
0
0
0
0
0
0
0
3
0
0
0
0
0
2
42
193
391
495
494
415
320
141
34
2
1
7
0
0
0
1
0
1
0
0
0
0
0
0
0
0
0
0
0
0
0
0
0
0
0
0
0
0
0
0
0
0
0
0
0
0
0
0
0
0
0
0
0
0
0
0
0
0
0
5
88
150
180
140
114
92
84
92
97
89
72
50
44
23
2
0
0
0
0
0
0
0
0
0
0
0
0
2
6
12
16
22
28
32
27
16
5
8
20
65
137
213
257
255
287
238
60
144
239
265
293
288
251
222
106
45
209
490
713
856
792
789
916
1022
1178
1219
1258
1298
1376
1327
1361
1482
1547
1512
1471
1306
993
680
359
193
235
238
271
233
154
130
129
97
110
125
163
129
109
157
259
355
408
298
206
115
92
159
182
251
265
226
144
88
37
45
78
69
42
15
6
2
0
0
4
6
0
0
10
31
13
5
3
11
25
17
13
10
10
50
186
349
482
571
648
561
717
699
393
312
235
205
308
453
280
132
129
226
303
233
163
195
246
312
292
208
333
420
228
335
501
448
339
340
710
1044
1333
1460
1454
1395
1449
1561
1686
1805
1816
1752
1648
1688
1726
1720
1672
1707
1633
1340
1134
1125
1337
1533
2146
1105
705
454
268
208
451
666
704
578
508
435
395
445
642
927
940
1015
1247
1498
1679
1729
1724
1487
1206
1022
905
1067
1227
1199
1357
1442
1415
1392
1339
1481
1702
1494
1322
1589
1548
1509
1821
2218
2244
2226
2414
2136
1970
1856
1849
1971
2134
2104
1782
1425
1357
1859
2203
2562
3169
2862
2373
2398
2306
2142
1971
2232
2666
2939
3127
4195
5169
5737
6884
7149
7535
7649
7512
6801
6387
6241
6347
6422
6136
6240
6139
5715
5423
5248
4969
4483
3929
3553
3146
3104
3164
3596
4110
3929
3077
2133
1380
1842
2462
2896
3460
4338
4998
5490
5852
6074
6078
6074
6059
5931
6003
6182
6158
6175
6186
6235
6368
6487
6452
6285
6072
5665
5246
5233
5108
4894
4467
4377
4177
3797
3198
2728
2393
2562
2396
1820
1927
1905
1614
1342
1197
1161
1169
1077
1019
1056
1034
1044
1050
920
880
762
798
699
813
830
1023
1040
993
789
689
794
1010
1292
1508
1202
675
520
321
241
213
283
479
624
633
520
241
72
80
203
350
436
445
397
329
237
199
161
161
172
173
180
145
152
100
94
32
16
17
14
28
27
23
14
15
24
16
11
13
22
21
25
37
34
16
4
0
0
17
52
84
110
104
75
65
57
35
28
8
3
0
0
0
0
0
0
0
0
0
0
0
0
1
0
0
1
5
1
0
0
10
14
22
28
45
43
42
24
25
16
7
24
15
19
21
2
7
9
2
0
1
1
65
150
181
200
173
131
113
91
57
48
35
20
16
20
7
11
5
8
4
3
0
2
0
0
0
0
0
0
0
0
0
0
0
0
0
0
0
0
1
19
38
36
33
23
32
26
3
8
49
56
27
0
0
43
152
379
538
511
306
98
34
20
14
7
2
4
15
30
26
58
153
192
228
219
230
126
66
38
48
65
105
117
130
100
80
56
100
126
126
124
97
34
14
7
3
0
0
0
0
0
0
11
33
39
164
416
521
505
505
554
437
339
263
218
229
219
230
496
734
737
518
250
167
154
115
174
127
119
152
110
78
150
282
341
296
329
354
231
211
238
173
193
257
435
511
498
328
122
157
327
383
236
197
210
107
51
124
249
342
400
445
566
707
661
544
348
381
331
342
313
141
37
166
382
363
330
247
157
56
11
3
12
30
8
24
76
124
211
236
138
29
6
10
10
4
4
7
4
11
102
478
869
1260
1539
1749
1935
2164
2453
2876
3093
3372
3765
3764
3818
3980
4313
4525
4770
4984
5216
5151
5070
7145
4924
4908
4897
4982
5207
5273
5173
4969
4711
4396
4065
3743
3502
3224
2832
2380
1916
1403
1285
1459
1463
1707
1765
1554
1203
856
467
723
905
796
871
987
963
851
807
758
739
738
596
594
583
713
715
654
538
396
263
280
313
394
472
459
426
329
312
391
664
838
1033
1164
1259
1245
1194
1056
936
848
802
886
1157
1415
1422
1301
1441
1432
1218
994
839
592
596
564
400
343
501
477
421
271
147
108
181
282
470
604
535
290
205
213
206
181
194
234
285
313
214
199
137
92
66
50
34
25
3
35
154
221
242
308
295
195
146
191
228
202
203
186
207
167
168
183
215
292
306
268
171
136
137
95
31
44
36
25
14
5
1
8
4
10
17
23
49
32
119
150
32
70
110
65
36
35
41
21
13
35
23
26
43
82
102
99
60
56
107
215
327
257
146
106
168
294
413
416
354
235
194
190
129
69
3
20
45
85
232
396
417
329
298
310
298
287
292
273
359
470
188
97
185
222
181
125
47
27
22
7
4
8
2
13
18
35
28
36
27
24
23
18
36
26
3
0
0
0
0
0
1
1
8
7
1
0
4
27
17
2
38
27
18
24
28
25
23
24
48
63
57
68
92
166
105
37
41
44
16
74
79
73
76
39
82
181
185
130
90
108
146
188
181
95
59
47
56
28
27
20
5
3
2
1
2
3
0
4
26
11
0
2
3
0
1
9
7
0
0
1
1
0
1
2
10
7
4
0
0
2
5
0
3
0
0
0
1
0
4
4
2
4
0
0
1
0
0
0
0
6
11
7
25
2
1
3
6
3
0
0
0
0
6
3
2
1
8
41
100
120
167
169
148
172
196
155
97
38
2
6
7
1
3
1
0
0
0
0
3
0
0
0
0
0
0
0
3
0
2
6
19
16
0
1
0
2
5
0
1
1
0
1
2
0
2
1
3
5
2
0
0
0
0
1
2
0
0
0
0
0
0
1
0
0
0
0
0
0
0
0
0
0
0
0
0
1
2
15
21
25
26
23
29
48
230
687
973
909
364
185
511
412
64
30
22
72
133
129
39
19
1
16
32
62
88
14
0
4
1
0
220
6
1
0
2
0
1
0
0
0
2
5
2
0
12
46
17
6
4
1
1
12
5
0
1
4
8
4
1
0
0
29
75
76
89
36
9
12
7
2
0
0
0
0
0
3
15
19
7
0
0
0
0
0
0
0
0
0
0
0
0
0
2
2
0
2
10
8
0
6
11
8
18
8
0
8
12
2
4
6
0
5
2
3
7
2
1
2
0
0
0
0
0
0
1
0
0
0
0
13
16
14
6
6
6
5
0
0
0
0
0
0
4
0
1
0
0
1
13
14
0
5
119
405
583
511
404
1048
1255
851
182
456
901
1179
1152
732
358
409
281
59
532
1004
894
288
161
540
512
155
166
279
172
20
45
152
192
304
344
257
98
76
135
110
47
46
89
247
466
483
262
105
119
191
133
7
1
6
44
141
438
669
607
209
56
18
1
1
9
40
72
73
33
17
4
0
0
0
0
10
39
84
121
165
263
371
355
289
230
188
134
89
74
74
52
172
381
327
140
63
32
23
38
47
40
28
25
19
33
93
144
145
141
379
903
1558
2139
2405
2558
2907
2944
2630
2276
1513
741
559
1393
1937
1993
2023
1895
1839
1626
1558
1487
1437
1318
1166
1561
2243
2457
2351
2386
2610
2223
1462
818
771
1046
1164
1294
1274
1071
793
550
267
88
187
574
769
757
588
338
153
153
257
292
350
430
531
583
565
440
348
354
380
393
445
490
521
542
546
490
392
272
207
166
139
140
144
147
136
82
79
139
159
135
121
124
110
143
151
191
286
301
280
200
159
119
80
40
58
85
198
381
338
227
222
248
210
140
92
54
116
163
190
146
83
83
309
615
460
116
64
13
11
40
40
0
0
5
11
7
23
73
128
126
95
56
33
8
22
23
9
17
12
32
62
97
132
139
125
116
99
71
28
42
388
601
415
34
222
562
311
15
300
261
130
127
105
72
15
8
15
18
3
4
4
5
4
1
0
0
0
0
0
0
0
0
0
6
27
95
522
1015
1201
1158
1518
2002
2545
2991
3502
4165
4812
5522
6306
7049
7587
8173
8447
8648
8577
8350
8011
7622
7247
6659
6085
5540
4897
4441
3840
3388
2702
2041
1279
788
846
1359
1870
2166
2444
2641
2730
2583
2752
3047
3119
2827
2368
1897
1735
1743
1447
1334
1569
1713
1796
1901
2036
2126
2308
2596
2772
2774
2859
2992
3165
3183
3250
3265
3086
2971
2771
2295
2145
2140
1743
1536
1681
1363
1382
1539
1651
1829
1808
1570
1057
1030
1644
2166
2442
2147
1315
1464
2255
2698
2713
2485
1764
1149
1517
1950
2158
2389
2478
2591
2630
2416
1973
1188
694
1000
1181
1117
990
1062
1183
1313
1936
1154
956
849
899
1435
1667
1478
1143
679
574
666
563
442
521
643
799
1018
1373
1682
1739
1505
1096
456
185
323
479
611
764
805
732
812
707
606
685
770
794
770
795
715
834
927
649
217
293
281
137
13
14
98
237
414
598
798
1087
1277
1395
1444
1480
1484
1352
1165
897
861
696
385
835
889
868
1138
1412
1654
1781
1779
1314
987
790
491
250
141
241
432
500
565
651
535
170
352
487
143
123
130
134
138
142
188
233
191
111
62
75
125
163
180
200
238
296
185
141
131
185
245
229
116
93
353
535
506
591
910
1261
1394
1278
1091
1069
947
787
690
804
870
851
801
767
720
762
1093
1283
1493
1317
1204
1126
750
438
615
691
691
807
834
838
853
780
613
536
476
490
535
506
403
364
389
438
394
309
188
114
101
80
64
61
62
49
33
28
22
37
43
25
35
21
3
4
24
53
93
134
195
195
204
192
187
193
183
144
137
140
118
55
106
110
114
56
31
37
34
44
46
28
27
46
87
45
29
35
49
55
39
26
2
9
19
37
32
15
11
28
52
76
58
33
15
4
0
3
5
6
2
4
11
11
16
10
2
11
14
17
26
20
19
10
8
22
26
29
43
62
44
42
40
66
92
137
205
225
185
155
149
88
44
55
33
13
19
16
13
23
43
40
72
122
179
211
217
223
189
184
193
218
307
519
612
675
711
781
882
1097
1300
1293
1195
1169
957
628
424
436
393
265
258
327
366
327
249
169
132
164
213
248
255
203
144
134
111
90
164
301
438
570
679
665
732
738
647
566
479
401
396
349
348
367
366
369
343
309
232
157
108
85
169
300
346
326
230
180
256
274
270
215
159
122
104
122
127
131
173
216
226
430
890
1110
815
207
277
438
361
222
155
145
218
354
394
356
269
221
179
119
54
32
60
36
57
141
131
200
243
280
346
460
574
589
410
302
318
571
735
693
777
681
332
279
314
294
435
568
782
779
843
569
280
286
525
793
921
1024
844
594
741
917
1095
1028
677
526
613
710
816
401
533
550
418
344
339
360
395
578
519
654
609
414
532
866
933
360
630
455
259
466
667
705
440
502
415
407
548
398
253
480
600
598
527
420
617
641
496
318
565
774
641
336
490
729
823
776
842
706
385
729
928
1083
1041
561
549
982
1065
1086
765
518
722
482
371
418
515
451
565
1197
728
450
247
345
259
220
255
367
445
527
494
493
411
327
295
211
131
128
159
135
259
521
714
787
809
701
565
473
421
317
283
272
246
210
113
105
144
169
122
79
30
17
28
30
27
14
16
13
8
3
1
2
0
3
2
0
0
0
19
13
4
0
2
3
10
13
17
6
3
4
33
116
136
102
49
19
3
1
27
32
28
27
16
8
8
9
7
3
7
1
0
0
5
4
1
0
7
20
16
8
6
3
0
0
3
5
5
8
4
3
0
0
0
0
0
0
0
0
0
0
0
0
0
0
0
0
0
0
5
14
17
10
6
14
0
32
49
40
33
26
33
41
47
44
35
35
61
80
96
82
98
117
106
64
31
44
50
48
37
26
43
47
46
29
28
42
41
48
26
58
68
66
44
22
7
1
0
0
5
18
21
27
21
9
8
15
19
23
15
9
2
0
1
5
0
0
0
0
0
0
0
0
0
0
0
0
0
0
0
0
0
0
0
0
0
0
0
0
0
0
0
0
0
4
4
0
1
6
2
0
0
0
0
0
0
14
34
35
21
33
11
2
0
0
0
1
1
0
0
0
0
0
0
0
0
0
0
0
0
0
0
0
0
0
0
0
0
0
0
0
0
0
0
0
0
2
0
0
0
0
0
0
0
0
0
0
0
0
0
0
0
0
0
0
0
0
0
0
0
0
0
0
0
0
0
0
0
0
0
0
0
0
0
0
0
0
0
0
0
0
1
1
0
0
0
0
1
7
13
32
51
57
41
43
47
54
50
52
64
49
25
46
89
67
32
38
29
12
7
34
96
156
130
130
188
165
111
60
19
24
35
34
37
21
9
12
19
14
6
46
114
158
167
155
118
73
136
164
216
233
229
149
44
122
206
283
299
231
220
237
249
274
183
187
163
245
366
246
235
214
264
192
247
217
229
301
330
267
265
302
275
165
117
344
357
220
175
149
198
246
204
132
268
385
293
180
181
188
171
140
206
297
193
79
39
59
120
168
192
256
302
306
309
320
239
169
107
162
261
284
210
193
226
279
253
193
258
382
362
412
365
245
232
222
119
91
37
79
223
322
371
308
267
326
372
293
209
224
225
167
202
198
91
101
120
84
40
51
64
64
80
128
147
87
39
27
48
97
92
142
88
89
139
188
262
393
441
517
588
415
503
538
707
785
516
91
98
194
328
384
279
248
357
411
400
333
152
110
60
57
133
135
198
139
30
44
140
124
62
78
148
61
136
234
190
170
130
102
178
185
178
291
248
103
151
154
164
160
247
276
172
111
125
121
113
107
164
300
205
286
339
233
179
67
227
204
190
247
241
177
47
42
51
49
24
16
32
106
100
10
22
38
34
27
19
14
1
9
80
157
110
44
34
44
18
19
14
11
10
1
0
10
25
92
110
27
52
284
471
571
564
372
101
129
75
72
89
89
119
53
146
268
132
122
33
59
142
177
236
155
120
131
183
234
450
583
644
87
169
140
45
141
176
152
163
189
112
258
305
60
70
57
102
78
229
273
45
118
100
232
457
609
563
404
153
86
185
163
120
207
293
583
271
159
268
266
229
166
78
49
68
100
127
113
159
301
493
575
630
492
326
163
481
804
819
622
402
373
331
335
285
333
507
340
192
245
164
167
193
266
449
482
356
155
337
483
485
287
385
695
484
150
269
228
215
61
109
208
200
149
279
624
700
507
430
566
656
548
656
382
285
446
771
823
554
477
515
512
605
584
417
458
426
602
896
746
318
348
277
467
648
596
546
615
432
294
255
381
497
573
457
341
248
174
138
38
78
112
162
179
84
94
225
341
360
544
612
481
278
102
64
95
216
409
542
521
465
296
347
438
531
492
428
324
501
906
965
877
845
1194
1893
2525
3040
3385
3393
3380
3470
3420
3483
3431
3203
2995
2858
2652
2286
2836
1463
1830
2325
2783
3507
4139
4531
5110
5085
4530
3722
3059
2525
2421
2831
2935
2650
2073
2127
2675
3056
2753
2356
2083
1826
2139
2355
2050
1810
2551
2359
1535
907
1526
2102
2473
2456
2661
3257
4173
4998
5722
6504
7002
6922
6402
5699
4551
3381
2273
1412
1712
2204
2181
2052
1792
1052
1129
1231
1184
1705
2663
3863
4918
5986
6789
7403
7667
7201
6341
5590
4642
3316
1570
2060
2587
2499
1931
1770
1627
1801
2194
2409
2319
1948
1600
1728
1727
1493
1191
761
598
1040
1404
1453
1526
1887
1987
1612
1133
1220
1552
1450
1244
1054
1118
1436
1723
1873
1587
1371
1480
1769
1698
1755
2184
2273
2400
2221
1875
1677
1667
1500
1238
1215
1240
1108
1193
834
789
1057
1148
1018
972
1046
1262
1070
895
879
831
658
619
766
779
685
727
682
659
665
700
800
897
876
893
885
927
973
1448
1688
1667
1121
925
963
1056
618
671
869
904
859
862
834
793
682
717
875
1397
1908
2004
1648
652
460
793
1033
1083
909
809
713
588
553
573
646
617
494
405
409
431
431
368
379
368
405
431
549
699
861
1119
1770
1784
1270
790
895
891
967
1012
1026
1054
1206
1040
870
666
878
1609
2135
2202
1330
808
1193
1228
1140
1233
1260
1288
1177
983
864
726
663
629
693
647
599
541
591
1055
1405
1861
2014
1992
1937
1585
907
529
387
199
206
401
274
49
40
111
146
197
173
142
58
8
49
232
439
415
199
32
29
38
2
4
61
60
48
48
72
63
31
36
47
58
54
59
44
15
0
0
0
0
0
0
0
0
0
2
7
15
22
19
20
11
1
0
0
0
0
0
0
0
0
0
0
0
0
0
1
7
33
169
341
536
657
676
606
620
730
778
964
1165
1381
1492
1155
825
779
626
501
509
766
960
733
705
895
849
696
502
172
637
689
341
317
648
699
588
200
503
808
713
439
582
657
501
362
327
343
395
294
271
274
255
302
274
105
21
13
22
38
32
38
62
51
46
26
14
1
0
9
13
7
11
20
94
322
902
1283
1255
648
756
962
959
994
1275
1209
934
251
875
1360
1118
921
702
788
1038
894
1418
1201
486
666
706
434
185
152
121
160
106
12
14
34
38
32
37
41
55
88
136
180
452
541
804
714
529
554
614
531
399
387
605
862
1000
930
587
949
1170
775
423
484
448
367
243
226
390
483
401
270
322
426
344
299
573
674
473
310
373
334
290
249
335
466
307
140
248
399
450
256
227
296
356
251
201
198
221
305
248
220
355
396
250
241
304
328
352
357
347
308
267
217
182
165
164
144
141
175
170
171
178
150
128
173
180
139
106
62
60
62
85
102
125
94
68
44
54
74
67
61
60
49
40
46
68
113
179
230
197
64
38
145
185
180
104
45
60
127
117
67
32
97
106
80
29
56
125
117
42
45
101
106
98
66
9
52
42
21
0
3
11
16
26
39
50
37
28
27
16
22
23
12
10
9
4
10
15
13
26
27
16
19
11
8
7
7
11
9
4
0
12
9
1
1
0
10
16
10
10
34
97
149
178
177
288
286
81
125
182
155
44
143
172
41
133
141
78
12
134
172
111
199
200
193
172
135
103
78
64
38
130
306
523
419
242
340
322
283
305
447
356
134
116
148
207
251
466
145
45
62
63
94
102
172
306
363
264
67
10
22
45
46
38
21
27
42
61
103
134
146
167
183
150
141
130
86
36
13
17
20
30
33
21
30
59
108
148
202
255
240
304
427
430
399
328
281
233
220
240
232
183
109
209
428
437
470
461
409
348
288
244
176
120
135
126
77
68
74
175
301
442
516
499
531
424
204
346
399
346
224
116
128
216
198
166
157
148
131
118
245
379
485
477
463
473
465
430
371
288
202
194
239
223
178
125
76
89
185
347
356
272
171
94
19
24
12
2
8
7
1
4
27
40
41
36
33
25
13
17
17
19
50
124
167
245
341
387
379
427
574
595
250
224
357
362
285
272
238
159
79
35
51
42
37
34
32
26
4
0
0
0
0
2
17
23
18
4
2
0
0
14
41
50
27
6
4
4
0
1
1
2
1
30
178
410
494
394
268
188
101
77
58
66
63
44
22
23
76
119
123
118
166
228
331
363
377
379
351
377
286
181
113
18
3
1
9
10
25
43
41
37
30
56
183
289
363
398
453
703
918
1061
1153
1219
1320
1246
1223
1152
848
660
592
762
745
880
1012
1203
1191
869
576
359
472
452
278
382
487
513
525
539
476
393
260
100
42
64
77
109
114
79
60
95
162
170
184
239
266
338
603
817
951
923
790
607
512
469
510
703
789
613
327
286
211
104
59
21
48
28
9
0
14
166
141
32
35
66
225
559
835
772
605
723
899
957
882
677
462
533
732
971
1056
1067
758
339
239
552
739
641
449
454
645
604
594
695
698
529
342
239
179
135
99
93
169
246
244
250
235
228
247
224
176
101
51
77
96
88
87
94
82
65
40
43
20
28
4
9
24
42
120
311
298
124
90
77
73
25
14
39
88
143
136
123
84
43
10
0
1
0
0
0
0
5
7
16
74
155
122
129
76
81
97
231
473
534
445
362
378
430
505
460
462
432
354
157
311
479
421
212
132
66
101
155
455
784
1090
1175
991
596
243
297
311
238
304
403
347
269
308
426
430
416
256
124
96
81
101
80
134
140
155
256
430
592
662
659
659
732
693
579
453
384
428
504
458
414
274
131
49
81
109
105
160
297
658
892
962
859
571
366
267
367
438
388
293
289
289
171
101
93
57
24
21
14
18
19
5
11
19
21
42
128
34
27
15
6
1
7
16
24
58
92
144
165
113
66
76
71
100
143
256
227
74
373
726
645
376
226
217
213
171
127
115
143
203
207
288
310
241
200
105
10
25
19
23
40
123
231
379
462
450
261
154
171
159
158
140
152
136
105
90
53
23
15
27
33
77
145
139
95
77
89
196
381
446
376
265
162
58
34
28
11
37
50
24
58
76
51
15
0
10
23
79
118
130
125
68
180
454
588
487
265
85
95
135
202
236
467
934
1209
1112
735
335
119
206
333
295
250
307
283
122
106
163
205
340
475
420
332
213
95
57
253
485
577
523
398
230
205
525
673
737
673
550
455
364
197
124
365
464
359
433
531
570
364
216
255
323
229
149
276
327
318
307
209
135
268
394
421
387
300
284
309
170
145
175
336
384
412
430
434
399
235
170
372
430
452
434
331
230
185
202
188
218
280
340
526
792
1009
994
750
407
486
497
419
250
101
84
76
165
237
265
322
461
688
872
871
882
824
703
511
345
176
204
318
316
221
158
164
186
169
130
156
172
119
51
141
207
213
170
89
174
417
687
755
649
589
373
205
184
198
164
183
263
345
457
563
620
715
704
529
307
402
495
428
334
308
315
214
51
135
232
250
309
430
429
399
377
340
225
44
140
390
472
692
1092
1394
1547
1531
1426
1242
1029
985
980
1021
987
832
677
771
838
809
764
600
486
405
258
208
282
458
594
605
574
470
265
207
280
321
293
240
297
379
699
1221
1702
2034
2151
2045
1487
1419
1988
2387
2528
2578
2415
2559
2823
2786
2798
2825
2329
2029
2510
2937
2931
2761
2938
2960
2590
2455
2165
1584
1322
1253
1276
1378
1981
2277
2488
2501
2358
1804
1147
1042
1471
1784
1563
1316
1366
1361
1712
2054
2220
2538
2801
2473
2050
1724
1392
1036
1038
1612
1881
1535
1483
1557
1835
2487
3505
4457
5300
5181
3906
3044
3176
3233
3260
3233
2989
2888
2731
2747
3111
3160
3546
4088
4185
3873
3598
3288
2676
1902
1090
1358
1516
1747
1739
1644
1818
2351
2886
3218
3520
4081
3612
2734
1767
1036
1046
1310
1443
1886
2470
2813
3254
3346
3134
2919
2306
1575
1105
885
620
857
922
1033
1166
1185
1034
1095
1173
1265
1289
1366
1537
1664
1680
1541
1749
1514
1315
1120
903
682
645
705
997
1298
1452
1620
1752
1711
1645
1477
1346
1515
1644
1484
1249
1082
909
1069
1342
1577
1529
1564
1462
1425
1410
922
1345
1611
1697
1733
1686
1596
1658
1701
1759
1595
1318
1299
762
1757
1511
1581
1553
1697
1762
1626
1503
1287
1345
1470
1209
987
1206
1609
1939
1912
1796
1786
1629
1688
1733
1616
1334
1180
1021
899
873
768
701
780
730
630
592
670
685
718
694
761
766
653
546
432
358
345
356
368
323
328
422
751
1072
1335
1545
1581
1389
1214
1059
946
1036
1033
1064
1136
1208
1037
905
820
710
693
881
1086
1629
1976
1659
1432
1828
1303
807
1017
1084
1211
1283
880
408
490
488
566
589
523
337
227
216
156
78
64
135
146
138
82
27
61
120
120
136
257
452
602
643
726
703
679
646
584
475
483
546
597
575
523
432
366
300
303
265
294
371
396
387
317
238
188
123
106
98
63
44
43
39
79
79
65
45
107
123
81
80
78
71
72
52
18
19
11
0
7
2
21
50
79
138
97
139
140
231
273
338
485
954
1416
1365
995
424
882
1448
1911
1774
928
579
693
837
814
620
381
227
88
84
128
187
222
255
282
386
561
534
430
333
268
232
198
111
98
39
15
12
44
64
152
356
454
1177
585
701
535
486
559
500
473
408
378
322
262
313
370
424
472
393
279
201
138
91
45
38
19
22
65
214
391
569
793
911
1046
1153
718
464
424
375
220
144
160
142
201
313
271
296
381
455
517
673
794
877
1095
1212
1278
1150
922
641
791
1130
1407
1981
2354
2917
3298
3415
3376
3170
3446
3193
2779
2291
2131
1670
1324
1470
1622
1881
2275
2625
2927
3100
3254
3391
3538
3696
3339
2216
1629
1894
2280
2628
2749
2650
2439
2225
2207
2052
1897
1758
1696
1437
1024
930
1172
1200
1012
1412
1619
1858
1818
1678
1447
1172
997
981
951
901
797
757
682
423
540
655
783
720
672
562
622
514
501
458
318
337
327
413
501
454
497
494
469
425
368
339
363
330
270
285
255
194
178
98
25
6
5
17
58
92
129
146
153
137
112
63
33
3
36
1
2
0
2
10
63
47
12
1
26
91
90
41
21
4
2
3
22
60
28
21
79
138
94
71
53
41
25
43
49
42
10
2
4
11
137
162
44
110
161
86
18
126
154
24
177
513
701
782
823
892
911
801
631
464
370
345
372
907
1729
2255
2692
2191
2002
1804
1574
1590
1840
1974
2020
1931
1803
1655
1452
1207
930
684
436
431
446
510
552
617
787
905
1110
1349
1412
1356
1617
1183
1342
1230
927
687
902
1552
2135
2796
2724
2468
2095
2363
3379
4021
3977
3892
2742
2660
3093
3065
3464
3437
3222
2957
2829
2945
3105
3051
3151
3282
3445
3340
3035
2940
3138
654
2012
3233
4019
4561
4615
5168
5490
5490
5507
5173
4923
4876
4697
4560
4677
4806
4955
5132
5231
5159
5203
4889
4490
3830
3260
2718
2226
1853
1325
1060
830
826
1077
1649
2251
2765
3085
3482
3846
4252
4659
4907
5066
5048
4942
4883
4688
4430
3836
2978
2142
1486
1255
1265
1472
1520
1466
1379
1559
1649
1842
2014
2182
2389
2627
2858
3087
3304
3533
3653
3695
3649
3369
3019
2635
2311
1999
1680
1542
1273
1182
1180
1233
1216
1265
1345
1626
1911
2030
2032
2074
1993
1828
1723
1623
1556
1639
1787
1844
1905
1961
1922
1831
1808
1834
1775
1681
1517
1359
1270
1109
999
704
345
234
440
631
819
1003
1336
1607
1853
2181
2441
2988
3530
3987
4513
4853
5118
5332
5592
5923
6219
6520
6710
6711
6713
6517
6051
5591
4646
3802
2797
1823
1006
1160
1823
2236
2095
1792
1895
2206
2375
2437
2298
2167
2305
2453
2463
2389
2367
2252
1940
1632
1338
1043
777
759
948
1140
1307
1444
1398
1076
988
1134
1345
1441
1489
1425
1343
1243
1114
910
759
602
358
290
575
835
933
1024
1111
1182
1196
1172
1114
1021
914
834
704
584
438
257
84
88
141
390
527
638
701
677
632
647
645
595
471
377
371
606
781
960
1067
1099
1130
1084
1057
1069
1020
971
849
757
707
652
534
474
773
1610
2625
3700
4365
4906
5343
5362
5059
4698
4297
3946
3455
3149
2752
2514
2151
1764
1586
1330
1298
1237
1121
1028
901
767
632
405
227
180
199
418
640
753
755
840
899
971
977
891
851
699
579
585
605
674
757
959
1371
1593
1533
1356
1412
1319
1083
854
616
550
484
476
560
713
850
944
956
915
816
628
520
407
193
88
48
138
268
334
328
358
395
425
374
332
340
398
259
110
65
55
53
66
68
172
326
337
336
423
648
847
949
980
906
769
646
528
415
344
375
496
646
689
725
771
750
656
464
253
407
662
707
490
309
388
611
721
807
839
788
290
584
757
915
1226
1299
1077
673
400
298
399
568
708
950
1117
1229
818
739
381
185
137
266
564
897
1105
1248
1164
1097
1074
1107
1433
1906
2277
2710
3695
4434
4935
4656
4824
4798
4385
3006
1896
1466
1724
1980
2439
2768
3047
3203
3348
3510
3570
3722
3570
3203
2872
2513
2193
1909
1514
1178
876
497
291
336
595
869
1104
1238
1370
1476
1528
1631
1676
1459
1085
641
396
657
764
963
1072
1114
1134
1114
1124
1045
970
857
780
715
586
530
551
662
808
916
1012
1066
1102
1110
1079
1067
1010
927
832
722
625
505
423
325
263
184
128
96
105
131
123
125
117
110
98
94
97
103
98
89
73
41
17
13
10
11
76
34
50
106
159
195
222
228
235
239
252
254
220
175
115
43
13
0
0
0
2
7
37
60
63
13
1
8
23
17
2
1
7
13
14
14
20
37
34
23
10
7
2
0
0
0
0
0
0
0
3
7
4
1
0
31
103
187
284
347
385
350
352
361
282
247
268
268
282
301
305
307
307
308
308
288
279
275
239
209
137
73
14
0
0
0
1
26
68
81
77
77
57
36
15
11
2
1
0
0
0
0
0
0
0
4
45
73
75
81
125
130
140
173
194
215
189
189
227
389
669
959
1177
1520
2080
2357
2727
2904
3180
3520
3750
4178
4415
4639
4927
4985
5014
4921
4903
5050
5313
5404
5019
4663
4205
3670
3010
2694
2727
2833
3010
3133
3397
3680
4014
4287
4347
4449
4255
4083
4311
4686
4903
4880
4786
4687
4444
4273
4078
3887
3736
3628
3419
3316
3187
2915
2540
2283
2109
1900
1599
1131
639
934
1209
1292
1091
969
1055
1363
1410
1281
1256
1207
1179
973
877
733
463
446
600
706
736
799
729
648
571
572
558
510
405
321
424
618
779
920
949
958
955
975
965
883
823
779
781
686
607
470
371
233
151
210
327
506
626
740
721
647
407
288
264
268
247
229
159
95
50
37
68
144
217
276
250
185
157
106
110
111
121
191
320
517
718
910
1147
1440
1703
2034
2307
2500
2769
2997
3267
3496
3589
3622
3520
3454
3305
3119
2918
2638
2305
2119
1850
1654
1480
1222
1415
1782
2166
2583
3005
3378
3601
3787
3923
4050
4092
4068
3923
3702
3504
3121
2990
2797
2490
2295
2195
2117
1993
1960
2119
2078
1904
1693
1569
1646
1752
1855
2013
2004
2003
2015
1985
2017
1941
1806
1721
1669
1400
1127
864
597
536
542
600
577
535
437
293
203
135
129
218
271
334
357
323
286
226
195
157
113
47
41
84
59
51
82
147
178
195
162
169
172
47
21
19
9
0
0
1
0
0
1
126
345
711
1064
1409
1822
2204
2524
2847
3088
3318
3464
3570
3654
3708
3633
3617
3537
3420
3294
3079
2847
2515
2241
1947
1565
1243
913
644
492
372
290
264
342
501
659
851
1030
1187
1222
1288
1232
1063
1233
1396
1498
1575
1557
1436
1275
1193
1162
1058
1026
1124
1291
1270
1299
1277
1244
1214
1141
1076
1086
1130
1095
997
891
829
869
1091
1536
1968
2279
2440
2558
2758
2922
2954
3113
3113
3137
3119
3147
3038
2922
2732
2494
2304
2078
1807
1518
1199
775
192
315
982
1667
2300
3030
3574
3981
4434
5058
5333
5681
6053
6418
6854
6953
6578
6464
6239
5812
5457
5366
5321
4981
5124
5384
5786
5693
5782
5812
8327
6018
5098
4209
3750
3515
3146
2695
2389
2444
2791
3217
3399
3465
3460
3354
2971
2182
1460
1163
1106
858
761
794
807
813
859
940
967
954
958
916
895
817
750
595
537
451
447
394
365
326
282
276
233
224
190
181
148
123
89
76
59
55
64
83
121
161
207
263
295
362
397
370
289
228
174
164
165
230
237
190
152
71
54
31
21
30
29
36
45
63
51
37
19
12
12
8
6
6
3
4
14
29
53
73
50
28
30
25
25
27
24
15
10
6
5
18
8
1
0
0
0
1
1
3
2
3
0
0
1
1
0
0
0
0
0
0
0
0
0
0
1
0
0
0
0
0
0
0
0
0
0
0
0
0
0
0
0
0
3
13
53
77
74
50
33
21
31
36
30
65
76
30
45
38
15
5
2
1
0
0
0
0
0
0
0
0
0
0
0
0
0
0
0
0
0
0
1
0
3
2
1
0
0
0
0
0
0
0
0
0
0
0
0
0
0
0
0
0
0
0
0
0
0
0
0
0
0
0
0
0
0
0
0
0
0
0
0
0
0
0
0
0
2
4
16
26
17
31
29
26
42
56
43
51
33
27
13
4
5
33
182
517
771
995
1251
1393
1873
2048
1856
1747
1661
1688
1870
1910
1938
1992
2002
2011
2054
2216
2407
2545
2644
2539
2402
2053
1735
1398
1413
1778
2053
2290
2302
2342
2331
2316
2245
2079
1954
1992
2055
2112
2194
2316
2448
2729
3115
3714
4367
4780
5006
5129
5344
5487
5527
5756
6043
6328
6348
6005
5478
4825
3953
3094
2225
2488
2834
3061
3662
4592
5222
5656
6108
6482
6843
6966
6876
6320
6227
6507
6433
6125
6145
6537
6732
6764
6380
5785
5034
4395
3762
3187
2651
1958
1464
1604
1979
2810
3205
3462
3421
3169
2734
2600
3001
3369
3540
3380
3184
3013
2678
2562
2403
2572
2654
2483
2113
1699
1344
1488
1572
1545
1546
1433
1281
1009
779
619
572
571
416
370
468
647
792
858
799
681
616
662
684
648
590
684
664
478
226
158
107
155
222
311
355
387
357
285
206
225
295
286
282
281
194
85
82
137
128
148
199
248
248
266
363
445
445
332
403
443
380
345
225
186
197
134
131
170
189
128
218
328
375
303
202
84
38
78
105
128
138
166
180
185
132
147
158
188
194
403
765
1158
1418
1540
1128
648
333
264
191
138
208
372
501
657
807
770
582
349
133
96
98
130
111
88
87
121
121
86
57
52
30
38
42
33
43
50
89
98
35
5
29
20
9
10
1
2
9
9
1
0
0
3
31
48
10
2
19
44
57
56
51
133
282
484
805
1249
1684
2200
2811
3122
3398
3557
3376
2967
2027
1059
989
1421
1864
2339
2742
2938
3180
3000
2676
2414
2256
1950
1622
1300
843
635
461
440
555
546
537
504
417
251
171
203
345
349
468
827
1255
1690
2140
2738
3114
3421
3729
3834
3707
3162
2719
2285
1940
1541
1615
1898
3999
2040
1799
1638
1302
685
123
101
366
460
504
520
544
539
454
558
531
330
218
200
165
125
78
230
259
218
161
99
253
362
261
137
298
967
1346
1543
1647
1643
1711
1833
1753
1449
1185
964
757
440
284
658
1106
1481
1777
1967
2162
2272
2204
2144
1616
1693
1509
847
746
672
595
561
594
631
661
628
538
475
481
360
173
203
297
439
526
705
752
866
1240
1402
1299
998
931
951
1091
1054
921
764
685
722
792
779
680
522
690
957
1107
982
611
396
365
337
280
262
226
248
296
444
600
652
481
353
189
173
161
189
187
145
93
63
56
72
198
306
373
319
187
89
79
145
257
403
431
435
399
355
295
240
162
67
14
17
58
156
209
251
249
231
199
158
127
36
0
6
13
69
138
192
293
398
469
557
580
490
373
231
176
118
92
107
99
73
68
45
25
5
9
14
20
48
67
242
580
1124
1842
2769
3257
3369
2833
2629
2112
1901
1879
1645
1179
653
507
772
990
1040
946
854
837
1114
1198
1125
790
693
1013
1223
1414
1528
1618
1413
885
957
1208
1140
1073
1027
907
707
426
175
103
157
231
400
586
687
710
594
415
347
350
535
663
503
369
351
323
237
197
204
199
264
368
382
341
235
235
247
248
261
222
221
196
222
232
190
101
41
38
96
122
154
199
295
348
321
284
226
138
63
111
413
731
953
1099
1071
920
1031
1375
1496
1563
1649
1698
1804
1709
2044
2268
2292
2116
1728
1260
1299
1738
2154
2641
2780
2854
2709
2367
1911
1401
1087
1096
1342
1559
1825
1999
2329
2774
3025
3016
2574
2162
1892
1674
856
647
923
1369
1526
1617
1772
2057
2366
2405
2611
2725
2779
2721
2589
2017
996
1159
1245
1628
2031
2341
2496
2456
2551
2761
2818
2788
2527
1860
894
928
952
1105
1369
1565
1617
1543
1369
1108
870
707
698
734
645
973
1368
1537
1676
1851
2066
2587
3000
3315
3439
3447
3253
2662
2283
2170
2430
3190
3617
3491
3005
2845
2873
2247
2623
2592
2640
3257
3736
3847
3887
3486
2872
2586
1828
2346
2307
2866
2903
2620
2217
2067
1982
1968
2059
1895
1764
1253
1176
1193
1473
1590
1686
2314
1534
1814
2196
2661
3266
3676
3691
3503
3192
2647
1936
1474
1134
1244
1495
1687
2263
3129
4109
4544
4271
3528
3013
2461
1884
1643
1242
747
897
1393
1599
1760
1722
1757
1906
1845
1682
1391
1042
1030
1095
1055
1490
1882
2028
1978
2210
2995
3853
4274
4326
3296
2077
2030
1721
1301
1533
1845
1884
1734
1559
2033
2420
2748
3108
3548
3899
3943
3869
3424
3094
2990
2959
2851
2480
1950
1654
1466
1316
1234
1156
1098
1039
1041
910
1113
939
568
390
397
372
469
590
536
543
637
707
872
945
936
964
1005
1095
1122
1135
1190
1308
1435
1443
1499
1695
1894
2486
3198
3459
3163
2510
2147
1864
1346
863
1234
1644
2089
2665
2834
2456
1944
2733
2869
2441
2043
1979
2845
3323
3471
3158
2682
2625
2887
2819
2382
1737
1064
892
1061
902
668
645
799
1104
1378
1723
1986
2097
2006
1782
1374
1004
647
452
1121
1582
2116
2456
2507
2050
1155
1374
1434
1537
1272
871
641
1456
2151
2100
1449
1169
1103
979
896
711
1337
1393
900
622
1055
1308
1335
1106
889
657
402
1032
1300
1152
884
701
1333
1908
2037
1862
1531
1096
1104
1103
1292
1657
1866
1935
1831
1723
1515
1166
1619
1436
954
1106
1321
830
1343
1664
1211
713
472
276
661
1061
1161
880
358
388
409
978
1306
1354
1096
398
151
100
248
632
835
612
313
201
171
220
285
353
494
631
707
529
391
276
205
93
2
22
75
79
76
67
72
80
41
13
12
20
28
36
45
45
61
63
68
32
3
0
3
3
3
4
3
10
12
18
17
8
3
22
7
20
36
81
58
62
35
24
15
6
0
2
0
1
0
18
22
1
2
6
17
18
14
1
2
14
7
4
1
2
1
0
0
23
22
6
75
266
195
53
17
16
5
0
0
1
0
0
11
7
0
0
7
0
90
138
19
43
182
146
23
10
74
69
16
1
0
2
40
62
64
57
22
7
2
1
6
0
0
0
0
0
0
0
3
5
0
0
0
0
0
0
0
0
0
0
0
0
0
0
0
0
0
0
0
0
0
0
0
0
0
9
4
0
28
55
94
128
129
82
52
66
63
63
98
142
97
47
51
15
5
5
2
0
1
0
1
10
51
123
190
179
250
346
479
663
812
1013
1118
1266
1376
1319
1308
1229
1076
842
475
741
1166
1304
1334
1319
1087
806
661
538
188
105
175
140
58
67
74
54
80
98
112
98
59
60
38
11
17
67
130
111
85
64
38
4
1
21
35
21
6
7
45
115
169
135
92
43
36
31
48
60
109
127
164
214
397
486
388
234
186
198
167
180
198
98
45
38
6
1
8
18
18
12
12
11
9
14
47
105
126
24
14
5
4
4
17
44
9
31
111
299
673
403
148
152
94
161
279
530
699
959
1252
1414
1213
1515
1522
1581
1360
925
630
332
410
419
359
301
467
619
565
344
482
633
682
743
781
945
1371
1477
1420
1327
1183
1058
1066
1053
769
198
228
444
481
556
661
692
691
639
421
204
97
85
51
237
488
524
522
968
1561
2262
2973
3902
5010
5289
5622
6037
5870
5745
5468
4823
3623
2405
2105
2420
3198
3619
3866
4033
4234
4601
4646
4638
4486
4199
4002
3231
2005
1306
2724
3460
3935
4556
4707
4083
2943
1819
1166
1230
1660
1619
1288
858
453
248
164
60
31
36
59
84
149
216
260
302
649
1230
1725
1979
2135
2239
2036
1807
1460
967
886
1529
2449
3121
3423
3605
3562
3298
2743
2106
1321
982
852
735
675
643
680
901
1394
2134
2835
3400
3919
4346
4925
5410
5613
5781
5905
6394
6312
6274
5559
4078
2470
1824
1560
1789
1936
2016
2165
2461
2767
2935
2578
1973
1304
1484
1344
1054
1176
1315
1402
1382
1286
1269
1359
1578
1943
2358
2576
2807
2795
2832
3029
3323
3596
3076
1859
1801
1919
2167
2358
2344
2422
2705
3423
3810
3846
3549
3160
2924
2605
2389
2341
2317
2171
2102
1953
1858
1006
1819
1847
1455
1218
1086
1001
968
956
834
852
1041
1217
1622
1887
1656
1460
1797
2518
3065
3108
2774
2499
2655
2567
2909
3354
3347
3114
2129
2785
3261
3252
2926
2518
2661
2403
2907
3357
3629
3424
2808
2357
1684
1939
1776
1841
1802
1552
1616
1729
1912
2029
2165
2174
2086
2005
1836
1354
1001
1043
1550
2180
2415
2133
985
2189
2862
3401
3844
4073
3629
2830
2031
1789
1119
827
1106
1109
974
683
231
166
387
523
561
552
444
187
210
466
757
1050
1393
1429
1436
1167
1100
1306
1894
2127
2273
2478
2901
3329
3198
3038
2559
1817
1176
1099
1525
1698
1757
1690
1570
1557
1596
1832
1910
1784
1289
1005
1683
2132
2724
3779
4536
4831
4755
4689
4614
4626
4218
3509
2779
2452
2389
2902
3356
3682
3727
3443
3081
2822
2527
2165
1808
1074
1036
1311
1637
1663
1803
2148
2511
2862
3307
3489
3503
3276
2875
2669
1949
1478
1456
1272
1500
1593
1720
2175
2543
2763
2971
3310
3609
3583
3619
3709
3588
3890
3541
3214
2960
2612
2182
2253
2539
2668
2363
2402
2545
2565
2714
2605
2238
1756
1326
2106
2919
3332
3819
4177
4308
4297
4467
4870
4756
4171
2617
1899
1525
1303
1750
2128
2099
1747
1626
1665
1918
2051
1921
1604
1710
2174
2560
2598
2058
1653
1008
1287
1813
1916
1956
1767
1849
1823
1393
916
934
1047
1004
1306
672
505
360
209
304
396
437
457
424
333
224
168
328
573
903
1297
1248
875
896
704
774
841
695
495
423
435
389
370
473
655
621
569
488
388
350
318
297
328
397
517
710
770
630
434
489
933
1374
1765
2059
2360
2529
2429
2229
1795
1489
1212
1124
980
815
625
554
577
645
677
693
716
742
1569
2345
3230
3854
3984
3640
2803
1111
1659
2708
3277
3633
3551
3288
2998
2509
2053
2177
2360
1704
1294
1181
1066
1047
979
902
784
779
781
675
446
272
264
457
632
717
808
1073
1344
1872
2163
2327
2145
1937
1936
1573
1102
923
848
821
332
573
724
823
891
999
1339
1886
2341
2497
2884
3041
3197
2574
1640
912
1231
1006
698
318
201
361
487
699
983
1108
1217
1277
1212
1191
1183
1316
1862
2310
2169
1575
1268
730
375
575
604
520
353
198
190
238
312
455
586
741
876
979
1076
1206
1236
1266
1294
1227
1067
1074
1103
1288
1445
1244
981
945
1230
1422
1591
1756
1880
2204
2235
1856
1937
2368
2524
2386
2310
1870
1210
1093
1188
1169
1269
1509
1753
1839
1819
1716
2087
2316
2461
2460
2423
2162
1566
1245
1220
1611
1683
1502
1340
1139
1095
1524
1970
2165
2112
1716
1501
1767
2014
2548
2684
2724
2228
2181
2372
3197
4172
4671
4703
3940
3261
2651
2152
1466
1193
1772
2887
3143
2966
2622
2306
2536
3017
2863
2598
2127
1636
1758
2244
2877
3544
3373
3369
3148
2465
1752
1187
1063
1012
1319
1853
2226
2294
2161
2054
1676
1222
1054
875
905
965
1052
1184
1311
1463
1815
2318
2327
2195
2111
1967
1753
1610
1368
1502
1801
2077
2257
1997
1548
763
704
1154
1321
1201
1321
1170
1166
921
571
596
728
831
1150
1395
1365
1124
1222
1233
1200
1080
1174
1421
1657
1581
1407
1148
919
680
1083
1425
1564
1736
1774
1579
1231
806
495
399
516
735
793
753
585
394
402
561
645
634
571
593
586
457
277
85
53
79
140
151
116
76
72
56
52
75
89
74
49
42
61
111
117
112
93
77
28
24
48
123
215
287
298
243
211
144
111
99
80
84
65
60
35
19
22
30
23
15
1
1
9
25
55
47
13
6
0
4
29
61
47
30
38
30
11
1
2
0
1
9
12
5
1
1
0
0
7
28
37
29
22
17
16
18
34
41
43
57
102
206
303
268
186
158
201
259
433
526
412
304
347
475
545
484
596
531
310
251
169
115
87
53
25
46
112
124
125
59
17
10
24
40
27
7
23
47
40
68
136
223
353
407
434
416
401
480
495
529
542
622
725
665
580
641
732
755
696
631
496
584
230
195
221
263
288
332
370
383
418
434
402
332
313
317
382
347
483
714
879
896
775
709
1293
1547
1781
1954
2117
2269
2186
1842
1349
1113
1146
1236
1213
1040
915
930
999
1050
1104
1150
1202
1156
1116
1009
897
789
768
690
604
549
514
541
510
415
368
291
254
263
263
271
261
246
268
357
379
815
265
236
269
401
575
802
808
768
625
485
370
257
191
160
107
82
99
90
73
166
214
170
152
162
179
228
227
202
134
106
66
30
18
3
8
14
2
2
1
2
9
6
5
2
2
7
1
1
0
1
1
25
3
0
9
18
2
7
32
50
6
1
6
17
10
25
25
10
13
20
13
3
0
0
0
0
0
0
0
0
0
42
332
851
1130
1169
870
547
880
1023
1238
1207
943
598
522
345
298
317
334
411
485
672
721
564
602
620
456
321
257
235
246
202
188
232
313
367
367
304
130
63
106
142
153
97
51
51
52
22
12
37
20
19
31
23
30
151
396
493
467
533
611
605
667
687
623
484
301
709
1010
1084
1333
1496
1376
1047
978
936
951
1321
1456
1322
1357
1373
1186
856
706
610
520
610
805
1122
1316
1421
1395
1324
1124
1054
1058
830
564
563
676
492
644
929
987
944
933
878
767
636
506
334
319
342
323
379
495
509
477
452
452
430
345
275
195
112
133
270
436
492
446
371
386
346
297
270
351
549
855
1013
1063
994
624
186
230
233
280
457
652
782
684
779
767
785
798
686
604
527
427
391
426
443
433
440
431
445
597
697
667
516
390
527
909
1079
1040
831
535
355
222
167
332
445
394
549
763
827
865
969
866
582
607
1027
963
444
340
275
411
442
216
221
267
182
113
69
119
159
196
208
194
206
134
94
41
13
2
0
0
1
24
39
34
46
27
12
1
1
1
0
0
0
0
6
9
1
2
5
8
3
4
0
0
0
0
0
0
0
0
0
0
0
0
0
0
0
0
0
0
0
1
11
19
31
82
260
629
1026
1239
1131
1061
922
573
714
951
690
555
502
393
402
433
482
521
465
333
173
46
4
14
18
44
72
67
58
34
11
0
3
0
0
0
0
1
3
1
2
1
0
0
0
0
0
0
0
0
1
0
0
1
0
0
0
0
0
0
0
0
0
13
16
10
9
11
1
0
35
104
75
19
0
0
0
0
0
0
0
0
0
0
4
13
14
24
150
105
137
253
465
662
695
698
614
596
628
850
1130
1430
1364
993
590
240
157
286
330
312
238
92
52
100
137
121
63
26
3
4
23
55
54
67
90
98
105
102
95
107
130
79
59
58
58
12
6
5
6
4
8
15
13
3
0
0
2
1
9
36
81
105
104
260
528
717
778
788
794
727
682
605
309
555
774
998
908
760
471
263
172
237
371
530
547
624
740
681
512
205
139
211
292
316
283
217
169
90
52
34
14
26
83
117
122
128
105
98
220
407
636
944
1189
1406
1356
1253
1191
1192
1073
869
787
757
760
671
687
1119
1175
1293
1136
1062
964
459
139
198
206
66
74
119
138
71
12
2
18
15
4
15
43
200
450
758
974
1116
1291
1366
1370
1183
987
851
1069
1187
1347
1233
1052
682
487
750
975
957
636
315
271
296
256
215
165
149
183
180
188
224
323
443
495
540
616
616
567
608
560
526
376
193
404
716
1067
1183
1211
1113
717
405
401
604
525
457
385
486
656
855
1071
1004
815
757
727
639
417
419
546
565
502
486
615
736
623
645
794
874
914
1112
1483
1840
2000
2086
1990
1898
1848
1919
1762
1458
1286
1592
1690
1518
1631
1729
1900
1938
1793
1976
1807
1598
1441
1176
1004
967
856
644
398
257
150
153
224
313
323
266
260
215
214
197
194
225
227
275
255
179
125
103
78
83
77
91
137
178
197
250
235
150
54
0
2
21
55
62
66
55
82
102
160
287
385
536
605
583
538
487
438
384
430
453
488
467
481
538
697
917
1162
1235
1194
1092
898
858
1082
1675
2097
2183
2321
2413
1860
1061
645
1111
1304
1244
1283
1330
1339
1302
1297
1452
1583
1718
1782
1797
1681
1524
1314
1131
848
894
1077
1300
1290
1296
961
709
662
868
877
727
730
764
726
727
662
601
596
546
691
793
805
793
738
766
858
879
934
982
1042
978
886
798
698
810
974
1048
1027
969
845
411
325
557
731
936
1157
1273
1270
996
788
569
504
737
948
1220
1711
1726
2034
2611
2844
2930
2919
2892
2697
2612
2706
2859
3044
3226
3334
2791
2444
2279
2144
2417
2650
2795
2739
2410
2394
2272
1801
1387
828
523
523
633
933
1374
1879
2565
2914
3031
2907
2720
2300
2083
1608
1277
1900
1946
1718
1948
2080
1936
1705
1481
1260
972
719
501
363
247
289
393
481
598
536
599
605
539
352
193
229
215
104
157
361
505
607
640
656
701
738
769
830
811
735
635
525
345
201
138
133
193
278
348
344
290
305
266
658
237
183
148
211
242
207
133
75
26
26
23
15
1
1
7
24
45
63
47
22
3
8
42
86
102
116
135
98
49
15
8
7
20
24
11
1
0
5
23
137
169
130
184
106
53
151
269
341
338
312
296
265
219
209
292
323
367
289
260
237
230
210
180
143
139
185
197
295
373
427
311
178
93
35
72
213
332
297
246
129
65
40
70
94
177
225
212
143
77
39
63
167
414
647
771
819
770
570
393
350
411
474
435
461
549
493
368
271
235
304
375
487
713
885
1002
929
840
645
490
531
626
579
402
689
1397
1911
1722
1185
767
671
572
968
992
581
286
277
332
487
595
622
721
862
1013
1091
1054
713
505
676
859
871
1012
1076
1062
836
500
400
336
366
453
468
426
341
413
436
391
394
351
330
381
327
325
359
284
336
351
396
469
588
544
440
376
272
223
118
91
143
171
120
90
103
107
92
61
28
80
94
37
35
31
18
1
5
17
116
161
121
31
19
8
0
3
14
3
6
12
2
4
4
11
5
0
6
0
0
2
0
4
4
8
136
396
383
125
72
70
170
246
164
46
6
4
28
47
49
27
9
0
0
0
2
25
17
37
156
276
533
605
633
650
613
755
881
786
716
823
892
784
690
570
546
675
689
704
767
705
666
630
623
498
353
368
433
554
561
272
451
461
619
594
711
661
548
509
569
634
518
392
423
271
722
1093
999
833
1390
1383
997
676
538
659
501
378
390
477
398
391
411
468
628
980
1315
1475
1496
1654
1677
1489
1228
943
703
866
1093
1099
828
1030
1048
829
629
618
580
572
574
392
213
86
110
250
478
590
613
527
392
343
356
292
262
172
154
225
308
406
413
409
383
374
458
483
469
382
387
503
553
605
641
563
504
516
619
642
535
482
397
315
187
109
182
254
358
413
506
586
591
509
409
304
142
32
41
117
165
205
268
297
323
339
329
314
237
187
137
49
52
73
158
211
223
216
222
225
169
135
61
21
1
28
91
84
99
103
90
125
132
152
128
120
107
64
44
29
30
1
11
47
63
62
55
23
13
12
0
0
8
8
11
19
5
2
2
2
2
0
0
2
7
3
1
9
18
20
28
10
1
1
17
4
8
4
1
0
2
0
2
0
0
0
0
0
0
0
0
0
0
0
0
0
11
74
109
78
45
18
52
33
94
135
156
109
13
9
10
11
6
12
47
74
88
63
36
15
0
0
0
0
0
0
0
0
0
0
0
0
0
0
0
0
0
0
0
0
0
0
0
5
24
7
0
15
13
9
27
10
0
1
16
3
0
0
0
0
0
0
0
0
0
0
0
0
0
0
0
0
1
0
6
9
12
11
3
3
8
8
6
11
21
14
8
0
2
13
3
0
0
0
0
2
0
2
0
0
0
0
0
0
2
6
4
4
1
0
9
23
25
25
11
2
2
16
38
9
22
52
92
81
59
15
28
25
45
46
110
190
267
272
182
61
25
106
201
226
216
175
125
66
97
194
418
724
1117
1422
1460
1440
1465
1333
998
728
551
397
422
614
801
909
889
786
681
588
530
490
500
420
397
406
501
596
614
577
497
474
447
505
648
777
802
717
604
542
494
496
515
533
470
470
475
416
410
370
369
378
420
560
634
682
792
1045
1289
1484
1681
1802
1973
2054
2201
2227
2229
2145
1990
1800
1726
1448
1233
1048
1000
1093
1181
1273
1094
910
743
645
489
431
404
356
347
437
564
653
696
665
641
595
616
619
602
651
783
691
678
767
888
999
927
928
930
887
864
967
1048
1080
1186
1411
1700
1877
2056
2151
2382
2574
2526
2351
2163
1932
1783
1504
1153
806
1051
1604
2021
2257
2550
2727
2953
2741
2230
1594
1396
934
1422
1596
1718
1776
1722
1593
1440
1425
1367
1268
1130
615
519
708
897
1002
997
743
621
705
692
728
762
720
509
445
537
830
1000
1079
1122
1144
1170
1226
1220
1168
1283
1222
1240
1323
1236
1219
1080
1023
1333
1292
835
869
824
709
511
282
179
118
94
144
298
441
471
465
433
403
364
300
268
247
205
244
260
245
211
155
86
97
142
136
98
51
12
15
30
28
28
11
20
27
11
0
19
35
33
21
8
0
0
6
14
36
51
123
330
492
610
601
479
322
243
151
89
68
77
97
81
68
146
260
252
246
217
225
281
378
516
548
498
468
356
354
517
775
835
886
1222
1216
667
899
1253
1246
1198
1294
1417
1563
1689
1753
1900
1941
2081
2373
2456
2436
2321
2307
2580
2803
2856
2756
2539
2519
2654
2710
2707
2728
2581
2430
2400
2403
2319
2300
2286
2103
2062
1934
1826
1590
1294
1173
1234
1194
1103
942
820
767
893
1059
1133
1127
1124
1096
1103
1105
1192
1194
1059
1040
1258
1283
1332
1237
1221
1423
1693
2410
3218
3893
4356
4708
5099
5625
6322
7052
7667
8267
8803
9293
9736
9912
13171
9889
9874
9895
9870
9722
9656
9439
9053
8784
8300
7940
7539
7149
6974
6878
6600
6207
5685
5112
4777
4452
4132
3629
3343
3403
3571
3632
3618
3700
3776
3514
3057
2606
2369
2262
2327
2371
2319
2402
2447
2284
2159
2004
1766
1516
1316
1212
1110
1059
921
1094
1476
1783
2050
2169
2185
2157
2282
2352
2177
1556
1215
706
219
298
572
697
825
1053
1308
1291
985
606
337
176
196
418
654
762
755
784
727
606
476
401
354
265
176
113
90
143
375
966
1479
1570
1390
1132
1281
1437
1671
1934
2189
2570
2963
3064
2783
2777
2796
2894
2956
2890
2888
3024
3018
3037
3018
3021
3012
3021
2944
2875
2771
2727
2760
2783
2860
2889
2897
3012
3214
3441
3666
3915
4187
4158
4548
5195
5503
5611
7106
7899
8621
8973
8989
9030
9706
10435
10195
10010
9691
8954
8380
8332
8426
7841
7262
6207
5509
4994
4701
4480
3968
3389
3358
3190
2488
2588
2629
2211
1985
2368
2267
2567
2551
2236
2039
2037
1829
1260
1220
1234
1017
1000
1153
1567
1944
2169
2429
2711
3134
3434
3794
4014
4255
4527
4605
4560
4575
4602
4497
4460
4382
4406
4337
4241
4108
4135
4105
4074
4050
3803
3549
3283
2913
2562
2265
2087
1925
1809
1676
1431
1244
1181
1064
861
690
628
612
564
661
798
898
1138
1521
1939
2326
2467
2333
2321
2277
2539
2971
3417
3625
3620
3623
3738
3442
2666
1515
1657
2159
2262
2055
1707
1352
1085
827
574
412
172
315
550
745
973
1200
1197
1119
976
567
541
1030
1115
960
864
829
767
664
549
356
268
303
387
470
556
619
697
760
687
530
568
672
667
504
417
322
301
218
121
20
17
60
101
127
140
153
105
26
0
6
65
112
111
126
109
55
52
52
48
47
41
41
23
20
13
11
38
50
60
78
55
28
5
0
0
0
2
181
252
169
38
8
4
15
0
5
9
16
12
14
46
82
80
76
200
421
396
18
60
176
127
52
29
28
67
34
100
101
116
124
136
180
160
145
146
136
107
84
56
46
43
67
72
81
90
90
108
75
39
44
82
112
113
55
39
34
29
46
51
98
153
146
72
93
142
128
118
73
37
10
3
29
60
123
353
635
930
937
965
1382
1206
605
524
844
678
287
636
534
769
1288
1215
894
1177
1020
487
741
716
256
786
679
438
734
509
530
877
488
366
559
248
539
765
1166
2079
2897
3097
3231
3012
2563
2120
1646
2003
2139
1997
1686
1328
1197
1372
1477
1385
1163
946
829
952
961
834
583
371
254
225
157
111
84
44
29
58
118
217
409
910
1189
840
854
1048
1120
1147
1023
900
738
581
950
704
832
878
1368
2059
2435
2463
2202
1688
2171
2943
3564
3572
3143
2950
2212
1132
1611
1750
1948
1984
1806
1404
1100
879
806
689
467
311
552
759
926
1017
1118
1062
821
493
380
684
692
662
729
733
425
534
789
651
479
406
407
518
492
499
558
568
568
385
200
250
327
383
368
350
360
294
244
153
66
7
2
12
37
94
134
151
148
160
121
110
68
23
0
0
4
18
60
66
68
73
39
20
5
1
1
7
23
46
63
82
106
88
81
119
127
97
92
60
37
58
46
22
59
79
40
30
21
13
16
17
11
4
5
5
0
0
0
1
1
0
0
0
0
5
11
19
45
132
335
338
542
799
1026
755
366
581
778
969
1228
1277
1050
382
951
1444
1222
471
562
631
767
1052
1306
1277
545
980
1771
1551
435
1456
1050
788
1185
876
715
974
1785
1466
1252
1099
603
1521
2005
1948
1689
2161
2860
3889
4794
5053
4878
4347
3482
2620
1821
1494
1409
1478
1705
2214
3111
4128
5022
5794
6215
6182
5285
3108
1704
2494
3211
3586
3788
3450
2936
2323
1817
1259
691
609
864
1421
1830
2162
2299
2403
2272
1872
1240
1128
961
960
1056
1102
1106
999
813
548
359
227
109
186
332
426
485
400
374
426
378
165
54
14
107
215
191
175
138
57
47
75
148
96
26
5
13
38
88
103
146
184
135
32
33
68
38
12
10
12
18
19
25
21
13
0
0
0
0
32
45
19
0
5
0
3
1
6
21
10
0
10
13
6
0
2
0
2
9
11
9
6
0
1
0
0
0
13
23
5
0
3
7
15
11
6
3
4
6
1
1
3
0
0
0
0
0
0
0
0
0
0
0
0
0
0
0
0
0
0
0
0
0
0
0
0
0
0
0
0
0
0
0
0
0
0
0
0
0
0
0
0
0
0
0
0
0
0
0
0
0
0
0
0
0
0
27
17
0
0
0
1
0
0
0
0
0
0
0
0
0
0
0
0
0
0
0
0
0
0
0
0
0
0
0
0
0
0
0
0
0
0
0
0
0
0
0
8
56
84
118
121
51
7
145
227
164
11
56
11
2
2
8
26
39
13
7
11
8
16
6
4
54
178
237
202
188
274
295
246
145
112
83
35
20
23
13
7
2
0
0
0
0
0
8
24
4
2
1
1
6
1
0
0
1
1
3
7
24
35
13
0
0
0
1
1
1
0
2
5
5
22
10
6
11
92438
0
0
0
0
0
0
0
0
0
0
0
0
0
0
0
0
