272
212
205
128
125
203
469
520
616
18262
474
831
1109
1173
1268
1393
1384
1327
1286
1229
1152
1081
1056
1072
1198
1159
1190
1132
1256
1432
1520
1472
1328
1232
1146
1195
1129
1198
1244
1328
1544
1598
1552
1375
1278
1365
1318
1276
1173
961
769
603
586
475
527
553
578
591
781
969
1133
1247
1275
1312
1337
1315
1369
1394
1412
1458
1564
1592
1529
1417
1297
1287
1190
1075
1069
1049
1018
980
832
736
563
413
332
261
236
255
173
146
173
205
236
187
183
195
210
197
282
345
365
417
444
348
282
285
289
265
265
220
172
155
125
139
146
147
186
173
199
171
150
134
140
157
131
122
104
89
58
28
6
6
13
4
3
7
32
67
65
98
117
149
162
140
135
105
96
98
86
94
86
87
95
86
89
59
29
5
25
40
65
114
167
208
245
237
216
177
171
119
69
68
50
28
21
13
9
7
2
3
0
8
13
23
27
31
31
19
1
1
1
5
4
13
21
42
47
57
77
114
134
147
173
185
234
266
373
381
428
430
477
493
441
403
353
243
128
31
2
3
6
28
77
158
237
305
370
425
458
478
524
465
472
435
380
346
298
226
128
70
25
3
0
0
0
10
13
26
43
45
40
28
11
8
4
5
3
12
17
53
47
67
93
105
132
151
136
128
123
99
86
88
80
71
65
50
40
47
71
112
174
275
332
393
379
340
224
143
115
36
110
195
159
74
88
110
14
43
86
53
38
9
7
7
5
28
34
18
15
15
1
3
22
23
44
37
41
51
27
33
40
31
31
10
2
0
1
0
0
0
7
28
24
46
66
90
128
148
143
175
200
218
206
227
323
447
554
521
596
650
660
648
554
294
285
275
225
202
213
240
233
266
237
204
174
191
192
183
141
118
99
72
76
162
338
443
580
632
781
878
920
898
898
1151
1448
1392
1304
1067
747
468
430
506
535
515
458
332
412
550
602
590
577
607
631
689
691
742
798
859
841
887
957
1024
1171
1357
1543
1715
1799
1904
1980
2214
2551
3105
3521
3951
4203
4644
4724
4728
4056
4117
4088
3974
3817
3949
4127
4316
4493
4634
4572
4424
4254
4333
4137
3706
2942
1933
1672
1526
1340
1206
1289
1491
1653
1565
1313
1244
1172
1203
1184
1254
1422
1562
1637
1849
2065
2198
2384
2711
3034
3213
3176
2986
2684
2337
1984
1893
1938
1766
1551
1421
1361
1391
1191
900
620
337
275
230
185
137
186
267
314
372
443
366
180
106
78
59
15
8
3
32
32
17
29
118
89
112
41
7
2
0
0
2
9
1
5
25
45
43
56
71
120
138
177
238
370
487
597
624
632
621
606
540
519
483
408
377
357
388
435
401
281
155
98
88
47
36
36
68
118
183
216
218
194
203
202
176
158
177
159
134
134
127
96
90
80
75
60
61
67
76
82
89
101
143
167
159
170
143
100
63
57
46
46
43
72
66
47
38
9
2
3
95
125
106
84
41
12
0
0
0
7
10
17
13
21
15
6
2
0
0
0
0
0
1
1
20
34
55
74
98
138
126
125
120
101
97
95
47
37
22
5
8
5
9
2
0
0
2
1
2
1
0
2
2
0
0
0
0
0
0
2
1
5
11
9
10
6
5
4
5
0
0
0
0
0
0
0
0
1
0
0
0
0
0
0
0
3
0
0
0
0
0
0
0
0
0
0
0
16
26
0
10
14
9
2
1
3
2
0
0
0
0
0
0
0
0
0
0
0
0
0
0
0
0
0
0
3
3
2
0
0
0
0
0
0
0
0
0
0
0
4
5
1
6
7
14
18
22
26
20
28
35
34
27
37
39
46
37
31
21
16
10
12
11
8
3
5
2
3
1
0
0
0
1
1
11
6
8
15
11
17
17
16
15
12
11
11
8
13
6
10
6
12
5
4
9
7
8
3
9
12
5
1
0
0
0
2
1
0
0
0
2
0
0
0
2
0
0
0
0
0
0
0
4
0
4
19
0
10
9
5
4
0
0
0
0
0
0
4
8
2
0
2
0
0
1
0
0
0
0
0
0
1
0
4
5
20
16
20
23
18
7
7
6
4
0
1
0
0
5
5
6
12
20
28
44
52
78
86
111
120
172
187
240
350
432
525
627
708
728
758
731
710
659
562
486
373
324
293
237
233
181
105
72
9
3
5
4
3
1
14
24
40
40
57
41
66
95
95
107
116
84
91
100
89
73
50
22
11
4
1
0
4
16
19
2
0
9
23
21
11
7
2
0
0
0
0
0
0
0
0
0
0
0
0
0
0
0
0
2
18
2
0
6
0
0
0
0
0
0
0
0
0
0
0
0
0
0
0
1
22
7
2
0
3
21
7
1
25
59
108
182
254
385
560
676
704
774
744
733
801
799
778
842
866
889
920
979
996
1032
1033
1021
960
1553
821
846
888
941
1022
1118
1069
1093
1044
992
879
759
578
480
425
324
267
248
250
238
260
253
278
323
320
324
319
266
234
184
151
113
71
55
32
18
16
10
41
36
33
50
79
104
120
201
382
450
487
590
611
642
720
738
808
817
821
873
893
895
876
829
820
793
781
742
665
648
554
477
442
361
286
263
277
233
183
152
105
101
75
58
50
54
46
50
44
36
34
42
54
52
45
50
49
44
47
51
64
56
40
41
38
25
22
12
18
18
6
15
9
20
18
32
49
49
78
91
111
172
151
133
149
95
91
84
58
60
37
8
7
6
1
1
1
0
0
7
20
30
56
79
172
200
192
281
213
231
208
162
133
124
99
82
64
48
31
24
39
28
34
39
45
55
45
52
55
46
88
106
118
156
210
227
257
290
291
275
258
244
217
210
183
167
134
106
91
78
66
60
43
20
19
23
9
0
0
0
0
0
0
0
0
6
29
1
3
10
3
0
0
0
0
0
0
0
0
1
0
0
0
0
0
0
0
0
0
0
0
1
1
4
8
7
34
21
5
0
6
7
4
0
2
9
13
20
12
32
34
34
74
94
143
232
312
394
441
487
501
517
509
477
426
424
416
425
467
508
483
411
340
293
340
384
509
530
636
757
846
971
1033
1167
1217
1243
1328
1393
1411
1443
1510
1538
1583
1583
1525
1427
1243
1065
895
753
570
444
333
190
87
86
96
178
247
348
389
507
537
571
628
698
679
613
606
641
712
733
673
590
482
428
363
341
301
264
161
78
60
16
20
40
23
0
4
32
44
62
109
95
103
156
213
313
330
401
412
477
504
490
473
451
431
418
388
330
295
237
169
118
89
50
39
7
2
5
0
20
19
39
42
47
54
62
51
55
60
77
58
65
61
77
71
71
66
60
58
60
64
56
51
49
46
59
52
46
55
49
36
55
50
58
72
67
65
86
88
103
141
152
167
186
201
174
199
181
144
90
85
72
45
37
25
33
86
160
238
288
238
185
181
203
280
349
413
530
599
723
799
842
708
645
605
527
449
423
345
224
149
74
55
39
16
9
22
45
58
61
70
77
95
109
123
110
113
83
69
32
27
4
0
0
0
0
27
18
0
14
3
2
0
0
0
0
0
0
0
0
0
0
0
0
0
0
0
0
1
25
2
2
0
7
3
8
3
9
1
6
6
1
10
8
10
1
9
11
12
22
23
24
30
14
16
9
2
3
18
0
0
1
3
1
0
0
0
0
0
5
0
1
2
3
4
4
6
1
8
13
8
6
7
5
7
10
14
16
18
9
14
11
8
6
5
0
0
0
0
1
0
0
15
11
0
2
5
1
0
0
0
1
0
0
0
0
0
0
0
8
16
61
177
301
354
338
315
316
292
315
289
245
250
231
212
220
232
186
162
137
119
79
68
36
18
1
0
0
0
0
0
0
0
0
0
0
0
0
0
0
0
0
0
0
0
0
0
0
0
0
0
0
0
0
0
0
0
7
105
225
321
391
448
448
423
365
290
198
114
83
82
42
31
25
11
0
0
0
1
2
3
7
4
3
3
7
10
22
1
13
59
116
127
120
85
65
23
8
1
2
5
2
18
37
25
18
17
8
10
14
4
3
0
1
0
0
0
0
0
4
0
0
0
0
0
1
0
1
0
0
0
7
12
28
42
23
20
5
1
0
0
0
0
0
0
0
0
0
0
0
0
0
0
0
0
0
2
0
0
0
0
0
0
0
0
8
15
9
2
0
0
0
0
0
5
15
20
13
7
14
0
1
7
0
2
0
1
0
25
22
16
6
4
7
12
33
25
20
16
3
0
15
17
0
3
10
8
1
15
20
36
38
46
67
105
127
148
188
202
179
175
167
202
212
243
289
304
362
428
472
491
521
547
543
543
506
408
335
248
193
211
250
356
448
568
663
769
826
925
945
1007
1035
1089
1154
1175
1220
1224
1242
1241
1273
1209
1182
1117
1005
910
786
692
562
378
301
275
386
516
604
744
926
1331
1807
2263
2630
2937
3268
3443
3567
3572
3353
3217
3379
3752
4062
4229
4324
4141
4239
4093
3779
3218
2136
2024
1940
1640
1549
1849
2374
2809
3314
4397
4883
4664
4272
3655
3292
3002
2753
2830
2682
2495
2221
2191
2312
2714
3039
2657
2199
1660
1139
1110
1168
1053
1061
962
618
543
614
530
831
1062
1160
1170
1121
1186
1205
1099
957
927
1060
1144
1344
1418
1649
1807
1729
1410
1135
1373
1483
1494
1528
1431
1265
1222
1170
1155
987
1026
913
780
693
524
412
408
591
878
954
928
957
887
967
1090
1190
1100
1052
937
813
624
391
316
272
215
213
216
256
310
359
416
538
715
738
684
643
614
514
409
360
295
284
317
425
598
904
388
331
458
584
695
698
675
691
713
765
680
582
646
858
845
628
435
272
229
138
79
95
127
134
142
154
198
269
375
440
485
505
469
399
180
272
411
595
721
806
921
966
974
979
1120
1201
1380
1504
1647
1786
1680
1481
1478
1378
1265
1151
1136
1265
1419
1431
1547
1601
1603
1496
1410
1397
1227
918
554
475
416
510
553
598
624
675
722
787
784
737
645
552
455
399
432
482
527
545
497
419
532
721
823
982
1132
1279
1355
1316
1253
1243
1160
1169
1306
1346
1452
1511
1421
1391
1361
1305
1281
1236
1204
1200
1097
1055
853
722
636
542
481
485
469
400
465
362
350
246
212
168
154
124
73
61
107
131
165
201
293
320
283
320
316
419
760
1024
1383
1583
1407
1089
726
306
493
562
677
603
433
324
413
427
357
315
226
204
182
143
96
19
11
49
111
192
312
463
619
701
583
510
320
239
330
469
494
466
331
264
266
309
383
529
598
657
705
672
656
700
586
452
552
605
575
596
524
578
500
502
578
615
604
651
631
597
469
350
332
325
362
377
339
353
259
165
109
114
72
96
126
110
89
83
85
113
104
89
55
37
36
48
44
42
74
118
198
287
397
465
551
750
844
738
725
857
897
812
635
565
623
558
479
674
921
1447
2005
2680
2926
2892
2737
2873
3392
3588
3149
2946
2857
2713
2583
2551
2516
2714
2885
2883
2642
2510
2563
2790
2840
2458
2398
2688
3044
3131
2904
2648
2184
1614
1011
828
1000
1071
1195
1324
1301
1213
1117
1058
1001
944
926
946
953
826
769
687
647
660
690
745
859
978
1143
1417
1680
1800
1823
1551
1294
1088
1045
1172
1144
1010
752
1013
1110
1104
1100
993
697
545
490
513
489
478
624
712
815
728
561
571
968
1390
1745
1937
1898
1800
1544
1069
1252
1408
1533
1499
1428
1330
1191
1079
863
692
679
656
673
879
1035
992
971
817
915
1286
1754
1966
1934
1921
1644
1692
2083
2279
2499
2458
2276
1994
1613
1522
1761
1754
1711
1795
1709
1380
1464
2087
2276
2140
1784
1203
1044
872
634
733
1056
1398
1667
1856
2028
2043
2461
3065
3342
3422
3297
3162
2659
2060
2059
2134
2173
2164
2212
2191
1888
1804
2302
2348
2412
2586
2329
1717
1653
2340
2802
2809
2515
2176
2035
1997
2078
2050
1551
1555
1546
1558
1466
1290
1183
1035
978
987
1103
1156
1108
1085
994
856
858
754
730
997
1092
1292
1504
1804
2157
2444
2518
2507
2404
2114
1867
1818
1976
1808
1285
747
838
943
951
936
782
696
679
648
675
627
675
813
664
832
1097
1101
906
697
788
1374
1318
1222
997
799
687
743
574
314
393
579
652
666
604
751
1035
1257
1325
1414
1467
1493
1312
1119
731
690
632
573
642
825
1099
1207
1384
1447
1438
1273
1041
910
921
601
466
388
360
353
298
180
138
182
275
315
281
247
237
272
346
298
217
68
66
156
166
131
148
167
197
204
135
121
73
104
174
208
193
212
217
193
185
165
141
102
89
62
24
14
16
16
13
4
3
8
19
2
13
19
20
27
14
8
13
7
16
34
33
37
13
13
34
43
40
34
29
41
61
48
36
35
27
53
68
80
81
56
26
39
58
96
96
118
92
62
32
5
4
19
39
65
76
80
95
107
111
116
104
89
73
45
48
37
22
7
25
98
120
139
202
426
795
1177
1423
1542
1597
1624
1532
1437
1413
1261
994
958
1006
809
567
408
420
395
315
241
191
184
249
356
466
463
418
266
549
787
864
612
464
810
970
971
767
668
634
572
628
595
549
473
341
266
190
185
178
137
115
110
114
146
126
108
102
77
91
123
106
72
59
43
33
44
39
56
57
60
44
35
21
18
35
44
34
77
237
482
1019
1712
2134
2317
2339
2439
2600
2842
3195
3332
3266
2751
1867
1271
1956
2404
2528
2295
1937
1656
1767
2210
2374
2420
2405
1600
1683
1880
2061
2274
2414
2197
2094
1726
1347
1208
1097
1165
1167
1206
1303
1586
1791
1930
1830
1763
1910
2519
3130
3536
3394
3459
3568
3387
3223
2876
2369
2618
2775
2826
2854
2704
2550
2210
1970
2099
2719
3562
4169
4332
4631
4466
4201
3518
3628
3713
3618
3414
3199
2992
2824
2793
2723
2767
2463
1996
1515
930
816
820
996
1227
1278
1189
1184
1158
1109
1003
1150
937
685
767
1036
1076
1024
949
840
664
404
190
186
237
285
317
354
349
395
317
100
42
95
132
107
134
127
132
250
268
140
121
196
175
196
227
196
191
241
280
230
149
111
94
64
50
75
170
234
327
383
323
219
169
132
53
22
18
28
37
68
69
77
45
7
58
88
68
48
20
17
23
35
34
13
1
0
2
15
32
12
4
1
7
8
21
19
12
11
19
18
9
6
1
5
20
26
22
27
12
7
10
13
5
3
5
15
8
1
2
7
3
1
14
50
77
69
73
66
22
1
6
6
11
43
24
14
31
36
36
59
131
200
218
188
137
80
37
31
21
15
17
18
8
7
17
79
283
676
1182
1821
2308
2453
2419
2410
2648
2550
2116
1876
1901
1868
2274
2063
1976
1690
1573
1318
2200
1332
1486
1488
1351
1216
1156
1126
1125
1155
1379
1580
1636
1531
1350
1079
781
687
710
634
574
550
545
564
549
587
637
603
543
475
435
395
388
434
425
431
478
429
334
299
358
402
399
489
609
680
784
840
849
773
764
776
816
797
813
776
718
707
667
632
578
519
433
348
227
202
216
427
772
1037
1326
1658
1631
1440
1176
983
706
878
969
822
343
481
766
770
594
651
771
877
841
779
580
313
410
547
598
595
608
641
628
700
797
862
972
1069
1178
1111
878
694
525
543
572
597
686
851
1001
1266
1378
1177
1057
993
645
438
408
458
558
728
891
1054
1182
1206
1094
965
887
902
928
860
840
765
648
573
495
430
417
444
404
274
184
165
154
147
206
181
249
244
282
280
266
294
214
187
156
169
190
198
141
105
41
38
10
23
31
75
97
118
113
137
117
116
119
105
116
133
139
139
131
147
185
186
202
231
194
218
210
275
542
906
1275
1354
1217
1080
1004
917
796
708
721
857
833
731
626
585
478
446
504
552
566
576
607
610
710
866
1216
1765
2083
2261
2309
2044
1832
1873
1850
1658
1627
1464
1117
910
791
740
616
487
327
214
115
150
234
183
233
160
157
190
190
195
239
305
381
421
490
539
546
501
436
355
280
242
218
172
162
182
201
225
278
309
357
548
708
1013
1241
1268
1085
820
575
444
450
426
446
411
376
431
517
475
430
470
537
571
559
481
448
309
250
307
360
382
357
292
197
111
115
83
85
87
52
29
27
9
18
13
3
8
11
14
26
29
18
9
8
37
50
51
44
42
14
6
10
13
4
0
2
8
7
23
62
233
470
615
712
846
975
1103
1187
1107
989
849
746
608
397
249
143
103
85
81
79
60
42
26
18
16
31
161
393
666
1019
1317
1564
1695
1811
1904
1621
1554
1585
1625
1765
1836
1700
1540
1577
1695
1739
1670
1604
1548
1687
1742
1785
1449
1295
1040
675
809
752
717
727
728
760
866
983
1087
1081
970
648
1171
1289
1405
1668
1791
2003
1971
2012
2245
2274
2366
2281
2044
1809
1528
1308
1077
786
565
472
339
262
311
346
293
351
400
536
645
1038
1368
1598
1699
1779
1853
2178
2382
2376
2124
1616
1651
1504
1226
955
857
641
618
526
497
506
627
799
822
852
819
753
684
571
516
456
340
221
230
229
245
102
267
284
202
393
498
386
342
394
543
796
915
853
649
495
559
650
702
632
519
391
334
323
361
383
402
352
326
439
173
190
213
249
272
285
250
234
218
305
401
451
478
459
440
464
462
416
434
437
766
1230
1720
1948
1958
1678
1261
1061
786
691
667
492
419
390
381
316
193
122
55
31
7
16
26
22
11
0
3
16
19
23
16
14
8
1
1
0
0
0
2
9
6
15
2
2
0
1
0
0
1
5
58
178
269
429
524
540
514
646
774
929
978
775
488
261
266
269
253
249
214
286
431
551
613
616
568
478
369
164
240
339
465
573
661
703
734
673
623
520
446
203
450
641
719
774
861
878
955
918
923
887
884
904
897
930
888
770
695
699
759
765
750
611
311
132
211
307
395
518
595
685
791
1023
1218
1307
1236
1148
911
624
486
451
324
354
278
210
157
58
5
15
46
73
71
81
77
79
71
70
64
74
60
60
68
111
145
216
350
445
526
596
688
817
895
1004
1034
943
877
793
716
646
595
508
474
436
308
224
198
249
276
307
276
223
171
171
150
96
63
43
43
77
106
119
94
80
112
166
205
204
189
203
217
159
57
152
250
350
386
410
424
467
524
636
689
703
763
905
1010
853
589
290
220
223
240
275
313
323
308
293
281
229
226
177
149
149
172
186
185
187
189
193
191
177
187
172
162
150
98
74
52
53
51
58
54
63
65
32
11
9
4
7
10
10
5
1
12
23
35
39
50
49
47
45
41
43
33
28
13
10
10
9
15
21
24
32
38
41
36
25
17
166
337
837
1333
1166
1024
707
682
679
667
647
576
430
304
239
173
108
111
138
136
65
83
173
226
168
65
38
36
76
107
142
224
317
243
252
197
242
208
212
170
145
96
115
114
82
92
107
82
86
57
78
64
74
37
25
26
6
0
3
2
0
0
1
0
1
1
2
1
1
2
0
4
0
0
2
0
0
0
1
6
11
11
9
5
10
11
2
13
2
4
0
0
0
0
0
0
0
0
3
12
0
0
0
6
2
0
0
0
0
0
0
0
0
0
0
0
0
1
2
5
2
2
0
0
0
0
0
0
0
0
0
0
0
0
1
0
0
0
0
0
1
14
4
0
0
5
3
4
10
9
7
8
3
6
2
6
2
4
0
1
0
0
0
0
1
0
0
0
0
1
1
0
0
0
0
11
3
0
2
1
0
0
0
0
0
0
0
0
0
0
0
0
4
0
0
0
0
0
0
0
0
0
0
0
0
3
1
0
0
0
0
0
0
0
0
0
0
0
0
0
0
0
0
7
13
29
13
105
272
419
454
593
724
866
839
873
889
831
710
551
536
543
550
517
464
492
450
356
233
66
25
41
54
36
33
47
58
63
80
155
240
248
296
341
454
581
613
559
472
347
270
203
180
112
18
47
58
103
152
165
214
306
364
346
231
66
8
6
4
1
0
1
3
0
4
22
4
6
54
90
105
61
22
18
12
4
2
2
4
2
2
0
3
6
2
3
9
33
52
43
61
76
110
124
96
51
9
26
47
33
57
53
39
14
11
7
9
8
19
13
0
0
14
4
15
42
46
34
36
7
0
0
0
1
0
2
0
2
0
0
1
2
0
0
8
5
1
6
7
4
1
3
0
3
3
8
42
149
296
344
316
209
211
342
477
500
565
659
675
699
706
762
902
1088
1193
1247
1460
1556
1627
1687
1740
1893
1948
1953
1901
1709
1518
1505
1442
1317
1140
1077
758
914
1005
1029
1077
1100
962
786
618
495
557
684
698
686
654
709
804
759
911
1034
1173
1381
1510
1545
1571
1479
1134
886
931
1207
1314
1262
929
616
525
627
658
500
464
574
701
754
911
894
734
487
276
235
228
186
103
22
65
107
242
316
278
238
210
115
114
148
149
123
35
32
108
177
139
124
106
43
11
14
23
49
42
27
24
7
9
0
26
111
177
170
190
222
241
205
172
167
139
97
52
92
148
148
97
72
44
43
45
52
25
32
33
45
59
60
92
134
124
28
7
27
32
12
16
18
5
0
0
0
0
3
3
6
1
0
0
3
5
2
7
13
1
0
0
0
1
5
0
9
28
9
7
9
3
0
1
3
0
0
0
0
0
0
1
0
0
0
21
54
84
101
118
118
103
112
128
135
116
107
79
70
30
32
53
74
63
51
73
86
46
53
81
92
83
79
59
34
16
7
0
2
1
0
0
1
4
14
45
10
3
13
17
9
2
4
10
19
27
36
60
76
124
173
150
148
150
132
155
144
180
209
233
188
123
102
107
84
63
44
30
23
13
3
1
1
0
1
0
0
9
6
14
20
20
19
26
30
33
27
23
12
1
4
6
4
2
0
0
0
0
0
0
2
4
1
11
28
21
61
100
91
147
212
266
354
948
495
530
557
656
655
676
673
629
693
800
700
606
512
432
348
327
333
366
366
323
305
346
331
266
263
261
271
277
300
306
350
333
341
344
381
366
415
350
407
412
419
419
369
320
268
230
159
124
100
122
134
138
117
63
10
59
126
177
204
187
117
93
28
13
0
3
3
10
13
15
14
34
55
80
108
148
186
194
202
172
166
177
194
196
206
203
257
361
426
449
468
473
464
464
422
367
314
236
241
227
175
154
101
74
41
87
138
148
35
9
24
58
70
60
62
64
82
84
94
82
79
100
98
99
84
81
101
94
98
117
139
202
274
414
542
690
722
803
830
813
795
657
448
236
204
215
182
178
181
188
174
140
129
108
108
127
138
144
167
270
366
434
497
515
458
371
239
261
378
397
431
480
496
446
405
432
441
433
456
442
347
209
101
97
101
97
93
69
56
30
25
27
22
11
7
3
0
26
60
70
83
88
70
55
48
37
62
65
46
10
17
34
31
68
112
107
61
21
24
59
93
78
50
42
36
39
59
63
74
107
124
135
161
158
175
173
147
129
105
63
22
27
38
42
35
39
67
117
188
219
259
303
317
289
274
241
202
134
71
61
62
96
121
104
75
62
65
80
99
137
139
142
125
112
82
51
23
2
0
0
0
0
0
0
0
0
0
0
0
3
8
0
0
0
0
0
0
0
1
5
5
18
28
27
16
3
9
7
1
7
18
6
9
16
25
32
35
36
27
8
5
3
1
4
1
1
1
0
1
0
1
0
0
0
2
10
13
20
17
12
3
7
4
7
1
0
10
7
3
0
4
0
0
0
0
0
0
0
0
0
0
0
1
1
3
0
0
0
0
1
1
4
27
52
73
144
302
461
563
528
489
427
377
295
200
122
67
18
11
9
5
1
9
4
5
10
32
43
53
47
53
31
11
3
0
0
0
0
0
0
0
1
13
5
0
0
0
0
0
0
0
0
0
0
2
5
5
1
3
1
0
0
1
0
0
0
0
0
0
0
0
0
0
1
0
9
27
27
27
14
7
0
0
5
4
1
3
17
30
33
18
0
0
5
10
15
5
2
0
0
0
0
0
1
5
11
26
48
48
41
45
75
62
37
19
16
25
32
19
29
25
40
39
38
32
46
20
21
21
222
51
69
71
91
136
192
232
313
408
439
395
271
163
129
102
87
129
103
111
138
165
230
365
404
541
647
754
752
745
674
710
672
640
637
523
483
443
344
339
457
513
607
621
624
648
626
594
509
456
358
241
85
25
66
119
158
139
168
168
191
180
139
107
56
34
30
47
71
94
77
36
25
38
54
76
101
137
102
86
135
150
133
127
152
142
143
116
103
105
85
87
115
63
34
29
28
38
26
32
15
25
65
42
14
10
5
6
12
2
3
3
3
29
10
55
112
193
182
126
97
37
43
68
68
63
53
64
61
33
4
1
0
16
14
1
8
37
59
50
62
91
108
86
83
46
30
6
17
17
59
74
85
72
43
72
70
118
195
275
348
458
634
730
707
661
629
562
533
506
410
408
440
420
384
243
110
57
58
111
129
170
246
299
364
394
458
461
432
479
499
453
407
434
438
379
341
340
315
295
312
315
283
267
277
285
274
293
256
237
260
240
167
119
79
60
48
18
11
19
32
26
37
62
90
99
125
111
76
48
36
34
4
0
0
5
11
30
20
39
18
9
12
4
24
6
0
0
0
8
12
3
1
5
8
12
102
261
434
544
561
549
508
468
674
831
864
683
541
369
276
270
210
128
139
94
58
50
85
71
107
165
171
153
161
188
178
238
350
516
789
973
1068
1051
951
724
509
440
474
540
702
784
862
890
779
650
531
443
317
231
191
127
140
240
289
294
253
204
179
162
122
81
44
6
22
78
121
140
168
158
150
108
83
50
14
0
2
14
52
62
25
18
24
11
13
5
1
1
1
5
15
28
56
68
85
100
101
88
55
48
36
51
52
26
16
14
7
10
18
14
21
11
24
36
55
43
37
34
7
6
10
5
2
5
1
0
0
0
0
0
0
0
2
0
0
0
0
0
0
5
4
22
16
31
31
14
13
3
14
16
17
24
10
26
35
13
5
10
39
24
25
24
13
6
2
6
4
14
34
87
109
57
17
8
0
1
18
33
88
207
276
164
6
73
72
56
62
71
59
72
71
105
123
130
109
45
58
151
155
167
209
191
149
115
88
45
38
40
29
69
137
183
141
137
102
71
16
51
41
25
8
10
25
47
48
44
25
19
68
71
71
28
22
13
28
21
11
22
22
17
15
0
1
7
17
20
25
23
24
9
9
27
36
34
23
17
20
21
12
17
14
11
10
5
0
0
7
31
15
25
34
31
50
70
58
33
22
13
3
0
14
43
78
109
121
97
58
40
30
27
18
16
22
23
24
12
0
7
5
1
0
1
6
38
40
17
0
1
0
0
0
0
0
0
0
0
0
0
0
0
0
0
0
0
0
0
0
0
0
0
0
0
0
0
2
0
1
1
0
0
0
2
2
0
0
1
0
0
1
7
7
0
1
8
12
0
3
5
2
0
0
0
2
2
0
1
4
21
52
32
2
0
0
0
3
1
5
30
64
68
43
17
13
17
39
32
9
8
6
34
25
7
7
4
4
0
1
1
1
0
3
1
1
3
2
7
24
16
7
5
0
0
0
0
3
1
2
2
3
1
0
0
1
8
15
29
22
22
5
17
9
31
44
52
34
38
3
0
1
13
8
4
4
16
19
21
29
28
29
30
32
20
9
0
2
2
4
10
5
7
16
31
57
56
57
39
25
8
30
54
55
49
45
41
35
45
27
7
9
6
18
44
54
58
71
83
76
66
50
41
16
6
0
0
0
0
0
0
0
5
6
4
2
0
1
0
0
1
2
0
0
0
0
0
0
1
0
2
2
6
15
32
48
55
74
89
90
117
124
138
113
88
103
173
138
104
98
104
78
52
41
36
29
85
81
25
27
19
21
40
39
22
27
19
19
10
14
9
5
3
17
27
5
2
2
7
10
17
30
7
6
1
0
14
4
11
18
17
35
78
237
355
447
578
703
902
1116
1240
1339
1420
1499
1504
1358
1142
908
685
489
405
466
417
202
297
374
348
339
269
185
85
41
17
18
25
28
16
29
40
77
130
245
363
393
339
305
360
660
944
900
496
895
1003
876
766
682
426
285
218
175
146
119
69
17
11
18
36
78
97
115
132
151
152
143
169
145
144
127
113
90
83
98
107
151
186
211
261
409
546
708
869
1007
1151
1396
1591
1621
1847
1746
1337
1593
1513
1084
886
755
577
349
250
312
441
593
817
1094
1266
1426
1404
1393
1198
1314
1149
1103
988
838
706
563
446
391
331
275
223
152
113
76
70
37
24
17
27
34
19
18
20
16
4
4
1
14
10
5
7
8
12
21
32
49
72
76
94
93
101
105
110
234
416
867
618
570
618
800
1025
675
750
872
871
922
871
894
965
950
753
688
554
523
542
508
431
302
204
208
218
225
278
297
315
283
252
245
210
175
172
144
118
93
57
36
30
21
26
115
341
515
650
724
689
582
511
762
1274
1518
1405
928
1143
1170
1245
1303
1280
1267
1222
964
1063
1055
1106
1124
928
656
741
776
853
964
1226
1400
1567
1667
1631
1711
1761
1854
1877
2017
1783
1690
1426
1411
1555
1592
1710
1813
1917
2228
2292
2200
1679
740
1017
1222
1178
1106
1061
891
785
667
579
549
631
651
591
571
797
1006
836
693
537
486
627
658
681
638
712
1097
1852
2513
2727
2450
1800
1182
729
337
537
571
313
173
255
271
237
299
473
865
1332
1531
1796
2001
2127
2049
2005
1946
1684
2168
2227
2168
2175
2405
2455
2128
1848
1704
1699
1542
1684
1857
1833
1777
1717
1508
1322
1348
1274
1092
1181
1212
915
978
1115
1256
1251
977
544
146
359
655
812
800
684
482
333
211
134
197
312
371
389
391
413
371
449
535
563
522
582
603
719
826
822
849
920
943
1002
1013
1030
983
1007
937
810
742
731
701
687
763
754
581
572
767
841
871
841
663
530
556
687
934
1047
1050
1185
956
595
582
509
431
452
384
307
268
240
181
129
92
127
134
168
162
115
99
46
50
168
475
920
1444
1898
2076
2132
2306
3103
3648
3536
3434
3403
3394
3114
2658
2480
2418
2371
2380
2322
2239
2218
2171
2130
2263
2340
2264
2266
2257
2409
2338
2306
2172
2146
2054
1722
1233
1072
692
609
465
622
890
1128
1241
1240
1206
1226
1227
1211
933
603
1134
1616
1801
1887
1808
1421
848
837
902
998
1232
1537
1851
1885
1792
1523
1768
2042
2422
2743
2813
2802
2615
2300
1714
722
767
1263
1936
2730
3413
3776
3926
3835
3632
3449
3087
2698
2291
1821
1860
2141
2356
2645
2702
2818
2949
2821
2304
1885
1759
1896
1756
1611
1610
1633
1613
1732
2088
2457
2865
3230
3390
3523
3506
3457
3249
2976
2661
2386
2250
2274
2677
3134
3665
3931
3994
4203
3933
2916
2178
1971
1512
1201
831
692
695
808
969
1196
1316
1374
1546
1514
1494
1392
1266
1158
997
976
1001
985
985
939
1980
1060
1143
1264
1456
1575
1514
1422
1549
1649
1653
1631
1723
1591
1517
1234
1024
1122
908
808
765
705
574
492
417
494
605
620
564
631
714
1242
1503
1585
1507
1311
1082
1161
1428
1653
1861
1858
1649
1440
1615
1859
2136
2012
1951
2386
2393
2323
2011
1466
992
785
574
534
427
310
291
315
303
318
389
427
553
689
878
1002
1198
1205
1390
1757
2165
2474
2239
1964
2056
2282
2226
2034
1825
1968
2570
1262
1067
1086
857
703
569
425
377
411
408
378
387
403
514
719
908
1140
1084
711
454
636
768
886
852
742
616
475
402
361
383
422
383
330
316
348
453
570
724
968
1152
1278
1383
1631
1838
1999
2076
2331
2556
2162
1576
1796
1381
1285
1250
861
269
208
429
439
435
347
379
476
481
393
338
284
145
92
166
318
461
537
642
813
994
1133
1200
1417
1585
1859
1887
1779
1716
1616
1576
1490
1663
1839
2097
2283
2139
1747
1400
1091
860
624
495
594
781
754
719
646
640
723
731
755
805
844
922
1026
1217
1541
1811
1931
1978
1923
1804
1629
1438
1260
1126
964
860
783
610
485
443
397
363
420
586
649
728
969
1251
1581
1870
2065
2199
2255
2314
2396
2397
2308
2265
2167
2230
2095
1928
1701
1117
1150
836
685
533
365
355
400
508
674
908
987
999
915
933
922
1178
1459
1495
1508
1399
1078
519
394
255
290
431
446
412
233
185
251
283
251
177
141
130
82
62
65
112
262
520
758
923
927
815
543
481
452
369
239
132
75
59
75
96
132
119
125
142
159
174
202
214
199
273
384
590
869
1296
1629
1731
1618
1395
1257
1419
1380
1493
1511
1420
1211
1785
2023
2157
1752
1623
1536
1084
660
786
930
1020
848
755
786
849
839
728
750
741
677
647
580
505
425
397
365
353
333
353
411
452
603
607
615
584
540
494
627
926
1035
1159
1081
964
794
656
576
447
261
237
218
278
310
359
483
656
921
1395
1824
1991
2400
2876
3297
3929
4057
3360
2737
2336
1793
1268
1564
1526
1399
1267
1173
1137
1060
832
598
305
414
747
943
1046
1084
941
935
848
754
676
418
418
628
656
574
481
477
511
544
432
388
332
236
169
94
11
1
70
131
196
224
213
221
180
162
140
114
58
3
7
108
384
639
789
1037
1250
1378
1367
1492
1683
1799
1525
1299
1049
868
705
606
513
460
370
343
301
274
239
180
165
149
92
50
45
61
91
153
204
288
299
337
384
406
397
359
242
85
11
15
34
34
28
7
16
8
13
17
27
29
34
28
28
31
31
25
27
23
19
14
11
5
5
0
19
102
233
344
496
593
614
630
650
526
446
339
236
111
65
39
11
15
31
28
11
15
18
16
23
9
3
2
0
1
2
0
4
16
20
0
0
0
3
1
1
14
17
27
43
64
70
63
40
32
29
37
80
162
242
353
401
325
330
384
465
492
467
239
378
556
716
852
985
1084
1116
1208
1279
1215
1104
866
402
618
836
379
331
427
492
456
430
362
342
319
288
225
212
179
180
172
157
158
160
130
114
107
146
196
275
385
484
635
733
804
880
968
979
1015
998
719
742
747
461
469
399
306
231
155
129
146
133
147
141
136
144
139
152
177
210
252
304
292
233
189
146
134
153
132
157
150
116
94
80
68
54
56
44
26
7
13
8
15
17
24
23
10
2
7
12
22
30
42
57
100
92
117
141
132
118
96
96
77
41
12
0
15
28
27
32
26
31
49
46
46
51
38
29
30
24
12
20
95
242
677
1058
1464
1600
1868
2010
2042
2036
1960
1782
1635
1364
1184
1279
1346
1344
1648
1934
2293
2561
2686
2776
2855
2868
2467
2414
2192
1971
1703
1416
1655
1838
1904
1873
2184
1839
1104
710
1157
1319
1511
1597
1534
1596
1638
1732
1825
1657
1330
980
1088
1441
1705
1927
1876
1776
1681
1428
1359
1289
1467
1530
1482
1440
1147
1001
1078
1261
1352
1368
1391
1261
1153
1374
1564
1868
1932
1964
1727
1271
804
513
485
609
830
934
939
837
767
636
568
646
728
773
886
1024
1212
1439
1494
1640
1761
1913
1937
2148
2213
2268
2187
2030
1796
1602
1625
1501
995
1081
936
520
452
288
253
351
460
494
648
727
698
460
576
705
704
607
558
570
534
487
493
501
500
532
579
630
681
693
534
433
424
486
567
631
662
599
581
669
720
692
645
723
753
875
1097
1355
1371
1182
903
529
394
472
624
773
880
959
1145
1186
1304
1237
960
604
829
1146
1278
1319
1279
1238
1249
1262
1328
1541
1860
2173
2469
2887
3555
4115
4273
3798
3189
2874
2303
2580
2861
3110
3425
3760
4279
4863
5191
5139
4907
4297
3543
2716
2765
2601
2409
2296
1968
1976
2582
2961
3331
3925
4113
4032
4375
4901
5280
5506
5853
6086
5476
4752
4493
4418
4043
3513
3221
3222
2977
2729
2776
2550
2375
2566
2459
2236
2052
1917
1915
1775
1503
1788
2019
2201
2031
1820
1715
1549
1630
1709
1709
1594
1758
1674
1764
1894
1925
1891
1571
1396
1314
1327
1442
1555
1695
1640
1585
1374
1330
1330
1479
1427
1386
1282
1318
1382
994
911
817
857
898
969
1106
1372
2050
2576
2566
2409
2412
2642
2839
3100
3265
3077
2692
2271
2118
1582
1508
1555
1669
1532
1740
1768
1358
1291
1326
1606
1721
1656
1615
1576
1985
2181
2250
2206
2084
1857
1588
1723
1656
1558
1342
1092
1081
1191
1132
1001
800
834
848
943
1012
1055
1099
1050
1158
1289
1388
1415
1540
1316
1264
1279
1066
1113
1222
1324
1282
1017
763
520
447
606
729
779
782
745
880
987
1135
1125
1086
1090
1079
1047
880
859
949
898
775
804
933
1857
1387
1566
1629
1711
1670
1418
1209
1013
867
646
562
494
529
596
700
744
773
793
732
703
765
737
763
711
627
569
463
346
377
674
858
902
864
712
683
796
877
826
567
389
202
107
148
186
230
253
252
245
244
231
219
189
132
179
216
199
156
127
156
137
77
74
174
267
465
807
1065
1547
2060
2381
2227
1819
1547
1509
1654
1563
1404
1502
1443
898
771
818
736
742
676
529
444
522
485
448
382
298
177
102
114
147
111
133
165
188
184
149
134
102
113
133
162
230
325
401
478
515
471
486
543
590
558
462
357
258
126
361
542
618
706
656
680
553
693
827
893
958
1181
1250
1110
1252
1293
1233
1269
1110
761
896
748
685
581
489
579
673
677
623
515
354
369
359
327
292
294
355
428
726
1179
1755
1974
2040
2036
2502
3140
2842
2270
1781
1670
2054
2275
2620
2567
1940
1582
1662
1553
1317
995
917
837
511
278
208
153
124
89
99
120
83
56
121
134
101
102
137
96
104
193
219
231
260
355
308
167
134
133
107
93
108
161
202
214
147
136
252
691
611
283
385
518
691
836
980
1084
1081
1171
1250
1335
1282
1277
1239
1258
1060
662
415
653
883
922
950
796
637
667
737
817
733
726
696
608
506
368
426
549
490
405
448
583
577
526
557
604
609
705
722
584
581
492
443
553
502
348
323
202
350
237
369
531
482
578
734
905
990
1077
1026
1077
1043
1231
1187
1134
1043
839
704
739
865
777
706
657
637
519
586
531
573
644
735
690
629
633
612
618
646
549
395
341
350
287
221
210
177
133
99
79
71
108
133
130
75
50
46
51
78
296
615
875
1030
1183
1170
846
456
286
379
510
667
623
566
367
171
88
52
56
170
209
191
148
99
101
106
106
127
96
89
79
69
63
71
115
149
150
100
51
62
92
92
115
143
145
97
44
7
17
70
80
22
1
10
24
36
74
59
1
31
74
99
61
102
149
111
116
118
79
34
21
22
77
80
74
133
167
164
113
80
72
49
53
91
88
69
40
31
12
9
21
44
36
39
24
18
23
19
12
5
8
7
4
2
3
1
12
28
10
60
117
81
26
14
37
67
42
45
38
30
23
11
4
2
0
1
3
2
0
0
0
2
0
1
0
12
128
459
844
1513
2184
2762
3084
3071
2969
2754
2630
2121
1713
1584
1523
1400
1163
953
610
348
295
343
433
508
543
478
446
428
389
448
483
1332
483
418
440
579
661
625
504
448
618
822
839
993
1163
1036
724
523
414
379
368
419
411
255
123
164
175
185
215
237
256
251
249
247
251
373
374
339
313
294
221
201
125
97
82
62
78
94
125
155
190
263
295
335
345
360
337
300
293
262
192
117
91
63
77
111
163
308
543
660
685
609
635
776
888
1073
1053
937
819
723
869
932
930
929
925
883
756
647
555
466
389
306
198
132
69
22
25
33
59
92
135
406
764
1166
1518
1808
1865
1765
1470
1306
960
1032
1016
826
751
651
574
470
367
346
339
352
358
294
329
394
478
842
1262
1372
1416
1314
1214
1201
1031
897
798
771
842
1086
1292
1407
1519
1578
1484
1405
1212
1010
871
710
710
710
729
829
879
845
961
1070
1034
1023
872
688
508
412
351
284
244
288
489
566
690
714
812
977
1114
1216
1128
1003
872
726
551
417
379
357
363
351
311
214
152
240
279
276
255
229
172
115
32
23
59
129
153
160
143
91
31
42
96
270
571
713
475
245
186
216
320
417
381
341
268
215
193
165
91
62
117
235
237
169
98
1
27
76
116
139
137
111
88
49
22
7
13
14
24
71
97
114
141
119
102
98
130
136
109
102
98
194
427
724
847
947
949
773
571
284
180
150
135
88
64
26
17
18
28
15
17
61
115
207
313
472
562
587
555
466
356
239
173
207
149
71
10
93
39
26
95
115
121
106
84
57
22
14
15
3
1
1
0
24
20
2
9
24
9
4
0
0
0
0
0
2
39
8
6
23
10
1
0
0
0
0
0
4
12
4
0
11
7
0
0
0
0
1
23
26
0
2
10
38
46
62
83
79
73
79
69
59
46
31
21
1
0
0
5
0
0
1
3
0
0
0
2
10
5
5
2
2
22
63
85
116
86
83
86
74
21
41
26
13
4
7
25
21
16
25
18
8
1
0
3
10
8
8
1
1
0
0
1
1
0
0
0
16
15
0
6
6
1
0
0
0
0
0
0
0
1
2
1
1
0
1
1
3
0
0
0
0
0
0
0
0
0
0
0
0
0
0
0
0
0
0
18
0
5
0
0
0
0
0
0
0
0
0
0
6
25
87
94
95
66
46
24
5
18
38
9
11
3
0
0
1
0
0
0
0
0
0
0
0
0
2
7
10
31
9
0
12
18
17
22
15
8
14
5
11
46
103
167
266
371
487
613
709
864
915
970
914
845
723
501
472
456
450
350
289
274
269
269
290
248
175
45
32
78
130
152
162
174
212
230
244
202
131
61
48
35
64
123
142
178
222
294
365
413
463
469
353
91
218
211
181
154
125
78
40
24
18
21
53
111
146
193
229
255
265
275
293
300
306
298
277
263
284
271
250
210
146
94
60
55
58
71
76
74
104
171
268
386
501
578
599
587
546
554
457
384
272
119
84
102
89
75
66
53
33
27
30
21
24
25
20
27
36
54
97
97
63
39
20
20
42
82
114
117
178
377
420
362
372
392
369
294
190
66
37
32
56
91
128
123
138
219
302
443
538
567
488
423
368
340
310
226
176
137
68
34
37
50
62
35
15
6
6
1
0
0
0
0
7
1
0
0
0
0
2
4
1
0
0
3
1
4
25
142
475
801
1251
1366
1410
1146
962
647
598
797
1044
1290
1377
1359
1466
1274
926
1498
1497
1273
1265
1253
1249
1222
1107
1082
906
778
904
787
686
627
670
604
1037
1108
890
940
869
1004
1045
1321
1092
1008
1129
1080
1005
966
927
804
745
623
697
581
558
713
777
799
873
896
982
1042
1093
1058
926
933
819
611
514
500
608
632
560
541
469
431
358
317
329
267
191
126
78
45
24
19
7
4
7
2
5
1
1
2
8
18
32
18
18
7
1
0
0
0
0
0
0
0
0
0
0
0
0
0
0
0
17
8
0
7
4
2
0
0
0
0
0
0
0
0
0
0
0
0
0
0
0
0
0
0
0
0
0
0
0
0
0
0
0
0
0
0
0
0
0
0
0
0
0
0
0
0
0
0
0
0
0
0
0
0
0
0
0
0
0
0
3
1
0
2
0
0
2
3
1
0
0
6
1
2
6
17
1
6
5
0
0
1
2
4
2
0
0
1
4
0
0
0
0
0
0
0
0
0
0
0
0
0
0
0
2
3
2
0
0
0
0
0
0
0
0
0
0
0
0
0
0
0
0
0
0
0
0
0
0
0
0
0
0
0
0
0
0
0
0
0
0
20
17
3
4
7
3
8
5
4
4
8
11
9
10
11
13
5
9
0
3
0
1
0
0
0
0
0
0
0
0
0
0
0
0
0
0
0
0
0
0
0
0
0
0
0
0
0
0
0
0
0
9
1
11
7
7
7
7
15
19
63
39
29
74
161
268
414
610
744
837
896
940
956
2319
984
795
608
503
384
315
249
188
178
147
135
93
60
39
8
2
7
10
12
5
2
0
1
2
9
7
9
11
13
1
4
0
2
0
2
0
0
0
0
1
0
0
0
0
0
1
0
0
0
1
1
2
1
1
2
2
5
2
5
13
2
5
2
0
0
0
0
0
0
0
0
0
0
0
0
2
1
4
6
12
3
1
8
6
0
2
2
0
0
0
0
0
0
0
0
0
0
0
0
0
0
0
0
0
0
0
0
0
0
0
0
0
0
0
0
0
2
4
2
2
0
0
0
0
0
3
1
0
0
0
0
0
0
0
0
3
6
1
78
280
621
871
1038
1123
1043
901
666
417
249
147
74
63
43
18
31
9
0
1
0
0
0
2
0
0
0
12
37
1
10
16
4
1
0
0
0
1
0
0
0
0
0
8
23
0
0
19
63
110
123
90
39
5
30
113
149
178
167
156
109
29
32
82
112
143
117
73
52
38
58
96
90
80
35
3
0
4
2
2
2
8
1
2
0
19
32
0
1
8
12
3
0
0
0
0
0
0
0
0
0
0
0
0
0
0
1
0
0
1
0
26
13
0
0
5
10
5
0
0
0
0
0
0
0
0
0
0
0
0
0
0
0
0
0
0
0
0
0
0
0
0
0
0
0
25
15
0
4
10
9
2
2
1
1
1
0
1
0
1
0
0
0
0
0
1
0
0
0
0
0
0
0
0
0
1
1
1
2
24
9
13
25
166
260
368
444
474
482
489
494
490
446
433
378
349
279
227
126
85
27
18
34
76
86
57
40
18
11
37
116
290
460
589
676
809
840
680
397
197
116
110
114
158
189
160
19
1
29
82
60
35
11
20
64
39
3
11
18
29
53
16
21
30
10
1
9
28
36
31
36
47
54
91
97
73
46
45
55
70
36
21
12
45
1
3
10
7
1
0
0
0
0
2
0
6
4
9
2
3
0
1
0
0
0
0
0
0
0
0
0
1
36
1
40
89
81
44
6
0
0
0
0
0
0
0
0
0
0
0
0
0
0
0
0
0
0
0
0
0
1
0
0
0
0
0
0
0
0
0
0
0
0
0
0
0
0
0
0
0
0
0
0
0
0
13
20
0
9
8
2
0
0
0
0
0
0
0
0
0
0
0
0
0
0
0
0
0
0
0
0
8
20
5
0
4
10
7
3
0
0
0
0
2
2
0
3
2
4
0
2
0
1
0
0
0
0
0
0
0
0
0
0
0
0
0
0
0
0
0
0
0
0
0
0
0
0
4
12
0
0
3
3
0
0
0
0
0
0
0
0
0
0
0
0
0
2
1
0
0
0
0
0
0
0
0
0
0
0
0
0
0
0
0
0
0
0
0
0
0
0
0
0
0
2
12
4
1
1
4
2
0
0
0
0
0
0
0
1
1
0
0
0
0
0
0
0
0
0
0
0
14
15
0
5
4
7
1
5
0
2
4
1
1
0
2
2
0
0
0
2
0
2
1
1
0
0
3
15
7
0
0
10
12
5
1
0
0
1
3
6
20
30
42
31
28
19
15
26
20
31
33
36
22
20
17
7
4
2
4
3
9
10
7
8
6
1
0
0
0
0
0
0
0
9
6
0
2
5
3
1
0
0
0
0
0
0
0
0
0
0
0
0
0
0
0
0
0
0
0
0
0
10
3
0
0
2
1
0
0
0
0
0
0
0
0
0
0
0
0
0
0
0
0
0
0
0
0
0
0
0
0
0
0
0
0
0
0
0
0
0
0
0
0
0
0
0
0
0
0
0
0
0
0
0
0
0
0
14
4
0
3
3
1
0
0
0
0
0
0
0
0
0
0
4
4
10
8
4
4
1
4
3
3
0
1
0
4
1
0
0
0
12
12
0
0
2
2
1
0
0
0
0
0
0
0
0
0
1
0
0
0
0
0
0
0
0
0
0
0
0
0
0
0
0
0
0
7
17
1
0
0
2
6
6
2
4
4
8
10
18
12
32
47
77
126
160
188
175
202
214
216
222
250
341
472
654
846
868
982
1062
1282
1567
1904
2140
2379
2411
2157
1814
1525
1318
1381
1489
1517
1450
1367
1267
1187
1184
1106
919
788
690
474
435
377
279
182
102
133
193
280
306
292
284
231
187
124
42
48
116
177
142
105
109
104
154
188
209
183
100
129
202
345
383
361
297
209
77
46
49
32
23
65
69
64
41
26
25
23
27
40
33
24
22
15
23
34
45
55
47
73
123
127
122
84
51
25
6
40
24
21
50
67
55
52
38
41
48
39
77
102
90
53
18
10
3
15
22
15
2
0
0
3
4
3
2
3
5
4
6
7
10
8
11
7
3
7
1
2
24
20
15
31
37
26
23
19
18
10
3
0
0
0
1
0
0
0
0
0
0
0
4
1
0
0
0
0
0
1
0
0
0
7
6
5
12
30
52
57
43
50
51
34
21
23
17
8
1
1
3
20
38
37
37
37
31
62
109
152
122
104
127
130
89
127
112
119
174
199
226
286
300
285
266
283
284
285
280
260
235
126
86
126
148
155
154
149
166
175
153
77
62
79
124
208
257
183
115
86
74
49
43
28
14
5
5
7
3
22
61
115
150
141
123
52
5
13
28
48
43
44
34
47
80
114
59
54
59
79
74
76
85
123
152
175
171
165
166
141
94
41
43
68
71
65
78
84
80
58
15
0
3
11
25
18
13
16
23
14
15
12
4
4
7
5
23
65
40
31
14
0
10
19
78
115
139
129
130
132
108
94
92
70
44
42
67
113
113
125
95
91
84
101
104
83
79
83
66
28
24
122
213
198
176
172
138
86
54
20
7
4
12
14
29
46
50
50
52
57
50
41
38
28
7
4
2
3
15
16
0
2
5
2
0
0
0
0
0
0
0
0
0
0
0
24
9
6
0
5
6
12
28
32
27
23
23
20
14
1
9
15
5
2
12
10
0
7
2
0
0
0
2
30
7
7
20
43
42
37
73
125
221
457
1804
469
533
636
813
928
918
994
1090
1390
1438
1425
1687
2050
2301
2528
2603
2669
2749
3058
4242
4969
5597
5542
4956
4280
3591
2996
2605
2414
2515
2800
3023
3051
2963
2928
2816
2725
2561
2387
2228
2110
2085
2208
2412
2519
2750
2951
3184
3274
3180
2794
2761
2691
2538
2245
2031
1968
1965
1936
2128
2573
2754
2817
2834
2641
2330
2420
2510
2514
2446
2054
1517
811
379
626
1289
1542
1909
2363
2679
2855
2809
2496
2192
1969
1851
1625
1297
946
1199
1481
1500
1391
1234
1051
1170
1247
1239
1155
1137
1114
1197
1227
1432
1628
1957
2300
2538
2751
3150
3529
3769
4024
4150
4277
4278
4410
4446
4597
4713
4759
4838
4803
4689
4444
4122
3773
3329
2927
2434
1838
1265
568
318
422
789
1232
1610
1943
2222
2496
2660
2831
2899
3015
2996
3009
3004
2845
2665
2413
2310
2076
1883
1554
1222
1045
1043
967
762
665
528
385
461
803
1053
1251
1391
1517
1485
1498
1439
1376
1345
2108
1014
819
585
387
270
177
142
96
137
163
232
281
303
307
313
340
289
304
269
223
194
163
142
93
61
33
22
25
26
12
10
8
11
38
47
72
88
89
52
27
16
15
24
11
2
1
1
0
0
0
1
1
3
6
8
8
11
8
7
6
4
0
0
19
26
30
109
188
412
1011
1799
2573
3248
3453
3465
3313
3082
2931
2797
2756
3115
3259
3348
3295
3160
3154
3180
3104
3074
3036
3042
2951
2785
2530
2290
2111
2010
1863
1635
1385
1166
1004
967
949
984
1117
1257
1390
1482
1603
1698
1895
1991
2223
2366
2469
2561
2622
2638
2641
2613
2590
2574
2447
2409
2411
2305
2259
2146
2074
1906
1761
1584
1512
1395
1341
1270
1243
1280
1167
1125
1086
1003
967
1082
1070
927
674
523
599
613
539
531
558
553
616
626
613
638
691
700
767
833
796
748
750
982
1208
1373
1353
1227
1018
974
1194
1378
1409
1312
1242
1076
937
762
704
620
548
429
295
195
164
173
150
168
191
230
275
323
366
382
437
341
302
262
214
184
144
110
91
82
96
197
284
356
401
457
628
804
1030
1176
1379
1710
1828
1784
1696
1589
1544
1415
1234
1121
1029
963
802
687
952
1370
1855
2198
2232
2210
2136
1919
1707
1227
1584
1894
1942
1742
1506
1100
676
843
1260
1565
1716
2104
2521
2854
2862
2781
2558
2070
1809
1419
1356
1566
1627
1637
1350
1061
1109
1215
1114
770
718
873
1012
1237
1326
1320
1309
1281
1283
1384
1345
1252
1109
1002
860
967
931
825
736
561
523
476
367
419
787
1044
1171
1186
1082
781
577
837
1043
1293
1347
1251
765
1385
2007
2397
2418
2246
2180
2081
1914
1869
1809
1653
1461
1242
976
963
1146
1359
1584
1681
1618
1597
1641
1609
1614
1570
1527
1500
1903
2070
1820
1921
2514
2679
2948
2791
2665
2410
2251
1971
1951
1996
1859
1667
1507
1445
1361
1436
1355
1449
1682
1911
2203
2460
3075
3316
3483
3268
2684
2303
2025
1967
1902
1773
1679
1495
1206
1115
1144
1144
1130
1094
1173
1340
1469
1623
1684
2066
2079
2068
2126
2349
2403
2244
2012
1546
1205
1057
1175
1454
1733
1776
1581
1468
1333
1168
1175
1293
1380
1429
1475
1569
1695
1768
1773
1809
1808
1687
1447
1123
812
630
768
1088
1773
2383
2570
2284
2087
2611
2615
2315
2421
2649
2311
1950
1600
1182
557
479
649
415
402
631
695
1074
1605
2298
2654
2568
2325
1558
1984
2416
2546
2610
2151
1422
935
1176
1186
1263
1294
1452
1685
1996
2233
2499
2530
2479
2308
2076
1768
1693
1996
2303
2390
2239
1828
1673
1358
2119
3291
3806
4082
3908
3138
2778
2631
2040
1491
1575
1279
1063
1021
1025
1050
1058
954
741
505
318
561
373
508
665
718
876
1238
1502
1629
1682
1556
1406
1251
1276
1357
1436
1425
1411
1146
855
663
692
913
1065
1105
1249
1514
1583
1564
1387
958
740
892
889
918
840
811
828
788
822
936
1027
1096
1016
911
708
524
498
419
333
197
103
49
34
15
11
10
7
1
15
36
11
27
48
94
275
546
741
1020
1265
1684
2028
2407
2959
3334
3343
3174
3205
3372
3073
2816
2700
2643
2795
2863
2847
2562
2313
2138
1952
1810
1747
1722
1744
1817
1698
1612
1421
1363
1355
1417
1364
1324
1380
1375
1395
1385
1661
1906
2020
1927
1826
1745
1629
1516
1321
1144
1021
916
854
720
678
652
743
917
1076
1248
1380
1510
1631
1730
1921
2035
2049
2172
2335
2537
2653
2706
2706
2733
2751
2762
2765
2712
2686
2664
2613
2607
2539
2475
2380
2258
2058
1716
1371
1288
1283
1114
791
694
617
556
605
639
751
883
1116
1339
1424
1410
1225
1100
924
837
707
620
527
443
462
513
571
632
683
694
673
627
709
728
736
690
563
448
390
375
431
490
534
587
612
703
882
1033
1242
1561
1841
1971
1972
1751
1284
1161
1051
953
827
899
887
883
755
682
617
597
537
442
440
435
489
503
536
517
577
677
748
730
616
531
478
501
488
428
422
344
268
209
128
74
48
63
134
262
321
375
423
438
427
441
366
300
269
253
184
137
96
62
38
30
75
188
246
233
164
151
139
174
195
175
108
39
4
0
0
1
1
4
8
23
19
13
1
2
2
2
1
1
4
36
1
0
10
6
0
0
0
0
6
12
25
22
7
7
5
8
27
39
85
43
39
52
49
39
31
31
47
58
83
111
141
136
170
208
184
216
190
241
329
296
287
256
151
115
160
205
158
118
107
153
139
91
43
13
12
22
16
26
29
30
34
56
71
87
122
148
159
152
199
298
511
646
734
941
1040
1154
1396
1556
1520
1407
1197
1022
910
715
551
591
693
787
775
819
847
832
716
572
389
362
362
376
366
399
338
361
373
369
521
471
276
350
339
269
178
160
147
126
111
89
102
115
175
255
352
531
709
933
1164
1340
1539
1507
1317
1124
841
574
502
504
490
444
420
348
302
244
261
371
538
779
873
852
717
620
582
634
709
745
771
768
744
737
659
565
486
376
238
169
119
51
19
21
58
94
161
266
330
373
467
571
648
664
647
618
538
415
291
214
228
153
119
83
66
41
35
22
24
7
0
0
1
12
12
108
342
863
1373
2070
2754
3842
4734
5205
4742
4248
4458
3951
3364
2806
2267
1867
1569
1197
944
793
844
922
1016
1067
1006
733
447
232
199
350
599
861
1055
1376
1661
1790
1975
2095
2099
2035
1908
1671
1750
2002
2385
2644
2691
2803
2758
2703
2820
3132
3217
2991
2494
2073
1584
1474
1267
1172
1295
1463
1650
2075
2209
2122
1739
1456
1626
2232
3058
3747
4250
4097
3837
3143
2292
1734
1347
1391
1348
1226
1034
901
726
603
590
723
893
1229
1528
2001
2464
2892
3051
3034
2727
2052
1229
874
822
902
1035
1175
1523
1891
2116
2139
1876
1482
1163
625
347
845
1362
1864
2295
2538
2761
2731
2792
2616
2089
1473
1215
1306
1136
1013
914
838
821
772
647
597
608
839
852
417
363
351
408
401
383
402
530
665
745
729
657
523
448
414
382
350
333
326
308
280
265
219
159
104
168
254
300
300
291
222
167
106
98
47
40
39
42
53
61
67
38
36
23
17
29
44
31
16
29
25
3
1
0
6
15
22
28
44
68
116
156
143
119
59
38
12
8
1
8
18
20
14
14
18
27
25
9
5
7
9
5
1
11
35
59
97
127
166
201
171
124
101
45
13
9
23
58
68
79
98
112
137
212
332
419
448
509
506
451
403
294
195
122
65
43
31
40
45
34
26
8
0
2
14
35
50
37
11
0
1
3
14
24
59
75
73
45
44
70
102
149
198
185
154
187
202
196
217
183
137
124
140
124
173
242
260
249
271
258
170
109
212
282
347
272
193
101
84
105
96
94
67
76
105
146
142
116
101
106
144
189
181
302
467
549
646
594
487
331
247
255
396
394
397
618
1280
2073
2658
3222
3536
3586
3245
2909
3321
3461
3354
3074
2530
2295
2256
2848
3420
3796
3949
4124
4359
4617
4749
4735
4459
4169
3895
3653
3527
3334
3105
2884
2751
2450
2238
2134
1997
1839
1684
1386
1008
751
758
862
888
829
703
677
679
724
935
1258
1627
1796
1902
1716
1489
1463
1657
1715
1626
1272
791
617
736
778
666
547
661
737
712
816
802
779
757
709
630
692
770
741
713
806
842
674
477
332
352
411
500
590
670
721
793
745
772
762
645
511
357
256
219
255
352
359
327
233
208
212
218
335
364
379
358
370
338
306
196
120
67
54
31
7
4
25
58
106
154
188
336
671
1097
1556
1887
2038
1941
2263
2177
1898
1437
1411
1595
1616
1558
1790
1980
2133
2311
2383
2365
2308
2191
2170
1951
1404
1060
932
845
800
671
584
569
626
702
761
842
918
985
989
1070
1389
1644
1870
2150
2194
3210
3240
3556
2451
1980
2234
2215
1808
1599
1551
1058
878
764
750
735
556
443
299
252
413
475
486
520
537
584
647
789
860
861
831
778
638
548
509
746
1021
1226
1385
1580
1770
1871
1824
1702
1499
1224
977
864
770
682
553
433
332
196
155
149
169
254
380
501
699
1113
1407
1790
2124
2391
2555
2589
2598
2102
1733
1424
1209
1312
1522
1527
1154
857
845
765
633
466
449
455
490
451
424
417
291
185
397
620
621
482
472
544
575
649
690
653
623
571
603
607
592
596
528
354
321
302
346
318
300
344
493
730
815
801
733
649
700
680
579
530
458
440
392
374
336
323
340
339
386
396
363
373
305
288
237
191
159
191
241
247
245
226
190
178
248
318
385
402
356
365
387
418
475
529
494
404
352
349
384
469
487
489
504
538
485
440
404
388
355
387
398
389
394
435
410
409
497
641
849
1148
1316
1374
1372
1245
1050
884
659
602
619
572
527
463
408
364
302
295
314
355
385
515
632
802
1005
1196
1421
1595
1766
1883
2029
2118
1883
1753
1584
1282
964
789
916
1107
1271
1335
1268
1282
1339
1386
1518
1810
2263
2649
2804
2374
1752
1579
1486
1166
927
891
913
987
995
993
984
1010
971
952
722
603
534
499
762
1314
1761
2114
2264
2356
2286
1933
1630
1351
1163
946
763
650
543
445
377
320
290
447
880
1151
1807
1918
2439
2626
2868
2607
2329
2792
3267
3502
3467
3309
3078
3072
2835
2225
1822
1392
1191
1191
1276
1420
1822
2260
2989
3104
3174
3478
3424
3448
3220
2756
2904
2816
2899
2734
2605
2719
2731
2586
2505
2490
2384
2392
2611
2351
1945
1422
1460
1437
1361
1175
914
759
723
792
820
735
743
683
568
483
356
199
133
193
188
142
171
201
226
245
263
234
289
293
166
176
236
338
339
348
402
495
653
783
764
572
399
236
133
131
374
628
875
981
1061
725
225
107
89
59
42
44
25
7
7
14
48
63
68
47
3
4
1
0
2
4
15
7
12
15
14
11
8
20
31
20
60
127
194
221
271
298
255
268
274
249
247
229
186
160
133
113
102
100
81
45
22
43
68
99
86
103
94
39
42
63
52
35
2
11
58
141
187
241
290
279
260
289
252
195
108
59
93
160
266
314
355
358
288
217
189
145
88
127
223
237
254
234
221
191
167
140
102
70
85
94
90
45
14
20
71
114
126
100
62
22
23
22
18
17
12
9
13
22
23
18
14
7
5
12
12
6
4
5
11
103
15
16
9
13
14
12
13
11
12
8
6
3
0
0
0
6
11
13
12
18
22
21
37
43
106
303
449
421
288
216
120
82
39
29
42
67
128
168
257
340
387
424
503
600
652
682
728
786
765
690
527
434
425
336
244
182
113
72
54
24
23
62
73
82
78
75
60
37
44
31
28
36
50
43
43
29
38
44
75
74
88
138
185
215
245
214
146
83
53
47
31
36
48
74
72
93
133
177
229
302
318
379
356
350
362
349
301
278
228
195
158
158
264
381
422
534
658
760
747
647
499
458
446
397
352
387
433
402
373
307
278
273
247
211
207
223
225
139
93
107
140
135
112
58
22
7
1
15
25
17
3
7
24
33
54
68
47
61
75
144
139
195
252
253
300
349
352
327
332
341
313
274
235
196
146
122
89
76
48
23
2
4
4
0
7
13
23
17
11
1
4
10
15
19
25
40
60
104
98
67
51
55
56
38
39
44
47
34
42
64
74
65
61
49
59
49
50
30
31
27
10
14
15
8
10
31
35
28
27
44
50
34
29
23
24
47
52
48
45
31
27
10
1
2
1
2
1
1
0
11
19
14
1
0
0
0
4
18
5
2
9
12
11
14
11
9
5
1
7
10
17
42
51
48
30
26
22
18
15
12
6
9
6
5
4
6
9
11
17
32
32
39
38
66
88
113
102
96
74
49
33
32
29
29
41
48
36
19
23
13
0
4
0
1
2
4
2
4
2
9
12
5
4
8
11
10
11
8
9
7
4
0
3
15
14
0
0
2
5
1
0
0
0
0
0
0
0
0
0
0
0
0
0
3
58
166
194
204
153
98
65
32
27
14
15
15
16
22
16
16
31
42
52
45
42
5
0
27
62
79
62
54
64
62
70
62
12
0
0
19
16
4
2
23
34
48
77
75
72
46
84
85
82
73
70
93
100
115
123
139
138
111
93
70
81
44
27
5
3
6
9
26
52
102
129
106
84
48
42
31
64
74
18
10
27
87
116
140
152
172
175
118
28
10
6
5
4
7
4
0
0
1
16
14
5
3
10
5
1
0
0
0
5
19
34
27
29
15
1
0
4
7
0
0
0
0
7
9
11
15
23
22
3
0
2
13
6
0
0
0
0
0
0
0
0
0
0
0
3
25
2
7
4
2
1
1
4
2
4
0
1
11
21
28
4
1
0
3
1
0
0
1
5
2
9
19
21
16
19
17
28
16
1
6
7
2
0
2
4
1
2
4
1
1
10
4
8
26
33
47
28
13
5
0
0
1
0
0
0
0
0
0
0
0
0
0
0
1
0
0
3
13
19
14
12
22
43
32
50
42
47
46
26
33
35
25
42
73
118
276
452
570
594
529
439
338
267
139
57
31
22
9
10
4
0
0
1
0
2
30
53
50
26
0
2
30
47
35
28
9
1
1
0
0
0
0
0
11
37
59
40
16
2
1
11
15
11
2
0
0
0
0
4
7
13
10
8
5
10
17
18
139
212
214
87
23
58
112
153
166
180
207
256
260
205
160
143
139
152
121
84
87
83
88
75
34
44
27
3
0
4
12
9
18
12
23
37
33
18
13
6
13
11
27
3
11
12
29
14
3
0
1
4
6
13
2
5
21
7
4
7
13
8
8
2
1
2
6
16
74
135
202
300
406
436
457
375
312
279
253
225
158
108
92
100
85
86
124
157
105
78
78
54
50
32
30
11
7
4
0
0
2
19
16
4
0
0
1
6
11
13
14
23
14
14
13
10
11
17
37
113
355
886
1670
2255
2643
3138
4048
4948
5140
4700
4400
3932
3415
2946
2572
2153
2030
2075
2205
2371
2509
2693
2965
3345
3589
3959
4143
4118
4002
3650
3067
2302
1810
1121
813
853
799
879
1087
1278
1461
1835
2129
2443
2727
3054
3278
3348
3206
3031
2733
2303
2012
1927
1790
1711
1711
1669
1593
1559
1582
1506
1278
1144
1243
1398
1555
1649
1854
1924
1722
1396
1107
922
961
934
691
834
809
699
617
542
541
647
758
829
806
1007
1285
1390
1488
1515
1271
641
491
759
856
889
846
791
766
889
1187
1661
1575
1433
1199
731
647
866
1026
1124
1262
1659
2105
1756
1623
1353
1124
1119
1242
1231
1255
1254
1194
1168
1030
902
708
365
476
595
783
978
1150
1484
1965
2037
1879
1767
1553
1497
1448
1356
1409
1414
1174
855
908
819
741
697
510
484
396
487
499
508
560
578
532
417
253
261
221
274
288
187
96
100
169
207
165
186
200
230
258
290
282
235
200
176
159
122
130
123
87
56
105
161
115
91
57
33
65
57
42
23
12
5
31
39
96
123
96
46
80
175
202
154
135
160
237
266
242
144
217
253
205
147
110
107
119
99
96
74
63
53
173
98
173
233
273
284
261
234
203
246
242
188
127
134
112
81
83
115
108
101
96
93
89
117
94
77
78
89
114
158
183
219
234
240
250
262
268
240
229
199
177
147
108
75
51
44
51
29
17
21
24
27
49
26
37
67
130
187
214
202
162
92
37
39
67
108
134
151
165
154
123
105
87
99
93
69
69
141
280
417
454
461
385
244
194
255
396
486
566
597
548
437
302
148
32
3
17
80
117
138
115
90
73
49
32
32
58
112
146
189
216
214
202
194
168
165
141
130
130
123
129
111
85
56
47
40
35
40
57
86
133
169
197
190
175
188
176
140
92
59
74
89
94
65
58
50
41
42
75
138
183
188
205
219
193
147
122
98
92
80
83
85
101
82
49
10
3
4
9
8
22
41
52
42
65
80
64
74
99
110
109
58
31
10
0
59
146
206
241
233
228
205
122
87
101
104
63
39
17
14
8
21
19
15
11
12
54
90
95
63
50
42
51
67
79
89
97
108
103
66
49
31
61
99
175
211
279
308
319
298
276
263
245
229
256
206
129
61
57
46
42
32
60
97
111
55
19
7
11
20
54
79
50
39
68
42
10
10
13
18
39
39
27
21
26
38
28
9
20
47
34
17
15
14
36
69
87
97
121
176
196
237
242
268
299
296
290
289
307
336
375
407
410
387
311
212
78
7
20
55
104
136
138
124
99
46
30
31
21
31
43
65
78
73
71
50
17
7
3
6
4
2
0
0
3
2
0
0
1
1
3
14
13
8
9
7
5
5
8
7
7
2
1
2
9
5
0
0
0
1
2
3
5
5
1
0
0
0
19
20
1
3
7
3
4
0
0
2
18
34
40
16
5
1
5
20
17
5
2
1
0
1
1
1
1
0
15
12
38
71
114
143
99
62
23
10
1
5
14
7
0
0
0
0
0
0
0
1
4
6
2
1
1
1
0
0
0
0
1
0
1
0
6
7
8
25
51
96
142
162
220
267
269
241
206
171
162
82
12
47
81
112
128
105
110
88
68
41
10
24
34
28
24
13
12
12
1
0
7
9
4
0
1
0
0
0
0
2
7
19
11
5
6
33
71
76
50
33
28
45
53
38
31
15
5
13
21
14
12
21
40
42
37
34
19
26
34
36
24
23
50
7
0
0
4
7
24
26
39
67
97
125
141
126
92
58
30
16
2
9
12
14
21
31
35
23
52
71
77
154
157
171
212
226
233
159
143
101
69
56
59
37
35
39
43
26
26
31
30
36
28
22
11
6
14
24
64
103
126
128
153
137
127
90
124
103
94
70
69
40
32
38
54
49
23
11
6
21
8
0
6
0
2
8
0
0
0
0
0
1
5
17
67
216
478
808
1147
1495
1653
1583
1318
1112
1067
878
622
539
490
370
463
744
990
1137
1128
1463
1677
1709
1585
1412
1270
1170
1032
1176
1492
1676
1697
1812
1996
2042
1808
1584
1729
1801
1624
1444
1630
1570
1525
1688
1626
1410
1177
922
1060
1086
1131
1157
1252
1347
1273
973
698
947
1129
1210
1195
1102
1103
1017
1012
757
926
844
890
1133
1315
1519
1807
2088
2198
2333
2348
2187
1833
1408
1234
1126
1027
746
454
315
264
348
409
482
602
614
637
555
501
478
479
437
332
175
94
121
138
95
72
132
234
185
116
61
66
68
68
65
71
111
145
143
49
84
30
33
46
62
93
98
114
144
149
195
230
242
202
149
91
30
26
45
49
25
108
1
21
56
60
49
17
10
19
18
55
87
91
51
9
35
87
229
249
201
276
297
279
248
279
374
434
429
388
361
249
214
176
185
164
110
94
55
65
108
232
341
517
829
1171
1349
1586
1677
1630
1364
1262
1710
2127
2367
2396
2302
2145
1923
2116
2098
2027
1799
1345
989
1025
983
778
670
690
851
1453
2095
2580
2931
2994
2850
2628
2536
2368
2032
1873
1998
2047
1980
1957
1878
1655
1318
1002
1088
1271
1554
1732
1620
1544
1416
1469
1742
2399
2389
1983
1696
1423
1294
1401
1649
1586
1386
1416
1630
1714
1503
1184
1177
1173
1137
1052
944
912
1010
1197
1272
1222
980
678
498
498
505
715
962
1128
1289
1466
1501
1454
1199
954
1277
1325
1226
1073
940
765
680
720
752
712
618
517
388
380
388
328
306
303
365
366
299
247
209
154
143
321
361
342
410
498
571
762
885
871
879
710
649
684
711
776
725
637
514
378
234
210
197
160
146
119
86
49
11
18
65
84
94
308
741
1018
1057
821
552
514
432
249
213
259
247
192
130
75
32
33
26
15
3
36
44
17
21
15
2
5
5
15
29
30
8
7
0
0
3
1
0
1
0
2
5
4
7
9
6
2
14
19
31
20
25
39
30
53
76
47
24
25
40
29
14
4
8
14
25
44
82
106
127
121
65
90
31
45
18
12
8
3
4
6
1
1
5
14
31
37
25
21
23
15
3
0
0
0
0
4
8
5
1
0
4
20
45
50
48
28
27
23
21
13
5
7
4
0
7
11
1
0
0
0
0
0
0
0
0
0
0
0
0
4
3
1
3
10
0
0
0
0
0
0
0
0
0
0
0
0
0
0
6
11
0
1
1
0
0
0
2
5
2
0
3
3
8
0
89
411
879
1318
1484
1476
1312
984
1077
1182
927
533
285
39
66
126
188
247
319
217
102
24
70
86
47
44
70
78
91
99
63
66
89
113
136
138
166
218
280
378
434
464
392
290
250
380
449
436
440
446
365
258
123
80
153
219
219
226
234
211
175
105
65
30
13
7
6
6
8
5
17
22
28
29
16
6
10
9
1
3
1
0
1
5
10
21
20
15
15
22
26
21
26
30
20
3
0
0
0
0
16
29
44
53
69
89
108
133
118
124
111
118
110
165
269
398
555
601
620
568
402
197
53
43
75
92
46
15
27
56
77
55
13
7
10
12
2
0
0
0
0
0
0
0
0
0
0
0
0
0
0
0
0
0
0
0
0
0
0
0
0
0
0
0
0
0
0
0
3
4
2
0
0
0
0
0
17
174
438
677
1030
1328
1537
1576
1573
1595
1386
1428
1611
1788
1984
2085
2269
2265
1973
1719
1480
1294
995
778
669
604
578
583
651
789
947
1163
1328
1531
1829
2241
2583
2980
3236
3403
3615
3537
3186
2885
2656
2443
2262
2113
1963
1789
1746
1767
1648
1505
1205
798
530
440
667
1031
1151
1168
1207
1250
1320
1253
1313
1319
1351
1301
1287
1227
1063
999
964
942
924
953
958
871
747
547
406
236
194
139
73
5
2
3
19
51
92
176
237
175
101
42
25
37
64
78
37
22
26
7
18
13
16
4
9
5
7
3
0
0
1
0
1
0
1
1
2
3
6
17
12
12
20
20
16
7
5
0
0
0
0
0
0
0
0
0
0
3
0
1
0
0
0
0
0
0
0
0
0
0
0
0
0
2
8
25
35
68
73
59
34
17
21
12
17
17
16
27
16
3
3
2
2
3
5
2
7
15
21
19
19
8
3
8
13
12
13
17
18
14
5
13
12
0
2
6
2
0
0
0
0
0
0
0
0
0
0
0
0
0
0
0
0
0
0
1
1
1
0
0
0
0
0
0
1
23
13
95
139
85
47
69
79
48
1
1
0
0
2
8
14
0
0
7
9
2
4
4
10
7
9
0
4
7
22
24
18
15
13
7
6
0
3
6
5
4
1
0
0
0
0
0
0
0
1
0
2
2
1
1
1
0
0
0
0
0
0
0
0
0
0
0
0
0
0
0
0
0
0
0
0
0
0
0
0
0
0
0
0
0
0
0
0
0
0
0
0
16
5
0
2
3
2
0
0
0
0
0
0
0
0
0
0
0
0
0
4
4
0
0
0
2
8
43
72
133
224
273
254
281
335
394
429
421
453
465
431
433
400
368
297
247
224
248
351
550
818
983
1016
982
883
798
723
671
703
730
685
681
679
702
684
735
780
888
957
984
1140
1231
1237
1120
1123
1064
1042
965
843
771
781
780
854
971
989
1013
1004
874
867
804
718
609
623
642
591
555
481
477
520
577
645
649
663
651
621
558
333
250
220
312
344
360
383
430
433
471
515
623
708
828
1014
1101
1192
1484
2042
2540
3061
3041
2881
2831
2740
2726
2332
1979
1700
1592
1708
1765
1628
1553
1482
1793
2355
2567
2621
2577
2546
2243
1837
1390
741
426
393
443
449
493
535
627
658
696
841
1005
1107
1138
1085
1015
1258
1626
1768
1764
1508
1017
1062
1068
1003
970
1029
1252
1390
1655
1655
1531
1512
1439
1911
1680
755
316
157
159
115
253
294
242
165
216
283
306
326
346
358
331
219
146
101
70
6
21
46
56
68
35
20
21
25
20
2
2
5
3
3
10
27
48
65
77
112
144
126
108
88
77
29
29
8
2
0
0
0
0
0
0
0
0
0
0
0
0
0
0
0
0
1
0
2
4
0
2
2
0
24
101
265
435
520
442
328
150
41
5
3
0
2
3
9
2
4
27
51
75
79
59
73
40
31
12
8
1
0
0
0
0
0
0
0
0
0
0
0
0
0
0
0
0
1
8
6
5
15
31
12
13
21
28
64
101
103
103
102
43
20
21
7
7
6
7
12
15
3
0
0
0
0
2
33
4
0
3
7
10
17
8
8
17
30
2
3
0
10
10
1
0
0
0
0
0
0
0
0
0
0
2
8
6
25
22
24
36
33
39
45
49
57
62
39
46
43
50
26
30
13
13
14
10
0
0
1
0
1
32
1
5
12
15
11
21
137
435
599
764
923
1012
1211
1161
1255
1439
1503
1451
1216
1030
450
511
488
514
471
484
475
415
355
295
296
266
270
389
581
718
858
966
963
976
940
791
596
570
704
921
986
1022
964
762
476
382
374
329
269
268
325
468
506
670
819
859
789
783
839
759
559
583
658
682
734
746
685
669
645
463
304
311
409
523
682
800
927
991
938
790
515
348
336
506
644
762
824
794
734
650
529
388
311
279
276
288
261
220
252
239
133
96
191
280
323
336
350
362
398
455
451
360
335
481
624
698
722
690
568
390
205
203
263
315
313
341
377
380
357
364
357
350
346
411
426
421
615
789
865
877
761
665
559
470
535
537
264
158
200
117
103
97
67
21
11
44
42
35
52
51
45
14
0
7
53
131
157
178
168
120
85
32
10
1
1
0
0
0
0
0
0
0
0
1
0
0
1
0
0
1
1
1
0
10
15
3
1
17
6
1
12
14
2
13
1
2
0
0
0
0
0
0
0
1
8
5
0
6
15
41
39
12
5
6
4
0
0
0
0
0
0
9
21
13
5
4
26
2
0
0
2
20
24
27
20
24
35
33
16
6
12
12
22
29
48
47
59
63
68
71
77
82
103
100
72
43
23
14
0
8
4
14
28
65
86
131
134
127
189
191
203
190
204
162
149
145
128
109
72
66
70
40
4
3
1
0
0
0
0
30
23
23
48
76
85
70
55
55
69
59
25
1
0
0
2
35
45
57
49
56
60
45
52
53
57
45
18
170
507
750
791
791
728
546
423
297
627
727
705
609
407
254
389
640
607
565
404
543
623
619
609
445
283
207
247
205
109
147
262
317
255
193
166
186
194
141
95
38
6
1
3
27
154
397
636
878
909
889
803
629
441
256
141
89
37
10
6
38
38
22
38
56
132
113
90
18
99
117
79
23
63
70
80
108
78
106
116
111
97
82
82
88
98
115
110
94
76
45
38
46
43
44
47
50
35
14
9
11
5
0
0
0
2
4
29
32
71
352
746
1283
1774
2127
2341
2321
2135
1728
1419
1346
1278
1473
1456
1353
1229
1096
998
949
953
930
876
800
936
996
988
1016
1051
992
1043
1116
1145
1209
1008
1012
1154
1078
876
767
894
1092
1427
2168
2647
2257
2057
2486
2708
2648
2492
2061
1834
1532
1477
1668
1545
1363
1406
1401
1733
1552
1374
1016
609
982
1488
1539
1115
1441
1356
1166
1229
954
1317
1388
1151
1394
842
850
815
610
758
936
1018
852
818
844
812
718
690
551
481
595
757
787
383
841
1080
1080
884
656
773
850
812
781
865
895
749
830
851
814
719
447
729
660
972
1080
1019
855
934
1261
1424
1356
1309
1222
1251
1111
915
841
757
669
1036
1252
1402
1527
1447
1241
1292
1015
843
693
659
784
748
712
951
1051
1009
884
675
452
526
675
774
737
734
751
639
723
690
667
421
269
628
816
1055
1016
842
604
816
876
718
626
444
693
830
979
896
1061
1277
1354
1387
1348
1058
1034
1280
1159
951
1191
1488
1585
1508
958
977
1029
1177
1303
1186
859
732
718
613
459
243
119
180
307
274
211
159
157
164
173
111
60
62
146
162
202
247
317
359
411
503
531
581
638
646
760
820
836
834
684
536
492
466
410
341
258
206
204
212
217
229
232
277
203
198
174
171
152
127
99
85
84
144
536
1106
2243
3221
3938
4531
4893
4725
4422
3672
3757
3600
3531
3920
4203
3983
3542
3234
3158
2980
2829
2548
2349
2146
1855
1618
1529
1370
1161
1115
1171
1177
1073
1245
1532
1940
2256
2373
2648
2923
3007
3146
3385
3659
3784
3694
3776
3817
3828
3724
3489
3320
3109
2920
2664
2169
1942
2011
1976
1990
2034
2149
2532
2897
3321
3725
4045
4248
4559
4610
4588
4662
4669
4898
4868
4863
4849
5074
4828
4621
4534
4023
3827
3627
3423
3211
2967
2550
2373
2207
2143
2120
2059
2180
2232
2148
2335
2367
2392
2227
1957
1543
1619
1480
1114
824
511
314
170
93
81
37
40
21
33
100
122
140
148
49
4
22
1
4
4
20
28
30
19
24
30
50
47
23
13
96
269
487
545
372
268
215
245
213
235
225
312
368
372
423
480
531
539
550
500
533
577
534
526
607
640
516
514
634
673
596
503
453
370
205
91
367
572
517
272
121
99
112
151
72
55
71
116
174
279
374
443
478
440
419
373
271
223
138
147
152
162
207
208
119
108
240
282
296
306
321
279
242
222
176
148
134
94
64
54
38
2
0
0
10
67
92
154
266
434
650
957
1234
1343
1406
1506
1620
1690
1619
1513
1687
1658
1470
1384
1365
1181
1041
957
801
756
746
682
675
698
686
712
597
701
917
1030
995
911
602
437
526
437
330
202
164
133
109
41
7
6
35
160
372
756
1094
1294
1496
1586
1806
1916
1691
1325
986
807
656
542
457
356
364
386
409
467
509
452
461
594
607
535
470
434
383
469
442
275
112
64
119
111
98
63
57
88
140
169
150
125
91
81
49
40
25
16
0
2
35
42
23
33
36
54
99
80
69
39
20
12
0
0
13
21
0
0
6
11
2
0
0
0
0
0
0
0
0
0
0
0
0
0
0
0
5
0
0
1
1
1
6
0
8
5
5
2
8
3
9
19
27
9
12
13
13
15
28
16
18
14
11
4
0
0
0
0
0
2
37
51
64
71
86
82
79
56
51
52
45
14
0
4
6
13
19
45
54
53
69
70
93
91
62
57
47
35
17
12
15
10
8
4
2
0
0
2
0
0
0
0
0
12
17
0
0
5
5
3
0
0
0
0
0
0
17
18
0
2
7
7
1
0
0
0
19
21
55
24
19
11
0
0
0
0
0
0
0
0
0
0
0
13
22
0
0
7
9
5
0
0
0
0
0
0
0
0
0
0
0
0
0
0
0
0
0
0
0
0
0
0
0
1
18
12
0
0
4
4
6
2
0
0
2
0
1
0
1
1
12
3
0
3
0
0
0
0
0
0
0
0
0
0
0
0
0
0
0
0
0
0
0
0
0
0
0
11
18
0
1
6
10
4
0
0
0
0
0
0
0
0
0
0
0
0
0
0
0
0
0
0
17
13
0
0
0
4
14
7
16
18
29
40
82
124
134
122
82
42
12
9
10
1
1
16
8
24
48
51
65
75
77
71
53
36
21
13
4
0
0
0
0
0
0
0
0
0
0
13
8
3
2
4
0
0
0
0
0
11
14
0
5
8
5
0
0
0
0
0
0
0
0
1
0
0
0
0
0
0
0
0
0
0
0
0
0
3
5
1
0
0
15
19
0
8
10
10
23
17
9
8
6
5
1
0
0
0
0
0
0
1
2
0
1
0
1
10
3
6
1
5
0
0
0
0
0
0
0
0
0
0
2
2
0
4
6
14
4
3
4
0
0
0
0
0
0
0
0
0
0
0
0
0
0
0
0
0
0
0
0
0
1
0
0
0
0
0
0
0
0
4
5
5
6
9
23
37
32
8
10
19
10
3
0
4
4
0
0
0
0
0
0
0
0
0
0
0
0
0
0
0
0
2
0
0
0
0
0
0
0
0
0
0
0
0
0
0
9
16
0
4
8
2
0
0
0
1
0
0
0
0
0
0
0
0
0
0
0
0
0
0
0
0
0
0
0
39
0
13
16
13
4
0
0
0
1
0
0
0
0
0
0
0
0
0
0
0
0
0
0
0
0
0
0
0
0
0
0
0
0
0
0
0
0
0
0
0
0
0
0
0
0
0
0
0
0
0
0
0
25
12
0
12
7
2
0
0
0
0
0
0
0
0
0
1
0
0
0
0
0
0
0
0
0
0
0
0
0
0
0
0
4
0
0
0
0
0
0
0
0
0
0
0
0
2
0
0
0
1
0
6
20
11
11
13
17
27
19
11
13
10
8
13
27
4
7
11
10
4
11
0
2
1
0
0
0
0
0
0
0
0
0
0
0
0
0
0
0
0
0
0
0
0
0
0
0
2
0
1
1
0
0
0
1
3
3
8
15
57
85
87
78
69
58
26
13
6
7
20
20
2
7
6
0
0
0
2
1
0
0
0
0
0
0
0
0
0
0
0
0
0
0
0
1
0
6
0
5
1
2
0
0
0
0
0
0
0
0
0
0
3
4
7
9
8
1
0
1
1
1
1
0
0
0
3
7
38
14
6
1
10
3
3
4
7
4
2
1
2
0
1
2
1
16
4
12
2
5
5
0
0
0
0
0
0
0
0
0
0
0
0
0
0
3
1
0
6
0
0
0
1
0
0
0
0
0
0
0
0
0
0
0
0
0
0
0
0
0
0
3
9
8
4
0
0
0
5
9
9
4
0
0
0
0
0
0
0
0
1
0
1
0
0
2
1
1
1
0
1
7
3
0
1
1
0
0
1
12
24
0
0
10
9
0
0
0
0
0
0
0
0
1
0
0
0
0
0
0
0
0
1
2
2
0
4
1
0
0
0
0
0
0
0
0
0
2
15
26
74
175
290
433
401
291
192
137
127
265
389
336
379
361
314
459
577
524
323
379
482
491
448
389
310
306
338
338
343
380
353
267
210
306
418
469
377
613
771
829
779
847
1008
1149
1166
1248
955
934
1146
1188
1139
902
976
938
814
654
596
532
469
354
298
379
652
962
1063
1087
1184
1200
1201
1048
1149
1034
863
801
871
946
990
870
708
573
811
967
877
854
921
1038
1144
1167
1396
1667
1827
1823
1658
1534
1133
725
438
278
235
202
187
209
255
330
346
296
287
452
481
483
532
548
569
520
441
435
480
578
609
677
790
796
688
456
188
129
94
81
367
62
123
259
295
308
330
306
253
206
160
147
89
62
44
8
4
4
3
0
0
0
0
0
0
2
8
35
67
97
124
190
199
206
192
196
158
101
38
2
1
3
14
29
28
19
50
48
84
72
76
58
46
26
30
16
5
4
0
0
0
0
0
0
0
1
0
0
0
1
1
0
0
0
1
0
3
4
1
5
0
7
5
8
2
0
6
0
0
0
0
0
0
0
0
0
0
1
0
0
0
0
0
0
0
13
8
0
2
3
0
0
0
0
0
0
0
0
0
0
0
0
0
0
0
1
13
2
0
0
3
2
0
0
0
0
1
0
0
0
0
0
0
0
0
0
0
0
1
1
0
2
1
2
0
0
2
3
0
9
10
0
3
7
3
0
0
0
0
0
0
0
0
0
0
0
0
0
0
0
0
0
0
0
0
2
12
4
0
0
3
5
1
0
0
0
0
0
0
0
0
0
0
0
0
0
0
0
0
0
0
4
12
9
117
221
278
279
187
67
20
8
0
0
0
0
15
27
2
0
7
5
7
18
33
24
3
0
0
0
0
0
0
0
0
0
0
0
0
0
0
0
0
0
0
0
0
0
0
0
8
8
0
4
5
1
0
0
0
0
0
0
0
0
0
0
0
0
0
0
5
16
1
0
4
4
0
0
0
0
0
0
0
0
3
4
0
0
0
0
0
0
0
0
0
0
0
0
0
0
0
6
16
0
0
4
6
1
0
0
0
0
0
0
0
0
0
0
0
0
0
0
1
17
5
0
2
10
3
0
2
0
1
0
0
0
1
2
0
2
13
2
0
0
3
4
0
0
0
0
0
0
0
0
0
0
0
0
0
0
0
0
0
0
0
0
0
0
0
13
12
0
5
6
1
0
0
0
0
0
2
0
0
0
0
0
0
0
0
0
0
0
0
0
0
0
0
0
0
0
0
0
0
0
0
0
0
0
0
0
0
0
0
0
0
0
0
0
1
13
94463
94946
0
0
0
0
0
0
0
0
0
0
0
0
0
0
0
0
0
0
0
0
0
0
0
0
0
0
