0
0
0
0
8
5
27
19
46
20
2
17275
22
52
63
66
52
79
45
49
55
5
7
16
24
24
18
9
8
15
20
19
30
29
54
76
118
170
240
255
255
241
202
157
119
73
41
15
2
8
1
2
16
18
5
0
0
1
2
0
0
0
0
5
12
19
35
53
94
117
162
226
248
236
250
236
238
244
263
259
222
205
174
115
80
42
20
4
0
0
0
0
2
17
16
5
7
0
0
7
37
40
0
2
0
0
0
0
0
1
13
3
23
24
7
0
0
9
5
0
0
0
0
0
0
0
0
3
5
0
0
0
0
0
0
0
0
0
1
2
1
0
1
0
0
0
2
2
6
12
5
6
6
13
14
40
28
30
52
83
90
95
65
69
55
61
60
53
25
25
23
13
4
0
6
3
3
2
2
2
43
0
9
25
22
14
25
32
46
57
128
189
244
300
304
342
359
336
288
271
318
318
271
281
355
369
361
410
466
446
499
478
425
390
406
389
356
333
294
210
172
139
88
65
20
23
15
16
5
0
1
3
25
68
118
132
195
280
318
345
437
444
384
390
386
343
304
275
265
218
176
129
136
140
91
76
41
31
27
32
41
22
16
8
9
9
18
7
5
19
52
70
84
73
56
58
36
57
19
25
18
10
37
45
24
7
3
9
20
31
28
46
67
61
59
34
21
14
27
26
13
7
8
3
1
28
165
193
154
139
162
109
80
67
84
125
67
143
140
96
53
36
8
7
7
5
12
8
16
7
5
10
6
10
7
21
49
71
163
374
270
161
222
431
535
534
501
492
581
579
529
477
396
390
352
345
259
210
168
136
86
103
149
175
151
177
278
312
367
419
543
626
679
727
841
751
685
676
533
450
363
243
142
46
20
10
2
2
10
22
28
34
37
53
56
60
50
50
30
24
23
20
7
4
11
6
11
55
50
39
17
1
3
8
12
0
7
3
6
26
45
51
61
45
13
19
24
7
3
0
0
0
0
0
0
0
4
14
23
13
2
0
0
0
7
14
9
0
0
0
0
0
0
0
0
0
0
0
0
0
0
0
0
9
2
0
0
4
2
0
0
0
0
0
0
0
0
0
0
0
0
0
0
0
0
0
0
0
0
0
0
0
0
0
0
0
0
0
0
0
0
0
0
0
0
0
0
0
0
0
0
0
0
0
0
0
0
0
0
0
0
0
0
0
0
0
0
0
0
0
0
0
0
0
0
0
0
1
0
0
0
0
0
0
0
0
0
0
0
0
0
2
0
0
0
0
0
0
0
2
12
20
51
97
129
161
177
180
175
164
125
91
88
76
59
38
17
4
1
4
0
0
1
1
3
1
0
0
0
0
0
1
1
1
2
1
0
0
0
0
0
0
0
0
0
0
0
0
0
0
0
0
0
0
0
0
0
0
0
0
0
0
0
0
1
7
8
0
1
2
8
6
3
0
0
0
0
0
1
0
0
0
0
1
0
0
0
0
0
0
0
0
0
0
0
0
0
0
0
1
0
0
0
0
0
0
0
0
0
0
0
0
0
0
0
0
0
0
0
0
0
0
0
0
0
0
0
0
0
0
0
0
0
0
0
0
0
0
0
8
15
3
0
0
0
1
2
3
1
0
3
4
2
9
13
10
0
3
1
0
1
8
4
16
11
0
1
10
0
0
0
3
0
0
0
0
0
0
0
1
0
0
0
0
0
0
0
0
0
0
0
0
0
0
0
0
0
0
0
0
0
0
4
9
3
0
0
2
0
0
0
0
0
0
0
0
0
0
0
0
0
0
2
0
0
1
0
6
14
4
0
0
0
0
0
0
0
0
0
0
0
0
0
0
0
0
0
0
0
5
19
31
30
5
4
13
34
20
1
7
22
3
16
59
52
51
76
75
37
10
13
7
2
0
0
0
1
0
2
0
0
8
25
19
2
6
11
23
25
27
20
23
18
32
29
17
18
19
23
16
21
15
9
5
4
1
1
0
2
0
3
1
4
6
4
0
1
1
0
0
0
0
0
0
0
0
0
6
8
0
0
3
2
1
0
0
0
0
0
0
0
0
0
0
0
0
0
0
0
0
0
0
0
0
0
6
11
13
4
6
0
0
13
19
0
0
0
0
13
25
11
0
28
36
8
2
21
25
6
1
3
16
15
7
4
0
0
0
0
0
0
0
0
6
7
1
0
0
0
0
0
0
0
0
0
0
0
2
0
0
1
12
11
30
35
23
9
11
4
1
1
1
0
0
3
11
11
11
21
19
18
25
35
21
3
3
0
0
0
2
5
6
0
0
0
0
0
0
0
2
3
11
2
0
0
0
0
0
1
4
5
3
0
0
0
1
0
0
0
0
0
0
0
0
0
0
0
0
1
19
48
46
27
6
0
4
0
0
0
0
0
6
6
8
2
0
3
6
7
11
0
0
25
49
5
9
36
22
2
10
3
9
19
59
79
42
14
6
27
35
10
3
17
49
6
33
6
5
11
0
0
23
24
0
3
10
0
0
1
0
24
12
0
1
6
4
0
4
5
10
19
59
125
206
158
119
67
75
64
60
93
162
209
315
375
377
346
252
198
122
105
71
20
17
30
2
3
11
8
27
1
1
14
16
3
1
0
0
0
0
0
1
2
8
9
23
12
10
8
17
7
7
12
8
11
11
8
7
10
3
2
6
8
28
57
74
117
114
106
135
180
230
256
246
200
167
162
140
97
72
72
41
35
43
16
19
9
3
0
0
0
0
0
0
0
0
0
0
0
0
0
0
0
0
0
0
0
3
7
2
0
0
3
8
5
26
36
48
51
76
81
64
56
42
50
38
23
14
14
13
13
10
11
3
2
2
0
0
0
0
1
4
5
0
0
0
0
0
0
0
0
0
0
0
0
0
0
0
0
0
0
0
1
0
0
0
0
0
0
0
0
0
0
1
3
2
1
0
0
0
0
0
0
0
0
0
0
0
13
7
0
2
3
1
0
0
0
0
0
0
0
0
0
0
0
0
0
0
0
0
0
0
0
0
0
0
0
0
0
1
0
0
0
8
0
0
0
0
0
0
1
0
2
9
29
18
0
30
12
1
14
2
0
0
0
0
0
0
0
0
1
0
8
21
29
0
4
1
3
0
13
30
15
0
0
0
0
0
0
0
0
0
0
0
0
0
0
0
0
0
0
0
0
0
0
0
0
0
0
1
10
28
44
46
77
84
49
6
10
44
14
27
22
2
0
5
17
1
0
0
17
15
0
0
0
0
2
3
0
20
35
1
3
0
2
1
3
9
12
22
23
19
38
6
55
53
0
56
3
2
5
17
0
0
0
0
24
32
0
0
10
23
2
0
2
5
0
0
0
0
0
0
0
0
0
10
5
0
0
0
4
10
0
0
0
1
0
6
1
25
4
14
23
41
91
157
222
270
325
334
324
301
269
244
199
145
102
67
46
39
12
25
3
0
0
5
3
1
5
21
8
1
10
0
0
2
1
0
3
6
10
18
13
0
5
13
11
4
0
0
0
0
10
0
19
25
9
0
5
17
18
30
32
55
56
95
101
132
146
166
196
204
177
159
137
125
113
101
79
72
61
56
38
39
36
33
34
21
13
10
10
5
5
2
3
4
2
0
0
0
0
0
0
0
0
0
0
0
0
0
0
0
0
0
8
19
4
0
4
6
3
0
0
0
0
0
0
0
0
0
0
0
0
0
0
0
1
29
92
145
124
104
99
122
49
0
70
161
128
32
8
42
8
11
19
23
5
1
0
0
4
17
3
0
2
0
0
0
0
1
0
5
21
8
0
5
5
2
0
1
4
0
0
0
2
2
0
0
0
0
0
0
0
0
0
0
0
1
1
0
0
0
0
8
124
217
144
0
34
151
79
5
55
119
34
0
3
11
5
58
103
1
11
52
18
5
6
11
4
0
9
13
3
0
0
0
0
3
10
13
2
0
1
3
7
3
0
0
0
1
3
1
0
0
0
1
0
0
0
0
0
0
0
0
0
0
0
0
0
0
0
1
0
0
0
0
0
0
0
0
0
0
1
1
1
8
18
27
44
50
5
2
12
15
7
13
5
0
0
4
5
0
1
1
1
0
0
0
0
0
0
0
1
1
0
0
0
0
0
0
0
5
0
0
0
0
0
2
0
0
0
0
0
0
0
0
0
0
0
0
0
1
0
1
0
1
1
0
0
0
0
0
0
0
0
0
0
2
4
1
0
0
0
0
0
0
0
0
0
0
0
0
0
0
0
1
0
0
0
0
2
0
0
2
1
0
0
0
0
0
2
3
21
44
34
4
1
5
2
1
2
0
2
7
1
3
4
0
6
6
0
0
0
0
0
0
0
0
0
0
0
0
0
0
0
0
0
0
0
0
0
1
3
0
0
0
0
0
0
0
0
0
0
0
0
0
0
0
0
0
0
0
0
0
0
0
1
0
0
0
0
0
2
2
0
1
0
0
0
0
0
0
0
0
0
0
0
0
0
0
0
0
0
0
0
0
0
8
11
3
0
6
5
0
0
0
0
0
0
0
0
0
0
0
0
0
0
0
0
0
0
10
8
0
0
3
5
0
0
0
0
0
0
0
0
2
46
26
0
5
12
28
1
0
0
0
0
0
0
0
0
0
0
0
0
0
0
0
0
0
0
0
0
0
0
0
0
0
0
0
0
0
0
0
0
0
0
0
0
0
0
0
0
0
0
0
0
0
0
0
0
0
0
0
0
0
0
0
0
0
0
0
0
0
0
0
0
0
0
0
0
0
0
0
0
0
0
0
0
0
0
0
15
11
0
5
4
2
0
0
0
0
0
0
0
0
0
0
0
0
0
0
0
0
0
1
9
34
52
51
64
89
98
103
121
131
181
280
294
284
259
234
215
166
98
57
21
15
2
10
24
31
12
4
0
5
0
17
0
0
8
1
0
0
0
0
2
16
17
48
32
0
15
6
14
14
12
8
14
17
18
16
8
4
8
7
6
13
51
136
285
420
555
691
784
907
988
1004
1003
950
848
761
744
731
714
636
334
185
193
221
193
165
234
303
253
186
521
854
790
595
316
212
267
373
267
88
62
95
117
123
90
90
34
35
22
11
29
32
37
105
90
85
93
236
429
505
525
580
532
516
542
602
592
512
545
603
600
691
561
379
398
396
373
441
465
429
412
354
284
200
144
109
78
60
52
52
41
37
34
19
9
4
7
4
0
0
0
1
0
0
0
0
0
0
0
0
1
0
0
0
0
0
0
0
0
0
0
0
0
0
0
0
0
0
2
1
0
1
0
0
0
0
0
0
0
0
0
1
4
22
26
44
43
71
111
190
317
407
468
478
449
433
357
271
171
88
23
6
1
2
5
0
0
1
0
1
0
0
0
0
2
0
1
1
21
33
20
2
7
24
10
1
0
0
0
0
0
0
0
0
0
0
0
0
0
1
0
0
0
0
11
32
18
0
1
0
0
0
0
0
0
0
0
0
0
0
0
0
7
23
16
0
0
0
0
0
0
0
0
0
0
0
4
16
23
11
0
0
21
61
9
6
2
4
0
2
15
26
3
0
13
14
0
0
0
19
38
10
0
5
35
4
0
3
0
0
0
0
0
0
0
0
0
0
0
0
0
0
0
0
0
0
0
0
0
0
0
0
0
0
10
31
28
4
3
1
0
0
0
0
0
0
0
0
0
0
0
0
0
0
0
0
1
6
0
0
0
0
0
2
0
0
0
0
0
0
0
0
0
4
5
1
0
0
0
0
1
1
2
12
3
4
2
0
0
0
0
0
0
2
0
0
0
4
0
4
11
14
16
3
23
6
1
2
1
4
4
23
38
27
1
0
3
24
61
38
9
0
0
0
0
0
0
0
0
0
2
8
4
1
2
6
1
0
0
0
3
0
0
9
2
1
0
12
3
0
1
4
6
3
3
0
0
0
0
0
0
0
0
0
0
0
0
0
0
0
0
0
0
0
0
0
0
0
0
0
0
0
0
0
0
0
0
0
13
163
214
156
45
0
4
57
111
100
99
73
46
39
26
13
6
6
3
3
5
1
3
7
19
12
8
14
10
10
8
0
0
3
10
11
11
6
0
0
0
1
3
0
0
1
1
0
0
5
6
1
0
0
0
0
0
0
0
0
0
0
0
0
0
0
0
0
0
0
0
0
0
0
0
0
0
0
0
0
0
0
0
0
0
0
0
0
0
0
0
0
0
0
0
0
0
0
0
0
0
0
0
0
0
0
0
0
0
0
0
0
0
0
0
0
0
0
0
0
0
0
0
0
0
9
9
0
0
2
2
2
0
0
0
0
0
0
0
0
0
0
0
0
0
0
0
0
0
0
0
0
0
0
0
0
0
0
0
0
0
0
0
0
0
0
0
0
0
0
0
0
0
0
0
0
0
0
0
0
0
0
0
0
0
0
0
0
24
27
17
0
0
0
0
1
12
12
10
0
0
0
0
0
0
0
0
0
0
0
0
0
0
0
0
0
0
0
0
0
0
0
0
0
0
0
0
0
0
0
0
0
0
0
0
0
0
0
0
0
0
0
0
0
0
0
9
6
0
1
6
1
0
12
29
1
6
18
24
12
0
0
20
55
41
25
10
41
47
39
0
45
46
47
16
60
63
40
1
38
37
0
26
39
0
0
0
9
0
7
4
0
0
0
0
0
0
0
0
0
3
24
37
8
28
48
0
0
1
25
30
0
34
16
1
16
32
5
31
33
0
0
13
26
3
25
13
0
23
31
4
25
29
0
18
34
18
16
41
6
0
5
29
16
17
36
1
0
0
0
0
0
0
0
0
0
0
0
0
0
0
0
0
0
0
0
0
0
0
1
1
1
0
0
0
0
0
4
0
0
0
1
0
0
0
0
29
14
2
8
8
1
0
0
0
0
0
4
18
12
5
0
0
6
21
11
13
5
3
11
10
0
0
0
0
39
0
8
15
2
0
0
0
0
0
0
0
2
0
0
0
0
0
7
17
9
4
9
64
130
138
179
247
310
400
402
384
372
404
455
559
700
782
813
892
639
550
536
403
292
288
522
704
867
999
1013
1089
1129
1066
938
714
522
362
235
162
75
41
42
53
50
21
38
35
35
40
7
14
17
16
14
15
16
41
27
17
11
19
10
33
37
16
2
2
1
17
37
21
0
11
23
27
22
9
4
1
11
7
3
6
4
2
2
6
14
12
1
2
21
23
11
0
12
19
20
19
8
2
9
22
25
12
4
18
4
20
12
6
24
47
65
120
162
156
146
121
111
52
42
40
36
39
93
141
169
333
506
580
635
660
666
569
567
516
307
193
142
112
87
33
50
73
22
8
38
80
105
204
296
387
484
563
709
790
1008
1382
1651
1803
1717
2063
2031
2091
1998
1573
1147
586
788
1102
1305
1323
1064
842
553
371
266
229
289
270
247
236
201
118
58
44
62
67
29
44
46
60
66
69
68
65
65
48
22
4
3
11
0
0
0
0
1
39
60
52
28
18
21
19
9
4
2
0
10
11
3
40
34
0
26
0
0
0
0
6
0
0
0
4
31
15
1
2
0
1
7
2
18
20
0
0
13
15
5
1
0
0
0
0
0
0
0
0
0
0
0
0
1
13
27
21
0
13
7
4
3
13
5
0
1
5
14
19
10
4
9
57
164
362
419
249
171
40
60
88
146
209
275
432
503
478
236
22
56
197
254
146
20
6
82
158
204
146
37
11
70
90
54
9
1
0
2
8
20
22
57
81
47
27
28
28
8
0
0
28
42
44
15
3
4
10
0
0
0
0
0
0
0
5
14
15
17
8
29
36
55
73
46
44
40
27
28
18
21
22
23
21
28
55
121
208
288
325
321
300
280
243
190
148
93
56
46
29
31
19
5
9
6
1
2
3
6
0
0
0
0
0
1
1
0
0
0
0
0
0
0
0
3
0
0
0
0
0
0
0
0
0
1
1
1
2
0
0
0
1
0
0
0
0
0
0
0
0
0
0
0
0
4
5
0
4
10
7
2
5
57
33
67
89
104
147
141
153
131
111
90
80
89
78
77
67
54
39
34
27
17
7
2
0
0
0
1
0
0
1
0
0
0
0
0
0
0
0
0
0
0
0
0
0
1
0
0
0
0
0
0
0
0
0
0
0
0
0
0
0
0
0
0
0
0
0
0
0
0
0
0
0
0
0
0
0
0
0
5
11
0
0
5
6
0
0
0
0
0
0
0
0
0
0
0
0
0
0
0
0
0
0
0
0
0
0
0
0
0
0
0
0
0
0
0
0
0
0
0
0
0
0
0
0
0
0
0
0
0
0
0
0
0
0
0
0
0
0
0
0
0
0
0
0
0
0
0
3
19
4
2
1
5
12
8
0
0
0
0
0
5
6
0
0
4
4
0
1
0
2
3
0
0
0
0
7
0
5
14
14
2
0
3
4
1
3
2
0
4
6
3
6
0
3
21
0
38
31
0
3
15
20
3
0
9
12
13
4
3
0
0
4
9
16
11
9
5
0
0
0
0
0
0
0
0
0
0
0
0
0
0
0
1
12
5
0
1
2
1
0
1
4
0
0
0
0
0
0
0
0
0
0
0
0
0
0
0
0
0
0
0
0
0
1
27
68
56
5
14
15
4
18
22
5
2
6
0
0
9
19
7
0
1
0
0
0
0
0
33
48
24
0
7
12
0
0
0
0
0
0
0
0
0
0
0
0
4
0
0
0
0
0
1
12
4
0
0
0
0
15
16
7
0
0
0
0
0
0
0
0
0
0
0
0
0
0
0
0
0
0
0
0
0
0
0
0
0
0
0
0
0
1
0
0
0
0
0
0
0
0
0
0
0
0
0
0
0
0
7
0
16
21
0
0
0
2
3
10
0
0
7
0
8
4
0
0
3
6
7
2
4
24
11
5
7
7
2
0
0
0
0
18
24
0
0
6
12
0
4
4
0
0
8
1
0
0
1
7
17
0
0
14
18
5
0
0
10
30
19
0
0
5
2
4
14
13
25
87
152
206
182
165
135
127
54
18
30
72
144
178
152
134
107
100
80
67
32
22
38
25
32
41
59
44
44
28
17
24
36
31
18
12
2
0
0
0
0
0
0
0
0
0
0
0
0
0
0
3
4
0
0
2
0
0
1
0
0
0
4
3
14
0
0
0
0
0
0
0
0
0
0
0
0
9
20
0
2
9
3
0
0
0
0
0
4
9
7
20
15
0
0
0
0
0
0
0
0
0
0
0
0
0
0
0
0
0
0
0
0
0
0
0
0
0
0
0
0
0
0
8
1
0
0
0
2
2
12
0
0
0
0
4
15
4
1
6
0
21
4
18
37
0
1
5
0
10
21
1
0
0
0
2
12
11
6
0
0
0
0
3
0
0
0
0
0
0
1
1
4
0
0
0
0
0
0
0
0
0
0
0
0
0
0
0
0
0
0
0
0
0
0
0
0
0
0
0
0
0
0
0
0
0
0
0
0
0
0
0
0
0
1
0
0
0
0
0
0
0
0
0
0
0
0
0
0
0
0
0
0
0
0
0
0
0
11
20
0
7
21
22
32
61
90
129
98
85
95
55
17
4
62
96
18
12
27
26
7
0
12
10
9
16
0
5
14
6
0
0
4
1
2
0
0
0
2
0
0
0
0
2
9
0
9
23
0
0
0
0
3
9
7
0
0
8
0
16
6
36
0
8
4
5
9
12
16
17
50
0
3
26
2
7
38
31
0
16
5
2
6
27
10
0
0
0
0
0
0
1
0
0
0
10
23
5
0
2
1
0
3
5
0
0
24
5
0
1
5
16
154
319
409
497
458
398
383
317
267
180
158
106
82
39
26
16
8
6
6
1
0
0
6
22
34
45
80
133
207
303
288
246
249
248
258
252
300
274
266
226
204
191
136
131
134
104
63
63
100
139
174
234
353
368
389
435
487
554
542
486
498
460
417
420
351
264
216
205
152
129
125
115
109
73
60
25
6
3
0
0
0
0
0
0
0
0
0
0
0
0
7
14
0
0
8
4
0
0
0
0
0
0
0
0
0
0
0
0
0
0
0
0
0
1
0
0
0
1
0
0
0
0
0
0
0
0
0
0
0
0
0
0
5
26
24
3
0
0
0
0
0
0
0
0
0
0
0
0
0
0
25
17
0
18
23
10
16
3
30
97
47
40
45
24
12
1
20
1
29
26
1
0
0
0
14
2
0
12
6
21
0
0
26
26
1
44
34
0
3
34
41
11
0
18
8
0
0
2
2
0
0
0
0
0
1
7
0
0
0
0
0
0
1
0
0
0
0
2
4
1
6
12
2
0
0
0
0
0
0
0
0
0
0
0
0
0
0
0
0
0
1
2
7
15
5
0
7
8
4
2
1
0
1
0
0
0
0
0
0
0
0
0
0
0
0
0
0
0
0
4
5
0
0
0
0
1
0
0
0
0
0
0
0
0
0
0
0
0
0
0
0
0
0
0
0
0
2
1
1
0
0
0
0
0
0
0
0
0
0
0
0
0
0
4
17
44
51
21
1
37
40
35
16
3
5
5
3
0
0
0
0
11
12
0
0
0
0
0
0
0
0
0
0
1
2
0
0
0
0
0
4
13
4
6
0
0
15
19
4
0
0
0
0
0
0
0
0
0
0
4
6
0
0
1
4
6
10
13
13
8
15
9
0
8
14
3
0
0
0
1
6
14
35
40
54
61
67
43
26
19
12
9
6
1
0
0
0
0
30
16
0
2
9
0
11
8
10
53
46
20
0
20
41
60
71
47
27
28
12
1
0
7
6
2
1
0
0
0
0
0
0
0
0
0
0
0
0
0
0
0
0
0
0
0
0
1
1
0
0
0
5
24
41
21
2
0
0
0
0
0
0
0
0
0
0
0
0
0
0
0
0
0
0
0
0
0
0
0
0
0
0
0
0
0
0
0
0
0
0
0
0
0
0
0
0
9
17
4
3
6
5
0
0
1
0
0
0
0
0
0
0
5
11
3
3
2
0
0
0
0
0
0
1
2
0
0
1
2
1
0
0
1
0
5
31
70
168
305
382
380
320
192
87
110
158
119
57
23
35
37
85
160
238
206
134
96
129
156
161
154
140
102
144
157
221
243
219
153
120
88
46
16
29
8
0
15
4
0
0
7
23
60
75
68
95
114
119
106
40
4
0
0
0
0
0
1
0
5
4
5
17
41
52
44
37
62
81
87
86
88
120
130
105
103
130
127
109
99
91
68
59
58
46
27
8
7
3
1
0
0
3
0
0
1
0
0
0
0
0
1
0
0
0
0
0
0
0
0
0
0
13
18
1
0
0
0
0
0
0
0
0
0
0
0
0
0
0
0
0
0
0
0
0
0
0
2
4
1
2
2
0
0
0
0
7
7
1
2
40
92
74
49
25
41
22
8
14
8
0
4
7
10
29
21
27
0
2
1
6
9
11
17
36
29
31
35
62
54
48
58
58
65
56
84
63
91
93
115
140
143
148
174
163
230
109
91
54
24
60
18
32
5
8
19
20
17
10
0
5
1
0
2
1
2
9
2
7
2
2
1
0
0
0
0
7
29
43
37
99
83
29
2
4
7
11
7
10
1
54
83
100
99
133
152
58
2
0
0
0
16
44
66
59
62
57
80
46
10
10
5
3
3
3
6
5
2
0
0
0
0
0
0
2
12
54
68
85
54
23
0
17
28
19
13
2
0
1
2
10
24
41
24
7
0
6
2
0
0
1
11
47
52
97
107
112
69
63
95
124
97
94
90
70
13
2
32
86
196
337
312
173
34
3
4
1
18
14
0
0
5
10
0
0
0
12
14
0
0
0
0
0
0
2
8
51
179
323
318
199
58
6
0
2
13
16
24
18
13
6
2
0
0
0
0
0
0
0
0
0
0
10
19
28
23
1
0
0
12
25
18
4
0
15
0
29
0
24
63
1
0
1
0
5
21
20
9
0
5
6
0
0
10
0
11
2
0
4
1
10
2
0
24
3
0
0
9
6
0
11
17
7
0
0
0
0
0
4
18
14
0
0
0
0
0
0
0
2
3
11
8
4
9
11
7
30
16
5
5
3
2
0
9
22
0
0
0
0
2
0
2
1
1
23
2
1
0
0
0
0
0
0
0
0
0
0
0
0
0
0
0
0
0
0
0
0
0
0
0
0
0
0
0
0
0
0
0
0
0
0
1
0
0
1
6
3
2
0
2
1
4
2
3
5
6
1
0
1
2
11
15
1
6
12
3
1
0
0
2
4
2
0
2
0
0
0
0
0
1
0
0
0
0
0
0
0
0
0
0
0
0
0
0
1
0
0
0
0
0
0
0
0
0
0
0
0
0
0
0
0
0
0
0
0
0
0
0
0
0
0
0
0
0
0
0
0
0
0
0
0
0
0
0
0
0
0
0
0
0
0
0
0
0
0
0
0
0
0
0
0
0
0
0
0
0
17
104
246
313
392
398
376
371
305
237
199
144
100
91
57
44
24
21
7
3
3
1
0
4
5
0
0
0
0
0
0
0
0
3
4
4
2
1
14
0
0
2
3
0
2
0
0
0
12
6
6
26
35
26
30
2
0
0
0
0
0
0
0
0
2
2
4
5
5
1
0
1
0
0
0
0
0
0
0
0
0
1
0
15
23
5
4
0
0
0
0
0
0
0
0
0
0
0
0
0
0
0
0
2
4
0
0
0
0
0
0
0
1
0
0
0
0
0
0
0
0
0
0
0
1
4
6
1
2
2
0
1
5
22
30
20
12
9
11
0
0
0
0
0
0
7
11
13
5
6
3
1
3
1
0
0
0
0
0
0
0
0
0
0
0
0
8
12
12
6
3
1
2
1
4
16
23
44
66
96
142
163
160
165
153
167
159
140
129
100
82
78
83
65
71
82
84
89
88
74
94
117
98
56
30
7
3
1
0
1
5
37
47
53
17
5
3
5
14
23
22
29
20
12
4
0
0
0
0
1
9
16
6
3
3
12
13
3
0
0
0
9
19
27
25
17
5
1
0
2
2
0
0
0
0
0
0
12
10
19
26
18
4
16
26
17
4
0
0
0
0
0
0
0
0
0
0
0
0
0
0
2
3
4
7
4
0
0
0
2
7
18
9
6
1
5
4
0
0
0
0
7
28
36
27
4
0
14
12
0
11
29
19
19
10
0
0
0
0
0
0
0
0
2
1
0
0
0
0
0
0
0
0
0
0
0
0
0
1
0
0
0
0
0
0
0
0
0
0
0
0
0
0
0
0
0
0
0
0
0
0
0
0
0
0
0
0
0
0
0
0
13
205
318
248
93
55
197
278
320
317
274
165
3
3
151
257
306
316
285
232
163
75
9
1
39
138
202
261
291
283
285
233
132
35
4
0
18
89
120
187
215
220
207
159
94
35
6
1
12
32
96
151
165
192
213
207
160
81
34
15
4
3
10
9
8
7
0
0
0
0
0
0
0
0
0
0
0
0
0
0
0
0
0
4
13
2
1
4
2
0
0
0
0
0
0
0
0
0
0
0
0
0
0
0
0
0
0
0
0
0
0
0
0
0
0
1
0
0
0
0
0
0
0
0
0
0
0
0
0
0
0
0
0
0
0
0
0
0
0
0
0
0
0
0
0
0
0
0
0
0
0
0
0
0
0
0
0
0
0
0
0
0
0
0
2
0
0
0
0
0
0
0
0
0
0
0
0
0
0
0
0
0
0
0
0
0
0
0
0
0
0
0
0
0
0
0
0
0
0
0
0
0
0
0
12
11
31
64
64
43
47
48
43
31
18
13
14
10
18
21
4
20
6
4
17
3
13
15
9
14
0
3
1
0
2
0
33
0
13
28
18
0
0
0
1
12
6
2
1
0
0
0
1
7
8
9
2
0
0
2
17
0
0
0
0
6
0
0
0
0
17
39
10
47
56
37
49
70
72
124
137
290
389
358
324
280
181
97
73
60
66
80
112
136
109
67
34
26
31
45
59
97
78
63
33
26
28
25
3
0
0
0
0
0
0
0
0
8
12
0
0
0
5
11
1
0
8
33
26
1
0
0
8
41
42
22
15
20
6
0
0
4
1
2
1
0
14
7
4
0
0
0
0
0
0
0
0
0
0
1
4
11
27
88
213
433
597
671
789
808
797
859
964
875
673
467
268
192
215
230
216
165
101
81
44
15
27
23
28
23
20
8
13
5
6
1
4
15
15
40
99
224
311
336
356
410
420
408
401
372
308
246
206
186
119
106
73
162
207
311
317
360
470
565
777
951
1172
1311
1482
1700
1763
1742
1814
2059
2107
2317
2464
2689
2792
2940
3212
3338
3484
3564
3558
3459
3077
2717
2397
2150
1909
1595
1344
1175
1097
1097
1184
1347
1407
1578
1754
1948
2062
2171
2180
2016
1869
1857
1766
1768
1781
1743
1653
1612
1447
1374
1251
1115
987
888
693
497
335
257
211
217
269
339
430
398
397
413
381
357
307
251
214
169
143
103
71
60
67
63
43
32
21
13
19
1
10
7
3
1
0
1
0
0
0
1
0
0
1
0
1
3
5
15
42
10
10
18
9
12
10
8
3
17
21
15
5
3
2
0
1
1
3
0
0
3
26
8
0
6
5
4
0
0
0
2
2
0
0
0
5
6
0
0
0
0
1
0
0
0
3
0
1
23
28
3
0
17
7
2
7
26
28
0
13
42
17
0
0
5
0
3
10
0
5
0
1
4
0
0
0
8
15
18
24
4
2
0
0
0
0
1
5
1
0
8
23
30
6
0
0
0
0
0
0
6
7
9
7
10
2
0
8
7
2
3
1
1
2
5
8
11
0
0
0
0
1
6
0
0
0
1
0
1
4
0
0
3
2
2
0
0
22
43
4
5
11
12
2
1
21
6
1
4
0
2
1
0
0
0
0
1
0
0
0
2
3
0
0
0
0
0
0
0
0
0
0
0
0
0
0
2
0
0
0
0
0
0
0
0
7
0
0
0
0
0
0
0
0
0
0
0
0
0
0
0
0
0
0
0
0
0
0
0
0
0
0
0
0
0
0
0
3
3
0
0
0
0
0
1
1
1
0
0
0
0
3
6
12
8
0
0
0
2
0
0
0
0
0
0
0
0
0
0
0
4
7
17
6
2
3
3
0
4
8
17
7
0
4
4
1
2
1
0
2
0
0
0
0
0
0
0
0
0
0
0
0
0
0
0
0
0
0
0
0
0
0
0
0
0
0
0
0
0
0
0
0
0
0
0
0
0
5
6
0
0
7
2
0
0
0
0
0
0
2
2
1
0
1
13
20
21
2
0
0
1
16
40
28
0
0
2
22
32
2
31
2
23
27
12
0
29
17
0
7
14
26
12
0
0
0
0
0
0
0
0
30
34
7
0
1
0
0
0
0
0
1
2
3
1
0
0
0
0
0
0
0
0
0
13
22
0
31
17
1
3
11
6
11
18
10
54
55
31
0
22
40
31
2
0
2
1
1
1
2
0
0
0
0
1
0
5
4
0
0
0
0
0
0
1
1
1
0
0
0
0
0
0
0
0
0
0
0
0
0
0
0
0
0
0
0
0
4
21
11
0
1
3
7
13
0
0
0
0
0
0
0
0
0
0
0
0
0
0
0
0
0
0
0
0
0
0
0
0
0
0
0
0
0
0
0
0
0
0
0
0
0
0
0
0
0
0
0
0
0
0
0
0
0
0
0
0
0
0
0
0
0
0
0
0
0
0
0
2
1
37
68
86
94
116
98
69
29
1
27
112
145
121
74
37
1
0
0
0
0
0
0
0
0
0
0
0
0
3
9
13
8
1
0
12
10
0
0
0
0
0
0
0
1
5
6
1
0
1
0
0
0
0
3
3
1
1
0
0
0
0
0
0
0
0
0
0
0
0
0
0
0
0
0
0
0
0
0
0
0
0
0
0
0
0
0
0
0
0
0
0
0
0
0
0
0
0
0
0
0
0
0
0
0
0
0
0
0
0
0
0
0
0
0
0
0
0
0
0
0
0
0
0
0
0
0
0
0
0
0
0
0
0
0
0
0
0
0
0
0
0
0
0
0
0
0
0
0
0
0
0
0
0
0
0
0
0
0
0
0
0
0
0
0
1
0
0
0
0
0
0
0
0
0
0
0
0
0
11
10
4
0
4
8
4
1
0
0
0
0
0
0
0
0
0
0
0
0
0
0
0
0
0
0
0
0
0
0
0
0
0
0
0
0
0
0
0
0
0
1
2
0
0
4
60
83
67
41
20
11
2
0
0
0
1
1
0
2
0
0
0
0
0
0
1
18
37
5
3
6
0
0
0
1
0
0
0
0
8
1
0
1
40
44
4
11
23
38
34
28
18
25
33
12
0
1
0
2
18
24
16
2
23
40
48
24
29
49
50
69
100
183
195
157
153
235
223
202
162
149
233
338
317
246
238
312
367
405
465
582
681
781
787
799
773
746
713
641
596
534
471
455
420
326
236
278
212
217
294
363
431
509
581
656
729
766
818
776
775
842
828
827
760
700
700
671
609
536
461
397
310
240
182
148
130
142
125
145
157
147
141
116
120
111
105
119
148
124
152
168
181
173
175
177
182
164
165
97
47
13
17
16
11
11
4
2
2
1
1
4
7
2
3
25
27
13
16
15
38
29
25
34
31
13
18
11
25
1
10
9
9
3
8
1
2
5
9
10
14
2
6
10
5
0
1
0
1
0
0
0
0
0
0
2
13
10
5
91
187
168
54
46
60
44
10
10
13
12
10
16
9
4
3
2
0
9
13
2
6
1
0
18
3
0
0
4
0
4
13
3
3
1
0
1
0
8
9
2
6
0
0
1
0
0
0
0
0
1
1
0
0
0
0
5
4
2
3
1
0
1
1
0
1
0
0
0
0
0
0
0
0
0
0
0
0
0
0
0
0
0
0
0
0
0
0
0
0
0
0
0
0
0
0
0
0
0
0
0
0
0
0
0
0
0
0
0
0
0
0
0
0
0
0
0
0
0
0
0
0
0
0
0
0
0
0
0
0
0
0
0
0
0
0
0
0
0
0
0
0
0
0
0
0
0
0
0
0
2
1
0
0
0
0
0
40
104
218
253
138
8
4
34
97
85
41
21
9
9
75
97
58
7
3
0
5
7
1
4
7
17
29
0
2
7
0
0
0
1
11
0
0
4
16
78
148
177
140
52
11
2
3
28
50
25
0
2
7
0
0
7
5
0
0
1
2
1
0
0
0
0
1
1
0
0
0
0
0
0
0
1
0
0
0
0
0
0
0
0
0
0
0
0
2
15
21
20
3
0
0
0
0
2
7
11
4
0
0
0
0
0
0
0
0
0
1
3
2
0
1
1
6
1
0
0
0
0
0
0
0
0
0
0
2
4
4
5
3
0
0
0
0
0
0
0
0
0
0
0
0
0
0
0
0
0
0
0
0
0
0
0
0
0
0
0
0
0
0
0
0
0
2
0
0
0
0
0
1
0
0
0
0
0
0
0
0
0
0
0
2
4
1
3
10
42
58
175
316
448
490
489
404
332
263
205
140
104
92
65
49
31
30
35
9
22
38
41
19
20
51
41
17
2
38
78
70
128
135
172
218
277
304
297
293
299
279
247
246
203
157
131
97
64
46
20
4
0
0
0
0
0
0
0
0
12
41
17
0
0
0
0
0
0
0
0
1
0
1
0
0
0
0
1
7
13
16
14
7
22
13
6
8
10
2
0
0
0
0
0
0
2
7
5
0
0
0
0
0
0
0
0
4
12
25
8
4
4
0
8
17
7
5
13
10
1
0
0
0
0
0
0
2
4
6
3
9
3
3
0
10
20
21
20
6
0
0
0
0
0
37
76
79
28
23
32
41
22
18
18
22
48
19
8
8
7
21
12
15
9
12
16
8
17
25
16
30
38
54
44
40
12
5
3
1
0
0
0
0
0
0
0
0
0
0
0
0
0
0
0
0
0
0
0
8
4
1
0
0
0
0
0
0
0
0
0
0
0
0
0
0
0
0
25
141
204
208
167
161
148
125
78
37
28
19
27
27
6
11
19
22
0
30
23
0
2
5
12
8
4
10
7
4
2
1
6
22
38
48
34
29
35
27
25
18
19
4
0
0
0
2
1
13
28
21
30
22
22
18
21
12
24
50
81
146
228
293
372
395
387
358
326
288
215
170
120
93
66
42
21
20
10
2
0
0
0
1
1
4
3
0
0
0
0
0
0
0
0
0
0
1
2
0
0
0
0
0
0
0
0
0
0
0
0
0
0
0
2
2
0
0
0
0
0
0
0
0
0
0
0
0
0
0
0
0
0
0
0
0
0
0
0
0
0
0
0
0
0
0
0
0
0
0
0
0
0
0
0
0
0
0
0
0
0
0
0
0
0
0
0
4
11
1
0
0
1
2
1
2
1
0
0
0
0
0
0
0
0
0
2
2
0
0
0
0
0
0
0
0
0
0
0
0
0
0
0
0
0
0
0
0
0
0
0
0
0
0
0
0
0
0
0
0
0
0
0
0
0
0
0
0
0
0
0
0
0
0
0
0
0
0
0
0
0
0
0
0
0
0
0
0
0
0
0
0
0
0
0
0
0
0
0
0
0
0
0
0
0
0
0
0
0
0
3
26
27
19
19
13
13
8
7
1
0
0
1
0
1
2
1
0
0
0
0
2
17
27
75
125
183
219
243
275
267
290
273
234
250
250
236
235
193
186
207
102
80
40
8
24
33
43
47
16
0
0
0
0
0
0
0
0
1
35
43
33
18
0
0
4
5
10
12
0
2
11
16
9
7
1
0
0
35
11
9
6
10
7
1
0
12
8
0
0
0
3
1
0
0
0
4
0
0
0
0
1
0
1
8
12
1
0
0
0
0
0
0
0
0
0
0
0
0
0
0
0
0
0
0
0
0
0
0
2
10
0
0
0
0
0
30
59
62
6
38
53
21
20
25
14
12
9
5
6
17
32
39
39
28
11
2
0
0
0
0
2
2
0
0
0
0
0
0
0
0
0
0
0
0
0
0
0
0
0
9
0
0
1
0
0
0
0
0
0
0
0
0
6
23
36
40
28
44
55
68
34
26
24
32
32
0
0
6
11
8
5
1
6
19
184
545
700
594
377
121
96
103
167
187
169
129
83
56
69
59
62
35
35
7
2
3
8
15
6
5
3
0
1
0
0
0
0
0
0
0
0
0
0
0
0
0
0
0
0
0
0
0
0
0
0
0
0
0
0
0
0
0
0
0
0
1
7
9
3
3
4
1
0
0
0
1
0
0
0
1
0
0
0
0
0
0
1
0
1
3
6
5
1
20
24
5
0
2
5
11
6
2
2
3
0
0
0
0
0
0
0
0
0
0
1
0
0
0
5
2
0
0
0
0
0
7
11
14
2
0
0
0
1
0
0
0
0
0
0
1
0
0
0
0
0
0
0
0
0
0
2
4
16
27
17
17
13
3
4
2
1
1
4
6
6
6
17
18
22
23
21
10
15
11
3
2
0
0
0
1
1
1
1
0
2
3
0
0
0
0
0
1
3
1
1
0
1
0
0
0
0
0
0
0
0
0
0
1
3
17
12
3
4
8
8
4
1
0
4
4
0
0
0
0
0
0
0
0
0
0
0
0
0
0
0
0
0
0
11
19
16
4
0
22
53
25
4
11
24
7
0
7
7
4
11
3
0
1
0
0
1
3
5
11
31
29
34
26
21
22
14
7
7
3
1
0
0
11
44
159
276
277
192
79
65
165
371
442
409
354
352
333
266
142
49
13
60
147
286
306
257
171
117
89
60
8
5
9
34
38
9
1
2
5
18
6
0
0
3
0
0
0
0
0
0
0
0
0
2
0
0
1
0
3
34
77
53
26
4
9
8
4
7
9
2
7
7
16
24
17
16
6
5
24
20
12
16
11
3
8
3
1
0
2
1
0
0
0
0
1
5
0
0
0
0
0
0
0
0
0
0
0
0
1
0
0
0
9
13
7
4
0
2
0
0
0
2
37
21
8
4
0
0
0
0
6
15
2
0
5
7
0
0
0
0
0
0
0
0
0
0
0
0
0
0
0
0
0
0
0
0
0
0
0
0
0
0
2
0
0
0
5
0
1
2
7
0
25
25
0
4
26
20
0
26
35
5
0
0
3
0
4
1
0
5
9
3
0
0
0
1
0
0
0
1
0
16
8
0
20
6
0
0
0
6
17
17
3
1
26
13
6
16
0
11
7
0
0
0
0
0
0
0
0
5
10
0
10
38
25
1
21
74
136
168
213
231
273
328
413
466
796
1053
1128
1229
1136
1273
1754
1884
1855
1335
1744
2127
2255
1976
1633
1240
1084
778
706
569
267
200
184
252
303
319
273
132
104
152
147
237
203
130
92
65
45
30
15
26
42
37
24
23
29
24
5
2
0
1
22
77
61
83
92
81
52
41
51
61
65
57
51
46
48
39
25
24
21
21
30
23
9
10
10
4
29
108
124
95
41
31
24
39
59
40
25
37
35
29
35
20
17
26
25
24
31
28
24
41
41
42
75
101
104
91
64
43
33
64
106
122
107
70
45
27
17
20
17
31
37
57
64
53
26
136
156
191
214
192
163
142
96
107
39
65
105
118
83
45
17
9
5
9
16
35
57
28
7
5
7
16
35
34
30
34
38
29
21
48
193
534
786
854
856
937
1078
1201
1290
1197
943
1154
1232
1103
942
820
780
900
1094
1171
934
485
491
445
322
177
116
116
185
285
277
170
85
49
14
31
92
207
305
381
447
510
497
458
505
364
221
168
145
169
223
202
207
179
174
168
160
114
110
237
603
1101
1476
1770
1980
2074
2118
2109
1990
1968
2390
2311
2484
2373
1665
1012
1054
1218
1197
1113
1088
935
645
593
591
638
909
1008
1073
989
765
633
545
519
508
517
520
466
493
484
601
714
776
891
879
854
906
924
862
769
727
608
549
505
505
478
457
677
830
984
1203
1354
1618
1841
2035
2216
2267
2314
2367
2401
2398
2299
2262
2253
2284
2389
2264
2283
2285
2241
2308
2414
2495
2504
2423
2279
2183
2002
1663
1530
1372
1144
968
986
969
941
960
785
751
732
694
664
585
410
367
416
400
291
182
170
181
189
179
149
146
163
148
151
123
97
50
48
41
44
21
4
14
12
11
0
0
0
0
0
0
0
0
0
14
2
6
0
9
15
33
31
13
19
25
53
84
105
67
70
68
52
22
1
8
30
0
30
7
0
6
30
17
2
3
15
40
39
36
31
20
14
18
3
2
1
0
3
10
48
95
126
141
78
35
0
18
0
6
5
0
10
27
18
8
1
0
2
6
19
8
10
0
0
0
3
2
4
0
0
1
3
2
0
2
1
0
0
0
0
0
0
0
0
0
0
0
0
1
3
7
0
0
0
0
0
1
0
1
0
0
0
0
0
0
0
0
0
0
0
0
0
0
8
3
0
1
0
0
1
0
0
0
0
0
0
0
0
0
0
0
0
0
0
0
0
0
0
0
0
0
0
0
0
0
0
0
0
3
0
0
0
0
0
0
0
0
0
0
0
0
0
0
0
0
0
0
0
0
0
0
0
0
0
0
0
0
0
0
0
0
1
0
0
0
0
0
1
0
0
0
0
0
0
1
0
0
0
0
0
0
0
0
0
0
0
0
0
0
0
0
0
0
0
0
0
0
0
0
0
0
0
13
5
0
0
5
1
0
0
0
0
0
0
0
0
0
0
0
0
0
0
0
0
0
0
0
0
0
0
0
0
0
0
0
0
0
0
0
0
0
0
0
0
0
0
0
0
0
0
0
0
0
0
0
0
0
0
0
0
0
0
0
0
14
89
86
110
105
59
39
10
6
15
17
12
31
67
102
59
6
4
54
113
113
63
25
26
75
45
10
19
62
86
87
58
33
15
13
19
33
51
72
76
66
51
34
23
16
12
0
0
0
1
0
0
1
16
27
13
4
4
5
6
1
0
0
0
0
0
6
5
3
2
0
2
2
0
0
4
8
1
1
0
0
0
0
0
0
0
0
0
0
0
0
0
0
0
0
0
0
0
0
0
0
0
0
0
0
0
0
0
0
0
0
0
0
0
0
0
1
0
0
0
0
0
0
0
0
0
0
0
1
0
0
0
0
0
0
0
0
0
0
0
0
0
0
0
0
0
9
7
0
2
5
3
1
0
0
0
0
0
0
0
0
0
0
0
0
0
0
0
0
0
0
0
0
0
0
0
7
32
72
164
333
660
1005
936
773
654
957
1543
1729
1705
1483
1148
1320
1332
1352
1286
1229
1115
874
663
506
418
315
362
354
269
222
220
252
262
207
117
55
63
87
118
159
171
147
114
53
36
35
31
49
105
141
143
107
45
25
30
27
8
19
58
55
75
67
66
87
133
144
186
163
50
25
35
40
39
43
31
11
5
14
40
47
39
53
73
61
65
76
145
94
60
140
133
82
108
139
139
125
117
126
125
131
100
104
104
153
146
126
114
100
89
116
102
63
52
70
99
97
76
41
39
46
77
116
127
110
92
84
90
113
150
204
270
273
221
184
110
42
14
30
63
28
10
23
15
5
7
23
31
21
52
84
69
64
136
135
119
112
81
94
104
102
152
177
151
94
45
12
17
18
27
28
17
12
14
22
38
72
75
71
83
78
101
118
136
152
179
224
268
281
260
293
429
567
642
723
728
660
561
460
329
211
116
28
18
11
4
7
8
2
0
0
0
2
9
17
6
1
0
0
5
37
75
173
368
537
670
813
1020
1154
1225
1291
1829
2153
2179
2224
2063
1433
815
492
867
857
793
794
794
683
639
646
765
713
589
458
447
529
478
390
361
286
210
128
83
78
67
31
38
33
16
23
22
34
24
23
34
29
16
18
17
9
5
1
10
83
92
29
26
74
137
137
114
64
23
1
0
2
5
18
25
11
0
3
1
0
0
0
0
0
0
0
0
4
4
1
0
6
7
5
15
18
0
0
0
0
0
0
0
0
0
0
0
0
0
18
3
0
5
4
0
0
0
0
0
0
0
0
0
1
0
2
0
0
0
0
0
0
0
0
0
0
15
56
71
56
37
35
14
3
8
3
1
21
11
27
0
3
17
40
20
48
64
56
44
8
5
25
57
56
73
39
0
13
10
3
21
8
4
0
0
0
0
0
0
6
0
9
10
2
0
0
1
0
0
1
13
56
81
114
175
250
290
367
427
479
595
618
642
683
626
570
511
481
455
411
352
289
312
361
351
346
270
203
218
193
239
311
323
236
151
142
252
390
696
972
1152
1162
1109
1208
1227
1310
1244
1128
997
864
749
646
504
413
275
127
50
24
65
127
140
228
398
430
515
576
579
633
585
580
530
476
411
334
249
157
93
51
41
47
50
44
46
37
27
34
35
28
24
25
9
11
45
51
21
22
46
57
95
126
165
208
218
233
280
300
345
363
431
467
523
506
620
681
693
703
753
818
845
850
843
800
748
672
632
559
497
457
398
374
350
298
326
270
222
256
173
120
81
84
45
45
36
14
16
8
9
16
37
52
114
137
191
249
295
305
324
357
396
450
472
420
400
413
354
288
257
246
229
199
167
125
114
98
79
70
64
62
49
33
34
37
40
48
47
18
24
20
14
9
7
6
2
3
1
0
0
0
2
0
0
0
0
0
0
0
0
0
0
0
3
2
0
0
0
0
0
0
0
2
1
4
1
0
0
0
0
0
0
0
0
0
0
0
0
0
0
0
0
0
0
0
0
0
0
0
0
0
0
2
14
14
0
5
7
4
0
0
0
0
0
0
0
0
0
0
0
1
1
12
13
32
0
0
11
1
0
0
0
0
0
0
0
0
1
16
1
2
0
1
19
0
0
0
4
0
0
7
48
25
3
14
28
83
153
143
43
42
24
19
7
26
36
24
18
14
11
4
2
9
25
18
6
0
0
0
20
6
0
1
39
41
8
1
0
0
3
2
3
0
0
0
0
0
0
5
17
9
1
0
0
3
11
7
1
3
3
2
1
11
14
4
0
0
0
0
0
0
0
0
9
5
6
51
58
1
13
13
26
5
6
3
2
0
0
0
0
0
0
0
0
0
0
13
21
21
8
9
24
7
4
1
0
6
57
15
0
24
58
20
3
0
3
1
2
4
4
2
4
5
0
0
2
3
7
2
5
0
0
1
0
0
0
0
0
0
0
0
1
8
11
9
2
0
12
15
2
21
21
18
12
5
1
0
2
7
9
0
0
0
0
0
0
5
5
0
0
0
0
0
0
0
0
0
0
0
0
0
0
0
0
0
0
0
0
0
0
0
0
0
0
0
0
0
0
0
0
0
0
0
0
0
0
0
0
0
0
0
0
0
0
0
0
6
42
22
0
2
4
43
28
13
35
28
18
8
28
18
34
64
47
17
3
18
35
33
60
72
103
164
279
344
430
467
462
463
492
485
466
466
455
446
397
378
319
266
210
148
111
80
72
28
8
3
0
0
1
3
3
4
20
24
28
56
57
46
30
38
42
35
44
46
51
47
33
12
8
10
19
20
18
9
2
3
8
9
3
8
26
31
13
9
8
0
2
3
0
0
0
1
0
1
2
2
4
4
1
0
4
13
28
30
29
14
3
2
1
12
26
39
35
19
7
5
36
56
107
164
154
108
40
4
9
14
7
10
0
2
0
1
3
29
53
30
42
48
45
37
34
35
40
54
51
56
33
15
6
6
10
46
104
127
170
164
137
142
243
256
282
256
442
548
518
456
294
306
313
319
328
326
305
246
225
240
148
111
54
43
21
21
12
1
1
8
44
49
51
56
27
2
9
4
4
17
17
29
37
27
19
10
9
15
13
20
34
45
47
49
26
12
3
0
1
4
6
1
0
0
0
2
6
5
1
0
2
8
12
30
100
170
250
292
324
322
302
288
249
193
142
115
66
43
36
21
16
9
12
1
4
0
0
2
0
3
2
20
41
30
42
63
95
71
47
19
2
5
10
8
9
25
32
27
46
38
31
21
32
41
44
43
39
30
34
37
39
36
2
12
24
28
26
43
44
62
79
69
43
55
88
99
127
158
185
210
246
257
244
234
217
174
156
114
87
55
38
17
10
1
0
1
0
0
0
14
15
2
2
6
2
0
1
7
6
5
2
2
0
0
0
0
0
0
0
0
0
0
0
0
0
0
0
0
0
0
2
11
6
0
0
5
4
0
0
0
0
0
0
0
0
0
0
0
0
0
0
0
0
0
0
0
0
0
4
0
0
2
2
1
0
0
0
0
0
0
0
3
10
3
0
0
0
19
48
64
47
27
11
3
2
2
0
0
3
1
0
2
8
6
1
0
0
0
0
0
0
0
0
0
0
1
0
1
0
0
0
0
0
9
5
1
0
2
1
0
0
0
0
0
0
0
0
0
0
0
0
0
0
0
0
0
0
0
0
1
1
0
0
0
0
0
0
0
0
0
0
0
0
0
0
0
0
0
0
0
0
0
0
0
0
0
2
9
5
2
0
0
0
0
0
0
0
0
0
0
0
0
0
0
0
0
0
0
0
0
0
0
0
0
0
0
0
0
0
0
0
0
0
0
0
0
0
0
0
0
0
0
0
0
0
0
0
0
0
0
0
0
0
0
0
0
0
0
0
0
0
0
0
0
0
0
0
0
0
0
0
0
0
0
0
0
0
1
0
0
0
0
0
0
0
0
0
0
0
0
0
0
0
0
0
0
0
0
0
0
0
0
0
0
0
1
0
0
21
21
9
0
0
0
5
21
42
10
3
8
11
4
8
19
0
2
10
15
54
60
48
35
42
5
16
1
4
5
11
25
19
7
23
22
4
15
7
16
18
5
0
7
2
0
0
0
0
0
0
0
0
0
1
0
0
0
0
0
2
1
0
0
0
0
0
1
0
0
0
0
0
0
0
0
1
0
0
0
0
0
0
0
0
3
0
0
0
0
4
6
3
0
0
1
0
0
0
0
0
0
0
0
0
0
0
0
0
0
0
0
0
0
0
0
0
0
0
0
0
0
0
0
0
0
0
0
0
0
0
0
0
0
0
2
0
0
0
0
0
0
0
0
0
0
0
0
0
0
0
0
0
0
0
0
0
0
0
0
0
0
0
0
0
0
0
0
0
0
0
0
0
0
0
0
0
0
0
0
0
0
0
0
0
0
0
0
0
0
0
0
0
0
0
0
0
0
1
3
23
109
181
197
156
30
20
12
25
7
37
3
0
11
9
0
5
14
11
7
7
1
1
3
11
8
5
14
13
21
104
151
164
170
211
222
275
328
352
345
372
400
368
332
289
264
158
161
107
20
0
0
0
2
0
34
130
135
122
142
192
214
213
230
225
209
178
179
440
155
154
133
125
107
105
90
85
75
47
33
17
19
10
5
1
0
0
0
0
0
0
0
0
0
2
0
0
0
0
0
0
0
0
0
0
0
0
0
0
0
0
0
1
4
1
0
0
0
0
2
1
0
0
0
0
0
0
0
0
0
0
0
0
0
0
0
0
0
0
0
0
0
0
0
0
1
0
0
0
0
0
0
0
0
0
0
0
0
0
0
0
0
0
0
0
0
0
0
0
0
0
0
0
0
0
0
0
0
0
0
0
0
0
0
0
0
0
0
0
0
0
0
0
32
19
3
1
1
2
0
0
0
0
0
2
2
1
1
2
0
0
0
0
0
0
2
0
1
0
0
0
0
0
0
2
0
0
2
1
0
0
0
2
0
0
1
1
0
0
0
0
0
0
0
0
0
0
0
0
0
0
0
0
0
0
0
0
0
0
8
8
12
8
0
0
0
0
0
0
0
0
0
0
0
0
0
0
0
2
33
23
10
0
0
1
1
4
14
6
0
3
5
2
0
0
0
0
0
0
4
3
0
0
0
0
2
11
6
0
8
10
0
0
0
0
0
0
0
1
0
0
0
0
0
0
0
0
0
0
0
0
0
0
0
0
0
0
0
0
8
5
0
0
0
2
2
14
33
53
106
159
120
72
46
26
53
143
90
29
120
125
53
9
37
23
12
19
2
0
16
14
12
16
2
19
22
6
6
8
0
0
4
3
3
10
2
0
0
0
0
1
0
0
0
0
0
0
2
10
2
0
19
13
0
6
2
0
0
0
6
0
12
0
0
0
0
0
0
0
0
0
0
0
0
1
4
0
2
3
1
1
0
0
0
0
0
0
0
0
0
0
0
0
0
0
0
0
0
0
0
0
0
0
0
0
0
0
0
0
0
0
1
1
0
0
0
2
1
0
0
0
0
0
0
0
0
0
0
0
0
0
0
0
1
0
0
0
0
0
0
0
0
3
0
0
0
0
0
0
0
0
0
0
0
0
0
0
0
0
0
0
0
0
0
0
0
0
0
0
0
1
0
0
0
0
0
0
0
0
0
0
0
0
0
0
0
0
0
0
0
0
0
0
0
0
0
0
0
0
0
0
0
0
0
0
0
0
0
0
0
0
0
1
0
0
0
0
0
0
0
0
0
0
0
0
0
0
0
0
0
0
0
0
0
0
0
0
0
0
0
0
0
0
0
0
0
0
0
0
0
0
0
0
0
0
0
0
0
0
0
0
2
0
0
0
0
0
0
0
0
0
0
0
0
0
0
0
0
0
0
1
4
1
4
4
0
0
1
0
0
0
0
0
0
0
0
0
0
0
0
0
0
0
0
0
0
0
0
0
0
0
0
0
0
0
0
0
0
0
0
0
0
0
0
0
0
1
0
0
0
0
0
0
0
0
0
0
0
0
0
0
0
0
0
0
0
0
0
0
0
0
0
0
0
0
0
0
0
0
0
0
0
0
0
0
0
0
0
0
0
0
0
0
0
0
0
0
0
0
0
0
0
0
0
0
0
0
0
0
0
0
0
0
0
0
0
0
0
0
0
0
0
0
0
0
0
0
0
5
0
0
0
0
0
0
0
4
1
0
0
0
1
6
12
19
0
6
96
238
291
338
415
356
228
130
65
0
15
65
118
132
113
94
156
183
209
251
360
507
577
613
537
555
605
615
551
438
414
314
261
243
226
186
184
174
189
129
122
119
109
160
142
90
94
65
58
50
34
44
34
7
1
2
3
14
28
26
68
87
59
101
99
123
168
788
219
221
239
301
328
350
408
437
431
418
436
385
302
245
218
212
169
129
78
56
30
11
19
30
12
40
72
81
87
37
67
102
121
95
82
81
63
69
78
73
40
41
15
7
17
36
22
11
16
8
6
4
0
4
2
24
28
0
38
47
20
4
15
10
16
8
15
3
0
0
0
0
0
2
1
0
0
0
0
0
0
0
0
0
0
0
0
1
1
5
1
0
1
28
3
0
7
10
3
0
0
0
0
0
0
1
0
0
0
0
0
0
0
0
0
0
0
0
0
0
0
0
0
0
0
0
0
0
0
0
0
1
4
8
3
1
1
0
0
0
0
0
0
0
0
0
0
0
0
0
0
0
0
0
0
0
0
0
0
0
0
0
0
0
0
0
0
0
0
0
0
0
0
0
0
0
0
1
0
0
0
0
0
0
0
0
0
0
0
0
0
0
0
0
0
0
0
0
0
0
0
0
0
0
0
0
0
0
0
0
0
0
0
0
3
10
1
2
0
0
5
5
4
3
0
0
0
1
0
0
0
0
0
0
0
0
0
0
1
8
6
0
0
0
0
0
0
0
0
0
0
0
0
0
0
0
0
0
0
0
0
0
0
0
0
0
0
0
0
0
0
0
0
0
0
0
0
0
0
0
0
0
0
0
0
0
0
0
0
0
0
0
0
0
0
0
0
0
0
0
0
0
0
0
0
0
0
0
0
0
0
0
0
0
0
0
0
0
0
0
0
0
0
0
0
0
0
0
0
0
0
0
0
0
0
0
0
0
0
0
0
0
0
0
0
0
0
0
0
0
0
0
0
0
0
0
3
7
2
0
0
0
22
1
22
8
14
31
26
18
15
10
4
2
0
12
28
9
13
1
2
5
0
0
2
1
2
6
15
8
18
26
8
6
1
1
0
3
4
0
2
1
0
0
15
13
6
2
2
0
0
0
0
0
0
0
0
2
2
0
1
0
1
1
1
5
4
1
0
0
6
1
0
0
0
3
7
6
1
9
9
2
5
5
0
0
0
0
6
24
0
2
17
9
1
0
0
0
1
3
1
0
0
1
0
0
0
0
0
0
26
27
2
3
0
0
0
0
8
9
3
8
10
4
4
26
24
16
7
2
0
0
0
1
3
4
10
6
6
2
0
0
0
0
3
1
0
0
0
0
0
0
0
0
0
2
2
0
0
0
0
0
0
0
3
2
0
0
0
0
0
0
0
0
0
0
0
0
0
0
0
0
0
0
0
0
0
0
0
0
0
0
0
0
0
0
0
0
0
0
0
0
0
0
0
0
0
0
0
0
0
0
0
0
0
2
0
0
0
0
0
0
0
0
0
0
0
0
0
0
0
0
0
0
0
0
0
0
0
0
0
0
0
1
2
0
0
0
0
0
0
0
0
0
0
0
0
0
0
0
0
0
0
0
0
0
0
0
0
0
0
0
0
0
1
11
11
0
0
2
4
2
0
0
0
0
0
0
0
0
0
0
0
0
0
0
0
0
0
0
0
0
0
0
0
0
0
0
0
0
0
0
0
0
0
0
0
0
0
0
0
0
0
0
45
132
191
217
213
181
133
83
38
20
7
6
3
45
127
284
360
354
235
154
65
27
3
1
1
2
0
0
3
17
17
8
3
2
0
0
2
3
0
4
16
1
14
34
40
26
19
9
0
23
0
13
16
43
209
438
490
306
151
66
98
111
47
25
61
123
283
529
640
403
364
298
294
261
185
142
113
73
50
33
33
85
135
133
114
87
66
30
15
18
19
27
33
32
49
43
40
64
33
30
14
3
0
0
0
0
0
0
0
0
0
5
6
0
0
0
0
0
0
0
0
0
0
0
0
0
6
4
0
0
11
32
26
12
8
12
2
0
1
4
1
7
4
11
5
0
0
0
0
1
5
3
0
0
0
0
0
0
0
0
0
2
3
2
1
0
0
0
0
0
0
5
156
258
216
103
58
17
5
3
6
26
26
4
12
16
4
14
4
0
0
1
1
4
8
5
1
0
0
0
0
0
0
0
0
0
0
0
0
0
0
0
0
0
0
0
0
0
0
0
0
0
0
0
2
2
1
0
0
0
0
0
1
1
1
0
0
0
0
0
0
0
0
0
0
0
0
0
0
0
0
0
0
0
0
0
0
0
0
0
0
0
0
0
0
0
0
0
0
0
0
0
0
0
0
0
0
0
0
0
0
0
0
0
0
0
0
0
0
22
26
0
21
3
0
0
0
0
22
0
3
44
20
0
18
18
0
5
7
0
0
0
0
4
2
0
0
0
0
0
0
0
0
0
0
0
0
0
9
3
0
3
9
0
0
0
0
0
0
1
0
0
0
0
0
0
0
0
0
0
0
0
1
10
7
1
2
11
0
0
0
1
28
20
14
13
0
3
17
51
94
180
261
328
388
424
437
434
397
372
315
261
196
114
79
41
26
15
7
0
0
1
1
0
0
0
0
0
0
3
0
5
21
6
23
20
11
0
0
6
22
94
146
222
259
318
361
375
381
361
314
269
222
204
169
101
63
26
18
9
4
5
0
4
1
1
1
0
0
1
3
5
2
1
0
0
0
0
0
0
0
0
0
0
0
0
0
0
0
0
0
0
0
0
0
0
0
0
0
0
0
0
0
0
0
0
0
0
0
0
0
0
0
0
0
0
0
0
0
0
0
0
0
0
0
0
0
0
0
0
0
0
0
0
3
0
0
7
5
0
0
6
3
1
0
0
0
4
0
0
61
325
565
710
768
627
388
255
272
174
123
107
51
30
77
58
69
65
65
59
6
0
2
10
10
9
8
1
0
0
0
0
0
1
0
0
0
0
0
0
0
0
0
0
0
0
0
0
0
0
0
0
0
0
0
0
0
0
0
0
0
0
0
0
0
0
0
0
0
0
0
0
0
0
0
0
0
0
0
0
0
0
0
0
0
0
0
0
0
0
0
0
0
0
0
0
0
0
0
0
0
0
0
0
0
0
0
0
0
0
0
0
0
0
0
0
0
0
0
0
0
0
0
0
0
0
0
0
0
0
0
0
0
0
0
0
0
0
0
0
0
0
0
0
0
0
0
0
0
0
0
0
0
0
0
0
0
0
0
0
0
11
9
0
4
5
4
0
0
0
0
0
0
0
0
0
0
0
0
0
1
1
0
0
0
0
0
0
0
0
0
0
0
0
0
0
0
0
0
0
0
0
0
0
0
0
0
0
0
0
0
0
0
0
0
0
0
0
0
0
0
0
0
0
0
0
0
0
0
0
0
0
0
0
0
0
0
0
0
0
0
0
0
0
0
0
0
0
0
0
0
0
0
0
0
0
0
0
0
0
0
0
0
0
0
0
0
0
0
0
0
0
5
21
26
20
21
23
19
49
90
48
34
25
15
4
2
9
13
1
0
5
0
2
0
0
0
0
0
0
0
0
0
0
0
6
0
0
0
0
0
0
0
0
0
2
8
0
0
0
0
0
0
0
0
0
0
0
0
0
0
0
0
0
0
0
0
0
0
0
0
0
0
0
0
0
0
0
0
0
0
0
0
0
2
5
1
0
0
0
0
0
0
0
0
0
0
0
0
0
0
0
0
0
0
0
0
0
0
0
0
0
0
0
0
0
0
0
0
0
0
0
0
0
1
2
1
0
0
0
0
0
0
0
0
3
0
0
0
0
0
0
0
1
0
0
0
6
20
12
8
0
1
0
0
0
43
42
1
6
10
12
5
4
3
1
3
4
5
13
17
62
35
9
0
0
0
0
1
0
0
0
0
0
0
0
0
0
0
0
0
0
0
0
0
0
0
0
0
0
0
0
0
0
0
0
0
0
6
9
2
0
0
0
0
0
0
3
0
0
0
0
0
0
0
0
0
0
0
0
0
24
140
214
136
44
7
1
1
1
0
1
1
2
2
0
0
2
4
12
6
0
5
11
1
8
19
5
3
0
0
0
0
8
6
0
0
0
0
0
0
0
0
0
0
0
0
0
0
0
0
0
0
0
0
0
0
0
0
0
0
0
0
0
0
2
2
19
73
108
88
27
12
2
19
33
4
0
15
11
24
21
2
2
0
2
6
11
7
4
4
1
1
1
7
22
38
30
11
5
3
0
3
27
61
67
74
62
44
32
14
8
5
3
3
3
2
1
1
0
0
0
0
0
0
10
0
0
0
0
0
0
0
0
0
0
0
0
0
0
3
3
2
5
0
5
2
0
0
0
0
0
0
0
0
0
0
0
0
0
0
0
0
0
0
0
0
0
0
0
0
0
0
0
0
0
0
0
0
0
0
0
0
0
0
0
0
0
0
0
0
0
0
0
0
0
0
0
0
0
0
0
0
0
0
0
0
0
0
0
0
0
0
0
0
0
0
0
0
0
0
0
0
0
9
7
0
6
3
0
0
0
0
0
0
0
0
0
0
0
0
0
5
5
10
38
134
259
258
157
77
38
30
9
11
29
12
0
19
28
4
0
0
2
0
6
7
7
8
7
10
2
5
3
0
12
16
15
13
8
10
16
3
3
67
88
10
5
21
16
8
3
0
0
0
9
8
31
11
4
0
12
16
9
3
3
1
0
0
1
1
0
0
0
0
10
7
1
0
0
0
0
0
0
0
0
0
0
0
0
0
0
0
0
0
0
0
4
2
0
8
24
16
0
2
28
26
0
0
0
0
0
0
1
9
4
0
1
6
30
38
118
206
231
219
139
134
131
75
46
19
8
2
19
124
215
239
205
79
12
28
27
24
17
1
0
0
0
4
4
0
0
1
0
0
0
0
0
0
0
0
0
0
0
0
0
0
0
0
0
0
0
0
0
0
0
0
0
0
0
0
0
0
0
0
0
0
0
0
0
0
0
0
0
0
1
9
0
2
6
0
0
0
0
21
3
0
0
1
0
0
0
0
2
4
7
7
0
0
0
0
0
0
0
0
2
0
0
0
0
0
0
0
0
0
17
6
0
5
5
1
0
0
0
0
0
0
0
0
0
0
0
0
0
0
0
0
0
0
0
0
0
0
0
0
0
0
0
22
3
0
6
4
0
0
0
0
0
0
0
0
0
0
0
0
0
1
5
9
0
0
0
0
1
0
1
0
0
0
0
0
0
0
0
0
0
0
0
0
0
0
0
0
0
0
0
0
2
3
3
1
0
0
0
0
0
0
0
0
0
0
0
0
0
0
4
18
23
30
50
37
24
30
14
0
1
0
16
18
2
0
9
0
2
1
1
6
10
4
4
2
0
1
1
1
0
0
0
0
0
0
0
0
0
0
1
7
0
0
1
0
0
0
0
0
0
0
0
0
0
0
0
0
0
0
0
0
0
0
3
23
128
265
389
459
520
563
534
465
442
378
304
203
124
86
50
31
34
33
83
168
259
326
387
441
424
416
412
341
272
220
156
87
39
5
5
16
32
27
44
52
18
6
40
98
143
194
214
175
114
46
25
49
15
47
57
29
34
18
3
16
22
30
25
63
41
22
13
8
6
4
18
3
4
5
21
31
14
3
10
15
4
3
14
0
0
7
18
6
38
59
94
62
13
12
3
1
1
0
2
2
0
0
0
0
0
0
0
0
0
0
0
0
6
4
0
0
0
0
0
0
0
1
0
2
25
29
2
1
7
4
0
0
0
0
0
0
0
0
0
0
0
0
0
0
0
0
0
0
0
0
0
0
0
0
0
5
0
0
0
0
0
0
0
0
0
0
0
0
0
0
0
0
0
0
0
0
0
0
0
0
0
0
0
0
0
0
0
0
0
0
0
0
0
0
0
0
0
0
0
0
0
0
0
0
0
0
0
0
0
0
0
0
0
0
0
0
0
0
0
0
0
0
0
0
0
0
0
0
0
0
0
0
0
3
48
62
20
3
12
31
10
1
0
8
3
4
1
0
0
0
4
3
1
2
0
0
0
0
0
5
7
7
1
6
1
0
0
0
0
0
0
0
0
0
0
0
0
0
0
0
0
0
0
0
0
0
0
0
0
0
0
0
0
0
0
0
0
0
0
0
0
0
0
0
0
0
0
0
0
0
0
0
0
0
0
0
0
0
0
0
0
0
0
0
0
0
0
0
0
0
0
0
0
0
0
0
0
0
0
0
0
0
0
0
0
0
0
0
0
0
0
0
0
0
0
3
14
1
0
3
6
3
1
0
0
0
0
0
0
0
0
0
0
0
0
0
0
0
0
0
0
3
0
0
0
0
0
0
0
0
0
0
0
0
0
0
0
0
0
0
0
1
0
0
0
0
0
0
0
0
0
0
0
0
0
0
0
1
0
0
0
4
8
2
1
5
3
0
0
0
2
9
4
18
47
62
36
37
41
0
9
6
1
6
10
15
21
103
154
156
204
197
115
79
21
24
63
45
28
4
6
11
15
30
26
8
0
0
0
0
0
0
0
1
0
0
0
0
0
0
0
0
0
0
0
1
0
0
0
0
0
0
0
0
0
3
3
0
0
0
0
0
0
0
3
0
0
0
2
0
1
0
0
0
0
0
2
3
0
1
0
0
0
0
0
1
1
4
1
1
0
0
0
0
0
0
0
0
0
0
0
0
0
0
0
0
0
0
0
0
0
0
0
0
0
2
10
14
12
0
0
11
2
0
0
0
0
0
0
31
25
33
7
3
5
0
4
22
19
1
1
4
1
0
7
37
250
366
326
225
189
153
175
117
76
57
83
122
139
97
78
74
97
89
54
61
66
82
153
204
207
145
104
60
31
54
47
73
100
70
58
53
74
94
83
48
77
46
48
32
20
6
1
16
24
25
9
11
14
25
28
12
11
29
37
4
20
10
8
12
18
20
19
1
0
1
6
14
14
13
6
3
0
0
12
5
3
6
1
2
7
5
0
0
0
0
0
0
0
24
31
8
14
32
61
63
58
55
4
10
64
61
46
39
31
29
19
10
24
31
37
36
24
28
11
2
2
9
23
18
23
8
0
0
0
7
15
12
3
0
0
0
0
0
0
0
0
0
0
0
0
0
0
0
0
0
0
1
2
2
21
26
6
2
0
1
5
5
0
1
21
17
12
16
17
10
2
0
0
4
5
4
2
1
0
0
0
0
0
0
0
0
0
0
0
0
0
0
0
0
1
0
0
0
0
0
1
0
0
0
0
0
0
0
0
0
0
0
0
0
0
0
0
0
0
0
0
0
0
0
0
0
0
0
0
0
0
0
0
0
0
0
0
0
1
23
1
1
8
2
0
0
0
0
0
0
0
0
0
0
0
0
0
0
0
0
0
0
0
0
0
0
0
0
0
0
0
1
0
2
5
4
1
0
0
0
0
0
0
0
0
0
0
0
0
0
0
0
0
0
0
0
0
0
0
0
0
0
0
0
0
0
0
0
0
11
9
0
0
7
2
0
0
0
0
0
0
0
0
0
0
0
0
0
0
0
0
0
0
0
0
0
0
0
0
0
0
0
0
0
0
0
0
0
0
0
0
0
0
0
0
0
0
0
0
0
0
0
0
0
0
0
0
0
0
0
0
0
0
0
0
0
0
0
0
0
0
0
0
0
0
0
0
0
0
0
0
0
0
0
0
0
0
0
0
0
0
0
0
0
0
0
0
2
3
10
10
14
3
0
6
15
32
111
183
234
245
244
234
162
91
22
5
0
3
15
24
18
9
10
83
185
265
361
469
471
345
245
210
178
158
160
123
125
109
102
122
129
149
134
179
205
220
195
190
204
145
123
60
21
2
0
1
4
1
0
0
1
2
2
5
23
22
8
0
21
33
16
15
17
16
19
33
34
67
160
220
237
208
186
151
111
62
28
4
0
1
2
15
38
101
350
837
1058
1118
968
656
692
1453
1744
1954
1995
1752
1365
1090
1055
1113
1194
1134
1204
1113
919
855
765
705
753
825
844
873
826
837
698
607
469
345
333
349
387
538
595
615
668
712
705
641
580
580
541
466
339
210
90
285
351
348
268
169
93
29
265
374
383
321
223
71
192
350
386
317
124
53
110
285
395
358
316
249
74
137
309
377
391
283
189
67
158
333
428
487
584
1010
1190
922
1066
1243
1291
1148
1048
1177
1410
2029
2141
2303
2336
2012
1338
963
1178
1123
965
886
817
776
855
991
886
554
166
137
119
61
34
23
9
18
24
30
45
27
35
49
38
44
49
9
8
1
7
22
16
6
19
29
31
18
27
27
41
77
73
68
75
49
43
46
42
25
38
30
19
20
13
11
4
5
1
0
0
0
1
0
0
0
0
0
0
0
0
0
0
0
0
0
0
0
0
0
0
0
0
0
0
0
0
1
0
0
0
0
0
0
0
0
0
0
0
0
0
0
0
0
0
0
0
0
0
0
0
0
0
0
0
0
0
0
0
0
0
0
0
0
0
0
0
7
35
40
32
6
3
1
0
20
28
5
1
1
10
14
10
13
25
33
17
27
30
20
30
28
18
26
29
27
12
26
41
43
27
19
19
8
13
10
6
2
0
2
0
0
0
0
0
0
0
4
5
12
9
0
0
0
0
2
21
15
0
0
0
0
0
0
0
0
0
0
0
0
0
20
5
0
5
28
27
16
16
12
15
18
5
0
0
0
3
5
4
5
3
5
2
7
6
4
0
0
0
0
0
3
0
1
0
0
1
0
0
0
0
0
0
0
0
0
0
0
1
0
0
0
2
4
0
0
0
0
0
2
0
0
0
0
0
0
0
0
0
0
0
0
0
0
4
2
0
0
0
0
0
1
1
0
0
0
0
0
0
0
11
30
22
20
20
18
11
3
0
0
1
0
1
11
6
7
0
0
0
2
5
0
0
3
0
0
0
0
0
0
0
0
0
0
0
0
0
2
23
48
70
49
35
77
115
75
54
60
53
48
56
82
101
125
132
78
62
79
21
3
0
21
6
24
38
26
23
5
0
2
0
10
36
107
173
187
140
130
139
139
148
149
167
253
284
356
475
605
736
885
1011
1141
1136
1232
1317
1474
1589
1736
1851
2056
2192
2309
2519
2687
2720
2854
2905
2941
2953
2912
2894
3068
3284
3467
3602
3295
2834
2501
2247
1862
1527
1346
1195
1238
1158
1069
859
654
696
513
357
351
384
360
313
276
240
283
289
224
145
174
139
117
236
364
583
651
643
392
175
187
140
115
91
113
90
31
23
28
37
39
37
47
42
29
30
42
42
57
54
45
20
30
30
46
42
25
23
20
8
5
4
7
2
0
0
0
0
0
3
5
4
5
8
11
8
17
28
28
16
6
5
1
0
0
0
0
0
0
0
0
0
0
0
0
0
0
1
0
0
0
1
0
1
0
3
0
0
0
0
0
0
0
0
0
0
0
0
0
0
1
0
0
0
4
0
0
0
0
0
0
0
0
0
0
0
0
2
6
1
0
19
1
6
8
4
1
0
0
0
0
0
0
0
0
0
0
0
0
0
0
0
0
0
0
0
0
0
0
0
0
0
0
0
0
0
0
0
0
0
25
50
13
0
9
6
2
0
0
0
0
0
0
0
0
0
0
0
0
0
0
0
0
0
0
1
15
3
3
0
2
5
3
0
0
0
0
0
0
0
0
0
0
1
0
4
0
0
1
0
0
0
0
0
0
0
0
0
0
0
0
0
0
0
0
0
0
0
0
0
0
0
0
0
0
0
0
0
0
0
0
0
0
0
0
0
0
0
0
0
0
0
0
0
0
0
0
0
0
0
0
0
0
0
0
1
2
1
0
2
13
0
1
5
0
0
0
0
0
0
0
0
0
0
0
0
3
3
1
0
0
0
0
1
3
1
0
0
0
0
0
0
0
0
0
7
9
0
0
4
1
0
0
0
0
0
0
0
0
0
0
0
0
0
0
0
0
0
0
0
0
0
1
4
2
0
0
0
0
0
0
0
0
0
0
1
0
0
1
47
77
49
19
11
11
22
21
10
6
17
7
2
2
1
1
1
2
0
0
0
1
5
0
0
1
14
0
0
0
24
19
3
13
22
23
34
28
29
29
15
2
9
9
3
0
6
9
1
14
19
1
2
11
10
21
31
17
11
8
9
9
0
0
3
0
0
0
3
1
0
0
0
0
1
0
6
13
5
5
2
2
13
17
3
1
3
3
2
2
4
2
1
0
1
1
3
0
0
0
0
3
11
6
12
7
3
2
0
0
0
0
0
5
6
6
16
25
23
20
3
2
6
14
14
7
0
7
17
13
5
12
8
0
0
7
29
29
53
97
148
242
261
301
309
305
240
196
138
103
60
20
3
9
17
14
2
2
4
1
0
0
0
1
1
0
0
0
0
0
0
0
0
0
0
0
0
0
0
0
0
0
0
0
3
1
0
0
0
4
0
0
1
0
0
3
12
9
13
21
30
48
80
113
151
157
144
131
109
103
75
45
26
21
16
9
9
15
17
20
22
18
17
21
11
11
11
8
7
7
12
7
5
7
8
11
2
2
0
0
0
0
0
0
0
0
0
0
0
0
0
0
0
0
0
0
0
0
0
0
0
0
0
0
0
1
1
2
0
0
0
0
0
0
0
0
0
0
0
5
52
149
210
124
15
48
59
31
4
12
27
8
15
73
59
0
2
35
31
0
7
40
18
3
0
0
0
0
0
0
0
0
0
6
17
48
72
54
19
10
0
3
12
16
16
20
23
25
19
30
30
21
12
14
25
23
21
24
1
1
3
1
2
4
1
0
0
0
0
0
0
0
0
0
0
11
46
107
132
113
71
45
32
12
11
17
14
16
3
0
8
0
2
6
0
0
2
19
25
12
2
6
3
0
0
1
17
17
4
20
0
0
3
0
3
3
35
92
121
74
56
94
10
2
3
13
16
15
9
7
6
0
0
6
2
0
8
2
0
3
0
0
0
3
4
8
2
0
0
12
9
22
28
31
42
20
7
21
5
2
1
1
2
3
10
11
6
4
14
47
35
20
15
9
5
6
20
2
11
46
52
55
39
8
18
28
14
1
0
5
0
0
47
45
16
0
1
0
0
0
0
19
22
28
17
3
0
0
0
0
0
0
0
0
18
8
76
178
290
411
496
532
497
464
428
346
303
219
172
110
94
72
52
37
16
15
12
2
0
0
5
9
6
4
3
10
5
5
7
3
4
0
0
0
0
3
1
0
0
0
0
0
0
0
0
0
0
0
0
4
12
13
2
2
0
0
0
0
0
0
0
0
0
0
0
0
0
0
0
7
27
75
126
165
197
245
290
342
346
351
350
306
267
236
202
158
107
36
1
0
0
0
0
0
0
0
0
0
0
0
0
0
0
0
0
0
0
0
0
0
0
0
0
2
16
9
9
14
23
9
20
32
128
146
89
72
46
16
6
0
2
19
4
62
11
5
13
6
12
20
18
3
10
4
23
17
3
14
24
35
7
1
17
24
9
0
0
1
0
12
2
0
1
3
44
2
0
5
0
0
0
19
0
15
29
0
0
0
3
6
14
30
50
89
147
258
304
374
375
321
278
237
190
163
131
98
89
82
75
65
53
39
26
19
2
0
0
3
1
0
0
0
0
0
0
0
14
5
0
0
1
0
0
0
1
2
0
1
1
0
0
0
0
0
0
3
11
48
44
6
2
2
5
3
7
2
0
0
17
12
15
8
0
0
0
2
8
3
2
13
6
7
11
13
14
3
3
1
0
2
7
13
43
81
125
178
264
276
240
229
212
225
189
154
133
109
110
126
130
102
90
77
47
34
10
5
3
0
3
3
2
20
14
0
0
3
1
0
8
4
1
0
0
0
0
0
0
0
0
0
0
0
0
0
0
0
3
1
2
76
131
66
4
22
72
65
17
3
37
45
27
4
1
41
14
0
0
4
0
8
5
6
1
0
0
0
0
0
7
3
0
2
1
0
0
0
0
0
0
0
1
0
0
0
0
0
0
0
0
2
1
0
0
0
0
0
6
4
3
0
0
0
1
1
0
0
0
0
0
0
0
0
0
0
0
2
0
0
0
0
0
0
0
0
0
0
0
0
0
0
1
0
0
0
0
0
0
26
18
0
0
0
0
0
0
1
0
0
0
0
0
0
0
5
0
0
0
0
0
0
0
1
3
0
0
0
0
0
0
0
0
1
22
36
19
0
48
58
3
0
16
31
3
0
8
0
0
0
0
9
0
1
6
13
13
0
7
21
0
0
2
1
0
4
0
0
23
30
9
0
9
15
10
10
1
0
0
0
13
3
0
1
0
0
0
0
0
0
0
0
0
0
2
0
5
0
0
3
0
1
5
8
4
8
1
0
0
0
3
4
5
1
21
22
0
15
11
5
2
7
5
1
3
3
3
1
4
9
6
5
6
2
9
9
6
0
0
1
0
2
0
0
0
4
0
0
0
0
0
0
0
0
0
0
1
2
2
3
3
0
0
0
3
2
0
0
0
1
0
0
2
0
0
0
0
0
0
0
4
4
0
0
0
0
0
0
0
0
0
0
0
0
0
0
0
0
0
0
0
0
0
0
0
1
9
6
0
1
2
1
0
0
0
0
0
0
0
0
0
0
0
0
0
0
0
0
0
0
0
0
0
0
0
0
0
0
0
0
0
0
0
0
0
0
0
0
0
0
0
0
6
12
0
0
1
4
2
1
1
0
0
0
0
0
0
0
1
0
0
0
0
0
0
0
0
0
0
0
0
0
0
1
0
0
0
0
0
0
0
0
0
0
0
0
0
0
0
0
0
0
1
1
0
0
0
0
0
2
0
0
0
0
0
0
0
0
0
0
0
0
0
0
0
1
0
0
0
0
0
0
0
0
0
0
1
1
0
0
0
0
0
0
0
0
0
0
0
0
0
0
0
0
0
0
0
0
0
0
0
4
13
26
31
19
5
4
12
14
31
38
48
60
69
81
88
83
79
61
41
27
15
4
0
0
0
2
14
35
34
25
4
0
0
0
0
0
0
0
0
0
0
0
0
0
0
0
0
0
0
0
0
0
0
0
0
0
0
0
0
0
0
0
0
0
0
0
0
0
0
0
0
0
0
0
0
0
0
0
0
0
0
0
0
0
0
0
0
0
0
0
0
0
0
0
0
0
0
0
0
0
0
0
0
0
0
0
0
0
0
0
0
0
0
0
0
0
0
0
0
0
0
0
0
0
0
0
0
0
0
0
0
0
0
0
0
0
0
0
0
0
0
3
0
0
0
0
0
0
0
0
0
0
0
0
0
0
0
0
0
0
0
0
0
0
0
0
0
0
1
0
0
0
2
9
10
10
24
53
82
107
92
66
26
11
34
19
45
15
4
25
35
0
11
15
15
9
4
0
16
10
0
0
0
0
2
0
0
0
0
0
0
9
14
3
0
1
10
2
1
6
0
5
26
139
282
474
683
1036
1512
1725
1793
1666
1343
1669
2091
2390
2334
2682
2421
1991
1626
1417
1317
1159
961
745
606
636
603
500
468
423
520
598
559
437
316
223
102
139
129
73
25
52
59
79
110
110
94
60
35
5
11
16
13
40
46
9
38
39
18
19
19
0
0
4
9
4
9
4
0
0
0
0
0
2
4
4
6
10
1
1
4
1
0
0
0
4
0
6
3
1
0
0
0
0
5
5
0
10
2
0
0
0
0
0
5
9
4
11
6
0
0
0
0
0
1
6
13
2
12
0
0
0
0
0
0
0
7
7
8
11
5
0
0
0
0
0
0
6
6
6
9
16
1
0
1
3
0
0
5
9
10
13
9
0
0
0
0
0
0
5
9
13
17
7
1
5
27
40
15
19
9
1
0
1
2
1
1
1
1
0
0
0
0
0
0
0
2
17
30
25
3
2
6
21
21
13
9
17
21
8
16
2
17
0
2
7
31
6
44
47
0
18
0
0
0
8
7
7
18
14
5
45
14
15
1
0
0
0
7
1
0
0
0
0
11
41
4
3
8
14
5
13
19
15
0
0
0
0
0
2
7
9
11
2
0
0
0
0
3
2
8
19
10
15
12
1
0
0
0
0
0
0
0
0
0
0
0
0
0
0
0
4
13
9
5
12
6
0
0
0
0
0
0
0
2
0
0
0
0
0
2
3
8
11
9
15
31
28
4
1
2
5
2
3
1
0
0
0
0
0
0
0
0
0
5
12
15
14
16
17
27
20
0
2
6
2
0
0
0
1
0
0
0
1
8
20
15
19
6
26
17
1
2
1
12
55
215
380
689
1288
1972
2511
2786
3025
3249
3192
3273
3478
3592
3462
3399
3026
2708
2112
1661
1244
967
720
524
430
340
364
538
537
323
210
298
279
296
411
281
361
404
409
400
382
333
235
202
256
304
347
256
125
96
182
214
189
265
264
135
160
219
250
265
327
322
421
467
423
413
448
461
479
583
672
738
882
988
1126
1187
1229
1236
1332
1209
1244
1247
1298
1368
1364
1400
1354
1317
1122
998
877
826
875
972
986
1025
1022
921
994
1067
1043
1188
1068
1070
1111
1211
1182
1209
1211
1156
1220
1378
1177
1054
1044
1053
1218
1273
1279
1277
1107
933
1112
1206
1077
1051
913
759
538
396
281
250
253
286
296
246
307
322
255
170
122
121
138
153
238
312
305
214
89
24
17
3
0
0
0
0
0
1
0
0
0
1
5
6
5
5
1
0
0
0
21
24
3
2
9
20
11
1
1
13
10
15
2
0
0
3
3
5
1
1
0
0
0
0
0
0
0
0
0
0
0
0
0
0
12
17
2
0
2
5
1
0
0
0
0
0
0
0
0
0
0
0
0
0
0
0
0
0
0
0
0
0
0
0
0
0
0
0
0
0
0
0
0
0
0
0
0
0
0
0
1
4
32
40
39
31
30
36
24
11
1
1
4
13
11
6
2
0
0
3
0
6
9
33
59
102
186
243
290
314
377
401
451
494
510
533
529
510
477
428
337
270
209
136
90
50
29
8
7
19
46
65
126
165
226
255
82597
82484
0
0
0
0
0
0
0
0
0
0
0
0
0
0
0
0
0
0
