2
132
127
4
48
0
3
7
143
1126
1786
971
16953
897
1252
1665
2227
2596
2672
2739
2601
2429
2148
1846
1652
1510
1307
990
788
615
414
247
216
140
146
307
320
329
284
260
263
271
262
251
191
156
123
111
88
133
126
146
133
166
159
128
82
37
30
13
8
5
4
5
2
1
3
2
0
1
7
23
1
8
24
25
27
50
92
31
22
20
7
2
23
38
71
137
93
126
137
155
169
122
141
166
155
139
135
122
96
121
144
64
26
68
88
73
35
14
30
39
17
15
6
8
4
40
29
8
2
3
10
9
2
0
0
0
0
0
0
0
0
0
0
0
7
16
7
12
11
13
3
1
4
0
0
0
0
0
0
0
0
0
0
0
0
0
1
5
5
8
0
0
0
0
1
1
1
0
0
1
0
0
1
0
0
0
0
0
0
0
0
0
0
0
0
0
0
0
0
0
0
0
2
0
0
0
0
0
0
0
0
0
0
0
0
0
11
28
24
3
3
26
54
1
15
11
22
26
5
1
1
0
0
0
0
0
0
0
0
2
0
0
0
0
0
0
0
0
0
0
0
0
0
0
0
0
0
0
0
0
0
0
0
0
0
12
145
429
735
1088
1330
1540
1686
1746
1810
1938
2074
2183
2344
2457
2352
2297
2257
2119
1997
1804
1615
1283
1028
856
667
518
351
284
214
172
114
105
111
129
129
179
250
218
232
242
219
174
145
127
97
92
84
75
118
113
96
69
60
26
15
8
34
52
48
23
14
3
2
1
0
3
13
17
13
13
3
8
8
4
11
16
31
48
70
96
125
152
186
183
224
241
321
370
322
280
445
743
971
1177
1239
1081
719
413
516
715
648
536
433
213
225
250
389
482
588
746
1029
1057
732
646
712
526
507
374
351
348
309
336
368
388
387
394
382
557
806
1135
1276
1192
1121
1213
1758
2639
3311
3426
3631
3732
3549
3247
2916
2725
2299
1884
1592
1332
1202
1783
2287
2220
2033
1906
1860
1848
1873
1883
1956
2045
2061
1591
1067
1077
1583
1702
1500
1388
1344
1370
1383
1241
987
618
375
298
356
378
398
482
529
629
633
683
663
680
613
586
534
482
421
316
236
143
89
80
101
148
153
144
145
168
213
255
265
299
282
253
196
168
113
57
36
18
18
11
14
15
21
39
61
71
78
72
60
48
51
42
34
26
22
13
5
4
0
0
1
0
0
3
0
0
0
0
0
4
0
0
0
0
0
0
0
0
1
0
0
2
0
0
6
11
9
22
18
11
5
0
0
0
19
52
55
51
68
75
61
28
26
46
43
45
23
28
27
16
10
28
1
2
4
1
10
6
16
13
39
58
58
85
79
68
75
55
36
15
5
0
0
1
10
11
21
33
71
102
127
172
160
149
152
118
78
65
67
46
11
1
0
0
0
0
0
0
0
16
30
14
162
378
785
1188
1477
1678
1785
1807
1841
1839
1793
1705
1618
1594
1431
1316
1169
1013
885
758
594
450
369
265
215
229
234
216
159
118
116
97
74
73
60
60
36
42
32
9
8
8
13
20
25
18
30
36
66
91
116
147
169
217
252
225
199
191
235
216
191
186
213
248
271
260
324
343
341
370
399
428
379
311
238
249
187
155
261
399
603
854
960
1029
943
785
575
364
203
199
300
420
679
979
1166
1267
1348
1390
1469
1497
1516
1569
1657
1715
1791
1779
1777
1627
1458
1235
1003
757
472
182
79
98
182
258
313
339
298
244
179
147
89
99
48
34
37
62
49
34
52
119
211
243
179
195
244
246
185
118
70
43
34
44
70
135
311
639
894
1171
1436
1837
2147
2035
1760
1523
1408
1104
1062
919
977
1156
1134
1248
1375
1603
1597
1553
1367
1192
951
729
437
277
272
246
397
594
607
581
595
543
497
450
396
329
361
429
497
480
354
386
487
571
653
661
645
637
471
372
404
475
374
271
424
612
609
416
169
174
329
317
234
119
205
297
327
349
318
280
133
159
340
434
516
512
196
409
618
740
675
484
199
485
518
527
522
426
252
354
420
423
395
367
319
312
308
271
311
339
353
285
198
121
70
28
44
66
93
82
60
116
367
582
622
586
708
1087
1380
1769
1872
1813
1682
1514
1305
1176
1122
1122
1070
970
865
748
596
471
321
193
22
17
98
189
216
263
285
274
263
250
215
176
110
80
107
224
351
596
797
980
1004
965
835
696
518
424
399
385
313
174
104
78
114
184
290
407
576
749
893
963
953
931
888
883
829
760
538
393
217
104
73
85
105
130
181
184
208
293
330
327
321
272
237
152
176
276
301
320
473
483
548
610
669
725
970
1086
1155
1120
1004
935
840
682
416
291
190
221
299
315
282
224
127
107
98
91
96
149
230
309
404
439
389
318
385
532
527
410
358
400
353
413
487
704
821
962
976
930
990
959
966
1025
1093
1199
1345
1552
1567
1302
1132
1267
2053
1070
859
820
706
746
725
787
837
829
721
645
489
433
380
335
334
381
347
337
316
269
218
267
324
351
359
457
485
508
548
499
506
471
401
397
323
239
104
100
267
471
570
620
641
609
641
594
578
589
596
619
689
611
586
485
386
314
244
205
144
65
27
15
14
28
58
116
225
279
309
341
326
326
306
291
276
160
129
121
96
137
241
313
348
340
261
265
159
80
45
92
238
379
476
549
608
639
714
799
822
782
700
653
504
362
220
132
29
8
49
153
276
401
435
491
445
466
357
333
273
282
196
192
199
192
556
1442
2201
2459
2328
1935
1644
1539
1581
1727
1706
1605
1518
1549
1520
1433
1394
1324
1331
1459
1517
1438
1333
1159
766
510
420
349
309
206
290
223
172
117
65
117
272
335
272
173
127
98
73
68
80
89
75
76
91
327
474
458
250
27
218
314
134
34
14
0
4
11
18
19
56
88
101
113
176
466
797
1014
755
754
1584
1993
1851
1375
874
1130
1334
1275
791
1019
1147
973
517
539
785
579
244
320
447
333
168
535
696
459
364
375
357
179
414
548
455
250
155
178
185
132
123
135
83
37
21
28
49
40
34
53
76
113
164
167
168
199
210
180
139
116
90
84
60
35
13
6
10
32
45
32
17
13
11
11
30
47
79
132
146
194
266
365
513
696
917
1222
1597
1951
2304
2406
2272
2166
2145
2134
1965
1647
1226
1323
1549
1418
872
1114
1000
536
193
457
578
361
287
386
435
400
517
567
530
446
518
732
682
455
575
441
187
99
54
25
5
4
9
26
42
56
109
156
271
731
1325
1613
1698
1703
1712
1697
1616
1461
1291
1313
1335
1240
1179
973
845
709
604
465
377
305
147
183
247
443
924
1448
1791
1987
1793
1410
1243
1650
1984
2120
2254
2418
2675
2875
2950
2899
2899
3246
3430
3237
2706
3587
1152
1088
841
658
504
481
389
303
212
178
159
248
505
859
984
1143
1218
1251
1178
1287
1625
1720
1858
1849
1682
1556
1510
1522
1567
1622
1570
1444
1276
1139
1075
1052
1001
939
901
811
635
508
370
212
147
68
27
26
94
361
865
1364
1848
2081
2075
1853
1666
1339
1280
1358
1435
1495
1478
1160
808
503
399
450
426
389
319
217
270
656
1009
1196
1197
1109
1097
1166
1226
1216
1120
932
856
939
939
857
821
701
479
320
244
256
314
399
332
188
80
49
145
278
364
322
219
139
176
191
197
156
133
82
71
47
33
51
21
12
14
8
16
11
58
2
3
3
3
0
0
0
0
1
0
0
0
0
0
0
0
0
0
0
0
0
0
0
0
0
0
1
0
2
6
5
14
11
14
12
5
12
12
11
20
29
42
54
67
90
118
134
125
133
148
139
136
149
138
117
94
82
60
39
25
12
7
0
0
0
1
4
7
19
17
18
14
4
1
0
0
0
0
0
0
0
0
0
0
1
1
1
0
0
0
0
0
0
0
0
0
0
0
0
0
0
0
0
0
0
0
0
0
0
0
0
0
0
0
0
0
0
0
0
0
0
0
0
0
0
0
0
0
0
0
0
0
0
11
21
0
5
14
13
1
0
0
0
0
0
0
0
0
0
0
0
0
0
0
0
0
0
0
0
0
0
0
0
0
0
0
0
0
0
0
0
0
0
0
0
0
0
0
0
0
0
0
0
0
0
0
0
0
0
0
20
21
1
13
8
0
0
6
25
53
97
175
271
353
445
590
721
785
846
830
773
803
755
671
737
789
909
1135
1546
1939
2019
2034
1975
1945
1859
1749
1635
1288
1074
1024
811
629
729
823
760
1078
1102
890
794
725
528
373
323
370
374
279
174
115
96
60
95
125
133
120
137
148
144
155
158
146
89
53
72
107
175
196
249
248
249
259
263
274
280
265
240
157
115
59
48
42
82
129
148
167
204
238
253
281
244
258
265
319
483
755
1038
1299
1473
1597
1649
1636
1488
1306
1195
1291
1412
1447
1400
1231
947
785
802
816
716
628
680
944
996
971
844
573
469
412
386
344
209
109
83
83
67
13
0
1
1
1
2
11
21
14
8
7
0
0
0
0
0
4
11
9
2
2
9
2
0
8
7
6
11
11
19
20
21
10
6
6
1
1
0
0
0
0
0
0
0
0
0
0
0
0
0
0
0
0
0
0
0
0
0
0
0
0
0
0
0
0
0
0
0
0
0
0
0
0
0
0
0
0
0
0
0
0
0
0
0
0
0
0
0
0
0
0
1
113
380
590
698
644
475
149
675
1022
1004
963
876
753
609
427
136
125
363
544
616
598
517
263
33
255
450
514
480
379
203
10
257
528
653
459
219
749
965
824
470
135
410
497
183
502
854
739
271
261
591
531
127
183
294
166
107
272
237
16
58
111
47
37
61
93
83
66
50
29
21
19
12
2
0
0
0
5
12
78
37
60
76
88
96
131
154
135
137
122
134
132
97
90
79
86
68
109
229
367
519
607
544
414
467
663
807
921
1208
1463
1251
989
505
445
514
570
569
611
593
615
698
662
599
595
575
589
665
682
642
457
263
536
800
873
1004
1083
986
751
527
364
274
193
100
58
45
66
125
221
425
588
558
434
283
344
342
294
222
189
123
55
41
36
58
101
126
135
142
178
188
252
330
638
1122
1535
1877
2111
2078
1977
1989
1859
1727
1480
1197
1342
1615
1694
1456
931
582
737
755
642
409
290
592
817
757
521
361
443
459
367
192
143
227
283
196
70
29
12
13
10
14
46
50
27
32
36
18
29
46
38
24
23
8
7
6
4
23
208
369
445
342
191
76
148
293
426
564
580
475
363
216
75
80
258
347
342
277
194
112
163
288
404
389
300
362
415
356
250
225
211
184
116
86
96
118
124
119
71
28
16
9
0
0
0
0
0
0
0
0
0
0
0
0
0
0
0
0
0
0
0
0
0
0
0
0
0
1
0
6
9
5
11
7
3
0
2
5
19
24
61
300
564
816
909
992
937
764
705
711
777
856
829
757
825
949
928
810
667
566
485
550
598
659
756
901
899
849
838
696
569
641
725
783
682
520
347
194
325
212
153
212
170
102
78
73
98
95
41
27
55
71
86
138
132
89
164
230
230
186
38
2
4
11
55
137
324
707
913
879
693
371
321
357
241
154
172
200
237
175
127
81
86
128
369
865
1391
1420
1740
1292
1158
1011
993
822
575
423
342
187
172
196
217
201
173
166
172
198
199
193
179
148
57
21
29
62
93
75
255
825
1449
2003
2234
2055
1472
1159
1417
1564
1513
1645
1867
1639
1420
1309
1224
1111
878
614
480
673
1223
1803
2230
2531
2618
2498
2279
2059
2075
2131
1989
1854
1592
1259
998
771
574
403
291
125
112
260
358
287
209
185
173
172
315
398
338
488
793
1006
1102
1093
981
797
719
845
1039
1284
1656
1947
1928
1730
1711
1622
1602
1567
1516
1301
1068
1349
1418
1384
1317
1095
918
751
724
592
548
444
323
250
258
261
316
334
289
335
365
559
710
987
1235
1375
1528
1631
1723
1631
1583
1474
1379
1295
1184
1097
1021
948
871
791
743
724
674
669
533
380
219
210
194
106
44
28
80
223
542
853
935
905
943
1039
967
775
535
489
492
601
735
696
598
457
375
168
26
32
3
5
30
41
88
134
250
300
472
618
648
645
766
883
948
945
966
917
807
727
659
578
567
518
474
464
460
426
404
388
328
280
246
201
189
266
474
589
734
899
1024
1142
1237
1278
1304
1329
1310
1305
1172
1076
1008
1009
1047
1056
1099
1008
894
749
400
410
407
381
348
259
195
326
445
563
613
473
418
388
385
444
462
480
617
643
632
600
516
463
373
312
254
164
146
171
179
141
81
35
3
17
34
51
94
220
359
469
481
635
643
416
289
272
242
676
836
705
520
461
426
351
232
236
475
818
1176
1436
1602
1688
1754
1702
1600
1435
1339
1127
1192
1321
1168
1238
1228
1196
1011
978
1041
1097
1151
1363
1439
1401
1245
1032
976
1012
960
788
700
647
527
375
281
183
90
165
256
367
383
356
371
339
334
308
295
311
189
109
57
54
73
38
17
19
15
22
15
43
81
101
105
90
72
39
13
2
0
0
0
1
1
1
0
0
0
0
0
0
1
0
9
59
73
53
4
13
49
58
57
45
34
48
55
78
151
272
673
1186
1464
1446
1226
1102
977
836
543
270
38
30
241
742
1318
1651
1731
1639
1496
1229
1035
1121
1326
1417
1422
1461
1481
1406
1253
1018
844
611
378
193
58
60
269
745
1372
1962
2436
2742
2715
2411
2291
2065
1796
1610
1346
1123
1000
837
671
522
434
346
249
155
167
194
230
308
355
390
444
440
460
453
459
478
483
493
498
491
462
451
429
407
373
364
310
263
225
177
150
123
114
109
142
159
193
215
474
489
215
179
166
152
122
111
90
88
68
41
23
26
19
18
17
17
13
7
2
0
0
0
3
12
19
20
27
31
29
44
48
77
73
66
55
44
34
20
156
723
1254
1560
1693
1490
1221
961
896
1029
1135
1217
1209
1199
972
638
478
867
1081
1109
1090
875
514
79
156
491
729
748
586
327
48
73
332
480
523
411
238
43
46
212
345
369
229
40
75
245
319
312
225
82
63
170
253
229
107
28
24
52
108
66
20
32
123
203
123
38
38
94
120
82
73
56
61
45
27
12
8
3
1
1
0
0
0
0
0
0
0
0
0
0
1
2
36
288
621
838
1052
1097
1070
922
695
548
465
417
372
393
405
410
396
356
261
166
83
46
20
6
0
6
16
27
33
40
31
20
7
5
5
6
1
0
0
0
2
9
7
10
16
18
10
0
0
0
0
0
0
0
0
0
0
0
0
1
15
31
75
125
448
216
173
134
63
12
48
69
87
67
75
116
201
259
287
271
241
209
171
162
143
110
72
21
4
0
0
2
16
38
51
75
77
61
61
48
46
47
55
52
40
28
36
25
16
7
10
10
3
0
0
0
0
0
1
3
0
2
29
9
6
17
12
27
69
188
450
649
820
1008
1116
1076
983
881
803
885
864
750
894
926
662
619
316
382
408
316
253
115
21
0
0
24
25
66
178
190
308
782
1304
1646
1821
1915
1856
1918
2194
1922
1793
1399
1520
1394
1035
689
828
1008
1003
726
464
569
666
684
516
129
49
244
326
313
295
309
177
141
101
14
5
31
50
17
1
0
1
0
0
1
2
8
39
126
251
302
222
77
11
1
1
4
2
0
28
17
2
38
132
78
0
0
4
6
6
11
5
0
2
1
0
0
0
1
1
0
0
0
0
0
0
0
0
0
0
0
0
0
0
0
0
0
0
0
0
67
327
634
977
1209
1266
1123
847
386
899
1347
1499
1609
1555
1381
1177
945
774
493
342
610
942
1125
1216
1202
974
760
276
115
417
535
602
516
388
191
37
178
281
326
144
55
253
483
615
659
642
551
377
259
137
75
25
12
15
11
10
7
4
1
0
0
0
0
0
0
10
38
45
37
84
310
501
556
707
751
1038
1352
1164
1036
920
770
736
593
396
423
403
371
291
188
179
177
223
355
294
153
174
203
199
234
294
302
274
196
171
313
473
519
493
428
250
162
224
272
246
227
474
818
1074
1269
1344
1367
1384
1222
919
632
219
167
262
258
272
228
271
318
283
204
212
172
161
226
298
335
329
242
579
991
1284
1317
1254
1033
877
853
1125
1304
1201
912
780
916
1385
1776
1937
1799
1570
1212
965
756
535
345
484
805
997
1159
1234
1236
1188
1110
1014
812
849
960
923
779
670
451
436
508
522
515
457
417
416
702
959
1004
1009
1062
1049
1013
852
771
739
823
866
970
854
912
904
903
863
807
726
694
964
1193
1383
1660
1754
1849
1802
1656
1631
1775
1780
1625
1354
1116
1087
998
846
682
593
533
477
404
424
490
551
553
584
616
532
476
381
365
336
277
277
372
613
944
1759
2399
2782
2667
2330
2108
1876
1605
1391
1262
1293
1245
1100
884
847
736
692
629
578
540
410
358
322
347
389
403
510
573
419
182
141
298
312
260
153
77
107
178
248
357
504
690
929
1187
1455
1597
1645
1533
1399
1152
1055
1003
899
751
1051
516
442
422
474
608
766
730
500
329
277
379
344
331
362
349
285
86
13
66
95
77
55
41
18
12
3
7
20
18
6
12
17
18
21
21
20
18
28
56
346
455
459
528
626
1096
1120
959
759
654
569
473
494
524
529
529
541
528
511
547
599
614
627
605
570
450
242
355
525
620
623
579
487
421
374
352
330
269
313
310
221
195
319
403
453
417
222
254
403
485
466
363
309
242
186
222
323
461
605
789
809
682
531
350
289
271
192
120
115
182
218
229
224
188
152
156
160
230
325
453
526
599
809
1210
1632
1717
1723
1596
1541
1456
1337
1307
1332
1247
1093
975
835
690
548
344
244
210
73
3
2
16
57
87
39
31
17
8
5
5
4
3
17
69
240
341
519
668
776
643
285
318
513
647
596
499
444
399
305
227
189
159
211
251
256
260
272
260
247
280
300
321
344
354
410
386
409
358
287
208
202
181
137
70
34
0
1
109
395
687
1026
1337
1522
1602
1519
1425
1437
1405
1469
1518
1413
1391
1337
1319
1426
1556
1508
1359
1153
947
781
671
578
485
509
463
434
391
519
693
733
599
326
321
317
390
453
707
849
819
867
897
950
945
985
1113
1175
1270
1316
1195
974
721
579
376
248
130
98
108
106
86
99
109
131
152
175
167
181
227
269
327
411
388
404
455
451
426
419
370
263
150
181
299
435
518
571
576
617
608
505
471
417
359
300
324
302
367
431
505
597
628
644
624
706
848
1088
1140
1198
1218
1218
1231
1321
1389
1471
1485
1400
1383
1309
1140
984
795
679
534
427
343
304
292
290
297
294
277
264
251
194
130
104
102
75
41
80
138
158
186
216
281
284
251
202
131
86
59
18
29
55
81
85
94
120
145
145
133
113
70
56
69
145
427
658
847
900
952
935
810
764
826
905
981
964
923
743
593
365
247
270
248
198
156
98
79
123
210
347
400
379
306
230
99
13
24
129
207
294
388
524
692
850
1050
1236
1386
1462
1348
1214
1098
1147
1319
1505
1627
1581
1533
1451
1291
1195
1044
1013
1062
1193
1301
1216
1195
1247
1254
1168
1184
1317
1297
1432
1587
1942
2183
2280
2505
2603
2350
1933
1912
2046
1957
1625
1382
1073
1035
1123
1422
1644
1671
1620
1680
1779
1690
1692
1858
1989
2123
2091
1894
1875
1994
1980
1948
1845
1818
1759
1557
1468
1338
1203
1176
1088
962
819
664
604
634
628
618
627
662
593
485
448
407
347
285
224
182
109
66
205
50
61
42
35
39
57
69
112
126
180
304
652
979
1297
1483
1477
1318
1155
981
805
714
661
658
656
658
705
668
595
493
339
291
234
266
267
252
243
245
225
240
235
234
212
199
191
176
152
151
108
97
79
73
42
22
20
41
352
1218
1678
1525
950
1111
1551
1538
1324
947
689
584
649
806
970
1179
1385
1488
1507
1587
1607
1647
1734
1714
1682
1579
1462
1490
1653
1930
2032
2128
2140
2023
1864
1621
1361
1210
1175
1128
943
703
598
625
638
718
793
849
960
1084
1096
1090
1046
1215
1467
1749
2005
2248
2430
2585
2734
2868
2963
2923
2732
2556
2414
2301
2226
2027
1886
1725
1650
1507
1358
1190
1087
1046
941
950
988
1037
1055
1056
1070
1100
1113
1168
1166
1124
1074
991
892
732
598
431
287
127
21
0
7
50
106
173
206
283
288
285
268
263
237
247
195
224
214
213
287
707
1209
1574
1854
1887
1510
1963
2519
2706
2783
2723
2555
2223
1839
1289
1024
1020
1172
1159
1126
1056
811
335
432
957
1080
923
611
400
726
847
802
552
213
334
570
561
371
122
203
515
551
432
72
77
194
176
74
0
42
212
261
235
38
41
90
186
155
111
2
39
66
15
34
3
4
10
9
5
0
4
4
8
1
2
0
0
0
2
0
1
0
2
1
4
5
25
47
67
107
125
171
193
188
198
206
176
155
146
117
94
88
83
75
53
31
26
22
8
2
5
0
0
0
0
0
0
6
2
10
25
67
177
347
521
619
697
799
683
562
466
459
505
542
675
751
729
740
843
1004
1274
1495
1406
1363
1400
1194
1350
1252
805
169
531
668
791
879
913
972
1042
1006
884
408
474
514
392
264
186
164
216
221
251
273
284
324
459
764
1060
1334
1439
1410
1452
1599
1677
1819
1904
1843
1711
1339
844
895
892
929
932
939
718
434
192
254
558
677
745
757
648
506
251
221
387
501
544
531
281
103
275
463
505
396
221
24
33
178
274
280
211
38
10
29
69
73
23
16
45
80
106
54
52
47
63
60
69
74
101
140
255
423
595
606
794
1050
1170
1290
1238
1011
787
777
710
652
719
798
827
985
1044
1108
1058
1028
1038
1076
1074
985
815
399
439
518
295
78
60
71
108
104
52
34
38
70
73
52
25
36
28
41
20
14
73
147
159
117
76
94
114
30
24
35
46
74
103
151
114
55
27
81
70
36
10
6
4
6
3
1
2
28
119
87
6
6
30
11
14
46
63
74
47
521
644
1113
1689
1939
1568
1081
543
362
450
408
330
202
70
37
7
30
88
179
266
360
417
425
498
679
624
615
559
540
585
588
587
543
473
357
268
174
364
402
241
173
313
343
304
305
295
344
346
331
319
384
434
380
528
620
590
600
554
450
364
296
233
189
148
107
81
55
64
113
203
289
357
405
417
393
339
284
213
143
99
102
95
71
73
79
77
48
52
80
42
56
82
78
512
1043
1578
2007
2167
2038
1835
1558
1315
1086
1008
873
818
730
647
572
491
411
331
252
153
95
120
133
155
190
236
272
265
224
162
142
150
125
91
43
20
25
65
84
73
67
67
94
142
212
283
345
339
328
321
245
118
90
84
67
39
9
73
305
681
1112
1434
1661
1984
2161
2200
2203
2082
1916
1749
1512
1333
1224
1059
882
752
610
446
337
271
211
203
173
168
115
36
10
9
9
6
9
1
0
6
1
1
0
1
31
102
169
242
374
558
634
703
810
839
769
595
417
296
200
175
142
51
24
95
262
594
1097
1498
1740
1729
1556
1369
1310
1180
1136
1165
1137
1084
978
930
859
795
714
597
504
434
348
272
166
121
153
214
193
197
195
298
417
381
363
298
242
262
346
419
575
828
1008
1134
1222
1173
1227
1253
1243
1113
942
703
441
466
630
693
774
902
892
796
600
433
371
464
616
777
941
1056
1205
1403
1588
1689
1831
1825
1927
2043
2013
1886
1686
1415
1119
983
920
797
718
767
860
892
837
752
639
559
441
407
457
657
808
973
1192
1331
1482
1441
1194
1011
773
635
640
726
809
859
907
931
946
989
1047
1129
1210
1392
1593
1554
1382
1238
1044
1015
1110
1076
1052
1042
847
498
365
394
484
465
327
254
300
404
617
734
783
861
879
946
840
741
545
358
269
174
98
96
115
97
75
56
31
25
26
18
18
7
38
58
62
65
100
166
194
196
191
165
154
128
118
90
53
29
23
25
30
30
49
98
137
175
237
258
295
320
339
430
454
490
466
411
391
385
355
279
256
271
290
335
374
344
223
113
113
153
157
109
85
76
67
97
103
70
21
13
20
27
32
25
16
11
1
1
3
2
0
0
0
0
0
0
1
0
0
3
0
0
0
1
22
26
1
0
1
1
6
13
38
54
67
90
114
124
142
195
238
280
304
351
431
513
601
726
858
1003
1144
1373
1564
1725
1772
1698
1514
1261
989
829
696
551
409
277
189
71
16
9
123
100
133
163
169
184
182
174
150
121
71
80
374
851
966
609
194
363
590
527
123
366
350
146
28
196
280
210
72
63
51
39
40
37
26
21
23
28
58
258
746
1207
1373
1327
995
776
740
714
564
319
144
195
229
182
151
113
55
73
129
147
119
151
169
236
303
376
443
493
577
611
793
927
882
856
820
666
428
364
520
695
801
827
730
810
911
1168
1405
1507
1139
819
978
1009
938
1031
1335
1321
1159
1167
1201
1165
1107
1114
1101
955
877
778
675
597
492
396
353
300
231
198
175
125
106
89
191
374
586
830
893
909
897
773
661
602
538
516
419
396
371
305
287
262
226
158
133
123
198
589
1241
1970
2398
2591
2570
2351
2203
1998
1801
1642
1435
1261
1020
828
718
596
507
381
317
296
331
346
425
575
653
820
1075
1198
1307
1398
1539
1608
1649
1590
1406
1212
1179
1175
1202
900
646
409
362
318
212
265
471
491
417
393
350
307
283
262
188
145
93
91
112
100
124
140
182
252
322
371
374
314
280
249
268
241
229
209
196
154
107
118
116
121
129
133
103
88
80
61
52
58
56
87
107
111
113
105
108
104
125
139
200
503
912
1307
1541
1575
1431
1051
502
628
619
461
394
399
327
189
137
112
144
243
334
352
447
513
600
596
443
217
103
123
167
222
218
244
227
192
176
167
219
389
577
705
902
1032
1150
1102
875
653
494
342
228
191
170
138
98
33
15
9
2
14
37
21
7
9
2
0
0
0
1
2
1
0
3
0
0
0
0
0
0
0
0
2
9
5
10
12
14
16
8
6
9
11
10
24
37
62
92
117
143
178
221
323
703
990
1223
1365
1373
1261
1105
920
733
793
1165
1402
1293
919
500
628
820
762
395
434
701
638
280
254
338
282
273
216
165
129
171
274
170
143
197
245
195
211
195
209
201
192
195
187
191
201
204
168
92
64
23
7
15
24
10
11
5
0
2
1
0
0
0
0
0
6
5
15
25
38
48
35
50
54
69
88
78
67
51
58
56
50
43
23
4
0
0
0
0
0
0
0
0
0
0
1
5
4
9
2
4
4
1
3
0
0
0
0
0
0
0
0
0
0
0
0
0
0
0
0
0
1
36
465
899
1178
1086
753
476
340
223
154
115
111
108
109
109
113
119
92
42
2
59
43
40
39
23
0
30
75
65
20
1
1
23
66
24
0
5
0
0
0
0
0
0
0
10
21
11
0
5
5
10
3
6
9
6
0
0
0
6
4
13
30
36
35
38
32
20
12
4
0
0
0
0
0
0
0
0
0
0
0
0
0
0
0
0
0
0
0
0
0
0
0
0
0
0
0
4
17
14
5
11
26
13
1
0
0
0
1
0
0
0
0
0
0
0
0
0
0
0
2
5
0
0
0
0
0
0
0
0
0
0
0
0
0
0
0
0
0
0
0
0
0
0
0
0
0
0
0
0
0
0
0
0
0
0
0
0
0
0
12
22
0
5
10
4
0
0
9
11
14
15
4
3
1
6
2
0
0
0
3
6
11
7
6
2
5
5
9
2
0
0
0
0
0
0
0
0
0
0
0
0
1
0
0
0
0
0
0
0
0
0
0
0
0
0
0
0
0
0
0
0
0
0
0
0
0
0
8
17
66
129
84
25
2
0
12
87
118
121
51
20
0
0
2
0
0
0
0
0
0
0
12
32
53
47
37
54
35
20
6
4
8
17
14
9
1
0
3
0
2
21
18
11
15
8
0
0
0
0
0
0
0
0
1
2
6
0
0
0
0
0
0
0
0
0
0
0
0
0
0
0
0
0
0
0
0
0
0
0
0
0
0
0
0
0
0
0
0
0
0
0
0
0
0
8
25
42
59
32
8
0
0
0
0
1
22
44
72
104
129
160
184
196
197
191
215
305
413
448
388
409
398
339
333
407
408
399
337
281
148
64
72
87
82
75
44
82
188
246
261
284
227
73
3
96
104
90
31
49
26
17
23
303
713
1188
1373
1303
799
789
861
773
732
727
772
808
830
831
853
657
529
487
506
479
510
618
716
779
824
659
689
757
798
782
732
699
713
752
686
653
508
372
421
464
477
580
642
680
704
652
579
608
643
662
589
465
360
366
506
569
558
431
364
301
173
143
215
285
257
229
268
266
353
382
461
580
678
777
778
835
705
614
513
505
616
747
800
1051
1282
1313
1247
1076
898
573
454
361
377
416
379
419
505
604
612
515
407
419
410
412
475
430
458
579
607
574
487
463
493
523
549
667
804
969
1101
1295
1486
1543
1589
1582
1689
1782
1885
1815
1799
1583
1394
1120
800
517
245
298
296
241
239
214
297
368
444
632
747
702
736
698
572
503
320
308
332
592
353
352
338
477
774
949
967
867
739
639
463
267
203
178
147
66
92
101
77
194
321
426
508
535
606
840
1324
1708
1884
1889
1828
1586
1431
1412
1282
1234
1208
1138
985
904
831
760
711
641
524
433
350
312
245
174
72
28
21
10
25
73
128
138
182
196
226
257
284
264
234
168
127
184
416
655
661
602
487
372
255
206
237
273
258
274
405
665
763
888
1091
1078
934
834
847
699
630
614
624
635
688
694
784
682
600
563
466
485
594
615
580
462
347
304
379
517
503
447
468
707
871
1035
1091
882
613
591
449
473
788
1190
1625
1831
1892
1839
1828
1670
1396
1119
768
573
510
495
607
697
981
1320
1798
2237
2502
2736
2870
2797
2731
2593
2277
1960
1621
1520
1454
1244
993
885
1177
1611
2262
2890
3125
2990
2706
2769
3006
3250
2979
2824
2652
2260
1951
2121
2234
2248
2201
2050
1642
1511
1473
1300
868
530
487
438
542
737
1016
1089
967
825
1005
1223
1236
1232
1088
922
740
606
451
471
426
365
488
539
543
454
396
283
201
110
156
173
250
348
405
428
495
547
523
433
336
247
371
334
424
401
546
629
721
752
695
738
772
966
988
812
838
824
765
773
658
534
412
307
254
179
152
139
102
57
44
28
57
47
31
64
80
65
40
44
27
31
30
7
2
13
10
10
1
0
7
17
12
0
0
0
0
1
10
17
13
11
1
0
1
0
2
0
1
0
0
1
0
0
0
0
0
0
0
0
0
0
0
0
0
0
0
0
0
0
0
0
0
0
0
0
0
0
0
0
35
11
0
8
11
6
0
0
0
0
0
0
0
0
0
0
0
0
0
0
0
0
0
0
0
0
0
0
1
5
44
267
854
1420
1998
2125
1787
1253
1086
753
288
628
705
724
793
893
933
915
849
818
817
787
729
597
384
216
246
310
571
894
804
614
544
432
235
203
207
274
237
347
428
548
699
892
969
906
608
376
318
354
352
294
239
260
318
366
387
343
268
72
212
342
341
304
169
21
100
179
217
244
284
390
618
684
770
868
724
516
451
413
334
306
251
200
198
280
175
103
60
159
214
281
305
283
344
322
298
238
173
102
122
169
261
332
337
291
153
16
51
56
2
2
1
1
5
0
1
10
36
24
148
548
924
1215
1307
1233
984
692
421
136
14
29
33
44
71
58
76
73
37
8
12
16
70
111
204
363
480
449
410
568
329
90
30
34
43
70
68
138
113
78
99
204
214
200
211
179
210
181
137
96
65
49
44
26
13
21
15
32
55
49
48
54
51
64
76
86
114
148
128
96
69
21
16
30
20
14
21
15
37
69
82
108
133
138
169
203
199
163
162
181
195
176
187
194
200
196
188
157
137
101
104
129
154
195
220
238
207
146
63
60
118
178
250
261
160
388
540
1028
1285
1381
1233
853
575
363
248
119
17
11
29
160
308
367
343
291
177
36
17
68
97
142
305
491
636
622
665
599
473
397
364
326
279
246
184
116
79
54
56
79
29
12
68
87
70
25
11
16
46
91
197
307
706
1278
1723
2065
2188
2196
2266
2302
2280
2231
2165
1958
1872
1763
1585
1453
1252
1015
933
806
592
410
250
202
203
472
677
909
1291
1526
1938
2359
2650
2727
2642
2473
2226
2200
2273
2197
2085
2008
1938
1857
1633
1403
1156
902
651
433
394
430
606
738
894
1052
1130
1119
999
874
672
570
512
421
308
293
302
240
163
171
173
102
102
117
161
178
132
87
71
42
24
37
42
34
22
33
92
131
98
105
129
179
207
193
213
300
371
329
392
436
397
402
213
120
92
107
98
19
0
3
0
2
15
17
31
63
111
125
131
118
134
143
178
198
204
167
110
55
27
22
19
29
104
301
468
577
661
682
639
518
235
18
222
598
897
1094
1191
1130
919
752
564
280
311
575
634
681
899
981
836
533
148
89
296
401
387
239
67
60
140
337
338
205
124
177
324
432
408
419
436
479
556
612
581
491
420
380
349
278
229
181
141
123
110
100
115
121
104
80
41
50
61
123
377
730
984
1084
955
616
245
44
274
933
1073
906
700
455
460
413
616
949
1217
1366
1341
1299
1328
1120
826
739
1015
1200
1114
973
821
626
509
597
635
552
415
308
359
498
560
483
365
302
235
195
135
95
145
227
194
89
33
14
6
8
25
67
60
36
11
0
2
28
41
50
57
55
47
43
36
26
11
2
3
3
34
50
59
66
73
102
114
137
161
181
167
103
18
0
0
0
3
6
15
35
210
910
1482
1999
2343
2396
2245
2051
1912
1688
1550
1372
1257
1106
938
794
670
575
517
411
346
238
158
143
90
90
97
121
173
239
271
269
261
195
134
85
38
27
29
44
50
33
23
103
135
100
65
78
205
260
404
662
929
1227
1596
1804
1943
1898
1907
1999
1932
2753
1684
1610
1587
1514
1507
1543
1659
1784
1981
2144
2210
2194
1935
1611
1150
721
531
416
350
279
103
26
6
16
18
80
129
167
167
286
427
582
715
798
829
861
968
1057
1045
1076
1048
1072
1105
1289
1358
1249
1017
863
782
646
517
455
364
323
275
236
124
60
88
77
52
93
103
144
137
83
62
59
50
48
36
15
20
10
10
5
16
10
1
5
1
0
30
10
102
9
4
8
6
1
19
27
15
21
90
332
528
722
877
1129
1081
994
787
724
773
947
716
526
389
267
129
173
234
164
99
90
93
113
184
301
449
560
1127
1794
2163
2418
2518
2247
2039
1995
1940
1892
1942
1940
1855
1742
1630
1460
1232
1013
786
608
473
345
194
126
166
211
245
279
332
358
359
340
297
262
221
236
228
203
214
199
188
154
102
84
74
46
56
52
52
90
72
61
81
53
43
56
56
36
61
66
61
72
81
87
140
176
210
224
281
302
335
395
408
379
345
270
222
270
366
427
486
802
881
852
906
880
802
680
616
665
683
791
760
926
956
790
669
758
1013
1202
1185
1159
1219
1148
1088
1065
1130
1168
1032
820
830
894
970
963
1094
1237
1350
1462
1683
1790
1862
1895
1656
1538
1471
1397
1357
1199
1075
1124
1280
1358
1405
1432
1567
1721
1855
1945
2105
2299
2528
2702
2921
3023
3017
2664
1943
1927
1925
1941
2073
2268
2172
1923
1541
1469
1514
1604
1634
1732
1766
1733
1673
1752
2029
2267
2358
2214
1824
1352
1552
1713
1746
1360
1222
1333
1510
1541
1475
1264
1022
872
737
524
307
139
340
1147
1679
2056
2145
2086
1867
1702
1513
1335
1178
1226
1159
965
813
661
549
442
333
240
166
145
225
309
398
431
433
375
293
255
233
228
193
193
187
180
195
253
227
141
74
63
46
51
59
37
25
7
7
16
10
11
5
15
14
14
5
1
21
392
819
1041
916
413
1189
2058
2480
2456
2282
1864
1438
782
574
1163
1541
1650
1526
1342
859
419
179
513
694
670
540
364
365
617
944
1233
1292
1175
1064
1047
1009
796
474
747
1006
1091
965
394
311
435
436
368
210
187
346
356
130
38
73
273
321
209
64
90
247
274
246
112
51
58
65
31
60
59
36
4
1
1
39
16
18
34
34
14
7
7
1
0
0
0
2
1
0
7
2
2
7
0
2
0
1
1
1
1
10
8
11
13
29
33
33
18
17
12
12
12
37
27
0
13
12
10
1
0
0
0
0
0
0
0
0
0
0
0
0
0
0
0
0
0
0
0
0
0
0
0
0
0
0
0
0
0
0
0
0
0
0
0
0
0
0
0
0
0
0
0
0
0
1
0
0
1
0
1
3
2
0
0
2
4
26
16
2
10
9
5
0
0
1
1
0
0
0
0
0
0
0
0
0
5
102
486
933
1369
1650
1699
1559
1257
928
829
711
558
459
412
317
227
134
64
7
9
80
124
200
246
280
272
304
314
294
290
236
204
173
120
71
45
55
108
192
285
338
325
146
322
399
320
173
113
87
52
43
133
335
632
909
1010
990
786
679
596
512
431
372
247
72
140
191
193
280
236
112
101
73
44
42
28
18
36
29
9
3
4
15
37
100
174
192
181
138
145
194
214
237
219
118
181
228
204
173
127
127
18
124
130
87
122
27
190
185
182
75
32
158
434
910
1223
1258
895
763
734
866
978
983
855
673
554
580
715
758
789
799
820
903
995
1006
899
633
346
186
176
203
196
147
119
128
165
182
207
349
536
604
637
663
693
770
860
900
893
919
897
890
864
861
860
806
706
648
625
476
423
362
387
491
538
442
355
430
507
538
711
857
954
1087
1147
1354
1483
1569
1655
1680
1639
1534
1338
1135
965
804
650
566
493
427
333
243
234
239
228
219
223
238
265
236
185
201
155
139
136
134
142
146
135
154
157
206
258
302
363
417
433
401
327
433
809
1235
1556
1758
1753
1586
1356
1055
1000
891
743
485
446
522
470
244
141
367
572
562
588
717
655
380
268
186
87
59
63
67
66
55
41
22
17
15
32
51
86
128
157
194
226
212
192
96
41
23
29
32
44
54
46
30
60
62
90
104
124
133
150
155
165
194
203
216
211
222
199
188
179
123
89
51
33
33
19
3
0
1
0
8
23
25
32
34
29
30
56
98
148
182
205
227
246
288
300
297
280
274
283
274
254
233
205
169
128
72
14
9
4
1
0
0
0
0
0
0
0
0
0
0
0
1
0
0
0
4
7
25
27
24
36
32
33
22
36
92
269
474
719
854
915
1012
1010
858
674
370
302
342
314
260
220
165
117
66
47
26
37
51
102
93
59
51
71
101
73
44
16
2
5
15
61
184
230
199
145
50
63
150
166
104
64
51
53
66
70
96
120
85
54
66
34
65
127
138
172
201
190
120
82
55
36
21
20
21
23
120
616
432
248
40
16
47
128
99
51
135
330
557
716
1024
1141
1133
1173
1320
1431
1583
1587
1394
1293
1209
1008
745
646
566
488
538
547
454
375
497
514
354
378
381
341
423
467
495
543
544
464
393
368
375
419
445
450
450
462
452
430
446
474
335
442
410
353
330
276
266
214
237
226
189
131
117
126
142
192
206
121
64
24
57
92
173
279
300
343
278
214
246
298
658
1171
1593
1953
2091
1990
1870
1819
1826
1353
1259
1053
669
667
860
943
845
711
720
729
801
926
1028
999
975
862
802
802
884
979
1072
1188
1269
1288
1391
1440
1550
1552
1309
1218
1174
1258
1276
1207
1244
1257
1120
1103
1120
990
795
601
504
404
315
221
103
56
151
298
355
285
133
178
244
263
408
413
709
1299
1714
2054
2126
2213
2367
2397
2361
2166
1873
1491
1052
622
443
335
270
393
679
907
1105
1189
1268
1339
1258
1109
868
705
636
669
655
642
631
635
639
646
723
815
822
922
1011
1153
1180
1024
1108
1182
1202
1207
1153
1077
895
759
566
428
237
126
48
56
39
12
33
96
182
267
336
388
393
441
451
416
386
375
371
325
325
297
303
275
262
243
308
231
160
183
141
162
164
142
97
78
71
72
70
90
81
73
81
75
56
45
31
36
24
15
47
54
49
41
43
20
3
17
45
263
543
771
850
776
554
186
91
494
685
821
834
860
802
726
489
162
32
148
298
361
334
166
40
7
6
55
40
1
0
2
7
8
2
0
0
0
3
6
63
206
453
801
1048
1121
1125
1076
934
698
585
538
462
376
262
189
165
168
234
302
282
176
193
195
154
121
64
32
36
19
21
58
81
90
91
115
84
9
2
6
2
8
4
11
9
22
23
31
19
5
3
1
1
0
0
22
120
179
320
464
545
575
449
266
200
304
393
370
321
288
132
90
113
132
206
362
378
372
418
435
507
468
491
445
480
480
511
562
538
482
323
187
75
38
48
41
85
64
36
24
1
0
0
0
1
0
0
0
0
0
0
10
16
8
7
12
3
4
7
15
21
22
28
39
36
23
17
14
8
14
47
10
38
83
119
130
146
125
143
150
195
176
166
172
188
156
152
142
120
116
95
72
72
40
33
14
8
6
0
2
2
1
1
2
0
0
0
0
0
0
0
0
0
0
0
0
0
1
0
0
0
0
0
0
0
0
0
4
0
0
0
0
0
0
0
0
1
6
31
35
27
23
28
43
75
215
258
209
293
412
472
534
644
765
892
969
834
875
1218
1386
1440
1241
924
446
343
549
635
585
302
43
87
160
108
93
124
116
101
105
106
128
316
738
1114
1327
1337
1179
925
885
843
717
552
317
240
203
202
164
135
111
109
62
58
44
3
4
5
1
8
16
14
15
5
0
2
4
13
105
115
43
3
16
84
121
109
55
19
116
278
323
315
447
580
555
564
517
519
564
608
609
587
514
549
650
683
542
355
377
531
593
504
317
315
478
476
381
257
213
265
227
192
148
163
174
214
229
230
286
370
452
484
422
371
369
387
681
910
1020
986
877
733
673
596
458
289
254
219
151
182
198
254
318
364
423
494
566
559
510
476
461
435
391
354
386
398
410
375
287
190
149
108
40
105
170
198
153
88
16
8
14
24
38
50
41
21
15
17
21
23
24
22
12
10
11
3
12
21
16
11
0
0
0
0
0
0
0
0
0
0
0
0
0
0
0
0
0
0
0
0
0
0
0
0
0
0
0
0
0
0
0
0
0
0
0
0
0
0
0
0
0
0
0
0
0
0
0
0
0
0
0
0
0
0
0
0
0
0
0
0
5
7
7
6
16
11
2
3
2
1
1
2
2
0
3
0
0
0
0
0
0
0
0
0
0
0
0
0
0
0
1
234
675
1118
1400
1519
1384
1216
1080
896
746
682
637
564
495
491
561
677
755
744
689
498
201
373
680
831
827
609
233
51
227
447
505
442
340
177
166
192
252
307
231
134
123
174
315
376
275
154
142
180
185
155
83
59
52
65
46
9
0
3
9
2
0
0
2
14
40
118
455
1002
1518
1804
1756
1497
1235
893
592
401
160
149
336
447
654
847
981
1061
1026
989
1029
1149
1285
1276
966
545
662
873
803
655
450
386
554
626
626
568
546
512
478
476
574
680
716
768
749
722
724
603
490
363
326
335
370
368
328
334
387
433
480
513
516
487
475
433
369
337
301
266
216
182
156
143
137
187
329
441
456
299
66
73
62
40
56
87
125
127
111
103
91
132
303
503
667
667
441
90
19
8
10
30
52
71
54
34
48
47
55
54
54
55
37
43
38
25
25
10
1
0
0
0
0
0
0
0
0
0
0
0
0
0
0
0
0
0
0
0
0
0
0
0
0
3
51
263
397
333
147
147
502
796
1003
1093
1071
938
743
519
311
538
713
891
846
489
229
451
476
458
340
89
77
343
466
467
406
281
105
35
94
147
120
80
137
261
407
503
481
444
391
380
526
492
632
789
1032
1254
1407
1731
1919
2184
2368
2464
2517
2638
2700
2787
2925
3055
3206
3281
3281
3435
3498
3433
3328
3059
2547
2072
1723
1548
1267
1157
1102
968
821
513
266
109
116
333
545
719
877
1158
1457
1602
1748
2025
2287
2553
2805
2999
3044
3121
3195
3242
3438
3543
3408
3084
2521
1779
1220
1435
1508
1541
1397
1148
768
359
583
705
776
664
383
104
263
569
652
654
457
218
196
171
190
196
164
162
171
185
228
263
162
115
112
84
79
89
104
95
123
144
121
102
91
71
112
170
196
203
181
137
154
155
144
91
28
31
17
33
70
110
102
96
72
87
107
125
180
242
244
278
328
364
407
407
357
354
415
600
677
684
567
579
666
736
1079
1736
2100
2685
2948
2593
2186
2300
2407
2330
1891
1875
1896
1837
1601
1580
1390
960
1055
1561
1827
1994
2131
2349
2680
2978
3173
3326
3341
3302
3380
3357
3175
2989
2902
2827
2720
2549
2313
2106
1901
1702
1524
1400
1271
1100
919
741
571
487
352
229
114
55
23
4
11
29
93
95
105
91
80
40
19
29
22
21
46
240
366
378
483
436
333
427
394
348
159
63
75
120
102
84
99
107
30
2
92
312
488
536
561
516
510
542
737
881
930
623
160
347
384
269
141
106
137
158
100
50
62
106
144
151
120
78
60
88
36
2
2
12
3
0
0
13
88
266
395
555
688
720
713
620
573
629
577
450
270
167
213
430
524
560
574
532
364
526
863
1003
1125
1047
921
843
705
672
705
667
557
427
384
366
366
791
1121
1286
1367
1402
1492
1523
1394
1276
1255
1249
1322
1306
1256
1143
1042
896
804
744
638
568
402
281
200
235
304
396
455
464
408
426
371
334
283
289
330
443
389
467
451
395
384
366
341
351
382
427
416
355
363
311
290
214
166
162
138
156
134
126
111
90
69
55
29
18
40
56
71
74
108
125
173
256
262
229
381
509
537
492
438
431
422
413
423
487
528
510
483
472
486
493
509
528
551
530
442
374
305
264
224
192
144
146
284
591
838
725
426
256
341
351
358
337
234
256
258
228
162
76
100
75
104
46
29
22
32
33
96
177
344
541
764
769
721
842
725
699
625
593
588
560
847
506
427
430
418
414
411
399
402
425
467
419
360
343
296
273
244
217
179
128
74
57
69
68
40
39
67
74
50
39
31
25
7
5
6
9
3
4
7
14
18
17
9
4
1
1
2
1
1
0
0
0
0
0
0
0
0
0
1
0
0
0
0
0
0
0
0
0
0
0
0
0
0
0
0
0
0
0
0
0
0
0
0
0
0
0
0
0
0
0
0
0
6
14
22
30
38
33
49
54
84
327
879
1331
1806
2000
1981
1832
1669
1527
1468
1375
1346
1257
1144
986
791
666
555
456
386
275
167
82
21
0
9
60
143
194
239
255
273
285
305
340
331
331
351
384
534
791
1017
1231
1366
1418
1358
1205
1073
973
893
902
882
850
777
665
572
480
393
328
257
173
138
83
45
24
6
0
0
0
4
5
5
9
11
10
6
7
9
2
3
0
1
0
0
0
0
0
0
0
0
0
0
0
0
0
15
50
128
188
294
426
475
455
369
220
297
315
355
393
366
333
286
219
177
133
45
31
61
42
10
23
34
46
46
43
30
21
20
29
29
22
8
13
13
8
3
5
7
8
11
6
7
5
3
0
15
34
51
49
42
39
40
37
34
38
33
24
12
7
6
0
0
0
0
0
0
0
0
0
3
30
215
660
1106
1417
1585
1589
1418
1221
1091
1063
1008
902
760
633
611
621
550
430
377
338
378
323
220
136
130
134
104
74
43
33
32
38
17
0
3
0
0
0
0
4
10
4
1
1
2
0
0
0
2
31
169
531
938
1241
1355
1237
1025
834
775
764
733
694
725
792
788
698
677
639
659
613
563
494
438
336
289
251
192
124
103
101
183
232
255
240
290
338
394
462
511
551
533
541
509
464
398
336
194
98
88
97
86
49
26
12
19
34
38
25
9
8
3
4
3
2
0
3
0
0
0
10
21
32
31
28
11
14
21
21
15
2
0
2
1
0
2
3
7
14
12
0
0
0
0
0
0
9
50
52
13
8
0
8
11
4
3
3
13
9
3
0
19
24
11
0
0
1
1
5
7
0
0
0
2
21
39
60
23
11
44
77
102
76
23
6
1
1
7
7
2
11
42
68
74
80
132
226
307
336
283
201
125
51
35
27
12
11
14
7
77
279
369
275
101
4
72
95
79
31
12
15
18
10
13
20
17
20
55
137
374
121
59
24
37
21
6
185
930
1602
1986
2188
2305
2018
1768
1345
1117
943
820
603
415
306
282
265
143
95
192
404
439
324
258
280
553
658
712
504
284
271
328
358
446
756
1143
1250
1096
907
713
587
451
236
197
275
294
226
126
64
42
7
101
211
385
606
809
1028
1155
1184
1168
1030
918
709
527
422
360
312
333
367
318
301
302
251
224
247
392
486
548
500
440
259
176
170
174
129
170
275
279
289
262
251
209
133
80
81
97
184
277
499
973
1267
1300
1201
1087
853
724
594
339
182
121
73
56
63
52
46
18
3
0
0
0
1
0
2
5
6
1
4
0
0
0
1
0
0
0
0
0
0
0
0
0
0
0
0
0
0
0
0
0
0
0
0
0
0
0
0
0
0
0
0
0
0
0
0
0
0
2
8
9
7
5
7
6
3
6
4
23
16
7
16
12
6
0
1
0
0
0
0
1
0
1
0
0
0
0
0
0
0
0
0
0
0
0
0
0
0
0
0
0
0
0
0
0
0
0
0
0
0
0
0
215
459
634
679
564
384
155
182
315
430
491
411
379
329
303
278
267
178
92
47
48
128
262
324
361
370
365
310
286
241
189
109
93
70
90
110
126
103
79
73
75
105
151
139
152
137
116
118
99
84
77
64
44
20
7
0
0
0
0
0
0
0
0
0
4
22
42
96
175
246
314
399
518
656
1052
1478
1841
1946
1913
1755
1467
1247
1025
906
814
691
603
537
442
399
312
267
178
125
46
40
33
93
139
139
166
162
173
166
162
156
146
139
144
116
97
64
42
24
18
9
5
2
0
5
1
0
13
3
2
7
7
2
8
5
3
4
37
137
176
229
283
334
392
445
455
440
410
317
231
211
220
243
275
242
268
278
176
213
238
199
164
45
20
34
55
255
602
917
937
917
761
706
671
559
441
335
355
410
472
512
476
393
302
249
308
489
717
970
1037
829
514
259
189
207
215
186
194
165
116
108
116
164
206
404
695
978
1228
1398
1204
842
773
887
1221
1441
1499
1588
1624
1528
1592
1540
1567
1632
1475
983
521
641
673
673
752
667
690
796
879
874
789
764
699
611
580
540
469
371
231
213
222
191
187
216
299
440
747
1229
1642
1901
1888
1697
1360
1416
1279
924
480
347
644
859
1293
1785
2204
2609
2900
3157
3400
3687
3949
4259
4420
4663
4689
4993
6587
4477
3833
3656
3939
3747
3472
3150
2845
2393
2120
1978
1736
1703
1892
1836
1866
1924
1908
1922
2082
2223
2312
2371
2290
2172
2010
1979
2306
2573
2668
2723
2699
2744
2853
2948
3020
3033
3050
3207
3186
3179
2983
2846
2860
2990
3050
3081
3084
2922
2581
2280
2103
1917
1821
1680
1572
1586
1471
1249
1080
1015
1057
1244
1429
1524
1631
1529
1346
1062
951
929
750
603
414
339
346
505
667
726
639
420
248
255
284
320
385
460
549
658
673
576
456
370
250
204
199
178
222
283
308
352
361
343
330
322
271
591
1006
1373
1687
1638
1389
1105
940
855
759
685
508
292
207
164
163
104
48
26
1
2
1
6
9
20
28
16
24
16
23
105
335
579
844
1010
1136
1151
1035
922
765
573
397
174
46
4
7
8
1
0
0
0
0
0
0
0
0
0
0
0
0
0
0
0
0
0
0
3
19
43
56
77
72
81
70
59
56
42
47
49
30
7
1
0
1
3
1
0
0
2
0
0
0
0
0
0
0
1
26
20
0
9
9
9
1
0
0
0
0
0
0
0
0
0
4
30
32
22
22
11
0
2
1
2
0
0
0
0
0
0
0
0
0
0
0
0
0
0
0
0
0
0
0
0
0
0
0
0
0
0
0
0
0
0
0
0
1
1
3
1
0
0
0
0
0
1
26
317
701
1046
1327
1534
1530
1325
1066
795
615
525
512
403
137
270
435
453
299
174
154
138
25
10
60
58
36
27
30
15
1
1
1
1
0
3
0
4
3
10
3
0
3
2
3
4
7
5
8
11
4
3
1
0
0
0
0
0
0
3
8
0
1
8
60
279
559
893
1181
1343
1515
1603
1747
1855
1918
2016
2080
2060
2100
2031
1920
1838
1703
1475
1223
959
714
500
296
86
323
679
945
1295
1508
1748
1995
2063
2118
2144
2185
2248
2263
2306
2342
2344
2305
2243
2178
2073
1910
1717
1477
1149
862
548
297
235
313
412
589
762
856
916
932
923
928
944
1097
1229
1434
1525
1402
1060
917
758
516
732
732
372
309
358
274
237
358
386
465
650
880
1068
1312
1470
1411
1218
990
787
578
461
400
339
314
300
280
327
354
366
357
320
258
218
181
124
103
58
15
0
0
0
0
3
0
3
2
2
0
0
0
0
0
0
0
0
0
0
0
0
0
0
0
0
0
2
8
18
24
14
9
46
41
31
27
15
13
3
1
0
0
0
2
10
29
24
0
4
23
15
0
0
5
0
2
0
0
0
0
5
43
48
21
70
92
89
36
24
25
17
12
28
90
107
130
181
241
297
234
144
80
62
65
75
62
35
14
6
0
1
19
13
29
28
9
15
44
48
34
90
98
124
276
589
776
939
1032
1062
1015
979
1027
1139
1229
1182
1086
893
657
398
178
144
185
311
388
503
576
682
825
1003
1090
1115
1149
1098
1016
1027
957
948
931
891
783
744
671
638
556
467
321
226
159
121
114
54
32
30
30
23
51
77
93
72
78
76
86
91
59
50
23
13
8
0
0
0
0
9
22
15
13
28
37
40
114
265
405
642
832
780
613
442
254
52
185
309
476
488
480
445
406
272
79
43
150
278
237
115
70
165
336
440
465
358
136
100
191
258
308
197
253
321
262
401
431
533
583
517
495
666
731
848
965
940
1002
1026
1000
1029
1124
1093
1001
857
809
772
714
618
483
320
260
305
302
187
105
95
109
149
154
154
159
164
192
236
295
316
361
350
437
448
437
443
419
388
407
386
258
178
105
83
80
109
232
367
464
389
375
301
183
128
61
42
31
41
41
59
59
45
42
40
23
16
11
16
12
31
52
57
55
65
48
45
64
51
27
16
10
12
19
0
0
0
13
26
27
34
26
25
6
20
17
25
62
59
35
22
14
5
26
46
36
14
6
2
4
1
11
73
24
113
83
84
103
134
176
135
87
33
10
11
1
15
46
64
42
9
6
77
79
77
141
169
186
293
318
286
294
236
201
186
163
210
291
253
160
65
29
9
0
0
6
3
0
0
0
0
0
0
0
0
0
0
0
2
11
10
15
10
38
68
35
32
11
13
15
17
15
19
30
50
58
19
32
33
12
1
0
8
33
61
13
0
9
28
25
27
63
169
409
508
534
504
462
263
204
189
310
223
176
106
87
102
55
17
15
32
18
0
33
46
11
73
79
65
54
31
11
7
8
32
8
7
13
15
12
4
7
2
1
0
4
14
16
36
53
64
47
37
32
30
44
33
24
7
5
19
12
9
15
25
90
269
769
1350
1843
2042
1992
1751
1397
1173
995
806
679
631
611
554
487
367
215
101
50
29
36
190
623
1162
1608
1752
1805
2322
2598
3055
3558
3508
3822
3939
3930
3318
2674
2052
1477
1548
1393
1364
1531
1568
1137
801
777
1067
1488
1769
2179
2355
2153
1932
1911
2160
2354
2692
3802
1907
1314
1107
1290
1340
1476
1673
2016
1805
1504
1572
1670
1472
1345
1248
978
693
541
583
649
656
585
498
369
211
178
204
210
261
340
392
409
400
417
440
504
549
499
408
385
347
282
195
132
86
57
62
46
47
41
44
58
75
108
94
88
62
26
2
22
103
256
438
499
430
232
121
69
69
78
70
71
95
86
108
111
78
70
62
62
46
28
36
26
15
7
14
10
14
7
11
33
31
64
111
148
149
130
122
100
74
63
38
21
15
4
3
4
6
5
3
4
3
2
7
11
16
17
37
51
71
100
154
228
283
332
390
495
735
889
1095
1540
1951
2247
2345
2189
2040
1859
1693
1524
1374
1284
1242
1232
1359
1444
1491
1322
786
603
828
983
906
692
490
359
757
984
1030
756
626
765
831
820
661
521
597
688
602
461
396
473
600
776
924
1079
1226
1274
1341
1174
1032
960
878
813
789
834
889
1141
1266
1163
907
905
1002
983
757
649
522
451
391
270
137
60
10
5
13
277
261
211
28
10
5
7
2
1
2
3
6
4
7
12
30
53
61
87
75
74
82
67
45
24
16
4
2
0
0
0
0
0
0
0
1
2
11
53
56
11
61
30
0
19
24
17
30
41
58
80
96
71
58
56
67
63
66
69
66
79
106
101
79
63
41
50
43
50
46
36
42
54
74
90
124
141
125
116
106
82
60
44
30
22
10
1
0
21
30
0
11
11
10
7
7
3
3
0
1
0
0
0
1
1
2
20
66
291
448
508
532
527
536
505
475
593
865
1125
1252
1162
957
821
802
1035
1377
2011
2363
2275
2311
2743
2803
2529
1976
1212
661
442
531
807
1237
1549
1601
1490
1589
1903
1949
1541
1027
732
607
473
393
362
336
231
157
160
250
353
399
461
335
179
104
112
127
126
154
181
185
149
98
100
116
162
193
247
220
290
344
408
421
415
356
349
333
311
313
239
199
109
56
22
23
50
65
81
105
168
192
253
301
322
339
379
404
503
653
789
806
706
569
382
501
634
735
824
749
682
631
247
794
898
830
770
623
434
648
1001
1231
1191
1048
859
784
742
707
700
662
592
739
1094
1347
1240
698
296
595
453
736
802
642
610
666
526
351
299
278
214
257
306
226
124
73
49
18
17
101
158
39
4
35
54
16
24
24
15
6
3
2
1
1
0
0
0
0
0
0
0
0
0
1
0
2
1
0
17
0
0
0
0
0
0
0
0
0
0
0
0
0
0
0
1
0
0
2
0
2
0
1
3
6
4
11
11
15
21
21
19
16
20
6
0
0
0
0
0
0
0
0
0
1
0
3
112
505
865
1155
1357
1316
1179
989
761
499
411
318
277
247
222
215
155
109
51
49
26
12
6
2
5
15
44
202
497
758
982
1264
1424
1356
1143
797
592
359
256
243
209
239
219
156
174
208
218
154
81
45
19
16
17
6
11
18
17
7
18
19
133
551
915
977
773
439
258
215
184
131
102
44
26
37
51
31
13
0
3
2
1
5
0
1
0
0
0
2
1
2
0
0
0
0
0
0
0
0
0
2
71
126
99
146
219
359
537
875
1357
1897
2198
2366
2456
2410
2195
1827
1497
1392
1506
1775
2046
2239
2403
2616
2704
2866
3012
3163
3281
3366
3528
3675
3813
3859
3870
3891
3946
4052
4024
3897
3907
3906
3907
3886
3891
3755
3619
3381
3038
2556
2049
1480
896
386
184
474
746
1218
1695
1863
1900
2247
2608
2751
2641
2322
2116
2027
2018
1912
1778
1499
1228
1037
1090
1298
1501
1903
2275
2521
2700
2828
2878
2861
2925
2981
2811
2702
2687
2790
2881
2699
2410
1926
1630
1840
2084
2266
2248
2105
2348
2537
2660
2619
1831
1834
1951
1889
1813
1797
1935
2118
2117
1989
1897
1634
1352
1410
1686
2170
2533
2717
2355
1327
1753
2023
1722
1251
1421
1342
1432
1720
1688
1502
1221
960
793
792
668
549
696
933
1204
1395
1478
1445
1338
1308
1181
1091
974
823
675
566
526
436
371
320
281
307
305
254
213
152
120
203
327
383
191
45
32
92
78
59
126
191
203
221
316
435
558
664
762
906
947
1076
1480
1768
1985
2059
1918
1602
1323
1065
1063
1047
1030
997
937
844
777
753
625
570
445
321
172
155
137
168
257
326
413
473
498
516
510
499
464
403
390
343
300
261
233
178
152
131
93
54
40
23
17
8
7
0
1
0
13
14
15
21
24
25
26
31
28
33
39
53
155
356
500
565
746
931
1166
912
652
476
375
330
262
163
104
161
150
112
58
41
60
57
40
11
9
9
4
3
2
0
1
1
20
29
46
83
105
177
679
1409
1901
1935
1497
1139
1311
1448
1683
1896
1996
2012
2068
2058
2071
2097
2023
1935
1636
1445
1427
1545
1535
1415
1243
1073
541
174
335
533
587
667
596
605
499
372
151
151
246
345
344
216
211
238
349
321
261
321
427
651
787
831
905
874
811
762
643
539
420
303
278
403
660
804
980
447
367
362
406
409
457
457
524
545
594
529
512
515
529
545
455
405
397
429
476
486
462
425
466
466
447
412
407
444
500
513
462
371
366
349
246
178
153
333
628
776
705
552
349
103
87
164
249
247
312
477
583
630
615
489
310
240
225
115
42
53
60
123
167
219
262
279
232
189
184
171
117
26
20
32
76
195
263
198
173
139
170
194
218
222
228
160
107
95
90
73
75
54
90
142
206
213
144
112
119
99
136
198
156
143
149
114
79
78
79
99
156
270
306
341
350
318
250
198
199
217
169
128
138
123
103
64
42
40
41
63
71
74
47
18
2
8
13
51
102
109
88
89
86
95
90
96
64
91
93
87
54
43
19
9
7
14
16
30
32
33
27
22
10
2
0
0
0
0
4
34
111
197
208
164
152
218
259
203
157
177
247
262
239
193
180
160
112
69
76
159
212
155
136
84
79
179
307
355
336
298
368
526
690
669
586
425
413
504
672
822
956
974
1027
1049
988
895
867
825
798
796
787
754
669
673
705
789
851
736
674
703
799
764
750
800
756
739
649
689
735
684
626
540
581
614
572
562
546
537
653
747
846
930
972
1056
1139
1174
1150
1170
1154
982
934
904
792
628
619
555
411
297
238
124
134
232
384
482
592
632
607
511
432
455
565
746
858
848
730
571
501
499
643
794
966
1079
2018
2059
1208
923
781
551
420
311
230
194
186
217
260
319
309
240
204
137
76
37
87
148
188
142
99
142
198
264
303
319
314
290
248
200
116
58
16
2
1
2
9
22
44
62
66
65
55
53
46
34
26
20
13
0
14
14
7
11
22
26
31
37
42
10
6
9
7
9
7
4
8
18
20
18
19
25
26
41
31
25
41
36
13
20
25
16
14
7
3
3
3
0
0
0
0
0
0
0
0
0
0
0
0
1
1
0
1
3
3
3
4
2
0
1
4
3
0
1
0
0
0
0
0
0
0
0
0
0
1
0
4
3
0
0
0
0
0
2
5
58
294
693
1314
1827
2120
2445
2908
3043
2946
2994
2865
2430
2170
1958
1837
1729
1491
1276
1111
987
863
687
529
396
309
193
117
32
30
38
43
55
87
102
112
133
161
164
196
179
204
183
168
192
192
151
124
81
79
93
57
107
249
349
311
229
135
119
161
184
279
352
464
601
717
912
2174
1677
1703
1647
1530
1279
1002
828
866
958
1001
951
1000
932
846
797
795
773
706
603
546
519
454
454
487
486
509
488
524
560
490
425
358
263
159
42
23
14
13
9
12
16
25
34
58
71
86
116
111
79
67
50
33
32
19
17
10
3
21
58
31
17
35
1
1
2
38
87
117
200
295
317
241
129
147
152
140
111
126
203
242
249
224
165
104
50
29
15
24
49
62
51
43
35
11
9
19
8
0
32
31
48
53
77
94
133
322
494
469
399
353
253
203
214
252
289
386
490
459
420
297
176
244
481
609
528
238
1319
692
654
533
338
241
536
689
645
493
379
155
107
229
338
357
210
100
158
282
291
188
46
80
140
198
140
85
33
56
32
34
113
243
324
313
307
348
360
289
169
52
65
55
46
43
48
20
12
10
5
11
15
24
13
7
8
13
32
46
23
29
75
105
91
94
95
60
68
124
192
280
296
291
267
291
291
278
277
274
251
258
219
182
147
104
72
183
520
660
621
596
374
304
256
241
209
208
235
241
200
168
147
161
143
171
175
227
300
302
286
150
27
105
117
67
20
85
117
131
190
310
377
327
307
321
294
253
326
321
399
329
257
219
235
207
200
153
124
100
70
32
4
0
22
36
119
155
68
62
70
20
11
15
11
0
0
0
0
0
0
0
4
21
47
46
65
116
126
109
118
69
36
20
16
9
0
0
1
0
0
0
0
0
0
0
0
0
0
0
0
0
0
0
0
0
0
0
2
0
0
0
0
0
0
0
0
0
0
2
31
41
26
12
3
0
0
3
0
0
1
0
0
0
0
0
0
0
0
0
0
0
0
0
0
0
0
0
0
0
0
0
0
0
0
0
0
0
0
0
0
0
0
0
0
1
33
112
201
427
1110
1801
2344
2718
2989
3193
3281
3377
3525
3448
3304
3201
3209
3086
2969
2812
2672
2518
2291
2118
1844
1579
1178
738
362
91
405
772
1370
1974
2469
2925
3375
3676
3952
4285
4280
4403
4128
3838
3538
3224
3027
2879
2739
2478
2212
1774
1260
706
451
576
828
906
1051
1016
1079
1064
1051
887
710
609
626
571
666
870
937
915
869
641
375
280
582
805
696
627
570
506
518
444
431
428
383
290
267
257
213
194
189
263
301
367
503
451
321
336
491
733
841
794
757
1184
1773
1920
1783
1483
1216
954
681
371
254
177
165
657
188
119
65
74
171
168
197
297
315
224
131
69
46
55
53
51
41
41
41
30
16
12
21
15
4
1
2
11
29
22
7
0
0
0
0
0
0
0
0
0
0
0
0
0
2
25
19
3
2
7
6
2
3
0
0
0
1
9
21
20
1
0
1
12
14
0
6
2
5
0
3
1
0
1
11
8
1
1
8
12
6
2
7
39
8
3
5
3
3
24
48
38
80
112
70
13
13
10
3
0
1
11
63
452
827
1156
1314
1287
1227
1184
1075
903
616
673
654
610
579
633
668
600
469
375
248
78
94
219
215
208
181
127
101
146
136
59
28
32
16
18
28
18
12
21
16
15
27
31
35
39
33
38
27
33
43
17
0
10
5
0
0
0
0
1
0
0
0
0
0
0
0
2
13
29
55
67
70
73
62
50
28
17
22
26
42
36
30
40
67
101
146
194
195
170
142
127
122
96
81
63
41
20
11
3
3
0
0
0
0
4
0
0
1
0
0
0
0
0
0
1
4
12
15
7
0
0
0
11
11
57
122
118
84
124
279
695
1269
1836
2316
2670
3015
3182
3049
2800
2475
2274
2073
1974
1950
1829
1700
1497
1304
1220
1112
958
787
628
498
385
248
122
67
77
118
166
272
308
376
452
418
461
401
429
399
404
377
367
379
377
366
374
372
355
343
320
279
235
179
92
44
14
2
32
76
129
154
171
212
199
191
202
174
272
507
846
1073
1103
457
448
1163
1458
1291
892
313
182
555
678
677
484
410
502
451
253
211
410
601
713
751
623
423
225
71
34
47
55
27
13
2
0
1
4
6
26
56
63
34
18
16
19
49
125
184
196
161
139
128
97
59
23
7
8
37
82
97
78
57
17
6
9
15
13
16
21
15
23
28
22
9
0
0
0
0
0
0
0
0
0
0
0
0
0
1
0
0
0
4
2
5
8
22
52
71
78
61
47
34
33
22
14
5
4
1
1
3
17
42
112
158
180
181
223
234
198
93
67
39
16
2
0
1
0
2
0
0
0
3
1
0
0
0
1
0
1
0
0
1
0
0
0
0
0
0
0
0
0
0
0
2
2
0
8
9
2
4
8
2
0
0
0
0
39
44
1
0
0
0
0
0
0
0
0
0
0
0
0
0
4
31
88
204
207
129
64
77
48
39
44
27
8
18
134
18
16
6
0
8
12
4
3
3
21
72
212
361
447
511
572
625
619
597
637
598
516
325
255
199
174
165
176
114
41
37
54
115
181
245
280
256
278
200
127
194
200
154
88
29
5
1
8
9
29
64
103
83
26
17
21
33
76
42
13
37
12
11
5
56
31
18
14
14
0
13
129
165
51
17
42
26
4
0
4
14
5
3
0
0
0
0
6
0
1
0
0
0
0
0
0
0
1
18
40
16
0
1
0
1
8
0
0
15
19
36
49
53
33
26
19
9
15
4
17
61
219
656
1150
1445
1537
1367
1169
1071
1070
951
815
795
794
897
1108
1335
1554
1437
1431
1335
1364
1241
1070
824
479
168
182
226
203
177
122
45
48
147
194
98
57
175
302
488
650
793
804
819
890
936
734
555
463
613
747
916
1233
1389
1340
1151
937
760
655
710
728
882
955
1036
1087
1070
1139
1174
1189
1180
1352
1426
1501
1677
1816
2058
2493
2670
2622
2466
2196
1734
1233
1016
829
748
579
323
217
549
837
1047
1085
1046
951
719
451
302
211
534
266
296
308
314
295
267
204
106
26
2
5
14
9
8
38
12
12
33
71
111
154
187
290
370
550
814
1089
1272
1482
1600
1474
1398
1678
1445
1018
698
474
332
141
333
411
388
393
328
292
241
385
671
857
969
1107
1025
995
1163
1498
2366
3094
3381
3645
3649
3712
3279
2412
1426
1022
673
668
708
728
722
950
1323
1731
1998
2084
2179
2313
2273
2039
2076
2307
2474
2543
2605
2558
2488
2191
1795
1306
898
800
784
787
917
1498
2026
2440
2677
3092
3012
2526
2774
2602
2482
2162
2006
1788
1456
1125
1033
992
840
723
714
1086
894
826
999
1081
1372
1620
1491
1937
1887
1551
1330
983
1011
1098
901
705
723
714
795
848
842
843
862
886
845
759
612
583
694
734
703
605
549
558
428
234
128
110
29
68
49
76
96
116
120
159
175
216
258
268
280
282
251
197
165
120
46
12
9
12
8
5
47
29
6
5
5
1
9
8
41
62
58
42
68
116
238
397
532
534
657
836
1002
1068
1086
1104
1116
1137
1024
1011
981
914
834
828
838
718
584
493
413
279
164
78
41
26
32
17
10
0
4
2
13
16
29
13
16
10
24
54
60
99
132
156
181
184
158
117
141
160
167
149
82
52
33
27
42
52
86
144
211
342
423
453
352
205
142
117
75
53
27
27
30
26
22
13
23
24
37
47
41
69
65
88
93
303
128
143
123
144
127
162
149
136
134
148
155
143
127
144
131
124
88
110
152
219
208
238
272
298
295
379
479
597
851
1279
1530
1854
1968
1954
1191
950
885
945
957
1048
927
768
785
890
971
725
515
631
856
952
1006
1018
1036
1074
998
842
804
745
536
365
317
367
411
458
446
535
814
1022
829
778
953
1265
1635
1399
933
1109
1410
1179
745
601
592
603
456
587
715
653
621
701
845
828
719
609
605
610
632
617
559
469
415
370
287
214
153
127
156
177
179
205
228
289
327
270
263
269
309
237
241
198
156
137
165
179
282
377
387
385
376
345
339
273
195
171
127
90
79
72
106
131
174
222
290
286
402
525
571
653
833
984
1127
1294
1451
1540
1575
1661
1780
1851
1845
1833
1738
1704
1674
1616
1494
1463
1449
1456
1424
1411
1451
1416
1311
1188
1108
1153
1105
1074
976
934
913
884
934
993
1061
1081
1140
1105
1076
1099
1066
1076
1081
1050
986
874
895
882
692
478
386
658
1063
1375
1414
1364
1251
1223
1252
1225
1097
995
866
794
683
612
501
443
389
380
339
332
308
307
386
446
349
281
138
19
26
23
66
110
125
91
55
64
114
160
354
574
676
647
497
356
208
287
412
443
434
462
392
261
248
119
97
147
348
637
1006
1188
1233
1267
1055
771
550
485
514
524
614
696
873
1002
1227
1455
1725
1972
2202
2523
2721
2923
3038
2914
2849
2861
3030
3146
3249
3256
3239
3236
3221
3160
3064
2934
2808
2682
2593
2544
2506
2459
2423
2503
2773
3391
3900
3878
3966
3689
3304
3173
3044
2915
2760
2659
2616
2474
2239
2000
1811
1495
1378
1486
1181
713
510
529
771
1067
1279
1442
1849
2025
2280
2177
1684
1300
1289
1319
1438
1808
2396
2992
3237
3484
3474
3358
3403
3567
3711
3887
3945
3895
3694
3538
3505
3451
3402
3328
3084
2673
2289
1749
1670
2099
2473
2726
2754
2477
2039
1660
1383
1515
1634
1486
1321
945
563
332
272
365
471
563
556
549
503
552
581
550
478
451
415
382
399
411
388
637
1234
1755
1983
1862
1371
1095
1070
803
511
284
260
324
395
366
300
318
447
527
455
608
865
1061
1251
1231
996
687
408
408
723
841
867
1052
1354
1560
1490
1328
1207
1057
1098
1037
825
554
321
183
203
315
418
579
763
897
1031
1096
1130
1171
1257
1310
1446
1468
1517
1560
1570
1626
1611
1581
1538
1485
1432
1337
1317
1175
1115
1019
988
942
883
832
819
772
766
713
644
564
521
514
550
567
583
710
942
1298
1497
1562
1480
1339
1351
1331
1162
774
569
558
455
352
286
946
561
590
618
683
721
719
798
876
956
961
807
710
638
590
553
558
545
547
551
637
712
791
728
586
527
450
327
293
322
408
496
576
727
822
892
956
985
1016
1004
979
891
810
745
640
512
391
312
229
89
16
64
174
254
346
449
530
620
695
726
747
721
679
624
553
526
505
442
422
360
236
91
31
58
131
186
291
406
428
448
420
354
309
240
234
202
161
94
39
6
1
0
5
34
295
708
977
919
517
877
1120
1004
522
354
374
241
229
194
158
217
87
103
116
71
50
79
28
15
18
5
8
6
2
2
15
10
2
8
2
3
4
3
4
0
0
0
0
6
16
44
106
160
215
277
328
404
493
557
632
611
642
610
562
512
497
438
377
300
224
215
207
162
164
159
223
429
541
327
77
34
59
50
32
20
39
38
53
66
79
87
101
124
109
96
117
90
67
62
57
53
27
16
31
71
105
155
189
204
239
246
249
210
207
158
123
85
62
34
12
3
3
133
320
463
371
201
206
214
137
109
87
48
31
126
195
189
112
69
76
88
147
170
148
133
114
97
86
135
406
718
992
1208
1204
1016
645
357
211
170
195
229
227
278
279
249
176
110
88
11
5
13
53
293
509
458
323
91
24
71
101
48
4
22
10
67
123
166
195
283
295
335
333
284
301
282
238
187
207
282
252
142
163
136
159
199
106
76
26
8
24
66
96
97
104
49
36
51
42
46
71
78
94
125
168
141
121
116
134
105
120
112
71
47
35
59
64
50
21
57
312
405
348
324
278
251
219
275
308
310
307
489
898
1259
1635
1750
1654
1345
1022
655
298
146
181
229
188
157
118
73
48
81
102
111
104
95
57
19
3
8
20
32
68
121
186
238
312
334
350
327
343
301
282
277
259
332
469
553
501
274
46
50
32
22
66
92
107
102
103
103
93
97
82
50
40
34
17
6
2
1
2
0
0
2
0
2
1
4
0
4
0
0
0
0
0
0
2
0
0
0
0
0
1
1
0
1
92
484
902
896
355
652
914
937
691
244
416
851
869
493
569
820
663
202
239
246
188
355
509
344
134
288
421
217
58
103
323
293
133
25
132
215
44
29
76
107
39
2
11
55
97
59
10
6
6
9
1
4
3
0
0
0
1
1
0
0
0
0
0
0
0
0
0
101
1382
1297
1302
1189
987
599
373
502
535
794
776
494
487
706
763
569
376
397
476
496
509
418
256
81
29
70
125
77
21
11
31
108
132
101
29
6
4
10
17
8
2
0
12
36
33
10
1
1
1
0
1
2
11
3
4
15
14
2
1
0
0
1
1
19
50
42
62
100
100
66
54
71
91
111
163
277
504
665
752
675
296
108
340
478
508
500
437
434
378
308
217
66
17
28
150
264
365
462
535
519
507
359
203
13
1
34
137
190
182
176
101
31
18
35
116
170
163
92
16
1
2
13
50
39
13
0
0
8
77
160
194
195
126
38
18
5
29
31
26
4
0
0
0
9
29
15
3
0
40
62
8
0
0
11
8
2
3
6
1
0
4
0
0
0
0
0
0
0
0
0
0
0
0
0
0
3
35
57
64
59
30
10
18
26
23
29
102
256
340
301
237
145
120
191
184
168
163
203
348
560
801
918
757
515
350
224
110
45
7
12
0
0
3
16
40
162
331
531
639
524
183
309
776
1028
1128
1064
836
402
16
340
688
729
567
307
138
342
470
465
325
82
1
122
310
332
251
27
19
170
224
181
110
7
3
42
107
61
11
0
10
53
57
21
2
3
15
28
10
2
30
158
322
473
659
829
939
990
882
653
381
166
76
47
45
29
24
12
13
8
5
3
1
0
0
0
0
0
0
0
0
4
17
23
27
24
4
0
0
0
0
0
1
45
159
219
189
131
89
76
58
57
41
35
33
28
9
1
2
5
3
1
0
2
7
8
7
6
0
1
0
1
2
20
63
99
100
71
90
88
64
46
19
7
3
0
0
0
0
1
0
0
3
3
14
49
76
77
83
59
52
35
25
11
2
0
6
13
9
0
0
0
0
0
1
3
0
0
0
0
0
0
0
0
0
0
0
0
0
0
0
0
0
0
0
0
0
6
222
702
979
1195
1330
1301
1146
848
569
431
268
117
77
61
56
51
44
32
13
7
11
6
4
1
0
0
0
0
0
0
0
0
0
0
0
0
0
0
0
0
0
0
0
0
0
0
0
3
3
0
0
2
1
1
1
1
2
147
405
692
902
1006
1087
1033
866
688
505
313
180
70
52
44
42
33
25
9
0
0
0
0
0
0
0
0
0
0
0
25
37
7
0
0
0
0
19
45
47
60
78
85
71
91
26
7
11
15
11
4
0
5
10
32
0
2
1
7
2
6
0
0
0
11
7
7
0
7
16
37
28
64
82
73
44
9
4
0
0
0
0
0
10
4
1
0
0
10
27
20
1
0
0
0
0
5
6
1
6
21
21
9
0
5
0
0
0
0
19
24
0
0
3
3
2
2
0
0
0
0
0
0
0
0
0
0
0
0
1
0
0
2
3
0
0
0
0
0
0
0
0
0
0
0
0
0
0
0
0
0
0
0
0
0
0
0
0
0
0
0
0
0
0
0
0
0
0
0
0
0
1
3
21
106
144
197
244
223
96
42
13
40
99
111
95
98
77
29
38
56
72
108
90
95
89
69
54
110
156
176
195
132
118
98
170
367
518
468
255
95
11
11
9
17
26
32
35
49
81
52
26
8
0
3
18
12
6
0
3
24
3
0
3
0
5
8
0
0
0
0
0
0
1
0
2
0
2
3
21
50
93
162
163
139
95
95
115
106
74
45
27
8
0
0
0
0
0
0
0
0
0
0
0
0
0
0
0
0
0
0
0
0
0
0
0
0
0
0
0
0
0
0
0
2
9
2
0
2
29
1
4
15
8
0
0
0
0
0
0
0
0
0
0
0
0
0
0
0
0
0
0
0
0
0
0
0
0
0
0
0
0
0
0
0
0
2
4
16
19
14
24
21
13
15
4
1
2
1
1
0
0
0
0
0
1
0
0
0
0
3
8
10
27
42
49
63
65
81
72
68
62
47
33
26
10
6
1
0
0
0
0
0
0
0
2
1
1
0
0
0
0
0
2
0
3
3
4
0
0
0
0
0
0
10
11
1
1
0
0
0
4
2
5
3
2
5
7
3
0
1
0
0
0
0
0
0
0
0
0
0
0
0
0
7
75
314
561
756
934
944
818
640
456
327
266
163
69
24
9
19
10
9
25
26
20
12
7
9
3
2
2
1
0
5
4
1
0
0
0
0
7
143
393
672
871
983
971
846
703
555
309
122
38
30
47
38
36
40
31
22
14
8
27
45
55
28
0
1
0
0
0
2
1
0
1
34
41
26
17
11
0
0
0
0
0
0
0
0
0
0
1
0
1
1
2
4
20
87
157
193
169
103
66
64
35
28
24
2
9
15
8
1
1
5
16
30
24
17
2
0
1
2
0
0
0
0
0
0
0
0
0
0
0
0
0
0
0
2
1
2
3
1
0
0
0
0
0
0
0
0
0
0
0
0
0
2
21
29
38
65
78
74
62
49
28
8
2
0
3
9
25
178
432
542
501
325
122
6
3
0
1
4
8
31
34
20
5
3
0
2
3
2
1
0
0
0
0
0
0
0
0
0
0
0
0
0
0
0
0
0
0
0
0
0
0
0
0
0
0
0
0
0
0
0
1
1
21
62
95
122
139
138
162
146
106
46
34
19
2
0
0
2
12
31
40
29
13
4
1
0
0
0
0
0
0
0
0
0
0
2
13
8
4
2
0
0
0
0
0
0
0
0
0
0
0
0
0
19
35
62
252
581
991
1090
1191
847
712
556
593
486
440
278
147
99
91
53
41
74
137
179
278
446
604
608
535
469
299
466
488
475
469
562
554
529
394
305
394
374
240
106
20
26
71
137
252
345
361
407
536
585
549
582
634
655
589
484
439
425
460
477
410
355
281
182
198
244
336
489
603
622
688
637
525
438
319
207
665
1162
1394
1282
1058
901
729
574
476
347
308
262
265
243
209
112
109
357
535
640
721
667
418
384
347
441
369
307
260
250
342
457
573
496
386
262
339
371
269
229
297
435
531
525
431
300
282
242
272
377
536
567
683
823
1065
1239
1493
1725
2101
2508
2876
3143
3391
3896
4242
4413
4588
4795
4886
4900
4878
4825
4673
4413
4072
3766
3516
3261
3048
3069
3162
3106
2850
2744
2674
2665
2612
2515
2500
2475
2454
2522
2566
2470
2271
2064
1870
1599
1275
955
832
836
1087
1430
1654
1853
1969
2055
2438
2751
3137
3278
3299
3105
2805
2777
3070
3452
3889
4360
4657
4554
4309
3792
3243
3231
3249
3198
3239
3285
3358
3385
3207
2941
2798
2556
2270
1992
1505
1085
868
844
872
855
863
887
1083
1209
1267
1158
971
865
840
875
681
553
658
815
891
979
799
603
395
250
145
87
107
196
304
502
620
686
686
526
325
240
231
300
380
366
297
221
209
217
153
79
91
91
124
161
231
260
262
307
234
112
74
79
67
29
10
11
17
18
51
174
332
423
458
399
397
437
459
544
601
573
645
635
490
237
137
204
262
304
279
239
175
163
131
87
169
224
266
279
237
247
209
206
215
246
280
293
273
184
114
56
42
24
26
28
60
15
2
35
53
64
63
72
69
70
45
7
0
0
0
0
0
1
1
3
2
8
23
0
7
11
6
0
0
0
0
0
0
0
0
0
0
0
0
0
3
1
0
1
6
9
9
19
15
15
21
38
36
23
21
20
21
15
42
138
404
882
1093
1214
1137
916
844
712
531
430
337
275
284
260
278
954
296
266
239
262
235
204
209
152
150
124
87
51
46
25
16
1
0
3
14
12
27
47
50
52
67
78
77
89
84
71
55
42
27
19
10
2
0
0
0
0
0
0
0
0
0
0
1
0
1
1
1
0
2
0
4
5
8
3
4
3
6
10
8
9
17
10
9
11
8
7
5
8
12
11
18
28
30
15
19
2
2
0
0
1
1
0
0
8
10
7
6
4
2
5
44
280
718
1062
1264
1372
1234
1041
870
687
481
305
238
169
198
237
201
141
111
127
170
169
157
77
75
74
85
107
93
33
4
0
2
1
0
0
0
0
3
34
93
165
314
503
673
810
890
760
541
413
334
320
351
407
481
484
401
411
494
497
556
655
727
795
823
905
922
904
951
1022
1088
1171
1301
1452
1671
1751
1876
1870
1939
1941
2014
2086
2148
2184
2165
2126
2097
2063
1941
1870
1805
1702
1623
1577
1466
1372
1182
950
999
908
810
794
850
976
1068
1084
1254
1456
1804
2230
2652
3067
3333
3735
4151
4551
4886
4975
5107
5310
5359
5441
5443
5553
5688
5873
5857
5794
5749
5713
5621
5456
5208
4997
4672
4436
4177
3878
3604
3374
3105
2925
3003
3303
3352
2901
2058
1726
1905
1979
1732
1423
1387
1349
1285
1095
912
702
470
379
492
571
720
983
1256
1353
1511
1635
1606
1636
1717
1956
2288
2738
3122
3354
3091
2741
2690
2728
2856
3070
3462
3571
3386
3171
3227
3400
3649
3842
3892
4057
4115
4188
4204
4115
3851
3644
3503
3400
3359
3284
3150
3019
2877
2744
2682
2569
2555
2497
2449
2381
2267
2191
2219
2131
1991
1719
1469
1368
1260
1347
1509
1478
1289
956
817
934
881
933
1018
1035
1073
1587
2050
2299
2448
2411
2360
2250
2179
2177
2147
2166
2152
2096
1988
1749
1537
1455
1353
1243
1133
991
880
740
707
671
616
602
573
514
492
414
361
259
224
150
66
25
42
90
171
450
802
1225
1726
1992
2016
1976
1948
1690
1683
1560
1351
1040
855
778
742
687
580
490
420
429
458
616
802
1009
1193
1336
1502
1611
1629
1570
1447
1304
1191
1093
988
933
909
890
758
741
668
620
555
525
441
314
221
150
114
58
34
26
24
110
186
228
689
323
399
399
357
319
264
216
196
143
98
113
103
131
226
316
357
405
579
693
656
626
508
410
428
415
377
290
204
142
90
47
43
41
61
93
123
148
181
199
235
252
230
180
137
131
139
130
74
74
120
168
183
235
373
465
583
621
547
384
193
67
140
168
139
89
29
27
33
30
54
64
48
43
32
31
20
2
4
3
1
1
0
0
0
0
0
0
0
0
0
0
0
0
2
18
29
30
24
9
1
1
15
2
0
12
6
0
0
0
0
0
0
0
0
0
0
0
0
0
3
0
3
8
17
29
39
54
80
91
90
104
131
133
131
147
155
139
109
112
95
64
45
20
2
0
0
0
0
2
4
9
15
34
47
65
72
82
84
76
71
67
60
64
55
19
8
14
68
183
367
575
823
948
1054
1135
1063
1000
882
713
524
394
347
302
296
247
197
165
128
98
62
43
56
70
70
105
157
266
367
375
443
449
467
480
482
453
446
433
421
416
359
390
370
355
344
363
329
314
307
305
332
428
571
721
783
816
652
271
97
332
494
530
493
414
310
180
142
333
467
473
373
177
5
0
45
113
91
48
8
0
1
59
192
282
325
248
111
39
184
500
789
958
1046
1077
1144
1089
1012
836
592
439
364
384
413
448
379
181
124
217
299
280
226
164
190
308
384
392
367
284
252
236
236
237
232
187
176
154
139
114
91
56
49
45
35
37
23
19
18
17
16
70
117
104
52
40
34
26
20
27
43
65
74
76
77
47
46
30
36
161
337
389
328
199
126
133
165
114
55
39
37
32
44
60
64
39
13
4
3
2
1
9
6
3
0
0
1
0
0
0
0
0
0
0
0
0
0
0
0
1
0
0
4
45
113
128
75
53
45
46
28
25
11
2
0
0
1
0
0
11
61
81
24
6
1
0
0
0
0
0
10
4
0
0
0
0
0
2
0
0
0
0
0
8
26
60
110
180
230
215
234
247
204
188
164
134
104
80
63
40
19
5
0
0
0
0
0
0
0
0
0
0
0
0
0
0
0
1
2
6
1
0
2
0
1
0
1
0
0
0
0
0
0
0
0
0
0
0
0
0
0
0
0
0
0
0
0
14
17
0
0
5
6
1
0
0
0
0
0
0
0
0
0
0
0
0
0
0
0
0
0
0
0
0
0
0
0
0
0
0
0
0
0
0
0
0
0
0
0
0
0
0
0
0
0
0
0
0
0
0
0
0
0
13
26
0
2
11
4
1
179
711
1119
1307
1296
1198
1024
971
952
876
707
618
545
422
380
380
329
316
336
322
298
265
221
127
59
21
15
7
8
5
5
3
1
0
0
1
13
6
4
6
9
16
10
6
2
1
0
0
0
17
81
124
63
14
24
23
25
22
15
26
12
5
2
4
0
0
0
0
1
0
0
0
0
0
1
0
0
0
0
0
0
0
0
0
0
0
0
6
0
0
0
0
0
0
0
0
0
0
0
0
0
0
0
0
0
0
0
0
0
0
0
4
151
518
920
1252
1401
1351
1192
894
580
399
319
260
283
429
631
807
1008
1170
1305
1425
1521
1617
1745
1954
2064
2156
2217
2245
2358
2380
2426
2507
2669
2822
3071
3219
3365
3510
3571
3472
3349
3102
2789
2544
2446
2590
2534
2246
1902
1736
1724
1637
1473
1418
1277
1226
1125
1013
835
585
408
274
288
488
1147
1885
2266
2303
2075
1965
2294
2723
2595
2280
2086
2025
1812
1656
1631
1584
1644
1740
1700
1719
1880
2102
2269
2551
2904
3447
3956
4176
4232
4351
4385
4400
4342
4431
4522
4693
4728
4889
5078
4861
4870
4982
4465
3938
3707
3332
2863
2407
1986
1541
1175
1394
1135
774
852
1039
1213
1279
1453
1573
1777
1998
2057
1872
1566
1261
1112
1108
1173
1185
1084
993
871
826
760
789
782
812
811
844
804
785
724
686
683
609
493
310
309
347
373
417
407
292
248
226
250
264
259
155
36
32
61
108
238
334
359
340
301
307
291
245
172
222
302
270
191
202
219
217
151
119
105
98
69
62
43
72
50
48
35
17
7
4
3
6
45
83
163
256
312
342
319
275
232
166
160
189
189
219
251
250
217
108
5
0
4
11
8
2
0
0
2
3
0
0
25
5
0
10
7
0
0
0
0
0
0
0
0
23
98
276
357
283
204
152
136
148
140
107324
0
0
0
0
0
0
0
0
0
0
0
0
0
0
0
0
0
0
0
0
0
0
0
