1200
688
827
2478
2548
2718
2656
4452
4208
12312
294
117
351
612
619
361
156
75
98
111
65
54
83
117
98
97
142
179
201
257
383
554
695
764
749
653
612
750
912
1127
1266
1315
1220
1249
1335
1477
1636
1919
2417
2966
3383
3677
3628
3292
2911
2658
2463
2385
2362
2119
1733
1759
1941
2191
2163
2047
2166
2468
2509
2258
2053
1999
1880
1542
1305
1164
981
813
617
437
346
263
227
197
130
55
20
34
56
111
157
256
359
410
466
531
602
778
901
997
1173
1243
1283
1203
1087
1054
1173
1412
1532
1649
1763
1861
1828
1672
1582
1525
1411
1292
1128
1007
905
762
665
593
472
395
303
229
178
142
113
90
49
21
31
31
53
61
130
213
272
439
700
977
1141
1251
1332
1516
1641
1666
1689
1869
2014
2108
2219
2205
2105
2032
1912
1631
1396
1284
1303
1409
1512
1460
1330
1054
836
701
670
737
813
978
1134
1308
1415
1416
1329
1257
1231
1187
1184
1122
1016
949
842
678
537
472
392
383
543
625
666
640
764
1093
1303
1349
1382
1393
1332
1298
1277
1262
1324
1379
1371
1363
1357
1299
1245
1159
1052
1013
979
965
890
786
675
603
550
472
390
272
153
98
94
104
75
92
108
157
229
264
305
343
366
409
486
516
539
548
634
670
744
830
867
902
922
859
815
684
564
529
435
338
250
147
141
194
229
272
340
431
398
422
669
948
1146
1236
1216
1111
916
670
533
527
714
923
988
1066
835
535
198
150
368
769
910
1044
1046
962
857
764
596
525
569
648
708
779
827
784
785
801
835
874
878
891
961
971
904
823
758
773
912
1198
1276
1322
1304
1305
1216
1170
1143
1204
1248
1353
1432
1526
1564
1754
1927
2063
2197
2267
2336
2447
2504
2484
2447
2352
2212
2095
2045
1971
1956
1904
1893
1815
1762
1616
1428
1176
1068
994
883
739
918
1290
1210
1044
695
589
736
536
677
1106
1313
1408
1127
373
519
636
507
159
313
493
714
875
1293
1711
1958
2022
2104
1943
1657
1119
647
1127
1580
1750
1558
1258
1025
957
815
868
1137
1229
1199
1492
1868
2310
2421
2507
2458
2191
1662
1369
2037
2244
2247
2036
1768
1651
1612
1679
1722
1738
1582
1372
1422
1350
1140
763
416
320
367
532
692
738
770
871
880
773
646
580
679
786
797
684
493
652
815
1059
1449
1903
2314
2757
3145
3512
3682
3735
3774
3614
3019
2634
2631
2574
2269
1950
1465
1022
1160
1395
1499
1406
1368
1388
1409
1441
1488
1500
1406
1232
1017
946
850
668
731
728
697
661
716
864
903
922
923
872
871
818
846
815
750
722
728
775
1019
1133
1287
1351
1397
1474
1557
1698
1850
2032
2305
2604
2750
3450
2648
2121
1278
550
434
665
862
1055
956
993
1021
907
795
703
793
978
1146
1297
1504
1610
1566
1512
1365
1226
1092
1087
1052
1087
1085
1106
1300
1505
1598
1679
1611
1780
1735
1596
1119
1222
1396
1541
1434
1251
1229
1286
1041
820
1013
870
651
513
537
431
307
466
711
914
836
635
388
381
628
1088
1317
1421
1567
918
1087
1854
2502
2983
3094
2735
2040
835
1089
1103
994
781
683
875
1126
1274
1314
1271
1139
1018
886
776
622
538
530
537
521
497
531
556
555
620
660
707
690
693
616
527
388
80
411
506
544
713
1133
1653
2003
2132
1930
1422
983
274
478
500
543
604
711
843
951
995
919
864
741
611
524
551
608
650
698
677
608
553
559
484
410
391
397
377
435
456
471
494
499
533
577
640
719
751
791
730
590
402
635
942
1105
1367
1635
1894
1927
1907
1900
1914
1881
1675
1462
1506
1631
1588
1556
1541
1471
1154
1047
931
1001
1241
1499
1736
1928
2297
2789
3127
3325
3314
3106
3027
3192
3108
2870
2080
1559
1194
983
947
895
822
758
832
949
1092
1176
1307
1401
1507
1630
1687
1592
1418
1170
982
878
823
795
814
855
847
803
722
756
812
1232
1393
1423
1299
1188
905
944
1041
1150
1214
1183
1126
1168
1231
1216
1137
1007
917
902
831
805
770
697
675
755
806
815
820
881
956
1043
1148
1267
1406
1495
1466
1421
1321
1315
1632
1757
1763
1773
1690
1642
1565
1435
1288
1153
929
686
420
198
118
155
140
143
105
74
26
18
6
6
28
116
336
556
638
661
681
648
651
656
680
655
633
599
566
515
484
447
373
319
239
164
106
73
87
117
139
120
78
73
90
101
141
205
278
324
382
388
320
259
243
347
484
577
591
507
464
506
663
763
763
480
263
197
353
498
430
322
302
391
508
468
266
319
474
525
508
454
433
401
281
180
331
568
745
909
986
1015
999
975
888
847
796
773
724
683
680
691
761
860
907
928
1026
1088
1125
1177
1242
1267
1239
1194
1157
1144
1088
1021
932
807
688
562
447
315
228
222
221
199
156
101
39
31
37
59
38
47
42
33
24
18
22
95
156
175
218
202
192
223
209
273
333
385
376
349
274
199
164
174
204
223
199
160
126
75
34
31
48
36
28
29
43
92
141
198
368
529
579
668
695
766
777
842
905
989
1012
1005
978
958
1007
1062
1074
1091
1068
930
805
677
693
970
1232
1404
1424
1228
857
614
633
737
725
686
624
676
820
868
962
860
681
518
553
598
579
545
635
779
1399
910
702
422
380
537
593
604
529
659
891
1180
1273
1334
1294
1474
1558
1539
1449
1416
1389
1302
1181
988
803
618
430
256
88
63
80
99
147
168
235
236
207
154
153
181
128
130
113
130
123
155
122
105
116
141
153
160
170
116
94
68
65
59
45
49
44
41
72
64
42
29
41
50
33
25
14
11
55
122
165
196
222
190
190
183
192
181
217
163
156
168
197
295
379
460
513
559
587
569
546
515
501
479
445
472
487
542
582
575
567
604
583
558
528
482
467
396
328
256
228
253
256
294
323
288
264
217
214
230
244
245
284
265
270
319
352
370
415
442
499
465
470
563
672
1004
1285
1303
1035
731
1277
1565
1574
1454
1134
702
537
874
1075
1040
963
689
557
642
698
794
805
923
1163
1270
1219
982
1075
1260
1517
2103
2488
2855
3449
3993
4303
4165
3919
4058
3792
3417
3288
2857
2418
1883
1468
1196
843
687
579
533
429
349
268
331
427
522
551
554
501
438
363
273
205
224
348
503
646
735
1073
1456
1913
2281
2447
2725
3136
3146
3113
3124
3032
2702
2369
2213
2159
2177
2206
2362
2578
2879
3102
3167
3117
3200
3116
3020
2849
2665
2416
2116
1760
1293
1023
1030
1039
1165
1336
1464
1380
1104
918
955
1287
1678
1991
2183
2195
2034
1591
864
285
870
1427
1669
1718
1583
1220
694
462
499
850
1204
1449
1607
1582
1538
1377
1163
972
1025
1056
1031
868
854
918
1102
1229
1205
1240
1298
1345
1344
1255
1424
1639
1760
1795
1772
1620
1498
1800
2046
2089
1804
1507
1727
1808
1850
1732
1503
1155
1142
1147
924
643
657
1137
1530
1815
1945
1824
1505
1553
1646
1708
1594
1148
792
978
1314
1604
1617
1346
885
465
598
999
1295
1427
1147
627
487
706
845
800
652
522
513
657
803
830
813
709
461
289
308
359
442
428
340
444
557
567
713
755
635
609
551
384
225
109
179
236
437
546
747
1087
1581
1911
1974
1954
1865
1700
1338
1134
992
977
1003
1092
1294
1518
1500
1450
1291
1179
1057
854
686
646
702
663
556
392
466
578
647
579
650
847
927
909
841
814
845
948
1065
1002
1029
1040
1043
1062
1110
1054
1076
1031
1036
904
870
993
973
1019
1189
1258
1419
1588
1660
1636
1546
1419
1188
847
965
1496
2235
2739
3126
3308
3375
3540
3723
3764
3715
3439
3152
2790
2282
1856
1591
1461
1303
1040
1174
1372
1457
1452
1307
1111
1012
1024
1032
1087
1132
1192
1109
796
404
593
582
478
415
414
548
572
463
452
471
413
317
438
555
763
830
596
378
435
571
671
909
1063
1196
1211
1373
2326
1761
1922
1909
1791
1871
1937
1897
1871
1806
1815
1511
1016
683
625
476
310
461
567
709
969
1275
1625
1589
1596
1543
1617
1362
1073
785
655
653
529
453
536
451
482
637
1109
1737
2299
2826
3087
2613
1589
1770
2204
2231
2183
2005
1961
1908
1877
1727
1508
1355
1166
1270
1429
1561
1456
1130
831
864
1121
1695
2006
1958
1545
1089
379
1055
1045
1127
1189
1238
1249
1546
1927
2259
2788
3240
3498
3490
3253
2968
2704
2518
2309
2302
2391
2483
2409
2319
2127
1977
1727
1444
1183
899
637
212
416
838
1191
1513
1812
1932
2001
2016
1878
1603
2070
2253
1865
1896
1850
1712
1553
1436
1297
1041
792
774
950
1070
1101
1090
1045
959
784
680
692
666
604
522
577
707
723
687
671
647
617
606
608
563
555
562
577
540
482
502
494
423
299
250
228
255
369
670
799
1086
1779
2220
2421
2699
2935
3152
3112
2802
2277
1509
701
753
1000
1117
1046
1029
1433
1679
1733
1577
1436
1509
1801
1928
1863
1759
1328
874
976
1178
1389
1507
1365
870
604
729
785
772
718
680
682
804
909
1051
1038
1107
1044
868
687
513
433
433
382
391
453
517
456
404
612
950
1395
1806
2123
2217
2375
2501
2597
2633
2580
2388
2151
1831
1469
1121
758
422
483
559
590
560
584
560
478
382
241
179
145
71
55
73
67
58
52
70
99
155
153
149
129
119
116
135
111
114
78
74
92
156
157
205
254
286
250
158
176
243
349
449
427
322
224
192
211
212
247
257
280
330
370
445
481
547
583
556
607
660
706
652
546
462
452
446
520
594
626
731
812
934
885
888
1230
1462
1500
1309
820
536
600
872
1103
1086
695
628
834
928
832
581
402
631
851
715
643
728
848
836
921
1207
1267
1369
1546
1661
1750
1799
1879
1933
1981
1936
1786
1661
1505
1425
1324
1220
1063
1264
1451
1537
1573
1608
1711
1784
1900
1988
1943
1921
1834
1725
1793
1858
1861
2015
2100
2008
1875
1812
1849
1868
1962
2028
2041
2079
1990
1661
1583
1467
1401
1288
1177
1149
1364
1585
1738
1733
1548
1467
1345
1047
819
734
553
457
495
455
453
312
206
259
290
340
357
322
324
342
507
669
801
847
856
862
902
964
1031
1122
1097
936
818
820
579
639
884
966
1008
1051
1070
1034
945
629
372
427
495
437
310
346
511
726
874
991
1121
1265
1277
1458
1463
1644
1793
1920
1964
1845
1627
1350
1105
935
843
950
1082
1228
1395
1389
1259
1050
954
937
1008
1193
1282
1376
1422
1447
1530
1636
1933
2155
2358
2555
2789
2873
2796
2483
2087
1688
1196
968
786
667
652
720
929
1435
2147
2893
4564
4060
4508
4867
5079
5128
4905
4365
3705
3093
2490
1858
1539
1527
1448
1451
1755
2104
2622
3154
3584
3854
4089
4102
4134
4003
3897
4025
3995
4150
3871
3650
3097
2560
2202
2134
2654
3266
3340
3247
3341
3279
3257
3096
2949
3004
3029
3083
3232
3518
3700
3765
3959
4001
4015
3812
3478
3100
2642
2084
1286
809
541
545
467
369
425
1009
2010
2881
3762
4376
4876
5006
4784
4229
3436
2697
1684
1272
1251
1322
1372
1285
1417
1870
2036
1984
1803
1487
1434
1446
1187
844
700
954
1183
1347
1409
1329
1244
1021
946
960
923
919
911
821
702
484
343
411
617
724
794
818
779
748
753
705
555
440
434
524
776
1313
2144
2838
3295
3438
3158
2349
1748
1424
1379
1651
2071
2534
2738
2843
2826
2630
2340
1884
1172
698
390
352
220
285
256
86
611
1031
1264
1442
1389
1185
967
639
674
589
579
506
490
561
684
765
822
794
759
1024
1282
1235
1288
1488
1288
933
1061
1281
1363
1401
1604
1879
2009
1966
1659
1273
916
722
796
907
1131
1399
1682
2058
2380
2563
2585
2342
2055
1700
1259
1039
966
947
904
854
754
573
521
712
1067
1438
1700
1942
2336
2538
2417
2284
1952
1188
699
546
603
767
966
950
818
706
577
417
356
320
314
354
455
564
626
728
766
658
452
278
448
751
910
1006
1056
1027
928
741
521
409
379
940
1279
1517
1668
1669
1497
1168
905
744
615
510
487
453
413
384
410
393
365
405
493
593
641
774
786
642
534
498
520
545
600
677
633
553
508
466
495
488
451
313
279
260
237
171
124
166
243
239
246
211
183
155
121
132
233
357
387
350
285
199
125
67
56
53
32
32
62
80
78
50
53
95
146
120
303
589
669
539
711
684
790
1259
1503
1656
1634
1969
2203
2261
2243
2007
1606
1118
1336
1596
1858
2231
2467
2622
2648
2706
2820
3149
3153
3161
3057
2824
2526
2399
2257
2000
1513
1232
806
581
661
643
688
649
497
254
196
209
339
475
616
712
908
1020
1136
1285
1385
1376
1390
1301
1169
948
697
493
371
306
348
423
475
592
798
1237
1551
1669
1690
1688
1536
1398
1309
1200
1148
1111
1060
988
986
973
900
857
864
813
778
714
664
567
447
362
279
178
76
83
138
220
303
410
477
485
474
517
485
461
382
308
221
147
60
55
67
65
62
55
67
91
95
92
104
117
155
162
162
154
173
194
240
239
228
232
232
209
168
68
26
22
29
26
10
16
137
315
514
628
546
324
270
510
806
984
754
302
392
786
1142
1176
886
834
1127
1245
1378
1701
2046
2144
1938
1468
1668
1035
888
1091
1305
1505
1618
1774
1718
1673
1629
1457
1424
1423
1337
1144
977
772
553
452
307
500
727
908
1108
1321
1486
1521
1367
1079
1148
1238
1243
1167
1171
1151
1109
1028
911
778
617
375
184
238
339
355
317
306
257
260
257
211
259
354
382
356
392
398
411
400
385
422
417
445
454
375
332
294
275
207
198
197
196
211
290
407
500
605
842
1074
1180
1206
1253
1233
1177
1075
1064
981
880
863
932
994
931
777
586
449
389
317
326
350
360
362
376
329
235
240
279
289
243
236
218
285
345
385
408
455
479
575
616
558
485
612
713
676
624
588
543
626
712
698
576
519
497
460
369
475
578
657
623
499
372
118
202
369
368
340
250
93
50
132
163
152
110
81
63
70
111
141
149
134
119
153
173
267
302
322
305
259
224
185
169
176
249
331
273
281
293
357
387
391
418
422
419
411
384
385
389
320
124
106
115
92
71
49
60
108
168
210
150
39
80
95
127
166
161
302
450
544
576
588
560
545
473
489
493
497
528
642
725
767
798
819
827
848
870
877
825
814
656
428
357
424
446
282
230
195
109
90
179
294
389
403
353
277
195
138
179
189
233
345
495
609
630
594
527
541
540
588
630
710
788
867
876
853
853
837
794
762
734
723
717
642
524
541
574
546
535
492
520
517
483
531
546
522
521
610
725
760
792
700
631
509
439
415
408
424
439
549
607
548
401
337
375
336
380
421
453
383
333
397
428
443
399
390
351
333
238
196
271
260
248
319
411
550
740
924
991
1194
1330
1377
1225
860
401
407
567
751
796
860
907
940
962
938
878
830
754
765
734
710
703
553
521
593
689
726
669
674
656
736
731
577
466
409
289
219
172
271
381
527
691
779
647
535
497
413
381
395
484
461
399
390
515
637
620
544
587
616
629
590
761
910
966
820
884
1129
1152
1085
1145
1150
999
889
691
649
492
369
246
299
471
616
622
533
361
318
385
685
824
916
1045
1006
836
429
400
455
322
402
594
665
652
675
651
617
580
510
455
411
356
317
322
389
580
694
698
651
418
141
228
449
521
527
522
503
444
401
359
366
404
450
471
445
449
460
521
550
540
572
615
648
727
690
689
652
575
519
550
569
592
556
500
563
723
807
906
919
867
698
609
644
553
449
257
133
214
335
401
400
361
242
319
532
613
599
867
800
1017
1273
1391
1358
1283
1314
1257
1307
1544
1780
1957
2142
2309
2299
2118
1936
1721
1539
1593
1525
1513
1557
1543
1482
1546
1625
1722
1756
1744
1692
1623
1662
1823
2047
2124
2113
1953
1737
1443
1230
1054
952
847
938
1200
1455
1777
1908
1954
1922
1871
1945
2083
2214
1942
2095
2351
2334
1974
1592
1225
1006
1047
1465
1663
1408
997
1220
1483
1566
1519
1382
1351
1510
1777
1882
1723
1489
1385
1445
1696
1999
1988
1702
1372
1128
973
885
1059
1129
824
927
1140
1101
1060
943
661
524
810
1315
1897
2088
2491
3234
3812
4298
4855
5265
5174
5050
4941
4339
3351
2572
2154
1789
1438
1330
1251
1028
952
905
751
620
494
540
595
591
495
498
579
604
626
624
644
829
968
984
864
707
660
551
422
245
255
216
250
422
633
718
836
937
815
707
632
638
677
695
831
1009
878
795
718
529
429
497
578
517
459
595
705
694
613
583
484
435
551
563
575
583
640
654
670
783
942
1027
1050
1137
1314
1496
1749
2064
2299
2382
2506
2596
2778
2943
3413
3317
3128
2933
2085
1452
1085
804
686
733
692
694
685
612
725
1074
1289
1550
1465
1142
1019
946
881
890
809
578
429
363
316
265
330
446
497
485
530
581
605
537
472
261
150
146
204
204
240
315
389
466
430
297
135
202
316
308
315
355
417
433
440
455
514
495
497
436
381
366
411
359
347
308
406
560
727
829
873
909
855
861
1746
652
614
816
1119
1308
1290
1284
1223
1006
900
851
795
795
877
850
911
946
1026
1112
1129
1084
947
800
729
729
871
1073
1283
1505
1835
2131
2418
2392
2183
1911
1804
1691
1468
1175
1033
1362
1554
2155
2428
2025
1786
1492
1243
1312
1185
1138
1140
1060
1016
961
896
863
754
530
1060
1560
2152
2429
2689
2514
2179
1616
1122
1225
1186
985
1251
1381
1338
1363
1404
1242
942
663
1047
1268
1549
1778
1865
1868
1863
2082
2286
2448
2532
2504
2333
2322
1970
1387
1457
1742
1647
1499
1150
813
1430
1498
1521
1467
1290
1033
985
1122
1106
990
865
1162
1993
2280
2469
2190
1772
1357
1117
1098
880
992
1232
1263
1220
1053
714
589
621
532
535
629
731
884
1024
1286
1550
1809
2256
2579
2835
3067
3043
2978
2731
2369
1925
1488
1120
782
399
262
523
666
615
409
353
298
249
283
413
561
543
502
485
284
156
17
45
193
279
310
243
320
583
801
857
860
751
429
361
600
500
293
218
259
357
427
509
579
594
619
666
640
375
291
445
476
278
83
115
132
188
252
340
405
421
387
348
265
161
126
93
63
50
34
18
1
1
92
270
109
156
219
150
32
73
74
7
1
6
4
4
4
3
0
0
9
14
12
12
12
14
34
92
108
78
59
96
87
31
29
56
58
43
52
75
127
167
169
145
111
100
108
72
49
29
80
114
98
97
126
143
168
180
156
130
119
113
103
90
147
196
187
148
151
166
249
346
366
321
311
325
356
507
737
1103
1397
1528
1578
1561
1689
1983
2184
2482
2759
2998
3260
3540
3797
3845
3815
3675
3417
2940
2431
1839
1639
1826
2192
2071
1219
442
1466
2049
2096
1522
905
717
631
591
494
302
227
207
168
230
179
184
303
374
472
614
822
925
802
477
138
58
107
196
306
296
265
198
97
44
21
67
133
186
84
30
82
95
111
117
100
40
4
57
264
400
498
565
683
907
1117
1279
1524
1746
1794
1869
1803
1898
1981
1985
1917
1692
1336
903
553
612
1031
1539
1863
1981
1790
1606
1097
756
489
380
384
449
535
507
605
768
945
1059
1176
1087
967
779
575
392
438
599
721
823
889
911
856
829
745
739
785
943
980
844
695
463
389
390
421
485
582
775
916
1064
1197
1229
1138
994
740
544
545
1450
2121
2536
2624
2380
1905
1217
1198
989
612
579
797
834
785
557
873
1263
1456
1709
1866
1877
1842
1747
1479
1390
1491
1366
1337
1239
1245
1257
1173
1117
1080
1283
1535
1787
1818
1614
1539
1381
1071
837
725
637
693
688
545
480
387
277
239
252
224
166
263
379
445
432
384
389
374
382
382
460
568
620
550
390
279
256
339
415
453
416
385
343
336
370
384
489
524
636
677
735
765
787
737
712
685
636
510
366
193
117
106
115
254
361
417
667
1103
1383
1674
1798
2012
2195
2328
2478
2621
2603
2573
2572
2429
2160
1923
1880
1911
1915
1821
1656
1390
1068
764
571
542
492
455
418
363
275
168
139
116
151
170
215
174
183
269
360
311
203
237
288
287
243
223
207
207
210
168
91
209
245
176
124
147
211
363
501
491
329
218
319
624
686
552
219
66
145
234
276
246
257
197
166
158
156
206
221
195
192
156
139
164
146
131
175
425
710
1032
1211
1359
1503
1669
2172
2782
3307
3707
4096
4242
4230
4018
3533
3158
2768
2337
1825
1216
769
421
526
591
585
626
723
849
975
1026
1145
1141
1024
826
643
455
340
483
577
575
496
348
243
153
76
46
81
143
137
98
79
105
133
131
124
121
149
192
202
240
274
273
245
242
188
197
219
364
481
530
529
505
514
566
669
778
819
847
705
472
216
295
1174
977
977
850
644
458
380
393
528
734
840
845
783
506
479
585
664
726
614
489
466
549
787
1007
1216
1512
1774
1789
1866
2109
2216
2051
1862
1331
1165
1204
1192
1227
1286
1223
1165
1128
1303
1454
1552
1579
1420
1243
1023
760
535
481
492
571
652
713
727
707
609
577
457
238
237
190
211
249
209
310
423
454
448
328
153
138
169
157
177
124
134
133
15
115
175
128
81
24
24
38
17
34
58
68
60
43
69
225
487
808
1014
1159
1213
1083
932
851
806
743
661
688
711
751
711
677
625
633
617
603
602
639
678
841
996
1005
893
723
575
678
935
1070
1169
1224
1165
1028
1044
1075
1294
1463
1692
1863
1956
1990
2032
2029
1930
1833
1677
1380
1044
760
609
467
253
292
275
235
192
186
156
139
222
211
231
189
183
219
216
188
130
101
103
138
159
176
131
189
228
249
237
291
380
425
434
469
474
527
561
577
598
621
604
618
549
481
446
497
560
664
899
1200
1448
1638
1615
1366
1196
976
976
1124
1221
1178
1062
922
731
888
1127
1286
1311
1294
1258
1162
1355
1907
2392
2820
3089
3307
3313
3188
3084
2784
2282
2063
1995
1761
1442
1039
630
332
654
920
1096
1223
1196
1182
1188
1291
1340
1579
1662
1749
2076
1950
1745
1831
1580
1389
1497
1450
1317
1128
768
677
790
722
547
373
427
640
767
733
623
566
545
615
744
776
687
534
383
256
342
433
505
532
485
440
321
221
160
132
59
57
60
159
238
245
224
199
164
72
49
40
21
23
3
3
1
4
4
1
0
0
4
82
145
219
240
299
366
373
367
404
438
407
387
405
433
579
624
664
660
603
637
623
631
612
606
623
652
692
706
846
942
1003
1067
1142
1238
1298
1322
1333
1383
1387
1299
1325
1119
1074
943
893
742
655
549
446
373
315
256
230
286
293
321
344
329
285
304
303
252
221
193
182
146
74
68
39
82
92
89
75
41
54
57
55
53
54
48
36
18
2
1
2
3
0
6
4
2
1
3
25
49
43
28
17
12
77
142
174
210
215
190
150
95
94
92
136
142
121
59
42
64
118
160
165
157
110
161
213
205
150
141
121
203
388
561
746
983
1181
1384
1652
1953
2125
2125
1894
1588
1384
869
699
1302
1690
2087
2444
2707
2865
2772
2432
2278
2136
2121
1977
1725
1600
1464
1458
1477
1401
1220
955
842
837
866
951
1056
1158
1184
1177
1226
1233
1094
962
776
600
273
345
559
646
717
713
692
614
538
400
234
177
188
176
415
263
323
376
345
293
278
250
279
304
333
322
296
306
260
248
209
186
64
17
6
14
22
19
31
120
254
436
627
756
852
955
1094
1285
1464
1611
1710
1759
1784
1741
1701
1811
2034
2213
2394
2490
2453
2461
2399
2313
2128
1673
1227
844
662
510
496
485
532
500
488
553
599
575
630
674
749
704
541
428
522
587
584
503
463
457
372
315
264
409
759
1358
1721
2186
2481
2911
3223
3324
3356
3293
3136
2921
2727
2425
2063
1677
1303
882
563
744
1048
1341
1538
1630
1716
1775
1882
1956
1960
1904
1820
1647
1390
1299
1503
1620
1472
1269
1187
1138
1051
819
583
357
138
13
65
95
110
169
309
368
337
284
270
220
161
147
185
146
73
51
135
233
281
260
318
383
386
317
304
361
357
219
130
167
204
171
124
81
64
43
49
71
93
107
85
87
67
69
75
89
44
17
11
28
40
39
17
25
12
10
44
56
51
38
37
50
34
30
30
58
39
11
16
23
25
46
95
100
96
86
57
32
25
27
22
3
0
0
0
0
0
2
11
1
0
2
8
10
7
8
9
26
45
50
57
53
54
44
55
109
150
118
96
58
18
24
64
163
173
130
94
110
119
53
23
19
26
52
86
98
128
141
78
56
119
141
142
118
90
94
98
128
103
114
271
335
331
264
318
548
801
964
1161
1421
1545
1550
1506
1427
1220
1093
1197
1276
1268
1187
1183
1123
1096
1070
1049
1159
1269
1267
1249
1248
1261
1205
1053
900
857
818
721
582
402
409
461
573
705
821
870
916
807
902
931
882
904
987
991
895
630
352
283
389
527
574
522
440
414
371
342
306
321
365
400
471
533
526
577
612
595
712
824
1008
1288
1455
1688
1811
1941
1956
1939
1882
1732
1529
1493
1431
1366
1210
1152
1189
1196
1087
1010
1006
864
819
784
813
965
1061
1078
1049
972
879
934
1035
1118
1139
1194
1228
1275
1270
1180
1074
1019
929
921
875
966
1044
1156
1240
1261
1234
1203
1068
961
948
864
847
794
740
659
555
520
519
560
575
536
589
599
622
645
640
643
636
667
740
732
684
634
563
521
457
419
290
188
114
60
30
9
8
3
5
2
43
84
100
76
49
11
22
127
175
64
102
130
165
123
94
95
125
108
107
135
154
195
235
276
334
427
536
626
733
857
909
940
990
1001
1016
938
872
842
874
940
959
1150
1394
1508
1540
1567
1490
1449
1152
1052
1053
1051
941
973
959
1036
1083
1114
1181
1132
1173
1271
1315
1350
1354
2222
1476
1460
1462
1415
1421
1385
1247
1115
1012
981
1057
1024
971
850
699
396
269
424
711
846
948
1030
1087
1108
929
907
1135
1270
1303
1297
1255
896
809
955
938
797
580
272
621
815
756
683
625
791
930
970
997
996
1119
1498
1762
1859
1819
1603
1371
1165
1066
996
889
1052
1167
1185
1244
1279
1559
1955
2058
1992
1861
1676
1463
1307
1274
1311
1307
1254
1197
878
1089
1197
1308
1413
1205
929
1014
1179
1317
1378
1486
1509
1473
1344
1130
953
888
970
954
865
705
578
816
1198
1837
2358
2599
2825
2913
2850
2878
2755
2500
2518
2519
2498
2466
2337
2252
2348
2390
2096
1551
1160
1071
818
677
572
478
419
345
281
380
611
808
1041
1103
1139
1181
1200
1170
1088
1007
1291
1783
2137
2523
2643
2510
2026
2141
2350
2225
1859
1406
1116
1598
2058
2641
3214
3594
3928
4004
3633
3214
2620
2468
2633
2550
2390
2250
2142
1805
1429
1381
1379
1445
1551
1641
1643
1695
1871
2086
2387
2633
2906
3007
3098
3106
3225
3331
3151
3104
2833
2471
2176
2024
1881
1734
1765
1812
1635
1541
1464
1282
1153
1208
1188
1080
986
901
906
891
879
710
542
347
281
320
376
539
633
680
702
636
618
647
720
766
688
676
1307
1912
2100
1948
1463
960
1351
1328
950
590
1016
1244
1094
606
399
735
796
699
469
312
301
357
573
693
792
770
780
888
1071
1186
1156
1017
775
741
1237
1949
2261
2674
3074
3308
3352
2860
2162
1475
862
734
1130
1267
1181
1122
976
733
516
321
344
666
884
1094
1196
1299
1414
1678
1900
2046
2077
1975
1671
1480
1400
1292
1098
880
741
598
607
750
834
851
812
778
777
655
521
407
443
639
743
857
922
960
1036
1109
1085
1077
872
807
1152
1401
1426
1489
1517
1510
1459
1564
1682
1699
1635
1783
1901
1854
1678
1548
1943
2146
1997
1800
1621
1467
1228
997
1017
989
759
531
531
532
463
380
239
158
187
388
513
510
534
460
388
338
223
240
309
383
479
470
387
348
446
594
814
885
833
817
910
1148
1280
1075
922
1071
1240
1144
867
493
618
852
804
693
617
616
731
865
1053
999
692
542
646
732
660
565
611
793
918
980
920
869
877
876
638
255
220
75
111
110
103
131
252
278
151
177
289
416
441
378
490
609
643
497
366
225
184
252
415
540
592
641
694
754
710
668
593
523
435
419
446
533
689
962
1192
1352
1501
1633
1994
2304
2480
2527
2698
2825
2715
2709
2780
2656
2703
2609
2507
2387
2301
2087
1852
1696
1520
1409
1321
1265
1178
1139
1064
976
877
748
638
573
584
582
525
491
495
457
465
475
500
479
559
306
248
219
181
179
156
148
173
153
180
195
223
262
272
311
307
311
305
403
630
811
958
1078
1177
1351
1749
2068
2236
2240
2287
2098
1879
1615
1462
1391
1384
1334
1310
1193
1096
1001
953
867
816
674
642
532
474
278
291
310
295
360
519
874
1321
1608
1919
2274
2445
2696
2650
2333
2234
2394
2488
2836
3642
3582
3262
2861
2385
1848
1372
944
855
715
592
646
728
726
734
796
868
844
836
907
1059
1096
1050
943
942
981
887
608
557
526
464
456
386
386
438
407
227
109
131
177
221
202
110
43
46
135
273
325
288
101
54
185
238
156
78
110
134
94
131
222
242
219
127
67
48
31
12
4
10
17
19
17
18
38
50
67
59
39
12
1
6
19
19
32
96
144
172
203
281
420
656
979
1427
1718
1770
1649
1727
2005
2042
1990
1779
1544
1393
1123
1076
1119
1110
1064
1122
1036
909
771
641
579
480
431
465
525
546
430
668
918
992
969
856
812
847
871
903
883
743
681
726
695
646
545
564
607
596
605
586
581
575
603
589
558
437
254
96
77
221
385
535
704
840
907
896
798
720
575
556
537
545
540
558
606
672
733
790
758
669
668
730
783
800
815
934
1182
1206
1007
682
437
316
307
237
143
146
324
381
256
134
95
89
76
161
190
228
257
254
212
179
186
228
265
286
274
278
221
174
168
137
130
179
275
309
397
447
456
482
571
642
607
553
563
626
713
779
741
665
823
933
885
655
587
595
645
604
566
587
684
876
931
840
548
373
397
323
265
318
339
346
351
405
493
550
578
568
548
542
518
474
400
337
214
101
54
57
65
87
113
113
113
105
142
179
201
159
133
97
95
91
98
105
125
193
262
318
388
448
378
143
8
61
149
150
49
38
33
4
52
109
205
225
208
190
206
252
328
395
374
258
123
94
88
89
135
180
211
231
199
233
190
129
88
301
670
955
966
723
314
504
937
1128
920
893
1076
1093
1005
744
486
337
325
440
540
721
992
1084
1080
989
895
857
968
828
938
904
801
592
421
405
405
477
477
453
375
245
188
208
333
445
533
451
624
771
865
942
918
859
782
713
653
585
554
744
980
924
917
966
1028
1005
959
851
802
685
481
357
414
414
400
337
355
365
444
370
255
313
347
356
404
396
342
237
149
94
49
83
198
328
430
465
427
345
273
131
151
172
175
221
215
194
232
308
312
383
70
126
127
67
146
442
606
636
585
422
221
233
426
502
559
632
694
689
628
559
537
508
482
401
320
392
481
621
682
697
640
549
404
315
217
229
213
270
332
311
205
197
156
138
136
101
82
57
69
70
41
61
100
129
174
196
150
124
101
119
151
247
323
358
324
272
174
94
128
185
216
223
219
163
109
135
159
182
128
45
26
30
29
18
36
79
98
102
118
128
128
105
57
81
121
115
70
54
129
210
162
89
90
99
104
79
75
67
64
56
96
127
128
72
58
83
99
98
68
33
39
65
77
68
74
71
51
44
60
51
70
118
138
126
139
170
173
162
167
185
195
157
96
65
54
56
47
38
28
17
19
11
21
39
73
131
113
122
160
200
248
286
312
301
269
224
196
97
137
208
139
159
164
163
201
227
223
191
226
274
320
247
192
296
426
453
454
584
516
628
871
1078
1199
1168
1058
834
806
846
911
887
902
807
709
646
582
514
448
379
324
248
228
242
352
491
571
640
703
753
745
756
768
755
759
658
604
581
686
663
599
590
577
410
253
196
186
186
135
89
86
109
108
67
39
37
23
40
49
50
52
52
58
42
39
13
10
11
4
0
5
8
16
24
28
44
32
29
27
26
20
25
48
82
111
119
71
48
57
154
194
199
151
238
248
737
1068
1050
813
747
679
594
571
749
799
831
897
1037
912
776
760
850
862
1011
1204
1269
1178
1045
864
576
377
316
228
230
350
376
349
405
544
658
713
811
846
777
935
1106
982
811
797
682
572
473
664
856
1080
1213
1210
1039
849
908
1032
1010
840
690
657
714
790
790
719
592
640
676
790
911
1062
994
802
580
436
301
395
539
662
759
769
645
534
513
545
552
531
477
596
650
573
492
461
524
588
551
478
375
369
375
378
386
390
403
407
389
314
259
182
162
133
123
209
316
350
364
320
233
239
247
263
317
344
354
330
322
324
288
260
218
197
146
108
100
58
55
43
47
44
43
31
54
59
51
44
56
44
69
104
108
107
91
43
36
28
57
68
83
115
145
138
139
152
145
157
110
103
109
138
159
154
160
151
214
259
301
301
293
266
170
146
198
290
324
347
325
380
400
349
342
351
347
396
420
432
422
460
482
481
564
588
698
699
717
692
751
758
724
737
709
726
669
715
722
696
681
642
1107
509
448
445
427
414
429
420
417
345
297
337
480
607
749
877
902
892
856
875
869
800
736
662
625
637
650
625
545
407
344
286
237
207
165
127
138
218
208
224
221
236
265
287
332
406
431
414
423
411
419
424
451
418
410
403
471
605
738
830
783
633
534
383
235
226
237
257
262
254
114
109
473
849
1052
1085
900
528
529
653
771
788
596
500
771
883
801
593
381
338
495
649
816
793
439
358
834
1253
1386
1288
1164
1027
882
794
863
934
966
1510
1308
515
480
959
1263
1272
1047
722
462
404
522
730
924
890
810
679
661
775
817
875
836
861
902
906
949
942
980
1077
1096
941
705
499
424
362
173
117
106
88
114
133
147
165
167
253
259
187
136
149
192
136
250
349
307
197
152
136
135
127
109
67
45
38
39
38
55
71
76
108
135
119
87
72
86
85
102
136
154
131
101
63
40
30
44
58
152
270
339
311
200
179
173
195
193
184
153
158
185
158
188
182
148
120
106
121
115
137
212
272
290
237
286
362
478
654
802
945
1014
846
601
502
635
584
334
161
195
256
223
185
148
114
120
122
111
139
195
238
309
355
364
366
363
423
454
470
443
456
503
530
602
636
614
589
557
535
473
423
345
266
248
248
259
311
268
260
266
220
168
123
68
64
79
96
115
120
133
117
149
194
229
293
321
351
381
405
395
359
292
211
121
94
66
56
58
52
63
79
87
105
124
99
62
68
67
76
78
106
81
69
58
57
53
50
55
67
44
47
62
89
101
125
165
288
458
640
744
781
829
839
779
727
648
603
557
506
433
399
391
373
360
336
322
339
333
337
275
159
81
66
58
44
28
28
18
12
6
19
52
72
46
47
77
66
62
54
31
37
41
55
82
84
64
64
65
61
33
37
64
75
59
57
50
82
83
92
100
107
92
73
45
34
25
9
25
39
46
51
64
125
156
166
151
102
71
81
69
25
14
22
53
79
91
85
36
29
29
35
59
73
80
109
100
93
71
36
62
99
112
83
66
52
43
43
33
56
94
99
78
85
99
70
46
46
33
28
26
28
24
25
18
20
20
20
17
11
5
15
37
39
34
46
76
87
107
129
359
571
541
379
697
903
1063
1148
1122
931
600
346
405
555
754
913
950
922
575
511
948
1126
1057
670
354
311
461
511
642
475
646
611
467
370
334
378
467
431
285
307
439
613
609
596
520
300
323
412
409
313
153
66
67
233
535
681
673
586
471
396
385
365
298
228
185
174
132
154
143
110
88
217
233
229
220
251
249
235
233
203
185
151
175
267
330
351
340
362
374
339
258
237
191
133
90
90
91
134
196
218
240
277
254
177
100
73
71
73
148
147
83
59
67
103
132
176
231
242
154
99
176
86
7
1
1
7
21
73
173
221
187
279
249
254
207
159
84
54
30
28
58
62
28
22
27
14
28
95
225
285
294
275
200
91
39
116
314
364
335
236
126
143
206
259
192
63
79
85
70
74
67
87
218
313
362
310
295
263
250
174
127
126
135
115
60
93
123
191
345
687
783
822
753
552
336
400
465
370
262
268
318
363
379
377
394
393
319
322
367
373
298
225
199
200
253
287
365
407
491
506
343
178
226
366
393
361
384
445
474
364
283
282
331
369
377
265
275
256
332
327
320
301
323
315
419
490
479
366
300
270
253
237
217
195
179
205
244
311
385
381
497
564
524
534
551
503
400
363
455
565
678
706
600
602
634
713
822
850
908
852
739
664
629
674
617
582
335
131
83
114
193
232
176
163
215
249
320
276
392
620
794
1000
1066
1015
927
828
802
869
921
1030
1164
1293
1316
1309
1305
1281
1242
1283
1273
1227
1105
1012
965
924
848
753
631
576
521
497
562
491
448
351
266
176
121
219
251
277
283
252
217
184
183
305
423
515
474
459
411
325
297
269
259
256
244
310
291
237
220
237
225
217
170
167
177
170
169
177
161
160
160
201
255
242
241
175
71
41
59
78
94
125
157
289
519
692
805
843
816
765
703
578
520
477
476
523
584
620
611
563
521
580
490
691
973
1007
961
661
367
239
277
382
519
421
152
78
231
383
375
180
82
112
177
197
124
129
205
270
179
96
130
185
251
341
326
297
202
132
137
176
205
264
318
351
419
488
558
606
644
686
818
916
968
925
876
905
889
813
650
588
807
1098
1304
1268
1161
997
997
1104
1315
1314
1111
988
763
989
1489
1851
1856
1664
1846
1748
1341
856
1352
1406
1404
1298
1051
994
988
963
1004
1308
1260
1097
1112
1098
1014
773
330
450
723
1082
1137
1085
1016
1067
1128
1004
874
784
688
629
552
456
395
396
309
219
300
288
234
168
111
108
94
70
232
106
92
101
155
200
242
250
222
269
433
505
491
428
358
377
412
419
408
409
358
247
212
167
152
184
181
192
167
194
233
236
225
179
120
83
46
63
143
209
255
279
295
295
343
405
377
360
363
397
426
510
588
690
726
777
948
1116
1293
1336
1200
996
852
717
679
650
626
611
576
571
531
462
447
463
438
443
372
352
249
205
193
207
258
196
171
199
187
165
204
227
250
255
254
183
58
28
22
31
49
40
26
34
49
48
33
29
36
59
48
39
36
22
16
35
99
156
228
330
405
458
456
440
475
463
372
344
333
420
533
545
552
605
638
597
552
547
507
452
567
515
631
656
587
522
427
330
288
294
271
278
318
295
127
110
224
332
537
714
796
790
799
757
704
628
519
430
410
390
362
210
206
343
480
552
566
564
601
632
566
484
488
421
358
400
465
401
230
209
237
239
233
215
204
190
200
194
226
367
286
200
129
145
241
301
364
478
543
544
542
523
436
345
271
148
111
123
170
225
282
263
199
177
184
227
160
107
83
60
49
55
83
92
87
95
82
70
74
69
67
84
109
140
143
161
138
173
196
182
118
120
222
261
208
151
166
204
198
219
230
225
249
244
211
185
239
275
346
362
360
365
381
383
341
320
325
283
158
56
40
73
98
132
158
155
159
160
184
141
121
95
106
114
118
108
116
134
122
120
233
394
474
559
696
678
577
460
328
241
226
281
430
605
644
440
205
140
105
99
129
224
285
369
376
346
260
207
170
129
70
30
19
12
24
35
36
42
40
51
55
84
113
131
158
175
260
313
328
339
358
310
334
346
287
218
191
160
171
167
168
201
218
198
228
247
266
218
188
162
110
93
143
271
473
555
528
438
209
48
57
65
22
17
40
60
81
77
77
78
93
90
89
70
127
200
127
37
5
1
23
90
110
123
150
164
155
135
89
127
145
99
75
80
104
138
189
276
248
130
99
83
79
113
147
96
23
13
38
38
26
30
32
39
39
45
57
64
65
43
45
19
45
59
24
61
88
100
213
221
177
201
232
145
86
76
85
96
113
38
10
54
92
70
80
106
68
29
38
106
135
145
133
118
130
162
152
139
98
71
57
47
33
49
81
160
282
379
443
496
519
473
407
352
267
195
165
148
103
66
68
61
198
33
46
106
156
140
178
331
540
750
746
702
641
616
496
416
293
255
278
347
364
422
367
410
396
386
405
309
242
249
203
78
44
95
120
116
119
107
70
38
44
39
44
156
130
125
173
135
164
256
271
236
187
168
188
163
159
181
172
124
49
47
74
94
161
243
290
254
60
44
105
138
214
241
242
230
185
175
139
122
166
131
124
90
158
322
360
329
328
320
311
306
253
246
330
289
247
107
176
377
441
390
329
303
257
285
364
450
431
252
59
14
80
148
157
102
46
59
63
110
106
80
104
212
347
415
353
265
236
182
188
244
344
403
355
280
128
126
167
198
180
96
68
47
30
49
27
28
41
107
115
48
125
139
177
250
252
233
145
72
12
30
102
97
43
27
0
16
41
77
82
79
78
71
121
148
135
75
41
16
38
66
90
85
61
57
38
27
24
30
130
158
136
290
311
140
15
44
197
360
423
432
533
564
521
457
521
724
972
1114
1320
1359
1389
1472
1459
1401
1428
1497
1570
1712
1809
1843
1990
2114
2199
2177
2192
2158
2085
1937
1667
1337
1111
1112
1067
1133
1136
1005
888
870
797
795
884
727
725
792
904
795
684
676
665
792
811
775
1035
1275
1181
1066
1074
1112
1088
986
771
520
314
355
395
260
251
348
409
393
265
777
170
187
296
321
288
252
212
201
177
157
234
377
471
548
629
723
737
628
604
583
537
535
545
568
547
496
441
396
348
245
243
262
246
235
223
180
146
102
70
82
104
67
55
35
79
73
28
36
45
47
75
96
83
104
129
156
198
227
277
297
334
383
355
315
267
239
163
79
68
105
124
158
193
240
292
299
298
334
357
401
403
368
360
302
248
167
106
69
55
67
80
190
439
652
771
845
842
865
862
809
798
822
855
884
859
835
823
860
822
768
754
696
645
644
597
572
553
563
546
511
495
485
455
455
432
424
363
282
293
306
312
312
280
268
286
277
286
268
258
252
243
221
186
145
80
85
65
24
37
119
150
111
93
105
102
114
152
304
453
632
770
828
732
664
580
537
494
445
412
358
371
384
381
338
334
324
335
312
299
272
251
267
281
298
243
221
227
230
236
270
287
239
226
181
167
160
159
163
113
63
50
41
35
17
13
29
44
80
98
87
112
98
91
145
204
280
353
493
729
757
560
421
489
446
515
590
955
525
599
747
1107
1409
1593
1889
1885
1795
1591
1209
826
614
491
395
297
194
66
129
194
212
257
250
276
341
389
452
468
428
438
402
418
439
460
509
531
530
543
559
569
611
684
674
602
491
442
406
427
445
480
448
381
410
381
334
308
292
244
265
441
655
733
637
644
683
847
1087
1129
1148
1212
1237
1274
1313
1350
1389
1410
1370
1340
1297
1264
1333
1497
1732
2105
2820
3538
4033
4559
4681
4126
3504
2641
1794
1329
1005
693
700
773
882
875
685
440
541
488
440
446
389
332
305
290
390
428
466
471
462
433
434
345
261
142
111
132
213
444
637
817
872
742
591
473
449
562
780
963
1100
1209
1244
1257
1289
1451
1573
1665
1756
1760
1713
1690
1667
1575
1520
1559
1603
1653
1652
1628
1634
1517
1340
991
660
487
481
556
564
539
379
282
103
82
235
271
277
298
323
272
190
67
32
45
22
21
21
27
65
83
92
89
94
136
145
184
192
180
108
68
36
49
39
33
26
21
19
16
19
13
7
9
6
11
3
4
5
1
2
0
4
5
1
3
3
0
0
0
1
1
3
1
2
0
0
0
0
0
0
0
6
37
213
467
611
678
622
539
457
393
381
368
339
324
269
264
302
301
243
288
282
275
226
217
259
235
158
132
153
161
148
173
220
232
171
84
39
34
45
47
19
2
8
18
46
115
164
227
293
402
525
654
753
825
901
944
1015
1024
1099
1085
1109
1041
979
944
923
902
817
742
684
760
767
813
851
888
853
827
815
832
711
546
440
395
393
389
402
397
367
363
370
383
376
335
320
516
968
1791
2319
2711
2911
3271
3730
4042
3941
3296
2516
2331
1992
1531
1196
887
670
545
503
520
606
676
739
789
844
883
891
814
755
687
688
745
802
817
817
797
803
828
960
1049
906
716
533
396
521
584
625
652
615
640
652
784
986
1234
1331
1397
1385
1207
1194
1303
1198
1163
1088
1006
960
952
862
808
640
508
559
715
756
717
820
825
787
703
666
663
726
782
838
946
1016
1038
1040
1002
1047
1048
1116
1067
810
607
581
504
433
344
236
135
63
40
109
238
281
251
250
281
410
579
603
629
700
722
656
639
635
725
1003
1112
990
1065
997
889
820
756
651
647
696
643
555
549
636
621
520
534
605
776
969
1213
1366
1478
1620
1891
2183
2534
2600
2583
2422
2141
1866
1517
1294
1103
1096
1168
1076
793
671
547
373
484
645
810
905
914
822
795
829
802
794
1577
1019
1110
1303
1467
1665
1705
1592
1494
1713
1996
2146
2085
1904
1752
1491
1320
1323
1382
1389
1316
1154
1170
1480
1855
1934
1779
1537
1167
1030
857
567
368
322
492
636
801
987
1067
1111
1085
1007
1052
1138
1125
1122
1121
909
659
749
856
941
991
1010
1024
769
628
579
401
583
567
549
427
444
443
476
448
483
390
350
350
293
249
297
269
219
157
143
163
435
666
721
651
371
636
773
748
583
261
451
610
615
591
558
534
562
649
672
591
482
584
711
797
889
894
928
986
984
976
944
850
798
730
489
839
1101
1440
1818
2202
2399
2429
2319
2277
2132
1942
1776
1553
1119
823
612
571
434
669
814
876
994
1049
1044
1104
1231
1369
1423
1464
1345
1241
1124
995
974
914
925
952
964
907
944
1043
1002
874
861
844
855
820
778
705
643
579
552
442
329
297
282
308
383
445
506
492
409
404
439
496
529
618
607
554
476
399
376
324
284
199
100
55
20
9
22
71
146
223
318
362
443
520
601
688
758
795
848
938
1063
1218
1312
1284
1295
1256
1191
1120
1046
928
888
860
845
802
810
795
739
691
590
570
481
414
368
281
222
179
146
142
121
59
42
25
46
81
80
26
1
4
31
42
33
61
215
259
215
235
278
258
235
198
169
190
165
152
191
149
121
124
124
108
94
77
85
105
123
156
174
173
202
219
246
259
249
243
267
209
155
95
75
68
62
45
46
58
49
70
70
55
95
107
127
161
202
289
472
638
711
946
1051
1111
1137
1140
1175
1480
1713
1846
1821
1763
1570
1725
1670
1491
1402
1134
965
844
658
530
408
209
168
152
145
145
88
61
18
3
38
54
35
40
68
98
101
85
87
110
124
167
197
172
134
104
80
54
33
102
159
156
155
192
250
237
201
202
164
151
153
145
135
152
134
140
176
247
433
509
616
640
635
661
674
721
756
808
841
926
1100
1244
1283
1122
866
872
1115
1149
1113
1035
964
914
821
688
520
378
237
288
244
186
105
93
87
90
130
160
161
133
145
136
135
89
35
1
5
29
71
97
44
32
48
42
37
3
6
4
0
9
90
141
104
60
6
11
8
16
7
9
6
10
17
0
0
0
0
0
1
0
0
0
1
4
27
49
47
28
35
15
4
5
5
3
0
2
0
0
3
4
4
2
2
0
0
2
29
53
74
78
76
54
13
1
0
0
0
0
0
0
7
0
0
0
0
0
0
19
19
14
4
0
0
15
22
11
1
2
0
0
0
5
5
5
2
1
2
0
0
0
0
5
4
7
7
10
6
4
2
15
14
15
1
0
0
29
38
29
5
7
16
31
33
45
44
55
70
119
197
293
315
377
479
647
774
822
804
772
883
877
847
891
1016
1043
1054
1219
1406
1607
1909
2016
1871
1703
1379
919
582
320
134
68
37
34
33
30
25
20
31
53
83
99
102
99
101
113
135
200
192
191
154
63
55
60
60
64
47
20
0
0
0
4
26
48
50
73
78
93
105
105
103
103
120
116
93
89
176
259
358
458
595
712
833
881
897
978
999
1080
1154
1200
1345
1412
1488
1484
1440
1376
1252
1139
1008
902
842
800
712
660
623
565
518
448
432
424
419
432
406
472
463
439
409
376
449
486
609
855
1042
1234
1388
1590
2026
2271
2155
2091
1996
1761
1351
1049
1145
1238
1406
1560
1609
1628
1645
1767
1794
1829
2175
2221
2524
2425
2349
2213
2105
1925
1732
1452
1224
982
789
554
427
304
280
237
185
179
193
202
241
248
270
259
287
270
183
160
232
260
282
280
301
273
200
129
75
48
65
120
226
214
236
258
361
522
626
670
810
902
986
1119
1261
1333
1169
904
759
621
460
325
286
272
283
314
311
284
285
262
98
168
313
335
224
177
169
118
144
152
101
68
23
61
153
160
184
144
45
108
202
224
169
226
309
402
479
596
605
676
780
835
795
759
1016
1081
1191
1171
1087
967
968
823
648
548
767
1064
1159
1079
683
345
771
802
737
667
648
634
612
594
589
638
660
681
704
723
718
738
775
817
832
877
925
925
829
721
658
668
698
742
665
515
282
205
249
274
274
258
243
241
255
280
312
356
468
562
575
637
770
783
730
646
535
432
326
241
199
162
160
160
179
203
219
179
127
138
214
241
208
158
115
128
144
127
99
76
47
44
43
45
53
66
75
108
176
248
301
329
335
329
318
346
347
330
314
313
314
314
321
306
304
280
238
254
269
266
266
237
200
167
152
134
145
148
150
155
148
139
137
159
205
277
329
305
225
162
242
430
343
274
145
67
38
40
57
72
75
79
123
131
142
163
137
105
86
122
147
131
127
140
151
210
231
231
254
251
280
392
560
571
534
425
220
221
367
406
376
217
414
530
506
480
411
290
457
499
606
737
769
883
990
1089
960
511
328
422
395
373
360
564
290
130
72
75
123
187
214
236
221
154
111
110
114
93
87
82
113
130
133
117
86
71
98
74
71
60
36
29
36
60
96
268
366
369
271
193
144
87
80
69
69
59
60
79
146
260
368
447
500
522
482
410
295
190
474
743
866
782
1088
1244
1286
1286
1161
947
1008
911
809
895
968
860
776
756
781
757
744
761
649
611
662
797
831
924
884
821
739
614
537
378
332
355
351
266
210
235
214
197
181
171
130
118
125
105
99
90
86
74
81
88
132
133
136
87
79
80
76
107
135
138
113
87
58
56
100
175
221
239
277
299
501
663
873
1026
1091
1166
1151
1104
1010
905
819
754
712
669
605
574
596
611
605
635
666
677
650
631
643
616
635
655
630
594
557
477
439
406
329
243
239
299
324
301
297
290
329
331
301
295
284
275
269
238
199
166
143
146
139
134
125
75
47
24
5
4
6
29
84
108
113
99
121
153
147
149
124
129
98
115
115
140
175
186
193
229
197
173
166
148
119
118
114
54
54
81
131
114
90
50
77
95
52
36
13
22
60
152
199
180
154
75
113
121
75
30
37
57
60
99
198
249
256
302
376
377
322
208
95
109
129
105
46
68
112
138
187
250
321
348
379
412
430
470
530
563
556
706
856
945
826
732
588
496
453
429
405
391
370
317
320
338
325
267
227
179
156
107
35
14
34
28
17
17
48
77
93
66
78
91
145
136
103
76
74
108
166
178
212
245
266
280
304
333
326
321
255
251
205
154
132
144
168
120
114
73
92
94
82
86
77
92
101
104
85
90
97
91
49
41
22
14
37
52
65
79
105
122
147
135
126
90
55
30
17
50
120
134
190
174
161
129
154
162
211
239
262
262
176
126
129
131
117
110
132
272
316
206
70
139
294
357
354
263
124
124
351
619
814
883
1171
1421
1455
1434
1373
1233
1161
1035
970
945
909
926
902
853
701
532
424
396
328
413
495
486
438
351
255
360
641
988
1107
1065
1032
1064
1134
1216
1510
1867
2345
2832
3294
3728
3938
3722
3035
2216
1698
1502
1512
1735
1848
1857
1937
1974
1987
1742
1485
1345
1270
1140
1033
919
750
626
556
535
483
429
302
190
161
345
612
731
714
686
625
619
681
731
757
676
516
648
831
890
917
931
935
899
824
787
812
840
826
849
862
936
1099
1245
1317
1641
1776
1733
1635
2220
2374
3505
2244
2093
2129
1983
1619
1625
1707
1669
1641
1613
1597
1503
1328
1140
949
743
609
460
316
218
323
500
682
869
1043
1248
1429
1541
1706
1879
2036
2188
2290
2491
2687
3010
3336
3573
3768
4062
3983
3444
2821
2239
2073
2054
2000
1593
1264
878
845
835
833
955
1338
1840
2195
2470
2593
2436
2047
1552
1078
952
899
754
593
560
811
1101
1246
1249
1085
938
688
713
913
907
851
566
296
385
286
261
364
368
339
296
280
278
294
349
359
363
337
292
373
425
500
550
586
550
487
461
412
352
312
225
151
142
110
79
54
25
16
13
25
28
35
46
55
32
1
2
14
26
37
47
148
254
239
142
178
224
206
133
69
58
34
17
42
81
129
144
119
121
114
102
112
112
105
129
172
231
266
290
328
338
377
399
450
472
419
356
302
252
208
171
139
122
90
51
35
21
21
12
19
31
67
106
135
174
173
148
130
123
91
92
67
48
25
2
2
3
5
7
6
5
7
17
26
39
34
31
18
11
2
0
0
0
0
2
9
21
20
30
26
21
19
15
10
6
4
2
0
0
3
7
14
187
262
245
118
52
157
305
367
404
456
531
587
648
726
731
814
800
785
775
795
805
763
632
575
568
565
562
532
529
514
471
391
316
248
189
176
172
172
158
108
97
93
52
40
20
20
13
3
3
28
62
75
89
102
108
99
112
85
56
27
12
16
18
27
49
47
52
69
72
76
80
105
180
255
277
309
406
495
506
435
388
365
258
137
191
238
234
145
74
47
21
53
97
122
185
203
181
206
217
233
228
172
134
103
38
15
17
16
79
129
205
279
391
521
633
749
770
760
687
618
538
504
471
463
455
474
464
413
392
360
316
249
221
157
97
77
61
48
22
2
1
0
0
2
2
0
0
0
1
0
0
0
3
4
20
41
23
7
11
63
127
124
59
33
31
26
21
10
10
21
63
38
10
5
26
65
76
52
35
14
9
6
2
2
6
17
38
39
45
67
71
72
92
111
105
127
122
101
103
68
61
41
21
16
13
4
0
0
0
0
0
0
0
0
0
0
0
0
8
83
132
84
22
13
39
177
334
455
532
549
540
545
460
410
377
346
345
339
314
317
286
292
305
312
315
338
362
373
377
415
419
388
365
308
283
224
161
121
96
73
70
69
64
59
50
33
39
33
12
13
82
7
4
4
0
0
1
0
1
1
2
10
3
6
9
6
5
16
1
0
14
3
0
0
0
1
0
1
2
5
12
12
4
4
1
5
6
8
6
0
0
4
4
6
0
0
13
5
5
7
7
6
8
11
14
10
20
13
19
23
52
61
67
67
45
27
4
33
133
218
207
115
43
53
60
79
71
55
73
85
119
108
117
168
254
302
317
389
454
611
726
738
746
780
804
761
784
821
856
814
823
807
765
731
673
655
634
614
573
471
421
393
383
360
362
331
208
149
122
98
87
83
81
83
101
80
60
36
10
3
1
4
4
7
13
6
5
7
10
39
87
128
154
149
149
169
137
100
30
71
81
68
39
26
43
60
78
76
123
201
284
332
381
395
486
523
591
717
709
767
730
667
651
582
586
564
555
552
508
494
695
934
1014
998
927
786
629
592
599
590
626
560
478
439
382
381
418
401
298
390
709
976
1101
977
536
283
380
383
228
216
415
601
718
818
800
509
520
598
843
947
947
690
282
305
634
859
883
794
530
398
609
842
908
876
763
648
523
419
411
516
583
527
447
544
743
821
880
815
697
629
616
652
642
538
442
388
409
486
572
604
542
565
469
445
398
323
233
179
213
275
364
502
568
639
773
862
827
863
1216
1359
1466
1533
1588
1541
1508
1393
1440
1467
1292
1074
912
838
847
827
685
649
549
410
337
280
306
305
255
159
101
165
172
190
195
200
186
198
182
136
140
121
113
89
105
68
74
105
143
132
95
56
45
38
47
35
73
94
79
42
40
98
113
118
130
153
195
174
156
115
79
65
73
86
89
101
155
259
300
300
329
354
350
368
379
386
371
367
355
368
355
316
273
255
242
221
208
175
186
186
136
86
69
25
58
100
138
208
245
217
267
366
455
349
373
427
421
380
344
339
284
267
283
274
282
265
270
258
252
226
205
250
317
481
680
784
781
819
927
1058
1245
1371
1418
1460
1496
1481
1482
1442
1410
1367
1335
1286
1246
1173
1106
1131
1057
996
933
900
802
710
600
484
432
303
193
134
137
144
121
140
200
219
219
163
135
110
101
84
52
53
77
134
183
159
140
81
22
43
66
77
72
74
73
82
107
147
200
185
180
191
193
224
265
242
157
71
53
60
77
147
284
517
972
1425
1856
2205
2417
2549
2706
2750
2534
2154
1854
1820
2422
1658
1400
1226
1125
1030
990
824
595
542
566
573
514
473
473
366
282
234
206
186
127
75
33
24
41
87
63
30
15
29
37
57
92
81
84
106
124
152
195
229
255
238
195
171
174
119
63
39
20
12
9
8
14
13
27
31
9
1
0
0
0
9
27
56
61
110
134
139
165
210
177
165
149
159
170
217
265
297
346
387
390
400
388
371
388
286
264
217
211
155
96
59
63
48
57
57
64
45
24
31
58
110
426
408
160
190
201
206
215
208
198
179
139
94
65
67
71
83
111
111
114
133
144
146
150
172
125
51
13
8
3
6
28
39
28
10
6
7
0
0
0
4
7
8
8
2
4
3
6
4
3
6
17
25
42
49
71
72
69
53
33
43
56
74
99
176
228
258
305
329
372
429
462
538
648
819
966
1018
1146
1247
1287
1367
1349
1303
1210
1155
1103
1041
975
964
924
874
827
745
694
593
499
435
399
319
217
179
210
189
167
184
278
352
393
509
589
725
868
976
1003
1048
1138
1195
1262
1254
1242
1208
1191
1057
913
707
613
544
492
434
377
364
307
244
219
156
144
114
71
68
48
32
31
29
50
84
118
114
46
11
68
239
332
341
308
246
138
43
22
156
295
375
408
379
339
319
257
145
86
121
167
182
148
93
64
63
174
275
215
162
131
67
72
67
54
31
5
1
0
0
0
0
0
2
0
0
0
2
1
0
0
0
0
4
28
61
75
73
24
5
4
2
4
5
8
4
1
2
0
1
5
7
0
0
0
0
0
0
0
0
3
16
15
12
6
0
0
0
0
0
4
6
2
3
0
1
3
10
5
8
14
20
30
37
28
19
5
3
3
1
0
0
0
0
0
1
2
6
5
6
8
15
13
8
4
3
7
18
14
9
6
4
4
5
14
22
23
20
14
6
7
13
12
14
12
6
6
4
19
36
38
44
36
38
38
47
48
67
89
98
111
101
103
107
100
87
71
57
31
5
0
1
5
7
14
25
20
19
12
16
17
13
3
3
2
9
38
57
75
76
64
25
17
6
4
8
9
14
16
20
18
11
5
5
4
8
17
12
7
17
42
22
11
13
18
12
10
12
9
8
7
12
8
8
8
2
1
0
0
2
5
3
3
6
22
36
36
36
33
34
20
7
17
18
11
16
17
17
9
5
16
6
18
20
28
30
26
34
27
11
5
3
0
0
0
0
1
0
0
0
0
0
0
1
0
10
19
23
17
15
13
5
0
0
0
0
1
3
0
7
6
1
1
0
0
0
1
1
2
9
11
13
15
23
32
28
40
56
43
44
17
17
13
24
21
21
20
16
34
28
21
25
25
18
27
31
23
17
24
31
23
21
10
20
27
32
42
37
27
21
16
0
1
26
35
10
21
42
68
56
47
28
22
36
45
21
19
24
44
45
21
20
6
1
0
0
0
0
0
2
2
1
4
1
3
7
6
9
4
5
11
56
255
468
586
639
631
652
629
552
521
484
466
461
421
448
460
490
499
482
445
398
475
538
532
477
375
269
226
238
319
361
377
329
191
43
63
229
424
550
676
715
759
758
781
775
777
762
752
755
733
714
693
667
612
596
593
561
475
449
428
387
338
322
278
245
216
189
208
173
136
136
134
108
66
74
39
40
28
39
33
28
15
1
3
0
0
0
0
0
0
0
0
0
0
0
0
0
0
0
0
1
1
1
4
4
0
0
0
0
0
0
0
0
10
18
27
33
44
50
28
24
23
17
14
7
8
9
5
5
7
7
1
4
3
1
2
1
0
0
0
0
0
0
0
0
0
1
0
0
0
1
2
0
0
0
5
0
3
7
11
21
24
17
15
9
17
13
9
11
11
13
8
4
3
8
4
0
0
0
0
1
0
0
1
0
0
0
0
0
2
9
53
145
188
34
94
215
218
152
36
17
42
96
118
106
54
10
2
9
22
26
28
23
37
50
52
39
11
0
5
4
5
1
0
0
6
6
4
2
1
1
1
0
1
1
3
2
2
1
1
0
1
0
3
0
1
0
0
0
0
0
0
0
0
3
3
7
2
1
0
0
0
0
13
41
66
61
22
0
0
0
0
0
0
0
0
0
0
0
0
0
7
5
5
0
0
0
0
0
1
0
0
0
0
0
0
0
0
0
0
0
0
2
9
14
5
2
7
4
3
0
0
3
0
2
2
2
0
1
0
0
2
0
1
6
9
17
23
30
33
42
61
86
58
91
115
125
159
224
234
294
320
289
238
222
221
235
255
266
300
374
435
484
514
530
484
447
380
370
386
383
345
298
337
389
532
670
871
963
1806
1146
1159
1238
1186
1152
1040
869
699
490
306
117
52
96
247
345
492
583
652
655
633
537
388
234
120
92
126
190
253
245
223
202
183
128
63
5
0
11
62
128
168
167
179
199
222
231
200
193
187
221
255
303
280
246
299
308
343
449
523
618
678
662
623
504
239
182
421
589
684
849
995
1050
934
777
625
404
174
115
258
511
708
868
963
1036
1159
1258
1420
1509
1670
1808
1908
1925
1986
2312
2726
3019
2830
2351
1597
976
477
853
1010
991
868
844
1016
942
783
773
762
782
933
941
823
695
567
297
237
473
842
1153
1363
1593
1737
1760
1520
1204
1016
1024
1011
944
840
672
576
486
352
300
389
449
465
503
514
490
477
465
377
299
228
215
142
66
60
68
72
77
67
43
33
25
36
27
39
31
25
16
17
14
17
17
16
4
2
10
8
28
30
14
35
47
34
18
17
32
17
7
4
0
0
1
4
3
3
11
81
208
264
260
258
273
304
381
408
435
446
475
523
559
545
543
511
479
433
325
216
104
140
172
189
168
150
151
163
174
218
274
292
264
205
167
103
37
62
113
166
212
256
296
316
307
283
250
218
171
94
31
28
129
214
285
330
378
423
480
528
600
644
600
544
541
506
509
606
816
1034
1271
1339
1341
1276
1176
1061
955
1088
1072
1019
844
598
687
619
460
394
406
509
531
549
586
576
602
649
661
653
754
899
1066
1269
1244
1121
919
752
544
633
780
1146
1342
1365
1312
1261
1235
1258
1209
1241
1322
1439
1566
1606
1495
1313
1081
887
744
712
771
880
874
833
794
709
770
896
866
766
615
540
524
523
538
555
489
393
394
523
648
775
794
838
978
1123
1210
1327
1392
1473
1371
1397
1410
1475
1509
1486
1448
1355
1167
1088
971
839
677
475
284
140
136
268
472
651
745
740
581
406
205
378
586
588
586
649
682
617
526
407
279
172
219
359
507
632
744
856
929
964
927
718
422
606
561
660
765
753
645
521
328
183
43
115
218
287
307
342
432
484
534
599
751
945
1152
1260
1208
1123
986
773
674
591
494
391
301
481
694
738
566
395
323
436
604
662
709
669
642
645
659
655
658
701
722
747
720
674
651
627
578
592
690
761
840
865
764
592
430
257
323
556
771
985
1073
1083
1104
1106
1041
1027
974
918
934
916
857
830
836
990
1127
1248
1365
1446
1414
1343
1152
959
785
632
827
1102
1289
1369
1394
1326
1323
1265
1241
1764
995
799
633
497
401
439
481
503
515
491
486
515
433
337
260
347
637
944
1136
1180
1155
1080
1084
1113
1120
1041
990
1001
917
719
711
842
937
1006
1048
1042
1033
956
786
620
503
419
383
577
799
1068
1318
1546
1758
1902
1846
1695
1551
1351
1267
1230
1046
775
436
276
361
479
548
617
673
681
681
685
603
609
602
645
619
570
509
465
443
457
426
367
331
317
297
319
330
307
248
303
356
293
148
78
120
112
115
118
112
52
46
37
37
66
69
68
65
59
22
8
3
11
27
36
48
39
24
7
2
1
5
8
9
4
1
0
2
1
3
6
7
11
14
15
18
17
18
8
13
8
14
21
15
14
11
14
6
4
2
0
0
0
0
0
0
0
1
0
0
0
5
7
27
72
106
126
141
152
150
135
104
84
28
20
46
65
108
111
118
101
91
46
30
21
11
6
7
6
4
9
21
7
6
0
0
1
0
0
0
0
0
0
0
0
0
2
2
6
10
16
18
14
27
23
10
0
0
4
5
3
11
27
39
41
26
37
32
12
7
3
2
0
1
5
11
6
4
2
0
1
2
0
0
0
0
0
0
0
0
2
0
0
0
0
0
0
0
0
0
0
0
8
4
2
1
0
0
0
0
8
0
0
0
0
2
4
7
2
7
7
6
8
1
12
14
7
10
20
29
48
27
10
2
10
37
40
23
17
15
9
4
1
2
27
41
21
10
61
22
5
25
17
13
25
22
27
17
4
1
0
0
0
0
1
5
3
4
4
0
1
3
11
6
6
1
0
2
3
0
0
1
6
5
0
0
0
0
0
0
0
0
0
1
0
0
0
0
0
0
0
0
0
5
0
7
8
34
41
36
26
32
30
27
19
10
5
7
5
0
5
0
0
7
74
181
261
301
291
249
292
384
435
436
454
471
483
455
464
490
494
457
394
396
417
420
382
317
312
298
264
252
240
211
192
155
113
96
81
77
38
24
34
21
9
19
15
14
38
109
152
132
125
154
126
82
43
29
32
41
11
4
4
0
11
3
2
0
7
2
1
0
0
1
0
4
14
35
18
4
1
2
9
10
9
8
6
10
8
5
0
0
1
9
17
7
1
32
137
278
479
687
824
917
945
959
970
958
944
883
805
703
589
485
345
133
156
275
369
444
514
590
1049
676
745
817
796
748
649
691
723
683
638
613
589
549
509
480
470
450
455
478
493
470
477
443
469
374
234
90
41
23
25
57
105
173
198
233
255
251
270
282
334
368
383
370
388
362
346
294
218
159
76
59
71
115
123
141
156
141
138
123
100
55
29
32
29
26
12
10
11
19
11
9
4
4
0
3
5
4
34
34
42
25
28
8
1
0
0
0
0
0
0
1
0
0
0
0
0
0
0
0
2
37
82
125
145
188
231
299
356
450
506
586
718
866
969
1014
1016
1067
1003
981
951
1188
1338
1276
1097
975
947
811
734
718
654
539
459
319
243
176
191
220
267
235
147
63
64
112
180
216
196
134
107
132
164
229
251
258
249
225
209
145
125
103
126
169
170
241
283
245
160
166
176
204
196
259
328
370
398
421
389
337
310
299
224
77
141
220
253
251
277
349
391
323
178
159
177
212
252
179
69
86
167
198
228
236
207
165
145
174
180
226
248
243
199
153
124
132
147
140
136
155
166
145
148
147
120
129
147
217
409
658
745
912
1034
1054
1027
857
682
395
280
304
544
702
771
871
1129
1316
1506
1292
879
796
862
831
781
788
655
550
524
504
516
597
601
585
566
487
489
480
439
387
331
306
252
220
247
306
373
396
399
400
401
406
479
647
818
917
931
923
921
797
605
438
416
464
336
360
450
456
434
389
339
262
199
142
63
33
66
104
125
137
136
117
86
51
21
6
39
56
84
94
99
86
76
56
60
43
31
17
5
1
2
14
23
31
21
18
10
10
3
0
0
1
15
38
65
120
261
358
408
422
389
402
299
280
245
221
207
192
193
232
252
312
341
328
362
353
328
298
248
226
222
212
166
133
89
80
60
101
187
232
227
188
101
88
91
132
132
137
138
143
130
141
165
166
220
210
206
201
174
154
147
164
178
173
133
127
141
151
145
142
124
76
50
36
31
58
98
146
261
452
576
614
641
638
582
479
445
448
440
438
451
442
468
479
450
463
461
480
382
300
212
135
92
48
13
13
17
21
32
31
31
48
59
67
98
114
106
98
80
90
101
101
106
116
152
223
248
225
190
182
171
166
154
136
105
82
81
75
87
100
106
89
79
78
66
56
77
68
66
67
67
55
28
52
86
124
127
130
99
94
79
70
23
50
366
436
614
722
817
845
877
788
678
720
1034
1402
1723
2021
2354
2545
2660
2898
3049
2972
2650
2474
2332
2058
1882
1744
1566
1318
1087
935
914
1001
857
717
703
974
847
822
826
835
752
600
491
407
341
344
426
521
599
512
714
777
783
698
558
529
481
426
286
318
371
376
644
675
459
349
355
407
573
718
820
745
647
583
622
711
665
629
481
339
236
239
354
612
838
795
561
376
389
501
657
509
549
875
973
891
647
327
205
379
589
789
855
872
653
439
312
133
193
395
684
967
1232
1294
1161
1035
1079
1110
948
811
807
848
931
923
752
259
478
572
537
405
338
310
379
417
309
242
180
227
309
441
441
338
239
318
473
517
578
578
508
417
319
310
402
504
537
592
587
653
758
825
701
360
527
717
762
648
479
490
507
589
607
528
407
444
463
401
377
401
430
463
447
351
181
105
181
235
271
256
309
308
368
386
312
331
434
401
345
329
314
367
462
468
457
526
544
529
483
398
270
125
126
156
307
476
661
683
554
480
454
380
320
284
273
347
421
520
587
646
778
820
826
850
910
1052
1022
782
612
628
647
534
434
398
381
440
405
364
476
524
465
505
683
869
1051
1017
702
545
501
666
785
866
801
410
251
290
347
434
627
721
717
700
722
782
627
934
1034
878
535
300
384
431
467
347
302
708
853
834
906
895
732
544
566
580
575
536
510
576
490
435
505
631
890
1023
1122
1105
968
661
809
1138
1106
824
587
516
522
473
529
765
763
418
375
416
470
632
902
1087
1010
776
675
849
869
852
850
790
851
864
821
737
614
483
261
185
303
578
777
782
867
1115
1334
1406
1199
942
695
445
368
316
260
236
227
230
225
189
99
27
10
9
23
23
36
30
15
27
85
137
161
179
185
244
185
57
165
297
391
485
562
651
710
729
684
740
818
875
816
739
630
590
553
407
188
57
114
144
170
152
210
305
349
297
245
136
34
105
232
327
363
345
270
154
3
0
40
96
96
87
128
155
190
180
103
34
2
35
97
149
193
143
44
42
103
150
192
277
239
179
160
76
115
100
86
186
289
415
443
473
434
457
444
376
250
121
0
59
179
229
296
289
270
229
192
114
70
33
16
5
7
27
35
42
58
62
65
50
35
26
72
108
99
54
93
181
228
253
262
204
130
101
220
353
416
424
465
449
773
455
388
399
353
250
224
212
190
149
102
64
100
177
182
159
145
170
233
301
485
533
424
415
318
307
268
234
199
150
103
82
76
139
283
427
460
443
427
400
358
260
156
67
15
155
239
308
317
292
241
127
31
10
78
161
195
228
194
158
100
39
0
0
18
48
46
26
8
0
3
2
1
1
5
23
21
12
0
0
10
13
9
57
120
145
148
145
121
143
155
181
203
214
214
221
174
142
139
98
97
82
74
49
42
22
7
1
0
0
0
0
11
114
257
373
449
515
568
541
449
448
395
348
321
294
282
245
201
156
114
79
38
36
16
10
2
0
0
1
0
0
0
0
0
0
0
0
0
0
0
0
0
0
0
0
0
0
0
0
0
0
0
0
0
0
1
3
1
1
1
2
0
0
0
0
0
0
0
0
0
0
0
0
0
0
0
2
28
157
320
438
460
303
21
253
353
134
70
224
292
343
379
365
368
346
362
331
267
235
181
183
142
119
76
86
81
90
95
70
66
64
71
98
138
129
148
166
168
115
60
105
178
215
155
141
134
63
66
107
75
62
172
283
318
364
436
551
668
775
827
861
951
1045
1223
1344
1411
1481
1507
1465
1325
1213
1046
935
822
730
659
554
523
470
382
224
325
577
800
1120
1371
1594
1818
1918
1971
1995
1995
1946
1846
1689
1609
1520
1431
1353
1196
1099
994
844
679
581
480
402
366
324
288
262
228
195
229
205
191
159
88
54
75
96
135
188
234
316
321
283
298
259
206
164
144
171
179
194
147
80
12
8
9
5
3
0
0
1
3
2
0
4
0
0
1
0
2
5
10
8
0
0
0
0
0
0
0
0
0
0
0
0
0
4
10
9
9
14
9
7
3
2
2
3
7
5
15
25
19
15
18
51
130
230
327
371
365
349
311
246
200
151
119
124
86
64
35
24
13
8
3
9
52
205
407
518
542
536
538
477
422
424
399
404
390
390
381
346
350
337
302
274
276
286
287
295
292
321
348
386
391
470
567
676
1153
1249
888
815
1132
1071
1011
1027
1048
1007
916
895
838
775
729
673
600
492
484
523
566
666
763
773
702
577
544
641
691
720
670
612
572
512
474
479
466
425
374
303
384
633
787
747
563
469
512
661
672
699
774
707
605
643
736
760
756
776
783
716
672
532
432
353
293
220
205
248
514
245
315
342
373
396
401
405
419
397
332
266
248
176
105
81
82
60
57
67
60
59
46
31
25
34
35
40
56
60
46
42
42
27
9
7
8
25
206
387
398
305
214
171
154
146
80
51
38
19
5
4
17
33
60
62
48
46
70
144
140
59
25
6
28
19
22
51
97
65
58
40
20
14
11
23
26
9
12
14
9
6
11
9
9
3
0
0
0
10
11
36
76
91
36
22
23
11
1
13
29
65
103
154
251
317
345
296
247
276
380
399
383
349
295
161
117
185
235
151
23
20
22
18
75
280
602
771
837
880
930
885
776
616
572
521
483
415
340
298
350
551
864
1063
1054
961
796
519
432
513
513
449
349
229
70
40
189
523
906
1204
1369
1651
1824
2188
2449
2564
2577
2567
2551
2604
2859
3163
3421
3941
4222
4250
4054
3599
3160
2831
2644
2476
2186
1700
1318
1061
953
1108
1164
1159
1187
1177
1115
1114
1078
1002
938
849
697
646
706
791
917
1033
1207
1313
1378
1383
1373
1331
1281
1189
1113
1071
1080
1024
788
766
943
1036
916
727
819
817
776
728
674
550
439
485
534
461
319
461
515
499
423
242
101
255
366
404
452
494
540
583
589
562
582
526
515
489
675
853
908
970
972
980
1004
978
926
832
673
520
410
356
398
390
435
484
513
515
457
375
281
140
68
74
99
294
516
611
686
698
685
645
581
578
610
723
806
897
910
920
880
860
847
849
869
861
852
760
672
562
485
370
307
261
204
142
134
276
387
469
504
526
521
435
235
110
110
114
164
155
80
213
437
521
473
461
509
464
477
436
289
314
272
237
262
245
297
362
336
191
172
205
342
367
225
34
14
51
297
722
936
926
1008
1010
795
744
742
720
713
650
592
512
476
426
367
331
332
318
194
93
92
118
173
224
199
298
392
374
309
286
160
162
130
153
80
65
75
106
76
73
54
40
83
101
69
194
364
298
297
401
230
79
149
363
558
328
71
76
62
56
39
26
13
20
1
0
0
0
2
1
4
0
2
1
0
1
1
0
0
1
0
3
0
0
1
0
0
0
0
1
1
1
0
1
0
0
1
0
0
0
0
0
0
0
0
0
0
0
0
0
0
0
0
0
0
0
0
0
0
0
0
0
0
0
1
0
0
0
0
0
0
0
0
0
0
0
0
0
0
0
0
0
0
0
0
0
0
0
0
0
0
0
0
0
0
0
0
0
0
0
0
0
0
0
0
0
0
0
0
0
0
0
0
0
0
0
0
0
0
0
0
0
0
0
0
0
0
0
0
0
0
0
0
0
0
0
0
0
0
0
0
0
0
0
0
0
0
0
0
0
66
134
159
131
96
41
12
4
13
17
7
42
70
72
214
370
623
716
721
838
955
1115
1301
1492
1576
1560
1528
1401
1279
1190
1130
1102
1114
1111
1137
1047
1028
1026
1124
1166
1149
1145
1090
1129
1094
1029
1020
1172
1410
1707
1952
1989
1839
1489
1261
1053
935
946
1014
973
922
888
759
645
623
517
381
236
151
218
419
551
393
298
463
704
609
543
543
539
562
675
757
877
955
952
863
642
406
226
203
191
184
347
575
826
1000
897
802
773
684
669
764
918
1076
1079
871
733
753
907
1137
1366
1482
1528
1449
1369
1312
1294
1162
992
906
945
908
870
777
798
783
670
679
683
593
487
450
513
573
768
953
1062
1064
1050
976
874
724
561
548
928
1261
1668
2109
2536
2773
2790
2701
2636
2733
2721
2478
2135
1924
1438
967
806
866
850
1024
1178
1258
1243
1196
1209
1243
1138
1076
1102
1128
1180
1261
1336
1246
1220
1264
1322
1344
1394
1485
1589
1642
1708
1795
1800
1748
1817
1832
1650
1284
1020
956
876
690
433
339
269
213
186
202
221
241
235
342
523
639
699
759
747
652
544
500
400
406
483
686
862
1086
1501
1843
2076
2063
1846
1676
2233
3058
3309
3380
3075
2761
2340
1832
1660
1593
1439
1421
1401
1404
1335
1252
1138
762
395
948
1204
1564
1819
1822
1509
1058
872
748
655
689
777
859
932
1030
1127
1087
978
914
1032
1180
1157
1029
919
762
377
680
919
1308
1624
1931
1973
1477
1316
962
634
793
948
1028
1096
1081
1038
923
886
821
721
964
1453
1567
1426
1174
623
680
1513
1883
1653
1405
736
1305
1744
1652
1188
515
800
1801
1914
1630
1082
1238
1330
1247
1149
1156
1419
1456
1281
943
1387
1453
1316
1135
754
779
1099
1311
1723
2298
2509
2264
1633
2001
1779
1229
1151
959
831
1022
1462
1725
1894
1893
1923
1743
1430
1157
679
270
1176
1997
2554
2916
2996
2614
1644
998
1869
2181
1965
1394
897
240
1028
1323
1206
771
313
784
987
839
550
114
481
828
880
713
528
794
774
566
499
780
844
909
1009
858
687
620
570
517
564
647
758
889
947
1000
1036
1057
1064
1152
1250
1411
1388
1346
1278
954
827
936
1049
1001
1032
966
862
578
260
316
338
299
272
244
226
283
504
657
656
527
439
444
428
568
520
577
450
296
179
116
138
182
181
240
231
175
148
180
245
189
68
90
204
273
307
269
198
228
300
311
252
250
291
279
227
200
144
84
59
107
133
120
81
18
2
6
19
26
53
51
39
34
27
43
48
51
58
50
34
21
11
60
267
452
443
345
352
345
375
452
457
434
342
236
270
244
215
231
185
161
189
163
104
94
75
90
94
134
133
122
141
200
253
298
321
335
363
368
298
195
146
119
61
86
165
207
174
117
121
115
75
75
72
65
65
60
10
21
109
246
291
278
241
168
112
105
101
57
56
77
54
76
215
259
367
543
569
569
512
526
540
438
356
356
375
456
547
578
558
499
416
323
343
439
457
436
487
527
532
547
457
363
339
385
337
263
229
201
138
190
151
64
60
49
112
170
90
123
106
77
85
129
217
329
255
303
327
253
197
259
366
468
361
189
101
76
97
118
113
98
66
36
24
27
30
29
38
52
53
46
43
35
48
45
56
46
60
63
49
71
93
129
113
95
75
65
29
3
0
1
2
10
35
39
52
64
64
48
44
20
22
14
13
7
1
9
25
108
156
234
373
269
247
199
158
137
114
151
206
202
294
314
316
284
247
216
263
338
268
179
114
110
131
144
142
142
135
151
168
209
231
206
178
153
191
203
263
450
393
211
239
310
250
96
119
187
256
241
200
123
88
230
352
419
441
425
411
348
253
160
102
48
52
93
119
176
189
147
108
67
31
19
67
144
169
180
175
182
195
177
136
95
38
18
20
24
15
19
20
36
46
30
35
37
64
194
402
601
731
767
699
544
279
204
314
399
340
321
303
309
265
258
294
309
260
251
184
167
235
388
449
456
406
346
298
259
212
204
236
252
260
219
161
130
121
101
95
73
74
103
194
311
325
296
240
158
100
102
93
55
52
52
48
48
56
88
128
145
118
67
15
4
5
6
2
1
1
1
2
2
1
3
85
223
327
432
356
194
124
105
77
93
157
145
66
13
127
96
128
70
93
120
167
166
87
43
102
120
48
67
73
15
2
5
9
5
7
12
4
1
0
6
23
64
97
157
197
172
103
39
14
5
13
34
58
62
46
46
41
118
268
332
379
392
436
566
639
589
421
360
317
409
471
249
173
182
213
334
377
365
360
413
547
977
613
645
546
358
252
371
454
493
556
550
486
450
427
412
449
448
411
386
308
196
87
73
61
48
80
137
129
83
90
129
151
145
139
107
88
89
111
133
149
151
141
142
165
130
113
124
168
226
354
622
872
1181
1593
2036
2319
2845
2970
3385
3536
3381
2981
2461
2549
2385
2009
1768
1547
1379
1146
980
862
689
569
529
518
539
575
558
571
547
511
445
372
301
197
76
9
1
8
46
56
42
92
119
125
104
88
68
6
37
98
128
113
83
43
24
11
25
32
10
17
22
45
68
64
110
150
116
121
101
46
37
46
87
133
207
316
355
358
387
365
329
256
240
304
355
377
407
375
265
200
167
137
98
85
85
160
207
217
176
150
105
81
70
56
73
95
131
151
143
120
155
244
334
534
941
1274
1606
2031
2235
2149
2059
2121
2000
1719
1368
1320
1207
1023
1072
864
781
912
1037
994
1008
917
810
644
557
607
603
579
551
493
379
312
287
312
312
325
352
335
281
127
43
21
78
176
140
62
33
45
64
81
95
210
410
468
419
356
298
284
342
392
512
643
722
722
736
752
705
624
385
368
334
296
198
220
293
358
507
641
640
739
720
705
635
507
380
208
106
54
99
219
268
219
120
61
63
88
52
38
38
66
64
61
78
88
76
92
128
282
428
476
485
424
399
343
130
58
197
232
161
38
117
280
329
329
244
76
180
280
252
126
15
11
75
187
227
261
336
315
248
345
411
364
291
273
237
145
152
132
98
81
60
34
16
22
72
139
162
206
314
533
662
669
558
361
337
411
472
427
467
438
405
317
291
246
219
196
210
248
247
216
88
88
136
102
73
95
107
143
156
218
310
374
454
523
610
705
793
677
472
177
259
287
249
251
331
320
282
120
171
252
233
235
172
132
146
193
135
68
238
354
372
368
343
325
237
279
353
368
296
290
491
472
418
306
389
487
591
637
613
655
606
532
416
479
670
762
723
532
371
467
613
673
727
895
1196
1444
1605
1569
1156
622
422
424
493
386
234
391
404
312
204
363
654
809
846
857
810
671
676
630
874
969
961
919
707
471
389
347
467
519
565
644
726
638
601
464
277
172
212
230
228
294
439
597
679
781
879
928
947
952
881
785
665
520
599
828
942
958
939
858
726
606
457
350
279
215
177
188
229
271
292
296
239
193
151
115
282
388
499
531
546
614
657
769
884
930
879
847
762
623
551
331
116
147
124
123
72
34
22
49
115
234
387
489
558
519
471
376
263
165
87
41
20
65
88
122
114
42
13
11
11
26
44
50
43
48
54
56
62
51
76
86
108
168
215
248
251
288
390
398
417
429
465
425
434
393
319
366
471
586
558
538
671
917
1090
1183
1442
1588
1716
1704
1752
1766
1739
1700
1634
1613
1639
1581
1565
1557
1628
1675
1729
1748
1651
1583
1458
1139
928
825
775
703
490
378
350
462
717
972
1317
1512
1595
1563
1510
1400
1248
1107
1022
1008
964
975
996
990
917
915
882
820
834
848
822
828
740
593
454
392
266
230
275
266
233
233
196
179
129
103
94
107
93
55
22
15
12
2
0
0
2
1
2
3
5
8
5
0
0
0
1
1
1
7
10
8
4
1
0
1
0
0
9
9
2
0
0
0
0
0
15
49
172
297
354
413
429
397
391
415
435
430
436
318
178
167
253
288
334
317
258
322
496
705
827
871
839
748
834
898
1023
1266
1262
1134
780
999
1243
1665
2021
2150
2241
2443
2421
1915
1245
1529
1428
939
539
610
599
576
504
530
620
847
1057
1130
937
721
589
681
787
901
918
888
770
653
724
757
714
621
589
507
418
446
578
607
622
592
552
600
691
780
1009
1255
1418
1333
1058
796
522
573
667
607
518
469
401
395
387
358
307
264
259
266
385
389
318
284
390
470
625
783
967
1122
1333
1642
1598
1480
1395
1301
1182
1278
1215
1201
1185
1114
1111
1042
945
904
784
608
510
465
332
278
359
572
680
798
858
909
969
978
890
756
649
676
942
1231
1333
1332
1247
1113
998
965
932
915
869
837
726
632
537
446
462
375
350
488
739
937
1044
1195
1276
1291
1392
1540
1551
1506
1553
1407
1057
809
757
752
732
661
581
498
748
1048
1135
1087
1050
1067
1324
1532
1990
2192
2264
2283
2017
1891
1739
1567
1560
1528
1509
1486
1523
1503
1496
1420
1372
1329
1262
1161
1047
1055
1204
1347
1491
1568
1721
1927
1971
2015
1989
1937
1979
2034
2104
2058
1988
1831
1540
1139
777
563
668
858
1055
1213
1305
1367
1272
1021
654
678
774
750
687
617
633
497
427
833
866
737
614
312
370
389
342
416
559
642
682
713
749
769
761
742
760
701
691
692
673
609
524
405
215
337
420
437
411
417
463
555
775
1040
1408
1582
1559
1356
1174
1044
997
994
1002
978
895
836
735
646
604
569
528
486
404
404
458
489
653
422
438
353
377
264
185
137
122
151
233
302
358
418
553
743
913
1056
1210
1381
1487
1477
1421
1293
1127
808
701
1079
1209
1298
1266
1179
1017
919
889
845
853
848
1009
1104
1084
982
873
808
799
888
965
1000
991
976
878
770
634
525
335
379
521
628
684
696
662
633
599
633
724
957
1275
1404
1308
1150
1069
1087
1172
1238
1248
1219
1063
906
809
740
618
605
897
1126
1027
899
683
520
415
568
726
904
1085
1149
1119
1085
1096
1112
1237
1422
1594
1807
1816
1901
2039
2150
2057
1811
1511
1159
770
673
804
894
1000
955
1129
1449
1518
1447
1343
1257
1151
1020
882
662
635
624
569
449
371
372
357
405
383
340
257
184
155
116
116
158
96
67
143
223
277
365
379
385
367
329
515
719
866
914
952
926
989
979
1119
967
953
853
704
472
367
414
443
495
498
518
510
576
571
448
267
158
187
222
245
234
203
183
184
190
350
478
468
477
544
620
680
749
795
823
832
780
694
693
865
1087
1403
1762
2086
2467
2811
2929
2976
2700
2288
1671
1073
869
722
572
464
366
257
247
264
232
221
253
236
214
195
197
190
187
224
231
245
227
171
147
262
322
280
234
203
228
383
530
639
571
392
269
428
599
657
588
560
468
334
254
276
261
232
192
135
72
86
164
266
231
172
169
201
340
406
348
292
193
162
195
229
219
208
135
90
120
134
159
161
152
136
130
100
83
76
88
86
75
86
87
91
85
66
63
59
101
104
128
186
310
297
409
540
612
706
748
733
707
664
666
685
721
699
743
800
775
699
576
323
162
226
355
480
594
648
612
515
350
310
267
212
142
212
348
562
759
954
1286
1480
1583
1405
1109
746
582
801
1272
1484
1493
1306
835
464
874
1077
1195
1310
1466
1553
1498
1447
1313
1160
966
746
547
356
209
168
294
491
708
903
1045
1019
744
516
524
549
634
787
951
1055
1054
1047
954
880
702
585
425
359
438
447
390
295
164
121
76
28
29
45
60
66
25
17
30
45
45
38
50
54
46
38
31
22
13
7
3
1
4
15
23
33
59
143
224
355
511
644
721
741
704
635
589
583
628
729
858
966
1069
1113
1032
953
831
699
543
454
398
405
326
237
170
143
98
89
102
94
102
103
119
105
120
126
117
97
107
123
120
121
110
77
46
14
21
34
52
95
186
231
225
166
134
115
112
126
122
101
158
217
329
423
588
734
853
1048
1071
1141
1130
1535
1734
1782
1751
1787
1996
2271
2469
2395
1958
1277
679
701
833
829
640
549
592
761
910
933
858
802
698
529
344
273
261
219
190
242
185
107
140
162
287
508
536
408
386
323
133
82
29
48
57
47
48
69
147
200
298
260
299
384
225
131
149
115
71
58
53
34
36
53
36
27
25
12
9
12
18
15
15
7
3
4
1
2
2
0
2
0
0
0
0
2
1
17
16
20
59
73
44
72
71
29
2
2
5
27
52
79
58
55
37
18
26
33
14
14
12
12
23
30
22
28
66
72
53
67
86
97
144
180
190
201
329
405
457
501
596
616
609
700
937
1190
1431
1507
1526
1519
1576
1631
1546
1289
1090
981
1100
1012
955
787
551
617
831
1009
1093
1072
1091
1115
1100
1030
866
684
656
603
514
353
147
340
578
775
944
1135
1382
1481
1558
1467
1389
1266
1035
941
804
705
599
454
481
665
950
1305
1663
1868
1964
1863
1782
1551
1257
977
644
879
1174
1344
1501
1759
1879
1898
1946
1873
1795
1600
1166
911
676
465
319
421
638
927
1127
1275
1422
1429
1379
1177
962
711
430
465
577
655
624
566
421
285
183
102
86
121
276
370
481
726
958
1083
1135
1083
994
899
851
850
940
1039
1212
1350
1303
1292
1280
1145
1021
1043
996
780
884
295
492
640
715
695
628
495
665
817
824
1123
1388
1320
1171
1062
1072
913
1055
1179
1291
1347
1248
830
749
760
857
763
735
670
526
294
196
355
541
764
919
964
882
1065
1275
1295
1207
1044
823
776
714
690
688
724
795
789
771
766
702
527
456
493
618
740
976
1180
1335
1365
1393
1399
1356
1614
2148
2632
3015
3192
3157
2845
2337
1723
1873
2005
1933
2094
2240
2238
2081
2079
1940
1845
1868
1827
2058
2569
3099
3208
2953
2554
1820
1051
779
905
1258
1365
1293
967
708
574
576
552
552
609
670
814
889
945
972
950
824
732
637
612
563
604
708
821
832
883
856
862
962
1091
1170
1254
1422
1520
1597
1655
1561
1460
1352
1281
1223
1199
1091
928
890
791
691
628
600
585
557
535
517
437
325
281
296
323
310
262
260
258
325
372
474
525
560
599
626
705
878
964
968
846
814
758
1116
1658
1946
1913
1759
1156
456
509
551
665
782
776
565
335
237
164
121
115
175
233
183
43
48
97
106
87
53
26
24
17
13
5
8
7
6
18
76
262
399
477
451
392
319
232
110
42
49
139
336
618
763
766
707
644
589
460
286
217
225
233
197
240
206
268
248
279
199
157
135
86
176
140
115
114
79
126
179
177
203
205
234
220
194
155
161
173
208
207
205
187
171
169
167
183
188
162
137
120
106
91
76
30
21
95
193
296
345
293
202
115
185
278
329
355
374
354
355
255
175
115
97
143
205
181
124
149
205
290
280
132
48
13
82
120
149
173
136
83
73
81
83
85
87
73
55
56
60
60
86
158
174
139
72
25
26
36
28
46
47
37
42
67
143
223
184
126
110
92
74
53
113
180
235
240
231
208
179
159
136
64
83
101
105
82
59
39
18
62
139
148
202
265
285
235
221
292
371
466
519
534
514
631
737
833
905
958
1038
1023
1045
1021
1015
953
943
1040
1134
1105
1030
895
797
664
574
477
472
425
393
450
473
447
361
265
211
243
308
396
423
383
386
456
538
601
630
690
819
965
1037
977
788
578
352
223
207
182
207
293
366
400
395
285
247
377
563
688
827
717
862
1120
1248
1393
1418
1407
1363
1154
1443
1944
2406
2570
2552
2203
1450
1288
1441
1411
1565
1601
1571
1563
1511
1535
1520
1458
1341
1388
1508
1465
1386
1320
1454
1572
1545
1520
1386
1203
1084
1277
1453
1597
1524
1470
1199
1591
1861
1874
1703
1546
1544
1637
1736
1578
1086
561
759
1091
1474
1671
1798
1747
1429
908
473
1281
1677
1884
1905
1794
1783
1777
1477
1414
1603
2049
2104
1974
1724
1312
639
891
1114
1038
798
574
465
436
355
278
263
261
284
320
369
400
385
293
260
264
178
275
542
582
445
294
231
209
108
44
32
84
111
145
164
196
194
180
102
57
87
67
44
54
43
51
149
454
616
716
749
1033
1339
1555
1695
1781
2076
2071
1858
1645
1650
1708
1520
1387
1298
1110
906
899
998
979
1042
1050
1107
1228
1509
1863
1971
2065
1881
1388
976
812
728
556
570
489
536
670
763
784
761
645
388
403
403
246
127
157
151
127
94
91
65
34
21
36
61
90
133
128
94
100
83
75
101
104
84
60
48
34
50
42
33
20
14
4
4
2
7
11
12
23
42
56
61
96
117
120
119
124
164
192
110
37
3
3
32
27
20
13
12
12
24
49
61
72
107
147
163
174
140
89
59
41
26
18
9
5
2
3
4
6
12
26
42
60
70
80
91
74
64
67
87
116
133
137
159
157
166
197
207
161
105
77
67
98
131
152
154
155
244
359
524
698
840
953
1050
1021
853
753
881
1055
1292
1506
1650
1654
1680
1512
1539
2553
1707
1605
1499
1447
1402
1513
1650
1774
1749
1837
1989
2140
2156
2164
2165
2165
2163
2055
1997
1861
1716
1592
1626
1649
1680
1706
1628
1548
1426
1303
1205
1066
991
834
667
571
532
516
458
361
305
271
273
250
252
282
321
340
365
335
331
314
289
315
268
308
301
288
249
219
210
209
172
108
49
36
62
31
45
78
110
64
58
144
124
61
78
174
358
501
514
602
579
432
121
92
343
364
273
139
76
107
151
184
187
171
128
102
76
78
75
58
45
52
48
27
20
29
19
18
37
48
24
19
47
92
246
264
216
400
706
870
1130
1328
1561
1924
2382
2846
3284
3635
3584
3310
2977
2327
1813
1468
1279
1057
948
864
746
664
822
908
1037
1080
1144
1057
931
819
749
659
542
714
885
974
1062
1155
1152
1077
941
611
857
1207
1343
1267
1080
755
503
568
545
467
349
237
152
137
176
203
245
233
229
189
139
38
16
56
135
159
134
115
97
66
42
35
24
32
61
61
13
22
74
141
189
199
193
225
207
160
102
56
33
22
13
21
14
4
1
2
2
2
1
0
0
1
5
2
1
0
1
1
1
8
6
6
4
2
1
0
1
3
3
16
58
35
1
2
8
13
15
11
7
16
26
16
4
0
0
0
0
0
0
0
0
0
2
2
0
0
0
0
1
0
1
1
0
0
1
0
0
0
0
0
0
3
0
0
0
0
0
0
1
3
4
3
0
0
1
0
2
1
1
1
8
10
9
11
18
11
5
1
0
0
1
1
0
0
1
35
23
43
71
59
30
4
8
2
0
2
7
0
0
0
3
2
0
2
1
0
0
0
0
0
0
0
0
0
0
0
0
0
0
2
12
5
4
0
2
0
1
0
15
22
26
58
76
91
119
109
108
58
52
78
111
223
406
568
709
865
966
963
1060
1279
1280
1201
928
586
298
352
439
400
267
295
502
722
933
1016
1012
861
730
563
188
235
289
388
415
365
270
157
106
76
87
92
101
349
554
793
975
1201
1506
1673
1790
1616
1458
1203
1080
923
902
716
446
238
305
487
635
714
751
605
404
301
350
389
453
501
454
313
132
148
116
31
33
87
64
65
105
194
190
163
112
150
272
316
300
236
243
307
312
275
294
297
365
446
475
496
542
610
618
599
581
486
346
320
349
309
266
216
189
200
152
142
137
143
184
182
211
242
332
417
534
704
893
1429
1405
1536
1470
1283
1428
1444
1368
1772
2139
2466
2827
3025
3128
3001
2717
2356
1911
1445
1103
1105
1300
1553
1751
1690
1554
1459
1269
1049
1051
1051
968
963
793
625
464
343
596
628
577
569
347
359
289
377
399
414
443
484
643
911
1285
1742
1876
2158
2635
2911
2982
2761
2572
2586
2419
2575
2622
2422
2144
1901
1527
1242
976
847
940
1089
1435
1678
1888
2042
1993
1937
1895
1820
1842
1709
1464
1308
1047
829
542
683
1028
1259
1498
1524
1622
1652
1678
1880
2071
2161
2102
2098
1865
1514
1292
1141
1385
1533
1631
1769
1987
2230
2404
2498
2458
2397
2138
1750
1661
1572
1484
1412
1447
1530
1457
1381
1383
1273
1100
786
551
409
374
407
512
636
757
902
1018
1067
1129
1053
988
940
893
881
770
766
708
600
550
608
627
556
664
824
935
982
1057
1035
976
937
942
959
1066
1071
946
893
895
1049
1177
1232
1157
1065
1193
1289
1376
1517
1639
1653
1646
1595
1592
1572
1598
1604
1551
1563
1614
1570
1498
1401
1341
1242
1160
1071
926
821
536
324
259
353
554
589
617
663
640
634
537
357
227
162
141
143
204
232
276
398
501
591
635
712
772
787
749
710
671
610
551
467
341
295
288
280
294
326
352
389
379
403
426
497
572
847
1087
1284
1522
1777
1749
1480
1405
1510
1561
1576
1651
1694
1731
1690
1528
1356
1236
1112
1006
854
779
760
664
589
510
459
474
471
454
434
521
599
659
689
704
742
720
709
709
646
561
461
406
417
465
530
585
680
934
1093
1304
1553
1637
1710
1667
1530
1415
1316
1210
1268
1367
1377
1418
1384
1379
1500
1822
2135
2504
2942
3509
4238
4991
5774
6550
7088
7528
7923
8224
8331
8607
8327
7580
6840
6196
5515
4531
3783
3205
2791
2646
2515
2272
2011
1795
1587
1550
1472
1516
1559
1589
1661
1710
1760
1650
1429
1379
1319
1263
1110
971
969
1019
1186
1497
1787
1886
1879
2043
2281
2518
2655
2762
2997
3259
3295
3231
3233
2880
2561
2053
1216
948
656
288
8
0
0
0
0
0
0
0
0
0
0
0
0
0
0
0
0
0
0
0
0
0
0
15
60
131
218
289
358
508
610
825
1126
1494
1755
2358
2825
3405
4083
4511
4597
4587
4829
4784
4509
4473
4539
4559
4740
6426
6373
4716
4824
4943
5160
5491
6339
6841
6964
7214
7077
7035
7003
7130
7485
7797
8002
8301
8056
8201
8264
8573
8892
8954
9692
10427
11975
14787
15739
15623
15752
16005
16184
16217
15517
13891
12035
9759
7874
6501
5015
3792
4481
5750
6481
6992
7461
7648
7749
7748
7276
6672
5983
5641
5416
5791
6323
7015
7440
6810
5361
3461
2510
3130
4281
4936
5060
4971
5196
5323
5923
6587
10124
8059
7981
8337
8048
7829
8207
8711
9144
9702
10025
10827
12495
13556
13581
13601
12762
11786
11353
10927
10169
9160
8464
7503
6946
6446
6409
6481
6657
6419
6256
6413
6751
6843
7049
7016
7181
7011
6625
5899
5491
5062
4606
3993
3303
2392
1955
1523
1563
1550
1282
1223
1348
1455
1636
1876
1833
1801
1697
1691
1672
1746
1847
1888
1929
1981
2036
2037
2077
2119
2142
2093
2073
1867
1611
1306
883
621
416
330
340
422
577
536
359
382
710
1088
1387
1635
1849
1934
1832
1681
1508
1318
1366
1431
1311
1064
691
452
365
194
47
13
47
207
365
248
220
187
68
48
17
14
15
18
0
0
0
2
7
59
94
240
371
514
576
538
575
496
497
454
354
201
92
53
55
35
59
81
169
233
350
454
638
551
444
279
147
40
10
0
0
1
3
3
22
76
131
232
373
482
588
729
800
883
852
825
788
779
768
814
812
840
787
786
806
930
1144
1382
1553
1380
951
751
434
364
323
251
217
249
281
316
300
343
308
352
366
475
478
435
363
304
269
271
243
231
237
233
171
96
68
67
57
78
91
81
75
91
75
44
60
74
71
64
63
107
172
134
122
82
96
88
67
14
3
0
0
0
0
0
0
0
0
0
0
0
0
0
0
0
0
0
0
0
0
0
0
0
1
12
13
8
1
0
0
0
0
0
0
0
2
0
0
0
0
0
0
0
0
0
0
0
0
0
0
0
0
3
2
6
8
21
27
19
6
14
9
27
24
38
55
103
144
162
183
163
111
88
43
32
35
33
18
29
31
30
20
18
19
9
8
4
5
7
16
79
396
926
1259
1694
2113
2374
2614
2698
2611
2524
2357
2305
2246
2253
2093
1931
1714
1594
1505
1412
1243
1130
1022
957
829
755
625
321
920
1934
2300
2569
2700
2547
2222
1888
1592
1476
1709
2022
2240
2405
2563
2753
3083
3332
3420
3541
3597
3571
3588
3588
3572
3517
3510
3634
3821
4057
4132
4042
3849
3630
3454
3238
3013
2802
2503
2207
1882
1415
724
649
1092
1356
1420
1507
1599
1702
1730
1716
1709
1536
1182
662
346
290
253
313
616
750
726
445
247
86
40
57
52
73
86
70
73
160
565
981
1383
1459
1440
1300
1160
1131
1057
815
520
296
192
145
136
139
107
80
77
117
152
118
76
114
219
480
621
718
756
611
574
487
529
538
450
470
507
557
518
438
264
146
94
56
32
33
57
116
134
154
122
76
33
21
15
30
51
45
29
16
4
0
1
4
2
0
0
3
0
0
34
16
11
4
0
0
0
0
0
10
16
44
78
65
55
30
15
11
12
9
4
0
3
13
15
18
21
15
12
8
2
0
0
0
0
0
0
0
0
0
0
0
0
0
0
0
0
2
0
0
0
0
0
0
0
0
0
0
0
17
138
375
505
524
527
378
196
42
8
1
21
69
126
184
116
47
16
25
41
64
105
157
175
208
147
79
16
0
0
15
41
86
85
69
62
53
21
6
1
6
17
65
67
112
147
159
138
124
95
82
70
56
28
9
3
15
45
60
87
169
417
714
959
1067
1054
968
806
724
754
894
1012
1086
1007
818
566
330
180
109
88
43
23
6
0
0
0
2
0
0
0
7
7
11
11
9
9
11
9
9
8
3
6
5
9
12
8
12
12
8
4
0
0
0
0
0
0
0
0
0
0
0
0
0
0
0
1
0
0
3
3
3
3
0
0
0
0
0
1
0
0
2
2
0
0
0
0
0
0
0
0
0
0
0
0
0
0
0
0
0
0
0
0
0
0
0
0
0
0
0
0
0
0
0
0
0
0
0
0
0
0
0
0
0
0
15
119
348
444
423
357
217
80
42
85
106
78
36
9
3
13
8
13
12
20
8
0
6
11
11
17
29
50
41
25
13
5
1
3
8
15
17
17
10
7
1
0
0
0
9
10
10
8
3
0
0
0
2
0
0
0
0
0
1
0
1
4
4
3
2
1
0
0
3
1
1
0
2
0
0
0
0
1
4
5
5
11
15
11
15
15
19
19
28
22
21
16
18
21
28
26
36
46
63
70
76
92
79
50
33
19
12
11
4
1
3
11
17
13
10
3
0
0
0
17
33
78
61
68
67
84
74
74
66
28
16
7
1
2
7
6
3
0
0
0
0
0
1
3
0
0
0
0
0
2
5
8
8
8
8
8
11
7
5
5
11
4
0
0
0
0
0
0
0
0
0
0
0
0
0
0
0
0
0
0
0
1
0
1
4
8
17
22
120
322
481
503
481
405
274
184
115
143
193
253
255
150
43
21
31
65
63
43
28
23
24
36
44
37
26
12
2
0
0
5
5
0
0
0
13
43
82
92
82
50
17
1
0
0
0
0
0
0
0
0
0
0
0
0
6
16
14
8
8
3
3
2
3
5
2
0
0
0
6
10
12
10
0
0
0
0
0
0
0
0
0
2
7
5
0
0
0
0
0
0
0
0
0
0
0
0
0
0
0
0
0
0
0
0
0
0
0
0
0
0
0
0
0
0
0
0
0
0
0
0
0
0
0
0
0
0
0
0
0
0
0
0
0
0
0
0
0
0
0
0
0
0
0
0
0
0
0
0
0
0
0
0
0
0
0
0
0
5
12
11
8
10
6
3
0
0
0
0
0
1
3
3
4
1
0
0
0
1
2
3
2
0
1
2
2
1
1
0
2
2
7
5
5
1
0
0
0
0
0
0
0
0
0
0
0
0
0
0
0
0
0
0
4
3
9
19
20
18
16
18
16
9
4
2
4
1
0
1
0
0
0
0
0
0
0
0
0
0
0
0
0
0
0
0
0
0
0
0
0
0
0
0
0
5
21
77
211
313
456
462
421
350
223
150
106
88
80
51
34
44
69
66
49
54
51
23
19
18
21
48
83
142
329
470
463
264
90
61
84
130
163
152
110
35
4
0
3
6
59
204
372
334
256
134
142
172
169
170
121
187
360
553
710
859
863
888
905
865
786
705
735
757
748
634
374
179
47
13
8
14
36
58
80
36
6
0
0
0
2
2
1
0
0
0
0
0
0
0
0
0
0
0
0
0
0
0
0
0
0
0
0
0
0
0
0
0
0
0
1
2
1
3
3
4
6
8
10
4
0
0
0
0
0
0
0
0
3
2
0
0
0
0
0
1
0
5
4
3
11
12
5
0
0
1
0
0
0
0
0
0
0
0
0
0
0
0
0
0
0
0
0
0
0
0
0
0
0
0
0
0
0
0
0
0
0
0
0
0
0
0
1
0
0
0
0
0
0
0
0
0
0
1
1
2
0
0
0
0
0
0
0
0
0
0
0
0
0
0
0
0
0
0
0
0
0
0
0
0
0
0
0
0
0
0
0
1
0
3
23
128
414
740
1036
1182
1281
1334
1309
1211
1058
797
516
305
191
79
13
0
25
53
4
1
0
3
15
21
19
38
84
142
180
166
150
159
107
88
131
127
61
28
16
15
15
16
6
2
2
4
4
6
5
3
5
5
4
13
10
6
8
6
8
9
7
2
0
0
0
0
0
0
1
1
0
0
0
0
0
0
0
0
0
0
0
0
2
3
0
0
0
0
0
0
0
0
0
0
0
0
0
0
0
0
0
0
0
0
0
0
0
0
0
0
0
0
0
0
0
0
0
0
0
0
0
0
0
0
0
0
0
0
0
0
0
0
0
0
0
0
0
0
0
0
2
4
3
3
2
4
2
2
2
0
0
0
0
0
0
0
0
0
0
0
0
0
0
0
0
0
0
0
0
0
0
0
0
0
0
0
0
