2147
585
1247
676
429
36
462
495
853
1040
323
32767
311
256
181
162
114
62
51
49
26
12
5
1
0
0
0
0
1
1
10
8
48
205
405
590
693
710
620
611
567
533
552
657
664
539
500
520
520
361
259
167
105
197
504
789
1072
1243
1402
1599
1765
1944
2048
2108
2037
1976
1854
1591
1252
975
699
517
428
371
337
296
336
356
424
494
548
582
597
612
652
782
966
1210
1408
1611
1903
2303
2899
3256
2971
2321
1974
2511
3164
3179
3473
4353
5630
7244
8182
8482
7999
8279
7814
7346
7413
7672
7786
7805
7459
7448
7582
6470
6346
5648
4597
3755
2924
1984
1492
1379
1520
1596
1671
1567
1619
1978
2334
2707
2824
2783
2754
2705
2599
2467
2282
2190
2094
2005
1791
1596
1300
1039
859
668
526
436
370
277
160
34
18
29
42
26
34
51
36
31
63
112
84
78
50
43
71
80
102
121
134
148
139
190
202
243
224
282
290
305
346
297
321
307
231
192
127
56
10
1
0
0
17
27
37
35
29
25
20
17
26
14
6
1
8
12
7
3
3
6
5
13
15
12
13
8
7
5
0
1
1
1
1
0
0
0
2
6
8
9
0
2
0
0
0
124
330
522
594
594
544
430
347
280
250
253
242
202
199
172
153
157
101
77
71
38
19
4
5
1
9
2
15
32
117
294
420
525
456
411
320
286
254
254
271
276
200
152
110
107
126
85
74
69
72
50
35
43
57
53
46
33
87
213
364
342
225
73
6
5
32
85
74
13
2
1
46
61
4
17
32
22
25
28
45
20
35
89
62
29
46
24
10
26
2
30
25
19
41
17
48
63
31
37
76
32
13
33
29
1
4
4
13
19
12
22
22
19
80
86
20
14
29
17
0
14
14
0
0
5
18
11
2
11
67
48
29
95
88
192
254
318
378
429
516
549
526
520
493
413
317
242
136
112
18
12
51
39
24
25
40
43
45
64
126
104
73
100
119
69
52
39
42
33
17
3
32
228
464
656
674
577
476
359
314
241
183
203
252
240
269
294
350
335
326
312
277
233
195
166
128
107
56
29
3
6
22
47
105
167
202
333
437
459
432
465
613
642
588
644
608
431
274
222
185
206
196
183
200
181
140
147
120
95
82
64
41
25
6
24
0
33
4
10
1
4
3
34
38
28
102
35
189
380
541
665
534
290
145
124
117
115
114
107
104
115
92
82
77
77
81
58
71
80
136
78
59
238
39
26
21
36
66
66
67
85
122
145
268
433
405
244
211
228
219
306
340
347
274
274
277
190
274
190
124
112
88
50
73
131
123
67
19
4
0
3
36
162
328
485
548
469
354
266
187
130
150
327
753
2185
2764
3191
3448
2884
2643
2192
1588
1231
1112
818
547
585
883
1022
1053
705
572
887
970
1421
1776
1880
1951
2076
1974
1944
1708
1411
1118
897
709
411
420
386
245
212
385
731
980
1005
898
677
275
63
104
198
186
77
34
69
124
105
62
64
26
42
34
17
8
23
11
1
2
1
0
0
0
0
0
0
0
0
1
1
15
2
0
38
113
78
26
20
4
7
1
20
25
3
4
35
1
7
5
4
11
0
12
2
0
0
0
0
0
1
0
3
3
0
0
0
0
0
0
0
16
12
52
261
414
592
665
605
580
680
712
674
678
687
712
677
675
617
513
424
314
233
161
91
44
15
6
17
23
30
124
275
453
627
790
880
931
986
871
824
729
575
386
226
138
101
59
44
17
15
3
2
18
17
16
15
16
30
20
24
15
40
45
47
49
20
3
3
0
13
23
18
2
5
22
17
19
4
0
42
50
61
41
34
30
13
8
9
26
35
6
0
0
5
41
71
66
70
31
0
5
42
42
47
46
39
19
1
4
0
17
43
4
10
8
5
3
4
3
3
11
59
66
64
66
56
15
7
1
2
10
9
24
18
0
0
1
15
50
82
65
26
0
0
5
21
62
82
82
67
55
40
46
71
108
112
102
116
174
265
342
368
327
288
274
287
295
341
329
281
205
131
87
132
113
64
4
2
3
8
14
22
64
263
512
540
263
77
144
250
291
270
260
129
73
272
394
530
608
634
523
420
350
305
263
201
192
207
246
283
297
228
213
215
230
213
151
168
187
305
334
325
293
255
246
260
236
263
284
250
226
199
204
248
226
243
249
249
306
359
277
191
155
199
152
56
56
68
25
11
4
0
0
0
0
2
1
0
3
24
28
14
6
17
15
15
17
18
9
12
8
10
6
8
8
6
3
2
1
1
36
95
5
0
11
4
0
0
6
13
2
4
10
5
5
10
22
31
32
36
21
4
1
5
18
27
42
81
80
83
117
120
77
59
47
52
36
3
1
0
5
6
5
14
12
8
21
29
20
14
3
5
6
65
23
4
23
47
49
12
3
16
6
14
17
9
2
2
5
7
9
0
4
0
0
0
1
1
0
0
0
0
0
0
0
0
0
0
0
0
10
12
0
0
0
0
0
0
0
0
0
0
0
0
0
0
0
0
0
0
0
0
0
0
0
1
1
6
4
18
18
21
31
14
13
6
6
4
2
2
0
0
0
0
0
0
0
1
1
0
0
11
30
0
5
130
239
442
535
315
16
68
242
338
320
150
16
164
211
23
9
100
301
515
870
1086
1043
865
647
545
539
554
518
496
517
562
598
616
603
602
565
515
507
477
533
572
570
475
404
333
213
72
21
58
110
103
53
90
138
152
182
251
276
284
348
400
392
456
560
619
607
577
529
513
465
393
320
173
114
61
33
24
8
0
6
6
25
117
244
357
458
502
600
676
738
660
731
769
760
684
649
575
442
287
219
130
60
57
39
27
12
1
3
24
37
62
86
143
168
170
143
151
227
259
269
243
230
208
210
136
117
98
42
17
4
7
2
1
3
4
0
0
0
0
0
2
1
0
2
0
1
0
0
0
0
0
0
2
2
2
0
1
4
7
7
6
26
163
380
563
664
651
600
481
352
282
287
284
379
377
326
198
115
91
46
42
19
5
10
19
4
0
0
0
3
10
7
15
50
14
23
31
69
65
84
111
71
79
72
102
101
59
18
44
23
36
42
57
81
91
55
30
6
0
16
11
0
0
0
5
9
21
26
5
3
5
38
88
129
165
200
274
273
205
204
230
147
169
189
131
149
107
136
151
135
125
122
144
158
220
216
240
262
209
248
250
241
260
246
237
242
193
180
200
185
173
160
160
159
168
203
212
200
187
214
246
277
300
275
295
269
221
231
190
140
90
66
46
17
4
22
42
54
44
15
15
19
7
0
2
12
5
0
0
0
0
6
3
2
4
4
3
6
25
30
37
33
41
32
24
23
13
6
0
26
111
149
23
31
204
149
31
247
164
0
138
327
95
4
92
14
0
124
107
0
1
2
4
15
7
4
2
1
12
25
28
18
18
22
31
34
32
36
20
4
2
1
7
7
1
0
0
0
0
0
0
0
6
47
121
164
226
334
391
486
546
540
552
577
571
558
546
510
466
568
655
500
224
405
642
554
116
555
847
129
234
590
553
290
189
530
595
507
315
378
670
795
611
475
688
694
514
357
464
441
103
58
222
267
159
29
148
341
296
258
369
459
461
409
417
457
573
568
364
399
454
373
220
175
206
202
88
49
45
30
8
40
77
72
29
87
136
143
147
173
269
229
187
208
175
147
102
114
69
28
39
18
24
12
8
5
3
1
2
0
0
0
0
0
0
0
0
0
0
0
0
0
0
0
0
0
0
1
7
2
0
0
0
0
0
0
0
0
0
0
0
0
0
0
0
0
0
0
0
0
0
0
0
0
0
5
16
9
3
1
0
17
26
0
5
10
0
0
0
0
1
1
5
5
34
37
18
9
9
20
18
7
5
1
1
0
0
0
0
8
2
21
38
49
222
431
554
620
567
474
372
356
344
311
324
316
369
363
402
397
382
377
368
316
294
334
311
299
273
246
197
139
92
114
131
190
882
1065
521
608
597
518
458
420
342
243
175
135
105
127
144
134
112
98
99
104
96
105
94
62
34
40
29
16
13
5
3
3
0
4
2
0
1
3
3
1
1
0
3
1
1
1
1
0
0
0
1
7
2
3
10
3
0
0
0
2
0
0
0
0
5
4
4
3
7
6
5
9
19
32
28
25
14
61
175
285
343
306
255
188
128
87
57
37
21
29
42
30
22
26
33
35
34
40
43
28
13
22
27
4
13
8
0
2
1
18
45
75
78
118
111
107
119
133
111
48
14
1
14
41
18
0
23
34
5
3
5
5
6
10
6
2
0
2
6
5
1
1
2
11
16
27
25
17
26
17
14
11
5
4
4
1
0
0
0
0
0
0
0
0
0
0
0
0
0
0
0
0
0
0
0
0
0
0
0
0
0
0
3
3
17
17
34
33
68
46
38
42
30
22
10
1
0
0
1
0
0
1
1
0
8
4
0
0
0
0
0
0
0
0
0
0
0
0
0
0
0
0
0
0
4
0
0
0
0
0
1
21
0
10
12
1
0
0
1
8
5
0
0
0
0
0
0
0
13
25
0
14
15
0
16
10
1
12
1
0
1
6
2
0
0
4
10
4
0
0
0
3
0
0
2
1
8
11
4
0
0
0
0
0
0
0
0
0
1
0
0
0
3
5
0
0
1
0
1
15
8
0
4
9
0
5
5
0
0
0
0
1
1
0
0
0
0
1
0
1
58
138
211
162
113
47
7
0
10
25
8
38
43
54
63
86
66
60
31
4
11
2
3
0
0
0
0
0
0
0
0
0
4
2
0
0
0
0
0
2
2
1
0
0
0
0
0
4
0
9
45
20
0
0
0
0
13
14
9
16
16
25
40
51
45
44
54
52
59
45
24
12
8
10
101
272
465
532
486
381
277
165
112
67
51
31
23
22
13
27
44
45
57
53
101
116
114
67
71
26
5
11
16
23
28
17
13
15
14
20
21
20
16
25
60
155
286
419
444
483
466
448
431
397
369
325
274
237
212
196
171
185
169
135
138
159
154
154
147
152
142
105
72
48
25
8
9
6
5
3
1
18
18
207
332
262
123
52
13
17
9
19
8
18
28
44
54
70
65
69
69
49
14
1
2
6
4
1
4
4
0
2
0
0
0
0
0
0
25
5
0
6
10
16
0
49
1
31
35
0
0
0
0
0
0
0
0
0
0
1
0
0
1
0
0
4
33
34
9
26
9
3
5
0
11
4
2
0
1
1
0
0
0
0
0
4
0
17
10
0
6
5
0
0
0
0
0
5
10
13
32
148
361
495
621
623
560
482
376
337
306
281
250
204
203
178
173
150
151
179
117
70
44
37
39
57
67
59
25
23
40
27
30
43
48
47
72
113
194
321
461
638
800
759
779
643
552
449
352
339
308
305
243
224
171
170
169
129
107
98
52
48
20
5
0
6
1
1
2
0
0
3
12
13
14
25
32
15
8
7
28
45
79
101
82
48
20
10
16
13
19
19
18
24
20
19
15
9
4
1
1
5
7
9
4
2
1
5
1
3
1
0
0
0
0
0
0
0
0
0
0
0
0
0
0
0
0
0
0
0
0
0
0
0
0
0
0
0
1
0
0
0
0
0
0
0
5
26
50
116
238
387
568
611
585
486
448
481
481
462
418
588
441
369
527
717
660
600
546
398
414
404
561
670
760
793
649
594
387
231
164
113
90
43
13
11
14
3
1
2
0
1
1
1
0
0
3
2
0
2
0
0
1
0
0
0
0
0
0
0
0
0
0
0
0
0
0
0
0
0
0
0
0
0
0
0
0
0
65
376
419
455
496
46
91
187
186
38
105
227
189
51
27
69
162
134
6
1
43
129
78
8
24
136
210
71
6
5
74
131
72
1
33
73
53
7
0
0
0
0
2
0
0
0
0
4
0
0
18
11
3
21
0
3
11
11
1
0
2
0
0
0
0
0
0
0
0
0
0
0
0
0
0
14
30
0
1
13
6
0
0
6
15
5
0
0
0
2
8
3
0
6
21
2
2
0
0
0
0
8
3
0
0
5
13
4
0
0
2
10
60
189
301
426
501
479
456
397
336
368
390
399
425
441
430
464
521
545
472
405
324
227
159
110
112
191
302
382
496
633
675
732
752
720
713
704
713
777
760
670
557
440
369
289
212
165
164
103
53
17
25
33
24
15
16
17
24
21
10
21
14
7
5
4
3
5
0
1
3
0
0
14
5
6
18
0
1
4
0
0
0
0
18
9
0
12
6
0
0
0
0
0
1
2
0
0
0
69
236
174
14
32
175
172
48
8
7
15
46
100
59
15
5
1
1
5
5
0
2
0
1
16
21
24
82
154
249
308
264
228
276
541
835
984
1004
776
436
237
216
201
228
221
297
391
441
321
260
229
240
305
285
180
119
94
75
37
6
1
0
6
17
27
33
111
240
381
410
371
336
344
346
309
307
283
233
151
111
72
52
22
22
4
2
0
0
0
0
8
0
4
9
8
1
4
4
2
6
4
6
49
153
225
156
35
39
50
3
6
36
26
3
13
16
9
11
26
41
113
89
81
63
46
27
22
3
2
2
3
2
5
7
4
9
11
7
0
1
14
13
7
7
4
0
1
1
0
0
4
5
5
2
1
1
1
2
0
0
0
1
0
5
3
0
5
5
7
9
7
14
6
5
1
0
0
0
2
0
0
0
0
0
0
0
0
0
4
61
227
361
266
83
4
10
81
97
50
4
0
0
0
8
3
1
8
10
3
12
15
15
2
9
11
3
2
2
1
5
10
0
4
1
0
0
0
0
0
0
0
0
0
0
0
0
0
0
0
0
0
0
0
0
0
0
0
0
0
0
0
0
0
0
0
0
0
0
0
0
0
0
0
0
0
0
0
0
0
0
0
0
0
0
0
0
0
0
0
0
0
0
0
0
0
0
0
0
0
0
0
0
0
0
0
1
0
0
0
0
1
0
0
1
0
0
0
0
0
0
0
0
0
0
0
0
0
0
0
0
0
0
0
0
0
0
0
0
0
0
0
6
6
0
0
0
0
0
0
1
1
5
5
9
10
13
24
17
16
5
1
0
0
0
0
0
0
0
0
5
11
29
19
13
14
27
25
23
25
6
11
11
20
12
2
1
1
0
0
0
0
0
0
0
0
0
0
0
0
0
0
0
0
0
0
0
1
1
0
0
0
0
0
0
0
0
0
0
0
0
0
0
0
0
0
0
15
222
372
404
264
59
0
79
124
53
9
11
21
25
2
0
0
32
2
0
19
102
79
1
3
98
114
3
2
75
87
2
2
110
120
2
25
64
67
5
0
29
32
72
15
1
7
18
0
0
7
147
115
0
18
125
94
17
39
45
54
60
14
22
39
8
1
4
8
20
155
453
794
1178
1410
1375
1155
1295
1271
1427
1409
1202
915
509
894
1138
740
256
248
283
325
327
377
336
257
244
266
199
243
308
279
217
149
246
343
342
330
431
649
883
723
599
354
669
980
1053
1094
1078
1011
961
484
303
449
465
448
291
216
178
178
208
154
121
105
91
66
38
19
27
11
7
9
15
24
7
3
3
2
1
0
0
1
0
1
0
0
0
0
0
0
0
3
1
1
0
0
4
25
15
1
1
6
0
20
63
40
2
154
231
200
48
1
188
209
8
106
188
143
27
39
143
54
46
152
163
62
14
121
168
7
6
81
17
1
7
2
7
53
12
2
0
1
0
0
0
0
0
0
0
0
0
0
0
0
0
0
1
0
0
1
1
0
1
0
0
0
1
0
1
7
4
0
0
1
0
0
0
0
0
0
0
0
0
0
1
0
0
0
0
0
0
0
0
0
0
0
0
0
1
0
1
4
26
91
208
262
264
205
108
46
38
14
24
39
40
32
7
3
4
19
4
0
11
24
2
32
30
0
20
1
0
0
16
6
8
48
23
52
79
42
4
7
17
0
0
6
3
18
6
0
1
5
15
12
9
5
62
104
145
187
128
67
27
18
3
26
45
50
45
33
28
9
28
2
5
8
6
15
19
14
17
35
93
135
120
96
74
89
34
33
50
21
29
33
37
44
17
15
20
42
17
6
15
12
3
3
12
25
16
23
56
11
1
1
0
0
0
4
4
0
9
8
6
2
3
8
40
42
37
58
55
88
65
12
2
13
56
47
40
66
34
3
0
2
0
0
11
31
48
40
11
0
6
0
0
1
0
0
0
0
0
1
12
64
106
84
43
3
7
25
6
6
20
55
117
142
73
23
4
0
2
8
9
4
3
10
14
0
2
9
0
0
6
6
5
3
0
0
1
7
12
15
14
6
2
0
0
0
0
0
0
0
0
0
0
0
0
3
0
1
7
4
1
0
0
0
0
0
1
0
0
0
0
0
0
3
1
1
1
0
0
2
0
0
0
0
0
0
0
0
0
0
0
0
0
0
0
0
0
0
0
0
0
0
0
0
0
0
0
0
0
0
0
0
0
0
0
0
0
0
0
0
0
0
0
0
0
0
0
0
0
0
0
0
11
121
331
619
774
590
287
67
128
194
189
176
175
96
61
25
20
28
27
22
20
15
2
0
0
0
0
0
6
47
81
104
157
151
172
177
147
114
80
64
45
90
227
399
622
772
802
693
577
537
507
479
435
452
668
866
988
946
832
709
526
362
223
159
146
77
47
62
253
316
177
77
83
140
178
229
242
367
349
294
250
260
299
298
260
211
197
167
138
97
62
64
42
13
13
5
0
0
0
0
0
0
0
0
0
0
0
0
1
1
2
1
0
1
6
2
2
2
3
1
2
0
0
0
0
0
0
0
0
0
0
0
3
5
17
18
21
43
62
66
16
147
181
36
6
187
205
13
18
99
6
0
98
64
0
27
80
6
0
0
0
0
0
0
0
0
1
0
0
0
0
0
2
5
1
3
1
2
0
0
0
0
0
0
0
0
0
0
0
0
0
0
0
0
0
0
0
0
0
0
0
0
0
0
0
0
0
0
0
0
0
0
0
0
0
0
0
0
0
0
0
0
18
12
5
144
215
5
120
225
65
5
173
66
0
123
51
0
130
91
0
55
61
0
42
65
0
12
8
0
0
0
0
0
0
0
0
0
0
0
0
0
0
0
0
0
8
37
99
20
28
162
152
34
18
58
51
30
89
162
65
65
133
31
28
122
109
5
66
93
0
0
47
0
0
7
0
0
29
0
2
22
0
0
16
3
1
3
0
0
1
4
2
4
2
1
7
0
6
0
0
0
0
0
0
0
0
0
0
0
0
0
0
0
0
0
0
0
0
0
0
0
0
0
0
0
0
0
0
0
14
26
10
29
0
34
22
0
3
1
13
15
24
25
30
1
10
5
9
3
6
65
210
389
530
539
471
408
349
343
326
289
313
277
277
260
207
153
82
48
13
1
0
0
2
13
26
35
31
33
25
16
10
2
3
0
0
0
0
0
0
0
0
0
0
0
0
22
129
269
355
403
407
413
334
262
228
156
94
56
30
26
21
21
28
22
27
23
25
27
34
24
31
44
32
20
8
1
1
1
4
1
0
0
1
4
0
1
1
0
0
0
0
0
0
0
9
0
0
0
0
0
0
0
0
0
0
0
0
0
0
0
0
0
0
0
0
0
0
0
0
0
0
0
0
0
0
0
0
0
0
0
0
0
0
0
0
0
0
0
0
0
0
0
0
0
0
0
0
0
0
0
0
0
0
0
0
0
0
0
0
0
0
0
0
0
0
0
0
0
0
0
0
0
0
0
0
0
0
0
0
0
0
0
0
0
0
0
0
0
0
0
0
0
0
0
0
0
0
0
0
0
0
0
0
0
0
0
0
0
0
0
0
0
0
0
0
27
203
454
530
300
54
1
32
65
48
10
22
2
1
0
2
0
0
0
5
4
4
8
1
17
7
0
0
0
0
2
2
0
0
0
0
16
51
7
0
1
0
0
1
0
7
23
16
31
10
0
2
17
6
0
0
4
0
0
4
2
3
1
21
16
10
23
33
55
72
74
85
59
62
54
42
37
16
12
6
5
0
0
1
5
4
3
8
5
2
0
2
2
2
2
0
0
2
0
0
0
1
0
4
5
2
3
2
4
24
31
48
92
122
105
66
27
8
1
0
0
0
0
0
0
0
0
0
0
0
0
3
6
32
58
97
101
109
63
29
2
0
0
0
0
0
0
0
0
0
3
22
58
39
18
7
0
0
0
0
0
0
0
0
2
5
11
4
4
2
0
0
0
0
0
3
10
13
10
4
0
0
0
0
0
0
0
0
0
0
0
0
0
0
0
0
0
0
0
0
0
0
0
0
0
0
0
0
0
0
0
0
0
0
0
0
0
0
0
0
0
0
0
0
0
0
0
0
0
1
0
0
0
31
63
15
0
13
13
0
1
5
0
0
1
0
0
2
3
0
0
4
3
8
4
1
3
5
0
0
0
0
0
0
0
0
2
4
17
69
74
32
14
4
3
2
1
3
4
0
0
2
39
77
114
140
177
198
216
252
207
212
146
77
44
31
16
1
0
0
0
0
0
0
2
11
19
28
41
42
42
32
28
30
25
12
16
13
6
5
2
0
2
2
3
4
1
0
0
0
0
0
0
0
0
0
0
3
8
7
3
2
0
0
0
0
0
0
0
0
4
9
2
0
0
0
0
0
0
0
0
0
0
0
0
0
0
0
0
0
0
0
0
0
0
0
0
0
0
0
0
2
1
0
3
7
5
4
13
2
0
4
0
0
0
0
0
0
1
0
2
0
1
2
1
0
0
0
0
0
0
0
0
0
0
0
0
0
0
0
0
0
0
0
0
0
0
0
0
0
0
0
0
0
0
0
0
0
0
0
0
0
0
0
1
8
11
1
0
7
39
48
13
3
0
0
0
5
50
20
0
2
20
2
0
13
20
0
0
10
18
1
0
0
0
0
0
0
0
0
0
2
0
0
0
10
12
10
7
1
1
3
10
6
3
2
3
15
9
2
0
0
0
0
0
0
0
0
0
0
0
0
0
1
0
3
4
7
10
19
48
81
163
172
272
350
338
323
312
294
251
245
157
115
85
51
38
25
28
13
3
0
0
0
0
0
2
3
0
1
1
5
19
9
9
9
15
38
39
34
33
45
41
74
35
30
20
16
10
4
4
1
0
0
0
0
0
0
0
23
218
399
336
70
16
158
192
70
1
0
2
3
105
154
97
8
0
7
0
2
13
4
1
8
1
12
22
5
22
16
4
4
2
0
0
0
0
0
0
0
0
0
0
0
0
0
0
0
0
0
0
0
0
0
0
0
0
0
0
0
0
0
0
0
0
0
0
0
0
0
0
0
0
0
0
0
0
0
0
0
0
0
0
0
0
0
0
0
0
0
0
0
0
0
0
0
0
0
0
0
0
0
0
0
0
2
3
8
0
0
1
0
0
0
0
0
5
14
8
0
0
0
1
3
9
10
4
2
3
2
0
0
0
0
0
0
0
0
0
0
0
0
0
0
0
0
0
0
0
0
0
0
0
0
0
0
0
0
0
0
0
0
0
0
0
0
0
0
0
0
0
0
0
0
0
0
0
0
0
0
0
0
0
0
0
0
0
0
0
0
0
0
0
0
0
0
0
0
0
13
13
13
19
0
12
48
24
11
2
0
0
0
0
0
0
0
0
0
4
10
37
74
82
67
87
52
29
17
3
1
0
0
0
0
0
0
0
0
0
0
1
1
0
0
0
0
0
0
0
0
0
0
0
0
0
0
0
0
0
0
0
0
0
0
0
0
0
0
0
0
0
0
0
0
0
0
0
0
0
0
0
0
20
32
0
118
161
70
1
35
22
1
3
0
1
6
0
12
33
3
0
1
0
0
6
1
0
2
1
0
0
0
0
1
3
0
2
4
0
0
49
1
1
4
0
0
17
2
0
4
0
0
3
5
0
0
4
0
0
4
9
0
0
3
0
0
4
1
0
2
5
0
0
1
0
2
6
7
0
1
1
0
1
0
3
12
2
0
1
0
0
1
2
0
59
0
0
0
0
0
0
0
0
0
0
0
0
0
0
0
0
0
0
0
0
0
0
0
0
0
0
0
0
0
0
0
0
0
0
0
0
0
0
0
0
0
0
0
0
0
0
0
0
0
0
0
0
0
0
0
0
0
0
0
0
0
0
0
0
0
0
0
0
0
0
0
0
0
0
0
0
10
178
420
519
381
136
37
28
50
1
2
0
11
69
80
70
55
45
56
48
32
6
2
0
0
0
0
0
0
0
0
0
0
0
0
0
0
0
0
0
0
0
0
0
0
0
0
0
1
0
2
0
0
0
0
0
0
0
0
0
0
0
0
0
0
0
0
0
0
0
0
0
0
0
0
0
2
21
0
0
8
5
0
1
0
8
0
0
0
0
7
0
1
0
1
0
0
0
0
0
0
0
0
0
0
0
0
0
0
0
60
220
300
229
54
2
12
6
15
7
1
1
3
25
54
2
2
4
8
6
0
0
0
3
1
3
0
0
7
10
0
20
34
1
8
0
0
3
0
0
0
0
0
11
6
0
14
46
0
16
46
17
17
4
33
61
3
5
22
1
0
0
0
0
0
0
41
20
0
34
7
4
2
5
2
0
0
0
6
2
0
0
0
0
0
12
13
0
7
0
0
2
2
0
2
10
11
0
0
0
0
2
3
0
1
0
0
0
3
12
1
0
5
0
0
0
0
0
0
0
0
4
1
0
3
6
0
0
0
0
0
0
10
78
187
281
291
280
254
189
104
58
34
17
14
8
7
1
0
10
11
8
0
0
0
0
1
1
0
0
5
66
246
416
493
550
782
1010
1393
1857
1715
1975
2645
2893
2117
1694
1356
867
540
649
721
429
348
953
1495
1640
1623
1373
951
408
941
845
629
597
766
1158
1535
1911
2751
2494
2148
1792
1674
1899
2416
2960
3090
3022
2235
1425
1198
901
419
591
919
1155
1666
2423
2924
3627
3560
3334
3806
4313
4041
4092
4067
3802
3648
2950
2162
1532
1101
964
1025
1208
1735
2302
2777
3091
3111
3028
2780
1386
827
1340
1778
1775
1510
1346
997
861
777
530
363
196
150
187
258
366
539
678
694
653
609
503
409
245
95
1
33
162
341
435
475
450
475
543
503
637
730
755
896
1116
1449
1456
1235
1030
731
694
741
811
1146
1336
1469
1499
1399
1193
961
582
458
526
695
479
430
535
606
432
297
282
253
188
152
124
203
354
485
523
492
471
374
251
93
10
57
243
361
425
452
493
500
440
377
269
155
67
3
0
14
56
128
168
223
192
164
151
134
92
70
50
48
78
109
89
96
86
60
57
38
23
9
0
1
1
2
18
174
555
834
622
345
333
388
410
423
474
428
429
482
612
671
663
671
784
947
999
839
648
472
311
192
179
239
326
408
504
546
582
570
511
448
387
342
289
155
38
44
252
349
346
367
343
331
282
215
89
6
14
47
98
160
250
337
338
317
287
292
256
291
255
181
253
416
639
712
734
776
819
895
791
492
462
548
551
525
444
364
295
268
228
179
153
139
121
80
69
70
70
67
60
54
145
504
1011
1186
1304
1345
1357
1067
862
898
1086
1194
1190
1172
1134
1018
856
691
741
785
635
566
779
1146
1490
1832
2214
2613
3089
3576
3880
4148
4442
4510
4381
3914
3496
3500
3034
2773
2857
2516
1865
1381
973
739
536
529
463
474
403
287
285
382
474
507
602
828
945
742
469
283
130
56
66
53
30
15
4
5
5
9
5
1
1
3
2
0
0
0
0
0
0
0
0
0
0
0
0
0
0
0
0
1
0
0
0
0
0
0
0
0
0
0
0
0
0
0
0
0
0
0
0
0
0
0
2
0
0
0
0
0
0
0
0
0
0
0
0
0
0
0
0
0
0
0
0
0
0
0
1
0
0
0
0
0
0
0
0
0
0
0
0
0
0
0
0
0
0
0
0
0
0
0
0
0
0
0
0
0
0
0
0
0
0
0
0
0
0
0
0
0
0
0
2
0
0
0
0
0
0
0
0
0
0
0
0
0
0
0
0
0
0
0
0
0
0
0
0
0
0
0
0
0
0
0
0
0
0
0
0
0
0
0
0
0
0
0
0
0
0
0
0
0
0
0
0
0
0
0
0
0
0
0
0
0
0
0
0
0
0
0
0
0
0
0
0
0
0
0
0
0
0
0
0
0
0
0
0
0
0
0
0
0
0
0
0
0
63
226
303
263
177
26
0
123
183
138
28
0
0
0
0
0
0
1
1
0
0
0
0
0
0
0
0
0
0
0
0
0
0
0
0
0
0
0
0
0
0
0
0
1
10
6
0
0
0
0
1
65
126
130
98
62
1
0
1
0
4
8
0
0
0
0
11
14
1
0
5
2
11
17
14
18
70
27
7
9
2
9
29
18
15
15
24
36
32
61
93
75
17
0
2
3
1
0
0
0
0
0
0
0
0
0
0
0
0
24
52
9
11
14
0
0
2
0
7
4
4
1
0
8
39
93
176
186
115
26
19
14
25
33
51
82
117
152
144
160
185
184
210
217
222
320
360
397
330
261
248
174
174
214
211
256
209
228
254
205
169
118
144
323
432
471
494
489
482
336
224
113
30
3
5
5
23
59
95
124
105
35
23
55
32
33
56
154
189
211
222
252
273
168
130
101
91
55
45
47
50
29
42
31
18
18
14
12
4
2
4
8
4
0
0
1
0
1
0
14
22
5
0
25
35
13
0
8
6
0
8
2
0
0
5
14
37
76
175
245
192
82
38
32
50
62
59
95
108
125
149
165
198
261
248
211
183
210
212
258
282
257
224
273
310
393
421
486
419
362
299
328
356
306
180
102
175
142
63
66
230
109
48
226
207
123
214
183
175
198
272
230
151
130
131
94
87
109
65
74
73
40
15
2
0
0
10
20
27
22
43
96
196
314
492
540
590
553
510
432
383
360
310
321
350
300
217
150
137
106
72
92
95
107
99
81
81
48
75
406
819
1035
1137
1549
1961
2667
3403
3702
3177
3422
940
568
407
482
794
756
655
830
917
974
1419
1624
1474
954
1009
1248
1103
671
402
461
389
314
328
333
304
254
158
91
98
138
178
203
322
394
506
463
297
187
217
214
211
175
50
40
171
300
337
311
222
201
165
155
147
131
112
90
41
30
82
160
291
305
207
62
42
36
10
6
12
6
2
5
51
209
288
321
308
222
73
2
11
6
5
5
54
289
562
515
192
119
241
316
376
345
284
121
34
35
38
19
12
6
5
2
0
0
0
0
0
2
0
0
0
20
39
55
236
426
463
411
297
166
121
135
72
23
51
80
67
50
40
35
58
85
69
53
85
96
68
46
16
3
14
15
9
20
21
13
4
3
3
15
47
47
13
12
11
14
8
16
1
1
1
2
2
4
1
0
0
0
0
1
4
9
9
2
0
18
59
102
207
309
370
375
384
365
296
236
188
157
135
115
60
45
38
26
49
67
43
17
2
0
0
0
0
0
0
1
1
0
3
1
4
0
1
1
0
0
0
0
0
0
2
0
4
2
2
1
1
0
0
0
0
0
0
1
1
1
3
3
15
17
21
31
20
30
28
21
13
9
1
0
0
0
0
0
0
0
2
1
0
0
1
4
1
8
2
1
11
14
15
18
12
19
29
28
40
38
47
30
24
13
4
0
0
0
0
1
0
0
0
0
0
0
0
0
0
0
0
0
1
1
2
7
7
0
2
0
0
0
1
0
0
0
0
0
0
0
10
36
0
0
105
229
264
256
194
148
86
21
0
1
0
18
81
133
96
23
0
4
32
65
27
0
0
1
9
2
0
0
0
0
0
1
0
1
0
0
0
0
0
0
0
0
0
0
0
0
0
0
0
0
0
0
0
0
0
0
0
0
0
0
0
0
0
0
0
0
0
0
0
0
0
0
0
0
1
4
0
0
0
28
214
396
326
96
1
35
178
235
194
113
55
17
8
70
64
0
18
21
0
4
12
0
0
0
0
0
0
0
0
0
0
0
0
0
0
0
0
0
0
0
0
0
0
2
6
7
4
11
15
2
9
7
0
0
2
1
0
0
1
2
0
0
0
0
0
0
0
0
0
0
0
0
0
0
0
0
0
0
0
0
3
1
0
0
0
0
0
0
0
0
0
0
0
0
0
0
0
0
0
0
0
5
5
3
0
0
0
0
0
0
0
0
0
0
0
0
0
0
0
0
6
6
1
0
0
0
1
0
0
0
0
2
0
0
0
0
0
0
0
0
0
0
0
0
0
0
0
0
0
0
0
2
2
0
0
15
39
18
24
40
0
32
24
0
4
1
4
0
0
0
0
0
0
0
0
0
0
0
0
0
0
0
0
0
0
0
0
0
0
0
17
20
3
0
0
0
0
0
0
3
0
1
0
0
0
0
0
0
0
0
0
0
0
0
0
0
0
0
0
4
0
0
0
0
0
0
0
0
0
0
0
0
0
0
0
0
0
0
0
0
0
0
0
0
0
0
0
0
0
0
0
0
0
0
0
0
0
0
0
0
0
0
0
0
0
0
0
0
0
0
0
0
1
0
1
0
0
0
0
0
0
0
0
0
0
0
0
0
1
0
2
3
0
1
48
63
13
1
12
1
0
0
0
0
0
0
0
0
0
0
0
0
0
0
0
0
0
0
0
7
3
0
0
1
0
1
2
6
55
60
27
43
18
4
2
2
4
4
2
6
0
4
6
4
6
11
1
17
0
1
1
1
0
0
0
0
0
7
96
280
439
351
109
4
21
21
3
3
3
1
0
0
2
0
1
4
2
1
0
15
4
2
17
0
0
0
3
0
0
0
0
0
0
0
0
0
0
0
4
100
308
565
646
407
150
184
249
321
365
267
168
87
20
5
0
1
0
1
6
0
0
0
0
0
0
0
3
4
0
0
0
0
0
0
0
0
0
0
0
0
0
3
0
0
0
0
0
0
0
0
0
0
0
0
0
0
0
0
0
0
2
7
0
0
0
9
0
4
1
0
0
0
0
0
0
0
0
0
0
0
0
0
0
0
0
0
0
0
0
0
1
0
0
0
0
0
0
0
0
0
0
0
0
0
0
0
0
0
0
0
0
0
1
1
1
2
1
3
3
3
6
16
9
17
11
16
2
2
0
3
0
0
0
0
0
0
0
0
0
0
0
0
0
0
0
0
0
0
0
0
0
0
0
0
0
0
0
0
0
0
0
0
0
0
0
0
0
0
0
0
0
0
0
0
0
0
0
0
0
0
0
0
0
0
0
0
17
81
122
163
147
36
0
7
30
34
54
113
9
0
0
0
0
0
0
0
0
0
0
0
0
0
0
0
0
0
0
0
0
0
0
0
0
0
0
0
0
0
0
0
0
0
1
0
19
143
400
407
157
53
165
177
136
45
8
10
12
5
65
73
18
1
2
0
0
5
23
45
57
67
36
0
4
25
12
0
5
0
0
1
0
0
0
0
0
0
0
3
0
0
0
0
0
0
0
3
33
53
54
17
2
1
2
2
0
0
0
0
65
199
238
153
36
25
60
53
17
7
8
4
0
0
0
1
4
3
0
0
0
0
0
0
1
43
137
132
75
32
3
29
155
166
57
36
60
75
18
5
2
0
0
0
0
0
0
3
0
0
9
7
7
3
4
12
21
10
6
3
3
6
6
0
8
44
24
1
0
10
1
7
21
13
4
2
0
0
0
3
0
0
0
1
0
1
0
0
0
2
2
0
0
0
0
0
3
9
8
16
10
1
0
0
0
0
0
0
0
1
0
0
0
0
0
0
0
1
20
0
0
0
0
0
2
0
0
0
0
0
0
0
0
3
19
68
45
2
1
2
0
0
0
0
12
56
160
161
59
9
6
0
3
10
3
0
0
0
0
0
13
60
67
58
69
47
17
5
2
0
0
0
2
0
0
2
11
31
22
12
0
0
0
0
9
4
0
7
0
0
0
0
2
1
0
1
5
14
26
41
163
422
310
54
168
369
324
171
37
31
47
39
24
21
8
42
75
42
10
4
8
22
55
23
0
0
2
4
1
0
0
0
0
0
0
0
0
0
0
0
0
0
0
0
0
0
0
0
0
0
0
0
2
9
2
0
0
0
1
1
2
2
3
0
0
0
0
0
7
22
11
0
0
12
12
3
0
0
4
4
1
2
28
281
482
640
657
517
411
329
307
301
279
250
226
195
171
139
87
61
34
17
10
7
0
0
9
27
82
192
351
424
391
344
278
179
87
46
16
13
25
33
15
21
33
28
24
18
3
8
8
5
1
7
1
1
1
11
26
30
32
35
30
28
29
22
41
63
92
131
175
222
273
282
230
239
179
114
56
21
3
1
1
0
0
0
1
4
13
14
0
15
10
14
21
14
9
0
3
93
191
194
59
0
9
9
2
1
2
1
6
6
0
6
10
44
49
44
17
70
16
9
6
15
20
22
15
11
1
8
27
5
2
8
2
0
0
0
0
0
0
0
0
0
4
8
8
50
104
154
117
82
87
55
47
60
64
72
54
53
39
16
32
15
4
4
0
13
0
9
16
0
2
13
0
12
7
6
1
9
1
0
0
27
37
70
108
115
108
94
76
78
47
15
3
5
0
2
0
0
0
0
4
18
12
0
6
12
4
1
3
6
15
1
5
0
22
11
1
10
0
1
11
10
0
2
3
19
56
157
298
352
323
256
145
44
12
25
8
3
7
10
1
0
15
2
0
6
6
0
0
0
2
26
169
286
354
314
146
38
9
0
1
2
0
0
4
6
0
0
0
0
0
0
0
0
0
0
0
0
0
0
5
7
11
10
12
13
9
1
0
0
0
1
0
0
6
9
8
13
13
7
2
1
0
0
0
0
0
0
0
5
7
56
168
326
436
461
344
250
162
68
21
9
1
0
1
7
43
163
255
212
223
165
135
100
60
21
91
115
36
29
23
13
3
3
10
23
16
18
18
7
0
5
7
0
0
2
4
0
0
0
0
4
6
3
20
48
68
84
48
14
9
0
0
0
4
6
0
1
4
10
10
10
2
8
6
8
55
501
822
602
200
660
985
848
400
129
71
8
4
3
13
25
27
21
19
63
57
56
140
345
550
571
535
341
210
165
116
77
95
77
47
0
20
63
45
31
29
123
327
453
533
530
423
360
261
209
102
40
17
13
0
1
0
0
0
0
2
3
5
3
2
0
0
0
0
0
0
0
0
0
0
0
0
0
0
0
0
0
0
0
0
0
0
0
0
0
0
0
0
0
0
0
0
0
0
0
2
0
0
9
71
4
0
14
33
1
0
59
60
0
49
94
12
0
87
58
0
20
15
0
0
33
0
0
2
0
0
0
0
0
0
0
0
0
0
0
0
0
0
0
0
0
0
0
0
0
0
0
0
0
0
0
0
0
0
0
2
6
1
1
0
0
0
0
0
0
0
0
0
0
0
0
0
0
0
0
0
0
0
0
0
0
0
0
0
0
0
0
0
0
0
0
0
0
0
0
0
0
0
0
0
0
0
0
0
0
0
0
0
0
0
0
0
0
0
0
0
0
0
0
0
0
0
0
0
0
0
0
0
0
0
0
0
0
0
0
0
0
0
0
0
0
0
0
0
0
0
0
0
0
0
0
0
0
0
0
0
0
0
2
2
0
0
1
0
0
0
0
0
0
0
0
0
0
0
0
0
0
0
0
0
1
0
0
0
0
0
0
0
0
0
0
3
2
9
46
63
46
59
14
0
0
0
7
1
0
2
4
6
21
60
76
103
87
56
17
11
4
0
0
0
0
0
0
7
25
24
20
14
3
0
0
0
0
0
0
0
0
0
0
0
0
0
0
0
0
0
0
0
0
0
0
0
0
0
0
0
0
0
0
0
0
0
0
0
0
0
0
0
0
0
0
0
26
235
439
591
617
566
453
339
240
143
93
69
52
31
15
5
1
0
0
0
1
31
175
329
422
470
407
268
187
115
61
39
48
34
29
18
14
16
15
12
11
29
36
42
28
9
5
16
2
0
0
0
0
0
0
0
1
0
0
1
1
2
1
0
2
11
10
5
9
5
1
0
0
0
1
0
0
0
0
0
0
0
0
0
0
0
0
0
0
0
0
0
0
0
0
0
2
12
31
21
16
3
0
0
0
0
0
0
0
0
0
0
0
0
0
0
0
0
0
0
0
0
0
0
0
0
0
0
0
0
0
1
0
0
3
2
0
0
0
0
0
0
0
0
0
0
0
0
0
0
0
0
0
0
0
0
0
0
0
0
0
0
0
0
0
0
0
0
0
0
0
0
1
0
0
1
0
0
1
0
0
0
0
0
0
0
0
0
0
0
0
0
0
0
0
0
0
0
0
0
0
0
0
0
0
0
0
0
0
0
0
0
0
0
0
0
0
0
0
0
16
171
375
512
529
515
418
334
241
149
106
77
67
42
35
14
12
9
1
2
0
2
3
0
0
0
0
0
0
0
0
0
49
223
353
399
424
350
301
269
182
122
86
67
56
51
50
30
30
22
17
18
8
8
10
3
4
0
0
0
0
0
0
0
0
0
0
0
0
0
0
0
0
0
0
0
0
0
0
0
0
0
0
2
3
0
0
0
0
0
0
0
0
0
0
0
0
0
0
0
0
0
0
0
0
0
0
0
0
0
0
0
0
3
4
0
1
0
1
1
3
4
3
0
1
0
0
0
0
0
0
0
0
0
0
0
0
0
0
0
0
0
0
0
10
181
354
554
750
727
585
517
510
524
446
426
338
255
246
198
161
101
61
44
23
13
5
2
5
0
0
13
17
17
34
20
7
2
1
0
10
12
9
21
60
153
303
409
448
461
444
431
377
309
301
273
274
174
99
80
39
32
17
6
1
0
0
4
2
0
4
1
6
0
0
0
0
0
1
0
0
0
0
0
3
2
7
7
10
10
8
4
8
4
1
1
0
0
0
0
0
0
0
0
2
6
5
5
1
27
28
15
2
6
1
3
4
0
0
2
0
7
11
0
0
0
0
0
0
2
3
0
0
0
0
0
0
0
2
0
0
0
2
23
93
242
375
441
414
307
174
96
47
30
20
30
23
25
18
20
27
29
23
3
5
1
1
3
11
121
249
286
308
291
271
185
182
190
166
151
163
165
181
152
150
117
98
45
39
31
29
8
8
1
0
0
0
1
9
25
60
83
82
66
42
17
16
11
11
3
6
3
1
2
0
1
0
1
0
0
0
0
0
0
0
0
0
0
0
0
0
2
7
131
434
554
544
347
96
106
209
182
125
72
48
23
43
55
63
66
107
155
106
67
94
84
26
34
40
4
10
2
1
0
0
0
0
3
1
2
1
1
3
3
5
2
3
4
0
0
0
0
0
0
0
0
6
19
1
20
26
0
19
0
5
2
0
0
5
1
10
16
22
8
0
0
0
0
0
0
0
0
0
0
0
0
0
0
0
0
0
0
0
0
0
0
0
0
0
0
0
0
0
0
0
1
0
0
0
0
0
0
0
0
0
0
0
0
0
0
0
0
0
0
0
0
0
0
0
0
0
0
0
0
0
0
0
0
0
0
0
0
0
0
0
0
0
0
0
0
0
0
0
0
0
0
0
0
0
0
0
0
0
0
0
20
92
102
36
13
6
0
0
0
0
0
0
8
12
0
8
14
3
0
0
2
5
14
6
1
0
0
0
0
1
10
9
2
0
0
0
0
1
0
0
0
0
0
0
0
0
0
0
0
0
0
0
0
0
1
0
0
0
0
0
0
0
0
0
0
0
0
0
6
1
34
55
83
95
125
290
544
823
968
926
615
292
163
97
84
71
70
42
28
40
26
44
76
77
45
56
22
15
34
223
103
175
181
221
273
302
388
451
540
559
561
513
508
530
539
515
482
424
372
331
302
310
394
489
476
332
201
73
12
11
45
78
163
251
343
423
486
530
523
469
387
347
345
343
341
339
318
308
296
301
314
259
270
246
236
207
232
211
195
164
128
102
72
53
37
20
14
3
3
0
0
0
0
0
0
0
0
0
0
0
0
0
0
0
0
0
0
0
0
0
0
0
1
1
1
1
1
0
0
0
0
0
0
1
0
0
0
0
4
6
0
4
10
11
5
0
0
1
0
0
0
0
0
0
0
0
0
0
0
0
0
0
0
0
0
0
0
2
2
1
1
2
2
3
0
0
0
0
0
0
0
0
0
0
0
0
0
0
0
0
0
0
0
0
0
0
1
7
1
5
4
1
0
0
0
0
0
0
0
0
0
0
0
0
0
0
0
0
0
0
0
0
0
0
0
0
0
0
0
0
0
0
0
0
0
0
0
0
0
0
0
0
0
0
0
0
0
0
0
0
0
0
0
0
0
0
0
0
0
0
0
0
0
0
0
0
0
0
0
0
0
0
0
0
0
0
0
0
0
0
0
0
0
0
0
0
0
0
0
0
0
0
0
0
0
1
79
321
494
596
527
439
327
229
152
113
78
80
59
38
29
13
3
1
0
0
0
0
0
0
0
0
0
0
0
0
0
0
0
0
0
0
0
0
0
0
0
0
0
0
0
1
59
201
304
371
377
329
267
203
128
78
43
27
22
21
9
6
2
1
3
3
28
62
130
153
165
192
205
241
246
257
279
269
280
253
277
284
260
265
239
245
203
191
147
135
79
49
25
21
1
0
0
0
0
2
12
38
199
330
378
363
274
292
352
482
572
509
494
567
668
640
607
591
631
643
627
627
566
547
507
443
458
355
279
200
156
80
42
50
60
81
142
174
221
256
259
282
292
295
306
242
260
256
230
203
178
131
93
64
39
10
16
15
17
13
4
11
31
36
9
22
36
25
15
34
56
64
75
80
83
126
117
157
357
517
596
623
491
327
256
248
277
273
257
275
262
283
280
294
210
225
209
201
190
160
150
167
152
147
133
109
134
105
68
46
22
15
19
15
0
0
3
1
0
11
80
243
344
262
168
178
214
246
304
350
364
406
441
1195
557
515
479
428
418
424
457
385
308
246
225
208
190
159
108
80
51
33
15
12
8
3
8
4
14
27
84
325
530
556
452
212
3
15
6
5
4
0
2
3
3
0
0
8
3
0
0
3
0
0
3
0
0
0
0
4
1
1
4
29
40
7
0
1
2
0
2
0
0
1
0
2
18
142
432
649
728
636
498
359
215
176
129
121
120
115
114
99
92
103
107
84
95
110
101
86
80
95
84
66
47
55
43
30
26
12
5
3
1
0
0
0
0
0
0
0
0
0
0
0
2
9
125
495
642
440
138
75
84
184
310
393
375
355
453
534
459
246
232
211
215
232
263
282
276
290
247
237
300
219
168
131
95
59
36
22
11
4
13
8
20
29
56
104
151
211
232
223
261
341
371
355
408
376
395
355
297
304
214
180
157
113
55
62
60
77
87
91
97
68
63
75
82
61
53
36
25
4
2
0
0
0
0
0
0
0
0
0
0
0
0
1
1
0
0
0
0
0
0
0
0
0
0
0
1
3
5
6
11
11
10
11
14
7
22
36
182
206
217
117
20
6
94
69
0
0
21
45
17
39
49
57
87
121
139
186
226
265
345
377
386
414
411
419
415
358
311
209
126
74
46
28
19
21
25
78
126
184
219
238
238
242
200
170
112
84
53
17
5
2
0
1
1
0
0
1
0
0
0
0
0
0
0
0
0
0
0
0
3
2
0
0
0
1
1
0
1
2
0
0
0
0
0
0
0
0
0
0
0
0
0
0
0
0
1
1
4
5
0
0
0
0
0
0
0
0
0
0
0
0
0
0
0
0
0
0
0
0
0
0
0
0
6
123
407
753
1151
1274
1054
594
438
373
301
218
159
213
340
575
564
513
419
210
302
505
551
556
691
787
757
498
330
264
206
143
118
98
108
73
45
34
30
31
15
16
21
18
22
27
30
29
66
82
41
36
52
54
34
32
25
26
5
1
1
0
3
0
1
2
2
2
8
11
13
11
27
20
14
12
5
0
0
0
0
0
2
0
0
1
0
0
0
0
2
1
2
3
2
7
4
3
1
0
0
0
0
0
1
1
14
149
277
343
273
141
74
11
33
47
5
45
78
15
22
31
36
23
6
0
27
28
0
4
0
0
0
0
0
0
0
3
0
0
1
0
0
2
25
29
12
3
14
7
87
103
6
9
4
0
1
1
0
0
0
0
0
0
0
0
0
0
0
0
0
1
6
4
1
0
0
0
0
6
19
7
8
24
0
4
6
5
19
69
67
51
50
78
124
111
56
29
7
0
1
0
0
1
1
0
0
0
0
0
1
0
12
19
10
0
3
16
8
3
1
1
0
0
5
17
3
0
0
0
0
0
0
0
0
0
0
0
0
0
0
0
0
0
0
0
0
0
0
6
106
229
233
88
18
35
126
384
486
443
151
16
123
307
209
6
26
72
48
0
1
0
0
3
0
0
3
0
0
0
1
1
1
1
0
0
8
34
131
218
428
589
812
1057
1247
1434
1560
1673
1761
1836
1951
1943
1898
1830
1776
1701
1676
1539
1333
950
620
473
338
360
550
874
1196
1549
1759
2059
2345
2638
2718
2763
2967
3090
3034
3075
3070
3074
3129
3092
2766
2181
1982
1918
1892
1838
1633
1484
1179
647
448
324
319
449
530
447
405
382
375
251
199
161
97
79
41
36
23
29
17
16
10
5
4
2
0
0
1
0
0
8
12
13
13
3
1
1
0
0
0
0
0
1
0
0
0
0
0
0
0
0
0
0
0
0
0
1
0
5
0
5
1
2
5
1
0
0
26
200
355
462
453
389
333
236
140
79
38
14
2
0
0
0
20
112
213
281
308
338
323
274
216
161
122
110
55
26
12
2
1
0
0
0
0
0
0
0
0
0
0
0
0
0
0
0
0
0
0
0
0
0
0
0
0
0
0
0
0
0
0
0
0
0
0
0
0
0
0
0
0
0
0
0
0
0
0
0
0
0
0
0
0
0
0
90
420
708
744
600
296
108
58
36
4
12
16
2
0
0
2
2
0
7
1
4
5
1
11
38
40
20
0
50
177
269
264
224
193
117
80
43
33
61
78
82
109
112
101
71
59
42
40
24
15
6
10
9
4
0
0
0
0
0
0
0
0
1
0
0
2
0
11
62
137
174
155
96
54
24
8
4
9
20
22
17
18
26
45
66
65
25
1
5
5
1
0
2
6
16
6
1
5
2
0
0
1
1
3
0
1
11
5
3
2
6
17
9
3
2
0
1
7
0
0
0
0
0
0
0
2
2
0
4
2
0
2
7
0
5
3
2
1
0
0
7
15
7
1
0
5
2
6
0
1
1
0
18
18
5
21
23
0
8
18
6
1
0
0
0
0
0
4
20
16
5
0
0
0
5
10
4
2
0
0
2
3
3
1
1
2
2
2
1
1
0
0
0
0
0
8
44
78
115
104
83
33
20
24
52
147
217
250
167
77
97
247
499
675
710
573
254
66
7
22
8
0
0
3
0
1
10
58
143
240
89
61
55
39
22
17
37
27
20
16
19
8
5
4
4
1
0
0
0
0
0
0
0
7
41
142
294
296
118
8
13
135
227
210
121
74
59
48
35
26
20
7
19
48
49
34
24
8
9
22
0
15
0
1
7
7
0
0
0
0
0
2
21
26
22
36
46
16
22
16
31
33
20
3
34
9
6
2
2
8
7
4
0
0
0
1
17
44
13
1
0
0
0
7
39
182
442
734
577
144
16
123
146
37
42
32
15
14
13
53
52
42
3
0
12
3
0
0
0
0
20
47
35
14
0
2
6
10
17
41
93
330
368
140
35
39
31
19
47
66
110
132
106
95
57
33
22
10
13
2
3
6
5
5
3
1
0
0
1
1
5
7
4
1
1
3
0
0
1
0
0
0
0
0
0
0
0
0
2
1
1
2
0
0
2
3
1
0
0
0
5
10
17
198
366
490
451
204
37
28
38
14
5
4
0
1
0
12
8
15
25
11
16
15
42
122
275
361
306
148
17
6
21
18
6
5
7
7
4
4
19
77
141
105
0
9
43
79
83
105
129
117
112
69
32
11
11
7
3
0
3
0
3
0
5
6
0
3
14
32
30
64
85
133
153
204
287
365
531
645
890
1221
1652
2029
2482
2819
3059
3308
3497
3947
4509
4871
4647
4333
4367
4212
4083
4044
3961
3850
3744
3529
3322
3155
3062
2833
2579
2358
2123
1937
1669
1400
1202
1210
1064
884
660
498
195
166
164
79
38
10
24
9
7
20
43
37
29
4
0
2
2
0
2
1
1
2
1
6
1
0
2
0
0
0
0
0
2
4
12
85
249
459
614
695
713
712
758
931
1077
1306
1534
1728
1865
2234
2603
2959
3048
2993
2811
2721
2716
2783
2783
2647
2413
2244
2062
1915
1854
1706
1703
1500
1315
1151
983
794
588
448
299
287
262
486
634
661
583
198
23
230
553
440
140
104
279
314
230
396
478
296
332
435
395
435
471
430
419
538
373
374
977
203
98
58
44
18
6
2
0
0
0
0
0
0
1
0
0
0
0
0
0
0
0
0
0
0
1
0
1
0
0
0
0
0
1
54
171
173
87
3
17
39
5
3
15
3
36
106
34
1
0
0
0
2
0
0
0
1
0
1
1
0
0
0
2
0
0
1
0
2
1
0
0
0
2
3
0
0
0
0
0
0
6
7
3
5
1
0
0
0
0
5
3
3
1
0
0
0
0
1
1
0
0
0
0
1
0
31
123
66
5
42
142
60
1
0
3
3
5
2
9
6
1
2
0
2
0
0
0
0
0
1
1
0
0
0
0
0
0
1
0
0
2
8
9
22
21
5
2
0
0
0
0
0
0
0
0
0
1
0
0
0
4
2
0
0
0
0
1
0
0
0
0
1
0
0
0
0
0
0
0
0
0
0
0
0
0
0
0
0
0
0
0
0
0
0
0
0
0
0
0
0
0
0
0
0
0
0
0
0
2
2
0
0
0
0
0
0
0
0
0
0
0
0
0
0
0
0
0
0
0
0
0
0
0
0
0
0
0
0
2
1
0
1
0
0
0
0
0
0
0
0
0
0
0
0
0
0
0
0
0
0
2
1
1
0
0
0
0
1
1
2
1
0
0
0
0
0
0
0
0
0
0
0
0
0
0
0
0
0
0
0
0
0
0
0
0
0
0
0
0
0
0
0
0
0
0
0
0
0
0
0
0
0
0
0
0
0
0
0
0
0
0
0
0
0
0
0
0
0
0
0
0
0
0
0
0
0
0
0
0
0
0
0
0
0
0
0
0
0
0
0
0
0
0
0
0
0
0
0
0
0
0
0
0
0
0
0
0
0
0
0
0
0
0
0
0
0
0
1
0
0
0
0
0
0
0
0
0
0
0
0
0
0
0
0
0
0
0
0
0
0
4
24
64
68
55
75
143
183
258
313
386
480
512
534
534
512
462
415
313
249
182
85
33
15
4
0
0
0
0
0
0
0
0
0
0
2
0
2
0
0
0
1
0
0
1
1
0
1
0
1
0
0
0
1
0
2
1
1
0
1
1
0
0
3
2
1
0
0
0
0
0
0
0
0
0
0
0
0
0
0
0
0
0
0
0
0
0
0
0
0
0
0
0
0
0
0
0
0
25
14
7
0
0
0
0
0
0
0
0
1
0
0
0
0
0
0
0
0
0
0
8
66
147
156
126
61
24
4
0
0
0
0
0
0
1
0
0
0
0
1
0
0
0
0
0
0
0
0
0
0
0
0
0
0
0
0
0
0
0
0
0
0
0
0
0
0
0
0
0
3
16
30
24
16
18
0
0
0
0
2
0
14
20
6
3
0
0
0
1
2
13
3
0
1
1
0
0
18
1
0
7
0
0
0
1
0
0
0
0
0
0
0
0
2
14
29
28
25
17
4
0
0
0
0
0
0
0
0
0
0
0
0
0
0
1
0
0
0
0
0
3
7
5
0
0
0
1
0
0
0
0
0
0
0
0
0
0
0
0
0
8
0
0
3
0
0
0
0
0
0
0
0
0
0
0
0
0
0
0
0
0
0
0
0
0
0
0
0
0
0
1
5
14
7
2
0
0
0
0
0
0
0
0
0
0
0
0
0
0
1
0
0
0
0
0
0
0
0
0
0
0
0
0
0
0
0
0
0
0
0
0
0
0
0
0
0
0
0
0
0
0
0
0
0
0
0
0
0
0
0
0
0
0
0
0
0
0
0
0
0
0
0
0
0
0
0
0
0
0
0
0
0
0
0
0
0
0
1
14
0
5
18
7
0
1
2
0
5
0
0
4
2
3
0
0
0
0
2
0
1
0
0
0
0
0
0
15
30
180
218
181
97
42
13
4
0
0
0
3
5
2
5
0
9
10
9
14
16
28
60
72
77
46
25
51
12
12
30
4
0
14
12
2
2
4
6
4
21
33
37
65
116
108
73
70
70
62
38
25
18
5
0
0
21
4
25
54
86
172
215
291
399
487
511
556
532
535
453
355
319
262
197
84
83
54
41
37
29
0
48
6
15
24
13
29
41
50
88
93
112
119
150
177
162
167
155
164
146
162
169
148
139
115
110
47
32
21
4
0
0
0
12
11
16
72
84
23
15
35
24
13
18
24
13
29
9
3
1
0
1
0
1
9
10
0
6
0
6
4
0
0
0
1
1
0
0
10
0
7
63
38
0
46
57
30
20
30
32
109
169
210
235
250
166
112
67
46
29
18
15
13
13
14
12
8
0
4
2
5
0
3
0
1
0
0
1
0
1
6
0
0
8
26
27
52
70
120
193
232
275
275
237
182
139
84
47
27
17
9
1
0
0
0
0
0
0
0
0
0
0
0
0
8
59
162
296
299
205
100
41
56
53
72
50
20
7
18
37
20
3
0
0
3
8
6
0
0
0
0
0
0
0
1
7
3
0
0
26
37
36
41
30
15
3
0
0
0
0
7
2
6
15
4
0
0
0
0
0
0
0
0
1
6
0
7
21
8
0
3
0
0
0
0
0
0
0
0
0
0
0
0
0
7
0
10
75
119
112
52
8
4
8
6
41
81
86
64
48
34
20
17
5
1
0
0
0
0
0
0
0
0
0
0
0
0
0
0
0
0
0
0
0
0
1
63
180
288
334
337
282
211
160
133
95
88
76
55
51
36
33
12
2
0
0
0
0
0
0
0
0
0
0
2
4
7
8
7
2
3
1
0
0
0
0
0
0
0
0
0
1
54
169
250
270
268
208
136
79
49
23
5
4
5
1
0
0
0
0
0
0
0
0
0
0
0
0
0
0
0
0
0
0
0
0
0
0
0
0
1
4
7
2
9
8
13
14
14
27
36
31
39
44
29
10
3
2
5
7
7
5
5
2
23
24
14
2
0
0
0
0
0
0
0
0
0
0
0
0
0
0
0
0
0
0
0
0
0
0
0
0
0
0
0
0
0
0
0
0
0
0
0
0
0
0
0
0
0
0
0
0
0
0
0
0
0
0
0
0
0
0
0
0
0
0
0
0
0
0
0
0
11
8
4
18
5
0
0
9
60
135
193
176
125
44
0
0
1
4
8
6
3
3
23
3
5
14
3
0
0
0
0
0
0
0
0
1
1
0
0
1
1
0
0
0
0
0
0
0
0
0
0
0
0
0
0
0
0
0
0
0
0
0
0
0
0
24
90
64
73
60
35
7
12
17
0
24
50
22
4
15
11
8
53
162
249
282
260
189
123
84
60
35
7
6
9
11
1
0
0
0
0
0
3
0
0
0
0
0
1
0
1
5
8
20
30
36
43
33
35
39
38
40
45
45
60
91
138
204
306
320
336
307
259
213
144
97
85
66
52
30
36
33
19
20
20
14
15
15
14
9
9
3
4
4
1
0
1
2
2
4
1
0
0
0
0
0
0
0
0
0
1
0
0
0
0
0
0
0
0
0
0
0
0
0
0
0
0
0
0
0
0
0
0
0
0
0
0
0
0
0
0
0
0
0
0
0
0
0
0
0
0
0
0
0
0
0
0
0
0
0
0
0
0
0
0
0
0
0
0
0
0
0
0
0
0
0
0
85
570
919
953
636
240
126
133
142
168
123
42
12
37
86
165
323
343
161
47
84
149
85
78
137
32
6
35
17
15
23
42
46
72
49
43
107
249
360
539
625
531
284
157
78
49
47
48
40
34
57
92
187
308
423
489
449
407
324
338
420
242
103
123
88
44
26
57
105
200
183
102
28
34
27
28
14
7
13
11
10
5
6
23
41
69
135
153
106
146
106
67
26
0
0
18
0
45
24
1
25
36
0
0
9
42
33
3
12
24
11
19
18
36
40
59
58
70
133
242
340
317
240
169
81
79
33
9
3
12
0
30
77
103
117
95
117
170
202
292
369
411
475
582
649
705
806
869
908
955
978
1030
991
912
831
790
707
687
541
490
364
246
134
65
27
24
13
18
31
44
69
87
121
151
161
142
125
63
29
20
17
6
0
0
0
0
0
0
0
0
2
0
0
0
0
0
1
14
107
181
230
227
156
80
67
39
24
42
45
27
24
9
32
63
45
61
79
68
60
68
81
83
92
101
99
99
173
164
160
124
99
80
77
63
53
39
33
9
11
7
4
13
15
20
9
0
0
0
0
0
0
0
4
4
0
0
0
0
0
0
5
6
0
0
2
2
1
14
4
0
7
0
0
2
2
211
208
142
0
0
0
1
5
50
81
113
157
193
203
234
229
252
274
290
361
426
472
560
604
677
727
719
785
790
827
767
752
682
622
539
445
332
217
130
67
9
30
63
169
265
433
484
592
689
748
823
892
962
929
942
928
920
900
817
827
787
801
723
683
567
493
395
325
509
923
925
485
108
77
169
93
66
84
64
526
110
134
147
105
148
194
157
162
131
107
70
64
61
16
27
44
37
144
216
232
296
340
288
256
256
249
273
306
373
366
356
329
275
254
218
198
139
126
92
57
28
19
7
2
16
43
66
75
114
151
162
263
251
275
326
350
342
303
284
282
291
294
336
457
443
423
431
441
337
357
298
259
241
180
158
92
213
11
8
1
0
0
2
11
36
108
108
138
189
241
253
261
313
296
285
294
269
227
221
235
220
188
181
302
559
473
211
30
73
156
64
9
6
1
8
2
0
0
8
12
34
55
86
77
76
58
50
53
80
71
65
43
44
21
20
31
30
21
33
32
1
12
19
13
1
9
18
22
34
61
73
89
99
89
96
84
87
96
98
99
82
109
111
89
70
75
56
41
47
41
27
21
8
10
5
2
0
0
2
1
1
0
0
0
1
1
0
0
1
7
32
13
0
37
69
13
10
7
2
3
1
1
1
0
0
0
0
0
0
0
0
0
0
0
0
0
0
0
0
0
0
0
0
0
0
0
0
0
0
0
0
0
0
0
0
0
0
0
0
0
0
0
0
0
0
0
0
0
0
0
0
0
0
0
0
0
0
0
0
0
0
0
0
0
0
0
0
0
0
0
0
0
0
7
6
8
17
36
49
73
74
105
116
108
133
157
156
155
165
176
150
193
184
138
169
154
111
93
107
73
43
21
10
10
3
0
1
9
7
1
3
5
10
39
77
106
156
184
291
378
393
507
527
629
649
725
734
743
735
731
698
712
711
727
761
680
705
627
570
517
467
345
264
193
99
51
23
6
0
1
4
17
38
64
85
90
106
133
147
152
159
157
187
176
209
206
198
229
220
257
357
447
355
300
244
175
218
207
147
103
61
60
49
34
1
0
0
0
0
0
0
1
1
1
4
2
1
0
0
0
1
6
9
32
44
37
39
34
18
14
1
0
0
0
0
0
0
0
0
0
1
1
0
0
0
0
0
4
53
99
80
46
10
0
0
0
0
0
0
0
0
0
0
0
0
0
0
0
0
0
0
0
0
0
0
0
0
0
0
0
0
0
0
0
0
0
0
0
0
0
0
0
0
0
0
0
0
0
0
2
0
76
221
349
387
427
362
257
131
35
5
0
0
0
0
0
0
0
0
0
37
220
381
502
469
440
462
567
592
617
587
583
530
517
560
551
585
629
696
833
936
1087
1191
1258
1261
1219
1173
1100
969
835
723
577
455
328
203
119
43
13
22
17
25
49
66
80
72
93
115
90
93
111
106
143
211
265
186
74
55
28
7
7
13
18
9
5
2
8
6
3
0
0
0
0
0
0
0
0
0
0
0
0
0
3
24
20
11
0
3
0
0
3
10
90
261
409
507
544
464
325
235
154
89
53
21
4
0
3
1
1
1
0
0
0
1
0
0
89
12
14
22
17
8
8
7
3
1
1
0
0
0
0
0
0
0
0
0
0
0
0
0
0
0
0
0
0
0
0
0
0
0
0
0
0
0
0
0
60
149
106
5
14
136
0
66
160
64
1
145
176
1
128
136
6
7
143
17
2
27
9
0
40
16
0
2
0
0
1
0
0
0
0
0
0
0
0
0
0
0
0
0
0
0
0
0
0
0
0
0
0
0
0
0
0
0
0
0
0
0
0
0
0
0
0
0
0
0
1
9
24
21
15
3
10
8
0
0
1
1
9
0
0
4
0
6
0
0
13
51
34
16
3
0
0
7
0
0
0
0
0
7
4
0
0
0
0
136
229
47
4
39
33
1
17
18
28
84
49
27
46
9
15
16
9
1
0
0
0
0
0
0
0
0
0
0
0
0
0
0
0
0
0
0
0
0
0
0
0
0
0
0
0
0
0
1
0
5
7
18
19
48
82
128
197
243
331
386
384
452
468
447
520
503
495
479
431
377
327
270
187
169
126
64
40
20
10
3
2
1
2
2
0
4
1
3
3
11
16
31
32
34
55
68
77
101
101
106
129
171
184
182
186
227
215
213
208
227
227
230
227
226
206
191
175
172
130
109
88
84
71
40
34
21
17
7
0
2
0
1
1
1
1
4
9
16
12
22
29
36
23
24
10
10
0
0
0
0
0
0
0
0
0
0
0
0
0
0
8
17
65
74
111
102
115
123
98
117
100
80
69
57
32
29
17
1
2
0
0
0
0
1
0
2
7
17
34
41
57
62
76
82
83
86
85
94
92
175
247
178
132
170
203
206
189
226
202
171
152
130
98
60
21
14
4
7
0
2
0
0
1
0
5
9
18
42
55
110
139
174
214
236
292
275
294
298
250
251
210
196
134
111
80
48
32
23
7
3
0
1
0
1
5
4
39
153
198
158
80
45
9
14
26
16
69
150
172
143
38
12
24
23
16
7
30
53
13
5
15
15
1
19
15
11
23
37
49
3
27
24
8
22
9
2
15
1
20
4
8
19
14
0
23
21
20
0
1
19
6
164
52
22
0
4
18
0
7
0
2
9
0
3
0
0
4
12
10
0
0
3
1
0
3
10
2
2
99
232
315
365
353
295
257
220
209
172
140
113
97
88
94
85
57
34
17
5
14
11
0
0
0
0
2
0
4
15
104
151
56
6
8
36
106
209
231
221
187
187
157
124
109
99
126
125
155
192
176
187
202
197
203
193
179
145
116
89
38
19
9
0
0
0
0
4
10
17
47
70
89
87
80
90
128
113
106
215
322
354
302
212
125
76
52
78
95
41
58
85
95
97
111
109
133
154
182
179
137
42
20
20
5
69
213
300
317
295
235
190
181
188
187
200
237
230
234
230
179
110
80
24
8
2
0
12
153
326
441
451
275
113
26
77
203
251
261
231
140
120
106
129
126
124
134
292
232
195
358
465
400
461
613
561
426
490
479
501
442
431
275
189
131
93
55
30
8
9
11
35
37
15
9
28
22
33
41
45
44
75
130
164
215
234
233
229
240
228
260
259
257
268
246
248
224
215
194
187
153
128
128
110
108
53
38
27
17
0
1
2
7
14
8
12
14
4
0
0
5
7
4
2
5
19
34
20
24
22
30
33
29
30
10
2
3
1
5
2
0
0
2
3
1
0
2
0
0
0
0
0
0
0
4
31
51
43
78
66
21
40
54
17
16
33
12
2
0
0
0
5
0
0
4
8
0
0
0
0
0
1
0
6
54
35
0
26
31
14
0
3
1
12
104
210
268
241
156
102
53
27
9
4
3
4
3
13
33
10
1
8
17
9
9
9
6
4
2
13
9
0
3
10
7
3
2
5
11
39
25
17
15
17
18
14
12
12
13
64
105
147
192
189
171
184
183
150
151
126
117
112
81
68
53
47
23
12
3
1
5
5
21
17
19
14
18
15
5
3
12
2
0
0
0
0
0
0
0
0
4
4
0
0
1
1
1
0
0
1
1
1
2
4
12
23
21
25
20
13
5
1
1
6
5
8
5
9
4
10
27
7
0
2
0
0
0
0
0
0
0
0
0
0
0
0
52
299
440
387
166
55
61
65
24
6
36
76
31
2
8
18
6
0
0
2
6
13
17
7
14
19
23
117
130
56
5
2
5
59
53
6
10
5
0
7
2
2
11
1
0
11
10
56
56
13
5
12
8
36
43
2
12
17
7
0
3
2
0
0
0
0
0
0
0
0
10
27
0
27
9
0
3
18
11
6
51
22
8
5
2
0
0
0
0
0
0
0
0
0
0
0
0
0
0
0
0
0
0
0
0
0
0
0
0
0
0
0
0
0
0
0
0
0
0
0
0
0
0
0
0
0
0
0
1
1
1
1
0
2
2
15
21
38
16
20
58
122
125
103
77
71
57
25
12
2
0
0
2
5
6
16
24
35
59
60
67
54
54
61
66
54
59
67
87
189
308
421
413
368
322
329
351
336
275
269
199
145
67
32
18
4
1
0
1
2
1
6
3
8
14
7
11
11
18
19
13
8
9
7
5
1
1
3
1
0
0
0
1
0
0
0
0
0
0
0
0
0
0
0
0
0
0
0
0
0
0
0
0
0
0
0
0
0
0
0
0
0
0
0
0
0
0
0
2
4
3
3
3
6
0
0
0
0
0
0
0
0
0
0
0
0
0
0
0
0
0
0
0
0
0
1
0
0
0
1
0
0
0
0
0
0
0
0
6
4
7
13
10
16
15
23
25
14
17
9
7
2
0
0
0
0
3
18
3
15
3
6
27
78
103
96
86
38
26
10
5
8
7
12
16
3
24
13
0
4
31
24
25
64
64
75
68
71
80
80
71
69
55
58
45
37
33
12
0
0
0
0
0
0
0
14
0
23
7
0
0
0
0
0
0
0
0
0
0
0
6
30
208
320
321
218
131
50
22
47
93
170
210
264
251
220
213
224
180
143
108
70
60
36
33
18
21
55
83
267
505
574
379
152
154
193
59
77
142
122
167
361
357
372
386
278
216
130
162
169
152
132
141
121
109
92
61
43
63
56
47
54
47
34
24
11
6
1
0
1
3
7
18
53
135
290
457
469
432
431
400
353
303
215
158
115
90
72
44
11
7
5
4
20
8
13
24
2
8
53
187
319
386
395
331
246
177
153
91
100
103
75
60
32
26
18
6
8
5
0
4
13
4
30
1
9
13
2
0
0
6
24
32
28
28
27
5
0
0
0
0
14
37
244
579
940
1157
1137
1294
1559
1878
2046
2139
2012
1771
1540
1245
820
455
536
451
457
779
569
868
1094
1220
1263
1066
899
1030
1172
1150
1131
1086
937
850
1478
618
520
358
202
114
74
16
10
0
0
0
0
0
0
0
0
0
0
0
1
0
1
0
2
3
7
15
75
160
156
112
39
13
5
20
13
8
13
10
18
11
14
10
10
16
18
49
52
37
21
19
28
25
39
43
46
30
24
12
9
18
25
27
25
24
22
29
29
12
8
13
20
26
18
0
0
1
0
0
0
0
0
0
0
0
0
0
0
0
0
0
0
0
0
2
0
0
0
0
0
0
0
0
0
0
0
0
0
0
0
0
0
0
0
0
0
0
0
0
0
1
6
6
1
6
3
4
0
0
13
24
19
5
2
0
0
0
0
0
0
0
0
0
0
0
0
0
0
0
0
0
0
0
0
0
0
0
0
0
0
29
162
362
490
488
477
442
427
463
511
549
579
607
574
552
511
476
425
377
267
248
174
114
59
30
21
7
5
13
35
57
66
53
48
62
108
197
330
402
453
479
483
451
463
437
424
360
316
253
237
198
186
163
150
152
143
141
124
89
86
70
73
54
49
41
42
43
49
50
46
45
36
36
27
25
25
15
10
1
0
0
0
0
34
168
274
323
298
212
144
100
66
60
63
64
49
41
33
15
41
86
10
144
180
44
322
352
173
267
210
88
240
141
232
213
90
244
197
229
336
214
446
356
311
514
341
378
406
299
413
400
228
203
164
78
81
38
0
2
0
14
271
431
401
430
487
551
619
674
840
837
950
961
911
988
926
998
1002
976
959
921
843
827
742
630
483
290
151
59
16
3
37
114
212
370
616
801
972
1160
1259
1312
1351
1426
1441
1493
1564
1565
1575
1582
1586
1544
1462
1354
1219
1052
913
676
532
371
252
140
57
37
16
17
34
91
129
188
230
269
269
331
332
379
396
420
427
457
464
511
527
549
584
567
634
757
765
638
538
374
321
233
143
115
140
83
6
15
1
10
11
33
116
182
239
355
460
584
587
761
723
832
799
891
942
893
903
792
710
672
596
510
430
283
198
82
31
47
142
286
377
467
492
555
591
576
580
548
500
484
477
430
409
424
438
430
427
396
406
364
392
327
311
298
300
383
411
464
466
391
395
339
309
312
343
366
369
391
286
179
108
103
88
64
47
43
32
23
22
19
12
6
2
0
0
0
0
0
0
1
1
7
13
22
16
26
32
41
189
66
71
71
54
47
39
23
17
45
307
626
975
1314
1665
2277
2342
2625
2262
3080
4414
3987
4219
4101
3559
2659
1749
1666
1519
1740
1934
2079
2099
2149
1744
1635
1313
895
553
804
994
1244
1375
1521
1536
1403
1453
1208
1049
711
288
635
955
1282
1584
1834
1755
1916
1931
1859
1576
1060
419
914
1477
1737
1603
1694
1762
1527
995
667
524
384
789
1178
1485
1505
1700
1830
1597
901
913
1040
1002
993
1021
1288
1931
2516
2878
3064
3113
3005
2880
2724
2598
2420
2668
2772
2218
2167
2042
1895
1785
1786
1883
1702
1348
1247
1189
1053
952
765
942
1092
1025
911
775
925
1324
1270
1091
685
547
385
340
329
472
543
242
29
4
9
21
12
16
1
1
13
19
7
1
3
12
137
322
520
616
610
557
461
378
263
139
68
37
32
23
24
19
86
255
489
710
819
989
1341
1519
1143
922
691
611
416
493
810
932
863
698
643
688
580
278
68
70
130
212
239
246
289
343
428
533
593
714
729
786
773
801
783
777
772
808
767
656
515
420
360
188
113
47
23
2
0
5
31
85
116
104
147
154
178
290
375
345
294
282
238
229
220
228
181
176
155
154
101
90
78
73
55
24
22
7
5
1
1
0
1
0
0
0
1
5
8
3
12
10
2
1
0
1
0
6
0
0
0
0
0
0
0
0
0
5
6
1
0
0
2
0
1
0
2
0
1
3
0
1
0
0
0
0
0
0
4
11
3
0
0
0
0
0
0
0
0
0
0
0
0
4
0
0
0
0
0
0
0
0
0
0
0
0
0
0
0
0
0
0
0
0
0
0
0
0
0
0
0
0
0
0
0
0
0
0
0
0
0
0
0
0
0
0
0
0
0
0
0
0
0
1
2
0
0
0
8
4
0
0
0
0
0
0
0
0
0
0
0
0
0
0
0
0
19
133
503
903
1167
1494
1262
1663
1897
2050
2025
1517
1633
1489
1274
956
772
676
363
188
138
57
23
5
16
5
3
16
8
10
45
102
95
66
76
27
17
26
25
37
55
33
16
36
29
18
21
20
28
39
167
425
649
883
954
895
723
623
437
238
177
251
231
183
330
632
986
1119
1072
1407
2062
1896
1486
1454
1186
1292
862
603
643
352
311
298
120
112
68
351
535
639
663
765
780
1197
1457
1252
897
724
573
461
453
406
383
195
401
318
353
377
275
514
759
828
705
882
994
823
511
345
283
358
318
323
80
137
120
126
153
172
236
360
415
417
430
388
329
355
290
291
270
280
290
258
181
125
77
61
40
46
62
92
158
222
259
315
346
330
309
265
191
171
138
110
83
62
30
14
12
2
1
3
3
0
0
0
2
37
110
212
261
289
270
270
255
179
122
74
49
27
13
7
4
4
6
0
31
95
76
48
37
53
85
52
25
24
6
4
7
9
8
2
1
0
0
4
8
0
0
0
16
39
57
71
77
85
56
94
103
80
56
126
225
285
297
317
298
277
154
68
47
48
55
60
120
163
181
199
198
171
137
101
117
125
111
91
113
152
149
218
289
327
224
40
60
233
159
40
25
29
43
38
20
28
28
22
13
7
10
21
35
48
45
40
24
10
5
2
1
1
5
3
1
0
0
1
0
1
1
0
0
0
0
0
0
0
0
0
0
0
0
0
0
0
0
0
0
0
0
0
0
0
0
0
0
0
0
0
0
0
0
0
0
0
0
0
0
0
0
0
0
0
0
0
0
0
0
0
0
0
0
0
0
0
0
0
0
0
0
0
0
0
0
0
0
0
0
0
0
0
0
0
0
0
0
0
0
0
0
0
0
0
0
0
2
0
0
0
0
0
0
0
23
244
520
550
332
128
105
70
147
174
2
14
61
78
165
89
20
31
51
95
112
160
211
283
321
370
396
377
376
341
264
213
110
31
9
0
0
1
2
16
30
84
170
238
296
400
389
346
243
134
70
31
37
106
87
46
17
47
98
80
8
12
9
69
121
162
141
92
40
3
0
5
2
1
0
0
1
36
184
353
422
453
521
658
650
646
651
560
478
404
268
178
71
45
19
2
1
3
10
14
30
46
75
100
123
145
161
169
184
169
166
156
111
81
36
30
29
25
19
37
47
62
41
21
13
71
182
319
388
440
447
430
530
544
605
579
571
548
571
610
575
566
545
548
483
458
396
361
277
194
69
56
18
1
0
0
0
0
0
4
21
51
158
221
262
330
403
439
474
500
503
482
466
495
435
423
376
310
338
275
225
221
175
125
64
37
17
6
1
0
0
0
0
1
7
10
24
37
68
75
101
130
126
105
134
112
121
113
147
123
127
116
85
67
63
49
35
26
11
6
1
0
0
0
0
0
0
0
0
0
0
62
4
3
2
0
0
0
0
0
0
0
0
0
0
0
0
0
0
0
0
1
0
0
2
3
10
26
38
87
134
165
181
183
190
151
125
54
29
8
0
0
0
0
0
1
4
27
54
98
153
201
261
317
358
377
386
401
383
381
347
373
395
392
425
467
484
501
495
442
419
391
305
242
192
99
66
71
176
462
746
1037
1450
1488
1778
1747
2120
2313
2074
1578
1811
1473
1408
971
731
687
656
705
563
893
1117
991
1111
1099
899
722
654
665
901
999
1207
1313
1607
1529
1369
1460
1482
1366
1293
1459
1506
1670
1576
1355
1055
812
1085
897
584
645
613
483
625
778
554
731
596
586
1019
1225
881
508
342
173
34
18
69
149
215
338
430
597
954
985
928
895
636
331
251
273
273
214
123
44
14
0
6
67
108
158
209
157
56
25
4
8
1
41
23
6
17
6
3
20
50
2
3
15
12
16
32
22
18
22
36
46
31
33
25
34
15
14
133
473
743
795
725
589
423
247
164
132
159
152
135
181
141
124
81
48
24
15
5
1
0
0
1
1
0
2
2
9
11
12
16
12
3
1
3
31
35
2
4
2
1
23
20
62
228
379
453
439
501
505
426
364
285
198
192
140
109
96
62
45
22
14
2
1
9
154
776
1245
1619
1465
1276
1278
1492
1593
1351
1115
827
966
1127
1095
1022
894
831
672
550
457
455
402
420
450
496
471
456
437
378
345
319
262
230
209
155
130
114
82
62
74
133
247
310
316
374
358
312
483
448
482
477
391
387
398
377
362
320
283
238
264
213
241
216
229
301
270
262
264
441
504
571
455
178
578
871
650
607
352
46
364
608
640
847
876
509
978
1102
903
748
686
722
777
572
639
938
1193
1519
1705
1699
1566
1245
994
892
862
798
570
521
363
308
276
252
243
249
322
328
328
431
571
678
718
758
814
779
716
550
414
182
138
164
175
207
239
224
277
344
430
438
387
278
138
0
30
160
199
217
196
138
55
29
21
29
35
96
93
92
71
41
9
0
0
0
0
1
2
1
1
0
5
100
244
350
435
425
387
313
243
179
178
139
125
147
33
12
7
19
41
204
677
719
925
1111
977
1021
1004
902
644
592
690
700
990
1166
1132
1241
1290
1277
1350
1420
1349
1242
1165
1159
1187
931
577
436
330
398
522
698
772
853
870
832
1162
1252
1048
932
868
727
787
720
976
810
684
448
422
514
500
517
898
1104
854
1075
1180
1106
978
721
535
423
340
301
256
212
125
56
32
93
255
469
592
1117
1307
1336
1219
1155
911
631
787
1002
921
998
916
951
988
732
772
795
754
678
648
490
272
113
126
124
109
129
172
152
148
202
222
238
234
243
247
436
341
35
12
40
154
265
382
405
378
402
384
355
345
350
310
180
75
55
53
93
142
167
154
134
102
54
29
22
93
156
145
328
500
624
606
867
1065
889
685
662
477
669
846
1033
957
624
492
506
501
379
392
402
388
336
264
291
282
262
227
323
492
584
725
756
688
653
526
392
286
233
169
102
104
151
317
366
435
465
493
414
399
357
337
341
332
329
283
239
174
105
82
47
49
98
125
87
86
53
23
18
6
5
0
1
8
31
24
31
18
16
12
15
18
4
1
0
0
0
0
0
0
0
1
3
0
68
177
159
87
10
0
0
0
0
0
8
3
0
0
0
0
0
0
0
0
0
0
0
10
21
0
20
15
0
0
0
0
3
0
0
0
0
25
72
249
519
688
896
1092
1198
1316
1475
1438
1291
1076
849
642
485
256
101
55
81
110
121
112
83
23
6
67
76
87
138
162
49
70
133
95
59
25
61
129
128
143
157
70
30
98
130
79
2
34
76
143
191
172
119
37
0
108
164
148
78
27
24
112
228
499
647
635
623
576
389
150
282
267
290
373
409
379
413
400
370
270
182
144
108
67
132
195
147
103
85
77
30
0
0
59
97
122
94
66
55
10
13
30
27
42
48
63
53
13
3
11
17
22
46
191
369
574
651
598
442
205
31
149
206
207
244
292
352
302
214
160
97
36
43
44
59
23
16
15
24
23
24
16
7
9
30
40
31
31
43
34
46
78
64
45
24
10
2
1
1
1
1
5
19
22
18
7
11
29
46
67
100
163
187
175
141
124
88
31
8
23
32
27
22
26
27
30
36
62
68
54
34
13
4
26
52
57
45
33
11
10
53
84
96
129
134
131
99
34
5
40
59
93
121
110
76
57
38
6
0
5
37
60
44
39
61
51
2
24
90
129
104
44
9
1
9
16
17
24
17
5
33
81
88
81
53
23
0
23
85
71
65
69
53
27
7
6
1
0
7
15
35
49
47
39
27
27
15
5
0
3
7
84
63
65
47
23
33
25
17
23
42
43
62
102
85
63
117
134
104
56
20
7
11
11
2
0
0
1
2
1
8
32
39
31
31
29
22
19
6
12
28
40
50
62
69
32
9
10
2
5
15
22
27
15
9
0
5
7
1
1
13
21
15
15
18
8
3
0
0
2
0
0
0
0
0
0
0
1
4
14
21
26
26
21
51
21
6
9
2
2
10
1
0
0
0
0
0
1
0
0
0
0
0
2
0
0
0
1
0
0
4
9
7
14
22
7
39
6
2
1
0
0
2
4
5
4
5
21
30
7
39
22
9
5
0
1
11
8
6
10
9
25
55
10
45
6
14
28
10
0
0
0
1
2
10
52
103
128
108
62
40
54
31
71
42
18
13
20
4
0
1
12
33
42
39
27
14
28
38
9
0
2
8
7
19
11
21
32
39
50
42
26
41
58
102
95
66
52
58
56
77
38
17
13
14
4
0
2
1
20
21
24
12
51
35
3
12
20
61
81
107
128
139
135
161
140
142
122
97
83
63
98
197
381
515
643
607
630
574
485
476
410
349
370
401
386
317
255
165
74
41
26
6
18
40
41
41
66
73
70
33
9
5
7
14
26
22
11
11
14
23
22
23
21
7
11
56
68
69
77
68
82
67
49
37
57
55
42
57
44
30
21
11
24
14
9
2
4
3
0
1
0
0
1
2
8
31
40
73
109
201
217
244
299
316
362
407
434
452
420
446
435
390
468
470
409
345
335
237
172
117
117
89
85
91
119
113
169
184
218
157
206
145
102
61
88
111
157
188
235
274
275
258
236
168
109
100
88
147
155
133
97
83
120
177
217
288
316
421
472
581
705
761
805
905
881
932
897
1002
1199
1341
1553
1989
2172
2647
2952
3123
3008
3519
3768
4193
4302
4515
4369
4266
4168
3790
3538
3162
2790
2462
1981
1424
1109
950
1050
649
656
967
1081
1401
1779
2211
2377
1948
1585
1315
1284
1366
1457
1409
1366
1343
1307
1200
1088
915
843
723
585
464
270
180
96
73
48
36
38
64
74
152
215
236
253
280
323
403
393
445
396
422
451
375
358
347
249
222
226
181
150
104
96
84
41
36
28
17
28
12
3
2
3
3
0
1
0
0
0
0
0
0
0
0
0
0
0
0
0
1
1
1
0
0
0
0
0
0
0
0
0
0
2
0
0
4
6
58
85
38
32
49
51
56
54
34
22
16
14
16
9
3
1
2
1
1
0
0
0
0
0
0
0
0
0
0
0
0
0
0
0
0
0
0
0
0
0
0
3
4
1
0
2
0
1
0
7
0
0
0
0
0
0
0
0
0
9
12
30
57
69
101
124
170
195
226
223
255
281
373
551
597
573
527
592
652
706
616
682
836
808
863
832
836
783
786
694
626
478
408
352
261
219
142
83
55
66
57
46
45
67
68
95
107
105
127
138
172
188
189
227
284
300
307
349
367
333
277
193
114
39
10
3
7
9
12
19
23
14
10
16
12
17
27
61
126
170
244
338
367
435
462
543
493
564
521
580
566
557
520
485
457
451
352
310
314
224
177
127
123
174
232
264
260
214
82
66
85
155
202
201
188
106
111
63
64
61
68
92
64
71
84
91
64
52
60
51
40
11
4
11
12
8
17
11
0
1
5
12
5
1
3
3
4
6
7
2
1
2
0
2
0
1
0
16
59
173
332
445
504
463
425
318
230
140
86
44
35
9
5
4
0
0
0
0
0
0
0
0
1
2
1
1
2
43
130
210
284
288
293
271
222
208
202
171
146
113
114
99
96
70
50
46
43
89758
89494
0
0
0
0
0
0
0
0
0
0
0
0
0
0
0
0
0
0
