4156
4388
4489
4479
4421
2358
4131
3981
2033
2002
3769
20153
2171
2426
2539
2594
2656
2655
2637
2624
2738
2669
2507
2392
2349
2291
2213
2095
1936
1790
1706
1569
1433
1330
1191
1041
902
831
776
690
622
507
538
543
592
603
645
605
557
523
531
517
563
532
529
514
496
460
486
608
809
884
732
475
579
675
541
242
85
74
51
39
110
150
187
189
214
224
240
258
316
346
404
564
736
924
1023
1148
1238
1340
1499
1475
1427
1395
1371
1442
1421
1435
1521
1629
1757
1938
2097
2210
2347
2444
2773
3055
3175
3007
2917
2919
2866
2785
2697
2597
2390
2212
2130
1987
1696
1049
693
775
834
1078
1127
2040
2396
2522
2852
3277
3496
3449
3404
3664
3730
3746
3899
3883
3839
3697
3727
3771
3762
3604
3439
3266
3076
2856
2686
2475
2276
2083
1897
1815
1753
1735
1549
1365
1131
987
877
860
821
794
938
1070
1089
758
662
646
779
683
516
446
627
860
716
487
770
788
633
324
458
491
468
606
626
833
901
1235
1353
1328
1428
1483
1444
1251
1240
1172
1130
981
852
789
787
936
1130
860
851
675
756
992
998
1019
1177
1434
1834
2232
2380
2185
2572
2586
2617
2800
3169
3188
2918
2754
2742
2730
2581
2414
2600
2410
2171
1902
1811
1627
1458
1345
1259
1146
1002
912
907
891
842
764
690
605
570
543
505
439
363
323
285
204
153
83
68
78
101
126
94
46
45
68
136
337
552
814
1136
1405
1616
1779
1981
2111
2669
3149
2674
1388
1546
1578
1110
995
1010
981
756
877
839
662
563
439
428
423
392
382
374
323
295
361
339
290
255
185
207
257
334
413
551
656
780
900
1125
1302
1454
1602
1677
1527
1214
975
889
892
892
845
732
588
581
556
478
373
244
131
145
250
373
529
718
915
1171
1375
1543
1689
1841
1941
2082
2196
2263
2335
2306
2305
2318
2208
2179
2133
2085
2014
1961
1942
1942
1914
1804
1734
1662
1594
1530
1512
1454
1402
1388
1393
1370
1304
1212
1137
1077
992
916
864
808
875
1053
1358
1582
1689
1790
1812
1685
1510
1180
729
908
891
781
640
689
790
818
1057
1046
1126
1313
1560
1796
2048
2102
1995
2002
2160
2199
2156
2200
2343
2447
2557
2673
2716
2705
2808
2891
2911
3110
3271
3345
3264
3121
2962
2741
2533
2280
2149
1962
1747
1613
1733
2035
2257
2379
2290
2080
1679
1913
2481
2712
2811
2513
2048
1539
1476
1604
2087
2638
2613
2703
2781
3107
3304
3190
3089
3112
3183
3043
2886
2700
2649
2626
2561
2465
2338
2116
1814
1654
1759
1991
2227
2313
2329
2316
2342
2394
2423
2578
2709
2953
3195
3389
3539
3039
2292
1719
1409
1120
958
739
575
600
536
457
361
273
185
207
154
102
96
102
96
166
188
162
200
36
29
77
104
165
157
141
108
92
97
97
91
123
128
125
128
101
106
147
162
151
137
116
124
94
76
26
33
27
36
106
167
176
177
169
181
223
209
147
67
37
46
53
33
33
53
28
11
3
1
6
10
14
8
5
10
5
2
4
2
3
7
10
4
6
8
7
10
7
5
13
10
30
31
48
221
601
1012
1202
1679
2241
2696
2647
2334
1907
1974
2067
1806
1743
1714
1568
1482
1355
1256
1017
734
439
232
351
370
297
239
330
434
576
787
1020
1311
1705
2272
2810
3224
3488
3462
2968
2382
1769
1356
1018
776
573
363
240
205
154
133
121
108
82
44
21
3
2
2
0
0
0
0
15
48
65
49
20
9
14
46
66
68
78
93
116
105
117
74
67
45
48
73
79
116
191
322
428
491
538
489
489
434
417
396
317
286
238
245
293
396
439
346
253
216
189
161
143
144
177
201
199
200
264
355
376
362
285
231
241
228
206
172
166
156
115
83
78
65
71
86
95
79
40
28
17
33
29
26
26
18
14
18
24
16
10
7
18
60
108
114
103
69
117
102
68
51
33
22
12
16
38
13
0
1
5
4
2
10
12
10
3
13
13
3
6
10
9
3
6
0
11
15
17
29
18
6
2
10
28
37
35
38
28
49
60
42
29
19
9
12
15
26
27
43
35
28
27
56
39
36
65
80
74
70
84
115
140
183
244
293
372
451
532
610
633
667
708
765
833
888
945
1033
1124
1211
1299
1481
1712
1950
2174
2406
2617
2797
2993
3116
3175
3261
3328
3376
3344
3319
3337
3332
3295
3299
3260
3173
3058
2959
2772
2611
2453
2223
1972
1763
1618
1495
1339
1131
929
766
746
723
806
1212
1520
1876
2400
2387
2257
2189
2049
1852
1723
1480
1176
858
698
603
443
295
254
263
363
372
321
284
253
238
214
197
196
143
101
82
106
104
103
102
107
108
92
113
151
219
222
193
203
193
210
176
111
108
36
15
14
31
32
45
55
80
88
104
109
85
97
119
131
153
220
278
382
570
707
880
1093
1304
1594
1902
2125
2253
2881
3498
4170
4490
4908
4530
3999
4451
4471
4323
3995
3950
4168
4120
3837
3470
3449
3429
3240
2899
2837
2881
2966
2800
2477
2569
2511
2283
2117
2048
1872
1618
1383
1246
1424
1558
2000
2107
1690
1429
1376
1388
1556
1714
1668
1618
1394
1152
1195
1465
1972
2253
2204
1949
1767
1493
1122
822
579
459
432
458
503
563
516
495
497
524
557
581
599
555
500
646
281
101
31
194
317
466
615
899
1198
1538
1750
1842
1735
1496
1288
1046
875
537
282
739
1055
1329
1496
1448
1547
1617
1391
1197
1092
824
687
476
429
514
439
347
262
124
27
29
54
67
55
30
24
15
11
17
21
29
22
20
16
16
17
10
5
2
2
4
13
23
22
14
1
2
7
5
7
15
12
24
4
0
30
23
9
70
205
298
558
998
1524
2154
2247
2250
2129
1795
1473
1149
1116
1115
1099
831
797
832
862
1039
1150
1268
1305
1232
996
862
686
706
763
906
1101
1162
1122
1123
1053
989
954
927
1004
938
907
896
915
968
1035
1121
1242
1370
1577
1820
2027
2260
2504
2817
3033
3211
3333
3451
3553
3652
3686
3762
3824
3978
4180
4280
4409
4011
3456
3414
3133
2971
2906
2763
2459
2114
1818
1636
1564
1419
1246
1021
894
852
831
746
632
573
432
365
304
233
222
223
183
138
88
114
232
271
235
267
507
806
1109
1248
1406
1486
1674
1862
1952
2564
2610
2946
3368
3520
3582
3679
3776
3804
3782
3743
3802
3788
3697
3562
3415
3531
3463
3323
3239
3009
2823
2546
2309
2041
1890
1827
1768
1860
1960
1880
1734
1365
1164
1126
911
462
662
737
771
767
725
848
713
530
438
218
791
1282
1426
577
1228
1067
436
736
1049
715
447
637
309
565
845
708
412
668
464
219
184
140
78
99
80
74
30
45
27
24
118
194
267
349
514
668
825
947
1067
1185
1062
1419
1544
1664
1622
1771
2091
2237
2147
1990
1845
1889
1952
1988
1951
1932
1874
1874
1754
1643
1792
1411
1475
1325
1153
1052
974
753
462
201
206
333
346
342
385
345
415
431
381
390
380
400
415
456
412
438
520
656
781
916
1001
1062
1169
1110
1132
1081
1130
1131
930
827
723
665
763
797
952
1126
1282
1408
1626
1646
1593
1739
2119
2111
1730
1408
1308
1135
1122
1159
1160
1120
924
517
648
672
619
626
661
747
838
810
789
763
800
792
870
886
1005
1113
1101
1274
1250
1139
914
971
1210
1246
1076
1059
1142
1094
954
766
669
596
502
444
431
442
505
570
604
579
512
352
302
442
485
534
572
811
1027
1423
1801
2117
2227
1898
1869
1888
2030
1709
1357
1214
1232
1647
1117
1175
1174
1091
915
817
894
933
958
1069
1365
1625
1748
1908
1779
1074
1013
932
576
470
628
624
348
592
1012
1349
1693
1961
2301
2432
2417
2147
1769
1472
1342
1468
1747
2131
2294
2604
2939
2927
2172
1836
1794
1682
1446
1795
1839
1403
1165
1357
1881
2172
2231
2101
1670
1146
1492
2005
2260
2053
1625
1177
977
1070
997
608
469
544
546
469
489
537
517
446
389
664
572
744
1117
1514
1682
1730
1733
1629
1478
1219
1092
1041
1014
1139
1264
1533
1906
2228
2581
2824
2977
3021
2955
2680
2457
2128
1723
1489
1192
1164
1170
1082
1092
1201
1150
1131
993
797
633
511
524
596
658
658
621
650
686
700
765
760
902
1128
1537
1940
2118
1947
1637
2030
2435
2337
1447
1699
2324
2778
2658
2090
1258
1061
1292
1524
1383
1017
1064
1140
1084
1159
1065
1064
972
945
1174
1234
1232
1367
1674
1502
1638
1584
1539
1523
1543
1595
1520
1540
1503
1437
1430
1345
1245
1598
1526
1355
1609
1763
1721
1552
1432
1290
1226
1021
834
575
637
782
852
946
1060
1360
1869
2437
2848
2975
2863
2621
2639
2713
2679
2743
2434
2005
1500
954
946
1254
1687
1881
1725
1503
1317
1593
1927
2536
2239
1682
1874
1835
1668
1254
1042
673
573
560
526
406
322
242
642
805
601
1894
2602
2849
2810
3082
3624
3705
3751
3549
3037
2362
2208
2997
3325
3081
2210
1012
857
1478
1656
1727
1803
2024
2217
2246
2024
1559
888
428
566
702
686
681
617
545
461
235
112
118
152
178
128
69
26
21
33
60
136
215
306
363
269
228
579
900
955
750
408
198
321
313
233
134
96
172
493
1031
1483
1865
2264
2453
2518
2499
2346
2112
1990
1868
1946
2040
2235
2449
2615
2737
2830
2815
2759
2551
2346
2037
1593
844
766
1282
1931
1991
2488
2870
3403
3607
3529
3089
2622
2180
1738
1425
1271
1202
1336
1477
1587
1750
2027
2649
3580
4134
4577
4979
4824
4536
3265
2275
2142
2641
2491
1929
1493
904
1146
1154
985
1231
1559
2055
2494
2595
2535
2312
2520
2651
2434
2165
1761
1449
1286
1074
1121
1106
1096
1111
1070
1017
830
1493
1754
1477
927
1320
1244
695
670
854
684
660
667
582
471
342
293
300
403
546
598
653
673
671
661
649
642
596
624
737
830
923
1037
1163
1217
1248
1190
1187
1088
1052
876
813
732
701
621
497
445
445
452
437
424
387
336
253
199
177
163
144
120
115
114
98
79
58
37
33
23
13
19
43
37
67
97
87
98
106
108
104
133
136
132
123
130
135
145
161
149
139
147
207
242
269
274
270
278
339
371
357
368
406
444
500
507
515
596
596
800
1047
1197
1333
1342
1318
1103
933
889
1051
1132
1220
1391
1386
1278
1054
812
790
788
667
532
424
192
185
412
619
718
725
736
667
596
513
418
328
208
50
96
162
158
132
85
4
0
43
105
101
93
56
6
1
3
14
20
23
25
25
4
3
3
2
1
0
0
0
0
0
0
1
11
15
13
26
11
1
6
18
17
12
20
3
2
3
1
1
0
0
0
0
0
0
0
0
0
0
3
0
0
0
0
0
0
0
0
0
0
0
0
0
0
0
0
0
0
0
21
3
0
4
6
2
0
0
0
0
0
0
0
0
0
0
0
0
0
0
1
0
0
0
0
0
0
0
0
0
0
0
0
0
0
0
0
0
4
23
3
0
10
5
0
0
0
0
0
0
0
0
0
0
1
2
14
6
1
6
29
32
21
13
9
3
0
0
0
0
0
2
5
3
0
0
0
2
0
0
0
0
0
0
19
1
4
9
1
0
0
0
0
0
0
0
0
0
0
0
0
0
0
0
0
0
0
0
0
0
0
0
0
17
7
0
11
1
0
0
0
0
0
0
0
0
0
0
0
1
0
0
0
0
1
3
2
3
22
55
12
7
10
5
0
0
1
6
8
12
8
12
6
5
3
0
0
0
0
0
4
3
7
2
0
0
0
12
23
1
1
5
5
4
3
2
0
1
1
11
29
37
29
48
52
42
37
31
15
18
14
18
32
52
17
36
35
37
33
23
24
27
18
23
10
15
17
11
7
3
1
0
0
0
0
0
26
0
0
2
0
0
0
0
0
0
0
0
0
0
0
0
0
0
0
0
6
14
0
3
1
0
0
0
0
0
0
13
14
0
3
8
5
0
0
0
0
0
0
0
0
0
0
0
0
0
0
0
0
0
0
0
0
0
0
0
0
0
0
0
0
0
0
0
0
0
0
0
0
13
15
0
3
4
1
0
0
0
0
0
0
17
1
1
23
34
27
8
0
0
0
2
0
0
0
0
0
0
0
0
0
0
0
0
0
0
0
0
0
0
0
0
0
0
0
0
0
0
0
0
0
0
0
0
0
0
1
1
0
0
0
0
0
0
9
16
0
0
5
0
1
0
0
0
0
0
0
0
0
0
0
0
0
0
0
2
53
185
387
527
625
666
660
570
411
273
131
57
14
3
4
2
1
1
0
0
0
1
0
0
0
0
0
0
0
0
0
0
0
0
0
0
0
0
0
0
0
0
0
0
23
3
1
5
2
0
0
0
0
0
0
0
0
0
0
0
4
8
0
0
2
0
5
4
0
0
0
0
0
0
1
0
0
0
0
0
0
0
0
0
0
0
0
1
0
0
0
0
0
75
13
20
8
15
19
24
25
6
13
1
2
3
6
3
0
1
0
0
0
0
0
0
0
0
0
0
0
0
0
0
0
0
0
0
0
0
0
0
0
7
12
0
0
2
0
0
0
0
0
0
0
0
0
0
0
0
1
0
1
0
0
0
0
0
0
0
2
0
0
0
0
0
0
1
15
3
0
3
1
3
1
0
0
4
0
0
0
0
0
0
0
0
0
0
0
0
0
0
2
3
15
46
87
130
185
183
193
166
115
83
78
62
48
39
18
7
4
0
0
0
0
0
0
0
0
0
1
2
0
0
2
1
0
0
0
0
0
0
0
0
0
0
6
13
6
5
7
0
0
18
60
104
118
90
68
42
29
12
1
0
0
0
0
0
0
0
0
0
0
2
5
14
2
0
0
0
4
11
6
3
4
0
2
0
1
0
0
4
8
0
2
1
0
0
0
0
0
0
0
0
0
0
0
0
0
0
0
0
0
0
0
0
0
0
0
0
0
0
0
0
0
0
0
0
0
9
14
0
1
4
2
0
0
0
2
0
5
0
0
0
0
0
13
41
113
126
167
170
153
81
65
25
8
1
0
0
0
0
0
0
0
0
0
0
0
0
0
5
13
26
47
81
103
121
114
94
75
35
20
4
0
0
0
0
0
0
4
11
2
10
12
12
12
10
17
10
9
4
8
9
4
13
4
3
1
0
1
0
0
0
0
0
0
0
0
0
0
0
0
0
0
0
0
0
0
0
0
2
14
2
0
0
1
0
0
0
0
0
0
10
10
17
6
9
11
9
12
10
15
20
32
54
69
54
58
55
74
124
137
141
151
139
105
89
60
30
16
6
8
2
1
0
3
8
8
5
0
0
0
0
0
1
0
0
0
0
0
3
22
6
1
2
4
0
0
0
0
0
0
0
0
0
0
0
0
0
0
0
0
0
6
6
0
0
0
0
0
0
0
1
0
0
0
0
0
0
0
0
0
0
0
0
0
0
0
0
0
0
0
1
22
105
86
19
1
6
7
0
0
0
0
18
51
113
190
195
195
234
228
213
172
171
169
154
131
106
107
109
92
87
63
55
28
52
25
21
10
5
0
1
3
34
44
63
55
61
53
43
26
8
1
1
0
2
1
0
0
1
0
6
2
3
3
0
0
2
0
9
17
20
14
34
42
57
70
79
80
87
76
94
110
113
109
128
73
33
35
51
78
107
120
115
85
19
8
8
49
127
159
164
142
85
27
5
14
54
169
279
350
348
323
264
230
210
164
141
163
208
245
251
286
310
275
272
230
200
188
168
143
122
142
141
111
72
35
12
0
0
6
14
11
3
0
3
28
68
86
42
5
8
5
0
32
14
4
12
2
2
36
34
0
4
3
0
77
82
24
1
0
0
6
25
4
12
13
0
0
19
43
9
0
0
5
0
0
0
0
0
1
0
0
0
1
0
0
0
0
0
0
0
0
0
0
0
0
21
13
0
3
2
0
0
0
0
0
0
0
0
0
0
0
0
0
0
0
0
0
0
1
1
1
0
0
3
1
0
4
0
0
0
0
3
0
0
0
0
0
0
1
0
0
0
0
0
0
0
0
0
0
0
0
0
0
0
0
0
0
0
0
0
0
0
0
0
0
0
0
13
8
0
10
2
0
0
0
0
1
15
0
2
3
1
0
0
0
0
0
0
0
0
0
0
0
0
0
0
0
0
0
0
0
0
2
10
0
0
0
0
0
0
0
0
0
0
0
0
0
0
0
0
0
0
0
0
0
0
0
0
0
0
0
0
0
0
0
0
0
9
17
0
5
3
0
0
0
0
0
0
0
0
0
0
0
0
1
0
0
0
0
0
0
0
1
0
0
0
0
0
0
0
0
0
0
15
8
0
3
1
1
0
0
0
2
0
0
0
0
0
0
0
0
0
0
0
0
0
0
0
0
0
0
0
0
0
0
0
0
0
0
0
0
0
0
0
3
11
34
19
33
36
18
13
1
8
6
20
30
42
38
48
70
125
161
210
228
222
207
176
122
91
86
76
81
124
104
74
31
17
2
0
1
13
42
55
65
46
24
0
0
0
0
16
55
91
135
139
137
134
64
17
31
57
58
79
99
113
99
78
17
0
56
126
85
20
63
102
71
160
232
342
251
76
26
159
234
126
28
74
188
287
232
238
265
346
371
286
216
195
233
350
367
273
240
248
222
226
286
411
530
598
682
890
1079
1205
1309
1430
1601
1738
1867
1972
2139
2251
2325
2388
2408
2441
2457
2439
2383
2458
2439
2437
2447
2365
2367
2312
2233
2193
2055
2942
1917
1790
1647
1514
1383
1254
1107
960
832
661
553
465
387
335
321
304
303
313
323
362
379
412
390
397
361
345
312
315
298
280
255
202
185
156
108
44
15
14
12
31
52
63
66
56
59
73
93
113
137
150
155
153
145
136
148
141
128
136
129
135
139
138
130
139
178
154
147
136
102
7
0
0
87
172
244
300
426
553
731
878
1027
1226
1402
1627
1778
1962
2123
2301
2413
2632
2782
2945
3096
3160
3152
3099
3074
3014
2872
2729
2460
2284
2099
1880
1685
1493
1264
1083
874
743
596
464
413
332
268
209
169
107
39
3
2
40
155
312
489
575
594
564
410
299
294
290
328
295
283
253
222
205
209
170
153
124
93
107
96
85
66
70
70
55
50
26
14
19
40
49
89
70
107
233
365
425
377
307
297
325
401
402
430
493
464
422
349
302
355
369
317
238
211
171
128
108
75
102
86
99
145
260
388
525
672
866
938
1072
1137
1263
1317
1401
1548
1698
1797
1914
2001
2066
2112
2086
2077
2086
1978
1958
1916
1840
1792
1730
1637
1544
1440
1298
1165
1002
887
761
657
520
364
272
211
97
34
8
79
476
839
1003
918
860
795
693
600
560
552
530
498
456
413
393
401
358
324
285
256
300
437
620
763
775
706
597
578
863
1828
2576
3330
3892
3428
2970
2403
2105
1941
1922
2010
2248
2340
2278
2548
2718
2414
1642
1226
1408
1340
957
936
1006
1001
1468
2260
2916
3196
3210
3161
3408
3761
4236
4484
4634
4907
5086
5014
4777
4512
4251
4131
3997
3787
3563
3423
3277
2998
2634
2145
1795
1746
1812
1606
1231
1006
985
944
883
1055
1079
1213
1357
1425
1344
1319
1227
944
795
636
504
483
378
336
169
229
251
241
157
71
27
39
27
32
38
21
13
29
73
102
120
141
144
149
142
125
123
118
128
141
132
118
125
111
80
60
57
37
27
30
2
2
0
0
0
1
20
11
14
6
2
8
24
19
13
16
15
21
20
44
91
116
130
141
156
166
158
154
141
123
108
124
149
146
128
136
123
104
103
93
105
109
143
132
116
147
176
137
92
40
6
4
10
26
44
62
59
66
64
70
98
122
149
143
149
163
201
244
276
281
248
249
241
257
228
232
198
175
201
229
240
244
231
242
231
218
197
184
211
185
173
146
107
74
62
60
51
36
18
11
14
24
45
44
70
60
64
75
103
104
76
42
19
16
11
12
9
9
21
21
32
57
121
197
216
206
168
155
295
219
214
207
229
243
169
89
64
77
49
24
27
48
62
20
8
0
4
1
0
1
32
64
95
71
104
99
46
78
91
83
89
48
11
49
81
100
102
149
205
225
242
213
200
229
270
259
249
248
250
227
150
64
10
3
43
36
22
56
50
55
86
83
100
121
97
117
135
131
128
98
82
42
5
1
3
20
29
61
78
104
132
153
163
182
178
185
150
93
21
0
10
5
1
0
12
85
133
168
185
195
215
201
228
235
225
175
93
9
8
11
31
42
40
24
17
1
2
4
8
43
89
130
155
181
173
65
4
6
6
2
0
0
0
0
0
0
0
0
0
0
0
0
1
0
1
60
63
16
12
55
32
27
2
22
47
60
74
101
89
89
112
128
79
48
84
62
53
131
169
155
179
176
87
113
186
157
133
150
119
34
81
133
126
78
5
29
16
68
187
191
225
270
219
156
146
163
187
192
214
223
308
417
426
460
441
469
466
465
451
469
456
481
453
444
397
381
374
335
354
310
291
273
248
201
149
109
50
60
47
21
42
122
217
299
356
402
463
560
619
738
796
868
877
1037
1130
1273
1401
1458
1495
1560
1581
1638
1653
1673
1675
1612
1588
1557
1490
1480
1440
1364
1364
1360
1311
1247
1207
1141
1096
1062
981
905
817
728
656
599
591
541
488
448
427
376
366
330
309
304
274
267
248
233
224
188
157
145
114
77
26
4
3
4
8
14
20
41
59
66
89
103
121
128
129
134
135
123
132
126
111
125
117
120
126
128
138
150
156
160
165
148
153
140
143
132
135
125
124
117
111
90
94
65
58
60
61
59
37
35
33
9
23
9
18
0
3
3
0
1
0
0
0
0
0
0
0
10
14
0
4
5
1
0
0
0
0
0
0
0
0
0
0
0
0
0
0
0
0
0
0
0
0
0
0
0
0
0
0
0
0
0
0
0
0
0
0
0
0
0
1
0
1
0
1
1
1
3
9
26
37
206
33
34
90
306
650
866
905
861
670
412
252
169
113
85
66
62
44
31
13
14
8
3
3
4
8
2
5
6
3
7
6
7
2
0
1
0
2
0
0
0
0
0
0
0
0
0
0
28
1
1
3
1
0
0
0
0
0
0
0
0
0
1
0
0
0
0
0
0
1
3
2
44
65
26
56
70
61
33
6
3
7
1
0
0
1
7
6
11
13
40
49
51
77
109
119
127
155
156
152
184
186
190
172
183
164
168
181
163
164
163
144
154
142
157
193
222
311
403
473
554
599
595
591
492
408
305
229
229
266
393
530
746
1057
1333
1621
1892
2153
2315
2418
2541
2637
2545
2656
2604
2560
2426
2331
2214
2099
1961
1821
1683
1530
1435
1354
1258
1148
1034
964
904
862
800
749
679
650
576
507
460
452
530
610
693
704
665
574
463
381
345
292
214
128
117
168
262
295
352
383
417
459
466
443
426
395
371
330
347
302
291
247
223
200
203
180
159
138
116
114
91
66
49
28
11
1
0
0
1
0
0
0
0
0
15
8
2
7
4
1
6
5
5
2
1
0
1
1
2
0
0
0
0
0
0
0
9
8
0
1
2
2
0
0
3
22
41
46
42
24
15
4
1
0
0
0
2
0
0
1
2
5
2
15
19
22
11
6
8
5
6
9
11
9
1
0
0
0
0
0
0
0
0
0
7
2
17
15
10
24
19
38
35
42
36
45
46
59
59
61
56
69
66
54
22
24
10
8
16
21
16
39
95
109
109
60
19
1
0
0
0
0
0
0
0
0
0
2
1
2
3
2
5
1
2
3
0
12
28
28
35
38
39
47
45
46
20
18
57
61
84
86
109
103
110
100
58
60
45
29
26
19
14
3
3
3
0
0
0
0
0
0
0
0
0
0
0
0
0
0
0
0
0
1
0
0
0
3
0
0
0
0
0
0
0
2
8
8
5
37
134
239
330
343
258
183
212
270
256
286
301
322
344
325
309
301
277
239
197
153
102
54
20
9
5
8
19
20
14
10
6
6
3
2
1
2
6
6
10
12
35
23
29
19
3
2
0
0
0
0
0
2
0
0
0
0
0
0
0
0
0
0
0
0
0
0
0
0
0
0
0
0
0
0
0
0
0
0
0
0
0
0
0
0
0
0
0
0
0
0
0
0
0
3
15
4
0
1
3
1
0
0
0
0
0
0
0
1
0
0
0
0
0
0
0
0
0
0
0
0
0
0
0
0
0
0
0
0
0
0
0
0
1
1
0
0
0
0
0
0
0
0
0
0
0
0
0
0
0
0
0
0
10
16
0
16
84
92
20
5
68
52
2
43
65
20
26
8
0
9
39
7
0
51
0
9
1
4
1
27
116
165
206
238
281
267
302
320
357
363
379
385
437
423
406
367
343
296
249
231
229
244
227
188
139
88
24
11
0
3
10
30
67
156
417
564
841
1002
1541
2096
2452
2539
2609
2641
2480
2145
1828
1310
825
831
790
589
535
457
284
280
520
868
990
979
1041
1286
1443
1704
1901
2083
2313
2494
2576
2513
2326
1915
1636
1338
1408
1593
1568
1434
1189
1357
1394
1358
1345
1267
1213
1180
1174
1242
1321
1369
1456
1462
1368
1227
1124
1047
998
941
887
867
852
844
805
759
676
644
602
574
565
517
530
467
455
434
434
410
410
356
326
272
246
247
216
203
188
167
149
117
61
13
5
1
0
1
0
1
2
17
67
97
110
151
173
184
232
258
253
282
277
282
307
294
295
309
268
280
267
267
270
249
222
212
216
203
178
182
178
173
188
190
151
128
103
101
86
81
64
47
50
24
14
29
7
0
2
1
0
1
0
0
2
5
25
20
55
67
98
111
135
160
164
184
191
204
221
243
266
261
248
269
229
219
233
225
203
206
231
198
167
172
178
178
165
160
139
140
148
174
199
222
243
243
255
250
264
255
258
251
265
241
241
228
236
220
203
207
171
124
44
4
3
2
7
6
9
10
22
30
30
35
43
66
122
148
135
76
47
18
0
0
0
1
0
0
0
0
0
6
10
13
7
6
5
5
6
9
11
10
10
22
15
4
17
10
16
6
9
3
8
10
7
8
12
16
278
349
266
67
105
259
178
159
74
29
36
50
126
128
57
49
56
96
154
170
126
84
98
96
142
179
189
167
135
118
159
201
279
259
200
196
218
161
110
156
209
260
237
173
131
94
128
131
159
208
211
188
154
122
102
90
92
101
119
132
154
162
163
169
205
219
261
287
316
328
342
309
309
310
304
323
322
314
300
314
320
322
244
163
177
385
547
460
237
152
120
202
289
174
91
74
92
109
86
101
142
174
218
209
197
205
198
186
194
187
180
189
180
186
191
168
109
78
48
15
5
1
4
12
46
58
20
24
44
76
174
264
283
370
432
560
620
767
833
875
986
1043
1108
1189
1304
1348
1451
1503
1640
1691
1697
1712
1728
1739
1827
1892
1892
1849
1847
1806
1761
1688
1639
1604
1586
1481
1420
1294
1210
1173
1133
1039
972
848
877
872
910
910
996
1123
1247
1351
1280
1058
824
660
578
493
438
529
284
243
194
149
84
68
66
93
159
181
170
185
259
262
262
251
221
212
182
129
69
54
55
29
27
9
1
0
1
0
3
7
13
16
15
3
1
6
22
40
72
125
202
250
199
137
136
132
160
162
177
157
153
137
125
96
68
49
50
36
15
4
40
51
104
280
448
584
747
778
611
448
255
81
64
86
65
26
23
16
5
15
16
7
17
2
1
6
1
4
0
0
0
0
0
0
0
0
0
0
0
0
1
1
4
4
15
25
37
44
54
50
60
31
53
18
14
19
28
4
7
3
7
28
5
7
3
19
79
211
340
446
457
393
317
168
94
58
114
220
336
420
432
398
347
370
428
516
504
487
451
422
389
389
360
311
296
266
221
182
142
98
90
99
84
126
216
305
393
533
646
743
896
1098
1403
1563
1568
1588
1744
1979
2141
2199
1938
1997
2153
2363
2447
2433
2414
2632
3101
3261
3329
3291
3179
3016
2752
2347
2154
2148
2252
2293
2331
2291
2201
2100
1932
1766
1564
1389
1187
994
789
600
481
440
318
185
125
130
156
74
109
237
306
291
305
350
378
367
328
243
169
148
130
138
129
106
59
62
23
5
7
1
2
10
79
140
122
53
12
11
29
121
195
190
198
306
298
287
245
248
301
351
329
313
320
316
317
321
331
506
766
1100
1444
1578
1711
1702
1474
1085
1173
1048
978
758
655
780
621
549
488
355
173
112
148
150
184
184
108
82
145
113
57
12
29
30
16
6
4
9
22
10
10
10
3
19
15
0
8
12
23
20
47
65
39
24
30
29
63
60
141
146
166
135
130
207
417
574
713
804
886
962
914
781
842
1087
1313
1727
2112
2418
2541
2736
2824
2890
3101
3378
3511
3663
3921
4115
4079
4059
3911
3682
3364
3194
3146
3024
2876
2705
2571
2392
2248
2084
1867
1736
1633
1497
1382
1285
949
727
582
457
350
154
87
98
174
256
282
310
304
307
333
328
328
323
305
297
307
343
384
422
473
474
470
444
438
405
408
445
554
714
907
1064
1297
1730
3190
3608
2902
2407
1899
1453
1040
711
540
459
394
238
152
132
169
213
266
285
280
300
306
238
126
100
113
243
302
231
136
80
49
60
98
162
193
227
227
189
129
80
185
348
399
311
196
116
54
46
93
118
102
123
120
114
109
111
99
83
77
139
194
171
108
99
94
99
121
110
110
136
162
166
169
141
128
168
209
322
337
341
360
387
498
822
714
922
1033
1245
1531
1719
1918
2055
2260
2395
2431
2230
1837
1508
1193
845
583
547
450
503
485
442
441
379
398
440
451
400
386
312
244
209
255
370
468
504
457
465
526
578
546
427
285
119
90
105
99
142
194
140
133
136
102
119
78
33
7
11
28
80
91
93
55
80
100
107
113
109
134
134
137
121
73
67
49
40
26
16
7
9
11
3
0
1
3
9
4
5
1
0
0
0
4
1
0
0
4
28
0
5
6
5
12
14
4
0
12
13
18
4
0
0
0
0
0
0
0
0
0
0
0
0
4
0
0
0
2
0
0
0
1
1
0
27
4
0
5
3
1
0
0
0
0
0
0
0
0
0
0
0
0
0
0
0
0
0
0
0
0
0
0
0
0
4
32
2
1
9
5
2
0
0
0
1
2
2
2
5
40
85
116
136
121
105
95
85
31
16
22
35
59
73
95
126
186
237
327
347
392
414
430
481
560
599
670
737
824
920
942
1003
1116
1207
1308
1389
1524
1588
1647
1747
1757
1775
1797
1800
1806
1787
1792
1808
1764
1729
1679
1622
1614
1548
1529
1493
1472
1385
1315
1213
1124
1098
1011
933
855
833
789
684
665
621
551
490
407
333
116
13
24
110
208
242
297
349
354
374
489
527
574
592
649
677
732
798
837
861
917
974
1005
1014
1005
970
970
957
951
914
879
883
870
838
816
823
773
787
706
719
689
670
606
607
568
517
490
432
371
285
187
71
0
41
181
244
354
458
585
731
917
1079
1216
1323
1417
1511
1588
1663
1662
1670
1668
1615
1599
1549
1503
1487
1435
1362
1362
1282
1242
1156
1113
1044
1006
992
885
848
796
697
626
507
466
374
305
232
173
132
23
2
0
15
85
132
177
248
310
408
499
651
909
1100
1362
1528
1604
1662
1540
1416
1249
1029
847
724
658
602
607
615
628
644
656
622
596
588
569
578
546
526
479
467
466
484
498
467
458
430
367
334
271
173
74
52
106
191
218
244
279
325
375
411
421
424
436
441
468
465
454
418
356
309
327
278
284
281
281
235
206
165
143
84
61
14
11
3
0
13
7
0
0
0
0
0
0
0
0
5
2
3
0
0
0
0
0
0
0
0
7
18
15
5
6
12
29
0
5
8
5
17
15
23
11
63
84
109
124
129
131
140
151
165
159
143
160
152
144
145
140
115
137
112
104
94
66
65
82
99
99
93
101
168
131
111
99
97
111
111
99
94
78
69
32
22
4
10
1
0
0
0
0
0
0
0
0
0
0
0
0
0
0
0
0
0
0
0
0
0
0
0
0
0
0
1
0
3
1
3
0
2
10
17
8
4
44
10
21
22
36
83
138
134
120
91
46
36
41
49
62
82
79
71
69
71
107
165
252
347
417
523
585
729
801
952
1001
1133
1250
1331
1381
1438
1464
1504
1554
1563
1620
1660
1697
1673
1666
1620
1559
1545
1434
1444
1387
1339
1320
1271
1240
1212
1181
1151
1050
978
912
893
818
768
733
709
661
599
546
488
417
378
300
257
216
216
211
210
217
202
195
194
186
190
197
196
205
236
255
279
289
318
362
371
389
412
400
395
414
389
379
368
330
324
300
292
261
269
245
254
232
234
213
201
165
136
105
81
45
33
9
0
0
0
0
8
14
7
10
6
2
2
28
167
204
184
209
245
264
266
303
328
335
358
367
359
391
394
382
374
362
340
299
263
240
143
79
95
164
246
305
424
590
811
973
1146
1376
1499
1593
1720
1784
1891
1928
1967
1948
1968
1955
2042
2077
2161
2151
2168
2199
2174
2160
2125
2060
2014
1943
1865
1796
1743
1645
1531
1373
1202
1104
957
871
787
773
677
564
514
500
519
486
474
783
1010
1446
1388
1024
692
320
93
38
8
3
16
25
14
23
15
15
21
23
23
18
20
21
25
18
18
13
18
49
54
76
97
127
136
136
149
170
176
186
197
189
195
189
189
183
196
177
168
143
114
69
22
9
0
2
0
0
0
0
0
0
0
0
0
0
3
5
3
8
0
8
6
6
4
5
13
23
46
7
15
27
26
9
25
29
37
59
33
31
53
63
37
47
47
33
25
14
16
8
9
5
5
0
2
0
1
0
0
1
0
0
0
0
1
2
0
7
1
2
0
4
0
1
33
74
142
175
189
184
111
54
16
0
0
1
0
0
0
0
3
38
91
172
260
327
381
398
454
544
651
785
913
1102
1408
1732
2017
2235
2346
2120
2014
2090
2115
2081
2009
2006
1930
1841
1714
1620
1589
1535
1472
1435
1336
1252
1211
1130
1058
974
878
818
736
646
519
435
346
292
191
118
5
3
38
127
187
238
301
376
457
565
647
721
823
926
1022
1111
1163
1220
1284
1373
1441
1501
1561
1610
1673
1678
1672
1672
1664
1689
1695
1690
1737
1806
1763
1700
1757
1886
2113
2343
2280
2100
2020
1887
2071
1989
1659
1362
1174
1093
1543
882
693
420
298
140
96
85
46
29
21
16
15
28
103
58
46
79
156
189
92
74
122
209
225
233
269
230
297
365
375
355
372
371
375
419
492
553
576
626
752
937
991
1018
1053
1114
1229
1172
1121
992
926
851
752
682
588
439
265
185
178
187
209
237
241
170
146
132
110
104
118
159
169
159
141
182
192
190
257
341
447
677
874
948
989
934
867
835
888
1054
1117
1085
1062
926
904
935
963
1007
1036
1049
1047
1014
938
866
818
816
836
863
827
832
855
844
800
780
780
777
768
760
755
737
701
725
748
822
802
824
841
865
793
827
847
807
856
895
859
901
905
881
883
923
912
897
868
830
806
771
775
707
691
618
585
520
502
432
382
320
263
223
154
77
55
51
121
311
462
574
638
682
707
760
801
872
967
1031
1129
1231
1258
1381
1456
1537
1538
1621
1647
1687
1791
1861
1871
1898
1944
1976
2004
2015
2050
2032
2046
2085
2066
2068
2021
1957
1855
1806
1697
1581
1496
1398
1266
1174
1053
964
866
762
743
688
603
499
428
378
347
316
289
276
199
143
78
37
79
174
323
450
552
621
725
807
934
1012
1068
1236
1424
1539
1648
1730
1811
1910
1976
2036
2092
2169
2186
2183
2127
2027
1966
1943
1934
1960
1966
1920
1847
1769
1695
1553
1652
1645
1636
1601
1534
1454
1337
1268
1177
1135
1081
1039
971
899
843
786
736
655
596
516
452
389
322
251
216
183
137
38
10
21
71
168
202
248
299
342
438
458
527
592
651
729
815
898
898
941
1035
1109
1178
1265
1343
1457
1540
1552
1563
1614
1666
1665
1688
1685
1673
1677
1713
1679
1680
1665
1634
1664
1677
1649
1629
1571
1569
1495
1455
1399
1357
1269
1148
1142
1123
1087
1076
1011
1010
977
938
850
813
846
887
912
922
890
868
867
841
812
757
758
833
847
813
740
724
753
759
742
771
666
596
507
563
609
576
397
350
347
317
202
148
101
60
21
11
0
6
17
22
24
35
46
41
24
29
10
2
6
8
25
67
75
88
112
146
135
123
107
102
97
65
27
6
0
0
7
14
4
11
0
0
1
2
2
0
0
0
0
0
2
1
0
23
148
199
290
349
506
627
844
983
1121
1350
1516
1682
1808
1946
2104
2310
2410
2580
2724
2815
2853
2924
2918
2875
2819
2760
2781
2710
2642
2532
2392
2267
2184
2062
1961
1738
1578
1529
1469
1321
1160
1024
923
905
949
870
856
809
784
810
860
764
480
299
285
330
276
192
89
91
161
192
236
322
479
742
956
1921
1461
1705
1885
1923
2040
2105
2165
2194
2225
2242
2240
2208
2269
2234
2264
2241
2234
2203
2115
2037
1948
1800
1683
1561
1378
1264
1150
1033
918
840
761
844
822
704
573
486
400
344
279
240
222
187
204
240
201
158
110
129
199
232
260
367
463
549
614
737
853
984
1133
1268
1354
1499
1592
1657
1733
1771
1878
1907
1964
1974
2033
1987
1961
1962
1950
1931
1870
1867
1869
1821
1754
1671
1536
1473
1373
1281
1198
1107
1009
926
787
729
609
547
488
424
343
273
197
142
122
204
238
312
402
501
599
668
742
809
867
964
1007
1119
1254
1414
1577
1693
1820
1887
1867
1837
1874
1858
1889
1854
1841
1855
1879
1859
1839
1830
1756
1636
1586
1540
1451
1313
1232
1208
1143
1046
963
893
830
789
731
921
1075
1076
1063
1131
1112
898
731
559
426
344
303
311
375
484
567
581
531
492
492
536
602
669
736
873
987
1068
1148
1213
1265
1326
1404
1550
1602
1697
1756
1753
1758
1789
1872
1898
1867
1841
1811
1820
1783
1700
1661
1618
1585
1466
1455
1382
1314
1266
1195
1115
1061
947
824
739
613
529
412
338
235
148
138
197
373
547
737
907
1051
1234
1389
1575
1696
1819
1947
1986
2063
2086
2175
2190
2241
2253
2267
2280
2259
2251
2203
2215
2250
2221
2190
2138
2082
2044
1942
1821
1765
1672
1596
1509
1421
1358
1313
1217
1061
932
917
769
631
549
541
522
487
454
327
137
52
108
252
400
410
391
411
500
602
702
1026
1392
1802
1915
1672
1767
2618
3201
3680
4114
4501
4339
3952
2786
3127
3344
3864
4263
4440
5049
5667
5848
5093
4313
3100
2938
2859
2832
2548
2114
1843
1594
1443
1317
1304
1225
1073
890
765
700
569
422
292
141
94
107
125
196
284
337
365
387
475
513
585
693
849
958
1125
1246
1369
1474
1651
1803
1865
1942
1997
2093
2151
2188
2192
2221
2216
2278
2271
2329
2302
2313
2258
2215
2112
2003
1851
1776
1579
1458
1262
1045
935
888
848
812
715
564
404
292
247
237
271
315
379
461
547
679
818
933
1117
1231
1395
1524
1596
1633
1685
1733
1762
1769
1791
1791
1785
1803
1768
1766
1768
1754
1713
1690
1602
1506
1366
1260
1193
1132
1003
874
806
687
585
515
403
314
185
170
202
254
318
372
407
466
536
661
721
803
882
964
1047
1103
1171
1276
1356
1443
1474
1536
1553
1580
1613
1608
1642
1715
1755
1749
1738
1726
1664
1648
1557
1517
1458
1401
1330
1188
1010
886
701
556
402
356
388
478
541
624
695
750
829
920
1026
1133
1210
1260
1262
1304
1314
1443
1405
1479
1568
1607
1697
1702
1704
1731
1736
1730
1685
1607
1590
1567
1526
1501
1456
1391
1315
2171
1793
2051
2280
2132
1892
1628
1518
1196
949
764
776
872
909
1007
1068
1104
1103
1159
1207
1330
1443
1511
1604
1724
1750
1819
1865
1926
1926
1972
2020
2020
1985
2032
2033
2015
1995
1955
1901
1829
1748
1682
1577
1411
1251
1109
980
803
567
370
230
351
425
461
522
596
694
820
1005
1231
1477
1610
1747
1858
1983
1983
2067
2122
2144
2124
2151
2129
2142
2165
2166
2075
2032
1986
1899
1796
1745
1668
1492
1393
1253
1147
954
807
658
524
388
259
163
150
212
375
562
676
737
751
863
1041
1195
1331
1478
1636
1817
1914
2044
2134
2161
2251
2349
2375
2416
2372
2397
2408
2362
2160
2017
1875
1663
1458
1268
1093
827
644
446
227
100
137
242
356
517
694
882
1091
1318
1530
1743
1914
2044
2170
2292
2391
2409
2524
2506
2539
2542
2555
2525
2492
2425
2368
2253
2172
2108
2066
1941
1784
1609
1446
1282
1155
957
837
656
521
472
358
213
117
175
310
351
430
522
666
764
927
1089
1242
1370
1519
1632
1682
1770
1882
1922
1964
2040
2081
2052
2115
2151
2127
2090
2049
2012
1978
1916
1893
1890
1831
1684
1579
1457
1400
1298
1180
1027
873
720
591
443
301
186
194
255
358
467
571
700
860
971
1076
1241
1306
1401
1490
1532
1650
1729
1814
1847
1804
1823
1816
1843
1830
1825
1777
1726
1664
1622
1601
1520
1387
1315
1223
1140
1067
1013
957
861
733
616
526
503
449
407
349
346
336
379
464
554
666
777
921
1077
1217
1401
1591
1717
1882
1999
2083
2093
2202
2196
2230
2260
2285
2272
2268
2289
2205
2213
2149
2095
1969
1860
1756
1611
1450
1267
1084
876
728
519
373
238
173
206
267
385
526
719
919
1104
1320
1474
1623
1846
2100
2273
2388
2556
2645
2654
2649
2610
2634
2642
2631
2601
2564
2424
2350
2269
2179
2100
2004
1949
1801
1676
1541
1335
1127
963
811
694
550
410
255
87
30
123
279
443
587
771
936
1101
1283
1445
1623
1773
1879
1989
2128
2252
2354
2427
2561
2609
2705
2759
2790
2829
2779
2789
2786
2691
2606
2524
2378
2210
2081
1928
1722
1588
1396
1266
1091
871
704
472
342
196
50
78
168
298
423
525
637
724
893
1101
1272
1406
1520
1643
1779
1942
2116
2277
2396
2464
2499
2502
2577
2635
2626
2605
2582
2563
2501
2423
2337
2276
2222
2115
2020
1945
1825
1673
1480
1297
1148
977
850
688
525
417
287
126
5
16
137
242
365
498
619
759
932
1094
1297
1490
1647
1805
1939
2081
2244
2342
2457
2572
2672
2758
2798
2805
2795
2794
2782
2792
2806
2712
2619
2465
2366
2214
2098
1952
1724
1506
1298
1078
986
779
646
514
398
317
151
91
54
131
246
296
382
492
585
670
863
1110
2277
1801
2038
2239
2419
2522
2566
2722
2872
3001
3108
3301
3417
3352
3436
3505
3654
3640
3498
3274
3017
2740
2469
2289
2245
2128
1926
1695
1466
1334
1178
1006
843
682
577
466
383
272
249
285
407
535
640
719
764
840
929
976
1084
1226
1344
1500
1641
1797
1901
1980
2048
2159
2215
2261
2296
2386
2436
2487
2516
2530
2519
2530
2542
2517
2439
2383
2255
2142
1989
1799
1603
1423
1251
1057
904
704
568
431
255
141
92
147
249
300
369
432
516
593
750
844
1008
1112
1217
1333
1471
1591
1706
1808
1858
1929
1971
2028
2047
2059
2063
2068
2071
2059
2049
2029
1939
1940
1902
1844
1776
1705
1646
1590
1502
1368
1259
1139
984
848
672
558
462
390
274
173
168
218
280
341
437
482
580
651
740
828
926
1021
1131
1212
1341
1427
1531
1595
1719
1791
1893
1974
2005
2057
2081
2143
2137
2183
2177
2161
2113
2082
2064
1983
1891
1810
1674
1556
1411
1279
1083
892
741
576
436
312
178
34
15
116
216
264
358
451
599
746
884
1078
1193
1324
1484
1618
1749
1828
1978
2009
2099
2108
2085
2081
2107
2083
2073
2112
2038
1999
1966
1933
1851
1796
1755
1677
1599
1489
1329
1239
1090
990
891
726
613
528
445
374
297
228
136
38
27
10
112
158
243
318
414
483
563
685
753
866
972
1108
1260
1405
1565
1704
1792
1885
1979
2093
2149
2273
2337
2398
2356
2424
2416
2418
2372
2343
2313
2291
2270
2171
2031
1896
1690
1546
1327
1127
972
772
625
476
347
178
118
182
280
308
394
498
608
729
870
967
1099
1238
1381
1516
1651
1766
1867
1932
1958
2007
2040
2059
2030
2067
2078
2082
2065
2063
2013
1980
1959
1891
1799
1775
1751
1638
1522
1403
1303
1134
998
858
715
591
484
372
271
177
113
145
211
279
326
417
489
556
654
753
885
986
1104
1215
1331
1438
1509
1620
1684
1746
1894
1919
1984
2028
2063
2099
2119
2059
2102
2096
2053
2002
1940
1849
1780
1638
1489
1310
1147
989
824
647
451
315
291
369
419
456
533
575
692
757
891
988
1115
1226
1306
1407
1453
1533
1563
1611
1641
1684
1709
1748
1787
1847
1822
1808
1773
1747
1726
1668
1650
1642
1589
1528
1458
1404
1274
1165
1056
979
1385
1220
614
506
417
339
267
195
91
90
189
282
365
438
515
575
655
767
882
1018
1167
1285
1410
1502
1537
1559
1610
1664
1721
1792
1856
1944
1990
2000
2016
2095
2105
2108
2121
2120
2133
2077
2033
1917
1797
1619
1508
1304
1117
917
766
588
437
205
229
314
388
509
726
1053
1309
1527
1588
1576
1581
1537
1622
1665
1723
1762
1812
1769
1786
1801
1780
1807
1860
1809
1791
1761
1766
1734
1715
1650
1591
1561
2242
1370
1238
1144
1097
1108
1025
808
719
702
667
536
488
389
236
203
312
409
485
579
645
681
766
865
805
815
974
1147
1217
1166
1240
1346
1345
1581
1712
1719
1739
1838
1937
1989
1939
2018
2008
1951
1990
1833
1710
1804
1822
1777
1638
1507
1422
1409
1380
1315
1164
944
796
634
545
416
416
369
376
395
486
588
675
773
885
1054
1172
1232
1317
1363
1424
1486
1497
1558
1633
1627
1691
1725
1819
1839
1876
1852
1860
1845
1873
1845
1776
1767
1787
1757
1688
1686
1636
1560
1490
1424
1375
1266
1219
1104
1037
1001
944
893
732
607
495
495
526
533
471
496
472
473
515
552
579
662
696
727
777
889
999
1158
1280
1401
1574
1702
1773
1839
1910
1998
2067
2106
2123
2136
2163
2177
2183
2182
2180
2149
2079
1977
1937
1843
1792
1680
1558
1475
1340
1127
968
859
683
503
349
246
248
276
322
407
486
555
640
751
910
987
1104
1173
1318
1382
1455
1548
1652
1699
1796
1837
1778
1786
1766
1752
1724
1677
1624
1606
1555
1518
1482
1414
1338
1279
1223
1157
1085
968
874
766
673
571
468
348
210
128
195
371
410
543
636
727
809
900
996
1095
1189
1318
1449
1513
1618
1706
1799
1866
1896
1941
1942
1948
1939
1934
1923
1853
1813
1790
1745
1674
1641
1587
1507
1427
1372
1174
1078
905
736
573
465
430
470
513
567
621
677
737
817
854
953
1014
1090
1107
1188
1252
1304
1310
1315
1337
1415
1457
1454
1457
1438
1474
1477
1512
1499
1484
1469
1448
1448
1386
1374
1326
1291
1236
1174
1128
1043
925
870
782
715
595
515
403
324
269
175
110
116
143
223
274
336
374
439
504
593
659
733
794
878
968
1072
1169
1282
1371
1389
1480
1579
1657
1764
1789
1845
1917
1935
1946
1974
1968
1917
1958
1875
1857
1807
1721
1584
1466
1236
1082
955
745
582
562
586
643
707
820
886
1035
1182
1414
1598
1732
1870
1933
1931
1909
1855
1891
1916
1937
1864
1886
1908
1893
1941
1843
1842
1803
1720
1696
1683
1582
1522
1468
1442
1384
1318
1212
1126
978
850
734
623
492
361
243
177
205
296
390
486
562
614
672
780
881
967
1097
1205
1303
1336
1439
1535
1583
1690
1773
1887
1999
2105
2188
2252
2261
2283
2265
2245
2261
2245
2243
2187
2047
1898
1763
1567
1336
1127
939
783
570
331
285
290
318
354
439
521
643
855
1065
1280
1541
1719
1831
2012
2086
2127
2210
2161
2295
2404
2427
2433
2356
2270
2167
2055
2132
2254
2275
2146
1862
1631
1434
1347
1279
1226
959
701
462
465
539
642
725
816
914
1034
1130
1186
1181
1404
1701
1931
2107
2120
2090
2108
2181
2287
2497
2547
2617
2599
2629
2627
2653
2619
2595
3686
2363
2220
2013
1766
1463
1126
804
606
443
297
269
327
372
461
620
745
823
918
1005
1128
1259
1463
1615
1734
1844
1921
1957
2056
2070
2118
2134
2170
2179
2214
2135
2125
2110
2082
2022
1953
1850
1737
1651
1548
1469
1394
1290
1224
1100
1028
935
835
743
652
544
508
398
331
179
90
39
132
424
585
553
469
586
697
922
1096
1238
1331
1467
1615
1764
1912
2062
2143
2238
2344
2451
2576
2671
2739
2777
2854
2898
2934
2959
2934
2903
2815
2695
2589
2380
2219
2010
1837
1697
1566
1373
1213
1064
902
762
641
541
394
298
150
41
29
75
150
242
318
427
583
747
968
1175
1385
1555
1713
1886
2025
2122
2322
2388
2496
2573
2605
2610
2624
2578
2558
2529
2499
2463
2407
2379
2320
2328
2264
2178
2066
1945
1764
1638
1508
1355
1199
1019
881
766
688
666
669
490
463
384
380
319
314
381
498
629
730
834
952
1049
1251
1333
1483
1648
1757
1857
1999
2123
2249
2304
2364
2392
2430
2444
2495
2472
2485
2474
2452
2415
2277
2118
1967
1816
1681
1553
1431
1275
1144
990
787
648
487
377
278
215
59
32
110
190
221
298
358
492
573
687
836
962
1152
1252
1429
1533
1661
1822
1907
2059
2207
2242
2289
2292
2308
2327
2306
2309
2284
2207
2202
2161
2109
2023
1990
1895
1742
1631
1515
1389
1270
1184
1029
921
731
619
495
351
247
126
42
81
194
291
371
489
575
724
833
1005
1223
1394
1582
1743
1842
1950
2016
2099
2192
2235
2306
2359
2330
2348
2396
2351
2351
2340
2295
2195
2115
1949
1790
1624
1450
1260
1092
931
779
639
516
387
263
98
6
67
178
248
336
439
564
674
824
972
1092
1230
1337
1475
1641
1735
1854
1895
1970
2013
2023
2032
2055
2020
2006
1968
1931
1929
1870
1843
1796
1802
1786
1720
1597
1528
1456
1349
1274
1147
1050
966
857
748
616
512
382
276
159
81
48
128
243
318
384
478
570
633
755
856
966
1143
1330
1485
1630
1739
1828
1941
2035
2119
2198
2262
2344
2327
2365
2355
2407
2323
2320
2246
2177
2033
1866
1691
1518
1321
1162
960
784
632
494
360
250
90
20
112
197
276
361
480
586
711
845
1016
1142
1293
1452
1585
1701
1799
1863
1911
2003
1996
2047
2048
2050
2025
2027
2005
2007
1961
1914
1949
1930
1922
1874
1827
1777
1685
1637
1566
1502
1437
1346
1271
1175
1065
925
819
678
591
421
355
265
156
68
104
210
286
398
492
589
719
882
1033
1152
1318
1451
1561
1694
1899
2001
2191
2284
2339
2339
2429
2445
2516
2524
2497
2492
2451
2398
2397
2342
2272
2178
2098
2003
1836
1672
1541
1388
1238
1105
941
826
670
559
443
348
253
128
17
2
58
257
257
335
432
549
673
847
964
1058
1197
1408
1494
1513
1662
2021
2162
2049
1940
1979
2236
2477
2490
2392
2161
2038
2067
2203
2264
2132
1938
1785
1695
1715
1694
1510
1294
1101
943
800
697
573
393
215
119
189
270
340
422
547
690
841
1052
1214
1373
1581
1738
1795
1941
2048
2183
2247
2388
2438
2528
2555
2558
2604
2603
2560
2548
2552
2483
2347
2278
2168
1992
1803
1584
1358
1179
974
767
635
456
289
112
79
210
271
356
459
619
799
1023
1218
1410
1620
1861
2063
2216
2323
2356
2422
2395
2386
2354
2354
2329
2316
2279
2276
2275
2222
2177
2056
1952
1827
1731
1613
1509
1388
1236
1103
978
813
665
564
465
310
210
246
392
464
546
597
705
748
878
932
1014
1125
1225
1321
1424
1545
1595
1708
1776
1918
1999
2088
2191
2253
2336
2404
2419
2503
2499
2505
2435
2439
2442
2413
2332
2253
2154
2014
1830
1607
1357
1184
983
815
672
542
370
281
380
458
549
592
724
790
891
975
1049
1135
1254
1386
1459
1583
1778
1894
1973
2078
2171
2195
2234
2307
2362
2404
2325
2382
2324
2294
2215
2211
2146
2072
2051
2103
2121
2092
2026
1922
1771
1643
1509
1383
1235
1094
966
842
696
568
454
374
232
145
99
195
335
415
470
548
621
712
773
815
927
1059
1183
1318
1427
1617
1753
1879
1972
2039
2174
2236
2313
2448
2535
2554
2641
2708
2769
2801
2798
2798
2773
2763
2586
2320
2087
1868
1688
1553
1416
1246
1067
838
638
494
336
120
50
205
275
328
357
429
625
896
1229
1405
1480
1608
1759
1931
2121
2301
2538
2686
2738
2756
2771
2707
2679
2711
2678
2649
2654
2643
2575
2606
2572
2465
2282
2063
1899
1794
1703
1566
1465
1365
1236
1069
957
921
850
713
579
447
326
173
48
117
262
347
402
493
573
700
847
989
1110
1252
1423
1513
1669
1823
1941
2070
2150
2248
2284
2359
2409
2425
2486
2465
2459
2415
2390
2342
2203
2089
1923
1745
1559
1389
1208
1107
1028
940
858
735
580
483
437
506
493
462
478
537
540
588
653
764
824
928
1043
1191
1346
1534
1675
1816
1953
2036
2074
2100
2114
2148
2139
2147
2165
2130
2097
2108
2092
2040
1972
1950
1863
1786
1687
1574
1521
1382
1279
1147
2197
818
750
639
539
447
369
311
325
401
487
557
570
574
586
630
734
776
822
921
1049
1174
1293
1447
1539
1617
1731
1768
1913
2038
2168
2235
2365
2405
2410
2495
2534
2528
2567
2539
2568
2498
2421
2352
2197
2074
1917
1719
1489
1305
1122
896
737
510
315
217
235
283
350
459
521
623
722
796
958
1040
1153
1277
1425
1540
1632
1743
1810
1960
2041
2113
2220
2232
2245
2239
2269
2227
2245
2214
2232
2240
2144
3023
1929
1842
1786
1741
1677
1593
1529
1448
1368
1289
1162
1075
937
875
844
1037
1104
889
805
1337
2493
3146
3436
3151
2598
2061
1752
1949
2427
2933
3078
3093
2696
2565
2588
2485
2542
2665
2913
3047
2678
2393
2792
3257
3445
3487
3405
3308
3035
2818
2678
2593
2438
2083
1712
1460
1450
1333
1178
1075
862
724
890
1161
1299
1179
891
1312
2194
3028
4381
4780
5094
4913
4346
3699
2777
2725
3023
3041
2839
2728
3345
3533
3334
2812
1910
2475
2443
1899
1495
1301
1703
2078
2220
2355
2637
3054
3330
3231
2575
1925
1271
793
784
768
749
766
594
530
366
304
302
299
324
345
466
675
935
1298
1566
1747
1880
1964
2092
2220
2357
2438
2504
2584
2688
2844
2909
2919
2835
2716
2491
2346
2161
2129
2201
2213
2049
1863
1789
1941
2371
2834
3340
3150
2713
2102
1655
2328
2364
1753
1792
1912
1720
1173
1444
1764
1858
1713
1249
716
891
824
586
228
642
808
1280
2203
3054
3560
3965
4067
3688
3279
2787
2979
3490
3752
3699
3629
3252
2580
2795
3209
3304
3281
3296
3316
3450
3439
3191
2966
2745
2566
2395
2314
2343
2487
2642
2644
2466
2159
1833
1687
1930
2222
2548
2716
2627
2378
2095
1699
1870
1658
1499
1484
1344
1033
710
969
1119
998
1194
1315
1156
981
885
1594
2044
1881
1658
1431
1596
1669
1707
1654
1394
1250
1506
1933
2135
1891
1549
1392
1758
1735
1833
1798
1460
1123
1061
1361
1729
1872
1701
1364
1249
1532
1572
1413
1229
874
947
1313
1349
699
712
782
610
404
435
542
541
501
446
500
781
1199
1473
1343
1000
779
446
233
184
237
300
457
568
710
711
537
472
501
525
690
972
1280
1579
2374
3096
3325
2650
2832
2795
2176
1405
706
1220
1951
2247
2446
2815
2990
3037
2934
2527
2262
1899
1447
906
933
959
757
566
360
315
342
287
291
387
403
497
548
469
341
359
449
530
651
701
555
424
373
474
492
477
442
493
530
515
624
715
891
1054
1388
1653
1633
1317
1071
923
1318
1660
1950
2011
1954
1924
1950
2029
2153
2371
2494
2704
2926
3209
3358
3422
3587
3687
3761
3731
3644
3382
3140
2855
2636
2455
2311
2151
1954
1839
1795
1820
1761
1668
1497
1254
1079
927
742
590
445
284
450
902
1245
1579
1745
1846
1975
2011
2042
2167
2278
2365
2531
2627
2697
2744
2793
2840
2767
2725
2614
2560
2494
2429
2304
2258
2143
2071
1985
1917
1885
1777
1680
1605
1483
1368
1282
1173
1081
985
862
880
891
839
703
555
406
244
115
142
208
279
336
382
490
583
626
718
798
917
1088
1188
1347
1431
1600
1781
1919
2069
2155
2237
2311
2320
2323
2405
2411
2390
2356
2349
2250
2144
2058
1959
1960
1931
1865
1775
1673
1562
1447
1264
1656
772
592
413
288
101
217
436
480
549
898
1046
1211
1281
1437
1723
1803
1883
2052
2167
2280
2425
2440
2418
2447
2404
2309
2297
2233
2228
2152
2052
1991
1938
1818
1780
1750
1733
1662
1626
1537
1391
1273
1183
1003
865
816
688
564
465
454
496
525
593
643
757
878
1020
1160
1298
1428
1581
1692
1822
1949
2100
2168
2241
2255
2300
2375
2582
2665
2680
2663
2786
2822
2691
2595
2546
2453
2225
2124
2049
1960
1794
1616
1343
1137
986
793
615
436
283
202
232
293
340
427
577
704
830
961
1084
1228
1318
1552
1773
1918
2039
2041
2063
2062
2081
2146
2093
2084
2052
1966
1983
1971
1928
1848
1825
1680
1452
1374
1446
1439
1391
1293
1207
1101
886
622
501
381
256
293
383
438
480
566
639
749
868
971
1134
1317
1466
1653
1920
2105
2170
2346
2520
2569
2686
2810
2802
2791
2804
2800
2850
2888
2825
2785
2757
2579
2212
1971
1684
1437
1356
1266
1118
922
719
565
394
282
288
275
334
402
500
592
725
940
1171
1405
1617
1832
1987
2133
2285
2487
2616
2701
2812
2825
2863
2824
2788
2777
2679
2590
2498
2400
2271
2182
2112
1976
1835
1663
1519
1353
1297
1198
1088
1036
840
644
477
415
389
440
546
661
740
853
1008
1160
1277
1419
1606
1789
1957
2076
2221
2330
2452
2532
2620
2605
2693
2710
2653
2683
2628
2615
2534
2396
2353
2238
2102
1831
1557
1344
1144
1019
846
762
635
512
320
171
136
202
262
378
463
529
624
723
876
1018
1202
1345
1467
1581
1706
1790
1845
1929
1974
1974
1960
1931
1812
1811
1818
1814
1847
1825
1809
1776
1730
1658
1550
1473
1386
1358
1251
1199
1218
1199
1121
1069
914
729
612
475
322
160
150
178
258
357
456
554
617
749
875
1034
1174
1292
1433
1540
1708
1821
1924
2075
2324
2550
2551
2473
2479
2507
2558
2543
2511
2580
2607
2607
2509
2477
2386
2272
2132
2032
1883
1628
1349
1143
985
778
660
485
361
201
120
196
361
481
599
673
816
1022
1107
1229
1304
1481
1719
1818
1773
1761
1825
1940
2090
2255
2531
2832
2999
3249
3452
3499
3610
3676
3587
3533
3501
3465
3545
3474
3302
3169
2945
2629
2434
2212
1923
1792
1723
1454
1198
1129
1084
1013
839
703
546
502
496
646
784
892
1141
1337
1422
1357
1321
1428
1548
1730
1753
1703
1734
1769
1645
1514
1520
1542
1623
1555
1427
1319
1292
1391
1252
1158
1235
1287
1200
1071
974
867
875
897
879
849
823
765
664
585
515
574
646
903
1093
1263
1362
1499
1609
1698
1807
1933
2021
2033
2000
1968
2015
2039
2085
2120
2138
2125
2164
2207
2183
2175
2102
2010
1889
1851
1722
1526
1421
1274
1101
972
863
731
840
700
574
521
516
462
417
821
552
670
787
910
1090
1322
1513
1689
1828
2001
2064
2101
2145
2184
2147
2101
2025
1946
1922
1864
1764
1686
1622
1520
1387
1282
1160
1034
908
799
624
542
591
551
508
542
670
755
814
940
1037
1101
1167
1260
1332
1392
1450
1567
1616
1660
1741
1841
2017
2104
2199
2351
2510
2653
2726
2801
2899
2888
2907
2919
2972
2964
2917
2829
2647
2447
2240
1986
1761
1565
1314
1101
845
660
481
356
302
416
506
605
736
878
1057
1284
1506
1815
2019
2214
2372
2502
2584
2694
2751
2779
2782
2764
2737
2762
2741
2653
2637
2552
2442
2302
2148
2019
1909
1837
1685
1499
1362
1184
1012
913
704
607
530
515
364
268
313
397
503
623
746
868
950
1047
1153
1341
1541
1693
1838
1946
2077
2177
2339
2429
2534
2644
2782
2836
2941
2959
2960
2925
2932
2939
2877
2870
2783
2645
2421
2141
1868
1609
1455
1243
1039
868
685
533
437
344
353
393
499
644
771
833
923
961
1090
1219
1378
1565
1790
1978
2125
2226
2362
2416
2540
2614
2623
2633
2595
2601
2665
2641
2583
2491
2424
2352
2188
2130
1979
1903
1729
1537
1394
1300
1213
1081
885
748
622
453
326
271
239
311
406
453
541
633
731
823
972
1046
1181
1324
1451
1557
1687
1815
1929
2099
2238
2339
2397
2519
2648
2773
2795
2798
2836
2872
2914
2866
2798
2772
2690
2664
2546
2342
2079
1734
1506
1277
1009
797
714
842
1078
1302
1363
1365
1331
1422
1536
1589
1702
1795
1861
1918
1886
1895
1883
1870
1845
1867
1876
1891
1884
1871
1832
1845
1855
1812
1795
1735
1738
1692
1631
1548
1460
1360
1266
1212
1164
1128
1030
983
1056
1152
1151
1122
1081
1005
1016
1134
1265
1437
1658
1944
2188
2376
2539
2521
2520
2654
2831
3052
3342
3576
3611
3605
3310
2944
2680
2487
2057
1686
1413
1455
1797
2353
2838
3365
3711
3867
3907
3971
3841
3681
3623
3523
3373
3140
2924
2688
2381
2079
1862
1599
1442
1274
1128
919
706
488
318
177
167
204
250
280
308
293
300
355
343
375
381
373
394
346
351
335
307
306
270
258
230
179
95
44
31
28
88
128
187
231
299
356
356
392
443
471
559
573
599
502
527
622
688
764
776
767
636
492
609
569
386
283
545
461
169
256
234
142
32
10
7
25
128
259
278
293
326
413
557
641
594
520
439
296
401
558
583
404
412
445
417
350
297
273
267
257
237
200
123
80
69
93
144
231
281
331
344
408
412
475
481
470
489
487
459
469
476
487
472
366
296
321
360
414
530
589
560
563
585
643
694
684
635
353
474
486
475
442
459
419
418
455
459
443
417
400
441
450
509
549
579
1180
884
1107
1161
1174
1101
918
668
717
779
743
655
712
678
588
520
386
285
279
308
363
447
540
664
874
985
1052
1134
1224
1293
1264
1210
1170
1078
961
905
848
740
624
464
352
257
226
209
214
275
344
428
533
632
747
844
994
1104
1219
1301
1368
1480
1575
1662
1718
1825
1939
1988
2054
2320
2359
2485
2475
2553
2604
2657
2605
2600
2521
2480
2460
2412
2429
2441
2280
2279
2111
2042
2003
1927
1829
1724
1675
1509
1277
881
792
654
472
326
72
43
296
488
749
1009
1257
1449
1620
1794
2046
2230
2321
2470
2575
2649
2740
2813
2906
2942
2992
3027
3053
3044
3070
3050
3016
2923
2836
2624
2496
2424
2269
2061
2086
2078
1856
1748
1654
1623
1453
1260
1054
774
474
389
367
368
474
510
488
247
577
647
703
714
705
842
1149
1342
1262
1491
1720
1873
1997
2183
2409
2715
3100
3466
3549
3147
3776
4068
4090
3861
3666
3454
3194
3060
2856
2963
2861
2623
2308
2200
1922
1745
1650
1598
1493
1259
1046
942
826
654
459
302
168
96
181
275
364
402
505
698
830
992
1102
1253
1491
1647
1811
1898
2053
2167
2341
2440
2523
2580
2672
2645
2725
2718
2785
2796
2793
2770
2716
2602
2535
2433
2389
2297
2163
2025
1856
1727
1583
1423
1255
1063
926
729
604
476
399
341
237
136
78
60
85
118
218
312
478
703
831
1008
1140
1235
1303
1401
1476
1590
1740
1917
2060
2229
2348
2468
2590
2705
2810
2941
3040
3086
3171
3243
3234
3214
3166
3126
3078
3009
2942
2816
2705
2592
2468
2316
2209
2058
1920
1756
1552
1334
1136
897
672
420
253
100
55
106
243
457
670
876
1071
1276
1550
1800
2002
2181
2308
2477
2551
2636
2726
2756
2873
2946
2944
3002
2962
2983
2955
2955
2915
2891
2771
2715
2632
2557
2411
2257
2141
1996
1896
1709
1562
1420
1304
1124
943
840
713
587
535
419
326
238
137
60
34
9
19
104
193
242
307
415
503
606
730
875
1030
1159
1248
1389
1530
1672
1799
1906
2006
2116
2214
2297
2368
2460
2469
2557
2605
2613
2660
2601
2535
2487
2470
2422
2410
2361
2332
2236
2153
2054
1875
1764
1610
1479
1332
1241
1142
1039
920
830
729
665
624
545
479
436
331
251
151
92
14
0
2
41
130
208
323
433
506
603
677
796
913
1063
1231
1361
1519
1684
1896
1956
2127
2249
2373
2468
2600
2696
2759
2860
2865
2937
2948
2937
2915
2871
2813
2735
2669
2560
2471
2354
2199
2014
1889
1768
1626
1450
1311
1143
966
836
666
552
450
315
244
224
162
109
115
160
225
300
410
540
614
729
826
942
1046
1212
1322
1468
1629
1756
1897
2072
2203
2307
2442
2554
2666
2755
2805
2866
2916
2902
4073
2807
2727
2651
2618
2510
2491
2420
2368
2255
2205
2027
1950
1769
1681
1564
1453
1363
1277
1163
1072
996
934
823
792
712
624
481
422
378
267
190
151
65
56
32
3
4
7
22
45
16
6
29
17
1
5
42
83
112
111
117
123
123
156
167
165
147
154
164
165
174
163
146
164
172
184
182
185
176
211
180
231
237
287
457
486
589
719
887
1119
1352
1634
1832
2096
2400
2683
3025
3275
3433
3515
3517
3555
3562
3567
3554
3475
3298
3158
3060
2976
2746
2676
2552
2420
2286
2041
1763
1484
1353
1269
1111
862
715
638
471
230
113
297
467
500
572
783
1026
1141
1318
1540
1801
2017
2140
2286
2437
2558
2630
2737
2840
2897
2971
3021
3016
2998
2919
2862
2814
2777
2659
2638
2536
2373
2235
2049
1934
1771
1508
1375
1294
1265
1198
1019
840
672
512
518
521
523
468
468
410
378
285
329
579
887
1107
1222
1123
881
852
1008
1061
1170
1269
1367
1563
1936
2392
2790
3183
3471
3376
3159
2842
2503
2165
2157
2428
2632
2772
2789
2799
2744
2752
2628
2552
2535
2443
2280
2068
1861
1656
1401
1191
987
766
907
983
1103
1027
874
665
673
702
756
751
942
1129
1305
1488
1622
1777
1963
2049
2221
2450
2655
2829
2949
3137
3224
3134
3194
3009
2921
2967
2911
2792
2612
2446
2244
2133
1990
1806
1709
1629
1582
1559
1460
1469
1286
1378
1252
1116
908
738
751
726
606
442
326
257
208
201
188
201
219
209
195
196
238
388
666
843
689
624
704
609
329
504
807
563
244
478
405
291
268
358
304
98
87
55
62
105
126
102
90
69
55
55
108
203
248
256
294
405
580
744
937
971
917
785
682
710
1035
1345
1667
1940
2070
2227
2298
2366
2440
2643
2714
2864
3066
3287
3465
3579
3620
3644
3642
3600
3706
3650
3509
3256
2984
2761
2513
2307
2138
1928
1707
1547
1392
1222
1091
926
813
718
647
529
412
347
245
157
7
0
88
171
263
321
444
536
645
771
879
1044
1204
1353
1542
1699
1873
2029
2176
2314
2489
2578
2704
2798
2894
3036
3049
3030
2996
2938
2868
2801
2716
2657
2559
2464
2402
2219
2121
1987
1839
1676
1561
1409
1286
1153
968
842
683
550
363
278
136
43
5
32
152
242
346
464
542
691
817
943
1070
1251
1357
1485
1597
1758
1862
1975
2091
2207
2316
2417
2491
2577
2627
2569
2538
2525
2408
2363
2235
2136
2095
1970
1883
1824
1763
1674
1583
1525
1426
1299
1214
1072
1013
891
792
694
559
474
380
296
202
128
1
2
113
207
350
512
692
929
1080
1286
1454
1613
1759
1892
2048
2149
2274
2377
2450
2553
2607
2650
2675
2699
2609
2587
3732
2463
2402
2296
2211
2074
1961
1788
1613
1435
1278
1148
1008
900
794
680
583
482
403
329
215
126
62
27
52
128
211
259
290
320
312
277
218
147
67
27
30
126
254
359
416
477
507
510
478
442
415
385
384
358
369
381
367
378
309
226
223
217
232
229
269
261
250
197
184
209
192
207
231
255
249
242
259
240
267
369
465
706
909
1236
1533
1748
2012
2165
2277
2320
2341
2379
2368
2452
2446
2450
2473
2442
2358
2310
2187
2155
2096
2033
2002
1967
1952
2021
2020
1947
1916
1850
1786
1723
1599
1545
1390
1298
1162
1063
871
728
563
453
300
142
7
85
219
347
478
698
910
1139
1362
1566
1796
2005
2199
2334
2461
2582
2687
2785
2810
2851
2869
2876
2879
2873
2889
2936
2931
2904
2907
2906
2876
2865
2793
2754
2627
2450
2211
2024
1828
1599
1325
979
693
369
76
142
485
820
1199
1537
1821
2099
2356
2612
2835
3004
3106
3069
3104
3093
3107
3036
3008
2950
2833
2721
2578
2434
2290
2105
1938
1802
1630
1468
1343
1226
1172
1069
961
829
777
635
546
435
331
244
176
181
143
160
194
243
301
360
407
502
615
724
777
919
1047
1212
1340
1461
1614
1731
1862
1954
1998
2093
2142
2230
2297
2297
2380
2400
2401
2410
2359
2398
2346
2351
2327
2328
2264
2213
2109
2064
1974
1947
1893
1834
1789
1682
1605
1510
1475
1430
1370
1293
1254
1202
1129
1094
1049
984
932
850
833
717
613
513
385
325
253
198
174
181
223
235
309
363
416
413
370
370
346
346
320
340
375
405
370
342
283
212
121
112
84
139
255
346
323
284
217
91
2
47
289
659
1072
1398
1804
2007
2296
2439
2564
2638
2747
2770
2802
2875
2914
2917
2981
3036
3145
3229
3231
3237
3192
3093
2935
2775
2647
2558
2426
2278
2058
1854
1673
1482
1279
1076
862
692
493
281
189
224
341
471
602
740
883
999
1133
1336
1533
1746
1879
2045
2176
2333
2449
2549
2661
2798
2885
2963
2953
2996
2993
2995
3008
3006
2932
2865
2771
2756
2634
2527
2353
2148
1992
1847
1705
1550
1413
1179
963
758
526
384
207
69
16
80
191
305
424
513
654
753
960
1162
1321
1483
3760
2105
2327
2464
2630
2710
2716
2825
2846
2897
2933
2948
2938
2948
2939
2928
2895
2848
2801
2698
2580
2506
2375
2285
2154
2032
1935
1792
1654
1524
1424
1239
1094
943
805
653
562
419
362
251
157
64
6
46
119
231
295
378
479
631
751
916
1094
1262
1443
1591
1730
1920
2084
2282
2451
2583
2703
2770
2875
2874
2874
2899
2922
2877
2856
2826
2808
2751
2677
2638
2571
2478
2376
2298
2218
2101
2014
1929
1846
1767
1701
1666
1630
1614
2430
1445
1362
1320
1325
1320
1359
1358
1387
1371
1352
1344
1259
1214
1120
1079
992
930
855
735
620
524
432
346
282
189
169
243
390
501
624
682
745
689
638
579
559
567
643
766
877
972
1116
1196
1266
1302
1407
1430
1483
1641
1829
1979
2196
2390
2535
2656
2790
2953
3097
3185
3249
3177
3234
3173
3186
3196
3135
3124
3082
3013
2935
2851
2790
2671
2618
2553
2458
2322
2123
1968
1737
1498
1240
951
592
339
322
336
466
625
885
1117
1430
1780
2043
2372
2572
2804
2955
3069
3214
3313
3296
3264
3241
3232
3103
2996
2940
2794
2708
2606
2508
2379
2312
2189
2069
1843
1581
1304
1027
773
558
417
310
265
267
308
347
409
417
459
470
485
521
526
546
564
549
473
434
515
613
749
827
835
750
720
825
813
647
465
398
374
378
385
449
459
480
491
552
657
752
838
908
1043
1151
1284
1328
1431
1522
1611
1726
1846
1899
1968
1980
2069
2043
2015
2057
1973
1999
2046
2065
2087
2120
2029
1864
1727
1552
1513
1558
1568
1561
1486
1407
1263
1110
897
680
484
301
167
29
4
55
203
372
520
741
981
1188
1407
1641
1855
2060
2192
2304
2336
2430
2483
2573
2612
2673
2688
2640
2614
2580
2530
2513
2458
2399
2355
2285
2180
2092
2009
1871
1742
1576
1422
1241
1116
994
864
747
620
536
430
294
193
108
50
32
90
151
218
305
356
378
409
458
460
497
535
559
593
630
629
669
663
704
711
736
805
878
930
989
1031
1076
1120
1158
1244
1255
1267
1336
1364
1364
1399
1428
1448
1463
1515
1523
1543
1546
1551
1579
1562
1577
1525
1542
1522
1478
1396
1316
1254
1177
1106
1035
954
889
785
706
613
485
401
319
281
202
103
34
3
35
137
243
342
455
578
738
831
973
1168
1291
1422
1554
1722
1815
1922
2039
2084
2157
2260
2337
2371
2414
2423
2461
2459
2502
2502
2500
2557
2572
2613
2729
2736
2690
2602
2545
2359
2180
1939
1575
1302
1247
1155
1090
919
662
545
724
750
518
463
469
543
496
363
395
604
913
1248
1597
1804
1893
1792
2047
2437
2678
2891
2998
3033
3004
3025
3018
3030
2965
2873
2880
2862
2882
2969
2785
2559
2362
2254
2114
1965
1855
1622
1457
1260
1090
939
749
591
466
401
475
559
637
774
950
1122
1343
1579
1809
2062
2209
2335
2486
2629
2693
2788
2837
2849
2891
2944
2946
2969
2950
2954
2896
2867
2740
2655
2535
2432
2311
2228
2012
1833
1573
1352
1152
977
819
754
731
776
715
669
698
627
477
339
717
656
646
1061
1062
754
830
776
506
534
495
384
586
566
263
133
271
274
185
213
285
340
407
476
533
583
610
619
609
593
542
463
739
720
820
573
638
570
440
264
287
288
281
293
442
481
366
291
304
348
260
44
215
352
347
256
185
210
257
171
110
219
342
441
577
609
447
297
258
276
317
363
417
463
488
522
595
639
663
692
692
902
1225
1543
1721
1779
1828
1999
1996
1892
1498
1436
1457
1229
956
710
729
644
507
837
880
765
759
944
973
836
945
899
917
874
671
811
837
814
802
737
723
667
628
605
605
653
644
576
400
602
865
1010
1105
1067
989
1023
997
924
765
632
622
534
492
499
497
502
497
497
605
794
1048
1440
1599
1824
2229
2326
2500
2187
1783
1601
1281
919
987
1226
1286
1117
1205
1302
1389
1408
1451
1482
1467
1439
1359
1396
1477
1664
1933
2162
2323
2364
2583
2753
2946
3097
3256
3278
3335
3310
3264
3230
3221
3136
3076
2956
2884
2711
2597
2468
2351
2196
2037
1836
1649
1490
1337
1113
903
720
565
448
378
292
255
250
299
342
432
486
543
775
991
1213
1385
1543
1685
1808
1896
1991
2124
2255
2404
2467
2490
2568
2568
2644
2682
2670
2688
2701
2674
2712
2828
2838
2878
2860
2761
2683
2370
2031
1781
1530
1168
1070
974
831
660
515
527
599
774
900
1015
1136
1166
1214
1201
1159
1128
1122
1065
936
888
719
693
725
758
770
757
778
862
969
1081
1156
1217
1244
1347
1351
1362
1443
1506
1534
1516
1481
1327
1221
1035
795
511
316
265
245
312
499
733
1085
1476
1726
2090
2286
2446
2460
2562
2656
2688
2579
2353
2076
1809
1777
1706
1564
1354
1161
938
784
550
514
428
448
533
666
774
932
1109
1257
1335
1491
1553
1570
1520
1519
1535
1513
1508
1517
1495
1405
1325
1205
1010
934
846
846
807
865
908
999
1054
1080
1116
1061
1085
1084
1128
1163
1189
1136
1084
961
852
847
780
842
876
935
916
924
947
900
794
707
602
488
385
339
268
243
338
455
504
447
308
284
327
361
413
487
529
627
756
901
1068
1342
1664
1954
2238
2560
2736
2990
3172
3281
3328
3384
3392
3369
3344
3249
3175
3139
3105
3057
2987
2938
2847
2778
2645
2517
2378
2266
2083
1947
1736
1546
1556
1340
1129
949
737
638
548
395
273
249
289
236
335
452
602
704
828
952
1153
1275
1463
1681
1830
2030
2263
2557
2519
2564
2520
2542
2698
2769
2728
2776
2837
2957
3036
3138
3176
3219
3256
3298
3363
3412
3435
3450
3492
3454
3409
3502
2958
2558
2373
2247
2109
1881
1673
1430
1172
972
775
597
551
605
635
647
674
645
545
418
307
281
528
824
575
684
935
606
507
302
575
786
744
579
955
832
662
545
386
262
171
139
180
237
347
420
384
408
439
494
803
451
560
702
799
952
1162
1339
1529
1607
1681
1811
1935
2069
2349
2671
3021
3274
3337
3444
3601
3423
3423
3332
3237
3220
3245
3239
3285
3285
3266
3138
3070
2929
2813
2686
2566
2330
2161
1926
1723
1494
1303
1120
918
753
594
491
360
366
352
390
451
573
838
1079
1350
1506
1524
1496
1712
1844
1930
2076
2362
2719
3060
3349
3603
3622
3345
3312
3353
3412
3344
3374
3357
3330
3299
3253
3185
3193
3168
3067
2961
2805
2626
2422
2191
1971
1988
1963
1799
1829
1608
1129
1140
976
826
705
587
402
219
297
529
837
1360
1749
1911
1797
1592
1083
319
804
1150
1229
1210
1221
1348
1603
1508
1266
1282
1157
1026
893
682
737
875
929
1028
1233
1538
1583
1451
1382
1285
1167
1362
1648
1840
1914
1788
1563
1186
907
610
275
325
350
278
77
171
282
333
388
516
690
855
946
1024
1219
1276
1273
1258
1226
1159
1059
945
777
634
658
669
672
702
799
864
910
1041
1020
899
645
260
240
704
745
295
146
538
550
198
142
229
214
649
943
971
944
939
838
713
620
603
614
643
623
621
598
680
795
792
715
609
641
872
1008
978
716
488
388
663
657
526
433
507
670
870
943
979
1011
1095
1273
1528
1838
2149
2389
2588
2833
3097
3297
3343
3402
3391
3336
3359
3277
3282
3337
3299
3248
3301
3218
2943
2658
2413
2221
2078
1931
1720
1376
1118
836
605
395
225
197
339
535
729
943
1259
1584
1868
2198
2465
2672
2808
2933
3033
3089
3153
3232
3237
3191
3187
3163
3125
3063
3016
2921
2778
2671
2442
2170
1939
1721
1478
1257
1064
845
720
570
463
373
249
154
134
239
488
656
697
564
300
192
343
366
283
207
219
147
74
145
256
320
354
361
365
389
397
396
429
410
388
369
322
268
187
149
102
135
161
237
285
250
192
101
56
26
40
101
170
268
309
340
346
344
346
353
362
334
305
271
248
240
212
196
168
112
27
0
0
5
5
17
24
48
71
94
105
137
151
156
157
175
184
183
207
199
203
215
214
202
189
182
162
136
117
128
108
81
31
33
24
16
20
105
323
455
747
633
383
530
622
575
434
415
433
479
538
592
745
933
1141
1292
1383
1550
1713
1841
1967
2013
2058
2108
2172
2209
2208
2175
2190
2172
2126
2119
2151
2069
2075
2065
1999
1953
1967
1847
1792
1710
1642
1578
1484
1466
1451
1350
1263
1143
1012
885
724
580
447
360
251
180
80
18
0
1
71
190
342
459
518
608
580
389
228
170
168
192
219
232
140
135
212
301
394
476
509
482
451
369
288
216
187
149
116
92
157
141
276
327
335
325
289
252
239
240
308
391
440
402
438
430
433
385
373
352
332
251
193
132
88
46
7
0
0
0
1
1
1
8
58
107
147
163
185
187
171
208
240
250
230
180
133
107
77
67
51
50
73
98
126
180
242
245
268
270
324
340
353
371
357
328
336
332
318
354
356
376
378
391
416
399
434
423
389
470
408
419
511
472
579
538
518
435
389
335
310
298
314
265
236
211
156
131
100
42
6
8
2
1
0
10
78
125
174
205
292
389
440
491
553
562
564
592
592
656
658
678
699
704
772
755
861
845
927
983
986
1075
1035
1093
1089
1102
1151
1073
1082
1092
1051
1088
1170
1139
1168
1201
1196
1207
1216
1248
1216
1223
1214
1218
1236
1202
1206
1141
1055
997
968
866
827
633
466
298
111
4
26
174
283
407
524
646
729
885
1004
1107
1223
1333
1367
1407
1461
1578
1656
1736
1842
1895
1898
1930
1918
1890
1811
1722
1627
1526
1428
1353
1279
1154
1043
867
873
743
659
531
502
364
265
213
117
51
5
0
8
114
208
304
395
443
500
589
684
850
985
1166
1377
1510
1651
1812
1932
2045
2191
2268
2358
2437
2491
2540
2601
2617
2554
2524
2484
2481
2443
2407
2382
2297
2211
2136
1996
1930
1802
1691
1572
1471
1344
1265
1174
1073
1005
907
901
843
799
731
683
645
590
555
560
507
531
521
542
578
618
660
637
565
549
513
518
525
573
606
589
600
545
564
546
559
616
714
721
713
573
472
382
258
151
75
13
0
0
27
25
10
11
18
39
79
91
70
63
50
23
34
30
24
126
330
560
785
1027
1265
1567
1753
1927
2113
2265
2423
2614
2796
3003
3171
3433
3652
3850
4042
4147
4173
4145
4031
3998
3975
3919
3871
3824
3737
3635
3497
3372
3203
2989
2738
2558
2283
2098
1874
1640
1406
1166
898
649
430
258
127
44
72
204
383
597
842
1132
1414
1699
1961
2307
2593
2870
3133
3381
3599
3821
4006
3995
4092
4085
4090
4121
3954
3792
3704
3630
3411
3133
2864
2538
2276
2003
1820
1621
1466
1290
1052
924
814
738
733
760
779
843
730
488
437
464
434
447
439
345
330
309
413
526
617
735
876
1078
1269
1513
1787
1952
2195
2437
2558
2772
2919
2995
3069
3185
3283
3251
3243
3275
3261
3233
3185
3180
3104
3085
2970
2865
2701
2523
2293
2003
1885
1673
1386
1159
889
589
412
255
159
134
247
480
677
952
1161
1451
1778
2038
2297
2579
2781
3025
3185
3330
3413
3517
3565
3566
3592
3591
3590
3558
3420
3474
3369
3136
2997
2829
2638
2369
2162
1885
1559
2073
1000
809
618
495
436
370
306
269
270
363
497
627
761
931
1174
1362
1616
1842
2007
2162
2376
2551
2700
2834
2900
3051
3194
3440
3708
3928
3924
3751
3847
3897
3959
4097
4199
4336
4352
4257
3792
3167
2722
2527
2579
2680
2644
2591
2578
2794
2960
3027
2965
2669
2461
2174
1466
1074
1317
1580
1908
2037
2405
2677
2843
2808
2566
2273
2698
3032
3188
3369
3481
3529
3443
3351
3335
3372
3352
3167
3202
3529
3832
4101
4264
4439
4569
4634
4626
4479
4032
3466
3208
3222
3264
3225
2995
2745
2530
2299
2185
2156
1799
1447
1208
836
393
839
1233
1508
1850
2261
2814
3063
2905
2416
1639
908
884
1407
2043
2587
2890
2819
2510
1853
1147
532
1374
2097
2689
3244
3210
2803
1981
1451
1226
1366
1720
1924
1928
1618
1273
1006
909
859
800
718
623
680
931
1241
1614
1825
1882
1999
2186
2415
2615
2789
2790
2936
3191
3466
3535
3374
3302
3442
3320
3305
3547
3788
3763
3409
3309
3363
3067
2938
3225
3243
3089
2503
2466
2434
2072
1757
2004
1962
1709
1146
1023
994
804
698
627
677
775
785
846
893
1014
1051
1086
1379
1568
1743
1832
1964
2289
2451
2628
2801
3158
3403
3552
3712
3788
3972
4048
4071
4180
4200
4190
4194
4129
4108
4046
3972
3836
3670
3468
3359
3162
2892
2600
2308
2048
1786
1609
1439
1280
1078
932
856
712
642
545
431
321
213
131
220
292
360
448
511
589
692
760
797
846
886
896
902
890
867
828
855
776
712
683
644
601
606
605
644
801
1041
1435
1793
2202
2717
3037
3359
3612
3935
4084
4251
4359
4462
4500
4536
4423
4358
4247
4087
3984
3832
3781
3611
3478
3289
3154
2937
2738
2580
2418
2242
2077
1886
1728
1495
1377
1239
1119
975
922
855
747
613
465
374
361
341
377
400
472
563
758
992
1300
1478
1786
2038
2248
2438
2639
2765
2876
2962
3084
3121
3178
3205
3335
3388
3457
3438
3406
3376
3348
3303
3214
3181
3109
3057
2924
2836
2741
2589
2481
2326
2146
1979
1817
1682
1479
1263
1067
809
650
427
338
359
398
461
533
609
629
646
714
743
879
959
1066
1080
1166
1229
1241
1210
1285
1453
1505
1644
1722
1769
1866
1956
2065
2194
2205
2278
2348
2412
2455
2487
2508
2532
2499
2484
2414
2437
2332
2261
2215
2137
2059
2019
1942
1871
1786
1634
1527
1381
1281
1125
1002
815
692
561
449
335
244
266
330
491
603
767
1023
1186
1439
1575
1719
1840
1902
2024
2166
2290
2448
2543
2595
2679
2757
2842
2891
2951
3009
3039
3089
3079
3156
3135
3163
3108
3106
3046
3001
2896
2805
2669
2534
2415
2227
2089
1907
1745
1613
1488
1368
1237
1150
1012
910
769
603
475
433
366
398
345
309
297
331
388
424
476
505
487
494
725
405
421
386
380
387
404
409
414
408
447
433
382
366
369
369
368
349
331
332
306
290
254
203
120
96
40
28
16
10
2
3
1
5
10
9
24
60
52
60
76
75
81
40
12
16
18
29
25
8
4
2
14
8
7
15
38
35
45
66
68
91
86
111
80
63
49
27
48
64
38
41
16
4
2
15
7
0
20
51
69
52
23
6
19
31
36
54
75
43
36
86
241
271
205
162
141
175
286
308
304
395
569
666
726
845
911
1054
1149
1328
1563
1741
1999
2210
2299
2342
2400
2439
2455
2524
2512
2467
2540
2583
2560
2557
2558
2545
2466
2457
2441
2350
2224
2132
2055
1960
1818
1695
1588
1491
1380
1215
1062
986
815
728
616
510
400
271
287
387
442
494
681
895
1065
1479
1653
1763
1900
2122
2375
2530
2712
2692
2707
2744
2814
2978
3115
3267
3547
3680
3719
3804
3870
3871
3791
3751
3708
3668
3622
3456
3411
3317
3217
3071
2869
2689
2525
2351
2106
1844
1607
1320
1115
1055
982
963
940
948
928
937
872
824
785
747
699
624
644
636
665
583
561
510
496
600
869
1189
1476
1793
2056
2297
2526
2661
2687
2709
2814
3252
3764
4109
4369
4558
4683
4784
4750
4760
4733
4786
4715
4554
4569
4507
4382
4120
3804
3541
3363
3110
2840
2558
2433
2304
2138
1946
1631
1340
1041
1074
1102
1021
900
817
732
690
692
645
575
533
771
1426
1831
2077
2231
2475
2977
3351
3692
4003
4170
4221
4268
4239
4211
4078
3895
3777
3626
3420
3244
2965
2684
2452
2215
2066
1924
1623
1378
1192
1113
951
780
763
698
652
680
788
892
1039
1131
1165
1239
1395
1567
1709
1827
1918
2013
2085
2135
2171
2242
2258
2185
2120
2040
1950
1857
1686
1584
1468
1332
1270
1205
1041
1042
1091
1385
1620
1890
2101
2179
2116
2010
1848
1752
1689
1675
1368
1051
1257
1562
1653
1764
1841
1905
1960
2087
2266
2388
2417
2495
2420
2380
2265
2164
2069
1894
1753
1541
1382
1226
1073
983
941
895
851
768
750
695
695
665
626
615
608
567
604
611
600
590
588
518
473
394
322
264
185
88
48
24
18
10
11
9
3
7
222
129
138
157
191
213
239
238
216
218
234
264
258
245
207
213
212
203
208
166
147
143
128
224
380
569
800
911
864
755
611
511
512
606
712
869
1011
1170
1389
1677
1908
2134
2267
2432
2555
2647
2719
2779
2835
2841
2911
2874
2820
2813
2721
2624
2530
2412
2400
2304
2172
2092
1981
1891
1773
1638
1520
1343
1148
969
679
437
197
243
379
518
699
916
1150
1308
1503
1671
1775
1851
1944
2006
2017
2055
2129
1994
1739
1464
1306
1848
959
875
827
853
984
975
1058
1309
1334
1101
1110
1127
1088
1037
1201
1202
1139
1109
1066
864
732
518
889
1314
1225
850
1176
765
571
1060
978
717
966
656
638
1447
1292
882
1401
951
1122
1521
904
1216
860
465
892
763
445
396
246
145
72
133
166
252
331
613
877
1189
1489
1744
1827
1957
2105
2101
2280
2450
2371
2117
2084
2928
3646
3800
3447
2653
1967
2009
1875
1978
1841
1657
1779
1740
1691
1599
1596
1388
1465
1473
1673
2105
2595
3283
3977
4299
4105
3422
2537
1842
1315
757
789
714
910
923
922
976
953
934
975
996
947
962
1028
990
1065
1258
1267
1113
1029
1010
1069
1136
1166
1196
1141
1116
1019
912
785
874
996
1179
1319
1285
1222
951
864
701
542
441
261
156
137
99
56
48
38
24
12
71
204
359
455
518
525
524
582
634
691
705
724
683
645
532
417
230
96
25
55
280
521
671
785
1138
1304
1338
1843
2001
2069
2288
2314
2416
2478
2483
2510
2437
2381
2262
2169
2089
2043
1954
1894
1788
1674
1625
1581
1521
1369
1347
1141
1028
859
666
546
394
257
183
219
242
326
402
527
630
799
847
967
1095
1181
1241
1287
1276
1222
1174
1169
1480
1437
1012
1037
1127
1117
881
777
952
1231
1370
1510
1677
1683
1849
1941
1828
1517
1043
838
826
820
811
645
527
538
566
531
426
289
386
430
428
428
365
269
303
284
242
181
109
74
78
89
111
85
74
62
42
32
44
52
68
67
60
48
97
131
180
175
123
76
61
89
163
219
265
285
353
445
493
573
636
732
781
765
745
634
456
260
235
447
654
759
921
936
827
681
686
705
555
485
686
929
1110
1141
1040
1106
993
672
428
485
686
891
998
1115
1221
1187
1086
1167
1262
1461
1632
1701
1754
1819
1867
1879
1870
1799
1631
1438
1237
1046
914
848
824
827
797
803
734
652
605
486
383
309
264
293
373
435
464
478
499
481
452
383
345
289
231
212
198
203
195
201
218
198
191
282
505
728
933
1171
1288
1321
1350
1374
1334
1328
1284
1260
1205
1200
1186
1151
1131
1096
1002
968
898
833
771
806
882
860
783
876
859
800
946
1207
1539
1758
1849
1690
1677
1709
1762
1751
1691
1707
1828
1840
1766
1683
1638
1531
1498
1541
1649
1800
2119
2368
2519
2745
3024
3262
3348
3333
3043
2820
2608
2521
2394
2296
2236
2072
1813
1543
1259
1132
1245
1356
1449
1413
1408
1373
1327
1235
1207
1140
1111
1078
994
962
873
767
687
660
659
623
596
603
570
537
525
502
503
493
490
492
482
486
468
444
523
532
522
527
515
475
491
490
848
480
500
489
498
502
445
464
413
403
375
361
323
268
216
187
138
124
120
99
159
214
181
104
44
10
6
20
0
2
1
0
2
11
43
69
97
87
126
174
203
189
159
187
204
252
294
288
316
325
318
330
358
359
361
389
402
410
393
475
465
426
436
453
421
397
453
505
531
680
780
835
905
890
981
955
1085
1126
1188
1278
1282
1394
1441
1447
1495
1555
1603
1612
1688
1707
1760
1806
1827
1818
1832
1856
1857
1857
1876
1926
1947
2041
2046
2067
2048
2061
2031
2032
2056
2024
2013
1954
1891
1792
1659
1478
1350
1191
1139
1057
1081
967
909
764
690
596
468
435
410
414
416
418
387
338
272
181
97
133
156
187
218
227
247
270
235
185
148
128
150
166
227
351
475
567
716
792
909
1033
1249
1456
1649
1892
2150
2485
2827
3039
3324
3438
3796
4025
4155
4156
4231
4241
4350
4273
4114
3986
4034
4029
3938
3786
3564
3403
3193
3012
2783
2528
2421
2153
1954
1770
1665
1575
1473
1374
1141
950
761
652
598
555
503
553
645
741
881
993
1115
1288
1420
1538
1776
1578
856
1196
1167
1091
860
516
752
905
1103
1115
1026
945
825
688
710
743
674
619
477
393
290
436
443
391
334
285
321
369
435
523
561
483
798
953
1000
768
1163
868
737
871
866
597
461
347
413
443
393
327
223
71
60
65
159
206
284
304
313
302
210
297
430
527
663
720
784
894
957
755
433
609
814
803
641
531
408
225
192
236
187
86
17
67
115
129
100
51
8
48
90
105
95
92
66
56
41
37
37
18
5
0
0
0
2
6
7
11
1
9
80
187
230
210
145
29
2
24
5
0
10
33
46
58
37
22
10
0
0
0
0
0
14
19
16
16
12
9
5
1
3
0
0
1
17
45
92
112
110
101
78
46
28
30
21
31
33
33
29
22
18
27
13
5
6
6
7
21
31
50
35
33
28
31
26
35
43
61
69
73
54
44
26
12
7
2
0
0
0
0
9
13
16
13
7
8
3
0
0
0
13
20
0
1
1
3
3
4
0
0
0
0
0
0
0
0
0
0
0
0
0
0
0
0
0
0
0
0
0
0
0
2
5
32
1
2
5
7
29
181
402
521
561
583
562
646
703
670
609
549
436
331
211
179
212
154
90
57
35
23
14
20
24
22
19
37
16
16
7
26
121
207
225
127
80
173
185
135
45
34
123
185
159
92
29
32
34
28
32
4
12
11
3
1
4
13
28
21
4
2
9
7
15
11
0
0
0
0
1
5
4
4
4
1
3
6
15
46
99
167
230
241
389
529
556
560
590
481
226
456
562
602
666
734
582
367
26
269
359
363
338
260
102
154
324
357
361
264
30
89
139
107
35
53
205
292
423
610
841
1029
945
347
881
1399
1390
865
580
877
406
948
1126
638
526
769
778
1392
1781
1898
1753
1607
1405
1422
1119
726
1012
1046
914
889
717
381
306
335
367
403
380
366
267
190
166
156
124
146
190
232
241
260
240
205
186
176
203
345
497
645
819
952
1157
1310
1613
1864
2035
2077
2375
2719
3168
3229
3310
2957
3318
3630
3768
3723
3788
3837
3608
3439
3191
3114
3131
3100
3048
2960
2906
2784
2710
2595
2406
2388
2308
2138
1915
1862
1728
1485
1375
1277
1182
1111
1040
925
772
648
520
397
291
237
217
213
244
277
288
308
312
271
259
192
214
428
710
959
1182
1443
1781
2048
2272
2512
2798
3035
3314
3394
3573
3660
3629
3634
3589
3690
3688
3599
3349
3160
3029
2888
2854
2853
2785
2628
2475
2281
2058
1937
1878
1803
1708
1712
1683
1658
1585
1532
1427
1272
1214
1151
1065
971
882
735
633
531
403
307
250
297
466
687
931
1191
1395
1749
2013
2267
2809
3246
3190
3166
3073
3105
3180
3108
3206
3344
3594
3987
4324
4373
4402
4082
3916
3827
3748
3695
3686
3474
3291
2952
3073
3258
2723
2303
1963
1845
1913
1948
2004
2107
1999
2197
2291
2583
2897
3178
3427
3599
3708
3765
3764
3734
3706
3694
3730
3781
3840
3837
3734
3623
3542
3563
3343
3113
3317
3781
3677
3207
3086
2575
2470
2103
1847
1700
1643
1386
1091
782
612
529
534
605
620
646
725
845
1054
1347
1631
1929
2261
2585
2859
3110
3328
3553
3687
3790
3797
3869
3884
3894
3919
3764
3726
3782
3682
3626
3472
3346
3183
3048
2944
3024
3449
4342
4657
4954
5163
5307
5022
4472
3945
3855
3701
3573
3262
2974
2868
2892
2945
2905
2990
2977
2885
2649
2443
1925
1332
834
417
735
739
660
568
436
224
182
191
211
222
196
221
233
287
266
255
245
265
488
486
200
244
290
344
433
569
737
953
1079
1120
1171
1340
1489
1746
2039
2280
2554
2802
3072
3418
3655
3772
3808
3796
3653
3401
3097
2922
2794
2662
2548
2465
2363
2370
2256
2173
2098
2001
1829
1671
1435
1205
1016
870
814
743
726
631
493
448
442
464
455
382
348
327
285
282
272
207
186
333
518
588
515
388
300
272
281
199
148
158
237
386
639
857
1036
1151
1216
1192
1012
854
653
550
546
522
453
307
219
156
161
137
120
347
153
186
203
176
143
201
205
224
191
360
325
262
265
145
58
24
17
28
30
32
77
85
42
44
55
66
38
14
6
6
13
15
4
10
7
3
0
0
5
10
15
15
31
38
33
10
13
16
33
138
131
48
9
58
126
174
188
138
151
142
165
203
259
316
290
239
270
436
557
720
919
1201
1402
1423
1469
1475
1527
1482
1436
1596
1911
2227
2657
3198
3645
3992
4417
4762
5144
5684
6036
6284
6308
6416
6629
6514
6195
5941
5497
4869
4243
3786
3430
3067
2669
2401
2183
2026
1890
1782
1571
1450
1330
1160
1065
980
1012
1000
840
705
633
487
443
497
470
517
625
506
547
583
484
304
173
102
76
67
92
86
63
12
23
34
1
3
11
14
2
0
0
3
8
8
19
19
17
9
6
12
14
46
111
146
67
4
3
1
0
1
0
0
20
7
11
3
5
7
15
28
31
53
57
84
136
209
221
181
77
23
24
37
42
57
130
139
84
129
144
175
157
164
235
317
396
535
643
865
1102
1279
1566
1844
2114
2323
2440
2692
2840
3001
3097
3160
3226
3299
3362
3379
3360
3333
3286
3243
3130
3072
2902
2785
2673
2511
2330
2133
1916
1704
1499
1348
1136
973
815
637
531
398
300
206
103
67
93
148
189
237
282
410
539
615
742
821
958
1061
1146
1242
1310
1329
1342
1260
1222
1190
1163
1084
991
989
916
854
894
811
775
718
678
575
499
540
517
524
491
528
527
481
481
446
373
334
293
233
176
129
76
35
33
58
77
85
97
75
100
115
148
161
198
216
243
259
303
321
361
426
465
520
556
612
666
727
814
841
903
930
954
1020
1071
1160
1176
1225
1212
1242
1297
1391
1500
1516
1485
1458
1414
1265
1211
1193
1156
1107
1082
973
870
776
680
606
537
425
328
212
179
173
180
180
190
155
112
139
143
132
131
112
127
193
136
249
501
343
224
283
391
464
470
544
691
797
720
531
361
424
519
408
395
391
381
303
164
64
188
304
352
346
332
256
143
175
362
471
480
423
307
215
160
131
73
47
56
32
30
69
17
1
10
46
65
102
85
86
63
71
49
39
44
30
37
22
36
55
71
81
96
145
168
175
190
189
209
207
222
220
219
214
192
183
174
205
190
125
132
114
160
75
25
17
4
5
3
37
114
181
217
241
291
307
331
418
415
368
241
250
391
387
281
271
484
778
921
1082
1244
1580
1871
2129
2205
2229
2306
2385
2579
2775
2852
2984
3015
2982
3069
4241
2984
2952
2938
2929
2892
2857
2837
2740
2597
2367
2153
1870
1671
1452
1295
1179
1129
1121
1140
1078
934
788
678
592
456
409
390
540
491
384
288
152
67
34
77
129
189
293
357
311
208
150
184
216
281
273
232
211
187
168
160
159
133
158
200
177
171
175
273
229
274
372
544
612
669
732
1140
1292
1648
2663
3123
3362
3369
3353
3238
2882
2543
2143
1793
1610
1497
1319
1434
2403
2866
2772
2735
3110
3221
3203
3208
3256
3404
3337
3189
2878
2619
2395
2184
1981
1718
1444
1109
1342
1906
2462
3021
3610
4071
4134
3977
3608
3012
2622
2208
1682
1248
1286
1747
2121
2250
2245
2083
1863
1569
1411
1318
1302
1386
1526
1695
2017
2104
2216
2269
2391
2507
2652
2791
2940
3162
3285
3368
3420
3410
3341
3236
3071
2874
2642
2364
1991
1648
1613
1598
1470
1737
1992
2304
2519
2608
2789
2964
3085
3115
3123
3162
3223
3250
3253
3186
3085
3007
2884
2728
2506
2217
1935
1573
1094
567
208
267
548
879
1257
1459
1532
1547
1523
1546
1507
1410
1261
1192
1084
1026
997
988
964
930
852
809
759
748
690
583
501
410
333
266
211
226
185
132
275
388
448
496
517
517
570
590
623
639
637
602
582
541
506
485
485
456
428
362
313
272
204
174
117
73
26
19
7
3
0
18
12
35
68
109
154
169
221
219
229
254
298
275
270
267
287
297
312
386
408
348
340
275
245
216
197
191
156
115
91
73
10
3
18
5
7
36
50
69
86
88
50
43
32
18
1
0
4
26
25
13
4
3
3
10
21
28
10
13
16
12
12
21
14
3
9
0
2
6
4
0
0
1
0
0
0
1
0
0
0
5
7
2
0
0
3
3
0
0
7
18
27
3
2
1
0
5
14
48
61
64
71
58
42
31
39
40
57
59
45
37
10
3
4
8
1
0
10
53
78
103
184
280
296
246
128
50
26
19
49
54
27
36
25
24
14
17
12
9
29
44
54
46
9
4
7
6
10
30
36
61
94
133
130
133
165
189
185
171
127
109
87
62
79
121
144
161
183
134
104
67
34
23
21
38
18
24
55
90
125
150
154
166
162
157
183
156
121
104
99
82
97
86
104
71
48
31
10
10
25
24
23
17
21
20
20
5
0
0
0
0
0
0
0
0
0
0
1
2
16
46
54
23
40
56
28
19
24
24
15
15
23
12
4
0
0
0
0
0
3
3
0
13
52
80
131
182
222
249
312
331
361
405
721
458
393
420
450
465
492
506
562
552
531
552
544
554
566
579
549
514
486
469
439
439
451
445
446
436
414
402
370
348
348
344
343
347
369
333
314
272
260
258
243
257
283
250
239
279
241
278
325
344
295
97479
0
0
0
0
0
0
0
0
0
0
0
0
0
0
0
0
0
0
0
0
0
0
0
