22354
98
69
72
80
28
27
35
30
33
11
7
4
1
2
3
8
0
0
0
0
0
11
0
0
0
0
0
1
0
1
2
3
1
0
0
0
0
0
0
0
0
0
0
0
3
5
6
28
48
56
49
68
78
73
52
78
85
77
47
34
7
5
15
72
207
255
206
120
93
115
68
8
10
18
12
3
3
1
0
0
0
4
21
29
26
20
12
5
7
1
0
0
0
2
9
1
0
0
0
0
0
0
1
2
2
0
12
15
5
9
9
14
17
25
49
60
58
61
72
108
105
89
97
64
69
89
38
29
19
27
39
70
83
81
76
59
41
54
68
45
14
22
27
21
32
36
54
126
178
144
92
9
21
32
9
7
24
4
19
25
30
44
58
51
62
91
111
109
109
117
114
111
99
64
50
54
66
75
98
89
41
7
13
73
374
635
771
782
785
677
540
377
245
160
108
92
57
29
3
0
0
0
0
0
0
0
0
2
0
3
1
0
2
2
1
4
1
2
1
1
23
14
10
9
7
0
0
0
0
0
1
1
1
0
0
9
28
3
12
19
7
27
6
0
2
6
1
0
5
19
22
8
5
3
1
2
0
1
36
29
33
54
56
37
29
20
4
0
1
10
11
5
40
154
269
387
430
406
382
305
215
137
84
44
23
12
3
3
2
44
30
5
16
10
6
4
5
5
11
7
0
0
0
0
0
3
2
2
1
0
1
0
0
0
0
0
0
0
9
35
11
15
16
13
8
19
92
246
447
769
962
962
1046
1237
1706
1881
2068
2234
2340
2320
2091
1679
1339
1020
688
370
325
421
469
457
419
415
529
555
512
584
800
930
920
890
746
582
423
338
289
249
189
208
230
179
133
64
26
4
13
15
7
0
0
13
20
33
77
188
450
749
954
1141
1412
1958
2504
2990
3318
3275
2965
2606
2055
1581
1479
1430
1082
843
799
827
753
571
438
420
390
283
154
47
16
25
35
76
169
200
260
282
302
331
293
267
231
266
273
289
225
206
228
316
283
307
327
323
304
279
228
188
171
201
287
341
458
714
934
1037
1345
1660
1761
2010
2156
2270
2361
2369
2521
2760
2884
2793
2446
2138
1908
1912
1815
1772
1707
1647
1524
1500
1456
1470
1454
1498
1417
1355
1142
1008
832
672
578
515
391
317
268
226
195
188
151
168
177
185
176
184
200
266
360
467
540
1268
694
818
989
1221
1285
1377
1395
1560
1510
1228
881
488
241
390
545
433
245
151
123
74
49
60
99
213
376
542
647
779
840
615
451
393
471
553
667
690
600
494
425
372
294
246
207
153
108
88
84
105
117
161
193
273
338
457
510
536
549
548
567
559
573
504
483
386
343
277
222
150
107
106
98
121
127
152
160
162
165
159
166
151
163
139
105
96
93
112
152
171
213
233
240
261
290
310
308
271
234
219
199
203
178
120
68
50
38
38
38
33
21
18
8
14
29
28
17
8
14
22
12
13
8
9
0
0
0
3
8
15
15
25
32
69
108
195
211
231
235
208
128
65
23
12
21
35
70
81
76
155
270
379
458
473
385
235
117
28
1
1
2
1
2
15
34
51
36
9
0
0
0
2
7
7
13
23
20
46
96
180
245
306
340
332
314
246
176
91
60
32
8
9
4
3
2
3
3
1
0
1
15
21
0
8
6
5
0
0
0
0
0
0
0
0
2
0
0
0
1
0
2
2
0
3
5
4
0
0
1
0
0
0
0
0
0
1
0
0
0
11
24
0
3
12
3
3
0
10
23
25
35
44
39
32
12
2
0
7
28
75
66
14
1
11
9
3
0
0
0
0
0
0
0
0
0
0
0
0
0
0
0
0
0
0
0
0
0
0
5
4
0
0
1
1
1
0
0
0
0
17
12
0
4
3
0
0
1
16
10
1
7
4
7
5
9
14
19
17
10
4
17
14
11
11
12
7
1
0
0
0
0
1
0
0
0
1
7
3
0
0
7
21
22
12
7
1
0
4
22
13
0
11
6
3
0
0
0
0
0
0
0
0
0
0
0
0
0
0
0
0
14
98
235
362
462
509
489
402
283
171
66
18
2
1
0
2
4
0
0
0
0
0
0
0
0
0
0
0
0
0
0
0
0
0
0
0
0
0
0
0
0
0
0
0
0
9
32
94
132
173
181
175
147
108
85
39
28
8
5
0
0
9
17
1
1
12
6
3
0
0
0
0
0
0
0
0
0
0
0
10
15
0
8
11
9
3
0
0
1
8
19
5
0
10
9
11
9
11
18
30
46
50
31
8
0
0
0
0
0
0
0
0
0
0
0
0
3
0
2
2
1
0
0
0
0
0
0
0
0
0
0
0
0
0
0
0
0
4
28
1
11
8
2
0
0
0
0
0
0
0
0
0
1
0
0
0
9
21
9
0
1
0
1
0
2
5
0
0
0
0
0
2
7
10
8
13
6
7
5
4
0
10
1
0
0
0
15
4
0
0
0
2
0
0
0
0
13
27
30
19
16
8
43
17
24
32
27
29
33
22
10
15
1
8
26
0
8
10
3
1
0
0
5
2
5
0
1
3
0
0
6
3
8
16
5
4
12
15
6
25
24
15
28
60
43
37
20
2
0
6
0
1
13
16
21
28
16
7
10
2
1
0
1
0
3
3
3
9
19
15
17
15
32
27
11
22
42
20
44
26
1
3
15
49
98
114
70
11
25
71
61
47
36
4
4
4
14
35
7
0
19
43
51
25
33
21
13
11
6
6
22
58
37
18
3
11
3
9
10
8
2
3
0
8
38
69
25
22
30
4
15
26
11
7
1
0
0
11
14
10
24
49
48
43
58
27
11
13
9
2
0
0
0
0
1
4
2
0
8
11
0
0
6
3
1
10
1
3
29
2
6
8
5
0
0
0
0
0
0
3
6
19
34
17
5
2
8
13
27
14
10
11
11
21
13
7
5
13
39
23
18
22
20
9
3
0
0
0
1
4
2
2
0
0
0
0
0
0
10
26
0
9
5
4
0
0
2
19
6
0
3
0
15
35
29
7
15
75
43
49
61
31
36
75
95
140
111
90
66
46
37
26
4
10
51
42
9
5
15
24
5
0
0
0
0
0
1
1
1
0
0
0
0
0
0
0
9
34
159
286
284
209
94
36
17
17
0
0
2
7
14
8
6
1
3
4
13
24
31
38
38
36
40
43
43
30
13
13
7
15
14
19
40
20
46
40
7
0
3
7
1
0
0
0
0
0
1
0
0
0
0
1
0
0
0
0
4
4
3
0
0
0
0
0
2
0
0
0
0
0
2
0
0
5
4
0
0
0
0
0
0
0
0
0
0
5
10
0
6
3
0
0
0
0
0
0
0
0
0
1
0
0
0
0
0
0
0
0
1
3
75
83
23
18
22
2
12
9
6
0
2
2
23
25
0
0
0
8
37
2
0
5
27
0
0
24
11
2
0
0
2
10
11
0
0
0
15
31
6
0
0
51
11
1
2
2
0
0
0
0
0
3
6
0
0
4
5
5
0
0
0
0
0
0
0
0
6
15
6
0
2
3
4
1
1
7
11
0
0
5
10
10
16
22
15
0
0
8
7
0
0
0
2
0
0
0
0
0
0
0
0
0
0
0
0
0
0
0
0
0
0
0
0
0
0
0
0
0
15
17
0
0
5
7
3
0
0
0
0
0
0
14
9
0
1
6
6
1
1
3
3
0
0
0
0
0
3
3
0
3
14
4
0
7
19
16
3
21
31
19
4
13
6
7
9
1
1
0
2
2
0
0
0
0
0
0
0
0
0
0
2
1
3
0
0
0
0
0
0
0
0
0
0
1
0
4
4
1
2
15
22
0
0
0
0
4
2
0
0
37
87
61
20
13
3
8
6
0
0
0
6
15
11
19
9
0
4
6
4
1
0
0
0
0
1
2
2
0
0
0
0
0
0
0
6
8
5
1
0
0
0
0
0
0
0
0
0
0
0
0
1
2
4
14
10
19
8
0
2
5
0
0
0
0
0
2
8
0
0
1
0
0
1
11
28
22
12
3
8
4
3
4
0
3
5
2
6
3
3
0
0
0
0
0
0
0
5
20
7
1
2
5
1
0
0
0
3
9
2
0
0
1
2
2
0
0
1
0
0
0
0
15
51
50
43
26
0
0
13
118
96
21
13
39
24
12
17
18
19
8
6
4
10
18
48
89
111
185
205
139
38
9
9
7
10
0
0
0
0
1
3
30
19
9
9
4
6
3
0
0
8
19
23
29
7
16
15
21
7
3
4
3
1
1
5
4
11
24
66
103
160
218
193
126
65
18
2
0
0
0
0
0
0
0
0
0
0
5
6
7
4
1
1
0
0
0
1
17
19
7
12
9
5
0
0
0
0
3
0
0
6
9
7
10
101
351
656
966
1255
1601
1831
1951
2043
2064
2131
2173
1975
1683
1639
1707
1589
1527
1984
2500
2736
2655
2961
3054
2770
2208
2156
2240
2130
2179
2073
2198
2179
1990
2165
2566
2635
2448
2230
1867
1484
1204
1104
966
537
484
587
404
213
118
55
178
305
466
558
498
352
277
232
212
242
241
261
301
421
535
505
519
453
293
251
199
135
157
135
132
178
122
61
110
133
85
78
122
130
117
120
137
108
112
157
189
236
322
379
312
176
307
105
118
105
114
132
147
168
173
203
255
281
251
201
154
121
68
55
40
40
43
31
16
27
87
160
84
37
27
33
11
45
32
40
43
40
24
20
18
19
26
21
30
18
7
27
53
71
99
105
77
30
36
73
64
19
16
16
11
3
7
9
31
29
77
102
117
115
58
32
31
29
32
22
34
16
13
31
27
37
35
41
18
9
2
0
7
4
17
29
39
30
20
13
12
2
8
18
14
19
29
28
43
143
286
277
223
133
81
40
60
92
72
65
65
99
102
129
183
179
156
155
165
130
102
79
29
45
37
61
106
130
108
60
39
7
1
14
55
71
82
105
102
72
41
15
12
23
16
18
13
5
0
2
1
4
29
41
47
53
20
1
16
26
2
22
0
9
43
1
31
1
14
21
0
3
0
13
24
0
0
21
5
24
18
0
3
2
21
26
0
16
15
14
0
0
11
17
21
22
38
138
293
388
464
563
626
623
603
535
457
366
246
187
165
116
135
100
113
112
84
51
31
19
16
12
16
19
18
8
3
4
12
5
0
8
2
0
0
1
0
0
0
0
0
5
10
7
7
3
2
4
5
2
3
0
2
9
27
41
30
1
1
20
54
39
22
4
2
0
1
2
2
16
3
0
0
2
1
1
9
20
9
1
0
1
0
0
0
0
0
0
1
3
1
0
0
0
3
6
28
40
67
57
50
34
20
13
3
0
0
0
0
0
0
0
0
0
0
0
0
0
0
3
0
0
0
0
0
1
0
4
6
13
26
47
82
97
175
264
387
408
480
590
574
502
387
350
302
291
277
344
353
354
440
389
323
227
148
82
57
27
21
22
27
19
16
25
42
50
64
62
37
27
4
0
0
0
0
0
0
3
1
5
1
4
0
10
19
4
11
4
0
0
0
0
0
0
0
0
0
0
0
1
1
2
0
0
0
0
0
0
0
0
0
0
0
0
0
0
0
0
0
0
0
0
0
0
0
0
0
0
0
0
0
0
0
0
0
0
0
1
2
19
18
74
181
315
385
417
379
307
215
141
65
37
2
0
0
0
0
0
0
0
0
0
1
1
5
25
53
102
151
205
253
269
277
264
262
175
94
42
8
5
6
16
13
18
14
5
3
0
0
0
0
2
20
32
3
57
53
0
12
14
2
6
0
0
0
5
1
0
0
0
1
25
52
31
17
46
38
2
17
17
15
40
73
88
63
32
15
12
4
3
13
1
9
24
29
0
0
0
0
1
15
44
216
197
11
13
6
8
9
11
65
68
37
13
4
14
61
165
169
118
63
42
27
21
12
5
7
19
36
35
18
18
37
75
95
122
162
213
283
428
642
882
1135
1419
1784
2025
2138
2098
1869
1522
1292
1285
1376
1502
1695
1951
2187
2654
3172
3859
4437
4947
5469
5850
6087
6119
5912
5650
5530
5265
5042
4769
4649
4395
4105
3660
3227
2808
2442
1980
1488
1137
880
832
891
882
866
1178
1867
2586
3265
3961
4466
4912
5272
5553
5637
5647
5647
5572
5446
5302
5131
5075
5001
4969
4903
4811
4845
4779
4676
4507
4126
3396
2661
2086
1581
1214
1080
1197
1445
2151
2546
2388
2265
2461
2404
2280
2079
2029
2101
2030
1982
1900
2029
2099
1954
1779
1836
1964
2005
2081
2067
2084
2057
2026
2003
2054
2038
2007
1939
1838
1776
1747
1710
1552
1305
839
466
283
195
121
77
95
317
170
62
67
37
56
86
94
79
60
21
22
25
17
12
3
3
4
12
10
4
2
0
0
3
6
13
6
0
0
5
11
22
19
28
19
7
1
1
5
8
7
2
1
3
5
5
0
0
3
0
2
0
3
10
9
9
26
9
1
0
0
0
0
0
0
0
0
0
0
0
0
0
0
0
0
0
13
18
1
3
5
4
0
2
4
12
11
4
0
0
0
0
0
0
0
0
0
0
0
0
0
0
0
0
0
0
0
9
21
5
2
7
8
6
2
0
0
0
0
0
0
0
0
0
0
0
3
6
10
6
6
0
0
0
6
74
259
420
585
690
699
622
516
348
200
93
49
28
17
4
1
3
8
17
0
5
6
5
2
0
3
2
0
1
0
0
0
1
0
2
17
6
2
7
3
2
0
0
0
7
3
4
0
0
0
0
2
1
0
0
0
0
0
0
0
6
51
139
285
395
446
456
390
314
201
127
78
34
7
4
1
0
0
0
0
0
0
1
0
0
1
0
0
0
0
0
0
0
0
0
0
0
0
0
0
0
0
21
22
0
5
5
6
0
0
0
0
0
0
0
0
0
0
0
0
0
0
0
24
15
0
7
5
5
0
0
0
0
0
0
0
0
0
0
0
0
0
1
16
23
20
10
2
1
0
0
0
0
0
0
0
0
0
0
0
0
0
0
0
0
1
5
5
1
10
12
39
122
235
276
377
447
512
565
581
499
393
248
142
50
11
6
4
4
15
48
86
130
153
169
174
171
198
221
282
294
317
285
248
189
112
47
17
8
4
0
0
0
0
0
0
0
1
16
25
0
6
7
3
0
0
0
0
0
0
0
3
5
0
0
0
0
0
0
0
0
0
0
0
0
0
0
0
0
0
0
0
0
0
0
0
18
33
0
8
7
2
1
0
0
0
0
0
0
0
0
26
18
0
7
5
1
0
0
0
0
0
0
0
0
0
0
0
0
0
0
0
0
3
0
0
0
0
36
13
1
10
4
1
0
0
0
0
0
0
0
0
0
0
0
0
0
0
0
4
34
6
1
9
5
2
0
0
0
0
0
0
0
0
0
0
0
0
0
0
0
0
15
25
0
3
9
2
5
13
7
2
0
0
0
0
0
8
29
0
5
7
3
0
0
0
0
0
0
0
0
0
0
0
0
0
0
0
0
0
0
0
0
0
0
0
0
0
0
0
0
0
0
16
28
0
10
9
6
2
0
0
0
0
0
23
23
0
14
8
4
2
0
0
0
0
0
0
1
4
0
0
0
0
0
0
0
0
0
0
2
3
0
2
4
0
0
0
1
0
0
0
0
0
0
0
0
0
0
0
0
0
0
0
0
0
0
0
0
0
0
0
0
0
0
0
0
0
0
0
0
0
0
0
0
0
0
0
34
16
2
8
3
0
0
0
0
0
0
0
0
0
0
0
0
0
0
0
0
0
0
0
0
0
0
0
0
0
0
0
0
0
0
0
0
2
40
10
8
14
7
1
0
0
0
0
0
0
0
21
23
0
10
3
2
0
0
0
2
44
78
101
103
96
68
19
33
35
35
34
26
25
5
1
1
2
4
0
2
0
0
0
0
0
1
2
25
18
0
7
4
1
0
0
0
0
0
0
0
0
0
0
0
0
1
1
5
14
35
0
3
9
2
1
0
0
0
0
0
0
0
2
33
16
0
3
3
3
0
0
0
0
0
0
0
0
0
0
0
0
0
0
0
0
0
0
2
25
0
16
11
7
0
0
1
0
0
0
3
0
0
0
0
0
0
0
0
0
0
0
0
0
32
20
1
13
9
0
0
0
0
0
0
1
1
0
21
21
0
6
6
0
0
0
1
0
1
19
9
0
10
1
0
0
0
0
0
4
22
4
3
8
6
0
0
0
0
0
0
0
18
18
0
4
5
6
1
0
0
0
0
0
5
21
8
0
7
2
0
0
1
0
0
0
0
0
7
20
6
0
3
4
0
0
0
0
0
0
0
0
0
0
0
0
0
0
0
0
0
0
0
0
4
17
8
0
2
0
4
1
0
0
0
0
0
0
0
0
0
0
0
0
0
0
0
0
0
0
0
0
0
0
0
4
17
9
0
10
3
1
0
0
0
0
0
0
0
0
0
0
0
0
0
0
0
0
0
0
0
0
0
0
0
0
0
0
0
0
0
0
0
0
0
0
10
140
322
464
549
549
490
385
270
155
79
22
0
0
0
0
1
1
5
3
8
17
23
40
41
36
40
15
5
0
0
0
0
0
2
1
6
12
30
54
61
108
191
208
196
134
75
43
18
2
0
0
1
0
15
30
2
7
10
4
2
0
0
0
0
0
0
0
0
0
0
0
18
20
0
7
6
0
0
0
0
0
0
0
1
6
101
311
460
585
735
842
889
816
626
389
159
55
24
27
48
15
24
120
141
46
46
128
259
400
527
608
651
622
552
471
365
227
116
30
6
11
11
10
13
37
107
121
67
20
1
1
1
3
4
3
15
6
0
0
0
0
3
3
2
0
0
0
0
0
1
3
14
12
3
4
2
0
0
8
20
17
1
0
15
23
14
0
0
6
7
0
0
7
13
25
21
30
15
10
7
7
5
10
21
11
27
8
7
15
3
1
0
0
1
0
4
13
8
3
0
0
0
8
11
3
2
0
1
5
0
0
0
0
0
0
0
4
16
10
0
6
5
0
0
0
0
0
0
0
0
0
0
0
0
0
0
0
0
0
103
381
290
210
101
38
4
0
0
0
0
0
9
20
9
0
0
6
16
3
5
5
1
0
0
0
1
0
0
0
0
0
0
0
0
0
0
2
0
0
11
10
2
14
17
24
46
41
27
63
283
574
819
973
1007
930
729
434
193
95
62
53
64
44
47
85
159
270
370
493
604
572
464
363
251
187
135
113
101
70
63
45
15
16
22
5
6
8
2
0
0
0
3
0
0
0
0
0
0
0
0
0
0
0
0
0
0
0
0
0
0
0
0
0
4
34
12
6
8
4
1
2
0
0
0
0
0
0
0
7
14
26
42
59
89
150
170
208
365
552
806
1105
1464
1803
2048
2235
2389
2697
2745
2589
2298
1672
1211
891
686
612
664
845
782
629
369
173
146
111
67
98
119
107
171
225
217
283
441
625
752
806
923
1245
1534
1307
1009
512
184
414
760
1204
1658
1780
1528
1290
1490
2121
2746
2892
2806
2984
3128
3180
3294
3481
3292
2796
1736
982
738
640
778
656
498
367
632
773
635
723
1280
1812
1824
1798
1745
1238
477
324
836
1447
2155
2109
2195
2390
2398
2556
2773
2676
2584
2518
2325
1742
1666
2128
2557
2785
3211
3659
3891
4200
4401
3855
3284
2775
2713
2119
1701
1275
1278
1363
1669
1730
1915
1766
1555
1274
927
788
664
648
731
646
416
442
624
579
491
363
469
494
602
928
1009
957
1090
1171
1096
1087
1272
1493
1576
1783
1956
1876
1541
1346
1322
1319
1270
1177
1063
932
837
745
680
600
504
441
355
311
263
298
347
386
401
412
473
516
663
819
767
769
971
1211
1121
931
731
596
452
327
222
195
179
228
293
385
406
460
414
475
1002
801
400
309
214
294
334
342
257
228
161
135
123
95
99
108
122
125
123
167
137
108
101
95
140
221
220
231
198
162
179
225
271
237
233
200
137
51
9
5
22
36
6
0
6
0
0
1
0
3
0
0
0
0
0
0
0
0
3
11
6
0
0
23
17
12
2
0
1
3
11
6
15
2
3
0
2
4
2
5
3
3
3
2
1
2
0
6
31
19
17
9
15
19
2
0
0
1
11
25
22
22
10
8
3
5
2
0
0
1
13
36
40
60
54
55
81
76
63
32
22
2
0
0
0
1
2
0
3
2
7
6
7
11
15
27
0
8
12
4
1
0
1
5
7
1
1
0
1
0
0
3
6
10
23
0
8
10
3
2
0
7
1
9
12
16
29
41
37
36
42
41
43
23
6
2
1
2
0
24
4
10
13
9
6
3
1
21
10
5
11
11
11
15
10
11
5
0
3
1
1
0
0
0
0
0
0
0
0
0
0
0
0
0
0
0
0
0
0
0
0
0
0
0
0
0
0
0
0
0
0
0
14
23
0
7
15
5
2
0
0
0
0
0
0
0
0
0
0
0
0
0
0
2
2
3
2
1
5
0
0
0
0
0
0
3
3
0
0
1
0
0
0
0
0
0
0
0
0
0
0
0
0
0
0
0
0
0
0
0
0
0
0
0
0
0
0
0
0
0
0
0
0
0
0
45
214
354
483
530
560
592
545
475
328
190
101
56
22
6
2
0
1
0
0
0
0
0
0
0
0
3
0
0
0
1
1
1
2
1
2
2
1
3
4
6
10
10
6
1
0
0
0
0
0
0
0
0
6
15
0
0
4
2
0
0
0
0
0
0
0
1
0
0
0
0
0
0
0
0
0
0
0
14
71
102
127
162
204
203
142
95
44
22
23
3
2
3
3
1
0
8
1
19
10
0
3
5
4
0
0
0
0
0
0
0
14
12
0
6
7
2
0
0
0
0
0
0
0
0
0
15
16
0
5
7
4
0
0
0
0
0
0
0
0
0
0
0
0
0
0
0
0
18
10
0
6
5
3
0
0
0
0
0
0
0
0
0
0
0
11
18
0
5
4
3
1
0
0
1
0
1
0
1
1
3
1
1
0
0
14
20
2
0
4
5
1
0
0
0
0
0
0
0
0
0
0
0
0
0
0
0
0
0
0
0
0
18
13
0
6
2
4
0
1
0
0
0
0
0
0
0
0
0
0
0
0
0
0
0
0
0
0
0
0
0
0
0
0
0
0
0
0
0
0
0
0
0
1
4
0
0
0
0
0
0
0
0
0
0
0
0
1
0
3
8
2
0
0
1
13
3
0
0
0
0
0
0
0
0
0
0
0
0
0
4
1
5
1
0
0
0
4
4
0
0
2
14
3
10
22
0
5
12
5
2
0
0
0
0
0
0
13
15
0
0
0
19
9
0
2
2
0
2
0
2
1
6
2
0
2
8
0
0
0
0
10
12
0
2
10
0
0
0
9
28
0
13
11
2
1
2
7
4
0
15
24
4
0
0
0
0
0
0
2
0
0
0
0
0
0
0
2
3
0
0
0
0
27
20
4
16
5
0
0
0
0
0
1
2
0
0
0
0
0
2
13
4
0
2
6
22
5
10
8
1
0
0
0
0
0
0
1
14
12
0
0
0
0
0
0
0
0
1
1
3
5
14
9
11
14
10
3
1
1
0
0
0
0
0
1
6
4
2
0
0
0
0
9
30
5
23
20
40
54
57
87
181
242
288
402
361
263
379
488
505
467
350
187
96
133
166
166
159
121
92
114
167
211
195
142
108
100
92
66
30
11
0
1
1
4
2
1
1
0
1
0
0
0
0
0
0
0
0
0
0
0
0
0
0
0
0
1
0
0
1
0
0
0
0
0
0
0
0
0
0
0
0
0
0
0
0
0
0
0
0
0
0
0
0
0
21
16
0
10
6
3
0
0
0
0
0
0
0
0
0
0
0
0
0
0
0
0
0
0
0
0
0
0
0
0
0
0
0
0
0
0
7
48
52
43
20
1
0
0
0
6
14
4
2
0
0
0
0
0
0
19
27
0
14
28
4
0
0
2
0
0
0
0
0
1
1
11
27
13
4
1
0
0
4
13
6
1
0
0
0
0
0
0
0
0
0
0
0
0
0
0
0
0
0
3
19
0
18
11
6
0
0
0
0
0
10
22
0
0
2
12
0
5
33
22
28
31
3
3
23
0
0
0
0
0
0
0
0
0
0
0
3
0
9
21
0
4
6
3
0
0
0
0
0
0
0
0
8
28
0
6
7
4
2
0
0
0
0
0
0
0
0
0
18
2
15
9
4
1
0
0
0
0
2
0
0
0
0
1
0
0
0
0
0
0
0
0
0
0
0
0
0
0
0
0
0
0
0
0
0
0
8
1
0
0
0
0
0
0
0
0
0
0
0
0
0
1
39
7
10
7
0
1
0
0
2
7
3
15
23
7
11
5
5
3
0
0
0
0
3
15
2
0
0
0
0
0
0
0
0
0
0
0
0
0
0
0
0
0
0
0
0
1
18
25
0
5
10
6
6
0
0
0
0
0
0
0
0
0
0
0
0
0
0
0
0
0
0
0
0
0
1
0
0
0
0
0
0
0
0
0
0
0
16
13
3
10
8
2
0
0
0
0
0
13
23
0
13
5
1
0
0
0
0
0
0
0
0
0
20
17
0
8
8
1
1
0
0
0
0
0
0
0
0
0
0
0
0
0
0
0
17
23
0
8
6
3
0
3
4
1
4
8
8
58
114
289
417
431
389
291
208
97
27
5
0
0
0
0
0
0
0
0
0
0
1
4
3
2
1
3
9
18
53
46
47
63
60
49
40
43
35
68
10
14
12
3
4
1
0
0
16
15
1
5
6
0
0
0
0
0
0
0
0
0
0
0
0
0
0
0
0
0
0
0
0
0
0
0
0
0
0
0
0
0
0
1
6
3
0
4
3
1
0
0
2
0
0
1
0
2
13
8
0
9
9
4
4
0
0
0
0
0
0
0
0
0
0
9
20
1
7
9
3
0
0
0
0
0
14
15
0
5
7
4
0
0
0
0
0
0
0
0
0
0
0
0
0
0
0
0
0
0
0
0
0
0
0
0
0
0
0
0
0
0
0
0
0
6
19
12
0
6
9
40
123
162
176
145
73
43
7
10
8
23
44
46
42
36
9
0
2
25
39
34
3
0
1
15
43
31
26
7
2
3
2
0
1
0
0
0
0
2
19
19
6
3
19
20
31
50
44
30
3
0
0
1
0
0
0
0
2
11
19
17
13
9
6
9
4
4
3
5
2
0
0
0
6
22
4
0
1
3
0
0
0
0
0
0
0
10
22
4
0
5
3
1
0
0
0
0
0
0
0
0
0
0
0
0
0
0
14
17
0
0
7
4
1
2
0
0
1
3
0
0
0
0
0
0
0
0
0
0
0
0
0
0
0
0
0
0
0
0
0
0
0
0
1
0
0
0
0
0
0
0
0
0
0
0
0
0
0
0
0
0
0
0
0
0
2
23
17
0
5
4
3
2
0
0
0
0
0
0
0
0
0
0
16
13
0
8
5
7
1
0
0
0
0
0
0
0
0
0
0
0
0
0
0
0
0
0
0
0
0
0
0
0
0
0
0
0
0
0
0
0
0
0
0
0
0
0
0
0
0
0
4
11
0
1
6
2
1
0
0
0
0
1
3
0
0
0
0
0
0
0
3
23
15
0
7
5
4
2
0
0
0
0
0
0
0
0
0
0
0
0
0
0
0
0
0
0
0
0
12
14
0
4
5
2
0
0
0
0
0
0
0
0
0
0
0
0
0
0
0
0
0
0
0
0
0
0
5
14
6
1
6
6
3
0
0
0
0
0
0
0
0
0
0
0
0
0
0
0
0
0
0
0
0
2
18
18
0
8
7
4
0
0
0
0
0
0
0
0
0
1
6
5
0
0
0
0
0
0
0
0
0
2
21
15
1
6
8
7
0
0
0
0
0
0
0
0
0
0
0
0
0
0
7
28
0
7
6
0
0
0
0
16
17
0
5
5
2
0
0
0
0
0
0
0
0
0
0
0
0
0
0
0
0
0
0
0
0
0
0
0
0
0
0
0
0
0
19
19
0
8
8
4
1
0
0
0
0
0
0
0
0
0
0
0
0
0
0
0
0
0
0
1
0
0
0
0
0
0
0
0
1
1
0
0
0
0
0
0
4
40
2
0
0
6
3
0
0
0
0
0
0
0
0
0
0
0
0
3
28
0
7
26
0
0
0
0
21
6
0
3
23
6
22
10
0
5
3
1
0
0
0
0
0
0
0
0
0
0
0
0
0
0
0
11
32
2
5
8
11
9
4
2
0
1
0
1
0
13
22
7
7
0
3
5
3
3
0
0
0
0
0
0
0
0
0
0
0
3
38
1
3
10
7
2
0
0
0
0
0
0
0
0
0
0
1
1
4
32
99
189
339
457
563
569
494
383
245
108
20
2
0
0
0
0
0
0
0
0
0
0
0
16
17
0
13
7
5
0
0
0
0
0
0
0
0
0
0
0
0
0
0
1
0
0
0
0
0
8
6
0
0
0
0
0
0
0
0
0
0
0
2
21
0
5
8
0
0
0
0
0
0
0
0
0
0
0
0
0
0
0
0
0
0
0
0
0
0
0
0
0
0
0
0
2
24
5
1
8
3
1
1
0
0
0
0
0
0
0
0
0
0
0
0
0
0
0
0
0
0
0
0
0
0
0
1
25
3
4
7
3
0
0
0
0
0
0
0
0
0
0
0
0
0
0
7
20
0
8
6
0
0
0
0
0
0
0
0
0
0
0
0
0
0
0
0
0
0
0
0
0
0
0
0
0
0
0
0
0
0
0
3
0
0
0
0
0
0
0
0
0
0
0
0
0
6
14
10
4
17
29
30
32
23
19
13
14
32
51
50
64
50
49
7
3
5
7
2
1
0
4
20
14
5
25
0
0
12
9
2
0
0
0
0
0
0
1
0
0
0
0
0
0
0
0
0
0
0
0
0
0
0
1
0
8
33
2
2
6
4
3
0
0
0
0
0
0
0
0
0
0
0
0
0
0
0
0
4
41
74
138
169
172
159
126
96
60
36
59
8
7
4
3
1
3
1
1
8
16
0
2
6
4
2
0
0
0
0
0
0
0
0
0
0
0
0
0
0
0
0
0
0
0
0
0
0
0
0
0
0
0
0
0
0
0
0
2
8
30
36
55
85
145
138
108
57
30
17
14
7
1
0
2
8
12
3
6
14
14
13
10
11
13
11
10
8
10
5
5
6
11
9
1
0
15
20
0
2
4
5
0
0
0
2
0
1
0
0
0
0
1
0
0
0
0
0
2
18
11
0
5
6
3
0
0
0
0
0
0
0
0
0
0
0
0
0
0
0
0
0
0
0
0
0
0
0
0
0
0
0
0
0
0
0
25
13
0
8
5
2
0
0
0
0
0
15
17
0
12
8
4
0
0
0
0
0
1
1
1
0
1
4
0
0
0
0
0
0
0
0
0
0
0
0
8
15
0
3
10
5
4
0
0
1
2
0
0
0
0
0
0
0
0
0
0
0
0
0
0
0
0
0
0
0
0
0
2
24
14
0
10
5
2
0
0
0
11
16
0
5
9
6
0
0
0
0
0
0
0
0
0
1
19
15
0
5
4
0
0
0
0
3
15
9
3
0
0
0
0
0
0
0
0
0
0
1
2
6
0
0
1
0
0
0
1
0
0
5
10
1
0
0
9
11
0
9
14
1
0
0
2
11
7
0
0
0
0
0
0
0
0
0
0
0
8
27
10
0
5
6
10
4
0
0
3
7
0
0
7
25
15
0
6
8
4
0
0
0
0
0
0
0
0
0
0
0
0
6
15
0
0
12
12
0
0
0
24
11
0
0
3
0
0
0
0
0
0
0
1
0
4
4
2
1
1
0
0
0
0
0
0
0
0
0
4
20
11
0
3
5
3
0
1
0
0
0
0
0
0
0
0
0
0
0
0
14
26
1
1
4
5
0
0
0
0
0
0
0
0
0
0
15
10
0
8
11
4
0
0
0
0
0
0
0
0
0
0
0
0
0
0
0
0
0
0
0
0
0
0
0
5
12
2
0
4
6
2
0
0
0
0
0
0
0
0
0
0
0
0
0
0
0
0
0
0
0
0
0
0
1
2
0
0
0
0
0
0
0
0
0
0
0
0
0
0
0
0
0
0
0
0
0
0
1
0
0
6
6
2
0
0
3
41
7
2
11
5
4
0
0
0
1
0
0
0
0
3
8
1
0
0
0
2
1
0
0
0
1
0
4
32
0
11
9
7
0
0
0
0
0
0
0
0
0
0
0
0
0
0
0
0
0
0
0
0
0
16
28
0
7
10
5
1
0
0
0
0
0
0
0
0
0
0
0
0
8
21
3
0
0
5
9
0
0
0
0
0
0
0
0
0
0
0
0
0
0
0
0
0
0
0
0
0
0
0
0
0
0
0
0
0
0
0
0
0
0
0
0
0
5
3
7
7
42
150
269
351
409
458
481
458
355
221
85
22
2
4
3
0
0
0
0
0
0
0
0
0
0
0
0
0
0
0
0
0
0
0
0
0
0
41
196
323
398
476
444
393
358
272
184
77
27
9
3
1
0
0
0
0
0
0
0
1
29
3
2
8
5
1
0
15
14
0
7
8
5
0
0
0
0
0
0
0
0
0
24
8
0
8
8
5
0
0
0
0
0
0
0
1
26
1
4
12
5
2
0
0
0
0
0
0
0
0
0
0
0
0
1
0
0
0
10
25
0
8
8
3
0
0
0
0
0
0
0
0
28
12
0
7
8
1
0
0
0
0
0
0
0
0
0
0
0
0
0
0
0
0
0
0
38
208
335
486
537
507
417
329
187
57
5
0
0
1
0
1
0
0
0
0
0
0
0
0
0
0
0
0
0
0
0
0
0
25
8
2
11
6
2
0
1
0
0
0
0
0
0
0
0
0
0
0
0
0
0
0
0
0
0
0
0
0
0
0
0
0
0
0
0
0
0
15
20
0
9
6
2
0
0
0
0
0
0
0
0
0
0
0
0
0
0
0
0
0
0
0
0
0
0
0
1
0
0
0
0
0
0
0
0
0
0
0
0
0
0
0
0
0
0
0
0
0
0
0
0
0
0
0
0
0
0
0
0
0
0
0
0
0
0
0
0
0
4
23
6
18
43
64
74
65
49
26
5
2
0
0
0
0
0
0
0
25
13
1
8
2
2
0
2
0
0
1
0
0
0
0
0
0
0
0
0
0
0
0
0
0
0
0
0
0
0
0
0
0
0
8
32
2
2
4
4
2
1
0
0
0
0
0
0
0
0
0
0
0
0
0
0
0
0
0
0
0
0
0
0
0
0
0
0
0
0
0
0
0
0
0
0
0
0
0
0
0
0
0
0
0
0
0
5
8
3
1
1
1
6
9
16
42
78
94
112
103
88
71
54
29
18
12
5
0
0
0
0
0
0
0
0
0
0
0
0
0
0
0
0
0
0
0
0
0
0
0
0
0
0
0
9
21
3
5
10
16
15
8
3
2
4
34
57
77
129
157
209
195
114
44
3
1
0
0
0
0
0
0
0
0
0
0
0
0
0
0
0
0
0
0
0
0
9
19
0
5
8
5
0
0
0
0
0
0
0
0
0
0
0
2
19
12
0
8
2
1
0
0
0
0
0
0
0
0
0
0
0
0
0
0
0
0
0
0
5
26
13
3
13
24
35
29
8
0
0
2
2
0
0
0
1
0
0
0
0
0
0
0
0
1
0
1
0
0
0
0
0
0
0
0
0
0
0
0
0
0
0
0
0
0
0
0
1
0
0
0
0
0
3
1
1
1
1
4
4
1
1
0
0
0
0
0
19
26
3
9
4
0
0
0
7
13
0
0
0
4
13
0
0
5
1
0
0
0
0
1
9
6
0
0
0
0
0
0
1
0
0
0
0
0
0
0
0
0
0
0
6
11
7
1
0
0
0
5
23
11
0
5
10
14
2
1
0
0
2
4
11
11
16
13
16
3
1
19
32
4
0
11
22
25
16
18
8
14
21
15
12
22
28
44
60
51
36
18
5
5
1
0
0
0
2
0
0
0
0
0
3
6
0
0
0
4
9
4
0
0
0
3
1
6
26
7
1
10
5
1
0
2
6
1
0
0
0
3
2
0
0
20
82
31
54
34
9
17
6
0
7
15
0
0
0
1
0
0
9
22
0
9
11
9
4
1
0
0
0
0
0
0
0
0
0
0
0
0
0
0
0
0
0
0
0
0
0
0
0
0
0
0
0
0
0
0
0
0
0
8
19
5
0
7
11
5
1
0
0
0
0
0
0
0
7
24
12
0
7
6
5
0
0
0
0
0
0
0
0
0
0
0
0
0
0
0
0
0
0
0
0
0
0
0
0
0
0
0
0
0
0
0
0
0
0
4
0
0
0
0
0
0
0
0
0
0
1
2
0
0
0
0
0
0
0
0
0
0
0
0
18
22
0
6
8
4
0
0
0
0
0
0
19
13
5
17
7
3
0
0
0
0
0
0
1
0
0
0
0
0
29
25
3
13
6
0
0
0
0
0
0
0
0
28
11
3
13
10
11
3
1
0
0
0
0
0
0
0
0
0
0
1
0
2
0
0
0
0
3
20
22
1
0
0
8
1
0
0
1
0
0
0
0
0
0
0
5
6
11
2
1
0
0
0
0
0
0
0
1
0
0
15
37
0
6
8
4
0
0
0
0
0
0
0
20
13
0
16
41
0
0
0
6
23
4
0
5
21
0
3
0
0
2
0
0
0
0
0
3
32
9
3
8
5
1
0
0
0
0
0
0
0
0
0
0
0
0
0
0
0
0
0
0
0
0
0
0
0
0
0
0
0
0
0
0
0
0
0
0
0
0
29
15
0
5
5
2
0
0
0
0
0
0
0
0
0
0
2
0
0
0
0
0
0
0
0
0
0
0
0
0
0
0
0
0
0
0
0
0
0
0
0
1
0
0
0
0
0
0
1
2
1
0
0
0
0
0
0
1
10
15
0
0
4
3
0
0
0
0
1
3
31
4
5
17
22
34
74
75
86
102
101
74
57
34
17
5
0
0
0
0
0
0
0
0
1
1
1
1
2
0
1
0
3
3
0
0
0
0
0
0
0
0
0
0
0
0
0
0
0
0
0
0
0
0
10
26
0
6
6
2
0
0
0
0
0
0
0
0
0
0
0
0
0
2
23
5
2
6
4
0
0
0
0
0
0
0
0
0
0
0
0
0
0
0
0
0
0
0
2
25
4
0
5
2
3
2
0
0
0
0
0
0
0
0
0
0
0
0
0
0
0
0
0
21
23
0
6
6
5
2
0
0
0
0
0
0
0
0
0
0
24
13
0
2
5
0
0
0
0
0
0
0
0
0
0
0
0
0
0
0
0
18
19
0
8
6
2
0
0
0
16
17
0
10
8
1
0
0
0
0
0
0
0
20
16
0
5
5
2
0
0
0
0
0
0
0
0
0
0
0
0
0
0
0
0
0
0
0
0
0
0
0
0
0
0
0
0
0
0
0
0
0
0
0
0
0
2
0
0
0
16
24
21
46
24
4
2
4
2
1
1
0
0
0
0
0
21
23
8
0
1
2
3
0
0
2
0
0
0
0
0
0
0
0
0
0
0
0
0
0
9
16
15
1
0
0
0
0
0
0
0
0
0
0
0
0
0
0
0
0
0
0
0
0
0
0
3
12
8
0
3
0
0
0
0
0
0
0
0
0
0
0
3
17
1
0
8
3
2
0
0
0
0
0
0
0
0
0
0
0
0
0
3
19
11
0
2
4
0
0
0
0
0
0
0
0
0
0
0
0
0
0
0
0
0
0
0
0
0
0
0
0
0
1
0
0
0
0
0
0
0
0
0
0
0
1
0
1
5
9
4
24
19
1
12
41
40
15
73
121
99
137
128
103
65
57
37
22
7
3
1
0
0
0
19
12
0
4
12
14
2
0
22
3
0
14
18
0
10
82
216
264
249
191
122
50
11
35
42
20
23
33
45
64
96
125
175
216
231
241
210
191
141
99
67
41
21
13
0
3
3
2
2
0
1
1
5
20
41
60
130
245
374
478
605
695
789
812
815
785
744
714
722
817
1043
1374
1807
1890
2064
2348
2544
2824
2863
2748
2646
2605
2559
2474
2317
1950
1718
1992
1994
1561
1557
1868
2032
2063
1792
1257
712
715
734
712
728
601
521
419
405
458
556
660
604
437
286
223
182
153
124
188
201
224
289
383
401
340
374
462
690
1104
1453
1741
2006
2205
2336
2766
3359
3646
3689
3685
3614
3427
3163
2815
2568
2363
2228
2119
2074
1993
1983
2093
2170
2226
2124
1953
1901
1744
1600
1245
1105
1108
1095
1041
943
919
821
612
295
134
100
97
192
242
163
78
118
135
126
133
100
86
89
86
95
84
81
130
132
103
94
76
76
73
58
37
24
13
12
3
3
5
3
5
1
1
1
1
0
1
0
0
0
1
1
4
4
15
16
8
9
40
32
7
0
0
0
0
9
2
4
28
27
6
13
23
8
0
0
0
0
1
0
6
31
26
1
6
4
3
2
1
0
1
5
0
0
0
0
0
0
0
0
0
0
0
0
0
0
3
3
1
0
0
0
3
7
5
3
0
0
0
0
0
0
0
0
0
0
0
0
0
0
0
0
0
0
0
0
0
0
0
0
0
0
0
0
1
0
11
19
0
0
3
4
0
0
0
0
0
0
0
0
0
0
0
0
0
0
0
0
14
18
0
4
4
1
0
0
0
0
0
0
0
0
0
0
0
9
8
0
1
0
0
0
0
0
0
0
0
0
0
0
0
9
2
0
0
0
0
0
0
0
0
0
2
1
0
0
0
0
0
23
18
0
7
2
0
0
0
0
0
0
0
0
0
0
0
0
0
1
0
0
1
0
0
0
0
0
1
0
0
29
22
0
3
7
0
0
0
0
6
0
0
0
19
23
0
12
3
0
0
0
0
0
0
0
0
0
0
0
0
0
0
0
0
0
0
0
0
0
0
0
15
140
442
788
828
667
419
244
117
98
130
164
312
357
319
265
181
112
78
53
40
21
4
0
0
0
6
5
16
38
2
11
12
7
6
1
3
6
4
8
10
3
2
3
0
1
0
2
0
2
4
7
11
8
0
23
28
17
63
72
74
39
18
9
6
30
16
4
12
9
0
0
0
0
0
0
0
1
0
0
0
0
0
0
0
0
0
0
0
0
0
0
0
0
0
0
0
1
7
0
0
0
0
0
0
0
0
0
8
73
249
429
584
746
835
791
661
517
365
198
108
71
39
12
1
0
0
0
0
0
0
0
0
0
0
0
0
0
0
0
0
0
0
10
16
0
5
6
4
0
0
0
0
0
0
0
0
0
0
0
0
0
0
0
0
0
0
0
0
0
0
0
0
16
11
0
4
13
10
3
0
0
0
0
0
0
0
0
0
0
0
0
0
0
0
0
0
0
0
0
0
0
0
0
0
9
14
34
88
127
118
78
21
43
50
22
39
26
20
6
5
13
0
6
12
17
11
7
7
1
0
0
0
0
0
0
0
2
18
39
50
41
26
26
22
0
10
7
4
1
0
0
0
0
0
0
0
0
0
0
0
0
0
0
0
5
1
2
0
1
0
0
1
0
1
3
0
0
0
19
19
6
36
52
55
72
72
67
78
70
41
16
11
2
1
0
0
12
30
3
8
8
4
2
0
0
0
0
0
12
26
0
8
10
3
1
0
0
0
0
0
25
19
0
9
5
2
0
0
0
0
0
0
0
0
0
0
0
1
40
4
1
12
6
4
3
0
0
0
0
0
0
0
0
0
0
0
0
0
0
0
0
0
31
13
2
9
5
3
0
0
0
0
0
0
0
5
0
0
0
0
0
0
0
0
0
6
39
0
3
7
5
1
5
0
0
0
0
0
0
0
0
0
0
0
0
0
0
0
0
0
0
0
0
0
0
0
5
27
9
6
14
6
0
0
0
0
0
0
0
0
0
0
0
0
0
0
0
0
0
0
0
0
0
0
0
0
0
0
0
0
0
0
20
14
0
7
6
4
3
0
0
0
0
0
0
0
0
0
0
0
0
0
0
0
0
0
0
0
0
0
0
0
0
1
29
133
222
308
347
326
261
192
92
15
0
0
0
0
0
0
0
0
0
0
0
0
0
0
0
0
0
0
0
0
0
0
0
0
0
0
0
0
0
0
0
0
0
0
0
0
0
0
0
5
21
26
24
48
43
50
47
24
12
0
0
0
0
0
0
0
0
0
0
0
0
14
23
0
5
7
6
2
0
0
0
0
0
0
0
0
0
0
0
0
0
0
0
0
13
22
1
9
9
4
0
0
0
0
0
0
0
0
0
0
0
0
0
0
0
0
0
0
0
0
0
0
0
0
7
24
8
0
10
5
2
0
0
0
0
0
0
0
0
0
0
0
0
0
0
0
0
0
0
0
0
0
0
0
0
0
1
24
13
0
7
5
1
0
0
0
0
0
0
0
0
0
0
0
0
0
0
0
0
0
0
0
0
0
0
0
0
0
0
0
0
0
0
0
0
0
0
0
0
0
23
17
0
4
9
3
0
0
0
0
0
0
0
0
0
0
0
0
0
0
0
0
0
0
0
0
0
0
0
0
0
19
18
0
7
7
4
0
0
0
0
0
0
0
0
0
0
0
1
1
1
4
17
10
3
0
1
2
0
0
0
0
0
0
0
0
0
0
0
0
0
0
0
0
0
0
0
3
1
0
0
0
13
42
20
0
5
12
2
13
16
5
19
9
0
0
0
1
0
0
1
0
0
0
0
0
0
0
0
0
0
0
0
0
0
0
0
0
0
0
0
2
20
21
29
13
7
6
3
0
0
0
0
0
0
0
0
0
0
0
0
0
0
0
0
6
10
4
0
0
0
0
1
0
2
0
0
0
3
3
0
0
0
0
0
0
0
0
0
0
0
0
0
0
0
0
0
0
4
22
11
0
4
5
4
3
9
7
2
15
18
28
9
0
0
3
6
17
40
59
64
46
34
21
5
0
0
0
0
0
0
0
0
0
0
0
0
0
2
6
0
0
0
0
1
12
16
2
18
43
74
72
67
17
16
20
16
6
13
33
10
3
1
0
0
0
0
0
0
0
0
2
2
0
2
6
30
27
0
0
0
7
18
2
16
34
7
41
115
168
265
350
408
427
385
277
184
145
101
91
94
83
82
64
57
68
57
46
39
33
39
23
27
24
7
3
5
3
0
0
0
0
0
0
0
0
0
0
0
0
2
14
25
39
23
31
39
26
16
20
27
32
27
31
37
32
20
14
12
21
46
83
136
153
165
138
125
83
58
16
22
17
15
20
13
3
2
6
8
5
6
3
0
0
0
1
0
0
0
0
0
3
1
0
1
0
0
0
0
0
0
0
0
0
0
0
0
0
0
0
0
0
0
0
0
0
0
0
9
27
0
8
10
7
2
2
0
0
0
0
0
0
0
0
0
0
0
0
5
3
1
0
11
25
0
13
6
3
0
0
0
0
0
0
0
0
0
0
0
0
0
0
0
0
0
0
0
0
0
0
0
0
0
0
0
0
0
0
0
0
0
0
0
0
0
0
0
0
0
0
0
0
0
0
0
0
0
5
28
11
0
5
3
4
2
0
0
0
0
0
0
0
0
0
0
0
0
0
0
0
0
0
0
0
0
0
0
0
0
0
0
0
0
0
0
0
1
0
0
30
15
1
16
5
3
0
0
0
0
0
0
0
0
1
33
11
4
12
7
2
0
6
89
223
322
345
305
235
157
89
30
5
1
0
0
0
0
0
0
0
0
0
0
0
0
0
0
0
0
0
0
0
0
0
0
0
0
0
0
0
0
0
0
0
0
0
0
0
0
0
1
0
0
0
0
0
0
0
0
0
0
12
20
0
6
4
5
4
0
0
0
0
0
0
0
0
0
0
0
0
0
0
0
0
0
0
0
0
0
0
0
0
0
0
0
0
0
0
0
0
7
25
0
4
9
4
0
0
0
0
0
0
0
0
0
0
0
0
0
0
0
0
0
0
0
0
0
24
15
0
6
2
1
0
0
0
0
0
0
0
0
0
0
0
0
0
0
0
0
0
0
0
2
14
21
0
0
3
4
1
0
0
0
0
0
0
0
0
0
0
0
0
0
0
1
30
16
0
44
4
2
3
1
0
0
0
0
0
0
0
0
0
0
0
0
0
0
0
1
21
10
0
2
4
2
2
0
0
0
0
0
0
0
0
0
0
0
0
0
0
0
5
14
7
0
9
16
1
8
28
37
36
17
6
2
22
22
10
0
0
0
1
0
2
8
22
7
0
0
1
0
0
0
0
0
0
0
4
0
0
0
0
0
0
5
5
0
2
8
10
16
33
64
117
184
255
285
343
359
334
326
342
285
252
199
112
61
41
18
12
23
82
119
164
221
322
382
461
481
379
284
193
131
65
57
46
35
36
30
24
24
9
1
5
7
1
0
0
0
0
0
0
0
0
0
0
4
23
20
9
8
14
17
8
9
1
0
0
0
0
0
0
0
0
0
16
15
0
10
6
4
1
0
0
0
0
0
0
0
0
0
0
0
0
0
0
0
0
14
9
0
8
4
2
0
0
0
0
0
0
0
0
5
7
0
3
2
1
0
0
0
0
0
0
0
0
2
15
0
7
1
0
0
0
0
0
0
0
0
0
0
0
0
0
0
0
0
0
0
0
0
0
0
0
0
0
0
0
0
0
0
0
0
0
0
0
0
0
0
0
0
0
0
0
0
0
0
0
0
2
11
3
0
1
2
1
0
0
0
1
12
27
26
19
29
10
6
3
1
2
1
1
0
24
12
2
8
5
2
0
0
0
0
0
3
20
7
0
9
4
2
0
0
0
0
1
16
21
0
5
8
5
1
0
0
0
0
0
0
0
17
21
0
7
6
5
1
0
0
0
0
0
0
0
0
0
0
0
0
0
0
0
0
0
0
0
0
0
0
0
0
0
0
0
0
0
0
0
0
0
0
0
0
0
0
0
0
0
0
0
0
0
0
3
12
3
0
0
0
0
0
0
0
1
19
19
0
3
2
1
0
0
0
0
0
0
0
0
0
0
0
0
0
0
0
0
0
0
0
0
0
0
0
0
10
6
0
14
13
4
1
0
0
0
0
0
0
0
1
0
0
0
0
0
0
3
9
6
0
0
0
0
0
0
0
0
0
0
0
0
0
0
7
25
14
0
7
7
6
0
0
0
0
0
0
0
0
0
0
0
0
0
0
0
0
0
0
0
0
0
0
0
0
0
0
0
18
14
4
10
6
3
0
0
0
0
0
0
0
0
0
0
0
0
0
0
0
15
22
0
5
7
4
0
0
0
0
0
6
32
1
9
13
8
2
0
0
0
0
0
0
0
0
0
0
0
0
0
15
57
141
220
275
263
206
145
71
12
0
0
0
0
0
0
0
0
2
8
8
8
30
46
98
78
113
115
117
82
58
31
8
4
1
0
0
0
0
3
34
14
0
7
5
0
0
0
0
0
0
0
0
0
0
0
0
0
0
0
7
28
0
5
12
8
4
0
0
0
0
0
0
0
0
0
0
0
15
32
0
4
7
7
2
1
0
0
0
1
0
0
0
0
0
0
0
0
0
32
17
0
13
12
6
4
0
0
0
0
0
0
0
0
1
0
0
0
0
0
6
0
0
0
0
0
1
0
0
0
0
0
0
0
0
0
0
0
0
0
0
0
0
0
0
0
0
0
0
0
0
0
0
17
32
0
5
10
3
0
0
0
0
0
0
0
1
0
0
0
1
0
0
0
0
0
0
0
0
0
0
0
0
0
0
0
0
0
0
0
0
0
0
0
0
0
0
0
0
12
31
0
8
14
6
3
0
0
0
0
0
0
0
0
0
0
0
0
0
0
0
0
0
0
24
28
0
9
10
5
0
0
0
0
0
4
0
1
0
0
0
0
0
0
5
0
5
4
0
0
0
14
5
5
8
7
5
3
0
0
0
0
0
0
0
0
0
0
9
29
0
11
6
2
0
0
0
0
0
0
0
0
0
0
0
0
0
0
0
25
11
6
13
5
1
0
0
0
0
0
0
0
26
24
1
14
9
3
0
0
3
34
0
10
17
5
1
0
0
0
0
0
0
0
0
0
0
0
0
0
0
0
0
0
0
0
0
0
0
0
0
0
0
1
0
0
0
0
0
0
0
0
0
1
0
0
0
0
0
0
0
0
11
43
1
8
13
6
1
0
0
0
0
0
0
0
0
0
0
0
0
0
0
0
0
0
0
0
0
0
0
0
0
0
0
0
0
0
0
0
0
0
0
22
11
1
3
0
0
0
6
20
0
13
11
6
1
0
0
0
0
0
0
0
0
0
0
0
0
0
0
0
0
0
11
31
0
6
8
5
2
0
0
0
0
0
0
0
0
0
0
0
0
0
10
25
6
1
8
4
5
1
0
0
0
0
0
0
0
0
0
0
0
0
0
0
0
0
0
0
0
0
0
0
0
1
13
8
7
4
1
0
1
7
13
4
1
0
0
0
0
0
0
0
0
0
0
8
1
0
0
0
0
0
0
0
0
0
0
0
0
0
0
0
0
0
0
0
0
0
0
0
0
0
0
0
0
1
6
3
0
0
2
0
0
0
0
1
0
0
2
1
3
3
0
0
0
0
0
1
1
0
0
0
0
0
0
1
13
60
58
14
23
5
0
17
4
1
0
0
3
0
0
0
4
62
197
405
537
571
495
343
171
58
17
4
7
12
9
0
1
0
1
4
5
1
0
0
0
0
0
0
0
0
0
0
0
1
1
3
1
1
4
4
0
0
1
0
1
1
21
25
33
40
50
50
37
25
7
2
0
0
0
0
0
0
0
1
0
0
1
0
0
11
19
0
1
9
5
3
2
0
0
0
0
0
0
0
0
0
1
1
2
1
18
11
0
6
7
4
0
0
0
0
0
0
0
0
0
0
21
13
1
10
11
6
0
0
0
0
0
0
0
0
0
0
0
0
0
0
0
0
24
18
0
13
9
5
0
0
0
0
0
0
0
0
0
0
0
21
21
0
7
9
3
0
0
0
0
0
0
0
0
0
0
0
0
0
0
0
0
0
0
0
16
19
4
3
9
14
21
5
0
0
0
0
0
0
0
0
0
0
0
0
0
0
0
0
0
0
0
0
19
14
0
4
4
4
0
0
0
0
0
0
0
0
0
0
0
0
26
18
0
4
7
6
0
0
0
0
0
0
0
0
1
0
0
0
0
0
0
0
0
0
1
17
15
0
4
3
0
0
0
2
0
0
3
18
6
0
5
10
6
5
3
0
0
2
7
0
0
0
1
5
4
0
11
12
2
0
2
1
3
2
0
0
0
0
0
0
0
0
0
0
0
0
0
0
0
0
0
0
0
0
0
0
0
0
0
0
0
0
0
0
0
0
0
0
0
0
0
0
0
0
2
6
9
0
0
0
0
0
0
0
0
0
0
0
0
0
0
0
0
0
0
0
0
0
0
0
0
0
0
0
0
0
0
1
0
0
0
0
0
0
0
0
0
0
0
0
0
0
0
3
36
12
0
4
6
2
0
0
0
0
0
0
0
0
0
0
0
0
0
0
0
0
0
0
0
0
0
0
0
0
0
0
0
0
0
0
0
0
0
0
0
0
0
22
21
0
10
9
4
1
2
9
16
26
25
38
16
0
0
13
1
0
14
0
6
5
3
1
0
1
1
4
0
0
1
22
6
0
51
3
2
3
3
20
11
19
14
13
18
40
66
80
94
122
103
108
126
139
203
237
283
358
304
163
52
37
38
73
111
112
107
117
85
33
23
12
9
26
2
33
57
54
22
9
15
10
3
7
15
23
40
81
110
67
7
8
136
184
168
229
203
337
544
523
562
437
223
196
254
454
640
896
975
1249
1597
2119
2645
3189
3513
3533
3436
3236
2646
2252
1925
1653
1330
1039
978
911
917
951
945
1050
1175
1540
2089
2359
2432
2306
1850
1175
904
772
490
331
326
377
344
336
314
339
304
299
290
258
248
228
240
225
222
258
151
103
443
779
848
598
298
126
99
192
301
501
643
994
1460
1186
896
593
387
172
104
94
62
49
48
72
164
262
256
224
169
69
73
74
118
107
66
36
20
14
12
11
19
46
45
23
15
13
36
71
87
83
81
84
116
104
132
91
99
91
47
22
7
3
5
18
3
17
10
12
30
2
0
0
25
12
7
14
8
5
6
7
9
3
6
12
9
11
2
1
3
5
9
35
4
11
8
4
0
0
0
0
0
0
0
0
0
0
0
22
18
0
7
5
3
2
4
5
20
10
2
0
0
0
0
6
0
2
1
0
0
21
18
6
10
6
2
0
0
0
0
0
0
0
0
0
0
0
0
0
4
0
0
0
0
0
0
0
1
0
0
0
0
0
0
0
0
0
0
0
0
0
0
0
2
0
0
0
0
0
0
0
0
0
0
0
10
20
9
5
0
0
18
6
6
13
5
1
2
3
0
0
0
0
0
0
0
0
0
32
20
0
11
4
2
0
0
3
16
35
46
44
10
0
11
9
14
27
55
51
38
27
5
7
16
18
13
2
0
0
7
11
16
23
19
11
0
0
1
1
0
0
0
0
0
0
0
0
0
0
0
0
5
32
2
5
9
3
0
0
0
0
0
0
0
0
0
0
0
0
0
7
31
0
8
9
9
4
0
0
0
0
0
0
0
0
0
0
1
0
0
0
0
0
0
0
0
0
0
0
0
0
0
0
0
0
0
0
0
0
10
24
3
6
4
4
0
0
0
0
0
0
0
0
0
0
0
0
0
0
0
0
0
0
0
0
0
0
0
0
0
0
0
0
0
1
5
0
0
0
0
0
0
10
23
0
8
7
6
0
0
0
0
0
0
0
0
11
23
0
6
8
4
0
0
0
0
0
0
0
2
6
3
12
20
35
43
84
130
150
195
211
219
236
239
255
274
291
263
286
336
315
405
349
407
410
389
441
474
545
676
770
893
1057
1418
2065
2471
2957
3348
3584
3653
3554
3610
3769
3968
4022
3980
3762
3793
3863
3916
3836
3774
3849
3950
4017
4100
4173
3963
3736
3506
3443
3398
3237
3092
2828
2807
2753
2674
2581
2407
1832
1129
732
872
1153
1203
1414
1773
2042
2429
2829
3178
3481
3749
3984
3770
3410
2967
2696
2585
2591
2547
2471
2292
1931
1923
2138
2432
2544
2334
1799
1300
1154
1094
993
1033
1081
1150
1429
1212
845
942
1205
1220
973
699
586
428
265
231
450
694
555
369
427
501
495
496
573
652
741
671
462
219
111
45
22
18
15
69
129
218
349
459
588
824
935
948
1287
2170
2601
2767
2860
3078
3260
3288
3161
3164
2987
2798
2763
2861
3146
3334
3162
2684
1970
1323
1190
1276
1023
709
386
218
470
840
584
190
83
88
150
317
512
588
349
175
87
87
110
95
57
35
28
29
34
32
29
27
20
15
5
2
0
0
0
1
7
15
21
49
69
100
103
94
81
39
3
1
6
28
31
0
8
16
12
30
32
29
5
1
0
0
11
26
49
61
56
41
15
4
3
10
6
0
5
31
44
15
23
31
29
38
41
47
29
8
32
33
6
0
0
0
0
0
0
0
6
14
12
3
0
0
5
28
29
0
7
8
5
0
0
0
0
0
0
0
0
0
0
0
0
0
1
18
31
0
6
8
8
8
20
13
1
6
2
18
25
0
8
13
10
3
3
0
1
0
0
0
0
1
7
6
6
5
0
0
0
0
0
0
5
4
1
0
1
4
3
0
0
2
31
20
0
5
3
5
0
0
20
23
29
20
4
0
1
1
4
5
17
11
7
2
0
1
3
14
45
35
4
13
7
3
1
2
15
9
0
33
29
5
17
40
31
9
16
69
73
55
6
7
4
2
2
3
9
2
0
0
1
11
137
353
584
1358
1006
931
795
536
323
160
91
59
70
78
74
63
46
49
88
163
265
355
417
454
404
343
261
159
83
48
22
8
0
1
0
0
0
0
0
12
36
0
17
12
9
5
0
1
13
18
19
15
21
6
0
0
0
4
40
8
6
13
7
9
3
0
0
0
0
0
0
1
1
0
0
1
1
3
3
2
5
5
3
7
1
1
0
0
0
0
0
1
0
0
0
0
0
0
1
0
0
0
0
0
0
0
0
0
0
0
0
0
3
0
0
0
0
1
1
1
0
0
0
0
0
0
3
7
5
0
17
11
14
22
31
14
29
21
0
0
0
1
0
3
0
17
14
46
20
0
9
6
6
10
9
0
0
0
0
3
9
2
0
0
1
0
0
9
12
4
2
1
0
0
1
11
15
7
5
0
1
1
0
1
3
1
8
9
0
0
5
4
11
15
12
6
4
46
58
16
18
24
17
9
0
0
3
40
13
0
0
0
0
2
3
0
0
16
12
75
150
210
203
153
86
72
33
24
51
18
0
2
9
2
5
7
2
0
1
1
0
0
0
1
19
44
3
8
11
20
22
9
12
7
1
1
1
7
25
25
12
0
0
3
3
21
23
13
2
0
0
6
46
27
5
16
29
13
4
6
8
0
17
75
31
2
10
20
23
22
46
50
32
39
49
22
0
0
2
20
55
64
89
90
132
151
188
279
351
512
821
1117
1363
1747
2345
2660
2923
3317
3731
4064
4323
4655
5076
5514
5974
6486
6811
6879
6881
6799
6760
6513
6159
5753
5454
5090
4636
4199
3817
3644
3409
3265
3058
2732
2364
1951
1629
1301
1058
801
617
529
490
491
541
667
956
1154
1325
1380
1343
1194
1093
1034
881
774
713
597
506
389
278
169
102
68
61
86
145
214
191
164
179
141
59
36
43
121
111
72
33
4
11
1
6
5
12
29
34
7
4
10
21
8
0
38
51
9
8
14
10
0
1
11
6
7
8
17
9
14
31
9
11
7
2
0
1
18
20
8
2
47
119
213
349
446
437
327
111
2
57
133
211
212
94
7
0
2
0
0
10
4
6
5
6
24
90
235
309
228
156
117
160
312
461
484
511
436
311
197
117
56
51
37
51
55
62
35
26
14
0
1
0
11
0
2
4
22
38
32
9
18
42
75
104
105
87
83
76
42
24
39
8
0
0
3
0
0
0
0
0
0
1
6
18
38
53
60
61
54
33
27
8
16
60
105
179
220
204
184
152
89
58
18
1
7
18
12
8
23
58
115
164
248
281
296
258
218
150
71
51
43
18
0
2
5
6
10
14
20
43
88
142
164
187
222
173
268
234
146
195
328
389
373
262
213
181
145
105
51
25
32
20
29
31
39
50
74
89
154
207
162
104
83
69
56
35
50
77
135
193
253
235
170
116
38
13
9
0
0
0
4
6
5
0
0
0
0
0
0
0
0
5
6
13
23
39
56
89
97
72
66
63
46
19
18
11
18
26
40
27
13
4
0
0
5
4
0
0
0
0
0
0
0
0
0
0
0
0
0
0
7
21
15
48
66
110
151
176
161
132
172
299
335
314
221
84
47
148
209
194
148
89
36
10
31
9
1
8
5
1
2
6
3
0
0
0
0
0
0
0
0
0
0
0
0
0
0
0
0
0
0
0
0
0
0
1
0
1
0
4
6
8
8
25
12
4
14
6
3
0
4
18
3
7
8
6
3
0
0
0
0
0
0
0
0
0
0
4
4
0
0
0
0
0
0
0
0
0
0
1
5
0
0
1
10
21
0
7
8
9
0
0
0
0
0
0
0
0
0
0
0
0
0
0
0
0
0
3
20
6
0
6
3
0
0
0
14
12
0
6
8
3
2
1
0
0
0
0
0
8
35
56
58
22
15
10
22
40
19
8
0
0
0
0
0
0
0
3
1
0
0
0
0
0
0
0
12
11
2
4
5
4
12
8
5
1
2
26
83
166
261
327
436
558
716
759
728
1160
1508
1749
1876
1964
2223
2229
2173
2001
1966
2000
1732
1834
1741
1516
1407
1314
1332
1232
1181
1012
902
860
684
895
949
608
539
441
361
296
248
138
76
98
201
310
320
279
495
595
566
456
374
388
396
351
314
207
204
206
154
140
146
126
202
206
273
289
209
147
182
230
210
227
356
487
590
632
704
753
698
627
638
614
593
476
335
153
102
197
317
374
370
373
347
293
252
208
163
90
38
12
6
4
6
5
16
22
21
22
28
26
38
158
329
468
621
695
699
735
660
537
384
176
86
168
261
295
327
373
425
545
591
758
841
1011
1241
1386
1804
1917
2219
2426
2210
1865
1733
1429
1460
1672
1761
1926
1816
1501
1375
1203
1168
1026
2148
1145
1086
947
760
589
493
503
567
551
325
243
248
357
401
243
207
204
196
240
306
354
368
414
515
642
723
796
825
1003
1077
968
1044
1316
1527
1555
1425
1740
2290
2574
3231
3856
4646
5105
5280
5347
4874
4366
3391
3514
3509
3339
3120
2918
3008
3011
2822
2435
1882
1841
1927
1956
2249
2631
2622
2614
2151
1614
1680
1343
922
619
872
870
829
673
504
401
1074
1275
1008
701
766
479
506
499
514
780
893
972
1241
1285
1171
1190
1002
788
590
406
300
392
574
722
771
826
1036
1154
1104
1247
1431
1284
970
1043
1063
1180
1286
1393
1322
1210
1243
1138
685
262
115
44
148
231
186
204
267
378
357
321
292
310
328
304
257
201
176
144
87
55
24
30
27
82
114
68
47
106
254
460
560
508
408
228
90
29
97
131
176
133
50
28
139
219
198
183
112
41
36
169
247
257
207
163
282
423
676
930
914
672
391
301
248
226
220
214
199
191
165
167
128
202
289
329
363
345
307
246
188
105
41
15
7
12
26
43
42
67
86
44
67
87
101
176
233
309
437
616
835
960
1075
1340
1669
1938
2206
2655
3003
3196
3022
2757
2506
2252
2108
2332
2450
1769
1806
1814
1784
1579
1421
1209
899
688
628
644
705
934
896
686
601
644
684
492
246
180
228
389
515
619
448
412
484
247
116
21
53
40
28
40
54
20
26
11
4
0
19
0
0
0
9
15
25
45
69
71
64
41
46
28
25
11
9
3
8
1
0
0
0
0
9
20
1
20
19
24
30
29
45
46
27
2
1
0
0
0
0
0
0
3
49
192
421
483
160
36
57
44
29
0
0
0
0
0
0
0
0
0
0
3
14
12
1
0
0
0
0
0
0
0
0
0
0
0
0
0
0
0
0
0
0
6
30
0
4
3
5
0
1
1
0
0
0
0
0
3
4
2
0
0
0
0
1
1
2
0
0
0
0
0
0
0
0
0
11
25
0
7
10
3
0
0
0
0
0
0
0
1
0
0
0
0
0
5
0
0
0
0
0
0
0
0
0
0
0
4
45
1
11
14
5
3
0
0
0
0
0
0
0
0
4
0
0
0
0
0
6
31
7
4
11
5
4
0
0
0
0
0
0
0
1
0
0
22
23
0
10
9
6
3
0
0
0
0
27
14
3
12
7
2
0
0
0
0
1
0
0
1
0
0
5
0
0
1
0
4
51
53
357
124
143
168
184
159
180
190
156
119
85
59
24
7
1
1
3
11
11
19
55
81
76
76
150
216
245
339
393
403
393
323
310
274
251
261
276
432
592
774
858
980
1170
1349
1553
1803
2035
2179
2287
2254
2110
1759
1295
842
500
290
235
221
288
359
497
670
956
1219
1431
1560
1632
1611
1513
1278
1097
882
732
622
469
372
298
179
96
19
1
14
47
135
262
363
518
696
899
1080
1337
1519
1683
1810
1907
2020
2026
2146
2239
2278
2277
2192
2073
1826
1550
1243
895
573
343
199
124
131
305
636
1125
1479
1771
1870
1974
1965
1957
1969
1884
1855
1800
1818
1765
1648
1647
1536
1561
1443
1460
1364
1263
1111
924
695
535
472
372
270
221
197
205
175
200
250
214
171
93
22
17
7
2
9
48
110
135
184
233
372
501
629
807
801
698
577
526
534
537
593
733
835
924
1008
1084
1163
1407
1534
1732
1778
1780
1830
1875
1946
1905
1839
1734
1499
1242
1003
673
406
209
102
107
229
478
745
1106
1269
1505
1686
1762
1857
1883
1981
1865
1921
1840
1761
1619
1607
1549
1456
1363
1240
1161
1122
1107
1187
1155
973
777
598
515
406
307
284
320
320
265
232
163
158
132
162
199
209
135
95
127
135
132
142
135
142
152
149
165
178
308
401
514
565
564
581
518
400
330
204
165
234
328
371
359
244
100
5
14
44
100
145
171
250
354
408
448
464
435
393
401
370
372
286
256
234
213
228
214
271
325
281
179
123
23
0
18
44
100
118
175
219
302
326
896
1023
579
575
573
577
558
575
498
407
366
388
381
287
189
65
83
103
198
348
494
547
551
575
566
588
666
827
909
907
843
768
791
797
767
686
638
617
608
634
587
536
527
495
443
391
310
266
208
197
165
145
127
261
602
757
602
538
477
298
283
295
225
242
223
236
259
278
266
246
214
207
227
221
226
279
381
441
547
669
729
822
905
981
997
1018
1050
1146
1126
1102
1015
888
834
819
714
606
552
597
717
722
712
706
684
582
458
225
19
6
26
38
68
28
0
0
0
0
0
0
13
21
8
1
0
4
8
21
20
19
12
6
4
5
6
2
0
0
9
18
1
3
9
8
5
4
1
0
0
0
0
0
0
0
0
0
0
0
0
0
0
0
0
0
0
0
0
0
0
0
0
0
3
0
0
11
25
2
4
8
6
1
0
0
17
16
0
7
6
3
1
0
0
0
0
0
0
0
0
0
0
0
0
1
0
2
0
3
5
0
0
0
0
0
5
0
0
0
0
0
1
0
0
0
0
0
0
0
0
0
0
0
4
2
0
0
0
0
0
29
11
0
6
8
4
0
0
0
4
0
0
0
0
0
0
0
0
0
0
0
4
0
0
0
0
1
34
10
1
6
8
3
0
0
0
0
0
0
0
0
0
0
0
2
25
4
2
6
5
1
0
0
0
0
0
0
0
0
0
0
0
0
0
0
54
270
471
625
740
751
712
578
471
328
159
74
67
90
98
109
67
27
7
4
5
16
27
22
45
26
3
32
97
145
189
221
195
196
154
112
93
94
92
95
77
40
43
57
68
88
77
36
17
18
2
1
1
0
0
2
0
1
30
95
94
60
34
17
4
0
5
2
0
0
0
0
0
0
0
3
15
13
85
201
124
66
121
67
60
26
10
0
1
4
10
5
3
0
4
4
0
0
0
0
0
0
0
0
0
0
0
0
0
0
0
0
0
0
0
0
0
0
0
0
1
0
0
0
1
2
0
4
6
23
134
276
385
433
398
326
196
103
41
14
8
2
4
13
6
16
45
73
114
99
128
127
195
291
380
384
280
265
260
260
225
206
249
376
525
561
462
350
227
99
41
16
36
24
65
55
41
45
60
50
54
62
80
118
172
244
255
254
254
253
235
311
361
431
558
697
928
1202
1473
1709
2058
2317
2492
2399
2281
2122
1954
1354
717
446
434
502
727
999
1501
1924
2111
2138
2142
2103
2107
1908
1638
1498
1361
1167
968
887
780
702
751
679
654
676
689
687
627
543
596
710
659
454
299
105
91
88
61
102
170
212
206
184
153
112
92
50
16
6
12
9
0
0
0
0
0
0
0
0
0
0
5
3
0
0
0
0
0
0
0
0
21
23
0
8
5
1
0
0
0
0
0
0
0
0
0
0
2
0
0
0
0
0
0
7
1
1
0
0
1
0
17
28
0
4
8
6
3
2
0
0
0
0
0
0
0
0
0
0
0
0
0
0
0
0
0
32
7
3
9
11
4
0
0
0
0
0
0
0
0
0
0
0
0
0
0
0
0
0
8
25
0
10
9
5
0
0
0
0
0
0
0
0
0
0
0
0
0
0
20
0
0
1
2
1
0
1
0
0
0
0
0
0
0
0
0
0
0
0
0
0
0
0
0
0
0
0
0
0
2
18
7
0
5
4
2
0
1
12
4
0
0
0
0
0
0
0
0
0
0
0
0
0
1
8
0
0
0
0
0
0
0
0
0
0
0
0
0
1
0
0
0
0
1
5
0
2
15
8
0
0
0
0
0
0
0
0
0
0
0
0
0
0
0
1
0
0
0
0
0
0
0
0
0
2
9
3
7
2
2
0
0
0
1
16
18
2
5
10
9
28
11
0
29
51
22
0
2
4
0
0
0
0
0
0
0
0
0
0
0
0
0
0
0
0
0
0
0
0
0
0
0
0
0
0
0
0
0
0
0
0
8
16
2
1
3
5
0
0
0
0
0
0
0
0
0
0
0
0
9
15
0
10
7
1
0
0
0
0
0
0
0
0
0
0
0
0
0
0
0
0
0
6
2
0
0
0
0
0
0
0
0
0
0
5
5
0
0
0
1
23
12
0
10
7
3
0
4
30
51
97
66
34
31
7
25
25
6
8
5
4
9
1
0
0
1
0
0
3
12
5
0
5
11
0
0
0
0
0
0
0
5
0
4
9
0
1
1
0
0
0
0
0
0
0
8
7
1
0
0
0
0
0
12
14
0
5
6
4
0
0
0
0
3
0
0
0
6
21
9
0
4
6
4
0
0
0
6
16
1
2
7
5
2
0
0
19
9
0
12
6
6
0
0
0
0
0
0
0
0
0
3
24
17
0
4
8
5
5
2
0
0
0
0
13
21
6
7
9
8
0
0
1
0
0
0
0
2
3
0
0
0
0
0
0
0
0
0
23
259
535
653
686
654
567
385
182
42
2
0
0
1
0
0
0
0
1
3
3
2
6
8
33
65
99
115
140
156
138
82
63
35
43
42
40
53
45
19
14
13
6
2
1
0
1
1
1
1
1
3
1
3
0
0
1
0
0
20
17
0
6
8
4
3
0
1
0
7
13
0
9
7
5
2
0
0
0
0
0
0
0
0
0
0
0
0
0
2
1
0
0
0
0
1
0
0
0
0
0
5
8
1
0
0
0
0
0
0
0
0
0
0
0
0
19
9
0
5
3
0
0
15
6
0
9
7
3
0
0
0
0
8
14
8
0
2
4
2
0
0
0
0
0
0
0
1
0
0
0
0
0
0
0
0
0
0
28
7
0
4
7
5
2
0
0
0
0
0
0
0
0
0
0
0
0
0
0
16
20
0
2
7
4
3
0
1
13
16
0
8
6
4
5
1
0
0
0
0
0
1
0
0
0
0
0
7
0
0
0
0
0
0
1
14
21
0
8
9
5
0
0
0
11
22
0
2
8
7
4
1
1
0
1
27
0
4
8
5
3
0
0
0
28
16
3
6
13
36
51
55
72
95
103
132
141
173
183
174
171
144
142
142
126
122
113
109
103
90
57
9
3
6
40
96
117
130
127
110
79
61
27
7
0
7
9
13
15
30
31
50
46
48
33
18
1
0
0
0
0
0
0
0
0
0
0
0
0
0
0
0
0
0
1
4
0
0
0
0
0
0
0
1
3
12
64
121
93
23
3
0
5
23
43
49
27
7
8
20
39
73
120
120
121
151
192
230
219
249
265
291
270
235
201
145
172
173
142
148
149
144
184
238
357
392
362
299
219
114
79
75
100
178
283
350
403
413
368
265
360
425
549
535
540
554
602
640
680
731
719
683
574
527
476
427
359
368
396
458
546
791
1119
1473
1684
1855
1889
1840
1734
1569
1455
1420
1446
1341
1198
1237
1342
1442
1529
1500
1356
1232
1041
893
762
654
527
404
398
493
593
603
587
554
646
691
543
573
552
563
705
886
1099
1433
1921
2011
2235
2059
1698
1714
1818
2031
2247
2474
2609
2817
2644
2408
2221
2076
2222
2300
2433
2241
1708
1377
1403
1097
839
881
807
781
745
654
642
578
608
639
683
724
701
597
437
264
154
143
226
392
617
864
1052
1131
1236
1278
1351
1356
1371
1473
1575
1790
2023
2186
2171
2150
1889
1772
1614
1349
1349
1251
1073
829
701
675
703
688
620
716
870
672
712
459
528
788
839
780
895
974
1197
1520
1976
2335
2643
2693
2204
1907
1607
1287
1209
1318
1471
1526
1316
1102
941
820
853
1102
1590
2107
2395
2351
2083
2390
2459
2433
2130
2100
2025
2188
2103
1894
1586
1386
1361
1514
1663
1651
1647
1878
2011
1729
1543
1652
1599
1353
1010
861
841
655
538
457
665
856
933
1033
1073
1187
1647
1773
1627
1512
1579
1643
1706
1734
1557
1327
1140
960
906
832
705
631
589
655
707
682
611
539
548
503
361
282
163
99
69
42
73
219
182
184
172
55
60
179
226
269
270
303
258
263
374
470
568
557
537
505
476
580
707
793
889
1069
1239
2581
1550
1751
1850
1842
1808
1804
1619
1379
1153
960
953
1036
1113
1212
1290
1540
1840
1756
1992
2154
2240
2327
2316
2322
2602
2703
2693
2451
2434
2271
1984
1844
2087
2372
2447
2294
2246
1888
1395
929
632
414
272
253
342
615
898
901
930
1302
1208
817
478
320
443
542
507
473
518
649
647
707
804
931
1022
1061
1160
1134
773
431
408
351
259
185
113
123
113
94
44
42
119
188
195
109
78
87
72
67
78
52
63
119
152
133
210
296
478
737
717
720
659
462
399
666
897
939
941
949
944
456
234
566
518
179
45
14
39
46
52
36
33
31
23
15
13
5
4
1
1
0
0
2
6
2
0
0
4
3
0
0
0
0
0
0
0
0
0
0
0
0
0
0
0
0
17
46
30
11
16
14
9
7
5
3
3
1
5
20
28
78
132
182
298
329
285
280
359
387
261
376
682
956
1000
832
423
193
309
250
205
136
88
58
22
9
4
9
11
10
10
16
22
15
15
12
9
15
12
35
28
8
16
8
6
3
3
5
30
96
96
114
84
60
47
32
22
55
60
42
55
29
6
7
15
8
6
2
1
0
0
0
0
0
2
2
1
0
0
0
0
0
0
0
0
0
0
0
6
28
13
3
9
9
0
0
0
0
0
0
0
0
0
0
0
0
0
0
0
0
0
0
0
0
0
1
1
1
12
29
52
87
95
100
100
85
73
38
35
40
35
15
4
5
13
4
4
1
0
2
3
2
7
21
20
6
12
9
0
2
0
1
9
12
8
15
24
12
18
63
143
340
552
846
1258
1563
1797
1923
1976
1939
1766
1477
1113
835
688
560
457
459
385
382
385
330
374
505
640
678
599
418
301
306
348
336
349
347
378
409
450
446
451
405
318
529
576
589
494
318
205
85
35
38
26
38
35
22
31
32
29
27
10
5
0
3
13
28
10
4
10
9
7
1
3
5
4
0
0
2
1
0
0
12
28
26
16
1
0
0
1
2
0
0
0
1
0
0
1
4
3
6
4
2
9
10
13
9
10
30
21
4
10
18
6
7
13
15
27
28
10
3
0
0
16
32
5
24
59
122
154
164
262
373
498
570
599
624
630
572
505
314
97
48
128
202
195
153
98
42
16
13
26
40
41
28
13
6
8
19
34
65
108
121
124
104
115
198
326
464
589
784
852
835
730
1109
495
349
172
80
47
57
60
40
25
5
15
24
51
36
72
125
177
197
227
320
518
585
584
525
461
337
194
99
51
33
16
11
0
1
15
7
3
1
1
2
0
4
20
5
20
49
88
127
152
163
169
140
110
58
46
29
16
3
7
2
0
2
3
7
24
24
31
27
17
26
65
55
61
52
14
4
1
6
16
34
64
162
232
267
244
184
62
17
50
44
68
60
41
90
187
278
352
351
328
355
411
467
464
433
347
230
51
2
29
41
55
58
82
77
67
122
118
84
69
44
20
14
13
3
0
0
0
0
0
0
0
0
1
23
18
0
12
7
3
0
1
2
23
19
1
13
7
1
0
2
21
97
192
234
219
116
28
115
268
430
567
734
811
714
548
451
443
402
446
505
592
710
729
812
659
359
202
238
333
354
240
245
385
370
226
170
210
179
109
46
70
189
205
191
152
170
227
380
541
574
541
460
429
460
463
506
409
354
262
278
246
153
118
136
125
59
91
172
304
418
457
443
357
198
113
208
426
719
917
955
798
616
395
242
404
609
797
861
903
910
732
620
557
588
561
521
398
356
388
436
309
206
107
175
223
208
192
172
193
213
200
167
111
83
74
133
203
298
340
301
281
288
294
290
281
246
216
136
111
83
94
170
285
392
368
273
208
202
152
119
97
107
171
223
269
174
111
95
108
97
86
115
227
346
288
102
86
54
45
110
172
196
172
231
261
279
245
131
80
43
46
16
17
5
3
22
36
63
88
154
276
319
356
420
461
370
357
402
483
725
1001
1406
1969
2531
2952
3307
3281
2811
2667
2111
1523
1176
833
598
427
429
194
179
138
100
43
32
45
73
103
96
80
80
54
27
2
0
1
6
0
5
0
0
0
14
26
87
141
173
154
147
179
163
123
31
125
306
641
1009
1482
2274
2898
2894
2595
2425
1968
1627
1949
1654
1817
2052
1940
2438
2930
2911
2282
1468
720
501
748
768
608
371
244
225
201
201
161
105
81
94
206
283
237
233
318
398
592
727
961
1114
968
619
384
324
418
430
460
503
633
857
1088
1386
1706
2172
2670
2695
2359
1675
1239
1224
1430
1436
1286
1109
796
583
619
606
513
471
569
694
626
543
492
477
482
494
502
626
733
769
783
749
740
640
544
532
468
443
418
425
381
368
358
290
286
225
192
190
188
188
180
476
122
114
132
122
133
156
248
292
344
362
394
429
489
607
870
1127
1375
1441
1558
1678
1631
1647
1631
1574
1533
1512
1505
1370
1288
1168
1741
1386
253
191
176
290
432
441
462
533
534
504
406
409
376
366
315
246
183
129
93
63
51
71
72
75
70
94
120
199
196
224
304
356
435
490
527
522
510
448
347
260
156
119
120
117
145
123
103
65
25
26
10
17
44
62
45
48
47
55
102
142
201
170
113
82
93
175
251
208
147
123
123
100
53
61
49
37
26
10
13
16
16
37
61
132
184
204
251
256
224
273
284
263
286
388
437
423
393
327
263
301
382
365
321
299
307
317
333
315
274
384
602
798
773
547
567
444
375
537
565
516
415
322
241
149
142
228
402
455
481
353
338
397
476
487
389
297
200
261
364
597
846
917
743
466
400
214
202
232
304
283
333
442
491
502
593
677
612
490
344
284
231
170
128
82
54
76
88
99
115
200
289
350
462
499
346
657
753
503
534
700
698
586
519
424
394
331
285
301
274
207
176
213
183
139
88
41
9
5
2
8
22
23
8
0
2
31
33
17
28
47
60
97
139
154
166
141
116
74
50
26
3
2
1
0
0
9
17
0
2
2
0
0
0
0
0
0
1
4
3
7
4
2
0
0
0
0
0
0
5
5
4
15
9
1
5
3
2
1
1
5
3
0
1
0
0
0
0
0
0
0
1
0
0
2
17
41
4
6
0
7
6
2
3
1
2
3
1
13
24
18
46
26
0
10
14
6
1
0
17
20
14
11
11
12
16
18
35
41
36
42
40
29
11
7
19
33
16
2
15
69
97
89
39
1
40
45
24
0
9
16
15
22
39
37
13
3
3
2
3
2
0
0
0
4
5
0
0
0
0
0
1
1
0
0
0
22
10
0
0
1
13
8
7
28
26
22
10
6
6
12
12
7
4
7
11
7
34
103
205
269
310
284
234
211
160
99
49
22
18
5
1
3
3
2
0
0
1
1
2
0
0
0
0
0
0
0
0
0
0
0
2
3
0
0
0
0
0
0
0
0
0
0
0
0
0
0
0
0
0
0
0
0
0
0
0
0
0
0
0
0
0
0
0
0
0
0
0
0
0
0
0
1
8
14
19
47
61
77
73
63
53
47
30
30
22
20
12
96
11
3
3
3
3
11
24
0
5
24
51
54
30
4
1
0
0
0
0
0
0
0
10
13
8
17
9
1
3
9
5
35
34
38
76
98
122
107
85
44
34
12
11
22
28
32
32
56
75
93
93
73
30
19
0
1
6
0
0
0
25
33
27
19
15
6
15
29
33
29
20
11
2
1
1
0
0
0
1
0
2
4
9
3
4
6
7
21
32
10
8
8
1
3
1
1
2
36
78
92
81
52
9
0
0
1
0
0
0
1
4
7
10
11
16
27
24
14
23
19
28
79
126
94
47
25
20
38
36
21
4
9
1
0
1
0
1
22
22
16
9
16
3
7
0
5
17
1
1
0
1
0
0
1
19
1
2
5
3
1
1
8
1
7
10
31
22
8
5
0
0
0
0
0
0
0
1
0
0
0
0
0
3
3
0
0
2
0
1
0
2
0
1
14
13
14
32
69
103
94
73
37
15
1
5
3
6
5
1
10
9
2
2
2
0
0
0
0
6
25
1
1
2
0
1
5
12
12
8
14
14
6
6
28
43
42
35
26
3
12
35
9
5
11
58
46
8
1
0
3
2
1
1
27
3
0
4
4
0
1
0
0
1
11
12
20
22
62
20
4
8
3
0
0
0
0
3
0
0
29
10
1
8
4
4
0
1
1
0
23
13
0
9
7
2
0
0
0
1
0
16
36
36
29
11
4
1
0
0
4
7
4
3
0
29
6
1
8
11
3
1
5
0
0
0
0
4
37
7
11
9
16
9
2
0
0
5
12
8
9
13
1
0
0
1
3
18
19
0
9
5
3
0
0
0
0
0
1
0
0
0
0
1
3
0
0
21
10
1
5
3
0
0
0
0
0
0
0
0
0
0
0
0
1
7
27
0
3
10
4
1
0
1
0
0
1
0
0
0
0
0
0
0
0
15
18
0
5
4
1
0
0
0
0
0
0
0
0
0
0
0
0
7
23
0
6
17
16
6
1
1
2
71
201
368
508
679
869
979
1158
1401
1752
2035
2105
2101
1868
1601
1232
940
692
444
370
394
338
200
127
188
197
169
227
396
428
126
45
216
316
188
222
477
756
879
1093
1346
1826
2086
2147
2385
2166
1795
1383
844
447
379
281
290
283
214
302
468
533
308
110
49
17
29
45
39
10
3
6
9
28
60
125
203
345
443
445
448
433
385
327
293
326
351
363
354
324
393
386
458
496
567
573
489
389
355
392
383
370
353
392
389
439
684
935
1213
1571
1949
2240
2462
2981
3440
3716
3775
3603
3388
3185
3105
2980
2855
2705
2655
2611
2540
2478
2346
2227
2103
2019
1859
1623
1320
997
685
414
298
347
502
678
1140
1333
1179
964
907
1044
1181
1187
1111
1029
984
1101
1523
1760
1733
1719
1675
1281
1074
924
790
788
925
973
1001
1003
1000
944
1016
1124
1093
1083
827
869
1114
1586
1988
2134
2401
2674
2670
2497
2315
2284
2187
2074
1712
1367
852
703
592
444
319
208
207
257
314
263
190
209
223
221
217
218
262
367
503
579
624
753
824
833
728
647
593
526
435
323
262
249
250
244
299
417
497
433
410
405
531
876
1150
1328
1290
911
636
999
1549
1732
1797
1684
1802
1853
1974
2292
2476
2410
2723
3109
3311
3350
3580
3907
3943
3881
3743
3198
2459
2006
1803
1537
1386
1290
1149
1042
893
725
608
643
845
888
749
512
335
403
349
287
228
224
273
326
322
398
525
497
484
436
432
496
524
567
534
565
588
537
351
220
137
45
39
51
50
53
50
40
13
29
41
29
9
0
1
2
4
4
14
41
61
52
43
22
8
4
3
5
6
12
32
42
28
14
3
3
3
1
0
0
0
12
12
0
2
2
3
4
0
0
0
0
0
0
0
0
0
0
0
0
0
0
0
0
0
0
0
0
0
0
0
0
0
0
0
0
0
0
0
4
20
7
0
6
6
1
3
1
0
1
22
10
1
7
6
0
0
0
6
9
9
2
0
0
0
0
0
0
0
0
0
2
0
0
0
0
0
0
1
3
0
0
0
0
1
12
9
0
0
0
11
37
71
42
32
7
4
0
7
27
32
6
0
0
7
9
15
7
1
0
0
0
0
0
0
1
10
20
0
6
7
5
0
0
0
0
0
2
0
0
0
0
0
0
0
0
0
0
0
0
0
0
0
0
0
0
0
0
0
0
0
0
0
0
0
0
0
0
0
0
0
0
0
0
0
0
0
0
0
0
2
4
6
0
0
0
0
0
0
0
0
0
0
0
0
0
0
0
0
0
0
0
0
5
20
11
0
3
2
1
0
0
0
0
0
0
0
0
0
0
0
0
0
0
0
7
22
0
4
7
6
3
0
0
0
0
0
1
1
0
0
0
1
148
166
276
377
453
445
393
276
155
73
17
3
3
0
0
0
0
0
0
0
0
1
0
0
0
0
0
0
7
29
31
25
24
7
3
1
0
0
0
0
1
4
7
3
1
1
1
0
0
0
0
0
0
0
0
0
0
0
4
18
0
3
4
0
0
0
0
2
0
0
2
7
61
154
267
296
363
361
355
334
304
237
179
107
60
18
13
3
12
31
0
4
26
64
122
150
185
215
265
214
187
168
158
142
94
61
14
5
0
0
0
1
3
3
6
4
2
0
1
4
15
30
34
20
4
1
0
0
0
0
0
0
0
0
0
0
0
0
0
0
0
0
2
21
8
0
3
2
1
1
2
5
6
19
34
39
56
101
159
254
459
820
1218
1483
1910
2363
2324
2511
2940
3292
3958
4270
3990
3633
3277
3266
3020
2631
2333
2217
2021
1776
1837
1890
1824
1488
999
551
492
583
600
379
439
480
511
503
406
299
317
231
285
237
265
187
288
191
174
141
159
135
223
343
266
269
334
501
814
940
724
531
459
567
1005
1533
1692
1521
1522
1831
2231
2399
2457
2470
2328
2130
1811
1628
1445
1046
808
611
456
325
179
281
420
556
599
510
312
352
387
424
515
437
644
951
1088
861
365
324
567
560
494
603
1035
1488
1920
2142
2055
1503
1237
1335
1520
1469
1329
1084
1010
875
826
728
594
504
415
325
247
139
137
134
172
233
269
252
220
245
262
216
175
119
108
108
60
86
95
73
14
16
26
14
4
3
7
5
0
25
14
9
27
48
202
370
568
775
1008
1388
1556
1736
1876
1862
1818
1671
1676
1916
2281
2555
3006
3116
3002
2660
2390
1942
1647
1382
1044
794
611
554
535
528
500
465
448
436
445
392
453
525
585
594
713
786
787
850
1059
1413
1406
1134
838
402
378
482
478
497
538
637
551
422
274
148
145
194
195
181
206
252
252
390
768
1111
1453
1610
1660
1722
1647
1149
688
421
466
515
527
515
495
501
422
335
320
317
380
500
635
735
764
625
482
299
80
36
64
270
489
682
798
720
519
209
521
784
817
756
711
706
804
743
498
390
478
530
598
696
721
782
923
968
1149
1275
1360
1562
1646
1780
1837
1899
1863
1958
1962
1865
1765
1584
1386
1251
1137
1216
1311
1383
1351
1324
1355
1283
1306
1403
1608
1733
1896
1664
1194
690
344
282
416
489
652
659
626
618
651
684
751
642
751
835
774
650
517
421
331
229
176
160
152
151
179
195
479
291
306
