6399
3634
3687
3669
6750
6342
3093
5947
2745
2386
2045
3591
1837
20277
881
909
991
935
967
1025
947
908
846
828
794
756
837
827
852
932
1207
1527
1837
2255
2628
2934
3155
3328
3491
3510
3526
3392
3310
3049
2790
2631
2550
2588
2536
2270
2015
1633
1342
1238
1117
943
555
326
535
637
357
590
769
1111
1528
1943
2152
2199
2217
2256
2379
2385
2454
2459
2351
2346
2268
2043
1899
1724
1496
1298
1061
779
580
376
266
142
106
148
357
534
767
925
1156
1369
1497
1682
1658
1716
1653
1648
1573
1470
1363
1282
1223
1121
1029
950
857
676
607
415
235
139
46
29
43
114
304
483
644
774
962
1076
1240
1327
1393
1434
1383
1366
1273
1298
1187
1086
1017
960
806
644
518
370
232
115
90
74
107
181
297
451
621
748
819
982
971
1043
1034
1031
998
1006
909
908
757
774
702
662
612
439
374
269
218
177
144
90
95
159
248
312
424
472
601
639
702
764
757
851
810
808
745
770
713
689
695
602
564
506
446
356
283
214
117
47
2
1
0
0
21
103
199
322
405
478
507
585
628
667
666
672
688
641
606
535
462
399
334
279
205
153
85
33
15
9
9
45
122
253
348
469
631
708
811
869
896
871
888
875
812
807
754
723
721
679
590
503
394
277
144
62
23
26
37
96
239
404
566
689
778
801
785
768
767
703
675
592
547
465
337
242
262
368
598
952
1262
1575
1835
2126
2344
2539
2762
2998
3179
3438
3628
3806
3986
4099
4097
4084
3945
3775
3467
3064
2841
2531
2148
1862
1462
1259
1147
946
810
717
683
660
532
596
947
1265
1441
1987
2607
3170
3661
3975
4049
4035
3918
3797
3944
3959
3840
3629
3303
2893
2457
1995
1484
935
582
462
510
879
1402
1828
2253
2531
2919
3246
3474
3622
3612
3574
3516
3368
3120
2977
2730
2515
2275
2022
1757
1439
1107
811
663
560
478
413
417
409
406
381
478
574
658
710
880
888
1000
1019
1107
1128
1038
1013
872
752
513
305
127
100
219
379
502
604
709
727
848
913
998
1030
1007
1094
1093
1150
1215
1150
1128
1018
952
857
726
601
496
388
246
168
101
50
63
103
287
447
577
759
848
1075
1117
1144
1109
1078
963
787
606
389
165
34
0
0
56
233
400
558
754
850
903
954
948
906
802
626
457
247
139
126
190
276
422
629
882
1150
1396
1563
1744
1926
1994
2045
2011
1868
1683
1331
1055
762
406
166
149
496
912
1335
1637
1888
2063
2233
2377
2437
2424
2315
2241
1966
1787
1538
1237
978
599
250
106
67
190
446
682
1056
1319
1473
1498
1496
1503
1471
1350
1212
1057
836
636
376
148
485
521
838
1128
1355
1444
1474
1525
1460
1343
1173
941
683
329
102
61
43
215
483
741
940
1078
1228
1317
1392
1500
1503
1599
1621
1598
1653
1646
1807
1894
2015
2111
2153
2232
2310
2474
2588
2583
2680
2831
2946
3156
3295
3445
3678
3921
4086
4281
4497
4598
4710
4664
4634
4517
4449
4157
3947
3713
3506
3241
3014
2686
2409
2171
1890
1509
1168
824
545
402
415
754
1149
1631
2081
2552
3034
3483
3905
4236
4519
4861
5116
5311
5347
5539
5680
5656
5460
5211
4739
4148
3413
2588
1650
816
689
1285
2211
3109
3774
4169
4469
4699
4888
4949
5000
5027
5101
5015
4654
4367
4111
3776
3540
3162
2814
2476
2257
2048
2005
1838
1405
977
872
947
917
764
551
345
421
635
863
834
570
517
781
1163
1582
1892
2055
2171
2266
2312
2535
2714
2870
2959
3157
3167
3166
3081
2949
2847
2629
2408
2215
1972
1686
1324
834
454
511
878
1254
1761
2218
2609
2894
3079
3303
3440
3467
3487
3506
3411
3189
2880
2636
2374
2137
1973
1804
1577
1324
1010
755
549
363
263
173
126
117
203
385
548
777
1077
1296
1509
1699
1875
1995
2100
2202
2221
2132
2063
1871
1517
1202
844
448
115
228
700
1150
1479
1651
1818
1911
1984
1975
1911
1803
1619
1401
1234
1039
743
404
112
46
182
558
942
1253
1576
1806
2019
2205
2376
2526
2635
2657
2613
2533
2461
2325
2232
2101
1988
1786
1515
1245
809
412
130
148
342
703
1093
1404
1694
1900
2056
2181
2271
2322
2346
2310
2257
2162
1965
1773
1472
1262
955
681
433
272
183
215
417
546
756
1005
1254
1385
1598
1715
1811
1867
1804
1750
1617
1482
1294
964
540
208
98
493
1073
1551
1882
2041
2139
2157
2202
2237
2223
2118
1865
1564
1329
999
668
325
134
183
401
735
939
1172
1344
1485
1578
1631
1712
1785
1889
1879
1858
1823
1682
1517
1174
780
553
627
1018
1333
1705
1989
2234
2352
2394
2405
2342
2174
1940
1616
1245
788
437
434
586
750
961
1262
1500
1767
2095
2411
2822
3215
3556
3889
4146
4350
4540
4674
4792
4888
4923
4927
4848
4856
4815
4723
4546
4344
4043
3900
3662
3344
2914
2455
1898
1347
808
603
768
970
1348
1501
1569
1692
1711
1706
1604
1486
1323
1112
791
429
139
60
205
329
462
543
587
600
541
409
234
125
47
173
478
791
1030
1199
1401
1469
1476
1571
1729
1930
2128
2217
2002
1707
1986
2162
2116
2240
2286
2162
1913
1964
1766
1297
811
477
275
360
315
153
154
105
64
72
49
143
90
99
183
232
315
331
326
407
537
653
998
1434
2321
3033
2954
3457
3815
3916
3296
2385
3184
2813
2213
1673
1168
790
643
856
931
917
1142
1366
1599
1707
1838
1949
1992
1975
1969
3230
2226
2040
1931
1683
1257
760
310
223
574
947
1257
1468
1660
1808
1924
1962
1932
1798
1605
1342
1120
777
409
185
446
967
1541
2120
2578
3051
3370
3674
3842
4008
4046
3971
3791
3574
3279
2938
2838
2833
2728
2322
1865
1363
851
1061
1216
1255
1140
1356
1422
1485
1825
2169
2541
2994
3270
3403
3265
3328
3333
3188
3022
2733
2419
2025
1590
1029
527
179
261
573
1068
1515
1857
2104
2339
2551
2652
2814
2903
2992
3015
2894
2825
2777
2634
2498
2307
1929
1534
1472
1595
1628
1353
976
756
754
770
683
646
796
1054
1187
1215
1169
1134
1158
1081
912
627
401
193
98
37
59
177
381
619
792
1017
1079
1243
1275
1393
1451
1467
1478
1297
1079
924
808
674
432
202
86
154
212
370
519
615
782
856
871
876
844
810
837
825
943
1134
1260
1353
1422
1585
1735
1815
2046
2367
2467
2486
2366
2203
1992
1854
1630
1588
1738
1293
764
737
427
401
543
713
840
1149
1536
1881
2199
2463
2631
2726
2714
2858
2878
2916
2869
2790
2622
2373
2129
1884
1606
1230
944
699
718
844
1053
1230
1335
1398
1418
1528
1685
1749
1772
1707
1717
1709
1673
1580
1328
1087
884
589
501
360
301
368
519
696
893
1102
1258
1412
1513
1673
1779
1876
1890
1845
1711
1447
1269
1213
1221
1233
1106
892
690
622
592
607
676
674
609
476
401
353
404
494
535
619
793
813
935
1044
1097
1189
1202
1205
1272
1221
1201
1225
1199
1175
1227
1355
1295
1169
971
927
943
948
868
714
506
313
287
337
414
595
1987
974
814
602
482
446
450
611
659
618
463
416
343
186
141
221
280
229
202
73
100
185
480
667
680
774
724
496
360
191
149
189
248
189
157
126
104
152
250
460
192
162
246
275
315
270
194
172
143
150
154
164
182
232
250
258
316
389
437
500
535
543
551
618
636
586
562
600
595
789
869
744
581
614
770
897
1101
1245
1273
1316
1272
1291
1429
1423
1601
1720
1642
1619
1806
2108
2419
2813
3338
3797
4065
4311
4671
5184
5624
5833
5863
5984
5962
5917
6002
5950
5874
5674
5356
5130
4812
4481
4199
3788
3335
2839
2277
1805
1350
1452
1652
1572
1259
1124
1088
927
812
751
730
833
787
731
611
696
674
518
332
94
68
259
515
790
1111
1331
1530
1664
1769
1825
1744
1671
1518
1267
1024
721
415
166
269
728
1383
1869
1977
2277
2801
3439
4001
4557
4912
5247
5485
5837
5979
6051
6116
6097
6169
6213
6160
6110
6006
5933
5780
5557
5304
4999
4769
4558
4235
3876
3566
3294
3025
2789
2581
2369
2158
1990
1829
1587
1470
1184
973
734
459
253
87
60
178
389
614
888
1141
1448
2690
2135
2598
3119
3473
3844
4036
4065
4054
4009
3974
4112
4216
4316
4448
4600
4674
4589
4606
4499
4438
4380
4360
4210
4045
3881
3699
3514
3252
2916
2508
2100
1679
1242
725
308
190
468
865
1239
1591
1975
2385
2619
2901
3271
3555
3742
3959
4075
4233
4338
4487
4495
4511
4529
4517
4445
4420
4310
4269
4065
3968
3751
3721
3644
3499
3216
2886
2604
2393
2137
1957
1740
1542
1428
1228
961
743
676
623
490
354
345
349
394
321
242
213
256
355
416
401
310
268
271
323
319
262
157
121
95
80
70
62
64
54
62
142
240
302
364
346
312
228
157
126
107
146
257
425
437
492
597
629
709
768
832
886
937
942
876
796
690
595
444
309
132
25
6
21
105
219
387
535
693
822
880
920
958
876
877
780
726
601
502
377
276
149
67
27
28
66
134
234
440
679
915
1204
1503
1759
2034
2294
2531
2724
2915
3080
3255
3351
3422
3484
3569
3625
3725
3784
3866
3900
3903
3834
3873
3941
3943
3970
3899
3785
3648
3386
3068
2735
2212
1684
1176
623
242
465
990
1558
2158
2799
3296
3729
4024
4296
4443
4576
4706
4805
4822
4762
4730
4637
4584
4552
4524
4475
4445
4311
4148
3919
3773
3501
3091
2782
2517
2280
2101
1951
1798
1581
1372
1266
1154
1089
963
838
751
647
505
419
509
708
581
353
311
289
295
299
203
46
13
59
165
221
252
303
315
309
361
528
636
776
1034
1231
1334
1489
1672
1831
1982
2152
2010
1608
1611
1810
1947
1812
1672
1753
1935
2101
2163
2327
2345
2243
2299
2324
2279
2277
2295
2337
2387
2324
1969
1636
1356
881
605
671
808
908
1051
1298
1478
1640
1774
1876
1954
2036
2094
2048
2047
2021
1950
1722
1594
1416
1372
1387
1403
1327
1148
849
546
343
233
211
206
182
125
111
142
158
247
381
536
633
581
668
926
1260
1570
1813
1727
1222
1034
921
1107
1017
970
1136
833
341
231
510
672
532
525
587
637
617
576
678
660
623
601
600
603
536
441
413
412
454
369
221
106
113
127
153
230
359
450
578
688
778
854
935
1087
1103
1012
915
759
669
617
460
259
159
286
414
611
779
1035
1114
1136
1221
1344
1506
1635
1515
1337
1119
891
812
1078
1796
2359
2818
3142
3431
3731
3991
4329
4400
4402
4301
4048
3956
3962
3930
3752
3506
3251
2850
2359
2024
1546
965
522
542
594
1135
1625
1936
2176
2392
2623
2780
2718
2749
2703
2730
2764
2676
2641
2387
2188
2005
1846
1748
1461
1155
857
504
289
298
407
573
645
745
886
925
1069
1201
1285
1432
1520
1547
1591
1542
1504
1483
1390
1384
1291
1173
945
651
389
201
200
449
701
1795
1521
1837
2097
2323
2496
2627
2659
2683
2828
2846
2917
2966
3032
3029
3072
3134
3121
3100
3061
2947
2828
2642
2535
2406
2292
2084
1888
1745
1526
1349
1115
882
652
408
266
174
122
129
176
367
522
751
918
1099
1455
1866
2212
2487
2847
3157
3500
3680
3799
3771
3800
3930
4046
4129
4171
4259
4160
3941
3730
3563
3442
3288
3039
2673
2285
1903
1467
1001
851
820
798
883
1070
1213
1411
1507
1575
1749
1695
1777
1669
1383
1184
835
604
313
166
166
353
562
818
989
1181
1415
1613
1696
1881
2032
2186
2175
2163
2119
2005
1755
1439
1191
905
591
544
643
589
936
1391
1713
2005
2283
2563
2797
3037
3199
3328
3503
3615
3750
3772
3811
3723
3613
3440
3264
3037
2750
2519
2291
1956
1544
1167
892
752
749
737
774
893
1063
1291
1545
1744
1989
2109
2216
2304
2396
2420
2400
2340
2232
2108
1950
1713
1480
1136
750
393
227
217
370
569
908
1167
1487
1672
1871
2016
2189
2341
2469
2533
2596
2649
2660
2642
2731
2729
2680
2546
2397
2379
2440
2451
2317
2100
1939
1776
1614
1483
1387
1191
1125
973
888
797
608
409
264
135
46
71
167
266
416
698
986
1176
1420
1629
1807
1944
2105
2228
2471
2582
2761
3016
3165
3321
3354
3394
3366
3396
3374
3260
3193
3040
2926
2757
2505
2303
2143
1883
1606
1370
1056
780
424
222
219
366
547
790
1081
1329
1560
1752
2186
2565
2806
2766
2540
2286
2331
2339
2458
2493
2378
2391
2353
2280
2266
2286
2207
2073
1858
1601
1330
1077
770
498
452
450
643
802
1018
1196
1477
1769
2020
2267
2443
2608
2718
2808
2863
2904
2869
2831
2691
2538
2521
2203
2062
1869
1510
1000
636
893
1505
2372
3206
3706
3998
4206
4262
4237
4348
4419
4279
4098
3720
3281
2965
2699
2382
2098
1851
1535
1426
1290
1138
1014
963
941
844
811
693
576
383
138
80
224
141
216
200
205
162
91
97
215
440
505
244
72
282
220
142
245
375
339
179
89
27
40
51
30
12
18
55
95
119
86
37
59
123
200
193
113
271
514
439
187
171
69
39
62
159
191
388
551
828
1127
1423
1691
2057
2337
2627
3071
3502
3931
4454
4846
5030
5091
5123
5130
5221
5317
5282
5306
5189
5103
4997
4765
4536
4336
4008
3786
3470
3164
2770
2415
2009
1542
1208
742
273
196
803
1546
2246
2858
3439
3780
4015
4183
4434
4514
4589
4628
4694
4709
4726
4632
4586
4437
4296
4057
3860
3651
3498
3334
3170
3064
2962
2813
2583
2405
2416
2172
2015
1914
1849
1673
1544
1519
1450
1242
1191
1127
1022
804
572
409
352
409
529
647
810
999
1232
1605
2042
2469
2828
3119
3348
3631
3782
3856
3935
3948
3822
3758
3624
3356
3037
2821
3856
1937
1654
1333
953
580
284
122
187
424
736
1043
1365
1659
1833
2016
2167
2289
2412
2448
2539
2516
2545
2588
2654
2570
2528
2445
2263
2058
1871
1656
1427
1106
871
702
580
459
434
348
276
264
308
382
441
462
518
573
641
668
722
659
599
555
412
341
278
258
227
240
246
194
130
221
227
192
245
322
260
235
175
146
109
80
124
157
220
223
167
130
138
87
75
64
77
101
105
116
127
115
89
100
168
297
433
597
736
1119
1253
1277
1499
1756
1938
2024
1646
1675
2412
3242
3871
3892
3778
3704
3451
2967
2447
1957
1465
1060
1041
1350
1333
1198
1038
916
847
916
1041
1138
1272
1275
1129
868
688
527
253
454
547
602
646
647
632
593
569
563
511
488
436
306
256
308
395
509
593
686
889
1006
1045
972
915
914
945
936
820
663
659
663
609
628
608
621
634
608
604
643
715
825
859
778
816
1014
1167
1405
1554
1755
1935
2067
2241
2478
2708
2879
3001
3031
3053
2953
2734
2429
2065
1773
1446
1151
845
524
380
447
676
874
1071
1354
1530
1732
1810
2005
2284
2318
2168
2143
2152
2051
1918
1821
2009
2145
2050
1929
1689
1338
1004
636
539
487
439
379
347
328
377
472
555
663
706
737
795
854
866
844
780
652
541
325
155
29
6
18
77
156
192
214
247
263
187
158
198
343
582
790
976
1108
1184
1250
1338
1432
1507
1538
1572
1711
1866
1793
1784
1624
1360
915
708
576
463
454
607
867
2128
2557
1964
2076
2055
2097
2104
2165
2168
2182
2203
2169
2049
1986
1850
1677
1529
1273
1041
786
524
438
415
408
420
460
563
666
714
765
837
923
1038
1235
1311
1308
1372
1497
1596
1651
1647
1531
1411
1237
961
669
384
130
133
503
852
1138
1384
1601
1795
1917
2040
2134
2200
2209
2141
2006
1894
1784
1641
1503
1303
1118
1100
991
932
880
798
755
561
326
175
404
591
680
757
805
802
814
723
693
624
527
430
485
584
568
507
381
338
241
239
222
223
200
180
148
147
176
190
235
274
314
331
293
239
190
123
51
0
0
5
70
168
342
471
630
711
891
1000
1159
1297
1421
1564
1704
1793
1920
2084
2250
2373
2531
2827
3142
3444
3839
4246
4663
5086
5550
5877
6388
6714
7048
7417
7755
7918
7795
7518
7205
6682
6008
5039
3980
2975
2043
1080
569
1312
2432
3416
4298
5161
5951
6591
6860
7017
7059
6946
6863
6645
6326
6142
5912
5621
5305
5111
4833
4428
3979
3625
3125
2598
2056
1712
1666
1750
1969
1916
1852
1989
2200
2475
2583
2663
2529
2350
2430
2398
2058
1878
1585
1307
1194
1164
940
886
1085
1152
1504
2971
1891
1816
1832
1817
1722
1673
1553
1588
1647
1609
1607
1458
1226
854
620
503
617
755
644
504
337
313
312
253
219
198
339
476
460
483
510
529
497
567
643
758
885
1118
1288
1434
1542
1620
1630
1660
1634
1523
1349
1125
1118
1051
791
681
595
632
893
1169
1374
1603
1819
2009
2090
2098
2131
2156
2085
2002
1823
1613
1348
1049
692
396
313
410
451
584
656
877
1056
1207
1335
1430
1468
1367
1393
1388
1332
1272
1147
1076
1096
1081
814
492
238
146
515
929
1438
1760
1836
1754
1901
1930
1827
1692
1570
1411
1560
1560
1611
1443
1160
754
446
728
746
833
955
846
747
722
858
978
1090
1179
1189
1262
1236
1253
1129
1036
972
917
785
602
430
271
214
197
329
497
647
837
1022
1102
1094
1153
1216
1243
1277
1206
1163
1028
902
796
633
479
422
351
357
357
326
394
481
610
693
727
836
912
988
1061
1069
1069
893
860
699
512
427
412
239
239
288
293
321
382
458
644
754
840
859
869
938
852
903
837
797
679
507
371
368
326
359
394
479
625
737
813
820
774
758
679
668
710
700
689
712
741
716
685
692
643
559
519
415
349
354
304
336
375
457
615
704
850
1067
1201
1344
1499
1695
1975
2218
2530
2726
2389
1745
1679
1687
1365
1247
1198
999
753
674
651
719
789
767
695
592
561
577
587
553
581
607
695
905
1069
1146
1292
1179
1288
1483
1593
1666
1715
1720
1845
2034
2154
2263
2351
2320
2210
2051
1800
1449
1155
1001
746
540
413
550
768
1018
1440
2031
2458
2435
2352
2161
2322
2455
2426
2104
2085
2152
2120
1899
1786
1655
1538
1382
1164
943
693
684
729
667
577
355
379
359
364
291
255
228
248
445
611
693
947
1135
1348
1492
1654
1799
1840
1820
1801
1690
1522
1217
880
600
412
344
302
434
723
1144
1622
1912
2170
2330
2506
2545
2556
2638
2591
2451
2130
1780
1673
1403
1107
623
445
552
677
697
660
576
550
566
644
771
754
728
693
613
727
811
903
856
740
615
490
364
289
261
254
251
203
125
80
45
43
40
22
23
28
35
18
6
4
1
0
5
13
16
5
0
8
2
13
43
55
49
31
15
6
0
0
0
15
9
0
0
11
22
29
16
9
17
25
26
56
137
255
461
641
754
866
839
713
523
406
386
319
220
278
436
654
920
1160
1535
1857
2195
2527
2836
3197
3514
3845
4178
4419
4702
5261
5657
6087
6368
6658
6466
6096
5736
5401
4934
4611
4246
3612
2996
2786
2349
1515
1423
567
315
279
362
563
696
964
1035
1101
1299
1246
1299
1320
1194
1944
1113
1016
962
975
911
972
969
883
831
798
786
652
518
477
527
563
502
373
295
390
537
672
881
1180
1566
1853
2201
2432
2608
2765
2902
2970
3008
2975
2875
2708
2452
2087
1639
1121
848
985
1079
1023
1041
1140
1499
2036
2435
2588
2631
2576
2659
2788
2882
2804
2731
2696
2707
2732
2747
2655
2529
2319
1976
1623
1297
1026
833
807
722
583
476
618
1129
1368
1547
1603
1561
1672
1773
1966
2261
2383
2444
2481
2666
2776
2824
2495
1754
1460
1654
1581
1405
1126
608
783
1103
1105
997
764
642
645
676
635
628
855
991
969
840
632
328
270
233
178
168
177
117
61
58
63
119
269
261
253
438
622
643
604
442
132
40
30
9
15
8
38
199
497
991
1011
791
591
322
661
974
1170
1246
1124
949
657
395
350
322
310
292
216
140
185
287
454
506
532
529
323
194
174
131
140
163
204
168
79
59
85
78
82
95
114
160
198
300
324
222
84
186
304
287
264
175
101
183
236
220
239
280
401
688
959
1255
1400
1450
1332
1121
934
716
503
412
738
1077
1202
1167
1064
942
794
613
409
252
104
103
148
119
78
51
112
164
177
121
79
55
72
78
65
45
69
110
151
125
103
70
68
122
221
369
437
345
261
163
66
29
29
24
20
28
20
22
16
27
30
37
40
75
127
164
179
201
209
225
209
260
359
447
539
558
554
567
497
382
256
111
82
71
46
58
81
51
45
91
116
89
52
45
25
18
13
12
12
10
4
3
1
0
2
1
4
4
18
22
21
31
36
57
89
100
124
104
114
113
72
46
41
44
36
29
25
26
18
20
27
41
41
22
7
1
0
3
21
38
33
27
43
61
60
65
46
32
26
17
38
94
137
179
292
332
257
182
107
75
120
207
389
432
365
293
320
317
326
266
188
145
125
120
130
176
185
177
145
162
234
330
462
510
495
379
283
285
256
224
209
315
382
323
362
353
356
369
430
434
447
392
338
299
259
236
219
248
320
382
441
494
515
498
447
393
339
256
130
3
10
43
103
88
83
46
12
4
0
2
3
12
14
17
1
6
2
1
3
2
2
0
1
0
2
5
4
8
12
43
27
10
2
7
12
16
14
17
20
19
10
14
12
10
11
10
7
21
57
84
105
119
122
104
104
85
53
28
3
0
4
8
17
12
10
4
3
2
0
0
0
1
8
27
51
77
153
199
243
269
434
269
257
228
228
241
470
773
797
655
434
219
70
111
140
179
112
117
60
34
20
20
32
33
53
53
40
19
14
3
5
42
132
208
333
646
939
981
877
767
710
661
651
650
749
981
1251
1496
1659
1693
1742
1837
1822
1936
2151
2273
2471
2719
3162
3519
3844
4323
4805
5198
5560
5981
6233
6573
6745
6642
6448
6140
5767
5600
5224
4794
4364
3843
3377
2989
2742
2413
1959
1243
785
1218
1826
2429
3054
3798
4553
5206
5580
5909
6096
6113
6056
6051
5989
6044
5994
6026
6040
6036
5964
5818
5594
5353
5040
4655
4238
3841
3311
2853
2463
2038
1618
1635
1588
1665
1596
1413
1174
742
586
810
1148
1352
1382
1207
1015
828
683
541
453
316
247
315
334
285
201
140
98
82
123
164
182
202
175
154
182
201
249
194
193
185
230
242
154
111
89
87
125
151
172
173
147
137
126
127
104
72
47
63
35
22
6
11
13
29
13
11
16
27
39
58
47
34
20
14
25
37
33
17
2
5
4
3
6
23
24
52
49
64
73
127
134
92
65
178
300
408
560
736
797
791
685
502
371
412
352
225
233
347
410
445
453
405
337
268
204
219
245
353
458
453
510
524
520
491
478
480
536
699
803
859
835
784
653
543
416
355
341
242
149
106
168
247
227
238
330
429
433
436
430
436
321
190
146
119
156
256
342
369
424
435
447
488
503
537
553
629
787
1133
1426
3625
2233
2603
2930
3304
3697
3984
4080
4155
4176
4164
4051
3839
3501
3187
2726
2324
1956
1551
1059
720
406
193
155
317
658
1111
1670
2071
2616
2999
3368
3649
3767
3700
3551
3410
3264
3030
2736
2476
2286
2091
1940
1748
1596
1418
1164
961
657
427
253
161
174
253
342
533
721
837
961
986
770
616
439
357
335
485
602
719
839
1023
1108
1155
1203
1167
1040
845
623
629
742
877
853
808
792
656
578
561
520
526
570
692
855
882
905
689
500
291
114
128
236
375
518
604
685
684
590
535
446
392
365
276
254
246
283
340
371
426
518
485
385
296
207
54
249
357
407
426
398
370
271
220
143
51
119
267
346
341
278
232
197
204
179
162
103
92
117
169
188
202
179
188
236
271
288
291
205
127
56
39
84
124
121
134
172
211
184
187
217
222
271
360
409
434
498
481
440
493
498
572
615
629
615
581
602
552
523
506
404
339
294
200
155
137
170
299
454
576
747
889
826
833
853
820
830
643
557
558
464
284
167
119
70
41
49
77
382
236
340
446
637
748
1028
1313
1567
1788
2068
2315
2641
2952
3161
3325
3435
3478
3466
3403
3250
3080
2858
2561
2238
1846
1468
1064
723
464
314
320
541
940
1369
1751
2055
2273
2435
2558
2689
2809
2923
2909
3045
3019
2944
2913
2787
2663
2503
2278
2070
1771
1475
1242
1172
1088
1048
932
856
747
727
655
595
490
380
326
349
418
452
493
503
522
589
687
827
914
1016
1164
1401
1604
1815
1954
2108
2231
2419
2697
3052
3487
3879
4249
4752
5146
5372
5533
5644
5621
5546
5343
5000
4677
4343
3972
3609
3149
2563
2190
2111
1955
1736
1522
1290
1051
758
473
398
461
809
1348
1716
2097
2395
2650
2785
2934
3089
3210
3250
3397
3408
3468
3559
3670
3704
3722
3714
3732
3652
3474
3197
2760
2403
1962
1328
806
339
598
1407
2097
2658
3164
3632
4203
4729
5127
5380
5592
5693
5887
6046
6115
6097
6009
5819
5630
5390
5062
4702
4420
4016
3526
3362
3197
2664
1985
1511
1070
621
467
819
1049
1363
1732
1758
1992
2269
2474
2547
2547
2523
2409
2213
1883
1467
1042
600
164
139
597
1037
1454
1891
2160
2324
2406
2544
2527
2589
2494
2346
2136
1867
1572
1299
1024
713
422
322
444
500
638
788
968
1167
1204
1202
1121
1028
904
659
489
347
263
165
128
202
302
379
508
638
727
809
851
776
690
553
501
586
578
374
203
127
145
258
559
847
1156
1476
1590
1652
1657
1644
1650
1647
1429
1205
905
585
244
96
116
440
662
888
1058
1180
1303
1358
1393
1392
1333
1256
1175
1010
941
821
742
633
479
268
134
113
200
347
483
701
1033
1361
1619
1826
1839
1968
2003
2068
2145
2302
2411
2553
2562
2560
2496
2378
2247
2096
1847
1524
1167
767
258
35
236
717
1146
1635
1908
2157
2344
2498
2613
2725
2812
2820
2807
2762
2607
2475
2289
2094
1848
1620
1392
1102
746
512
393
416
561
669
769
903
1024
1170
1261
1325
1402
1621
1750
1934
2057
2189
2230
2342
2503
2668
2856
2970
3190
3377
3485
3629
3768
3884
3878
3892
3905
3873
3756
3719
3694
3820
3873
3942
4039
3904
3831
3530
3130
2783
2375
1896
1423
1000
341
481
1415
2220
3046
3664
4074
4465
4897
5140
5198
5127
5034
4934
4765
4767
4760
4746
4654
4592
4345
4132
3857
3571
3319
2971
2655
2390
2006
1616
1347
1122
923
773
787
832
941
1117
1215
1260
1372
1445
1376
1334
1224
999
812
666
479
298
315
451
669
829
803
659
487
339
338
349
312
297
213
173
180
208
279
341
345
462
543
476
462
408
338
241
184
106
41
24
33
90
190
217
241
276
310
311
298
305
290
318
311
282
242
198
197
181
182
209
225
268
302
326
367
414
400
736
183
142
255
391
483
557
603
708
776
874
907
889
816
645
416
250
214
355
558
717
911
1119
1295
1232
1096
892
709
521
321
134
100
156
186
140
157
157
184
302
396
429
389
340
360
351
309
324
463
677
825
942
1050
1154
1313
1501
1644
1788
1988
2152
2322
2437
2598
2691
2604
2400
2096
1801
1408
864
511
614
867
1229
1704
2089
2423
2584
2749
3028
3248
3381
3494
3449
3353
3101
2854
2567
2233
1834
1470
1082
687
407
332
368
545
734
955
1211
1471
1732
1980
2187
2341
2510
2578
2555
2741
2806
2775
2833
2719
2791
2980
3077
2986
2960
3091
3011
2856
2747
3266
4012
4767
4847
5041
4862
4640
4294
3902
3451
3029
2586
2478
2435
2337
2267
2235
2049
1953
1788
1538
1360
1143
947
673
358
237
254
554
899
1213
1536
1905
2239
2457
2658
2959
3301
3565
3861
4137
4262
4222
4071
4063
4218
4329
4437
4279
4279
4202
4153
4006
3784
3615
3558
3240
3092
2782
2405
2094
1729
1497
1135
808
458
286
337
647
969
1322
1805
2259
2671
2961
3169
3327
3486
3646
3806
4090
4143
3972
3715
3804
3868
3885
3878
3844
3958
3783
3730
3553
3437
3450
3415
3294
3145
2943
2682
2343
2009
1684
1375
1182
1012
949
951
1073
1228
1459
1598
1729
1969
2121
2196
2186
2248
2441
2587
2741
2775
2919
3034
3103
3119
3101
3154
3305
3463
3590
3545
3502
3434
3400
3368
3336
3393
3452
3431
3408
3412
3469
3465
3431
3385
3236
2936
2846
2710
2560
2331
2142
1955
1723
1523
1298
966
737
725
943
1196
1714
2100
2289
2303
2554
2652
2740
2997
3129
3281
3391
3451
3460
3597
3568
3565
3554
3528
3380
3172
3065
2905
2804
2662
2541
2293
2019
1704
1397
1240
975
893
769
564
751
1024
1242
1525
1811
1994
2295
2628
2858
3105
3288
3494
3667
3754
3856
3905
3896
3992
4130
4179
4283
4329
4370
4279
4203
4161
4044
3893
3699
3491
3202
2886
2476
1920
1525
1093
711
623
756
932
1344
1617
1848
2056
2264
2388
2444
2565
2608
2670
2617
2652
2555
2346
2049
1809
1496
1269
966
688
405
317
297
359
582
834
1058
1264
1501
1662
1771
1977
2110
2185
2218
2325
2370
2330
2311
2324
2437
2495
2711
2761
2532
2476
2344
2110
1843
1412
981
684
466
271
547
1275
2399
3572
4397
5176
5837
6259
6678
6992
7210
6824
6522
6726
7150
7005
6537
5695
5436
5117
5038
5231
5214
5005
4689
4523
4482
4723
4714
4750
4780
4748
4597
4334
4114
3803
3424
3035
2403
1758
1155
932
1374
1932
2613
3370
3867
4251
4721
5213
5585
5989
6027
5815
5158
4672
4567
4361
4060
3742
3571
3344
2915
2507
2170
1782
1329
1216
1200
1086
1063
1110
1300
1426
1422
1430
1246
956
1106
1107
961
1182
1506
1300
1060
912
878
844
856
1795
1061
975
845
760
681
573
499
388
315
281
279
314
351
417
454
526
558
559
527
430
305
220
118
79
48
18
8
16
12
9
13
30
45
36
54
66
96
182
261
316
339
383
433
409
447
412
417
408
367
341
322
333
323
304
277
288
286
381
375
331
337
259
234
245
205
211
206
232
377
599
640
611
869
1039
1171
1356
1621
2138
2503
2488
2192
1774
1448
1354
1645
1731
1248
1710
1852
1768
1488
1471
1616
1506
1539
1532
1785
1831
1640
1490
1471
1500
1541
1536
1574
1718
1821
1934
1861
1869
1914
1911
2022
2322
2478
2452
2309
2049
1933
1902
2086
2230
2332
2379
2419
2571
2832
3153
3482
3820
4133
4424
4536
4573
4526
4316
4044
3663
3146
2668
2204
1931
1679
1471
1183
1164
1455
1808
2259
2768
3229
3689
3965
4079
4053
4018
3979
3733
3464
3138
2830
2707
2659
2459
2354
2577
2681
2702
2699
2575
2586
2671
2620
2631
2592
2540
2640
2673
2635
2581
2448
2235
2101
1882
1595
1328
1072
831
590
359
348
673
1030
1381
1713
2001
2254
2433
2478
2473
2421
2348
2221
2091
1899
1699
1586
1436
1310
1016
774
662
614
555
592
686
816
964
1047
1162
1377
1592
1816
2131
2389
2620
2738
2836
2877
2911
2887
2808
2713
2588
2402
2229
2031
1721
1369
1014
702
565
584
907
1357
1758
2111
2406
2563
2715
2905
3075
3153
3170
3030
2902
2689
2383
2065
1808
1426
1316
1101
916
817
636
441
277
148
109
73
124
242
456
687
947
1190
1491
1754
1994
2136
2308
3856
4015
2767
2794
2736
2710
2606
2533
2400
2238
2073
1819
1555
1221
794
519
411
544
770
1120
1457
1847
2218
2564
2843
2974
3118
3170
3221
3308
3349
3400
3397
3293
3032
2633
2450
2316
2168
2156
1941
1737
1441
1174
914
589
488
525
580
749
969
1184
1482
1813
2042
2167
2238
2561
2819
3042
3176
3214
3117
2860
2509
2081
1929
1629
1285
868
304
14
104
597
1106
1557
1980
2234
2444
2733
2869
2969
2995
2952
2966
2891
2793
2582
2324
2014
1818
1489
1241
1028
800
650
558
542
392
259
199
215
375
659
1062
1324
1497
1678
1799
1913
2176
2481
2665
2864
3127
3275
3339
3325
3178
2965
2643
2324
2006
1625
1263
1016
789
675
1017
1663
2565
3469
4252
4636
5090
5295
5341
4837
4490
3856
3605
3309
3498
3720
3375
2868
2434
1983
1537
1464
1428
1126
850
676
644
699
649
526
395
412
472
456
435
417
449
391
331
391
430
636
1046
1241
1349
1607
1786
1775
1880
2069
2178
2244
2450
2627
2641
2569
2463
2271
2172
1972
1832
1593
1244
927
695
589
861
1151
1433
1844
2184
2582
2877
3103
3211
3232
3189
3265
3186
3087
2862
2654
2503
2484
2249
1935
1721
1804
1827
2801
1314
1211
1322
1165
1216
1325
1499
1666
1736
1604
1566
1567
1719
1828
1797
1741
1670
1561
1208
726
859
915
891
759
549
228
244
803
1122
1191
975
564
214
145
156
218
593
1048
1089
784
514
390
456
489
413
345
388
330
281
288
408
449
345
143
44
65
221
261
222
178
143
194
259
412
567
760
716
527
470
445
420
314
176
154
163
184
143
110
117
94
52
75
112
312
655
752
589
392
524
1011
1272
1237
1184
1129
885
674
704
762
756
829
858
807
942
1011
1056
1092
1113
1125
1187
1262
1415
1341
1199
1245
1310
1413
1360
1306
1155
1044
1078
1380
1802
2272
2654
2978
3298
3643
4183
4563
4839
4992
4950
4974
5136
5005
4715
4492
4459
4337
3729
3295
2850
2393
1938
1446
745
429
559
1096
1719
2327
2867
3356
3750
4235
4586
4816
5020
5090
5035
4890
4630
4492
4214
3880
3563
3265
2989
2640
2243
1957
1795
1577
1402
1129
922
857
824
674
607
581
540
562
555
562
640
710
856
927
1057
1180
1451
1687
1814
2047
2220
2308
2358
2392
2427
2340
2258
2176
2124
1986
1777
1659
1547
1364
1093
737
464
363
583
1020
1391
1827
2177
2468
2812
2987
3130
3221
3066
2926
2756
2513
2272
1994
1697
1439
1287
1116
1013
904
833
884
967
946
911
863
1029
1206
1498
1656
1900
2068
2203
2342
2318
2263
2050
1774
1282
619
382
493
776
1120
1443
1697
1812
1851
1971
1920
1872
1685
1413
1108
939
865
786
538
281
237
388
619
823
1148
1297
1372
1292
1290
1449
1576
1710
1854
2086
2337
2445
2654
2822
2944
3094
3245
3402
3537
3630
3731
3805
3680
3616
3532
3449
3195
2945
2635
2354
1946
1480
879
346
35
295
880
1482
2029
2541
2924
3216
3425
3618
3752
3870
3941
3984
3884
3565
3109
2620
2335
2033
1548
1204
1003
1453
1700
2012
2679
3397
4115
4849
5256
5706
5964
6138
6056
5851
5692
5433
5039
4746
4406
4082
3725
3328
2945
2402
1998
1399
541
123
650
1428
2110
2695
3077
3434
3743
4067
4509
5005
5143
5112
5243
5414
5630
5592
5510
5411
5245
5117
4894
4562
4300
3827
3368
3040
2695
2204
1763
1553
1581
1488
1321
1339
1290
1434
1865
2296
2785
3276
3696
4092
4387
4879
5197
5478
5719
6034
6181
6397
6623
6851
6905
6826
6779
6682
6391
6065
5549
4911
4228
3688
3040
2375
1753
1803
2090
2497
3237
4127
4909
5517
5940
6109
6238
6359
6369
6240
5918
5636
5269
4882
4532
4245
3923
3514
3110
2658
2023
1307
672
453
694
1197
1853
2470
3035
3589
4119
4514
4841
5040
5165
5293
5343
5387
5522
5581
5510
5297
5083
5028
4944
4903
4691
4506
4210
3858
3339
2717
2283
1953
1765
1645
1468
1336
1343
1249
1097
841
806
930
1168
1707
2385
3100
5555
3837
4235
4657
4947
5043
4989
4976
5019
5182
5160
5086
5007
4847
4662
4407
4107
3646
3390
3239
3038
2753
2507
2188
1989
2021
1948
1889
1848
1905
1962
2138
2313
2435
2402
2326
2490
2645
2805
2724
2507
2326
2164
2008
1980
2144
2033
1856
1730
1512
1382
1247
1219
1152
1146
1068
856
702
627
649
681
596
585
605
632
653
742
850
842
823
841
893
992
1176
1261
1324
1163
914
751
688
694
802
1076
1260
1372
1406
1387
1308
1176
1075
1002
982
969
990
1081
1144
1195
1305
1388
1507
1684
1704
1564
1281
1195
1292
1192
1202
1405
1439
1607
1657
1721
1662
1489
1346
1320
1188
1076
878
755
746
733
846
968
1014
943
887
907
837
720
601
434
455
514
504
426
327
290
218
114
115
137
115
74
77
110
220
340
440
488
574
599
543
523
460
421
354
314
316
310
266
253
207
164
107
86
54
21
28
14
33
56
67
83
84
128
145
176
219
269
293
332
340
316
306
266
225
160
113
36
4
2
3
14
13
45
138
138
124
174
216
296
232
244
216
137
149
250
382
430
472
542
544
588
632
674
686
708
703
699
711
786
846
846
823
843
793
773
721
660
548
530
495
492
470
491
546
504
445
462
478
503
585
631
731
812
901
1025
1071
1031
1034
1133
1147
1148
1025
929
861
809
751
699
646
632
545
496
455
368
288
257
215
195
161
166
155
118
110
128
97
101
129
207
275
390
472
524
599
673
720
717
748
710
775
747
817
864
840
771
739
685
705
684
605
548
437
321
260
198
179
122
184
306
463
661
773
906
921
880
836
757
715
681
616
621
622
572
456
372
273
193
118
86
58
55
35
30
14
15
26
31
21
8
6
8
8
7
7
9
8
17
19
22
74
161
244
292
340
368
359
335
324
323
277
322
327
371
449
550
567
690
742
785
830
787
793
814
757
710
696
642
549
490
378
207
99
12
0
68
245
502
792
1115
1249
1503
1736
1965
2169
2325
2422
2543
2588
2684
2724
2682
2719
2665
2587
2516
2403
2313
2223
2237
2168
2264
2439
2577
2757
2912
3122
3279
3549
3900
4103
4303
4556
4946
4900
4861
4730
4613
4367
4203
4094
3882
3678
3578
3334
2854
2545
2259
1765
1178
970
1124
1427
1840
2431
3011
3597
4138
4679
5188
5454
5852
6134
6338
6452
6309
6184
6081
6132
6130
5842
5586
5225
4893
4595
4104
3797
3481
3059
2649
2120
1739
1314
997
810
738
778
867
951
1132
1493
1672
1835
2041
2209
2347
2622
2837
2894
2825
2808
2826
2881
2908
2963
2952
2917
2793
2695
3964
2507
2279
2080
1892
1678
1490
1199
1016
828
719
723
702
789
886
1054
1235
1324
1386
1515
1658
1751
1880
2045
2275
2377
2543
2710
2750
2827
2923
2994
3064
3086
3005
2882
2757
2609
2359
2008
1797
1506
1215
948
866
794
765
705
703
741
842
1013
1089
1129
1150
1238
1309
1406
1460
1451
1557
1619
1652
1757
1879
1866
1863
1995
1967
2028
1995
1987
1942
1991
1952
1967
1949
1917
1881
1827
1744
1572
1445
1302
1092
889
670
446
209
121
136
192
336
578
845
1064
1332
1524
1785
2031
2234
2422
2598
2726
2775
2896
2913
2912
2935
2904
2799
2749
2738
2632
2638
2584
2408
2172
1997
1790
1460
1111
865
682
533
490
686
855
981
933
1035
1199
1302
1441
1545
1651
1729
1858
1950
2097
2213
2254
2307
2391
2426
2450
2439
2455
2436
2399
2460
2499
2485
2446
2675
2665
2524
2342
2240
2122
1783
1363
1234
904
722
823
852
828
1319
1724
1853
2245
2561
2869
3150
3235
3018
3090
2992
3198
3343
3364
3549
3536
3390
3196
3084
2877
2692
2672
2556
2389
2202
2030
1679
1435
1311
1213
1080
870
633
399
293
397
470
599
793
996
1181
1533
1828
1981
2227
2434
2587
2607
2662
2772
2782
2840
2898
2952
2946
2827
2746
2701
2661
2607
2501
2491
2354
2281
2149
2045
1920
1713
1490
1322
1000
679
337
137
81
217
460
712
1005
1246
1529
1756
1959
2116
2284
2377
2486
2605
2672
2721
2808
2852
2890
2897
2907
2935
2950
2935
2924
2864
2785
2747
2584
2433
2286
2054
1832
1663
1439
1260
1052
955
719
390
714
221
331
651
982
1310
1621
1837
2037
2158
2483
2764
2926
3057
3317
3534
3620
3728
3793
3812
3771
3851
3893
3866
3783
3784
3656
3519
3421
3265
3039
2806
2482
2153
1871
1513
1127
714
401
270
329
438
637
957
1196
1528
1838
2044
2281
2403
2568
2709
2841
2986
3149
3200
3204
3275
3268
3241
3207
3149
3073
2987
2936
2861
2841
2783
2617
2467
2444
2289
2191
2055
1871
1613
1400
1122
995
893
761
592
410
283
213
245
339
534
758
949
1231
1492
1685
1832
2025
2182
2323
2372
2492
2568
2641
2699
2667
2673
2686
2774
2865
2900
2960
3140
3285
3351
3354
3379
3292
3130
2969
2888
2855
2741
2156
1687
1329
910
504
327
741
1162
1515
1873
2273
2599
2728
2938
3145
3232
3373
3543
3573
3607
3542
3555
3533
3497
3485
3408
3368
3256
2997
2841
2575
2282
2003
1753
1509
1329
1185
978
713
449
299
204
205
283
497
829
1241
1644
2006
2360
2451
2609
2747
2975
3110
3181
3382
3581
3725
3828
4077
4399
4526
4474
4219
3928
3624
3270
3207
3133
3096
3139
2954
2665
2363
2160
1960
1656
1372
1102
885
808
744
814
792
836
1050
1304
1654
1973
2243
2588
2841
3209
3510
3703
3806
3809
5662
3722
3856
4032
4069
3966
3941
3739
3546
3295
3104
3002
2866
2664
2323
1928
1575
1101
825
619
403
314
346
475
683
811
1005
1025
1224
1331
1378
1490
1465
1527
1555
1647
1631
1620
1567
1471
1454
1458
1380
1318
1305
1303
1395
1474
1568
1558
1568
1517
1373
1058
778
685
667
605
493
355
401
497
615
624
592
745
974
1028
839
684
729
809
959
978
1014
1117
1098
1137
1220
1352
1345
1445
1614
1706
1917
2200
2434
2590
2611
2445
2432
2526
2545
2566
2498
2408
2295
1944
1821
1646
1329
1054
1057
1348
1571
1678
1841
2119
2461
2925
3388
3878
4297
4596
4691
4699
4593
4616
4488
4385
4358
4125
4006
3943
3860
3704
3588
3409
3214
3121
2847
2571
2251
1939
1605
1270
993
740
511
224
106
81
167
269
429
699
915
1183
1437
1714
2014
2181
2267
2347
2320
2231
2163
2089
1953
1861
1699
1591
1329
1124
903
703
454
221
66
62
183
391
536
797
1016
1208
1387
1511
1692
1779
1881
1893
2013
2063
2114
2162
2215
2199
2219
2167
2129
2106
2019
1921
1773
1738
1645
1512
1368
1213
1189
1082
1064
963
846
778
706
708
756
772
653
525
389
435
440
401
374
436
513
629
750
964
1155
1399
1703
1939
2128
2376
2603
2797
2984
3183
3354
3539
3629
3776
3842
3896
3945
3946
3895
3865
3813
3730
3641
3523
3422
3361
3381
3308
3243
3124
3037
2816
2685
2436
2252
2010
1681
1273
909
417
105
368
820
1349
1765
2197
2595
2948
3304
3550
3791
4056
4318
4442
4477
4508
4541
4583
4562
4454
4334
4141
3917
3664
3425
3168
2885
2523
2184
1811
1640
1477
1289
1082
838
566
340
427
761
1071
1211
1314
1297
1546
2004
2270
2509
2680
2781
2839
2800
2783
2643
2508
2273
1985
1638
1318
1075
834
635
416
443
687
1182
1499
1696
1890
2146
2343
2508
2659
2696
2597
2574
2565
2349
2079
1876
1679
1355
1180
997
865
805
670
479
320
449
544
569
595
763
1101
1607
1938
2236
2408
2582
2721
2993
3152
3298
3517
3540
3659
3719
3756
3708
3611
3520
3306
3126
2894
2603
2295
1864
1326
830
446
511
815
1180
1588
1993
2318
2706
3017
3311
3622
3827
4020
4106
4087
4020
3865
3631
3386
3147
2883
2667
2491
2313
2087
1959
1840
1604
1412
1202
936
765
642
541
409
287
201
141
91
63
55
105
173
228
285
468
686
893
1113
1306
1649
1821
1932
2158
2374
2602
2809
2979
3151
3236
3328
3353
3321
3297
3286
3238
3119
3061
2920
2750
2607
2435
2230
2033
1806
1616
1438
1269
1089
819
597
326
188
233
430
728
993
1266
1522
1645
1816
1890
1978
1995
1983
1970
1907
1827
1693
1545
1310
1064
840
560
259
88
171
419
791
1063
1403
1676
1954
2172
2353
2520
2690
2821
3003
5028
3785
3950
4068
4106
4111
4046
3985
3752
3526
3296
2948
2601
2190
1704
1256
794
485
416
598
865
1067
1389
1726
2022
2344
2711
3014
3366
3681
3957
4162
4385
4596
4776
4834
4889
4747
4588
4396
4161
3830
3568
3308
3026
2627
2208
1671
1156
654
584
899
1325
1850
2502
3051
3592
4068
4498
4823
5184
5451
5418
5417
5364
5310
5361
5316
5164
4951
4778
4512
4241
4067
3712
3348
2958
2580
2055
1459
986
529
171
218
663
1208
1675
1767
1939
2203
2469
2678
2817
2886
2870
2888
2774
2729
2678
2643
2546
2320
2145
1908
1692
1367
1134
739
330
28
21
336
895
1407
1824
2246
2585
2878
3089
3306
3370
3345
3415
3257
3244
3210
3102
2969
2777
2640
2490
2223
2059
1861
1598
1292
913
558
277
204
277
527
794
1048
1295
1469
1681
1822
1926
2005
2157
2275
2494
2709
2906
3137
3304
3440
3631
3745
3773
3727
3675
3642
3500
3444
3381
3265
3229
3315
3431
3497
3609
3630
3607
3659
3602
3486
3234
2910
2602
2393
2082
1622
1168
720
518
476
584
830
1214
1614
2064
2403
2872
3407
3761
4160
4507
4837
5199
5557
5781
5944
5946
6006
5934
5805
5630
5406
5209
4843
4472
4014
3694
3298
2908
2405
1907
1472
1086
700
528
525
656
789
975
1147
1402
1547
1786
2024
2250
2487
2617
2827
2920
3027
3101
3157
3130
3107
2970
2830
2547
2212
1811
1308
751
389
496
944
1455
1960
2443
2832
3099
3310
3454
3608
3715
3638
3533
3376
3116
2711
2336
1839
1401
968
632
403
336
467
677
1100
1452
1770
2072
2384
2591
2796
2954
2873
2711
2691
2613
2410
2016
1610
1130
668
193
272
715
1059
1310
1545
1741
1896
2093
2292
2384
2318
2223
1945
1579
1184
896
548
114
83
424
880
1334
1784
2194
2695
3045
3500
3822
4171
4500
4760
4818
4977
4899
4865
4740
4625
4520
4450
4313
4142
4075
3925
3776
3658
3784
3917
3984
3929
3907
3815
3564
3211
2905
2498
2077
1556
1018
629
638
761
961
1187
1358
1624
1850
2098
2318
2521
2693
2867
3034
3133
3257
3243
3319
3300
3412
3421
3526
3509
3610
3752
3814
3858
3919
3900
3880
3747
3746
3654
3538
3330
3060
2849
2539
2077
1646
1154
639
443
546
879
1081
1362
1661
1931
2201
2365
2495
2327
2131
2015
1822
1780
1644
1710
1862
1722
1633
1278
1326
1467
1505
1577
2206
2862
3448
3706
3629
3522
3317
3089
2804
2378
2109
1939
1686
1489
1292
993
550
139
62
284
638
970
1318
1592
1824
2026
2243
2404
2635
2762
2914
2781
2715
2641
2438
2279
1997
1829
1592
1316
1061
809
550
242
138
359
742
1072
1429
1734
2081
2316
2622
2962
3234
3421
3733
3939
4000
3709
3449
3042
2533
1980
1371
741
472
592
865
1176
1504
1742
2084
2147
2294
2204
2296
2370
2364
2355
2316
2233
3083
1718
1467
1253
1087
879
725
546
618
618
714
862
1110
1290
1521
1678
1772
1920
2017
2031
2078
2088
1926
1768
1581
1376
1231
1050
809
539
177
168
280
534
790
981
1168
1244
1283
1375
1589
1770
1795
1829
1840
1783
1692
1587
1505
1317
1157
1040
997
877
686
660
772
1008
1425
1742
2000
2391
2672
2890
3207
3432
3253
3104
2841
2660
2569
2209
1972
1774
1902
2041
1992
1922
2191
2401
2461
2428
2549
2687
3006
3401
3634
3637
3522
3416
3209
2970
2560
2072
1611
1162
863
638
662
627
637
798
1217
1753
2140
2517
2918
3343
3695
4115
4493
4805
5073
5274
5339
5263
5229
5099
5071
4945
4844
4719
4498
4274
4140
3993
3824
3623
3408
3247
3068
2897
2666
2449
2250
1944
1747
1471
1112
810
552
391
292
312
444
663
870
1111
1331
1508
1678
1779
1981
2210
2441
2671
2745
2845
3056
3256
3449
3593
3706
3977
4135
4221
4255
4293
4290
4231
4255
4203
4120
3987
3830
3539
3113
2827
2521
2223
1989
1797
1610
1488
1456
1356
1173
1095
998
788
565
513
609
999
1298
1252
747
458
393
407
476
562
749
879
698
307
117
548
1052
1221
930
322
98
180
197
129
139
167
236
256
274
182
57
47
89
148
229
174
92
76
161
188
198
262
291
257
112
28
79
196
353
393
300
275
299
252
145
149
210
177
110
78
99
213
306
261
127
32
8
31
74
50
55
96
116
186
188
199
168
117
85
103
101
134
186
210
278
275
298
269
506
518
303
318
265
207
162
128
131
180
216
264
302
248
177
170
154
166
177
193
197
207
199
255
326
380
407
453
468
498
533
659
745
779
859
1071
1273
1487
1678
1905
2206
2373
2794
3242
3591
3973
4222
4294
4418
4380
4318
4117
4018
3859
3613
3342
3061
2652
2057
1071
730
1466
2301
2829
3278
3708
3916
4026
4124
4070
3960
3812
3582
3243
2901
2455
1984
1495
959
575
577
693
954
1266
1610
1939
2219
2435
2563
2704
2785
2805
2813
2768
2714
2690
2567
2460
2268
2042
1756
1304
855
522
389
596
990
1340
1572
1976
2394
2567
2578
2542
2589
2579
2539
2513
2403
2284
2157
1987
1761
1559
1306
1102
890
767
688
584
531
512
520
503
421
420
391
373
419
437
455
427
385
291
165
75
159
527
1085
1781
2468
2953
3405
3828
4195
4612
4934
5071
5171
5125
5124
4783
4562
4398
4153
3959
3585
3285
3046
2720
2070
1412
1294
1311
1210
940
715
728
782
787
749
667
519
406
331
381
430
369
334
366
360
351
309
191
141
117
111
86
29
33
52
27
60
94
60
137
405
551
569
527
400
293
287
276
319
459
468
595
779
830
1829
1351
1489
1623
1537
1503
1504
1350
1221
1029
865
727
794
850
1019
1170
1338
1298
1368
1365
1462
1428
1477
1580
1477
1301
1216
1120
952
821
790
633
552
411
267
128
58
232
225
65
175
161
102
110
108
90
126
108
126
151
149
201
112
136
32
166
52
103
238
80
25
38
48
90
89
119
168
207
188
193
151
125
179
364
169
282
179
56
88
87
71
50
60
62
135
170
266
287
199
138
184
256
90
196
235
197
227
253
400
395
352
317
254
180
220
441
478
349
697
481
452
411
425
663
699
911
1105
1305
1466
1746
2005
2280
2576
2904
3222
3436
3661
3907
4264
4381
4475
4798
5061
5117
4964
4804
4663
4573
4306
4032
3737
3448
3201
2832
2494
2137
1937
1714
1439
1004
432
115
370
980
1687
2226
2698
2948
3214
3401
3716
3942
4126
4404
4673
4876
4953
4924
4765
4655
4816
5103
5119
4957
4727
4329
4174
3979
3628
3355
3267
2917
2682
2420
2152
1972
1881
1797
1712
1589
1422
1221
1230
1276
1135
1029
991
920
869
764
554
343
314
344
395
475
668
1126
1740
2089
2059
1691
1266
1237
1590
1810
1804
1688
1717
1685
1615
1524
1613
1934
2448
2829
3173
3575
4242
4507
4345
4571
4408
4455
4398
4366
4370
4267
4141
4084
4392
4629
4662
4735
4664
4674
4444
4098
3599
3052
2767
2572
2375
1734
784
933
1296
1867
2338
2743
3117
3350
3494
3507
3676
3695
3533
3364
3263
3210
3063
2968
2787
2515
2204
1882
1441
1070
651
363
272
319
619
946
1288
1646
1877
2118
2333
2505
2660
2690
2747
2640
2583
2521
2473
2258
2171
2046
1874
1624
1410
1094
844
489
211
85
182
448
789
1144
1500
1804
2079
2273
2485
2678
2777
2863
2913
2943
2945
2955
2966
2922
2895
2915
2860
2760
2688
2497
2285
2154
2001
1701
1258
860
485
406
711
1293
1822
2266
2651
3041
3386
3733
4034
4272
4459
4612
4853
4961
5054
5083
5048
4871
4681
4452
4163
3858
3624
3462
3575
3544
3039
2434
1722
1291
1270
1526
1648
1549
1197
1036
1313
1552
1682
1600
1477
1381
1257
1137
914
715
526
352
333
563
937
1192
1431
1625
1893
2212
2467
2538
2570
2661
2622
2593
2525
2469
2338
2011
1738
1420
1056
753
535
379
313
363
453
603
705
913
998
1171
1328
1475
1510
1699
1846
1978
2205
2429
2595
2806
3003
3176
3368
3505
3685
3838
4008
4233
4323
4427
4450
4479
4442
4270
4103
3787
3509
3266
2944
2606
2286
1903
1471
1021
638
181
52
168
492
875
1264
1605
1993
2254
2526
2756
2989
3158
3316
3434
3531
3591
3563
3587
3516
3433
3302
3223
3095
2975
2863
2775
2597
2534
2379
2268
2157
1955
1709
1535
1217
901
581
347
280
336
514
673
832
1033
1924
1325
1430
1582
1648
1710
1822
1811
1821
1833
1759
1695
1564
1478
1234
1062
763
425
112
19
117
447
799
1127
1439
1633
1839
2034
2148
2189
2197
2223
2149
2037
1837
1624
1364
1167
820
514
241
139
110
188
398
550
752
939
1101
1306
1505
1673
1807
2026
2145
2343
2466
2530
2526
2528
2472
2389
2246
2048
1798
1547
1204
743
342
137
70
337
682
1005
1327
1629
1906
2162
2371
2572
2638
2800
2905
2954
3018
2928
2899
2814
2652
2488
2282
2083
1918
1710
1506
1253
1066
779
557
324
159
70
130
245
444
589
877
1166
1432
1663
1892
2256
2688
3072
3528
3928
4291
4590
4839
4857
4765
4664
4492
4353
4197
3933
3717
3464
3161
2828
2466
2047
1582
1097
589
273
205
444
864
1279
1825
2279
2677
3002
3223
3503
3826
3956
4120
4160
4213
4322
4398
4373
4211
4056
3899
3662
3442
3153
2862
2514
2221
1894
1762
1741
1517
1332
1167
908
620
314
369
847
1286
1692
2019
2244
2288
2177
2412
2689
2975
3240
3400
3439
3344
3242
3151
3019
2830
2585
2262
1972
1541
1134
692
301
168
311
596
860
1178
1366
1591
1731
1835
1973
2044
2128
2092
2062
2001
1849
1713
1507
1363
1229
1174
1331
1668
1977
1640
1802
1863
2127
2824
3277
3782
3958
4228
4389
4580
4195
3612
3044
2534
1667
925
551
386
326
293
252
250
361
441
446
455
416
350
244
182
102
84
57
60
80
115
206
245
207
151
104
48
37
23
14
17
29
48
58
32
42
129
237
334
473
495
491
537
589
701
663
481
181
106
150
135
103
374
446
429
302
158
144
478
642
617
338
213
150
143
141
148
193
233
231
201
209
146
84
90
75
70
71
94
151
220
219
245
187
97
36
43
37
48
117
263
397
516
632
754
938
1079
1208
1269
1356
1417
1522
1628
1547
1631
1644
1700
1744
1768
1763
1663
1431
1228
1029
929
690
493
285
299
475
768
1104
1354
1681
2150
2512
2690
2789
2779
2812
2809
2702
2569
2518
2530
2567
2603
2472
2211
2025
1813
1678
1657
1827
2089
2441
2836
3215
3747
4230
4835
5332
5789
6165
6362
6512
6791
6842
6754
6729
6669
6561
6424
6235
6179
6072
5936
5757
5796
5981
5945
5927
5592
5414
4878
4554
4115
3498
2881
2681
2572
2404
2015
1535
1286
1494
1715
2031
2464
2815
2940
3119
3454
3768
3990
4011
3959
3892
3841
3722
3667
3527
3428
3338
3311
3188
2986
2729
2383
2002
1654
1264
749
455
576
876
1128
1457
1698
2036
2308
2606
2818
2903
3066
3126
3148
3128
3019
2921
2731
2574
2382
2128
1832
1463
1061
648
396
219
215
354
562
834
1066
1302
1502
1693
1812
1926
2076
2185
2314
2436
2518
2591
2659
2729
2721
2766
2639
2513
3956
2384
2206
1998
1705
1314
891
549
429
423
372
684
986
1232
1435
1634
1835
2127
2340
2560
2714
2820
2895
2911
2874
2826
2891
2937
2960
3012
3043
2911
2902
2767
2609
2436
2331
2078
1915
1614
1285
786
295
118
298
691
1038
1302
1649
1991
2322
2597
2850
3117
3307
3487
3656
3727
3784
3781
3798
3797
3748
3717
3624
3509
3418
3339
3234
2943
2682
2289
1908
1435
934
403
199
490
959
1604
2126
2610
3166
3747
4322
4702
5154
5429
5536
5633
5615
5653
5550
5395
5181
4914
4788
4584
4243
3966
3774
3539
3182
2669
2128
1884
1678
1471
1238
998
868
632
431
368
312
395
630
738
873
1002
1088
1324
1629
1953
2216
2482
2789
3204
3492
3696
3988
4231
4454
4675
4984
5266
5393
5488
5534
5538
5505
5211
4961
4632
4327
3863
3372
2851
2167
1388
740
693
1016
1478
1991
2428
2941
3439
3854
4235
4495
4737
4935
5029
5036
5083
4969
4785
4481
4247
3888
3604
3416
3252
2886
2263
1804
1444
1073
723
527
452
401
546
712
944
1113
1162
1197
1259
1446
1467
1470
1468
1351
1438
1826
1909
2161
2288
2066
2009
1648
1596
1824
1880
2071
2133
2050
1738
1711
1476
1297
1217
1138
1107
1098
1071
912
698
475
328
314
313
316
357
277
111
28
37
72
120
151
118
89
72
43
40
74
128
155
129
87
102
103
157
245
373
512
637
765
860
994
976
1014
983
930
823
917
922
540
272
254
483
662
951
1007
1007
1096
1172
1138
1158
1161
1060
1021
828
752
587
436
1527
827
927
1067
1066
1092
1290
1552
1801
1858
1871
1657
1361
988
461
308
287
313
306
349
377
327
238
184
170
182
199
208
246
309
331
273
305
306
351
451
484
439
379
257
124
81
122
209
233
303
405
460
462
461
371
240
135
114
146
176
196
205
131
104
111
254
331
305
209
177
160
171
148
178
214
273
290
307
265
189
266
341
133
41
225
283
144
133
190
214
167
95
71
41
23
33
60
82
109
115
80
61
28
28
77
88
80
73
70
27
36
100
154
216
260
256
238
216
139
172
284
359
370
441
438
451
421
329
278
309
337
388
379
309
217
102
52
70
108
128
115
135
129
175
274
374
406
492
526
445
396
338
309
290
256
241
182
171
322
315
285
244
220
180
100
37
2
4
32
70
87
88
83
71
24
15
104
269
249
208
155
127
95
54
43
60
23
20
57
88
124
141
85
38
164
274
183
155
119
104
74
101
135
196
275
324
317
320
326
384
396
278
188
122
82
154
162
245
310
286
288
374
342
431
537
1051
364
257
336
260
204
130
154
230
266
286
333
304
149
98
253
355
247
103
94
97
50
47
64
67
65
83
115
157
165
130
208
341
384
390
367
429
486
529
535
454
394
407
435
453
535
458
178
406
972
1057
1126
1252
1201
1167
1087
1000
870
664
470
376
432
473
603
724
722
660
628
592
670
849
1052
1086
1150
1418
1689
2007
2277
2623
2941
3236
3510
3768
3987
3953
3851
3636
3517
3520
3544
3491
3427
3282
3104
2979
2848
2821
2750
2640
2420
2095
1800
1446
1138
864
609
522
713
1010
1525
1991
2304
2555
2776
2981
3217
3404
3495
3603
3653
3743
3825
3827
3851
3861
3798
3703
3544
3313
3136
2810
2431
2023
1598
1225
846
478
78
44
266
626
1034
1500
1978
2505
2922
3262
3488
3724
3953
4091
4203
4239
4301
4373
4415
4478
4465
4483
4455
4392
4296
4191
3996
3806
3406
2955
2426
1933
1312
617
238
659
1296
1991
2747
3274
3676
3936
4127
4395
4417
4529
4617
4687
4688
4679
4688
4691
4771
4791
4758
4715
4753
4630
4345
4118
3824
3575
3328
2963
2725
2579
2377
2135
1824
1545
1268
1015
771
605
598
804
1102
1333
1600
1860
2175
2422
2720
3019
3269
3480
3633
3671
3741
3839
3887
3900
3859
3865
3818
3738
3898
4146
4399
4560
4479
4334
4104
3806
3413
2967
2439
1781
1047
426
444
934
1620
2319
2942
3451
3914
4305
4629
4915
5051
5090
5032
4935
4823
4649
4430
4238
3955
3623
3236
2923
2640
2423
2226
2132
2017
1634
1144
960
798
767
1075
1292
1261
983
970
1168
1354
1521
1593
1550
1529
1379
1234
1149
1053
938
787
653
489
376
299
392
481
708
1050
1435
1643
1663
1546
1339
1149
928
786
634
511
388
340
243
193
179
236
418
561
730
996
1169
1414
1570
1712
1852
1972
2032
2100
2100
2127
2113
2086
1989
1936
1818
1689
1512
1276
1004
710
365
170
170
342
619
941
1240
1501
1751
1923
2026
2115
2205
2293
2331
2389
2429
2380
2324
2247
2157
2061
1902
1685
1608
1387
1250
1052
903
762
722
658
737
824
888
954
1137
1319
1354
1305
1118
836
690
632
579
476
400
349
295
279
251
239
239
202
257
277
258
255
379
540
729
968
1254
1527
1854
2233
2545
2839
3159
3502
3885
4095
4257
4279
4269
4243
4211
4269
4160
4076
3845
3579
3406
3326
3294
3233
3146
3125
3087
2881
2685
2482
2109
1780
1559
1239
938
587
236
224
613
1079
1535
2096
2550
2994
3442
3752
4057
4247
4379
4469
4537
4592
4549
4551
4532
4506
4350
4297
4186
4077
3812
3491
3111
2681
2340
2150
1871
1602
1303
1006
901
855
804
728
633
522
483
380
344
266
201
251
237
163
232
291
161
28
39
43
54
72
113
165
589
346
305
404
459
627
858
1156
1426
1707
2050
2326
2695
3080
3336
3474
3506
3671
3989
4219
4456
4618
4643
4760
4951
4967
4942
4987
4999
5048
5027
4963
4638
4294
3913
3449
3074
2741
2346
1893
1586
1172
841
364
129
233
521
856
1258
1513
1746
2003
2231
2352
2470
2494
2507
2518
2454
2435
2408
2459
2537
2882
3229
3393
3454
3419
3420
3416
3456
3406
3301
3026
2555
2119
1703
1357
919
469
153
202
526
979
1292
1533
1893
2390
2809
3132
3365
3667
3898
4081
4215
4291
4459
4499
4365
4274
4022
3606
3187
2861
2443
1984
1486
1155
914
838
859
976
1090
1287
1529
1811
2185
2727
3321
3919
4551
4967
5392
5844
6225
6375
6350
6435
6534
6588
6591
6474
6338
6080
6018
5806
5456
4956
4669
4405
4035
3892
3919
4053
3842
3573
3206
2892
2424
1834
1520
1311
1104
644
763
761
669
924
1247
1294
1372
1352
1344
1328
1247
1201
1278
1338
1251
1309
1335
1694
1635
1886
1782
1622
1732
2052
2422
2770
3120
3546
3983
4290
4459
4619
4899
4949
5010
4740
4429
4182
3985
3773
3433
3060
2650
2285
2028
1940
1545
972
1176
1324
1427
1510
1700
1919
2136
2295
2413
2583
2779
2937
3109
3211
3351
3579
3590
3580
3437
3211
3162
3194
3207
3056
2649
2129
1622
1255
871
589
384
304
331
568
858
1158
1412
1635
1873
2049
2218
2442
2554
2729
2802
2860
2936
2894
2960
2906
2939
3028
2997
2946
2927
2926
2896
2767
2579
2438
2240
2004
1707
1353
1028
630
266
50
188
515
890
1228
1577
1848
2045
2164
2405
2593
2771
2845
3032
3106
3184
3289
3345
3526
3627
3641
3710
3764
3743
3740
3663
3559
3424
3338
3230
3102
2979
2876
2835
2775
2631
2473
2321
2121
1868
1655
1446
1314
1217
1068
1069
1173
1235
1237
1130
1125
1138
1232
1357
1279
1087
888
751
644
621
522
412
295
302
308
274
270
247
274
202
181
171
191
227
258
474
476
588
727
769
835
985
1081
1145
1179
1339
1386
1466
1475
1630
1797
1963
2154
2302
2513
2769
3077
3358
3715
4009
4335
4654
4856
4977
4978
4886
4806
4628
4550
4433
4162
3891
3502
3125
2790
2536
2315
2090
1912
1831
1677
1570
1425
1107
555
334
149
218
354
405
387
453
432
530
656
774
899
1147
1378
1677
1965
2163
2430
2651
2960
3251
3471
3627
3692
3741
3902
3992
3966
3884
3851
3737
3673
3602
3572
3558
3538
3527
3445
3405
3311
3196
2998
2828
2609
2343
2096
1806
1517
1297
1073
984
1112
943
840
746
721
692
678
524
393
269
268
251
196
137
124
110
135
137
170
273
222
203
247
208
233
235
229
282
418
528
714
863
973
1027
1065
1183
1350
1534
1684
1853
2054
2326
2608
2986
3448
3789
4069
4499
4965
5123
4985
4828
4665
4559
4427
5671
3379
3096
2808
2480
2178
1922
1662
1317
1041
731
436
234
140
277
506
655
836
976
1060
1133
1170
1172
1196
1132
1033
1029
897
813
640
498
359
134
28
19
96
314
500
705
804
981
1102
1175
1195
1291
1318
1284
1298
1221
1172
1082
961
846
653
410
249
58
27
55
211
327
480
686
878
978
1092
1197
1238
1316
1413
1439
1459
1425
1300
1185
1122
982
784
584
421
260
133
83
91
176
291
439
615
752
970
1023
1130
1230
1314
1382
1438
1396
1417
1401
1342
1243
1105
973
788
529
290
109
31
135
321
551
787
995
1283
1514
1624
1777
1976
2152
2252
2397
2535
2663
2780
2878
3048
3168
3371
3484
3568
3559
3626
3668
3673
3685
3551
3260
3052
2907
2717
2602
2326
2225
2065
1969
1960
1917
1826
1731
1602
1554
1382
1187
1024
807
636
539
559
734
838
799
647
428
214
215
361
642
897
1099
1035
850
947
1132
1277
1406
1559
1710
1925
2142
2372
2561
2710
2880
3047
3206
3324
3375
3324
3293
3165
2924
2581
2225
1686
1191
616
249
221
593
1035
1453
1706
1985
2225
2380
2528
2520
2549
2480
2374
2167
1969
1638
1227
943
546
283
195
208
368
602
788
1066
1265
1384
1475
1528
1558
1566
1537
1467
1350
1248
1004
847
627
371
245
140
186
342
492
609
779
912
1086
1184
1331
1451
1526
1542
1575
1547
1556
1457
1324
1122
844
649
471
321
181
156
269
421
592
758
959
1108
1254
1372
1465
1535
1620
1653
1740
1833
3004
3174
2428
2718
2865
3101
3288
3379
3418
3399
3344
3173
3086
2876
2681
2456
2041
1613
1173
663
246
156
552
1065
1582
2015
2392
2715
3045
3367
3589
3821
3963
4020
4040
4049
3924
3719
3490
3282
3067
2759
2484
2162
1770
1536
1294
1099
916
706
560
448
364
258
162
138
142
153
183
226
307
510
628
727
835
947
1044
1082
1144
1145
1162
1156
1191
1175
1236
1173
1109
1054
920
888
721
483
263
166
214
381
569
797
998
1245
1423
1588
1683
1650
1617
1487
1436
1379
1270
1191
1109
1031
987
969
842
788
702
587
475
326
216
110
55
35
49
89
102
155
230
341
533
694
868
1083
1214
1405
1627
1840
2137
2491
2897
3259
3569
3943
4293
4632
4885
5095
5023
4884
4678
4532
4435
4429
4385
4242
4148
4119
4199
4366
4310
4299
4213
4025
3827
3510
3166
2819
2451
2065
1720
1405
1125
832
594
504
510
770
1205
1655
2174
2598
3002
3361
3639
4063
4343
4516
4646
4625
4552
4430
4430
4303
4277
4294
4275
4147
4010
3741
3517
3241
3070
2854
2664
2497
2292
1980
1664
1370
1122
810
573
386
298
344
452
656
967
1173
1284
1437
1656
1770
1894
2087
2277
2424
2549
2704
2832
2899
2996
4925
3519
3449
3123
2741
2433
2272
2146
2028
1946
1752
1534
1363
1267
1243
1280
1276
1159
1101
1167
1117
1080
1040
1046
981
1054
1097
1082
931
1006
1220
1288
1289
1208
1000
822
806
767
576
433
238
200
223
327
512
757
1139
1238
1106
948
1017
1163
1173
1165
1100
1135
1097
1026
981
949
728
559
421
303
188
137
151
167
222
256
300
394
474
523
494
604
594
598
626
635
548
462
460
412
397
379
278
293
292
198
194
153
180
240
398
470
395
371
516
630
724
1098
1303
1291
1336
1259
998
488
385
534
662
641
635
663
666
515
393
439
519
499
519
446
490
567
576
476
418
436
483
597
536
520
454
559
581
708
777
831
763
578
414
306
233
148
161
210
183
195
404
585
591
436
285
211
225
260
227
198
243
305
335
353
324
313
294
342
433
480
531
594
583
618
720
836
1055
1262
1451
1663
2015
2216
2238
2267
2325
2508
2702
2893
3188
3363
3605
3866
4132
4475
4635
4875
4884
4837
4609
4417
4149
3880
3793
3599
3254
2829
2512
2279
2078
2045
1870
1581
1402
1217
802
413
276
338
520
816
1271
1763
2073
2429
2828
3212
3532
3886
4153
4451
4642
4857
4847
4848
4771
4789
4755
4735
4584
4368
4172
3886
3592
3259
2821
2368
1859
1286
788
436
286
565
905
1314
1710
2058
2402
2640
2822
2970
3174
3243
3381
3377
3385
3349
3198
3144
2957
2834
2570
2239
1880
1528
1141
663
186
15
313
829
1285
1683
1998
2272
2519
2716
2934
3025
3045
3070
3092
3026
2912
2784
2617
2464
2268
2130
1902
1685
1410
1122
858
572
406
222
308
498
732
992
1260
1488
1757
1921
2048
2150
2310
2357
2470
2514
2488
2541
2569
2532
2511
2501
2452
2353
2282
2145
1924
1768
1589
1283
1024
753
482
174
28
23
206
458
652
908
1056
1254
1341
1485
1550
1656
1609
1643
1617
1650
1649
1578
1533
1449
1402
1323
1250
1121
987
818
704
463
253
98
47
31
101
280
503
722
881
1071
1310
1468
1617
1671
1735
1789
1789
1854
1807
1681
1632
1465
1341
1107
944
643
382
176
80
60
212
383
642
885
1044
1303
1385
1532
1558
1565
1570
1574
1485
1434
1355
1281
1137
1091
901
781
609
369
167
14
1
17
135
343
573
787
960
1125
1273
1376
1479
1563
1615
1599
1585
1614
1660
1699
1649
1623
1593
1522
1424
1303
1162
1014
780
597
362
130
6
0
66
258
507
737
912
1134
1253
1387
1532
1639
1740
1826
1897
1944
1971
2023
1962
1926
1881
1822
1750
1584
1382
1239
994
761
476
191
3
5
146
446
742
988
1257
1484
1661
1833
1958
2122
2216
2276
2327
2272
2264
2213
2177
2119
1983
1866
2648
1420
1242
1063
822
624
377
190
59
43
126
368
608
845
1077
1241
1413
1538
1690
1781
1842
1954
2033
2072
2118
2133
2104
2108
2029
1963
1874
1782
1568
1416
1166
883
580
309
138
133
355
549
825
989
1229
1367
1570
1701
1819
1940
1993
1997
2094
2071
2092
2096
1958
1773
1629
1468
1216
982
693
339
76
136
503
914
1231
1535
1726
1920
2017
2093
2146
2223
2169
2098
2065
2013
1962
1874
1750
1656
1445
1309
1045
863
572
342
75
27
97
301
501
775
923
1126
1281
1410
1560
1572
1683
1693
1724
1676
1629
1623
1601
1566
1526
1399
1251
1147
1037
826
490
168
106
415
874
1279
1587
1883
2230
2545
2749
2954
3105
3263
3346
3394
3386
3356
3198
3048
2876
2634
2313
1914
1603
1235
744
470
427
752
1126
1606
2044
2563
2983
3225
3438
3501
3446
3442
3428
3303
3176
2973
2888
2616
2452
2303
2142
1879
1609
1289
894
480
318
385
678
1084
1438
1744
1990
2254
2497
2641
2892
3041
3166
3303
3334
3343
3262
3185
3080
2916
2740
2553
2348
2049
1594
1185
910
637
488
432
548
710
942
1117
1321
1651
1959
2133
2234
2282
2403
2422
2455
2481
2539
2584
2585
2554
2507
2476
2479
2347
2289
2117
1931
1687
1474
1122
702
336
143
120
340
707
982
1194
1414
1654
1835
1991
2134
2188
2234
2279
2352
2448
2517
2524
2567
2653
2643
2604
2485
2374
2200
2025
1766
1424
1122
746
392
169
152
371
718
991
1101
1195
1201
1292
1485
1704
1828
1963
2119
2270
2473
2601
2769
2895
3033
3150
3358
3405
3318
3247
3174
3107
3026
2828
2720
2592
2426
2236
2075
1775
1480
1138
687
356
219
278
594
996
1327
1534
1738
1913
2112
2300
2440
2552
2629
2709
2772
2907
2979
2971
3005
2894
2759
2530
2209
1891
1534
1143
775
414
116
135
397
896
1334
1724
2136
2434
2722
2986
3223
3397
3559
3581
3681
3738
3778
3875
3885
4003
3951
3919
3847
3813
3663
3479
3200
2978
2769
2476
2254
1958
1694
1488
1346
1139
888
873
748
481
245
164
358
584
855
1109
1462
1814
2273
2618
2794
3022
3178
3264
3400
3514
3708
3794
3821
3829
3788
3730
3609
3497
3337
3136
2822
2481
2142
1745
1333
852
337
44
405
969
1456
1952
2374
2737
3016
3248
3363
3452
3456
3424
3403
3302
3206
3033
2828
2642
2439
2209
2017
1861
1708
1583
1385
1227
1093
950
770
564
437
325
245
133
79
79
101
144
275
471
627
812
974
1211
1346
1609
1821
1992
2150
2298
2418
2548
2660
2749
2755
2779
2730
2788
2740
2744
2718
2738
2753
2718
2810
2832
3004
3148
3287
3485
3545
3530
3556
3422
3390
3236
3007
2843
2628
2404
2164
1907
1603
1284
914
535
146
93
483
1025
1506
2072
2465
2786
3094
3428
3582
3839
5908
4416
4522
4531
4413
4335
4193
4142
3918
3734
3462
3110
2718
2285
1834
1387
957
613
536
548
658
995
1533
1951
2467
3091
3693
4253
4720
4928
5120
5339
5561
5611
5605
5770
5842
5871
5727
5508
5285
4835
4506
4096
3917
3532
3031
2505
2267
2112
1955
1876
1503
1220
938
497
608
947
1472
1732
1743
1416
1377
1371
1364
1429
1407
1192
931
877
838
877
773
606
483
368
350
379
614
810
1058
1316
1524
1650
1670
1585
1424
1229
896
677
382
111
28
122
466
828
1129
1465
1801
2076
2262
2457
2593
2678
2688
2692
2650
2614
2625
2342
2078
1778
1524
1297
1093
788
480
184
82
54
282
537
843
1142
1436
1675
1883
2156
2337
2547
2613
2669
2675
2577
2428
2130
1779
1518
1245
922
568
225
56
237
553
962
1300
1577
1847
2128
2305
2482
2626
2736
2794
2813
2936
2979
3023
2892
2873
2824
2743
2495
2259
2060
1859
1632
1416
1000
695
353
55
12
225
644
1060
1369
1736
2035
2139
2331
2449
2521
2569
2625
2648
2756
2758
2667
2627
2567
2465
2422
2323
2223
2178
2006
1811
1536
1221
841
514
294
222
323
593
864
1146
1305
1610
1859
2144
2225
2140
2184
2255
2221
2213
2186
2207
2183
2124
2071
1925
1804
1633
1349
1136
828
440
130
35
265
784
1225
1559
1927
2199
2447
2672
2782
2898
2910
2731
2613
2391
2161
1793
1464
1207
919
581
411
351
362
345
338
302
310
337
257
371
494
589
692
757
700
695
623
663
670
510
373
273
231
528
71
63
57
99
351
576
591
529
467
356
252
185
139
170
194
144
115
83
53
54
118
159
150
119
91
32
20
14
23
23
38
22
31
31
25
17
47
40
50
52
22
23
10
8
1
6
3
7
1
7
10
13
31
41
65
83
76
94
104
117
156
163
127
115
92
66
31
1
3
11
28
16
6
26
24
82
124
139
124
194
225
276
349
452
584
731
836
978
1066
1159
1165
1282
1257
1269
1173
1140
952
824
648
480
243
119
20
4
5
62
223
386
595
731
923
1050
1260
1352
1539
1612
1698
1826
1883
1972
1967
1971
1951
1875
1701
1541
1375
1060
823
501
279
66
1
51
290
587
901
1184
1464
1670
1893
2035
2209
2369
2466
2600
2613
2700
2695
2769
2751
2715
2696
2556
2436
2245
1993
1756
1485
1202
854
488
128
33
145
460
792
1115
1419
1658
1873
2091
2265
2388
2507
2597
2636
2656
2671
2613
2580
2471
2260
2121
1894
1670
1404
1173
888
528
236
66
22
177
507
918
1260
1643
2114
2572
2845
3268
3664
3833
3928
3984
3828
3677
3589
3548
3490
3435
3312
3128
2866
2456
2252
2074
1695
1333
1005
560
130
148
341
717
1030
1367
1630
1894
2101
2213
2313
2316
2374
2371
2389
2370
2282
2165
2081
1957
1788
1568
1373
1085
841
512
259
163
192
352
588
815
1024
1259
1432
1548
1670
1814
1886
1968
2062
2123
2106
2053
2133
2213
2237
2137
2020
1943
1899
1855
1802
1729
1653
1490
1300
1140
924
755
576
401
249
171
178
319
418
592
750
919
1036
1179
1315
1459
1541
1661
1738
1808
1870
1910
1902
1874
1886
1918
1938
1883
1823
1711
1624
1537
1490
1350
1192
998
803
541
323
109
55
244
509
842
1137
1424
1712
1996
2225
2400
2638
2803
3001
3235
3410
3605
3755
3801
3810
3874
3851
3771
3674
3683
3492
3398
3306
3080
2868
2548
2229
1969
1683
1453
1265
1042
900
681
489
293
203
164
280
542
842
1134
1453
1853
2115
2473
2780
3078
3322
3575
3718
3815
3852
3933
4082
4224
4331
4355
4398
4348
4265
4177
3993
3768
3513
3372
3222
3158
2990
2884
2731
2553
2521
2429
2259
2107
1888
1610
1294
913
534
217
73
216
525
867
1145
1419
1681
1898
2060
2155
2294
2384
2492
2624
2768
2686
2769
2836
2829
2901
2912
2957
3041
3066
3121
3144
3185
3271
3280
3287
3280
3218
3218
3164
3124
3017
2888
2763
2605
2439
2264
2039
1844
1603
1326
1087
744
418
134
27
173
614
1150
1607
2068
2408
2723
3189
3535
3746
3916
3994
4126
4267
4414
4564
4686
4824
4867
4902
4828
4878
4846
4780
4649
4625
4494
4318
3985
3734
3444
3248
2968
2681
2484
2223
1800
1259
908
714
619
602
668
808
1020
1331
1677
2090
2479
2696
2985
3263
3524
3724
3945
4179
4272
4301
4333
4343
4352
4369
4248
4108
4041
3842
3701
3538
3312
3037
2826
2614
2344
2033
1701
1403
1123
888
712
488
283
175
127
232
341
460
588
787
924
1094
1286
1517
1662
1852
2050
2186
2327
2381
2488
2559
2576
2616
2690
2682
2699
2685
2627
2585
2466
2295
2137
1926
1701
1400
1155
888
580
375
270
332
479
686
890
1041
1219
1312
1407
1568
1626
1795
1861
1926
1998
1951
1918
1835
1716
1638
1537
1424
1220
1039
814
540
352
166
128
221
427
766
1027
1347
1619
1986
2251
2560
2883
3274
3619
3932
4079
4190
4297
4391
4349
4357
4263
4168
4153
4181
4034
3796
3482
3142
2750
2453
2243
2000
1806
1684
1502
1169
882
758
652
836
1064
1297
1369
1501
1828
2359
2825
3272
3689
3955
4062
4229
4420
4592
4820
4998
5186
5211
5293
5415
5496
5558
5466
5443
5324
5198
4905
4659
4416
4169
3902
3493
3074
2660
2165
1626
1089
663
431
415
683
1235
1823
2403
2798
3079
3370
3656
4042
4332
4557
4769
4885
5059
5252
5432
5517
5473
5359
5270
5129
4963
4804
4520
4269
4050
3827
3641
3500
3264
3005
2780
2538
2156
1960
1828
1697
1512
1195
928
1015
1515
1047
1377
1750
2188
2711
3128
3428
3848
4151
4437
4778
4876
5036
5203
5210
4999
4825
4699
4581
4464
4182
3918
3733
3450
3167
2777
2465
2126
1955
1890
1571
1123
750
520
432
619
911
1242
1424
1311
1252
1241
1562
1758
2028
2356
2678
3032
3262
3480
3739
3959
4209
4376
4539
4712
4751
4805
4832
4584
4392
4204
4013
3914
3878
3859
3638
3401
3043
2743
2438
2155
1852
1633
1250
887
686
567
557
562
588
792
939
1191
1470
1712
1944
2205
2477
2764
2940
3273
3505
3822
4129
4399
4671
4872
5012
5051
4956
4897
4917
4870
4703
4493
4418
4322
4169
4098
3898
3614
3420
3243
3026
2807
2485
2104
1605
1228
880
601
323
356
454
674
869
1046
1165
1353
1507
1711
1844
1986
2087
2222
2383
2685
2992
3229
3386
3578
3750
3922
4211
4384
4706
4874
4949
4869
4748
4611
4456
4311
4108
3822
3483
3049
2587
2040
1525
1040
650
505
556
791
1083
1454
1794
2167
2428
2604
2798
2987
3150
3248
3328
3419
3395
3354
3413
3395
3338
3353
3340
3139
3056
2885
2667
2446
2246
1946
1595
1270
994
614
292
134
202
459
758
1039
1307
1584
1790
1939
2100
2310
2481
2760
2920
2965
3009
3079
3095
3168
3263
3272
3361
3329
3380
3354
3496
3645
3692
3784
3971
4170
4165
4146
4078
3961
3760
3411
3013
2603
2098
1654
1341
972
616
535
993
1522
1933
2088
1978
2398
2847
3327
3770
4373
4745
5157
5483
5883
6081
6105
6042
5960
5897
5792
5891
5833
5698
5687
5567
5474
5279
5005
4748
4487
4309
4044
3694
3404
3074
2700
2323
1855
1546
1456
1182
691
360
431
712
1152
1614
2145
2625
3052
3290
3568
3926
4111
4322
4481
4789
4985
5214
5389
5672
5802
5846
5757
5667
5659
5562
5546
5440
5461
5290
5094
4786
4607
4324
3929
3285
2569
2018
1508
1057
631
709
969
1057
1128
1301
1475
1562
1592
1657
1683
1669
1562
1403
1224
1008
798
588
482
390
231
204
219
249
387
535
692
844
971
1094
1163
1141
1035
997
850
732
569
444
364
394
576
916
1256
1574
1838
2086
2297
2476
2629
2752
2882
3024
3019
3150
3203
3398
3459
3411
3389
3373
3401
3496
3487
3672
3695
3979
4176
4184
4184
4194
4131
3967
3725
3460
3260
3012
2699
2163
1659
1346
871
430
789
1365
1710
2281
2809
3248
3742
4036
4248
4390
4632
4914
5256
5396
5517
5626
5737
5741
5700
5790
5762
5655
5426
5318
5091
4653
4267
3756
3182
2667
2113
1757
1505
1273
1248
964
726
709
664
501
389
389
364
479
476
414
415
333
243
184
148
80
59
56
128
268
536
811
904
885
838
931
1069
1264
1375
1615
1873
2001
2127
2084
1936
1788
1562
1380
1074
731
390
311
620
1023
1321
1516
1743
1984
2159
2238
2341
2223
2201
2069
1872
1531
1189
861
725
41
36
145
401
663
820
935
1046
1085
1072
989
942
864
791
690
546
397
184
100
90
209
398
597
837
1144
1477
1622
1775
1896
2044
2118
2142
2043
1915
1805
1613
1399
1186
942
775
551
314
107
32
66
266
541
748
972
1161
1383
1568
1690
1809
1870
1916
1871
1848
1790
1633
1371
1130
855
530
300
182
307
514
700
902
1051
1223
1303
1364
1373
1396
1393
1283
1229
1082
926
781
638
522
440
354
390
429
609
762
862
881
860
880
907
921
962
988
1079
1070
1014
976
843
737
594
472
279
84
55
81
213
374
506
682
846
988
1112
1194
1224
1225
1172
1108
1095
975
834
721
498
333
137
54
53
134
230
424
576
739
922
1205
1367
1542
1575
1685
1702
1665
1620
1568
1479
1368
1308
1188
1010
863
600
390
184
101
137
264
429
575
735
867
1027
1152
1271
1359
1403
1500
1509
1487
1468
1330
1258
1146
999
830
654
509
311
186
129
77
120
218
332
448
542
671
752
851
959
1017
1116
1208
1185
1248
1232
1225
1223
1193
1076
1038
880
803
649
482
338
229
202
196
228
322
471
593
708
865
1019
1176
1339
1506
1621
1653
1752
1774
1773
1694
1601
1497
1355
1172
997
782
583
289
126
33
112
282
432
701
917
1161
1294
1485
1611
1756
1859
2000
2145
2171
2185
2217
2272
2289
2284
2236
2103
1943
1754
1513
1208
881
533
318
186
126
289
658
904
1268
1524
1706
1929
3200
3261
2205
2295
2234
2169
2033
1872
1668
1542
1326
1165
966
787
614
567
542
524
619
738
925
1134
1425
1748
2087
2394
2569
2714
2841
2953
3097
3177
3165
3153
3140
3083
2987
2816
2594
2432
2169
1888
1573
1225
916
564
311
157
225
392
763
1036
1300
1569
1773
1984
2135
2233
2321
2396
2431
2470
2476
2414
2377
2308
2211
2069
1909
1754
1503
1221
998
718
422
175
37
91
325
543
755
1004
1151
1355
1544
1691
1846
1922
2008
2060
2071
2108
2104
2046
2007
1971
1935
1809
1612
1464
1349
1186
1005
792
659
432
243
59
14
46
226
485
686
957
1227
1513
1753
2025
2213
2441
2577
2667
2717
2803
2901
2950
2912
2799
2611
2387
2251
2054
1848
1561
1243
896
571
272
173
285
478
694
945
1211
1531
1951
2255
2413
2610
2920
3298
3728
3925
3689
3314
3194
3122
3062
2913
2819
2588
2513
2317
2048
1774
1537
1303
994
661
320
100
139
475
795
1145
1511
1846
2144
2421
2721
2936
3165
3282
3352
3509
3601
3628
3482
3197
2849
2484
2103
1797
1632
1448
1045
635
492
560
858
1369
1800
2197
2434
2730
3039
3421
3831
4022
4021
3834
3579
3442
3373
3224
3044
2836
2594
2364
2149
2032
1871
1694
1554
1396
1298
1769
927
628
416
339
335
338
323
441
529
664
686
774
864
1019
1164
1383
1563
1707
1794
1937
2027
2090
2134
2152
2084
2020
1854
1505
1141
785
439
441
792
1336
1788
2329
2724
3008
2993
2994
2981
3258
3580
4010
4417
4524
4473
4214
3954
3500
3036
2526
2023
1627
1359
1189
1041
907
813
651
720
753
735
706
759
902
1017
1135
1247
1316
1327
1308
1179
1136
1092
1180
1122
1093
1086
1039
955
916
828
761
740
700
582
460
376
311
241
276
401
451
484
521
498
489
442
333
232
154
110
112
100
79
38
40
94
185
345
421
531
596
672
694
699
720
657
622
540
404
383
262
201
140
114
162
224
305
350
392
418
468
473
552
585
554
562
493
442
455
412
386
415
447
463
512
476
416
440
441
486
600
627
625
638
667
680
645
628
612
579
499
406
334
204
154
112
95
94
97
129
192
288
414
498
624
656
568
645
792
750
670
557
453
328
252
235
158
81
95
140
284
450
698
854
1054
1403
1684
1938
2232
2449
2592
2786
2979
3194
3398
3575
3751
3790
3906
3974
3899
3827
3608
3393
3248
3191
3061
2897
2746
2524
2204
2032
2079
2184
2279
2199
2158
2020
1679
1203
823
393
308
306
287
240
253
243
378
608
954
1159
1549
1915
2422
2894
3336
3867
4437
4882
5229
5369
5460
5693
5754
5784
5710
5613
5442
5268
5081
4931
4750
4655
4631
4564
4464
4290
4095
3815
3663
3408
3261
3001
2983
2945
2884
2844
2804
2553
2469
2566
2652
2831
2997
3081
2992
2646
2237
1726
1761
1847
1989
2005
1677
1728
1782
1554
1631
1918
2116
2219
2073
2525
2186
2033
1742
1427
1075
851
587
1000
1390
1500
1694
1615
1658
1677
1664
1557
1304
908
827
953
938
981
885
793
663
671
646
974
1072
1219
1364
1253
1030
1245
1535
1700
1422
1172
1023
911
864
757
627
535
614
1130
1453
1485
1435
1507
1653
1911
2061
1997
1964
1973
1886
1689
1465
1185
982
737
537
345
273
322
524
635
697
763
960
1278
1537
2111
2654
3193
3650
4256
4911
5200
5353
5522
5691
6155
6169
5558
5005
5301
5434
5282
5292
5546
5816
5871
5660
5906
5820
6052
6241
5985
5592
5097
4588
4321
3827
3428
3131
2452
1867
1435
1292
1299
1298
1419
1600
2071
2499
2786
2560
2649
2962
3066
3527
4277
4732
5054
5440
5604
5655
5800
5791
5798
6004
6209
6271
6401
6485
6448
6256
5956
5765
5541
5442
5005
4810
4610
4259
3824
3400
2918
2476
1955
1464
1066
843
784
736
562
345
405
584
759
927
1206
1312
1528
1907
2181
2380
2158
2202
2218
2194
1917
1830
1923
1731
1509
1200
741
569
803
1178
1410
1469
1601
1667
1757
1774
1844
1801
1651
2218
1048
812
619
467
374
336
296
253
217
288
365
523
629
800
899
995
1165
1424
1533
1639
1870
2043
2240
2469
2685
2908
3029
3056
3156
3163
3208
3191
3121
3073
2951
2909
2834
2757
2711
2598
2183
1758
1572
1378
1162
924
885
871
1062
1260
1778
2310
2774
2968
3126
3323
3596
3872
4034
4120
4141
4032
3840
3596
3322
3021
2788
2544
2200
1980
1694
1480
1250
1055
834
1061
1751
2221
1993
2004
1716
1873
1999
2002
2125
2076
2058
1924
1754
1487
1524
1884
2356
2738
3196
3640
3489
3332
2694
2265
1971
1292
1473
1772
1665
1661
1568
1473
1482
1599
1793
1942
2261
2478
2410
2173
1977
1737
1371
895
357
847
1230
1619
1927
2545
2969
3245
3304
3134
2819
2613
2203
1355
1481
1579
1731
2041
2399
2626
2564
2432
2278
2127
1603
905
874
824
743
607
826
952
1052
1075
940
772
537
383
299
288
255
267
294
348
343
417
580
700
719
781
813
824
811
756
708
661
527
382
309
195
169
166
266
386
408
443
406
469
537
581
636
606
500
555
592
547
501
453
445
394
378
403
333
312
285
308
354
402
494
536
613
626
792
907
966
1034
1059
949
716
555
413
500
483
362
203
83
86
180
279
396
492
508
525
590
681
781
840
920
951
996
985
921
913
897
822
906
873
759
678
560
471
386
311
196
128
90
94
95
148
255
315
393
502
561
657
720
807
845
905
889
877
811
705
596
453
364
279
220
160
175
172
210
253
334
447
523
646
792
911
1020
1123
1184
1180
1221
1220
1232
1154
1074
910
791
695
541
389
264
154
90
29
16
28
67
152
263
457
644
757
919
1023
1122
1175
1304
1406
1408
1378
1357
1401
1456
1425
1513
1671
1799
1940
1881
1814
1646
1506
1429
1424
1329
1237
1138
1114
1107
1014
873
686
544
370
265
232
343
467
396
384
427
551
698
862
954
1064
1099
1020
1037
936
867
806
730
697
601
416
241
75
59
105
155
223
241
275
351
421
458
467
489
492
518
501
472
303
354
575
567
357
238
185
216
214
180
179
264
283
305
299
386
466
582
960
1707
2075
2173
1900
1631
1462
1299
1052
942
853
862
955
887
498
630
873
696
514
560
620
678
732
693
643
631
640
588
561
474
352
364
480
530
432
330
433
492
490
578
605
606
698
715
673
490
172
187
421
586
539
534
676
809
955
1145
1241
1399
1419
1290
1204
998
870
762
650
492
451
436
439
376
403
593
824
1009
1217
1350
1526
1619
1694
1759
1707
1599
1499
1290
1011
716
519
475
667
871
965
1250
1488
1669
1843
3111
2013
1758
1591
1370
1357
1224
1181
1059
871
616
375
330
433
454
586
803
951
1090
1245
1392
1690
1986
2148
2378
2567
2675
2660
2618
2656
2738
2672
2590
2584
2462
2266
2258
2185
2127
2138
1969
1792
1677
1534
1406
1172
902
534
481
462
528
635
955
1299
1698
1980
2207
2449
2680
2860
3114
3342
3496
3721
3754
3683
3652
3610
3354
3077
2768
2510
2238
2019
1911
1870
1716
1608
1340
981
711
682
645
811
1233
1674
2073
2518
2962
3344
3762
4124
4387
4694
4839
4907
4834
4766
4576
4444
4409
4462
4507
4380
4231
4063
3785
3566
3411
3085
2593
2303
1844
1381
952
420
230
461
900
1336
1699
1983
2389
2829
3087
3268
3384
3558
3806
4074
4250
4359
4504
4532
4494
4441
4379
4328
4205
4174
4078
3955
3940
3762
3544
3219
2706
2261
1886
1624
1404
1232
1180
1141
1114
1070
1097
1149
969
936
813
686
740
717
792
998
1266
1639
1779
1716
1579
1735
2007
2113
2365
2515
2528
2501
2712
2790
2702
2535
2292
2010
1726
1414
1037
644
239
151
346
714
1127
1525
1853
2091
2332
2484
2534
2429
2367
2196
2017
1975
1880
1778
1646
1438
1176
953
660
485
318
172
201
380
468
657
722
850
976
1104
1248
1271
1307
1260
1128
910
663
564
393
199
70
69
58
121
226
437
613
716
805
911
1008
1104
1202
1217
1272
1284
1181
1111
952
720
604
442
267
235
224
257
297
364
428
552
719
781
889
984
1014
1029
1031
1001
889
736
810
1725
611
468
363
336
336
323
333
382
531
649
724
868
908
935
940
910
876
853
857
808
769
736
783
830
714
520
493
551
602
505
447
462
459
487
550
643
659
646
619
639
720
828
1010
1188
1516
1797
1955
2138
2379
2580
2841
3047
3493
3903
3999
3914
4038
4027
3857
3682
3550
3584
3565
3395
3278
2982
2684
2325
1881
1465
1262
1274
1362
1337
1318
1400
1508
1515
1468
1518
1671
1871
2117
2414
2668
2989
3377
3616
3907
4059
4198
4411
4409
4352
4237
4098
3919
3858
3629
5860
2667
2239
1829
1491
1185
859
862
1311
1874
2338
2747
3145
3564
3888
4159
4323
4386
4454
4516
4828
5029
5261
5308
5276
5214
5163
5113
5077
4907
4843
4725
4494
4294
4040
3661
3252
2854
2293
1671
1258
896
751
857
1262
1803
2444
3022
3652
4222
4594
4930
5143
5400
5452
5537
5590
5472
5342
5125
5020
4969
4899
4880
4687
4393
4089
3640
3179
2726
2459
2189
1995
1822
1686
1540
1357
1205
1004
875
761
604
561
456
371
286
246
234
228
230
212
207
256
268
236
270
386
337
320
453
815
1132
1103
996
848
762
567
572
436
361
397
396
443
474
567
680
712
654
587
516
396
603
662
631
629
567
492
858
344
260
294
340
342
289
244
201
151
105
104
97
102
127
170
187
190
241
390
547
659
756
696
647
596
487
322
214
203
232
274
313
354
374
496
735
883
1081
1291
1456
1621
1626
1707
1918
2139
2407
2616
2849
3118
3369
3581
3758
3762
3794
3819
3807
3699
3538
3362
3185
3005
2839
2535
2261
1866
1451
1107
846
644
536
574
922
1421
1875
2131
2402
2646
2894
3113
3249
3376
3552
3675
3688
3546
3373
3161
2843
2500
2195
1953
1677
1413
1150
949
726
552
355
248
207
195
220
566
971
1331
1492
1638
1854
1923
2033
2200
2371
2451
2499
2488
2484
2485
2400
2280
2054
1710
1289
951
636
416
460
765
1067
1477
1963
2308
2545
2738
2793
2835
2781
2732
2656
2557
2458
2314
2194
2067
1872
1688
1473
1164
857
683
621
508
334
158
84
140
427
698
846
1165
1463
1599
1794
1887
2103
2215
2192
2104
2008
1950
1838
1646
1582
1563
1304
958
597
349
188
286
738
1066
1498
1708
1959
2187
2318
2470
2323
2011
1880
1760
1608
1508
1383
1165
968
721
540
403
334
307
318
322
340
422
516
595
719
873
1026
1218
1511
1614
1732
1914
2211
2411
2604
2638
2653
2632
2636
2574
2460
2234
1861
1517
1131
682
199
38
165
560
1007
1401
1777
2113
2462
2715
2994
3084
3287
3367
3380
3320
3184
2920
2615
2271
1908
1540
1122
860
592
481
444
613
782
1052
1285
1567
1859
2107
2396
2670
2859
3007
3075
3129
3067
2954
2827
2678
2622
2407
2124
1867
1539
1222
862
412
108
160
441
888
1270
1611
1853
2234
2455
2736
2858
2955
2942
2962
2809
2588
2346
2029
1759
1376
1183
1056
923
758
520
432
449
485
598
770
917
1109
1359
1534
1774
1928
1997
1981
1935
1827
1703
1584
1420
1247
980
701
381
124
43
225
592
987
1413
1692
1975
2203
2368
2468
2511
2568
2525
2502
2342
2143
1914
1669
1363
1102
806
587
398
273
243
289
398
601
824
1117
1339
1600
1841
2079
2306
2507
2624
2662
2723
2725
2709
2749
2749
2735
2659
2524
2253
1979
1678
1341
933
570
265
190
405
745
1182
1558
1971
2244
2470
2591
2763
2935
3027
3009
2948
2794
2585
2303
2003
1612
1180
832
639
536
387
301
286
493
831
1185
1546
1804
2158
2430
2690
2950
3092
3170
3079
2977
2962
2916
2819
2753
2538
2361
2100
1793
1495
1131
737
323
94
191
541
983
1367
1646
1919
2209
2495
2669
2766
2854
2912
2928
2951
2889
2732
2570
2306
1978
1632
1293
924
665
545
518
592
736
896
1107
1283
1501
1757
2089
2317
2471
2567
2554
2545
2491
2383
2313
2221
2050
1826
1544
1222
752
331
40
193
616
1000
1412
1775
2043
2314
2482
2614
2618
2603
2652
2863
2916
2605
2171
2811
1454
1203
979
791
735
762
856
999
982
1496
1808
1888
2046
2358
2537
2667
2713
2719
2790
2675
2690
2624
2502
2356
2131
1808
1475
1194
913
733
607
639
926
1218
1586
2145
2668
3116
3396
3601
3681
3789
3715
3605
3304
2807
2257
1688
1398
1122
717
346
246
461
856
1262
1710
2168
2671
3193
3544
3963
4070
4168
4288
4340
4319
4306
4233
4131
4020
4021
3991
4003
3974
3849
3652
3540
3348
3231
3147
2974
2827
2723
2547
2305
2138
1971
1833
1635
1419
1107
832
618
535
445
377
302
227
197
138
99
96
229
411
476
468
412
434
419
629
793
1028
1263
1427
1712
2087
2306
2463
2516
2700
2975
3275
3399
3571
3747
3900
3987
4056
4128
4150
4160
4294
4397
4560
4645
4658
4649
4580
4487
4234
3934
3582
3299
2921
2534
2016
1637
992
645
707
1046
1511
1904
2226
2558
2945
3352
3719
3732
3778
3707
3573
3451
3269
2977
2756
2690
2577
2370
2300
2008
1604
1157
780
409
339
645
984
1289
1554
1764
2009
2305
2568
2822
3046
3257
3383
3543
3656
3707
3746
3728
3572
3350
3052
2760
2495
2325
2196
2062
1898
1796
1694
1455
1251
1109
940
853
786
647
584
551
580
565
514
470
510
557
593
618
500
349
373
458
488
595
723
810
950
1075
1201
1396
1660
1885
2019
2125
2233
2278
2383
2601
2760
2906
3161
3321
3350
3343
3181
3007
2750
2340
1786
1321
803
306
201
469
856
1237
1612
1974
2256
2523
2798
2956
3169
3194
3282
3235
3217
3040
2830
2638
2410
2143
1894
1585
1312
1120
903
813
780
728
710
670
559
423
320
260
198
170
194
259
391
590
790
1000
1229
1408
1510
1670
1793
2009
2230
2423
2671
2785
2964
3064
3173
3151
3120
3080
3076
2896
2714
2520
2226
1955
1598
1288
938
487
169
116
522
906
1285
1718
2004
2370
2609
2854
3148
3385
3522
3614
3671
3670
3586
3457
3247
2972
2730
2441
2102
1770
1479
1112
898
712
604
559
431
424
513
593
709
778
895
964
1087
1139
1225
1285
1263
1315
1378
1415
1579
1668
1841
2168
2500
2729
2908
3043
3136
3140
3171
3075
3019
2895
2727
2474
2348
2151
1902
1790
1507
1229
844
479
153
73
217
628
983
1322
1640
1912
2167
2440
2650
2837
2892
3017
3104
3094
3110
3067
3107
3052
2831
2563
2239
2037
1829
1606
1355
1213
1035
842
703
622
515
364
234
127
49
21
16
22
39
103
239
358
510
652
763
926
1046
1202
1408
1505
1588
1790
1824
1982
2032
2167
2264
2403
2459
2514
2548
2531
2617
2734
2641
2595
2614
2669
2629
2529
2320
1880
1450
1024
508
108
108
527
1013
1448
1862
2273
2606
2884
3202
3396
3567
3594
3644
3572
3430
3139
2909
2666
2473
2254
1998
1702
1370
1066
835
673
523
665
207
135
140
150
255
419
577
718
886
1082
1286
1403
1583
1689
1802
1922
2077
2217
2354
2396
2430
2492
2524
2397
2284
2053
1736
1408
1112
771
453
219
103
175
459
823
1124
1399
1678
1967
2158
2390
2451
2523
2492
2499
2491
2363
2238
2152
1947
1760
1591
1450
1229
1085
900
770
636
525
433
333
255
194
139
126
129
113
102
143
182
229
291
353
411
479
543
578
631
697
801
932
1065
1178
1292
1424
1600
1705
1703
1701
1678
1661
1639
1430
1139
827
426
86
20
127
523
833
1150
1389
1552
1725
1838
1917
1985
2055
1960
1907
1823
1699
1520
1377
1208
1096
1006
936
855
786
578
464
350
230
119
49
7
40
134
271
581
928
1274
1569
1750
1878
2077
2357
2616
2839
3061
3253
3509
3634
3687
3669
3580
3493
3362
3208
3093
3018
2954
2745
2386
2045
1785
1379
936
641
541
792
1284
1733
2165
2565
2962
3345
3620
3887
4040
4204
4286
4462
4601
4563
4449
4266
4048
3786
3512
3162
2805
2417
2132
1881
1647
1350
1213
1108
939
705
509
478
528
588
594
813
1015
1099
1216
1475
1722
1938
2105
2164
2309
2343
2306
2352
2329
2399
2339
2288
2208
2059
1849
1669
1482
1316
1199
1012
881
693
539
406
307
277
258
241
190
130
84
73
60
42
51
71
130
153
153
234
256
216
256
281
412
563
664
789
782
891
1070
1282
1456
1437
1390
1377
1356
1345
1454
1847
2280
2662
2830
2638
2215
1363
1220
1624
1149
798
591
397
610
936
934
881
850
790
722
623
554
603
522
322
349
452
518
973
1167
1107
950
799
1253
1423
1197
811
932
1248
1360
1116
947
593
407
431
571
590
479
215
354
603
904
1030
957
686
594
716
655
618
538
346
220
229
363
527
599
562
371
137
114
242
318
236
194
161
133
184
249
239
192
178
126
141
156
223
323
487
606
670
620
538
509
376
367
394
410
417
470
671
800
796
776
819
819
737
549
459
770
1121
1364
1232
873
953
856
646
427
446
394
411
462
564
693
430
240
366
414
317
203
198
289
322
322
288
351
410
461
436
415
358
281
205
196
206
210
248
314
405
479
539
551
596
616
570
528
506
536
505
470
441
443
533
525
418
321
288
302
287
248
238
359
412
428
471
497
514
482
533
492
415
309
255
114
209
242
251
252
354
513
622
715
737
698
571
571
554
661
736
586
408
301
79
26
89
148
144
200
201
132
84
71
77
50
55
65
55
70
83
95
86
111
131
166
207
296
324
299
235
183
142
151
190
252
229
149
124
245
720
392
404
392
397
504
702
674
593
454
425
538
710
739
682
621
420
312
312
335
301
200
180
165
170
225
219
223
178
137
136
170
229
251
247
231
150
43
30
30
29
93
142
119
101
131
143
129
175
206
214
241
277
238
180
155
122
42
52
118
145
154
167
157
186
132
92
123
159
185
206
237
290
371
414
416
346
179
40
166
232
372
551
622
494
311
217
216
248
222
143
80
58
37
91
132
120
98
96
135
158
168
164
106
154
191
176
131
143
201
234
256
284
258
246
233
159
98
43
25
21
41
31
36
59
113
152
135
118
86467
0
0
0
0
0
0
0
0
0
0
0
0
0
0
0
0
0
0
0
0
0
0
