1123
724
2847
2962
2529
1531
686
538
512
533
21323
0
5
0
0
0
0
0
0
0
0
0
0
0
1
30
29
6
0
2
0
0
0
2
0
0
4
36
23
37
66
130
164
236
299
339
406
475
529
669
759
817
984
1039
1135
1239
1341
1401
1524
1612
1740
1825
1909
1967
2026
2057
2134
2144
2241
2350
2403
2443
2472
2491
2551
2596
2573
2685
2766
2791
2744
2840
2823
2742
2778
2789
2811
2756
2762
2741
2658
2586
2605
2590
2599
2609
2645
2584
2480
2321
2142
1960
1809
1648
1474
1313
1229
1090
1070
1094
1103
1033
940
865
784
701
677
671
608
557
505
441
325
235
185
167
180
213
261
340
368
417
582
629
631
655
697
666
659
663
697
683
668
679
634
545
580
497
374
256
243
265
225
210
157
169
237
330
329
379
519
744
887
1050
1183
1388
1542
1707
1958
2075
2157
2220
2384
2530
2623
2706
2870
3020
3079
3201
3293
3365
3389
3460
3543
3620
3643
3715
3866
4057
4214
4327
4566
4510
4537
4517
4525
4541
4601
4507
4472
4294
4000
3756
3501
3346
3252
3088
2945
2722
2404
2049
1542
1159
923
970
1282
1340
1391
1260
1216
1120
996
780
512
212
48
40
48
47
88
118
78
75
73
3
22
13
9
8
2
0
4
17
56
123
210
242
283
371
490
590
623
605
634
631
638
598
547
506
474
430
398
297
288
286
261
171
58
19
6
3
0
0
1
8
22
24
42
32
15
15
9
9
13
5
4
21
23
17
2
2
0
0
0
0
0
0
1
4
23
15
20
56
82
88
97
96
78
55
55
94
129
137
159
147
136
140
174
146
118
80
91
99
67
70
73
103
192
262
381
512
775
1096
1458
1750
1847
1882
1754
1524
1353
1269
1283
1336
1293
1283
1313
1369
1414
1456
1518
1546
1679
1755
1675
1443
1374
1532
1700
1775
1776
1550
1263
1451
1599
1387
1075
1023
934
872
1164
1354
1333
818
507
841
1391
1462
1103
1015
1124
1519
1905
1942
1733
1559
1363
1551
2080
2743
3106
3432
3663
3921
4036
4015
3953
3962
3996
3937
3906
3913
3884
3777
3780
3765
3762
3694
3709
3598
3497
3360
3191
3113
2943
2769
2584
2358
2097
1917
1714
1446
1431
1296
1203
1032
779
449
284
439
528
545
756
966
1136
1325
1340
1353
1384
1449
1558
1830
1960
2198
2645
2932
2898
3146
3189
3225
3164
3202
3055
2757
2581
2529
2556
2646
2827
2882
2917
3205
3426
3578
3726
3674
3612
3610
3523
3212
3048
3068
2862
2463
2284
2224
2205
2173
1872
1533
1433
1407
1259
1200
1269
1425
1229
930
967
976
864
694
716
752
1159
1336
1264
1122
891
775
732
725
673
1026
1386
1649
1730
1782
1918
1654
2184
1146
1235
1453
1806
1705
1416
1154
1288
1713
1997
2027
1802
1642
1693
1808
1829
2161
2928
3683
4381
4788
5572
6001
6270
5632
4768
4812
5469
6778
7428
7063
6216
4868
3675
2793
2096
1866
1813
1527
1738
2208
2836
3632
4897
5989
7332
8700
8920
8132
6825
4994
3416
2669
1957
2288
2808
2781
2274
1716
1580
1662
2348
2334
1842
1278
996
1086
1048
1072
1236
1501
1456
1179
987
899
791
608
448
369
273
367
513
779
1119
1363
1836
2113
2340
2355
2423
2432
2372
2276
2215
2145
2146
2037
2040
2025
2048
2061
2014
1951
1957
1837
1901
1924
1902
1704
1549
1400
1185
989
903
994
1082
1204
1287
1260
1097
1003
993
726
457
255
226
258
311
361
443
640
970
1381
1755
1838
1919
1886
2110
2186
2312
2408
2369
2274
2166
2140
2121
2285
2486
2463
2781
2897
2965
2952
2951
3041
3060
3146
3221
3216
3191
3230
3256
3323
3267
3310
3296
3292
3250
3301
3276
3174
3098
2871
2761
2654
2538
2429
2269
2231
2029
1874
1688
1402
1119
909
706
491
195
106
114
110
145
155
83
31
75
122
146
108
74
51
44
11
33
105
52
31
2
5
17
10
6
5
15
26
15
0
0
0
12
46
90
116
81
23
4
15
112
227
606
1079
1104
1035
1314
1477
1647
1702
2109
2338
2425
2573
3165
4090
4784
5404
5894
6418
6481
5820
4844
4027
3177
2152
1424
1148
1156
1404
1694
1686
1399
1018
689
568
581
625
696
620
480
407
385
455
687
862
1115
1377
1636
1975
2370
2801
3535
4155
5536
6479
6757
6828
6467
5652
4630
3530
2576
1852
1256
1160
1508
1703
1742
1611
1317
1051
1258
1746
2227
2699
3075
3732
4381
4856
5277
5475
5224
4351
3658
3241
2613
2049
1693
1218
1075
1120
973
758
564
472
497
685
1053
1762
2071
2373
2462
2421
2250
2155
2175
2126
2079
1904
1789
1616
1514
1472
1439
1354
1304
1157
1156
1171
1182
1076
965
943
916
891
933
843
799
719
614
564
574
580
560
547
481
441
426
382
348
317
205
115
100
135
131
45
8
13
24
44
20
14
16
10
21
31
17
9
12
0
0
0
2
3
4
18
182
460
732
933
1066
981
978
1262
1575
2344
2982
3176
3247
3044
2716
2363
2108
1912
1764
1620
1468
1481
1407
1277
1190
1100
978
898
782
636
490
370
324
258
312
526
844
1076
1172
1113
883
580
417
392
529
747
828
861
942
1094
1147
1289
1389
1401
1522
1560
1614
1905
2311
3027
3656
3790
3148
2762
3035
2715
2439
2280
2280
2207
1991
1728
1405
1063
910
798
666
543
472
425
326
250
267
359
407
375
307
222
251
246
215
258
264
253
213
204
199
174
159
146
125
153
273
567
1859
2303
3312
4186
4827
5096
4932
4617
4169
3660
3177
2787
2420
2101
2098
1992
1762
1828
1700
1574
1569
1472
1467
1574
1699
2067
2315
2667
2774
2962
3178
3540
3906
4166
4273
4435
4800
5703
6387
6947
6842
6265
5701
5214
4522
3911
3580
3300
3261
3064
2878
2772
2647
2519
2409
2460
2512
2588
2611
2451
2349
1969
1466
1050
691
549
520
472
354
300
496
996
1652
2330
2777
3060
2784
2760
2723
2178
1444
1469
1602
1706
1854
1945
1765
2171
3118
3916
4243
4186
4270
4159
3698
3259
3470
4207
4847
5878
6611
6562
5719
4697
3904
3275
3299
3552
3856
3794
3857
3825
3633
3409
3504
3437
3331
3634
3621
3389
3177
3216
3321
3569
3542
3607
3833
3626
3446
3353
3072
2620
2450
2363
2609
2402
2184
2106
1747
1324
840
924
964
768
696
834
1226
1418
1571
1369
1082
813
677
743
847
834
669
474
492
583
668
682
583
487
452
409
408
458
489
578
700
805
962
1147
1252
1302
1257
1255
1435
1620
1443
1278
1171
1212
1350
1289
1539
1689
1643
1149
1288
1566
1928
2150
2187
1825
1083
942
1012
1032
1274
1441
1536
1525
1380
1024
730
628
701
1250
1512
1650
1785
1833
1803
1732
1415
738
422
898
1493
1676
1926
1801
1646
1460
1911
2636
3826
4485
4273
3545
2835
2030
1223
671
1928
2963
3899
4620
5485
5799
5007
3812
3240
2548
1970
1435
961
939
1033
1093
1128
1171
1251
1422
1416
1290
1257
1309
1328
1387
1464
1513
1867
2150
2420
2280
1809
1421
1213
1044
888
1152
1633
1799
1351
1217
1200
1258
855
926
1068
1305
1328
1373
1282
1140
1196
1135
939
728
644
507
501
526
901
1282
1508
1557
1484
1447
1563
1725
2950
1776
1830
1935
1968
1906
1866
1714
1668
1581
1390
1055
732
846
1520
2280
2678
3245
4153
4897
5447
5507
5287
5607
6254
6291
5949
6367
6080
5344
4826
5037
4551
4201
4437
3825
2602
2047
2017
2318
2008
1504
1265
1227
1037
883
1013
1162
1238
1012
715
692
873
1164
1672
1865
1820
1721
1368
1161
1153
1161
1239
1166
1239
1387
1351
1258
1201
1172
1149
1124
1084
1088
917
694
512
382
282
383
423
460
528
630
636
560
469
339
353
296
370
480
827
1144
1375
1490
1264
1197
984
390
332
407
549
591
650
504
360
270
510
757
814
785
759
808
757
785
828
945
1130
1290
1547
1707
1807
2015
2094
2069
2128
2041
1875
1665
1451
1160
1154
1368
1791
2421
3034
3561
3705
3165
3032
2583
2385
2192
1949
1828
2168
2425
2544
2493
2418
2325
2241
2266
2315
2255
2376
2663
3020
3582
4212
4631
5104
5338
5613
5630
4973
4215
3917
3122
1928
1462
1900
1958
1921
1857
2028
1970
1876
1772
1673
1411
1361
1560
1669
1392
1185
1118
1269
1464
1637
1847
1945
1814
1718
1601
2350
1313
1249
1210
1201
1241
1201
1091
1077
1103
1192
1297
1387
1367
1311
1089
1199
1752
2070
2148
1930
1580
1181
910
722
605
615
674
649
645
652
640
652
666
694
678
662
726
765
771
820
834
939
1209
1494
1790
2207
2516
2847
2881
2930
2844
2645
2486
2510
2605
2707
2781
2792
2923
2961
2846
2661
2454
2284
2090
1960
1754
1578
1393
1003
803
604
516
714
865
938
854
723
716
748
687
421
204
373
746
933
958
898
650
726
1024
1197
1170
1094
957
827
730
749
872
899
755
610
469
350
259
191
145
32
4
3
1
3
16
34
23
10
9
23
67
75
121
157
143
163
174
207
262
311
302
287
227
228
197
142
93
81
90
44
44
49
41
43
26
28
22
12
3
0
5
4
5
9
37
97
322
898
1566
1770
1683
1476
1182
882
736
758
844
966
1094
1106
1177
1160
1109
1060
1093
1114
1148
1238
1186
1248
1333
1469
1638
1758
1720
1680
1636
1569
1444
1353
1321
1302
1289
1291
1433
1615
1753
2007
2097
2175
2197
2262
2208
2310
2272
2223
2219
2256
2152
2112
2036
2023
1936
1824
1738
1692
1645
1676
1557
1509
1676
2061
2339
2821
3228
3223
3404
3544
3011
2932
3877
5933
7824
8910
9231
8366
7047
5487
4562
4456
4152
3631
2935
1914
1384
2298
3167
4032
4471
4033
4006
4190
4495
4250
3448
2675
1925
1201
1098
1023
1049
922
967
1107
1223
1153
1167
1136
1092
1134
872
645
590
567
548
668
640
640
603
583
552
609
730
791
888
996
1020
1060
1238
1175
982
632
348
573
994
1291
1315
1076
1045
1072
1294
1514
1565
1682
1693
1871
1986
2243
2447
2600
2686
2710
2723
2663
2600
2636
2605
2577
2760
2932
3122
3253
3303
3355
3481
3555
3553
3524
3463
3327
3256
3176
2927
2769
3117
3742
4523
5599
6385
6650
6152
5653
4609
3202
2167
2979
3897
4314
3838
2862
3503
4151
4794
4668
4092
3959
3486
2409
1494
947
1858
3157
3907
4228
5798
6787
6451
5705
4394
3400
2672
2369
2008
1576
1754
1852
2011
2168
2168
2152
2133
1920
1508
1459
1197
843
791
636
849
1067
912
560
497
754
911
1087
1031
1239
1467
1453
1427
1588
1664
1369
856
444
167
354
407
306
269
194
245
239
355
402
433
468
353
189
218
413
521
609
463
161
76
128
153
196
191
176
171
151
115
84
98
141
172
91
34
12
5
19
23
53
85
130
219
385
500
680
809
917
938
884
838
850
838
824
824
780
700
658
946
1240
1322
1331
1434
1488
1462
1434
2105
2488
2406
2113
1638
1118
697
467
349
355
519
672
640
638
790
1056
1510
2021
2408
2757
2981
2948
2890
2968
3051
3041
2936
2877
3041
5012
4235
4765
5135
5403
5727
5750
5728
5217
4512
4031
3694
3471
3544
3626
3638
3644
3557
3399
3295
3211
3207
3250
3245
3196
3099
2915
2620
2291
1996
1676
1439
1116
914
696
500
403
453
587
630
788
886
931
927
968
1087
1114
1219
1349
1479
1648
1968
2130
2263
2188
2037
2041
2046
2153
2132
2192
2208
2359
2317
2316
2343
2347
2325
2382
2384
2354
2387
2396
2339
2284
2108
1991
2007
2095
1933
2089
2106
2030
2025
2196
2215
2058
1845
1578
1379
1355
1660
1958
2054
2212
2116
1965
1925
1687
1129
1117
998
908
863
994
768
698
656
693
903
1086
1114
1250
1863
2128
2166
2158
2034
2026
1867
1429
1160
992
1032
988
690
413
433
472
894
1364
1642
1724
1874
1919
2686
3648
4129
4403
4549
5097
5426
5024
5250
5198
4686
4313
3680
3193
3330
3967
5048
6525
8205
8662
8601
7840
6539
5809
5007
3944
2748
1337
930
1323
1510
1528
1979
2087
1775
1387
1491
1612
1550
1390
1293
1340
1534
1983
2186
2269
1880
1725
1761
1793
1708
1751
1683
1484
1513
1554
1538
1594
1693
1996
1865
1888
1788
1862
2102
2231
2421
2505
2333
2297
2394
2363
2244
2021
2433
2284
2090
1867
1820
1879
1914
2036
2132
2193
2465
2846
2979
3017
3240
3381
3580
4038
4359
4673
4797
4952
5066
5096
4941
4695
4371
3900
3217
2874
3326
3385
3348
2857
2149
1076
940
1438
1875
1991
2005
1868
1623
1244
1191
1078
928
1037
996
1087
1590
1460
703
585
767
970
1200
1315
1369
1413
1547
1606
1303
1487
2059
2840
3446
3917
4093
3977
3738
3307
2955
2715
2409
2065
1706
1604
2220
3671
5225
6002
6289
6323
5323
4148
3638
3156
2411
1948
1740
1862
1748
1726
1754
1754
1642
1404
1049
658
1156
1674
1826
1843
1629
2011
1621
1168
990
771
780
759
770
885
851
797
837
953
878
733
510
420
295
213
184
115
82
43
36
48
67
48
29
15
26
45
64
99
120
158
196
151
108
88
101
157
183
191
192
172
109
68
27
9
0
0
0
3
7
23
28
8
8
24
16
13
110
393
870
1290
1543
1758
2110
2452
2541
2598
2443
2121
1874
1289
750
362
334
240
198
192
268
411
477
523
437
382
403
377
350
386
453
522
538
402
410
396
361
303
260
217
193
140
132
144
185
254
252
337
382
447
521
629
689
606
638
783
899
841
910
1011
1018
994
888
702
666
663
687
717
748
919
1151
1510
1889
2793
3385
3914
4533
5067
5197
5157
4933
5012
5270
5269
5360
5456
5781
5362
4448
4154
3752
3088
2673
2470
2410
2356
2210
2123
2011
1968
1990
2036
1997
2033
2161
2229
2355
2397
2487
2401
2388
2380
2357
2269
2258
2114
2002
1806
1719
1645
1512
1433
1258
1185
1062
1759
1336
1797
2495
3267
3946
4632
4853
5141
5185
5056
5187
5459
5895
6032
6122
5399
4567
3904
3016
2153
1689
1204
1172
1399
2076
2380
2590
2640
2559
2610
2667
2770
2866
2896
3164
3411
3392
3201
3069
3137
3145
3187
3299
3219
3272
3380
3414
3392
3384
3294
3082
2992
2754
2674
2566
2626
2737
2810
2869
2797
2627
2387
2257
2037
1691
1758
1757
1758
1853
1676
1419
1217
1097
1084
961
786
598
554
496
486
441
545
883
1188
1284
1339
1431
1330
1206
1050
1124
1166
1295
1279
1187
1109
1102
1056
903
887
809
809
627
540
668
1275
1393
1080
1082
1127
1198
1416
1581
1627
1335
1065
848
805
922
933
926
1099
1254
1243
1219
1152
1038
774
624
633
852
1075
1175
1099
1005
1238
1526
1702
1771
1689
1642
1516
1273
960
1093
1406
1533
1738
1578
2136
2652
2572
2248
1792
1167
472
474
780
907
984
840
778
1114
1722
2280
2833
3328
3143
2543
2412
2313
2299
2328
2327
2213
2334
2450
2528
2456
2357
2240
2037
1905
1817
1714
1647
1685
1607
1407
1345
1209
1026
963
778
431
268
557
1035
1284
1497
1835
2052
1997
1990
1971
1929
1963
2103
2167
2205
2348
2622
2810
2873
3009
3161
3229
3216
3079
3009
2920
2871
2906
2871
2881
2881
2846
2712
2611
2470
2343
2246
2083
2001
1899
1754
1621
1511
1374
1178
926
676
411
229
152
91
54
25
21
42
62
60
56
56
58
58
78
84
103
144
152
171
119
105
79
55
40
68
93
151
105
63
34
42
93
161
309
347
332
293
299
307
376
438
525
604
737
778
729
683
621
552
538
573
696
762
796
849
906
922
932
888
903
934
905
985
948
952
871
886
934
830
716
678
711
747
756
760
820
846
937
1060
1255
1476
1637
1911
2264
2607
2788
2759
2849
2714
2906
2709
2671
2428
2338
2517
2530
2394
2303
2215
2117
2187
1930
1661
1466
1595
1655
1687
2007
2495
3113
3538
3737
3707
3364
2750
2057
1431
810
449
606
1364
1919
2214
2343
2441
2634
2841
2721
2271
2246
2925
2964
2586
1718
1391
1568
1444
900
424
377
335
293
274
310
277
298
340
390
296
296
621
866
1063
1105
1315
1827
2108
2039
1665
1288
1122
906
1094
1870
2417
2516
2341
2313
2358
2241
1943
1508
1184
1054
779
585
1078
1421
1511
1312
994
707
437
456
670
1232
1728
2004
2001
1892
1771
1717
1409
1063
843
828
878
782
568
407
281
218
177
243
471
800
1121
1274
1332
1445
1552
1596
1547
1572
1457
1116
791
589
392
394
572
895
1367
1663
1635
1490
1255
1124
959
924
1059
1151
1116
1042
1100
1108
1162
1212
1285
1316
1303
1404
1387
1360
1447
1438
1543
1562
1628
1636
1721
1707
1714
1667
1728
1559
2183
1176
984
830
743
753
827
813
902
1331
1528
2082
2491
2820
2538
1991
1282
1424
1585
1429
1155
949
489
531
1288
1878
2156
2072
1899
1841
1625
1582
1314
926
720
760
1126
1324
1597
2032
2301
2399
2267
2096
1902
1924
1969
1926
1410
1225
1540
1822
1968
1893
1491
1138
800
800
1004
1094
1145
1071
938
770
431
305
267
205
165
126
78
89
145
288
355
420
453
571
657
747
769
768
774
786
757
748
589
395
223
62
29
28
4
3
0
2
7
3
7
42
20
8
21
29
33
24
35
34
26
26
25
33
38
21
31
36
25
7
1
0
0
0
0
0
0
0
1
0
7
6
20
100
162
230
196
152
104
117
134
251
437
490
532
759
1272
1717
2032
2277
2604
2892
3046
3164
3216
3253
3606
4193
4998
5275
5419
5763
5915
5837
5448
5279
5435
5627
5798
6164
6386
6451
7231
6953
6254
5775
5477
4967
4269
3680
3178
2930
2632
2370
2259
2041
2034
1991
1852
1774
1675
1654
1364
942
766
836
1010
1252
1460
1697
2041
2053
1752
1463
1481
1674
1787
1590
1591
1658
1717
1654
1287
1345
1286
1149
927
801
827
763
814
651
550
631
661
689
687
823
966
1111
1086
1064
1077
1084
1072
1164
1302
1454
1513
1655
1902
2048
2237
2395
2463
2620
2708
2779
2990
3095
3121
3093
3065
2919
2789
2590
2426
2347
2334
2288
2073
1853
1631
1495
1198
992
975
813
622
597
589
730
678
602
595
626
734
1005
1439
1893
2614
3693
4771
4943
4964
4242
3295
2534
2400
2475
2441
2297
2063
1863
1633
1352
1082
805
579
383
247
139
75
24
35
41
34
36
30
76
68
66
29
2
8
18
32
35
37
90
112
91
86
93
92
38
24
7
19
111
180
140
51
39
7
15
73
140
105
66
54
73
96
139
189
317
504
834
1239
1591
1845
1993
2049
1857
1546
1271
1223
1517
1796
2292
2650
2636
2418
2367
2631
2974
3266
3543
3762
4217
4539
4754
4753
4289
4389
4646
4537
4059
4031
3982
3974
3847
3519
3475
4063
4419
4585
4498
4133
3582
3787
3967
3913
3587
3005
2719
2493
2181
2015
2009
1917
1810
1879
1781
1803
1691
1563
1492
1264
1117
1064
1241
1427
1450
1759
2402
3119
3910
4787
5256
5129
4539
4622
4900
4844
4348
3478
2027
966
900
1201
1754
2374
3068
3101
3081
3212
3279
3163
3716
3443
3118
3909
4463
4450
3270
2873
4777
5449
4834
3886
3589
3903
5062
5083
4212
4656
5378
5147
4576
3808
3964
4730
5267
5043
3838
3641
3471
2919
2893
3793
4084
3703
3063
3133
2919
2412
2528
4129
5426
6329
7562
8170
7843
6751
4792
4435
4056
3575
4059
3839
3724
4389
4905
5362
5746
6256
6446
6426
5935
5615
5069
5996
3458
3713
3818
3808
3931
3624
3149
3758
3637
2734
1639
2060
2522
2890
3169
4332
4843
5124
6500
7449
7654
7453
6756
5510
5014
4403
3850
3217
2580
2329
2009
1651
1428
1468
1814
1794
1616
1573
1563
1621
1741
1804
1815
1714
1722
1817
1945
1995
1870
2020
2092
2127
2023
2003
2284
2413
2259
2670
2688
2566
1888
1185
1164
1599
1991
2062
2213
2319
2171
2009
1842
1572
1458
1471
1423
1112
848
874
1009
1103
1113
1029
876
710
507
325
285
250
171
165
206
393
922
1314
1457
1487
1879
2639
3325
3795
4090
4485
4941
5643
6505
7126
7145
6856
6402
5687
4470
3623
3187
2457
1372
536
336
505
347
162
547
649
384
300
457
519
503
460
422
872
1248
1712
1960
2078
1908
1577
1591
1448
1401
1519
1436
1368
1573
1387
1379
1304
1121
738
751
557
395
429
272
472
440
409
811
1224
1831
2331
2729
3054
3231
3464
3753
4375
4798
4366
4692
4508
4141
3623
3528
2953
2706
2166
1803
1429
1061
1194
1588
2045
2363
2616
2482
2234
1892
1696
1462
1245
1072
937
845
652
438
335
219
108
53
42
193
493
854
1046
1166
1144
1047
959
911
778
720
665
606
475
351
208
102
88
113
106
76
48
35
42
27
32
19
63
120
168
183
154
141
123
207
454
808
1258
1694
2288
3124
4084
4432
3999
3221
2599
1837
1266
854
1018
1284
1707
1903
2266
2569
2568
2392
2259
2289
2377
2209
1933
1604
1784
1867
1813
1881
1978
2093
2197
2175
2282
2508
2634
2676
2797
2939
3097
3292
3382
3369
3208
3057
3078
3057
3014
2890
2737
2503
2414
2299
2269
2203
2273
2387
2340
2373
2411
2458
2427
2314
2054
1814
1646
1630
1506
1304
1178
1047
1092
1058
1062
1044
958
962
949
883
885
741
556
433
428
402
309
274
232
247
325
392
305
327
333
378
493
499
555
523
496
546
567
559
540
465
457
414
419
416
476
520
507
506
457
480
553
611
693
694
716
809
1089
1259
1263
1168
1018
819
572
295
191
112
58
58
41
56
61
42
36
31
21
7
6
31
92
123
132
72
47
48
52
111
349
745
1038
1081
884
657
472
410
373
306
269
251
429
659
844
864
763
747
806
968
1653
1563
908
1054
1147
1078
1052
1077
1197
1388
1486
1696
1708
1724
1829
2060
2255
2163
1970
1948
2182
2210
1986
1760
1424
1336
1463
1367
1460
1636
1804
1694
1359
1305
1499
1665
1791
1956
2198
2401
2443
2244
2070
1894
1546
1151
581
299
269
282
250
183
255
234
306
456
467
482
564
643
685
788
909
1024
1098
1279
1544
1840
1912
1972
1927
1716
1786
2126
2378
2519
2684
2616
2899
3209
3443
3884
4653
5268
5875
5991
5464
4879
3707
3048
3823
2319
2662
2971
3329
3464
3869
4376
5008
4768
4187
3373
2420
2661
2736
2480
2163
2188
2188
2089
1871
1510
1131
1078
1342
1432
1137
1119
1273
1346
1501
1726
1999
2113
1995
1745
1589
1753
1901
1833
1785
1952
2083
2079
1916
1547
1640
2024
2078
2261
2192
2060
2247
2668
2627
2130
2267
2176
2119
2494
2429
2347
2231
2478
2610
3125
3181
3048
2785
2611
2278
1707
982
631
865
1276
1384
1448
1505
1405
1131
760
386
232
199
238
300
371
395
378
239
83
206
296
343
313
268
168
115
44
30
34
35
36
88
65
70
74
54
16
13
11
12
23
28
4
8
19
17
1
1
0
1
11
18
35
22
18
33
103
250
416
514
446
234
157
153
211
238
348
455
621
899
1129
1190
1434
2022
2854
3624
3861
3633
2986
2020
1689
1553
1420
1124
747
417
337
494
1035
1566
1890
2392
2773
3213
3928
3793
3803
4131
5283
7147
8348
8999
8695
8238
6970
5659
4522
3779
3382
2925
2632
2472
2314
2401
2521
2687
2873
2876
2869
2978
3041
3143
3199
3172
3211
3055
2732
2603
2424
2303
2160
2070
1972
1916
1917
1963
1952
1843
1765
1803
1726
1583
1416
1291
1240
1198
1193
1190
1204
1182
1227
1254
1063
940
975
936
752
642
656
677
674
653
545
445
398
281
243
215
337
840
1444
2053
2911
3794
4221
4264
3915
3290
2508
1407
1286
2188
3028
3480
3900
3857
3560
2744
2000
1342
1187
1256
1273
1075
906
823
942
1134
1377
1328
1792
2388
2922
3397
4102
4285
3982
3344
2997
2913
2941
2951
2883
2938
2969
3067
2985
2843
2758
2572
2441
2334
1967
1734
1563
1296
991
799
739
759
949
1208
1777
2050
1867
1605
1293
939
594
340
215
303
371
395
455
520
546
740
1318
2337
3030
3538
3451
3290
2422
1786
1422
967
626
425
354
418
728
582
217
181
215
116
228
369
347
234
187
201
179
134
79
83
74
69
69
111
100
94
150
186
176
164
154
118
104
90
138
156
97
38
500
987
1177
1006
970
1252
1278
927
1324
1653
1496
1445
1666
1501
1324
1825
1561
1577
1848
1467
939
794
1483
1039
536
767
749
525
281
264
581
1477
2146
2391
2228
2210
1845
983
2295
2531
2338
1840
1159
933
1004
1244
1723
2287
3172
4057
4387
4126
3536
2989
3079
3274
2910
2442
1798
1861
2604
2531
2098
1906
2404
2063
1518
1314
2002
2626
2155
1969
3574
3844
2954
2655
2696
2415
2303
2062
1651
1217
1068
1141
1075
1139
1096
913
808
695
730
700
655
684
688
647
535
498
530
643
1122
1665
2060
2280
2630
2927
3636
4686
5891
6869
6949
6401
5131
3788
3499
4361
5360
6780
8239
9681
10389
8737
7303
5863
5063
4349
4183
3765
3619
3340
2665
3269
1809
1836
1851
1838
1858
1799
1683
1578
1527
1404
1399
1428
1544
1490
1275
1152
1046
859
778
789
781
662
560
435
416
397
460
564
583
544
509
527
558
670
858
1056
1389
1537
2122
3018
3953
4572
4201
3902
3243
2725
2934
2360
1794
1319
733
1399
1930
2614
3362
3344
4086
4682
5130
5325
4494
3736
3043
2696
2669
2618
2361
2215
2318
2433
2250
1916
1417
859
875
1588
2459
3125
4503
5541
6076
6124
5452
4745
4076
3287
2600
2073
1719
1399
1170
1130
942
718
819
1117
1918
2862
3615
3748
3641
3788
3598
3202
3015
3012
2586
2053
2031
2039
2133
2307
2214
1824
1543
1171
858
640
450
407
437
336
310
314
331
413
474
498
477
402
458
477
514
637
715
849
898
910
766
622
472
266
159
68
61
102
137
151
110
112
86
65
60
86
104
158
175
193
144
159
259
297
291
230
169
98
97
93
52
28
24
10
8
0
0
0
0
1
2
0
0
4
11
54
279
621
1047
1483
1691
1523
1159
981
777
571
449
499
522
557
532
625
780
859
903
1027
1191
1385
1523
1731
1712
1852
1899
1891
1799
1734
1669
1659
1706
1749
1742
1746
1678
1551
1464
1363
1169
955
785
696
618
549
695
859
725
489
516
691
772
936
1189
1410
1447
1574
1636
1586
1457
1528
1512
1515
1620
1819
1984
2081
2108
2121
2013
1845
1497
1002
578
389
391
478
687
1017
1316
1395
1331
1317
1338
1324
1368
1604
1778
1840
1987
2098
2134
2089
1998
1921
2033
2125
2181
2062
1912
1601
1385
1182
1136
1109
1042
957
929
967
1029
1044
1279
1265
1238
1327
1386
1508
1699
1739
1836
1917
1863
1841
1760
2038
2934
3923
4788
5277
5750
6026
5711
5118
4446
4106
4284
4391
4466
4387
4331
4313
4180
3788
3344
2667
2018
1900
1684
1731
2038
2125
2078
2041
1784
1523
1219
1013
939
856
796
836
695
820
1127
1496
1664
1978
2200
2061
1747
1413
1178
1098
1158
1395
1587
1963
2102
2208
2189
2025
1851
1660
1362
1246
1380
1331
1277
1149
1009
890
730
596
546
547
562
652
709
568
474
297
120
60
5
8
25
11
2
0
0
0
0
0
0
0
0
0
0
1
0
3
11
34
79
123
157
168
193
169
107
51
19
2
3
42
270
682
1074
1358
1456
1417
1235
979
754
539
475
542
667
750
609
520
571
614
538
606
756
866
980
1161
1354
1496
1436
1350
1246
1110
1165
1119
1047
1018
963
859
822
741
678
638
616
495
429
387
525
740
945
1148
1253
1323
1337
1355
1442
1476
1507
1502
1496
1373
1215
1143
979
849
705
567
373
260
190
167
169
158
154
222
255
297
393
438
492
586
685
1441
1027
1224
1468
1598
1447
1452
1771
2043
2208
2208
2199
2183
2133
2290
2551
2678
2676
2498
2368
2054
1800
1585
1449
1205
1134
737
676
803
1172
1376
1678
1991
2177
2240
2249
2142
2206
2202
2176
2168
2315
2375
2512
2605
3090
3754
4148
4192
4173
4274
4333
4460
4489
4360
4175
4090
4048
3861
3783
3617
3431
3215
3160
3017
2926
2989
2837
2808
2709
2518
2455
2530
2426
2354
2264
2203
2090
1835
1565
1299
1147
1603
2010
2651
2987
3210
3873
4693
5192
5294
5290
5320
5091
4692
4003
3265
2482
2336
3446
4785
5814
7060
7528
7086
5850
4759
3627
3031
2714
2591
2777
3071
3120
3157
3072
3236
3931
4938
5828
6182
5860
4914
5436
5145
5468
5440
5126
5120
5428
4711
3764
2534
1170
1829
1703
1300
837
807
508
475
778
885
732
514
410
384
463
597
954
1154
1269
1579
2523
3249
3302
3460
3348
3217
3281
3233
3294
3596
3868
4035
4799
5302
5804
6192
6262
5455
5152
4328
3638
3205
2205
1976
1921
2167
2438
2358
2082
1770
1361
1492
1450
1174
1060
991
966
1126
1440
1844
2205
2487
2717
2978
3158
3296
3440
3549
3514
3415
3264
3029
2742
2486
2213
2048
2063
2209
2062
1913
3365
2066
2388
2746
3360
3835
3832
3915
4003
4079
3929
3683
3242
2798
2285
1966
1900
1352
893
694
476
785
1160
1462
1720
1696
1335
1605
2151
2288
2268
3168
3529
3899
3959
3870
3121
2722
2687
3344
3305
2713
1800
1114
1342
1448
1409
1281
1168
1202
1266
1295
1622
2385
3373
4271
4673
4288
3758
3804
4038
3971
3399
2347
1867
1938
2894
3102
2822
2121
2093
2571
2751
2708
2756
3243
3383
3329
3314
3220
2958
2947
2909
3017
2978
3053
3039
2872
2369
1810
910
516
527
590
661
726
906
968
818
792
771
674
678
678
619
535
510
585
654
995
1463
1899
2311
2662
3048
3407
3874
4558
5274
5863
6106
5910
5872
5522
4829
4075
3097
2153
2300
3331
4467
6087
6948
8382
9155
8365
6673
5130
4115
3016
2186
1964
1997
2037
2468
2721
2889
3010
3138
3268
3266
3271
3254
3201
3029
2875
2921
3050
3082
3082
3159
3128
3042
3044
3179
3297
3466
3671
3824
3875
3766
3398
3209
3063
2886
2543
2024
1919
2059
2148
2173
2139
2109
2468
2750
2880
2687
2167
1649
799
702
1049
1444
1632
1932
2074
1784
2027
2236
2795
3130
3308
2883
2405
2255
2106
2193
2222
2225
1934
1660
1752
2029
1658
1226
1358
1932
2368
2784
3263
3230
3086
2568
2120
1577
1470
1693
1559
1634
1838
1697
1522
1454
1206
988
798
713
936
1201
1289
1353
1486
1357
1281
1376
1475
1550
1717
1942
2273
2452
2908
3512
3515
3608
3830
3733
3526
3063
2337
1877
2080
2278
2660
2912
3394
3437
3258
3080
2853
2546
2283
2570
2786
2730
3169
3788
4734
5891
6797
6545
5961
5301
4741
3949
3263
2183
3745
3654
4919
6249
6883
7060
5826
4516
3000
2333
1858
1221
868
816
955
959
981
1094
1098
1082
1017
985
913
998
1056
1209
1265
1333
1374
1464
1412
1302
1189
1308
1224
1090
998
773
602
481
361
207
168
173
107
25
16
14
28
50
72
65
73
52
41
20
11
49
79
95
125
155
189
228
186
178
393
684
937
937
872
808
878
999
1122
1154
1186
1227
1309
1325
1316
1219
1172
1101
1101
1046
947
1003
1245
1659
2056
2178
2022
1963
1967
1705
1686
1854
2065
2048
2145
2271
2104
1903
1764
1666
1782
1985
2196
2301
2082
1825
1596
1490
1435
1332
1236
1117
1013
1080
1170
1344
1669
2012
2103
2085
1896
1593
1287
1015
893
801
771
762
711
731
940
1202
1336
1606
1666
1487
1457
1441
1350
951
702
521
902
1232
1439
1426
1432
1402
1318
1126
1020
979
974
956
991
889
757
639
510
397
312
193
109
173
348
575
771
958
1159
1253
1296
1358
1369
1492
2041
2686
3750
4562
4987
5049
4895
3645
2462
1353
1137
2469
3873
5618
6146
6210
5767
4852
4053
3155
2550
1844
1755
1551
1385
906
534
738
969
1223
1551
1818
1971
2031
2102
2193
2270
2273
2277
2453
2611
2729
2762
2811
2829
2772
2639
2561
2398
2219
2175
2239
2228
2267
2113
2464
2899
3556
3954
4503
4693
4826
4464
3881
2910
2013
1496
2207
2898
3210
3277
3291
3064
2893
2466
2295
1920
1815
2181
2396
2603
2753
2743
2595
2283
1685
1472
1562
1483
1438
1417
1540
1595
1934
2123
2127
2124
2174
2374
2514
2568
2495
2480
2271
1815
1428
1239
573
297
478
583
586
538
416
400
321
250
187
56
32
22
9
18
19
50
31
19
20
49
17
11
18
4
2
0
0
0
2
6
4
0
0
0
0
0
14
100
200
331
390
517
644
777
1071
1553
1808
2021
2439
2624
2632
2974
3344
4252
5513
6072
5706
4958
4462
3931
3596
3509
3170
3003
2791
2569
2049
1408
956
836
891
841
690
460
377
577
661
689
669
667
715
676
640
612
533
441
358
314
298
388
498
689
830
865
705
448
157
38
51
112
234
249
209
143
121
118
71
72
58
71
83
121
121
142
161
179
207
242
262
318
382
435
484
519
497
512
535
561
599
659
720
829
975
1082
1245
1365
1476
1622
1674
1853
1899
2009
2042
2031
2038
1969
1821
1672
1493
1218
957
829
717
697
703
684
742
818
830
821
803
804
775
933
1009
1033
978
796
541
459
524
513
519
580
740
924
1166
1593
2010
2315
2578
2807
3060
3355
3575
3678
3870
4076
4117
4072
3901
3657
3493
3388
3321
3394
3577
3782
3981
4106
4144
4562
5124
5672
5867
5580
5099
4585
4245
3843
3266
4265
2532
2296
2090
1908
1359
1385
1476
1505
1237
1322
1590
1628
1563
1232
1088
1231
1213
848
770
1103
1437
1430
1461
1698
1875
1678
2004
2371
2535
2073
1671
1310
1249
1003
523
411
498
565
639
854
836
941
903
770
863
859
793
725
640
539
400
279
208
191
241
241
173
158
184
194
164
174
128
98
87
83
76
54
70
35
24
29
71
96
95
138
199
208
268
417
490
571
629
730
886
968
1018
1099
1234
1375
1579
1722
1809
1874
1983
2015
2033
2025
2012
1891
1783
1711
1559
1433
1375
1251
1227
1286
1414
1579
1693
1883
2017
2160
2322
2560
2642
2867
2972
2937
2930
2633
2301
2059
2041
1892
1854
1788
1737
1414
932
347
76
51
97
225
240
98
29
18
17
18
13
16
14
17
18
0
10
35
29
0
0
6
0
1
0
0
0
0
0
0
0
0
0
0
0
0
0
0
0
0
1
0
1
4
16
40
48
65
101
137
146
122
99
74
42
27
14
12
8
33
34
23
6
1
3
17
6
2
1
4
4
11
10
0
4
1
6
15
12
2
17
51
101
146
104
37
3
4
33
7
7
0
0
7
11
24
7
0
19
17
12
7
1
0
9
8
2
3
4
10
3
7
9
12
10
30
14
14
4
5
5
9
6
3
4
6
21
30
81
188
285
432
578
644
756
870
886
845
826
878
943
1026
1120
1272
1437
1535
1670
1845
2017
2127
2272
2309
2384
2511
2699
2746
2744
2755
2803
2910
2917
3062
3074
2985
2890
2794
2720
2663
2588
2517
2506
2449
2455
2309
2340
2244
2105
1976
1815
1756
1745
1706
1617
1695
1657
1616
1508
1396
1212
1092
1047
908
728
455
257
304
437
595
678
655
544
336
213
83
46
43
35
29
38
66
91
103
90
66
53
22
18
8
6
11
10
20
11
5
14
8
3
2
13
14
26
18
0
15
27
15
2
10
2
0
0
2
1
19
48
101
188
248
300
371
632
1105
1329
1281
1225
1288
1486
1865
2367
2411
1923
1859
2051
2423
2632
2247
2269
2058
1923
1605
1835
2517
3084
3469
3368
2947
2692
2545
2422
2609
2526
2914
3022
3144
3315
3192
3009
2981
2838
3089
3383
3444
3112
2775
1997
1599
1732
1812
1739
2066
2094
1836
1548
1157
1058
1248
1566
1767
1785
1806
1637
1600
1470
1268
1201
1194
1229
1271
1457
1564
1699
1789
1812
1907
1944
2055
2288
2795
3072
3255
3195
2633
2363
2001
1749
1755
2192
2548
2725
2876
3129
3185
3076
3089
3147
3219
3445
3188
2187
1174
1576
1761
1745
1430
1564
2195
2883
3130
3004
2582
2140
1882
2157
2064
1214
1183
1395
2314
1352
1070
649
249
71
114
230
415
485
537
557
457
310
258
736
726
300
509
1058
1560
2031
2517
2881
2704
2198
1436
936
741
259
425
887
1507
1912
1847
1771
1813
1727
1364
1144
1137
1051
769
502
914
1033
1168
1241
1288
1113
1107
1490
1632
1487
1453
1448
1376
1247
1015
712
985
1350
1711
1582
1377
1305
1501
1687
1692
1522
1225
590
385
421
445
443
415
431
390
300
207
175
280
510
716
839
827
740
607
397
516
752
912
826
749
681
653
670
645
697
759
698
762
658
690
719
709
593
497
371
269
227
106
23
1
4
6
3
0
0
4
10
0
6
2
0
0
0
0
0
1
0
2
29
136
384
857
1073
1399
1897
2455
2648
2526
2337
1908
1443
998
847
711
571
896
1194
1264
1323
1254
1068
1130
1219
1072
898
948
1191
1678
1950
2058
1974
1962
1839
1611
1349
1135
989
854
649
450
372
283
193
145
93
54
39
13
1
0
3
7
20
60
251
478
627
818
1222
1473
1328
966
894
852
506
408
473
441
392
388
652
1159
1937
2435
2631
3178
3854
4305
4667
4718
4552
4232
4113
4366
4566
4782
4834
4879
4548
4194
3733
2951
2543
2102
2895
3626
4598
5334
5471
5222
3801
2734
2125
2287
2485
2854
3047
2999
2947
2953
3001
2968
2942
2743
2761
2928
2973
2890
2837
2728
2549
2277
1993
1733
1485
1365
1102
623
385
532
534
321
183
317
536
711
897
993
991
1044
1107
1056
1085
1029
985
931
833
746
538
285
115
30
55
65
64
122
178
234
298
457
585
688
702
689
697
624
464
315
226
182
138
91
37
2
10
18
20
13
53
129
176
186
217
435
834
1051
1202
1728
2399
2607
2452
1840
1376
1362
1392
1191
1028
1321
1712
1620
1356
583
780
963
778
897
849
1288
1901
2224
2361
2281
1893
1761
1637
1378
1194
1055
939
763
558
351
576
608
506
463
485
646
773
880
883
801
803
665
431
254
103
77
41
37
11
9
7
7
23
125
299
557
1080
1696
2224
2516
2532
2059
1457
1218
1243
1233
1071
1231
1318
952
940
1211
1376
1805
1961
1974
1415
1247
1734
2114
1837
1647
1362
1501
1763
1998
2054
2087
2048
2059
2013
2114
2330
2466
2462
2712
2929
3082
3103
3122
3141
3144
3134
3219
3270
3330
3232
3102
3022
2924
2791
2693
2578
2558
2535
2537
2591
2546
2506
2500
2396
2195
1964
1706
1635
1537
1491
1419
1105
906
775
539
287
295
396
518
562
534
470
459
552
678
714
632
536
460
434
443
517
634
643
633
577
508
407
315
264
254
147
5
3
10
26
28
29
25
23
20
25
13
16
12
12
57
2
0
1
1
3
0
0
2
0
0
0
0
0
0
0
0
0
0
0
0
0
0
0
0
0
11
29
40
43
59
58
31
68
132
171
388
941
1265
1161
1026
866
599
425
398
368
338
253
144
113
113
117
97
80
128
192
234
324
356
321
287
250
291
399
534
744
1048
1262
1288
1279
1237
1200
1097
1123
1219
1299
1421
1554
1669
1775
1840
2075
2193
2208
2268
2317
2386
2510
2568
2674
2780
2975
3092
3251
3408
3560
3692
3736
3815
3795
3639
3444
3181
3012
2839
2590
2355
2359
2500
2556
2318
1801
1335
986
464
218
332
403
332
201
56
8
21
16
57
65
47
9
1
36
123
110
126
173
134
113
258
693
1132
1388
1557
1567
1611
1584
1538
1483
1241
1116
976
784
536
328
83
21
12
18
3
5
13
29
81
182
342
488
552
578
727
875
900
934
1030
1070
1062
1104
1082
1127
1237
1458
1712
1940
2032
2048
1929
1880
1587
1392
1265
1268
1244
1171
1126
991
895
752
690
563
418
188
43
3
0
0
0
14
48
95
173
223
210
278
272
274
255
283
363
503
684
826
923
947
926
845
749
688
712
826
1192
2085
2745
3279
3385
3276
2952
3737
4752
5355
4727
4305
3633
3314
3016
2216
1523
1535
1475
1482
1279
997
860
703
744
977
1068
968
915
916
842
734
655
551
379
189
158
223
546
1052
1452
1843
1936
1723
1882
2392
2701
2794
2786
2772
2814
2830
3033
3363
3616
3648
3514
4088
3879
3879
4297
4735
4733
4446
4191
4208
4559
4649
4582
4400
4212
4156
4101
4046
4015
4036
3984
3973
3505
2980
2906
2939
2911
2690
2431
2257
2177
2152
2038
1817
1504
1248
857
742
773
873
1196
1299
1493
1796
2357
2385
2229
2142
2074
2130
2082
2134
2208
2260
2293
2277
2356
2418
2563
2745
2781
2767
2836
2921
2981
2927
2928
2833
2838
2887
2805
2780
2711
2784
2796
2967
2999
3003
2970
3030
3137
3186
2964
2550
2313
2077
1881
2003
2215
2371
2448
2365
2289
2047
1738
1768
1805
1763
1791
1790
1751
1791
1676
1560
1426
1179
994
1039
1003
925
777
473
265
275
330
478
1115
1873
2145
2826
3225
3452
3126
3265
3252
3036
3248
4538
6173
6179
6423
6298
5448
4441
3453
2982
2988
2746
2542
2249
2089
1948
1719
1625
1521
1600
1821
1784
1562
1773
2287
2399
2057
1437
920
978
1319
1687
1955
2262
2364
2142
1809
1422
1025
773
769
812
881
1116
1578
2259
2757
3145
3524
3870
4533
5355
5407
5323
4662
3887
3266
3043
2718
2279
2067
1952
1764
1705
1451
1284
1186
1146
1244
1360
1260
1346
1423
1345
1102
1140
1147
1212
1386
1613
1790
1752
1565
1352
1100
956
955
987
865
1076
1327
1464
2225
1858
2106
2285
2319
2080
1606
1091
827
707
620
532
420
357
291
290
369
463
471
447
450
394
353
282
239
181
95
46
27
48
156
384
763
1180
1704
1947
1831
1294
730
504
1204
1769
1727
1291
904
809
860
843
549
261
244
237
240
419
570
700
805
893
919
794
516
332
328
303
188
127
183
372
845
1283
1599
2034
2508
2291
1906
1812
1687
1706
1987
2749
3958
4993
5769
5965
5642
5181
5059
4582
3583
2015
1059
765
1047
1054
966
812
1067
1029
996
801
779
1566
2328
3242
4334
5095
5383
4608
4091
3165
2613
2155
2780
3082
2782
2732
2636
2612
2576
2578
2620
2198
2006
1448
969
937
1333
1446
1188
932
728
600
609
661
883
1514
2292
2683
2779
2648
2327
1951
1694
1544
1561
1500
1456
1530
1476
1425
1395
1214
1131
1193
1205
1324
1481
1388
1256
1143
1085
1120
1068
896
748
479
390
393
257
191
173
174
219
243
348
419
587
745
919
1135
1348
1573
1779
1900
2079
2160
2206
2221
2125
2032
1910
1769
1614
1731
2303
2752
2619
2029
1583
1544
1645
1628
1667
1628
1628
1705
1622
1453
1472
1569
1549
1540
1562
1655
2118
2840
3137
2914
2420
1978
1670
1185
819
779
970
1137
1262
1464
1766
2175
2402
2543
2579
2616
2738
2754
2841
2844
2851
2765
2591
2472
2249
2187
1952
1806
1870
1940
1834
1810
1814
1822
1710
1448
1253
1003
760
588
566
618
612
635
667
544
424
407
595
593
549
488
438
291
174
86
44
27
18
17
24
24
44
37
11
22
25
26
19
0
0
0
0
0
2
5
5
7
4
5
4
2
2
4
5
1
0
0
0
0
1
5
5
1
0
16
15
41
40
18
3
25
148
199
295
503
703
862
1141
1430
1673
1709
1781
2265
3052
3533
4346
5626
6316
6347
5816
4899
4933
4601
4239
3665
2735
1897
1140
700
537
508
642
701
723
703
743
913
1241
1570
2024
2371
2511
2272
2200
2273
2074
1904
2136
2242
2207
2340
3164
3846
4765
6295
7070
7328
6630
5385
4391
3652
2910
3018
3410
3351
3357
3265
3316
3376
3347
3184
2968
2806
2813
2900
3020
3106
3011
2710
2382
1857
1328
1192
1078
1191
1338
1212
832
736
1079
1257
1188
1280
1232
1184
1187
996
915
927
1020
1132
1143
1039
1178
1059
828
703
672
630
457
425
385
374
421
445
468
499
553
513
528
540
555
567
559
461
321
162
20
25
40
19
3
23
20
21
16
6
25
61
81
81
90
79
95
91
69
52
57
46
14
3
23
22
8
0
0
0
2
10
15
9
3
0
0
0
0
2
1
0
1
2
10
21
15
25
140
303
704
1336
1430
1558
3430
2753
2876
3604
4224
4609
7336
9600
10514
10705
9063
8042
6659
5469
4749
4092
3221
2357
1774
1791
1914
1999
2070
2426
3007
3469
3865
4095
4455
4744
4752
4752
4111
3325
2493
2152
2208
2311
2681
2956
3042
3096
3054
3147
3169
2972
2626
2329
2346
2786
3269
3313
3082
2951
2838
2838
2684
2448
2328
2055
1629
1583
1596
1474
1275
1108
1012
1029
1192
1940
2146
1908
1574
1324
1151
1067
1193
1319
1449
1575
1559
1296
1059
650
309
370
261
275
323
348
539
556
399
238
203
238
269
292
324
399
343
308
377
410
431
548
783
960
1184
1354
1515
1757
1956
2145
2312
2432
2549
2768
3009
3175
3234
3365
3556
3611
3545
3396
3236
3157
2992
2796
2686
2830
3147
3341
3383
3227
3034
2764
2654
2625
2476
2408
2399
2425
2388
2334
2349
2302
2223
2115
2062
2017
1793
1584
1391
1270
1130
1097
1081
961
920
662
481
494
620
804
881
840
604
813
1500
1789
1739
1352
978
1366
1638
1613
1619
1888
2333
2762
2934
3002
3133
3208
3301
3331
3354
3367
3422
3465
3450
3441
3518
3597
3717
3715
3749
3704
3563
3516
3483
3325
3118
2902
2689
2617
2454
2296
1985
1415
789
769
1002
1320
1393
1649
1840
2117
2390
2520
2620
2746
2890
3047
3170
3368
3493
3641
3723
3719
3653
3466
3229
3093
2939
2755
2467
2135
1623
1245
861
533
471
556
636
715
889
1129
1273
1461
1534
1509
1648
1663
1679
1680
1676
1724
1715
1711
1594
1568
1415
1215
951
790
580
400
222
107
67
68
62
94
108
162
212
265
289
295
245
154
89
50
11
1
4
8
5
6
10
77
262
575
972
1295
1425
1265
979
681
318
134
37
31
21
20
13
9
9
13
23
23
34
23
23
16
24
28
29
34
22
26
22
15
14
3
6
8
9
45
57
62
24
45
76
163
302
494
625
622
562
489
416
343
406
544
474
332
141
76
132
137
285
358
351
370
246
127
91
277
216
196
85
32
45
57
61
75
130
118
104
91
48
15
6
3
4
22
43
74
85
40
35
42
196
522
836
1025
1056
1048
1009
890
854
787
772
774
846
869
904
924
932
855
869
798
683
636
574
375
266
213
349
495
409
370
407
446
439
473
465
481
479
509
818
1022
1152
1464
2140
2579
2507
1938
1291
825
550
470
595
858
1189
1493
1849
2139
2316
2464
2578
2629
2631
2669
2791
2816
2850
2776
2669
2567
2383
2197
1995
1835
1616
1489
1259
1171
1031
788
479
295
165
217
441
913
1676
2658
3152
3135
2776
2398
2088
2113
2294
2499
2603
2651
2591
2691
2613
2695
2841
3184
3433
3410
3616
3391
3390
3058
2723
2313
2531
3031
3281
3204
3522
1968
1600
1053
766
736
792
808
728
600
520
482
468
446
464
562
772
1055
1426
1730
2185
2374
2760
2950
2831
2666
2237
1690
1297
907
1069
1088
971
814
857
1060
1238
1271
1338
1306
1238
1174
1181
1213
1148
1000
964
1003
1063
998
911
683
497
158
255
679
1176
1626
1910
2066
2036
1528
797
872
1677
2228
2653
3007
3315
3604
3733
3703
3483
3386
3355
3159
3240
3493
3403
3364
3259
3181
2995
2887
2802
2734
2654
2696
2348
1963
1619
1381
1229
942
744
1250
2146
2850
3489
4040
4611
4975
4800
4311
3921
3540
2963
2733
2763
2694
2629
2282
2027
1985
2233
2468
2386
2117
2167
2024
1783
1606
1411
1052
835
644
606
747
730
621
483
396
313
254
240
315
641
1108
1699
2343
2667
2669
2423
2046
1784
1676
1658
1863
2406
2932
3394
3945
4327
4525
4184
3758
3498
3170
2998
2780
2493
2402
2324
2034
1866
1703
1464
1445
1377
1531
1652
1726
1890
2086
2183
1946
1602
1397
1432
1675
1818
1686
1316
1048
1098
1065
1199
1311
1234
1031
764
497
432
388
248
169
334
342
248
205
102
57
146
397
602
713
620
642
657
726
840
937
881
838
755
545
349
210
96
80
42
16
2
0
0
0
0
10
29
21
6
0
0
0
0
0
0
0
12
50
44
27
45
62
116
230
325
350
375
446
401
202
31
23
35
45
36
41
28
28
16
5
10
7
4
5
6
2
11
8
0
0
7
6
1
0
4
16
27
21
0
1
33
68
130
106
47
56
50
60
72
73
71
71
64
53
4
62
205
228
173
66
23
16
21
33
19
4
2
29
52
71
49
9
16
39
29
38
17
41
51
31
7
0
7
26
12
3
32
11
1
70
87
32
48
65
51
19
16
10
0
0
0
1
0
0
0
0
0
0
0
2
22
48
89
65
34
9
16
36
17
3
10
51
46
22
29
24
34
18
6
0
0
0
4
2
0
0
0
0
0
10
17
27
70
145
226
325
408
467
589
627
709
833
1019
1227
1595
2007
2326
2451
2380
2357
2224
2105
2084
2051
2019
2044
2011
1967
1916
1823
1816
1775
1766
1751
1722
1757
1741
1786
1922
2085
2232
2263
2287
2262
2332
2341
2307
2325
2317
2257
2301
2302
2316
2398
2441
2528
2533
2476
2241
2033
1838
1443
1138
960
1056
1255
1329
1384
1373
1482
1806
2154
2451
2628
2752
2839
2862
2734
2658
2548
2530
2602
2616
2660
2681
2769
2815
2855
2893
3021
3136
3157
3136
3129
3222
3316
3328
3193
3091
3178
3050
2958
2784
2703
2665
2649
2632
2492
2316
2188
2038
1908
1760
1586
1506
1323
1180
1057
1807
1181
1248
1088
971
950
838
759
669
522
355
231
159
180
206
215
168
160
153
145
83
69
271
432
481
477
500
545
703
864
1180
1422
1521
1646
1730
1857
1949
2128
2243
2433
2554
2674
2738
2737
2957
3200
3479
3548
3489
3152
2810
2383
2047
1571
1128
556
213
164
303
456
696
794
809
867
941
983
1110
1340
1617
1788
1949
1992
2022
2092
2140
2150
2133
1975
1871
1732
1728
1616
1418
1290
1290
1170
967
708
461
208
65
58
103
130
166
286
241
192
144
102
84
78
77
32
7
2
1
5
17
39
83
190
261
304
238
140
49
6
32
32
1
15
479
157
178
233
316
391
461
461
589
721
757
760
686
712
604
459
352
269
178
88
57
35
33
20
20
29
32
3
54
24
2
27
24
19
1
1
11
21
26
0
53
33
31
70
19
2
13
2
0
1
0
8
6
0
3
19
13
28
15
23
40
39
73
158
253
243
205
150
54
76
143
210
358
604
1299
2131
2606
2848
2948
3212
3493
3561
3678
3735
3749
3991
4140
4211
4265
4185
4086
4036
3990
4001
3965
3930
3796
3628
3419
3275
3153
3149
3041
2943
2846
2753
2721
2571
2380
2014
1582
1473
1278
962
941
1131
1601
1634
1140
424
1035
1394
1426
1593
1606
1665
1926
1750
1728
1625
1704
1952
2441
2753
2817
2724
2501
2606
2750
2996
2885
2945
3312
3562
3687
3683
3759
4004
3957
3859
3667
3374
3019
2517
2153
1737
1774
1951
2050
2113
1885
1943
2177
2375
2547
2661
2791
2780
2906
2960
3081
3096
3098
3022
2812
2592
2406
2267
2038
1796
1713
1791
1821
1937
1939
1764
1522
972
799
1070
1060
1007
1282
1565
1666
1718
1738
1719
1564
1372
1278
1300
1282
1308
1339
1326
1281
1251
1200
948
696
441
316
214
112
73
32
15
29
33
27
3
22
25
2
0
8
1
0
0
0
0
0
0
1
13
4
7
8
2
5
4
16
26
58
87
131
193
241
381
512
610
656
707
694
618
599
542
425
295
221
194
111
44
18
32
40
45
33
45
40
53
189
499
757
669
383
139
147
530
521
269
152
220
195
121
163
325
359
364
442
533
549
451
287
294
359
370
356
363
327
335
400
523
617
686
756
895
865
823
804
814
814
811
781
758
675
573
455
343
359
304
321
298
261
171
88
27
5
8
0
0
0
0
0
0
0
0
0
0
1
6
0
0
1
0
156
459
562
446
354
476
931
1204
1132
920
729
513
321
287
166
89
139
110
79
199
103
151
326
561
1029
1581
1768
1911
1978
1961
1847
1641
2026
1446
1384
1351
1238
1154
1213
1374
1648
1932
2240
2175
1872
1455
1306
1345
1467
1621
1634
1525
1546
1514
1591
1634
1721
1704
1780
1871
1978
2055
2229
2203
2292
2225
2144
2020
1919
1906
1880
1800
1793
1806
1795
1692
1563
1454
1204
1107
1023
828
697
641
444
298
162
132
97
60
38
76
182
281
335
463
649
745
830
876
895
909
897
918
974
973
1105
1123
1160
1237
1309
1291
1305
1351
1317
1345
1349
1256
1288
1257
1113
1041
1007
856
669
485
314
185
127
82
80
73
92
78
85
101
94
69
56
39
8
12
8
3
1
3
0
4
1
2
1
0
17
15
0
7
6
1
0
0
0
0
0
0
0
0
0
0
0
0
0
0
0
0
0
0
0
0
0
0
0
0
0
0
0
0
0
7
27
30
43
60
135
295
481
693
826
912
974
994
994
1074
1169
1239
1389
1510
1757
2105
2296
2414
2500
2476
2482
2420
2458
2451
2491
2555
2703
2949
2956
2703
2553
2504
2679
2788
2835
3028
3083
3158
3503
3771
3693
3345
3323
3070
2670
2078
1547
1227
1139
823
412
400
548
610
585
534
492
479
482
437
459
508
660
722
828
839
844
810
821
919
1007
1101
1044
961
955
969
938
957
1014
1054
1068
1119
1069
1069
1111
1067
995
924
812
772
702
600
579
582
594
501
432
394
306
267
199
151
118
109
111
116
113
175
222
286
397
549
578
666
684
793
890
992
1273
1533
1725
1952
2147
2235
2648
3061
3611
3923
3877
3720
3389
3157
3053
3118
3092
2650
2420
2205
1849
1573
1455
1506
1682
1777
1886
1752
1999
2369
2681
2948
3249
3358
3427
3354
3121
2989
2786
2615
2365
2027
1720
1566
1348
1160
1038
1014
941
804
743
786
839
930
895
830
655
841
1318
1565
1747
1972
2308
2790
3127
3146
3165
2912
2729
2773
2844
2773
2778
2803
2800
2713
2563
2410
1989
1468
1076
945
845
582
548
723
946
1100
1281
1321
1091
758
641
1074
1620
1714
1455
928
926
1230
1415
1552
1534
1406
1621
2086
2170
2294
2390
2467
2765
3144
3417
3433
3133
2580
1875
1625
1427
1349
1513
1740
1664
1491
1001
850
1227
1644
1680
1688
1441
1295
1601
1893
2140
2099
1656
1175
1413
1808
1859
1887
1886
1841
1826
1773
1838
1908
2062
1993
1682
1348
959
660
513
510
483
390
371
485
527
643
757
773
834
924
1060
1209
1364
1476
1602
1730
1687
1705
1725
1718
1796
1807
1702
1637
1458
1250
1057
860
707
563
429
354
439
544
628
581
630
678
773
921
1175
1523
1985
2521
2894
3248
3477
3646
3511
3352
3400
3666
4161
4318
4557
4634
5037
5479
5557
5916
5832
5992
6033
5783
5545
5061
6215
3901
3244
2684
2315
2013
1686
1459
1290
1070
874
681
395
214
120
164
255
292
358
642
1156
1611
2075
2578
3188
3728
4315
5180
5791
6168
5964
4982
4045
3255
3383
3692
3837
3521
3144
3010
2955
2810
2594
2763
3037
3196
3234
3259
2946
2677
2594
2602
2312
1921
1442
1265
1353
1468
1449
1763
2094
2370
2386
2092
1972
2137
1760
1600
1544
1141
980
1120
1088
918
852
756
520
345
178
219
204
170
368
515
541
451
395
342
266
196
148
91
55
54
37
25
2
3
22
18
8
0
1
0
0
0
1
10
19
11
2
0
7
6
10
2
6
5
9
2
2
11
11
10
3
0
1
2
0
0
1
2
3
3
9
3
6
3
10
10
16
15
41
55
11
22
20
20
23
22
34
22
10
17
25
15
20
8
4
3
0
0
0
0
0
5
2
9
8
16
26
23
16
5
4
0
1
7
0
0
0
0
0
0
0
0
0
0
1
3
3
33
36
54
34
41
31
42
25
26
26
51
54
68
82
72
99
147
91
143
334
563
632
340
623
987
759
422
564
878
1397
1506
1535
1741
1915
2072
2140
2214
2262
2352
2478
2636
2635
2559
2561
2386
2207
2079
2031
1887
1904
1880
1925
1895
1788
1702
1644
1483
1213
899
574
416
516
650
869
1024
1013
1012
1059
1242
1197
1015
795
684
551
419
177
54
92
209
347
508
633
672
639
573
470
380
311
220
137
87
99
77
75
74
101
72
31
10
9
7
20
48
62
120
220
326
487
465
451
498
465
491
427
376
346
320
367
452
696
1028
1457
1757
2047
2358
2562
2792
3043
3270
3424
3524
3655
3890
4048
3996
3936
3754
3739
3747
3722
3869
3731
3549
3343
3283
3205
3249
3349
3356
3170
3059
3122
3273
3358
3320
3361
3335
3313
3339
4272
5133
5242
5149
4699
4341
3996
3487
2914
2301
1700
1309
899
700
666
640
588
487
454
532
724
828
853
1120
1397
1500
1719
1928
2455
3052
3696
4077
4459
4809
4596
4744
4908
4586
3825
2958
2758
2691
2498
2234
1904
1410
1212
1133
1077
994
782
714
737
699
707
819
987
943
791
1066
1108
873
981
1441
1849
2064
2280
2289
2160
2076
2093
2262
2253
2367
2491
4310
2594
2728
2892
3019
3239
3339
3263
3320
3299
3348
3394
3351
3301
3158
2980
2541
2152
2083
2146
2327
2369
2207
1980
1670
1509
1502
1513
1511
1560
1636
1617
1534
1497
1333
1305
1265
1194
1185
1096
1258
1321
1513
1705
1905
2030
2068
2173
2382
2613
2828
2986
3244
3360
3493
3706
3925
4077
4201
4357
4391
4454
4388
4309
4013
3598
3458
3515
3642
3694
3590
3512
3520
3609
3437
4406
2970
2841
2677
2526
2286
2174
1993
1834
1552
1273
883
494
182
73
60
130
263
578
968
1324
1518
1668
1838
1931
2067
2207
2275
2423
2524
2613
2708
2756
2776
2805
2881
2865
2910
2900
2919
2975
3007
3097
3196
3306
3485
3527
3717
3734
3783
3787
3761
3725
3646
3633
3639
3562
3484
3468
3449
3463
3430
3379
3371
3331
3284
3059
2781
2446
1988
1269
878
774
667
631
643
648
528
305
135
103
117
154
121
49
24
14
3
3
7
58
169
340
548
753
896
899
854
824
833
778
745
682
605
428
323
208
102
69
88
117
123
112
166
224
202
108
100
94
44
58
58
67
106
226
299
523
698
816
821
906
994
1065
1167
1186
1092
1025
961
871
753
710
607
556
550
493
465
361
269
165
109
93
209
686
1108
1194
940
724
571
457
593
931
1488
1902
1956
1786
1806
1798
2668
4519
6223
7079
7205
6703
5713
4189
3252
2855
2824
2753
2746
3752
5245
6083
6793
7926
7713
7291
5633
4418
3759
3209
2932
2995
3127
3077
2883
2588
2609
2619
2576
2598
2615
2680
2354
2095
2021
2242
2354
2371
2215
1966
1780
1555
1136
848
745
637
551
388
318
264
213
183
186
132
137
141
178
197
266
505
636
657
487
567
574
768
1016
1179
1058
775
556
519
693
993
1197
1231
1200
1020
725
552
413
294
158
243
456
339
144
72
127
75
10
1
0
2
39
33
16
16
11
7
1
0
0
1
0
6
20
58
82
146
162
196
196
161
104
75
36
15
14
17
11
2
0
1
7
1
0
0
0
0
0
0
0
1
13
16
8
1
0
4
11
19
16
4
0
0
0
36
155
254
199
95
16
40
118
276
457
569
618
614
751
981
1248
1403
1538
1669
1782
1868
1947
2085
2115
2183
2313
2317
2388
2417
2494
2537
2615
2725
2791
2762
2796
2722
2556
2296
1958
1566
1354
1303
1223
1211
1181
1212
1232
1097
872
753
961
1452
1773
2052
2384
2573
2919
3192
3406
3570
3746
3879
3937
4014
4068
4159
4311
4401
4478
4590
4613
4711
4705
4707
4645
4602
4554
4503
4477
4458
4241
3929
3512
3176
2852
2768
2816
2570
2060
1282
800
727
661
955
1204
1292
1016
802
902
1124
1430
1619
1760
1767
1746
1679
1680
1569
1522
1416
1272
1198
1080
909
780
691
716
720
707
695
608
547
418
266
154
136
105
68
33
19
42
23
1
28
37
12
1
0
0
0
1
15
41
40
30
19
28
8
18
39
39
24
11
34
53
26
19
28
35
14
11
37
65
33
4
0
2
33
36
41
18
11
19
8
11
2
5
19
64
66
21
58
29
2
52
81
61
28
20
26
46
26
1
20
36
45
34
21
18
16
6
12
2
13
1
1
0
2
1
2
5
11
18
5
0
0
0
0
0
0
0
0
0
0
0
0
0
0
0
0
0
0
0
3
4
0
0
0
0
0
0
0
0
0
0
0
0
0
0
0
0
0
52
31
77
148
112
63
51
35
75
38
17
55
50
50
49
32
38
40
56
43
137
273
311
329
449
506
478
463
422
331
194
113
43
24
4
2
2
14
11
1
5
1
0
0
0
0
0
5
0
3
4
0
0
1
8
13
8
0
0
0
6
13
19
4
0
0
0
1
7
5
4
0
3
14
15
42
162
434
930
1502
1898
2267
2320
2224
2841
2814
2218
3143
5270
6683
6691
6100
5319
4368
4386
4325
4272
4436
4494
4492
4418
4446
4437
4420
4391
4334
4132
4045
3945
3772
3749
3705
3563
3464
3406
3232
3182
3111
3092
3042
3001
2908
2921
2795
2559
2457
2288
2064
1677
1124
723
728
805
906
908
1031
1218
1304
1406
1495
1830
2193
2361
2507
2556
2497
2494
2630
2732
2618
2408
2383
2064
1914
2058
2486
3247
3785
4096
4139
3579
2874
2029
1705
1596
1554
1652
1730
1806
1824
1785
1550
1322
1227
1158
1196
1547
1955
2473
3201
3849
4238
4149
3643
2992
2739
2468
2058
1562
1781
2248
2253
2122
1939
1710
1234
675
651
978
1420
1577
1555
1353
1226
1221
1578
2161
2888
3463
4163
4738
5037
4854
4228
3323
3278
3666
3535
3087
2008
1954
1855
1803
1858
1797
1222
664
582
395
243
306
442
464
358
293
150
84
101
99
79
62
95
159
207
212
276
506
762
1025
1851
2759
2903
2734
2353
2098
1944
1814
1522
1283
1022
996
940
955
1709
2363
2576
2430
2006
1568
1179
771
490
337
260
314
369
356
343
319
336
313
307
336
316
189
192
190
181
160
70
26
33
182
397
810
1442
1767
2066
2573
3014
2921
2547
2371
2026
1539
1455
2224
3005
3953
4577
5459
5944
5331
4368
3823
3341
2692
2183
1452
1250
1211
1200
1286
1351
1326
1376
1342
1285
1322
1234
1102
1064
1014
1332
1531
1511
1425
1500
1741
1880
1463
1310
1304
1473
1595
1635
1552
1729
1647
1682
1803
1821
1450
846
983
955
575
230
211
207
185
152
187
208
181
181
146
72
113
97
89
107
120
90
97
58
27
48
69
57
27
15
0
0
1
0
1
0
0
0
0
0
0
1
0
13
10
16
25
19
16
17
37
20
20
25
5
4
1
0
2
1
0
0
0
0
0
0
3
0
0
3
0
1
0
0
0
0
0
5
0
0
0
0
0
0
0
1
6
0
0
0
0
2
48
83
81
107
55
34
13
16
34
38
32
32
65
72
26
70
128
136
154
116
69
73
79
71
59
48
42
25
10
1
0
1
3
3
1
0
1
0
0
0
0
0
0
0
0
0
3
2
0
0
0
0
0
0
0
0
2
41
37
2
15
25
37
53
71
76
111
150
189
362
721
988
1208
1365
1446
1580
1740
1921
2028
2074
2205
2323
2440
2683
2841
2930
3051
3156
3221
3304
3347
3355
3351
3394
3309
3145
3134
3154
3254
3230
3066
2798
2502
2226
1988
1961
2226
2361
2497
2347
2070
1926
1775
1430
1037
550
390
424
447
467
570
985
1250
1129
759
346
671
1559
1793
1678
1343
1120
1048
1238
1241
1305
1496
1566
1607
1647
1603
1687
1842
2022
2452
2830
3174
3231
3247
3048
2915
2934
3277
3570
3697
3909
4146
4211
4288
4299
4508
4748
5098
5507
5966
6248
6396
6622
6804
6922
7059
7117
6953
6757
6059
5512
4834
4184
3497
2837
2213
1377
872
790
989
1229
1484
1716
2048
2182
2318
2699
2887
2465
2139
1843
1743
1804
1876
2074
2180
2338
2685
2840
2774
2432
1869
2100
2893
3153
3014
2869
2507
3520
3513
2666
2699
2978
3145
3498
3451
2767
2071
3580
4090
4182
4026
4162
4213
4343
4445
4550
4560
4563
4593
4348
4067
3740
3523
3377
3409
3437
3388
3422
3516
3142
2768
2419
2337
2266
2168
2093
1972
1753
1508
1129
681
241
19
47
129
222
353
399
350
247
272
528
966
1254
1401
1385
1359
1418
1314
1282
1319
1355
1330
1317
1356
1319
1353
1335
1379
1365
1361
1320
1279
1144
1058
1011
931
826
677
636
557
471
349
228
134
89
62
40
31
48
59
34
16
8
18
52
188
551
956
1507
1765
1727
1415
1897
2508
3160
3611
3949
4134
3882
3795
3474
3113
3700
3640
3656
3586
3046
2231
1539
1007
671
470
281
178
112
120
116
80
82
109
152
160
229
325
425
451
419
477
504
522
497
493
463
469
521
569
576
532
499
538
598
636
533
506
498
546
563
571
536
562
858
1333
1819
2277
2644
2635
3221
4007
4560
4890
4857
3983
3131
2328
1673
1570
1625
1726
1617
1543
1605
1637
1725
1613
1468
1464
1673
1531
1189
924
859
606
514
540
676
975
1095
1120
1048
884
706
473
434
184
115
137
26
6
14
20
4
5
47
94
83
75
87
125
174
222
256
269
335
424
729
1217
1717
1852
1796
1448
1155
750
516
281
156
353
690
1089
1269
1557
1710
2019
2076
2389
2514
2598
2805
2888
3009
3107
3228
3312
3379
3385
3387
3352
3272
3204
3157
3144
3148
3161
3212
3236
3153
3170
3135
2985
4309
2955
2799
2606
2511
2312
2110
1837
1606
1447
1377
1443
1387
1292
1215
1140
979
742
427
199
84
40
30
33
43
71
79
97
132
268
436
614
739
771
788
781
688
502
438
360
298
249
208
242
260
242
176
98
45
9
3
0
0
2
1
3
3
5
5
2
0
0
0
0
0
0
0
0
0
0
0
0
3
0
0
0
0
0
0
0
0
0
1
5
18
37
1
2
9
8
5
5
5
4
1
0
0
0
0
0
0
0
0
0
0
0
0
0
0
0
0
3
8
3
0
0
0
2
1
0
0
7
7
1
0
0
0
12
64
175
208
315
529
818
1000
1037
912
908
765
619
562
605
614
591
479
370
270
182
19
18
56
55
12
21
31
34
46
33
22
18
11
40
49
30
41
59
82
132
263
370
477
548
632
621
625
659
701
634
555
471
530
423
350
259
209
166
104
39
33
16
18
7
7
10
10
2
0
0
1
0
0
0
0
0
0
0
0
0
0
0
0
0
0
0
0
0
0
0
0
0
0
0
0
0
0
0
0
0
0
33
19
0
6
7
5
2
0
0
5
9
21
72
207
341
548
778
820
1017
1177
1278
1255
1219
1116
1057
862
440
285
583
1267
1788
1968
2171
2280
2300
2464
2501
2533
2807
3086
3411
3555
3597
3546
3653
3849
3985
4103
4159
4164
4183
4190
4120
4097
3910
3825
3963
4144
4254
4306
4328
4140
3833
3434
3506
3564
3333
3093
2936
2876
2787
2978
2918
2702
2598
2552
2402
2239
1949
1780
1600
1269
853
798
1095
1451
1711
1598
1303
1000
1361
1823
2014
2014
1873
2202
2436
2536
2409
2296
2368
2291
2025
1939
1967
1858
1686
1509
1375
1330
1234
1063
809
538
347
190
97
71
36
13
0
0
0
0
0
2
11
11
13
61
98
114
81
102
103
86
50
27
21
36
63
70
84
110
96
79
59
37
40
95
101
98
95
106
126
126
169
190
233
327
367
413
418
417
359
267
237
283
255
155
8
0
2
11
22
50
100
52
16
20
17
29
71
342
294
245
260
475
751
997
1208
1316
1366
1510
1610
1831
2052
2133
2351
2344
2400
2543
2551
2823
2953
3066
3190
3397
3677
3972
4172
4429
4685
4728
4665
4580
4438
4316
4128
3969
3825
3669
3555
3479
3534
3514
3381
3280
3319
3581
4113
4363
4362
4135
3920
3995
3611
3216
2944
2512
2035
1777
1753
1585
1668
2169
2143
2255
2576
2620
2786
3357
3918
4514
4500
4183
3013
2177
1951
2050
1892
1769
1626
1390
1300
1172
893
810
1009
1134
1085
1981
830
471
159
179
526
1075
1316
1210
946
729
692
625
481
312
349
460
523
456
335
186
179
333
448
440
403
384
305
345
399
356
282
257
206
116
195
216
277
360
469
391
295
368
607
708
595
517
520
595
666
743
790
820
877
999
1102
1412
2114
2252
1623
1495
1685
1790
1821
1572
1148
917
740
721
725
828
1008
1284
1337
1365
1748
1797
1649
1465
1347
1381
1235
1079
769
552
389
466
416
310
217
232
211
41
24
36
170
215
162
91
68
67
143
237
319
389
492
571
478
325
154
11
0
4
3
0
0
19
20
8
16
8
4
0
0
0
0
0
0
0
2
2
0
0
0
0
0
1
3
2
4
24
19
9
46
65
77
79
66
55
199
423
606
626
480
250
81
128
132
119
165
223
42
34
32
34
36
23
4
16
39
55
59
42
60
45
31
20
3
2
0
0
0
0
0
0
0
0
0
0
0
0
0
0
0
0
0
0
0
0
0
0
0
0
0
0
0
0
0
0
0
0
5
31
41
32
20
0
6
28
25
0
0
4
6
8
5
0
0
0
0
0
9
4
19
16
11
10
16
14
8
5
1
0
1
1
0
1
2
1
4
2
8
23
45
64
68
35
7
34
52
47
67
189
249
396
629
770
830
949
1113
1186
1356
1552
1740
1851
1806
1782
1822
1729
1826
1646
1478
1230
1196
1161
1174
1090
1046
1001
938
756
712
754
608
473
344
249
137
99
77
87
213
283
273
313
481
715
737
900
972
1057
1184
1301
1322
1415
1561
1627
1733
1808
2046
2149
2248
2350
2464
2578
2694
2878
2872
3027
3226
3374
3461
3621
3661
3756
3807
3894
3933
4024
4173
4277
4348
4390
4313
4131
3968
3902
3810
3686
3530
3302
3040
2909
2524
2323
2030
1838
1605
1195
893
718
486
281
278
441
582
726
880
912
956
945
773
601
496
333
71
33
102
337
493
575
612
743
930
1067
1187
1203
1236
1220
1200
1229
1156
1140
1082
859
672
300
207
470
1075
1501
1734
1970
2183
2474
2754
2986
3129
3339
3511
3712
3817
3846
3881
3886
4051
4140
4170
4285
4174
4079
3944
3761
3631
3551
3452
3321
3229
3082
2944
2826
2776
2815
2877
2883
2743
2590
2361
2027
1803
1646
1549
1473
1365
1286
1229
1117
1037
976
869
851
802
739
702
622
562
531
540
435
343
277
201
175
129
94
81
146
238
330
382
319
203
135
96
69
28
7
6
19
33
32
21
13
6
0
1
15
45
26
28
42
66
96
154
206
241
255
248
221
152
387
106
110
135
120
136
141
89
69
55
45
39
79
36
37
49
46
43
47
35
27
49
38
39
25
43
27
23
30
10
14
155
6
9
4
2
0
0
0
0
0
0
0
0
0
0
0
0
0
0
0
0
0
16
19
34
53
65
107
165
169
174
193
223
216
236
234
235
207
227
249
290
319
377
369
383
581
1124
1556
1906
1947
1485
1629
2161
2350
2440
2136
1733
1829
2250
3795
4863
5131
4362
3536
2996
2387
1787
1720
1722
1873
2158
2439
2937
3414
3360
3729
3840
3982
3557
3159
2812
2306
1489
1594
1935
2106
2056
1776
1615
1512
1418
1326
1276
1068
851
552
394
403
405
472
469
490
481
444
536
518
354
222
173
72
90
145
136
200
271
233
66
140
221
242
364
640
857
1003
1167
1141
661
243
798
1227
1037
420
115
54
108
148
197
274
451
926
1413
2048
3268
4353
4759
4195
3274
2113
1347
1428
1651
1447
1490
1366
1008
822
638
461
441
459
414
349
394
394
300
199
180
160
176
323
580
657
381
470
386
332
435
510
305
202
137
150
158
155
121
80
80
83
85
88
69
68
64
71
84
112
103
104
136
201
272
374
479
618
698
802
1034
1465
1991
2574
2822
2510
2081
1895
1881
1781
1655
1757
1218
787
726
915
924
1001
1120
899
598
300
268
394
617
1121
1533
1968
2298
2531
2810
2688
2577
2439
2259
2317
2501
2720
2792
2771
2863
3028
2912
2986
2971
3027
3232
3408
3221
3224
3540
3454
3648
4249
4386
4385
4366
4203
4287
4369
4579
4822
4981
5274
5415
5418
5311
4966
4746
4572
4542
4614
4319
3988
3575
3205
3004
2651
2332
2140
2115
2186
2140
1915
1376
1167
1771
2061
1999
1927
1909
1909
1843
1747
1657
1551
1476
1434
1285
1001
539
226
98
128
414
581
692
812
762
704
765
813
825
892
935
978
1041
1016
949
1027
1013
918
945
940
806
584
411
247
110
85
57
39
87
92
88
71
23
9
5
18
61
134
204
180
202
184
163
107
65
54
20
19
51
238
437
566
1324
2041
2884
3342
3309
3117
3328
3974
3717
2956
2501
3430
4922
5886
6552
5854
4507
4345
4786
4779
4084
4233
3887
3242
2142
2976
3097
3172
2811
3129
3209
3533
4027
4597
4733
4900
4867
5679
6030
5655
5143
4646
4258
4080
3809
4208
5113
5181
4527
4282
4452
4492
4326
4103
3683
3476
3481
3433
3696
4293
4419
4241
4362
5377
5429
3933
3347
3105
2645
2133
2118
2177
2073
1963
1655
1359
1022
784
548
417
383
321
251
401
1050
2046
3120
4400
5467
6073
5613
5880
5508
4734
4221
3690
2673
1650
3073
3698
3942
4378
4055
3432
2339
2910
3094
4931
3392
3277
3262
3226
3172
3245
3421
3726
4019
4173
3942
3788
4071
4658
5302
6130
6814
6527
5963
4641
4132
3325
3257
3457
3397
3191
2787
2624
2478
2368
1956
1662
1673
1735
1422
1198
1215
1229
1364
1572
1706
1856
1498
1436
1677
1907
2046
2107
2202
2285
2358
2437
2096
2282
2440
2797
2902
2916
2912
3017
3096
3282
3459
3602
3777
3978
4023
4041
3903
3746
3659
3513
3415
3236
3103
2891
2729
2541
2379
2282
2170
1919
1637
1288
726
538
362
225
122
66
83
91
77
19
0
1
7
3
3
5
18
40
35
9
6
19
25
18
35
68
86
131
148
131
56
18
14
18
22
16
3
10
18
32
17
14
15
29
28
24
16
5
14
37
10
1
10
9
5
1
2
5
3
15
27
35
70
159
310
421
493
636
801
1026
1286
1639
1692
1846
2190
2319
2280
2268
2210
2115
1920
1471
1146
975
831
768
664
497
372
523
739
1052
1304
1374
1478
1343
952
588
407
455
987
1235
1212
958
673
739
837
1032
1358
1743
1943
1885
1737
1558
1151
713
561
552
394
302
354
349
274
145
161
235
284
301
373
348
268
243
212
228
241
166
35
27
97
203
302
278
180
107
39
6
12
37
56
71
70
41
20
7
11
25
70
240
438
610
836
939
1005
961
1072
1242
1326
1398
1531
1569
1461
1465
1440
1353
1452
1529
1533
1562
1458
1299
1217
1021
867
775
623
473
360
279
239
241
195
167
160
156
167
297
437
542
647
843
1199
1803
2278
2703
3127
3458
3668
3994
4281
4447
4657
4815
4949
5138
5396
5694
5865
5776
5693
5514
5411
5176
5043
4963
4735
4592
4422
4309
4152
3991
3831
3767
3639
3467
3280
3005
2823
2695
2437
2277
2141
1981
1881
1763
1579
1480
1365
1170
1012
849
717
649
556
543
527
507
438
307
230
175
136
93
82
143
274
352
386
415
354
322
321
311
341
368
411
462
376
298
171
67
50
49
67
128
157
216
284
313
353
413
489
582
609
652
582
495
437
438
369
339
299
304
248
208
194
173
160
149
114
57
30
7
0
0
3
0
3
0
0
0
0
2
6
0
0
0
0
0
0
10
20
1
0
4
4
3
0
0
0
0
1
8
12
7
11
10
1
8
23
13
0
0
1
0
1
0
0
0
0
0
0
0
1
0
0
0
0
0
1
1
0
1
0
0
0
0
0
0
0
0
0
5
5
2
6
9
11
21
39
35
26
31
36
44
44
26
35
24
14
6
12
8
13
16
8
7
7
7
6
1
2
3
1
0
0
4
0
0
0
0
0
0
0
0
0
0
0
0
0
0
0
0
0
1
9
6
14
32
29
21
41
23
7
3
14
16
16
18
20
18
44
18
14
24
21
11
21
16
34
26
58
101
107
97
64
38
40
35
39
47
187
369
852
1418
1595
1584
1519
1502
1634
1369
926
631
647
810
1005
956
733
761
749
531
170
428
1066
1180
917
598
376
369
517
656
623
760
934
915
961
725
961
1322
1489
1169
1021
874
1030
933
981
1076
1055
1166
1018
1021
1252
1412
1602
1808
1879
1578
1341
1221
1013
682
424
375
366
416
346
292
345
507
696
901
1038
1160
1286
1445
1670
1827
1955
2265
2516
2723
2936
3150
3298
3419
3550
3652
3793
3914
4104
4192
4184
4300
4447
4514
4550
4647
4660
4474
4433
4260
3623
2954
2579
2601
2460
2104
1747
1574
1097
699
953
1482
1886
1787
1428
901
367
379
652
928
1014
1009
1001
1021
1035
1151
1255
1298
1246
1012
791
710
648
613
636
721
760
854
1014
909
773
572
431
529
699
931
1106
1156
1116
1028
952
927
1028
1089
1141
1181
1217
1235
1279
1284
1180
1113
1040
961
825
730
599
603
659
668
520
322
98
46
111
453
1044
1441
1632
1851
2026
2195
2509
3006
3386
3841
3691
3655
3957
4012
4117
4131
4308
4812
5121
5579
6592
6888
7028
6741
7255
7670
7416
7675
7620
7402
6863
6095
5278
4819
4464
4207
4121
4038
4052
3876
3790
3621
3441
3231
2947
2801
2735
2670
2290
1925
1857
1789
1770
1655
1577
1735
1607
1460
1199
1142
1008
751
529
432
465
461
611
752
808
852
952
1235
1505
1666
1710
2080
2268
2562
2698
2687
2505
2351
2217
2227
2281
2185
2078
1940
1941
1808
1842
1806
1846
1879
1945
2042
2042
2087
2107
2170
2162
2157
2166
4023
2003
1913
1651
1614
1778
2486
2753
3142
3702
4027
4141
3935
2892
2690
2660
2380
2056
2066
2226
2109
1977
1834
1784
1855
1847
1792
1735
1641
1532
1329
1162
1145
1185
1136
1143
1115
1094
965
815
617
400
241
135
109
79
25
22
13
35
85
91
98
98
96
41
27
62
96
110
266
736
1181
1443
1485
1459
1311
1226
1183
995
986
1040
1584
1918
1818
1701
1490
1252
1221
1230
1215
1320
1214
1172
1066
1004
1034
918
732
650
546
479
413
341
326
293
258
143
103
117
142
193
246
249
271
199
244
121
100
59
219
91
90
393
887
1599
2218
2731
3178
3266
3031
2562
2391
2678
2783
2853
3069
3246
3287
3629
3916
3835
3578
3797
3917
4118
4217
4323
4471
4329
4355
4362
4189
4040
3971
4029
3929
3884
3749
3822
3681
3489
3191
2676
2178
2385
2297
2017
1787
1667
1678
1633
1436
1243
1104
1205
1966
1315
1438
1512
1658
1667
1662
1850
1973
2075
2113
2191
2214
2095
2154
2133
2103
2094
2000
2003
1969
2042
2156
2190
2282
2378
2491
2649
2882
3055
3202
3304
3342
3480
3651
3767
3827
3912
4010
3968
3912
3868
3963
3875
3638
3290
2960
2699
2361
2067
1941
1844
1571
1361
1026
844
838
976
948
869
859
832
694
657
633
631
559
412
296
230
333
434
495
501
504
427
238
248
262
286
362
395
393
450
511
560
760
797
696
622
875
1185
1435
1883
2266
2013
1627
1268
823
661
545
720
1131
1347
1178
949
881
1131
1335
883
300
354
840
1190
1237
1059
984
1058
1094
1087
1089
1038
1067
1134
1073
969
849
799
696
651
563
448
384
248
178
186
161
225
377
514
668
684
675
633
582
499
386
226
154
148
129
88
67
39
12
1
6
13
32
41
26
31
12
32
37
27
20
27
28
15
8
11
15
5
7
13
14
20
19
9
0
0
0
0
0
0
0
0
0
0
0
0
1
0
1
3
30
120
123
130
205
227
196
125
40
4
40
84
73
25
179
570
627
402
126
95
182
156
93
27
70
154
189
135
90
101
148
180
168
128
114
101
96
149
177
207
210
205
227
265
280
288
284
310
359
354
315
322
423
428
377
416
409
292
210
161
123
96
103
101
120
127
97
44
114
166
171
137
111
74
30
24
27
34
50
217
696
1356
2123
2283
2272
2157
1973
1722
1652
1347
804
590
849
1054
1257
1226
1069
1057
1186
1366
1372
1368
1196
1000
874
959
1219
1589
1872
2085
2343
2616
3072
3464
3765
4177
4450
4641
4861
4989
5019
5016
4959
4872
4718
4616
4459
4289
4152
4021
3885
3675
3472
3330
3242
3162
3120
3009
2857
2748
2705
2679
2538
2468
2282
2092
1925
1769
1600
1514
1439
1387
1397
1392
1407
1424
1275
1101
1187
1207
1229
1155
942
804
755
719
769
684
658
298
53
182
433
536
500
495
552
619
807
1021
1126
1128
972
776
1030
1169
1344
1595
1839
2074
2227
2462
2624
2565
2492
2410
2391
2334
2285
1951
1652
1222
950
824
612
550
573
581
451
497
604
559
324
236
242
338
370
310
269
255
293
263
226
209
330
472
533
504
430
358
342
310
381
443
492
602
678
678
577
517
525
593
660
678
699
643
656
644
674
684
623
570
507
461
405
287
213
159
199
158
106
34
31
64
52
11
3
10
19
10
17
24
43
78
40
26
53
47
119
101
19
44
45
37
20
3
6
14
31
23
25
35
53
52
34
16
16
30
39
70
87
89
79
48
233
137
129
69
112
85
67
60
111
125
82
91
174
220
112
153
181
531
768
912
1039
1140
1357
1413
1486
1739
1969
2070
1965
1918
1842
1587
1314
1027
647
749
754
714
742
621
504
489
416
311
258
305
356
415
417
557
750
1001
1368
1657
1709
1841
1739
1771
1911
2050
2274
2561
3199
3611
4144
4583
4818
5196
5421
5302
5379
5402
5570
5503
5546
5692
5662
5473
5074
4630
4166
3893
4270
4410
4672
4525
4266
3910
3617
3657
3728
3682
3385
2737
2077
1615
1620
1652
1766
1786
1668
1452
1097
778
544
302
169
336
661
873
954
956
1163
1264
1305
1260
1138
932
704
595
764
937
1004
726
441
537
810
935
846
661
485
491
418
863
1411
2020
2647
2517
2128
1675
1306
1358
1356
1608
1915
2095
2148
2164
2184
2183
2027
1786
1435
1070
1385
1367
1331
1241
1098
1003
874
614
326
253
287
317
399
440
445
476
527
484
651
659
594
648
778
869
984
1009
975
935
943
903
874
910
952
894
756
607
522
494
408
299
181
83
76
125
187
215
221
266
308
374
333
453
527
614
645
515
406
360
358
328
276
208
114
82
30
37
24
40
66
70
64
54
49
39
17
21
49
72
63
55
71
98
146
225
283
498
662
697
603
356
232
173
151
177
240
265
232
182
126
94
88
63
48
72
108
108
130
118
107
99
132
150
157
132
110
157
163
154
91
75
89
125
113
174
290
327
314
255
237
249
309
534
813
981
958
814
788
759
658
460
357
357
302
264
230
230
177
160
114
78
48
9
24
149
171
177
175
182
180
129
107
129
250
578
990
1265
1399
1541
1561
1694
1811
1882
1860
2078
2235
2390
2570
2897
3039
3137
3307
3633
3857
4076
4319
4304
4224
4212
4208
4147
4160
3947
3770
3540
3451
3269
3133
3059
2907
2823
2719
2665
2646
2546
2401
2237
2143
2071
2039
1977
1860
1703
1579
1451
1294
1189
1070
933
771
697
763
661
753
787
749
686
696
786
727
707
850
978
1144
1272
1380
1571
1933
2053
2091
2096
2072
1992
2006
2029
2013
2016
2166
2174
2210
2320
2284
2241
2097
2002
1947
1897
1848
1753
1866
1984
2250
2267
2255
2211
2287
2189
2236
2330
2388
2474
2727
2757
2768
2848
3142
3417
3619
3735
3996
4292
4189
4024
3957
3935
3921
4052
4154
4037
3989
3812
3470
3122
2791
2526
2226
1856
1679
1574
1544
1479
1405
1167
946
786
546
619
662
666
532
361
178
141
211
256
187
262
408
488
379
216
146
109
101
148
170
120
72
63
68
69
45
38
79
110
166
227
198
180
224
215
140
168
182
244
376
354
613
425
393
264
133
64
48
22
34
64
85
89
85
63
42
33
43
59
67
69
76
53
56
110
174
157
130
176
784
1662
2152
2068
1941
2116
1817
1696
2041
1755
1133
777
709
1026
1793
2332
3091
3260
3619
3124
2426
1848
1809
1735
1604
1474
1978
2332
2641
2965
3630
4556
5353
5810
5658
5843
5125
4017
3106
2742
2773
2955
3145
3224
3146
2746
2266
1720
1426
1129
1067
1084
1215
1458
1638
1675
1677
1109
860
981
1009
1279
1572
1825
1993
1979
1896
1781
1453
1278
940
448
239
214
235
158
132
124
74
22
52
115
177
240
272
359
771
1240
1675
1779
1642
1351
1282
1080
845
828
922
1213
1689
2100
2576
2962
2925
2468
1790
1758
1632
1047
767
2376
3124
2602
2716
2797
2780
2297
1501
740
948
1116
988
875
866
1044
1351
1521
1622
1604
1708
1754
1908
2274
2481
2607
2722
2961
3130
3328
3481
3520
3381
3197
3095
3020
3075
3018
2972
2912
2881
2758
2627
2449
2434
2379
2543
2795
2942
2935
2696
2551
2184
1973
1797
1746
1912
2112
2219
2140
2133
2106
2179
2160
2174
2095
2203
2089
2189
2115
2193
2179
2106
2083
1894
1845
1703
1492
1225
887
614
400
130
42
1
1
4
16
30
69
137
172
214
334
425
607
719
849
915
942
1098
1181
1220
1231
1259
1311
1345
1263
1277
1352
1301
1292
1195
1103
993
893
776
588
470
405
346
355
368
421
471
552
546
488
412
394
346
336
334
343
353
256
181
151
79
25
4
1
0
0
1
1
0
0
0
6
1
5
2
0
0
1
0
2
0
1
29
13
0
7
6
4
2
0
0
0
0
0
0
0
0
0
0
0
0
0
8
58
140
291
419
591
603
665
665
644
568
534
462
404
445
467
465
468
437
368
265
158
129
122
118
120
140
133
134
132
156
193
246
350
410
457
483
479
507
446
374
253
174
122
70
40
19
33
15
42
66
131
208
291
442
616
743
737
673
732
841
1031
1206
1294
1414
1522
1575
1657
1671
1708
1681
1652
1750
1690
1689
1792
1865
1938
2048
2048
2082
2021
2126
2100
2124
2060
2018
2014
2115
2015
1921
1692
1564
1522
1568
1550
1416
1340
1359
1435
1516
1579
1363
1135
808
551
560
749
841
893
901
834
601
480
417
278
215
317
437
469
649
856
899
841
727
667
606
649
844
1101
1335
1445
1445
1510
1469
1634
1899
2101
1977
1914
1818
1927
2099
2178
2225
2137
2094
2045
2050
2004
2182
2210
2201
2223
2198
2293
2304
2431
2569
2602
2688
2713
2780
2857
2950
2984
3058
3093
3193
3237
3218
3152
3043
3041
2908
2832
2816
2829
2873
2799
2683
2582
2343
2183
2845
1976
1749
1416
1281
1265
1101
889
502
558
829
841
864
620
236
155
273
411
493
551
612
605
632
623
757
951
1044
1092
1149
1250
1390
1488
1549
1618
1662
1573
1544
1503
1439
1304
1196
989
820
742
760
610
407
237
150
76
45
33
34
33
56
40
63
111
101
43
11
1
30
78
126
193
165
96
62
79
69
46
57
165
260
334
438
608
852
1155
1399
1664
1854
2105
2254
2555
2781
2953
3115
3300
3431
3568
3820
4077
4033
3842
3709
3508
3433
3443
3428
3302
3212
3074
2960
2844
2774
2687
2624
2527
2530
2482
2433
2624
2599
2456
2115
1616
1767
1965
1834
1723
1546
1356
1121
760
454
235
94
24
5
12
45
48
55
40
20
9
12
4
13
20
63
100
128
139
144
137
116
112
47
14
4
0
8
10
12
30
27
35
31
49
66
34
48
116
386
925
1353
1640
1811
1803
1408
1408
1777
2251
2760
2797
2330
2498
3018
2985
2808
2228
1567
1975
2484
2488
2014
1434
937
652
814
899
615
309
251
290
391
503
926
1298
1480
1414
1468
1326
1228
1222
1406
1556
1924
2303
2561
2699
2636
2637
2795
2584
2353
2182
2154
2265
2353
2429
2464
2513
2641
2961
3123
3182
3286
3501
3594
3697
3951
4154
4298
3996
3779
3474
3141
2737
2551
2452
2488
2471
2460
2382
2358
2321
2328
2365
2390
2328
2321
2100
1825
1661
1588
1639
1726
1631
1946
2155
2377
2567
2676
2272
1698
1446
1109
691
680
484
379
212
157
62
44
61
96
119
128
136
154
152
139
159
97
73
116
150
156
120
115
130
138
178
212
209
236
259
313
337
312
297
270
269
196
121
103
123
83
62
64
75
77
59
90
36
44
40
72
76
158
279
447
601
691
783
753
735
740
871
905
862
836
911
896
816
686
517
296
170
136
120
113
143
245
208
166
135
127
138
281
451
637
824
935
928
808
747
674
726
805
1018
1054
1242
1757
2311
2792
2918
2893
2777
3129
3529
3604
3609
3357
3191
3133
3270
3371
3280
3311
3224
3149
3160
3195
3208
3136
3171
3388
3376
3381
2979
2659
2454
2370
2154
1991
1840
1611
1402
1332
1435
1531
1607
1507
1442
1378
1246
1189
1227
1350
1419
1413
1462
1517
1541
1473
1466
1538
1394
1369
1332
1281
1222
1232
1319
1331
1362
1403
1417
1409
1297
1287
1135
1010
891
707
545
425
330
306
271
260
218
190
141
109
84
63
42
71
326
843
1561
2381
2985
3164
3179
3060
3154
3342
3502
3522
3383
3044
2886
2884
2715
2526
2603
2421
2295
2037
1859
1845
1724
1530
1542
1390
1258
1098
997
922
913
1182
1431
1648
2072
2365
2767
2987
3238
3367
3420
3600
3524
4553
3112
3198
2903
2525
2229
2196
2393
2549
2672
2488
2345
2214
2197
2214
2232
2222
2116
1974
1849
1643
1572
1551
1628
1768
1809
1917
2079
2129
2239
2363
2343
2285
2103
1984
1835
1813
1692
1586
1510
1317
1045
745
477
629
901
1179
1293
1504
1519
1494
1370
1240
1197
1099
1061
1007
1077
1122
979
942
858
868
794
694
643
573
481
398
284
202
120
60
58
113
150
229
227
80
8
77
228
350
430
518
620
740
822
870
934
1006
1171
1402
1577
1490
1352
1506
2014
2261
2187
1819
1748
1889
1978
1637
1375
1276
959
575
406
425
549
742
828
982
1144
1144
1128
1398
1443
1615
1625
1619
1762
1908
2114
2435
2431
2199
2032
1981
1973
2037
2159
2291
2598
3057
3228
3080
2669
2451
2548
2551
2740
3109
3194
3029
3025
3189
3318
3785
3944
3763
3541
3647
3592
3568
3423
3433
3582
3691
3730
3797
3869
3818
3742
3776
3831
3819
3652
3418
3054
3065
3052
2860
2568
2332
2083
1786
1649
1634
1399
984
923
1005
1125
1083
910
697
500
319
93
4
1
5
20
12
176
307
330
232
124
30
0
0
3
14
33
7
0
21
77
165
165
40
11
12
5
33
33
7
7
1
44
111
180
198
191
167
153
131
79
38
16
13
5
1
11
53
57
22
21
16
21
32
19
10
9
4
6
23
89
112
36
3
15
51
58
63
43
16
3
15
22
39
91
120
178
184
174
100
49
57
35
20
9
77
400
854
1061
1138
977
682
403
182
38
69
172
267
256
151
32
40
45
22
9
7
7
44
85
63
87
59
17
5
1
6
5
16
24
35
30
27
33
35
40
36
41
112
335
724
1127
1346
1409
1307
1104
854
554
278
111
48
31
56
45
47
29
46
71
126
202
223
249
267
252
258
298
267
289
474
1091
1545
1623
1715
2140
2424
2521
2548
2597
2792
3165
3793
4105
4263
4420
4657
5062
5805
6624
7343
8013
8158
7916
7351
6910
6309
5823
5334
4819
4291
3923
3683
3587
3566
3423
3421
3432
3402
3395
3056
2547
2466
2180
1759
1643
1910
2021
1940
1607
1345
1628
1413
1436
1599
1907
2459
2687
2691
2758
2852
2869
2985
2932
2722
2621
2625
2588
2706
2749
2624
2551
2586
2531
2528
2495
2550
2693
2942
3106
3118
3157
3536
3865
4054
4156
4053
3452
2880
2505
2864
3274
5639
6262
5932
6700
6885
6660
5625
4805
4136
3671
3426
3283
3304
3462
3417
3229
2950
2785
2539
2384
2453
2242
2184
2305
2347
2356
2745
2906
2882
2839
2682
2194
1686
1184
1108
1242
1247
1261
1344
1338
1338
996
720
509
401
473
445
283
106
41
49
247
454
645
717
794
882
914
1029
1269
2160
1774
1888
1979
2125
2087
2050
2105
2149
2176
2119
1957
1847
1690
1565
1443
1223
1010
862
737
669
715
940
1024
1055
1137
1365
1763
1863
1727
1572
1671
1752
1612
1169
740
629
468
455
476
470
594
791
775
879
1014
1251
1734
2097
2269
2404
2477
2469
2571
2703
2753
2966
3019
3212
3330
3585
3811
3999
3936
3864
3779
3739
3672
3428
3189
2978
2788
2650
2392
2131
1822
1426
1010
758
560
473
476
706
1012
1231
1352
1540
1769
2050
2336
2744
3245
3810
4095
4158
3981
3635
3245
2845
2499
1955
1302
899
870
834
1103
1496
1859
1969
2116
2146
2092
2115
2062
2046
1996
1923
1791
1722
1518
1242
1010
839
565
477
394
372
455
492
417
268
228
269
206
144
133
201
295
335
366
411
408
445
545
651
738
848
905
1001
1037
992
993
1011
1015
952
872
747
526
374
267
105
31
7
2
1
2
20
5
14
19
10
4
4
5
69
84
23
10
24
42
20
24
60
101
62
74
15
13
25
28
5
18
34
17
81
148
237
266
175
104
64
125
197
349
423
369
219
41
55
158
532
1011
1327
1479
1350
1054
702
373
275
286
375
553
495
388
214
125
133
176
261
348
376
405
331
358
424
546
792
1088
1398
1656
1816
1927
1982
2221
2371
2416
2541
2515
2596
2610
2603
2577
2574
2503
2491
2523
2469
2487
2365
2287
2125
1953
1783
1692
1489
1227
862
457
236
137
89
23
50
249
718
1297
1831
2065
2378
2554
2817
3038
3069
2935
2884
2798
2859
2351
1804
1997
2655
4091
5895
7162
7928
7906
7342
6644
5776
4822
4005
3245
2564
3221
4430
5657
7269
8404
8877
8195
7292
6360
5276
5038
5290
5889
6365
6820
7306
7457
6661
6965
6520
7618
8346
8546
8259
7622
6801
5305
4382
3706
3751
3977
3496
3159
3996
4738
5075
5510
5406
4965
4130
3749
2967
2403
2326
2098
2104
2294
2351
2479
2533
2639
2813
3066
2954
2934
2897
3055
3230
3053
3149
3345
3462
3359
3219
3017
3279
3343
3680
3706
3654
3880
3876
3898
3788
3444
3195
3334
3343
3389
3408
3257
3174
3123
3157
3135
3020
2975
2962
2922
2860
2819
2752
2557
2351
2068
1974
1708
1396
1074
717
566
271
86
67
230
507
893
1158
1312
1374
1372
1359
1278
1302
1389
1428
1565
1596
1637
1658
1633
1632
1592
1619
1561
1324
1035
911
859
788
728
609
501
507
529
415
286
166
60
19
25
81
171
225
359
356
314
333
292
157
85
75
117
85
70
47
15
9
24
41
61
82
88
107
155
186
176
180
197
183
119
110
60
17
7
10
19
23
18
24
43
46
45
22
2
1
1
3
3
2
0
0
0
0
0
4
4
178
22
11
1
2
20
26
40
36
20
18
13
34
50
39
0
5
11
14
15
18
15
22
41
21
9
2
0
0
1
0
11
36
67
95
87
40
21
24
82
200
303
413
497
544
536
526
469
467
380
283
215
168
113
69
66
42
8
9
13
21
30
12
10
4
1
19
11
34
83
143
165
185
198
229
286
373
505
591
634
698
701
841
922
960
1025
1088
1212
1245
1277
1360
1396
1548
1637
1718
1842
1868
1994
2100
2101
2144
2130
2213
2231
2366
2416
2473
2454
2409
2469
2526
2574
2554
2412
2318
2099
1933
1843
1706
1558
1348
1091
713
372
221
130
64
106
404
732
940
998
1082
1178
1204
1201
1218
1243
1316
1339
1357
1327
1399
1388
1371
1322
1302
1209
1213
1146
1075
1045
924
780
606
403
303
182
68
29
31
29
29
17
10
9
29
37
25
15
48
57
101
155
241
267
240
202
158
128
103
89
55
61
76
63
54
82
47
30
35
17
23
13
9
5
6
7
3
7
19
5
0
0
9
20
8
0
7
7
9
9
22
42
59
126
306
666
847
622
253
161
309
487
564
641
727
700
469
308
266
267
261
301
261
200
130
138
97
82
72
57
80
162
245
370
410
422
411
383
359
277
159
81
285
746
1077
1298
1318
1137
986
735
578
467
396
396
414
453
490
525
517
509
462
413
349
260
167
113
78
43
38
47
48
30
24
48
71
102
117
111
148
154
193
179
178
193
222
359
625
1015
1372
1556
1604
1606
1475
1399
1578
1762
2041
2250
2436
2516
2586
2592
2579
2677
2654
2544
2501
2483
2391
2351
2161
1879
1803
1711
1732
1418
1297
1304
1320
1229
1080
869
645
481
397
388
279
368
516
437
520
894
1147
1301
1556
1507
1547
1758
1788
1862
1996
1995
2042
2073
2117
2191
2191
2092
2027
1920
1849
1724
1558
1414
1151
776
584
453
272
105
48
102
370
718
1071
1376
1645
1910
2156
2420
2575
2599
2564
2617
2654
2784
3011
3215
3276
3194
2940
2957
3217
3278
3160
2972
2883
2793
2746
2657
2549
2528
2454
2444
2439
2503
2445
2310
2241
2297
2450
2462
2539
2436
2486
2393
2537
2452
2448
2289
2287
2160
2003
1646
1219
744
423
170
207
602
1017
1542
1941
2288
2475
2630
2776
2992
3216
3403
3564
3673
3741
3777
3893
3901
3938
3902
3850
3825
3801
3806
3823
3813
3826
3871
3869
3809
3854
3735
3694
3619
3545
3624
3512
3434
3274
3100
2962
2817
2654
2488
2368
2151
1889
1633
1357
1037
661
354
168
70
49
23
27
24
25
45
59
64
49
25
16
18
18
16
12
12
86
2
6
3
3
3
3
4
6
9
20
15
11
39
37
43
58
55
63
42
23
4
1
0
0
0
1
2
5
8
9
10
3
4
4
0
0
0
0
0
0
0
0
0
0
0
0
0
0
0
0
0
0
0
0
29
4
14
14
2
0
0
0
2
0
0
4
0
1
0
0
0
0
0
0
0
0
0
0
0
0
9
15
19
11
6
13
2
0
0
0
0
1
0
1
1
0
12
46
34
13
0
0
1
1
4
0
0
0
0
0
0
0
0
0
0
4
0
0
0
0
0
0
0
0
0
0
0
21
79
22
44
66
28
20
8
0
0
0
3
7
0
1
15
0
3
0
0
20
14
11
1
0
0
1
10
5
0
18
32
56
29
6
0
2
9
13
11
34
62
17
2
28
44
53
45
103
184
224
426
931
1327
1462
1433
1478
1579
1694
1995
2151
2462
2682
2976
3175
3316
3459
3555
3556
3660
3756
3808
3806
3707
3551
3369
3239
3020
2990
3010
3140
3266
3358
3156
2892
2794
2880
2809
2642
2361
2248
2105
1962
1844
1700
1819
1847
2038
1940
1728
1451
1144
953
755
594
548
596
846
1296
1813
2040
1828
1617
1413
1248
2613
1075
1393
1715
1669
1493
1598
1502
1513
1418
1006
1034
1368
1537
1637
1555
1478
1383
1459
1536
1748
1820
1926
1984
2055
2037
1943
1867
1830
2044
2439
2743
2916
2988
3029
3096
3137
3297
3432
3472
3515
3418
3342
3221
3152
3185
3172
3007
2789
2592
2418
2223
1970
1780
1425
1174
1014
1043
1122
1209
1303
1339
1315
1135
885
613
445
347
307
237
97
10
2
7
2
8
2
1
0
0
1
1
2
3
1
3
3
4
11
13
17
11
9
17
11
6
3
0
0
0
0
0
0
0
43
25
1
12
16
7
7
2
6
26
62
52
41
51
56
107
109
61
58
98
321
676
927
1075
1074
1012
975
1018
1240
1569
1795
2451
1876
1620
2573
4483
6890
7797
6980
6265
5548
4550
3504
2796
2405
2093
2118
3002
3766
4414
5029
5737
6353
6208
5631
4769
4283
4008
3638
2945
2653
2622
2590
2610
2187
1184
823
911
788
750
754
853
840
851
1054
1126
1159
1153
1411
1340
1101
871
822
667
674
677
487
150
126
352
363
141
98
180
182
59
34
42
79
84
70
95
107
63
62
111
138
240
460
677
625
572
524
660
766
874
932
1029
1137
1041
821
594
514
528
547
653
738
783
772
829
877
764
650
602
595
588
552
443
333
213
94
41
136
142
98
153
168
354
876
1287
1502
1438
1161
1476
689
579
387
302
316
404
405
381
346
327
298
308
331
380
402
376
332
292
228
206
185
226
245
283
373
548
662
649
429
366
444
697
845
886
889
941
933
914
889
894
832
733
726
659
617
545
455
421
418
356
299
236
132
85
63
76
52
24
23
38
79
120
133
127
132
93
61
22
35
24
12
20
27
20
24
28
27
24
21
34
86
125
148
152
103
35
5
4
2
18
13
4
12
36
10
65
42
0
0
0
0
1
4
3
4
1
10
67
128
186
245
340
431
495
556
679
826
926
93388
93396
0
0
0
0
0
0
0
0
0
0
0
0
0
0
0
0
0
0
0
0
0
0
0
0
0
0
0
