4328
1839
2147
1367
3127
1577
3278
3914
2000
3717
12719
1118
953
907
928
901
885
988
1214
1462
1652
1817
2018
2194
2473
2588
2895
3065
3089
3090
3057
2994
2937
2918
2887
2661
2452
2102
1770
1562
1367
1230
1062
951
910
896
1118
1188
1176
1259
1377
1313
1113
1068
1072
994
919
799
690
583
551
781
1072
1463
1754
2269
2510
2574
2586
2612
2584
2314
1953
1526
1114
772
509
650
1047
1440
1780
1947
2163
2543
2622
2506
2126
1731
1598
1405
1793
2261
2209
1990
1746
1547
1456
1404
1285
1403
1557
1616
1577
1433
1465
1470
1696
2048
2436
2739
2855
2924
2991
3072
3132
3107
3016
2852
2744
2631
2699
2922
3027
2799
2726
2522
2234
2023
1762
1519
1188
925
783
744
883
1136
1456
1787
1822
1703
1382
1228
1070
851
639
448
429
394
384
346
346
326
419
560
743
988
1084
1104
1089
966
828
681
521
408
245
125
64
73
138
182
218
244
253
193
135
99
149
294
511
717
908
1011
1105
1244
1311
1426
1401
1386
1284
1165
902
592
546
800
1014
1146
1129
1044
789
562
314
312
373
432
370
354
285
233
156
170
254
345
533
807
1055
1243
1413
1525
1605
1493
1283
1183
1052
907
706
547
411
307
229
246
259
338
624
1036
1412
1816
2113
2313
2382
2399
2554
2599
2523
2363
2161
1761
1280
795
776
1110
1574
2011
2530
2863
2828
2504
2202
1781
1326
950
596
272
415
485
559
556
540
533
467
326
233
228
276
324
480
612
726
800
702
569
440
302
226
169
69
62
73
141
363
500
601
700
759
761
713
1105
1597
2223
2496
2165
1816
1578
1373
1168
907
672
465
393
458
499
520
506
513
441
331
236
190
173
125
102
75
50
100
201
339
618
927
1211
1419
1535
1643
1738
1836
1902
1890
1798
1769
1730
1696
1674
1553
1415
1241
1197
1194
1201
1178
1059
1044
1103
1258
1381
1476
1531
1471
1413
1249
879
720
791
961
1182
1367
1438
1542
1577
1494
1584
1698
1945
2000
1880
1676
1386
1290
1425
1773
2025
2333
2526
2797
2893
3516
3939
4046
4261
4482
4450
4382
4216
4013
3735
3516
3325
3051
2758
2504
2273
2113
1906
1588
1147
835
476
420
827
1296
1755
2438
3085
3422
4320
4976
5514
5567
5349
5270
5157
5202
5198
5190
5155
5272
5146
5165
5141
5001
4711
4271
3834
3335
2858
2445
2254
2066
2135
2170
1981
1561
1149
780
651
770
716
448
334
379
515
712
708
692
618
695
740
911
953
1124
1308
1271
1243
1247
1310
1445
1330
1092
828
628
777
1060
1182
1189
1119
1064
940
801
715
599
525
493
487
501
438
602
859
1059
1220
1281
1331
1402
1481
1514
1497
1508
1466
1410
1440
1412
1291
1154
1007
799
570
418
540
618
648
670
621
721
782
1380
877
843
893
1087
1154
1062
751
344
541
778
775
741
693
752
833
1014
1199
1313
1359
1331
1278
1151
1086
1097
1039
985
742
571
392
304
283
351
463
494
566
540
516
443
317
283
247
193
172
152
120
102
100
120
145
161
144
116
70
37
12
21
92
125
130
208
272
246
246
255
273
319
322
271
227
183
163
245
328
458
567
660
654
729
906
1242
1857
2502
3277
3681
3961
3962
3244
2269
1445
1017
544
405
254
228
230
120
101
40
47
79
39
27
45
78
78
82
117
132
153
157
112
57
31
11
1
1
3
5
14
30
40
12
3
10
19
25
12
13
41
72
46
15
9
18
52
72
60
42
28
9
12
26
34
35
40
50
67
71
66
54
34
14
8
7
5
9
15
13
17
32
31
32
31
53
64
81
82
82
87
86
115
115
135
191
322
408
509
721
1028
1171
1292
1140
1034
859
859
847
661
512
404
314
515
688
726
678
525
428
412
476
506
533
572
593
621
626
608
500
422
357
283
227
210
217
183
155
150
123
106
126
181
194
240
298
321
310
309
330
319
294
313
324
293
278
248
219
268
321
415
517
619
729
980
994
1016
982
1348
1752
1771
1765
1714
1718
1751
1746
1779
1755
1605
1449
1321
1210
1165
1103
1042
1145
913
787
1000
1110
1173
1247
1274
1362
1442
1442
1450
1521
1632
1466
1170
1134
1170
1087
773
584
748
1121
1579
1971
2404
2678
2746
2892
3057
3128
3313
3441
3431
3271
3120
2846
2609
2469
2218
1890
1530
1136
705
520
829
1269
1681
2075
2329
2611
2819
2891
2869
2763
2723
2662
2529
2359
2243
2014
1746
1387
1104
875
819
824
860
876
814
617
389
226
273
373
355
313
283
258
258
259
362
526
771
988
1149
1117
1027
885
790
634
455
349
216
134
75
87
82
80
107
172
385
592
725
898
992
1021
1041
1305
1442
1496
1325
1091
921
675
519
429
309
197
107
74
35
9
13
89
186
257
238
249
243
222
191
171
97
40
20
67
175
191
159
128
94
74
230
529
992
1813
2239
2366
2037
2265
2268
1968
1646
1208
816
531
991
1525
1900
2213
2464
2272
2623
2319
1712
969
448
191
272
323
342
328
313
264
219
121
42
7
20
50
50
15
9
13
6
2
4
6
6
7
30
66
87
119
99
99
88
104
127
105
132
171
165
199
232
252
306
357
380
382
440
395
366
300
271
165
98
44
58
60
52
77
156
347
466
598
698
707
602
422
312
307
358
403
501
479
509
1029
534
489
437
412
355
343
290
230
282
312
300
260
216
140
63
31
23
48
68
93
92
79
63
43
27
18
19
18
47
10
20
11
34
76
56
10
2
25
30
34
16
0
1
2
5
1
2
4
15
15
22
46
90
129
196
275
379
524
513
532
530
520
512
434
349
279
226
157
136
122
103
72
78
122
152
173
199
212
232
254
244
214
180
105
65
111
157
140
150
201
168
24
10
19
47
58
47
67
78
41
20
16
10
11
7
8
32
117
283
540
862
1097
1172
1160
1118
974
694
449
220
63
15
38
62
95
110
127
120
133
130
148
183
175
186
202
248
229
265
260
290
292
231
199
202
248
314
321
223
255
320
361
255
154
73
99
150
177
181
152
168
172
176
195
258
335
394
480
522
606
688
728
620
515
343
199
100
59
18
43
113
73
74
94
91
64
18
6
3
3
2
7
6
10
35
53
91
136
182
189
229
220
297
260
220
172
165
142
141
127
112
101
98
108
130
186
243
277
315
357
276
144
117
144
149
65
49
30
24
19
44
33
50
75
115
161
223
220
236
241
224
192
213
158
166
178
146
168
186
209
241
310
421
552
695
874
907
978
927
840
656
520
344
178
80
37
11
1
7
12
110
382
549
681
747
721
656
542
357
201
105
170
201
308
330
200
127
102
205
255
279
242
220
156
162
173
261
412
456
438
417
389
326
261
135
76
59
40
18
10
17
3
3
3
13
17
33
27
32
42
49
93
177
247
315
415
467
468
472
393
219
52
18
79
207
402
534
615
499
423
418
509
514
559
611
594
544
444
356
317
250
178
74
21
19
41
134
279
398
465
597
783
1098
1508
1977
2449
2820
3121
3441
3609
3754
3957
3985
3940
3863
3699
3577
3540
3445
3337
3051
2759
2327
2160
1909
1640
1457
1320
1213
1042
957
863
822
770
734
775
784
855
803
785
799
725
613
467
382
240
132
178
264
311
278
189
111
79
97
95
74
29
42
73
121
174
278
443
520
491
466
484
499
357
232
140
87
86
74
97
60
35
20
29
17
17
23
127
163
90
85
115
107
59
50
85
130
154
174
165
200
211
234
280
382
527
639
735
744
580
391
273
184
133
118
251
476
624
762
824
911
954
968
864
728
630
561
571
549
583
603
665
670
575
496
400
406
442
501
512
519
446
399
278
118
285
68
59
69
86
110
88
50
18
4
16
76
158
255
327
360
309
197
130
172
252
261
286
324
347
331
309
291
298
283
364
448
602
814
1038
1184
1380
1622
1913
2173
2385
2639
2925
3152
3296
3449
3610
3680
3685
3644
3632
3636
3555
3519
3377
3119
2945
2619
2226
1948
1637
1424
1129
838
681
577
605
577
548
476
438
444
461
439
327
237
168
106
62
60
49
53
81
134
210
278
293
251
188
144
135
100
101
77
47
32
9
7
17
14
29
56
91
105
97
94
143
249
371
470
525
592
684
703
642
454
280
129
51
54
122
149
177
225
280
340
411
517
591
614
614
602
565
521
419
314
206
169
124
97
55
28
8
5
16
46
80
147
106
57
51
25
71
166
307
394
422
380
290
207
101
42
55
139
254
413
520
516
466
403
405
314
249
137
63
20
7
2
1
1
4
4
4
1
0
0
11
16
15
10
13
58
84
85
100
58
94
107
99
85
60
69
80
94
74
47
60
76
118
213
273
334
364
367
346
331
301
245
214
113
62
14
2
1
9
8
2
3
1
0
14
23
34
57
81
160
314
494
580
627
705
667
676
581
490
372
333
290
226
183
203
198
273
292
320
320
278
242
260
405
628
820
928
1021
1107
1119
1109
986
760
573
578
763
909
978
975
895
649
312
180
169
140
122
139
178
122
57
48
165
247
262
288
264
194
140
130
129
138
92
69
47
110
134
138
144
141
99
65
74
133
236
270
198
122
93
117
175
178
144
96
64
57
53
41
14
39
72
114
229
459
653
717
626
602
699
709
575
482
369
249
91
62
53
51
101
233
442
566
642
681
668
669
507
447
517
626
677
685
582
463
545
584
641
891
1210
1426
1453
1310
1319
1335
1382
1443
1553
1466
1274
1144
1096
1563
2036
2302
2357
2358
2149
2001
1810
1631
1362
1053
882
835
968
1175
1318
1159
1074
1281
1530
1708
1507
1454
1544
1722
1840
1961
2098
1896
1573
1407
1048
1312
1733
1990
2152
2054
1998
2148
2294
2579
2706
2534
2328
1812
1214
706
353
415
526
599
669
799
997
1382
2007
2496
2863
3153
3303
3317
4715
4624
3079
3135
3253
3167
2936
2968
2955
2955
3002
2926
2778
2631
2351
2155
2068
1936
1734
1595
1496
1328
1290
1230
1167
1342
1381
1233
1192
1376
1459
1396
1400
1483
1568
1797
1869
1704
1498
1464
1417
1349
1245
1091
908
793
586
399
266
268
224
240
209
164
132
81
63
166
421
710
927
995
1024
1693
1251
1286
1462
1459
1370
1376
1541
1862
2184
2417
2581
2534
2392
1852
1684
1644
1871
2107
1971
1683
1211
1390
1537
1791
2210
2633
2769
2718
2508
2207
1917
1347
686
337
337
318
311
211
156
212
329
599
1143
1593
1909
1910
1671
1477
1446
1322
1097
875
738
749
576
390
703
1023
1429
1591
1848
2020
2103
1889
1562
1148
861
897
747
746
913
1193
1542
1685
1662
1371
1301
1311
1226
985
640
191
385
778
981
1129
1282
1291
1296
1372
1552
1022
561
385
673
708
585
423
284
221
142
66
24
35
87
168
236
224
221
181
104
154
269
376
561
725
873
1145
1489
1895
2365
2849
3409
3991
4620
5061
5409
5506
5500
5366
5389
5287
5124
5071
4975
4811
4761
4668
4302
3900
3524
3022
2773
2497
2182
1846
1648
1437
1120
959
977
996
949
790
668
633
580
492
339
292
490
692
676
679
746
748
769
825
841
838
829
757
755
762
645
523
282
81
267
461
520
536
549
553
510
532
620
730
742
746
683
566
465
404
329
292
337
254
120
247
405
549
845
928
947
861
866
745
606
262
450
650
777
860
939
985
1037
983
784
530
464
708
681
740
725
732
827
886
848
736
621
485
399
246
193
147
276
432
467
463
406
309
257
243
289
353
449
483
603
723
870
1055
1271
1401
1442
1356
1198
1000
821
699
538
433
376
321
267
253
259
274
349
294
290
406
586
741
772
794
718
619
481
342
240
188
134
102
40
23
25
26
18
19
29
20
7
3
14
15
2
22
40
52
89
146
151
175
236
353
540
635
670
599
460
350
211
168
108
89
77
64
82
78
96
111
160
236
257
328
322
286
233
170
90
36
29
15
0
17
32
142
361
521
570
535
388
187
81
44
47
82
124
162
165
137
115
120
101
73
79
72
58
25
22
35
26
32
52
71
91
111
128
134
109
75
42
21
24
19
20
23
20
15
10
10
12
16
23
35
35
60
145
125
37
4
17
51
56
64
67
59
42
29
24
21
12
18
22
52
57
34
23
20
28
20
22
20
18
19
33
5
11
6
6
57
15
16
15
15
68
128
96
49
34
42
34
33
89
120
74
104
87
44
27
31
43
23
9
36
105
58
49
27
41
51
51
61
76
152
175
243
259
232
212
183
201
272
403
612
916
1075
1117
1056
907
736
584
383
178
73
75
85
92
92
93
94
83
60
45
69
98
188
304
412
513
597
704
751
708
643
518
381
243
398
78
82
68
81
99
115
125
104
65
52
28
33
25
16
16
20
21
60
53
29
31
16
20
24
32
30
25
33
58
79
76
51
46
25
16
30
32
16
13
24
16
221
487
686
1120
1682
2513
3079
3199
3003
2918
2724
2305
1573
1065
1397
1689
1903
2130
2454
2685
2895
2797
2476
2064
1525
1141
847
582
430
342
351
430
499
603
612
572
478
393
290
119
67
83
52
53
71
143
110
51
47
109
171
263
253
200
94
46
36
29
73
104
69
46
40
51
37
22
25
46
38
36
31
40
40
28
22
9
6
0
4
31
131
235
409
662
924
1060
1194
1170
1021
850
595
348
196
182
204
206
229
365
616
864
1103
1288
1323
1231
1060
828
625
520
409
354
318
498
645
705
750
831
876
888
838
811
696
612
463
323
237
236
267
399
594
783
809
733
674
580
522
429
353
313
316
369
330
272
213
264
297
363
325
270
223
164
67
42
46
57
108
236
229
234
216
221
251
308
215
110
20
11
20
23
36
46
51
50
46
60
106
131
163
243
224
257
243
261
253
253
286
272
296
303
327
306
305
273
254
192
144
123
105
80
55
47
43
30
32
110
393
738
983
1086
1084
1021
862
656
498
302
83
40
67
128
243
387
577
680
720
699
708
640
534
376
251
157
95
60
35
21
39
46
64
43
41
43
35
22
18
22
12
23
37
27
112
187
220
208
135
61
30
10
1
0
1
8
15
18
22
37
29
11
15
19
27
80
150
247
398
431
430
301
203
124
91
75
31
35
21
18
26
44
72
102
170
201
237
251
265
317
337
308
255
135
50
19
16
12
4
0
0
1
1
12
22
35
34
33
28
32
39
60
66
67
89
118
157
283
461
688
976
1132
1159
1132
1033
846
630
429
244
113
50
39
40
32
34
8
9
0
1
1
1
1
2
0
0
0
0
0
3
23
38
24
43
65
84
54
25
17
25
20
3
2
4
4
11
26
13
6
1
3
2
0
0
1
4
10
24
17
7
0
0
0
6
14
23
28
42
39
23
31
56
54
62
61
65
54
53
61
58
31
28
18
14
24
34
18
11
6
5
1
4
14
32
65
70
57
0
16
68
71
42
0
0
4
6
3
7
6
9
11
34
68
118
214
311
391
422
426
437
442
406
393
351
280
195
124
93
75
114
218
390
618
814
937
1892
1082
898
714
577
439
395
373
373
407
352
285
186
130
57
47
39
92
262
344
425
474
521
589
576
564
454
359
363
379
414
456
447
392
502
554
636
762
871
884
802
594
463
392
535
773
1081
1217
1233
1069
918
663
507
506
693
998
1225
1507
1730
1927
2127
2361
2498
2652
2754
2843
2942
2983
2886
2682
2416
2389
2272
2069
1800
1445
1036
742
582
705
836
1151
1455
1625
1774
2057
2224
2321
2361
2492
2499
2517
2514
2445
2306
2034
1535
971
650
549
643
776
928
1085
1049
1044
988
1020
1032
1018
920
775
643
516
508
431
394
395
474
510
476
439
415
322
206
127
70
47
54
68
69
107
110
117
70
28
23
7
0
0
0
3
5
17
33
53
60
95
147
182
193
217
173
152
178
258
395
468
438
358
364
317
306
312
249
186
100
141
238
352
452
502
505
484
468
472
545
676
833
974
1091
1176
1194
1192
1097
1088
1235
1280
1031
856
732
760
684
544
442
329
281
265
274
285
283
254
296
308
303
269
176
203
179
85
59
42
25
14
54
139
148
92
90
103
85
95
157
196
195
167
135
200
305
337
233
94
61
75
130
206
199
161
185
233
253
189
108
101
148
248
356
388
439
424
357
369
386
343
292
270
323
343
421
544
534
540
416
260
258
262
259
132
180
221
195
220
304
176
162
267
287
266
283
315
418
486
489
493
443
445
542
545
554
697
934
1274
1641
2042
2385
2702
2909
3127
3266
3444
3659
3836
4008
4156
4251
4271
4193
4028
3892
3880
3904
3920
3822
3675
3596
3361
3069
2749
2627
2434
2247
1918
1705
1468
1264
1087
990
928
804
676
609
531
466
427
399
364
352
342
280
249
277
243
163
112
12
20
34
48
35
40
53
37
18
0
0
0
3
4
13
55
83
75
115
198
320
399
498
707
781
1095
1416
1724
1726
1868
1804
1651
1388
1077
1006
988
843
1008
1114
1531
1640
1900
1832
2112
2139
1987
1732
1534
1640
1839
2003
2095
2162
2258
2405
2845
3207
3551
3761
3981
4176
4392
4629
4821
4959
5009
4998
4791
4460
3962
3865
3784
3628
3253
3102
2622
2742
2903
2952
3318
3673
3149
3288
3095
2732
2398
1981
1399
1175
1142
999
1198
1496
1798
2171
2599
2859
2684
2219
1703
1275
1017
1074
1313
1346
1240
1434
1614
1527
1439
1384
1347
1227
1019
827
814
859
1005
1262
1529
1649
1711
1806
2035
2207
1989
1431
580
397
633
1084
1401
1612
1962
2235
2755
2669
2184
1861
1670
1648
1848
1764
1881
1956
1724
1528
1328
1127
929
650
490
420
260
281
360
734
332
275
195
198
203
215
227
251
253
261
226
212
200
161
120
101
129
158
224
252
270
274
257
210
166
98
60
31
38
98
166
237
312
350
258
133
48
76
73
44
8
8
45
84
111
137
153
182
212
305
428
529
690
891
1080
1179
1209
1231
1254
1259
1389
1321
1118
954
920
896
707
532
430
411
352
196
132
157
174
186
208
216
250
300
351
350
339
347
355
422
520
487
409
446
559
578
710
971
1195
1283
1314
1198
1136
1001
836
739
685
628
576
537
556
630
799
1040
1297
1567
2053
2278
2172
2175
2066
1883
1658
1280
976
804
633
703
879
1101
1265
1481
1551
1571
1470
1376
1380
1358
1315
1226
1212
1147
946
810
794
726
563
399
250
315
384
451
494
503
536
590
727
725
744
787
774
754
703
551
492
454
461
569
495
456
541
657
937
1155
1240
1267
1143
958
536
558
680
635
557
497
429
332
344
422
467
467
375
325
286
252
239
232
236
232
219
206
122
100
108
138
179
140
139
126
157
175
214
222
186
175
111
70
30
31
57
97
147
181
273
343
447
604
780
874
933
936
875
769
629
414
198
56
3
0
3
0
0
0
0
0
0
0
8
21
67
161
300
438
544
597
586
512
408
297
170
115
96
78
86
111
119
128
137
131
99
53
34
11
0
0
0
8
20
31
41
45
41
39
20
10
0
25
61
102
153
181
207
198
204
204
188
189
176
159
139
111
111
143
152
149
133
103
100
86
55
59
53
65
65
41
17
14
16
3
7
4
4
4
4
6
7
6
7
8
7
18
26
44
86
191
436
641
828
893
873
782
638
508
445
478
433
392
359
250
174
141
136
139
133
90
99
142
192
259
264
270
316
336
408
467
507
503
497
431
357
274
205
164
129
84
37
14
12
17
10
12
10
9
4
7
8
11
18
22
20
16
5
8
8
5
2
1
0
2
7
9
0
3
2
0
0
0
0
1
4
4
28
61
175
371
506
714
833
898
868
755
559
375
208
137
77
39
12
2
14
35
44
40
20
22
33
44
66
72
111
121
26
23
25
28
62
61
60
62
88
87
86
86
81
66
47
19
5
1
0
1
0
0
0
0
0
0
0
0
0
0
0
0
0
0
0
0
0
0
1
0
0
0
0
0
2
3
7
15
15
21
26
35
32
35
38
35
46
70
62
57
66
53
52
151
47
29
26
23
30
24
28
26
22
20
22
20
34
31
38
51
50
38
41
19
27
26
31
36
28
9
5
1
1
2
5
0
3
0
0
0
0
5
8
15
17
51
171
419
617
755
829
851
837
734
617
439
281
177
140
101
58
34
26
30
55
67
72
67
50
37
37
47
63
23
2
3
7
24
46
70
80
68
49
40
31
44
43
32
17
49
291
616
991
1337
1615
1739
1795
1806
1651
1594
1545
1435
1338
1140
949
828
725
611
689
943
1139
1397
1445
1361
1463
1618
1648
1455
1248
1094
998
903
842
802
688
612
587
574
571
648
642
634
645
553
475
546
603
666
669
673
573
629
712
896
1107
1385
1694
1731
1538
1436
1648
1926
2168
2359
2909
3219
3175
2927
2293
1733
1294
1222
1101
829
777
1047
1288
1411
1392
1221
1059
1000
1024
1363
1732
1961
2023
2123
2167
2131
1996
1843
1597
1182
858
493
192
142
289
611
840
995
1097
1094
1133
1068
967
832
833
791
716
782
755
741
641
536
534
469
391
425
369
319
258
186
160
112
101
107
91
83
120
155
140
115
95
69
57
70
83
65
87
76
40
48
52
52
89
155
193
292
345
470
719
1019
1402
1540
1496
1342
1227
1092
908
828
777
725
713
676
666
609
551
548
616
681
820
949
1152
1517
1831
2153
2458
2759
3094
3455
3734
3909
4085
4153
4267
4109
3969
3818
3731
3500
3276
2872
2505
2158
1895
1792
1830
1869
1810
1638
1502
1346
1181
963
654
498
378
232
176
167
225
311
341
382
379
453
563
737
766
817
811
696
425
268
186
165
122
145
165
177
193
204
203
154
162
177
154
133
175
156
133
92
66
36
56
77
148
184
229
245
264
249
199
180
180
155
137
151
164
192
202
205
194
182
147
107
56
22
5
23
26
39
25
10
0
2
5
8
9
16
33
31
28
44
43
55
60
61
48
44
49
52
68
59
65
99
120
108
114
94
101
124
155
200
243
250
359
467
558
720
801
827
689
571
357
217
117
83
94
64
62
70
125
243
352
385
388
359
301
249
200
168
125
111
106
102
133
366
646
969
1410
1614
1748
1589
1390
1178
989
820
431
446
785
1163
1439
1476
1333
1024
540
107
342
554
517
478
475
523
492
368
306
321
359
482
604
762
876
948
894
809
689
631
633
662
717
851
986
1178
1427
1669
1903
2113
2331
2450
2537
2669
2480
2319
2224
2225
2216
2237
2159
2066
1892
1564
1310
1099
979
913
815
732
730
694
713
816
174
72
77
90
91
78
65
89
146
272
349
468
571
585
587
574
560
570
494
498
483
542
750
994
1170
1331
1520
1620
1624
1555
1392
1248
1137
1136
1146
1229
1269
1290
1301
1310
1333
1385
1375
1346
1221
1014
937
886
854
913
880
929
922
936
901
900
873
881
857
840
743
730
650
555
511
591
578
587
631
726
789
815
772
727
697
616
399
166
38
16
37
41
100
208
322
434
460
600
671
808
931
1025
1069
1089
1081
1139
1186
1173
1161
1186
1100
1072
1004
863
664
556
499
420
389
404
375
362
336
313
305
249
198
192
228
274
316
354
448
490
526
629
706
810
942
1047
1104
1147
1087
952
845
701
523
476
303
163
151
161
218
258
270
256
184
151
119
90
66
61
59
70
88
79
97
88
81
66
41
26
18
11
14
9
3
0
12
11
16
20
30
122
194
234
306
346
326
270
194
195
164
139
150
234
310
406
550
627
696
735
716
637
506
379
317
275
205
158
115
73
56
63
81
113
143
121
109
114
126
133
157
165
183
235
270
306
376
461
601
702
861
991
971
913
847
723
614
461
311
235
223
262
333
338
341
272
148
78
39
54
73
57
49
56
73
81
122
160
194
214
200
126
122
203
315
364
476
479
495
469
496
438
441
436
452
468
453
405
310
234
204
175
155
133
130
100
80
52
61
37
33
23
17
8
0
0
0
3
12
21
26
29
14
10
21
30
28
21
21
35
39
49
64
53
34
13
26
60
118
215
338
468
485
547
560
520
465
366
329
249
198
147
123
102
78
107
192
375
563
689
755
767
707
602
478
316
190
95
90
68
87
120
143
198
254
304
349
394
419
527
659
720
709
744
780
877
918
1005
1138
1292
1536
1861
2051
2199
2403
2593
2861
3087
3270
3510
3782
4045
4270
4471
4588
4687
4721
4696
4532
4239
4011
3732
3397
3065
2786
2427
2158
2189
2176
2041
1798
1425
1111
823
455
205
151
352
899
1572
2222
2771
3272
3688
4038
4330
4564
4754
4877
4912
4885
4846
4779
4651
4534
4331
4186
4107
3968
3928
3759
3558
3352
3005
2617
2167
1552
1056
733
526
539
820
1157
1327
1353
1298
1256
1113
976
889
938
1075
1142
1255
1295
1345
1391
1471
1630
1747
1910
2104
2339
2497
2617
2726
2803
2864
2854
2858
2812
2836
2903
2869
2853
2726
2567
2546
2416
2312
2120
1877
1690
1549
1320
1093
937
854
652
516
422
327
230
221
229
171
153
77
25
18
2
2
6
45
133
210
262
639
246
287
228
154
162
239
313
357
411
433
409
303
228
220
180
115
62
63
46
58
87
150
195
264
247
261
367
357
390
446
438
342
277
247
198
337
652
932
1212
1319
1302
1213
958
713
568
446
492
552
529
620
720
657
393
197
175
420
893
1020
991
824
595
494
486
503
409
415
315
111
36
55
112
158
171
205
160
111
75
61
54
77
119
206
278
297
300
258
182
164
156
171
183
159
184
187
205
247
309
519
625
479
300
203
199
185
217
232
253
244
235
288
256
277
284
322
376
306
260
207
156
79
64
72
100
132
182
145
111
81
61
52
36
41
48
48
64
67
49
38
20
17
7
2
6
50
117
153
177
96
18
29
51
80
60
44
27
47
32
80
37
13
19
22
8
15
38
19
38
54
54
52
37
18
6
7
2
0
9
18
36
58
70
105
135
123
96
71
73
95
98
55
21
3
6
7
5
4
4
21
37
66
88
149
235
356
570
667
655
498
344
151
53
49
97
113
206
337
355
230
143
136
119
100
87
107
106
81
64
69
77
35
8
4
26
51
53
39
49
113
253
501
727
1019
1271
1398
1457
1450
1332
1088
831
650
563
494
479
500
600
810
1011
1194
1093
780
544
444
360
408
502
468
410
310
312
368
360
259
220
227
298
483
668
893
1111
1154
1044
749
397
233
267
343
523
732
846
878
787
667
389
227
152
134
144
252
388
457
549
650
607
507
632
586
731
763
805
849
870
855
846
852
777
576
480
456
479
600
851
1033
1283
1456
1270
1304
1149
1134
936
720
688
622
506
304
186
185
142
124
108
148
173
155
213
190
225
279
340
390
459
512
426
515
514
463
453
434
390
345
442
531
599
671
671
672
844
856
732
564
388
252
271
346
319
346
413
464
598
1047
1447
1530
1498
1286
1102
1042
1013
806
620
610
780
822
796
711
558
438
370
405
580
672
723
675
464
459
598
639
609
645
898
1161
1373
1585
1973
1812
1511
1248
1241
1063
914
796
1043
1391
1833
1978
1678
2136
2531
2583
2621
2551
2397
1997
1924
1764
1516
1317
1077
784
518
398
462
713
912
944
916
920
696
614
561
521
386
280
236
181
136
102
145
134
127
130
174
344
592
774
937
1202
1465
1706
2012
2280
2390
2307
2402
2331
2082
1808
1616
1400
1166
1068
1225
1480
1514
1618
1512
1405
1211
973
869
714
572
449
403
347
309
270
227
205
174
97
83
336
97
92
87
102
104
110
170
288
450
596
731
883
998
1032
964
890
765
716
645
579
460
348
252
180
135
82
45
28
18
26
90
99
101
187
328
449
484
532
505
492
435
395
331
266
249
260
318
299
299
259
273
317
333
454
927
1503
1622
1360
1449
1226
862
660
720
707
862
980
1048
1067
684
436
336
155
70
134
226
219
170
295
450
511
496
419
321
261
227
231
280
351
412
493
577
752
1052
1549
1916
2256
2486
2460
2294
2155
1984
1824
1678
1535
1383
1301
1160
1033
963
880
764
663
610
548
673
856
1070
1338
1623
1800
1820
1821
1680
1467
1199
974
818
768
752
738
710
573
468
378
373
358
387
441
570
655
640
623
656
649
633
523
368
275
230
154
84
128
112
76
41
32
32
71
110
143
199
192
208
159
96
88
102
95
120
128
95
74
67
40
11
17
54
60
65
26
2
0
10
35
54
64
50
25
5
0
0
0
1
1
0
0
0
5
13
28
23
12
3
0
0
0
0
0
0
0
0
0
0
0
0
7
1
1
6
1
0
0
0
1
8
17
44
82
140
243
357
421
489
479
448
348
183
68
27
17
21
38
38
35
35
35
30
20
7
13
10
5
0
0
0
0
0
0
0
0
0
0
1
5
9
11
13
8
8
3
3
4
0
0
13
21
5
0
11
13
11
6
0
0
0
3
13
3
0
0
0
0
0
0
1
4
6
11
11
19
28
38
41
41
42
36
31
27
31
25
23
23
22
25
29
34
26
18
11
2
5
6
0
2
1
2
0
0
0
0
0
0
0
0
0
0
0
0
0
0
0
2
11
13
0
1
0
0
0
0
0
0
0
0
1
4
9
13
27
32
44
56
59
55
31
12
0
0
4
20
28
14
1
0
0
0
0
0
0
0
0
0
0
0
0
0
0
0
0
0
0
0
0
0
0
1
3
59
191
429
591
666
668
628
512
386
293
221
141
64
19
1
10
7
1
2
2
1
1
1
3
1
2
2
6
4
5
1
1
5
0
3
62
63
20
11
5
1
8
28
40
67
114
179
203
226
263
235
243
229
227
255
291
337
378
371
366
350
284
273
263
227
241
215
189
192
178
164
146
127
98
93
76
69
55
52
49
49
56
63
61
63
51
30
17
5
31
56
143
252
320
363
318
260
192
181
211
233
247
674
313
294
300
230
158
107
84
101
98
122
157
170
145
46
14
40
70
181
227
259
295
212
136
80
25
5
35
227
564
769
862
834
1006
1096
1213
1246
1327
1360
1360
1289
1193
1051
964
859
738
514
410
281
210
131
101
84
52
40
26
4
10
46
134
184
209
252
229
221
198
209
210
195
176
145
129
140
156
167
177
156
120
72
28
37
129
137
166
145
112
67
40
138
248
403
491
520
467
384
288
118
69
93
81
136
175
196
153
55
7
13
30
27
21
15
14
20
49
43
77
100
115
159
235
284
298
320
359
367
353
297
225
144
86
59
30
21
14
9
16
47
69
85
104
89
76
66
40
20
4
0
0
9
34
31
23
4
28
221
482
868
1321
2009
2434
2428
2290
1902
1401
1093
775
744
810
808
854
900
918
903
917
938
973
933
854
716
583
462
354
188
28
32
32
38
52
58
79
71
149
324
432
540
624
631
614
421
437
526
589
694
795
1000
1258
1471
1575
1740
1898
1856
1663
1444
1113
1080
1120
964
675
396
219
175
128
185
473
926
1370
1683
1769
1709
1493
1361
1081
934
883
1224
1170
1005
965
924
940
908
848
709
671
1063
1440
1704
1677
1347
961
771
613
361
219
143
247
327
398
452
482
531
579
688
927
1181
1362
1456
1490
1494
1321
1163
934
703
513
441
450
415
350
281
170
123
104
110
167
229
288
331
445
513
466
362
436
469
428
558
911
1242
1559
1801
2024
2130
2128
1936
1600
1337
988
857
815
819
705
622
478
477
451
502
689
939
1184
1443
1519
1375
1499
1707
2020
2261
2321
2303
2213
2084
1849
1617
1312
1049
953
938
932
1002
1099
1171
1285
1479
1707
1858
2027
2215
2419
2747
3091
3335
3452
3386
3325
3447
3590
3423
3377
3534
3708
3863
4066
4033
3945
2991
2465
2216
1824
1604
1538
1477
1531
1606
1535
1520
1475
1471
1474
1647
1648
1548
1459
1486
1645
1916
2484
2761
2653
2636
2746
2719
2427
2109
1833
1406
819
525
652
697
928
1306
1813
2156
2469
2818
3009
3075
3069
3051
2933
2550
2176
1977
1906
2078
2422
2716
2747
2739
2733
2687
2551
2381
2234
2069
1813
1482
1489
1604
1690
1711
1936
2098
2391
2450
2178
1836
1481
1219
1098
1076
1131
1487
1978
2151
2290
2241
2334
2255
2019
2079
2526
2713
2490
1988
1329
851
1158
1744
1974
2134
2352
2444
2257
1919
1661
1371
1106
757
328
508
774
1110
1362
1458
1619
1704
1543
1576
2024
2401
2632
2506
2329
1992
1540
1068
834
815
810
837
1003
1187
1219
1265
1211
1193
1107
936
843
812
728
1016
583
741
823
901
927
942
1073
1274
1384
1239
1235
1144
1009
758
562
718
873
944
775
629
866
1287
1542
1448
1161
1081
1145
1163
1210
1252
1208
1165
1156
1078
938
917
934
890
942
998
994
688
862
960
871
934
1341
1582
1461
1164
857
894
1139
1256
1187
1184
1102
978
742
666
1098
1593
1845
2023
2066
1955
1790
1576
1589
1608
2025
2077
2077
2008
1644
1287
1081
891
794
1002
1196
1404
1532
1639
1727
1871
1770
1940
2061
1892
1720
1378
1050
1063
1320
1518
1603
1919
1827
1225
1121
1081
966
772
645
587
635
651
723
700
765
973
1215
1381
1405
1338
1143
972
782
724
693
738
729
656
625
682
638
606
622
690
627
545
490
386
241
221
279
336
372
372
397
373
340
304
246
202
155
107
84
69
75
109
150
174
191
172
154
131
106
88
70
37
13
51
104
167
235
321
550
703
825
914
1049
1188
1234
1302
1390
1253
971
799
748
582
762
1105
1466
1753
1985
1838
1808
1701
1343
844
557
325
255
292
506
612
640
599
626
582
773
1036
1156
1178
1088
994
901
975
1091
1432
1549
1584
1669
1720
1589
1272
1063
867
845
841
879
900
800
899
1191
1625
2171
2341
2611
2628
2496
2357
2242
2201
2388
2576
2855
3189
3498
3793
4023
4269
4464
4543
4479
4513
4660
4412
3978
3561
3168
2757
2560
2468
2395
2215
1885
1600
1305
1035
763
865
1077
1139
1307
1561
1724
1831
1918
2072
2464
2900
3266
3477
3686
3879
4026
4104
4139
4192
4013
3803
3480
3126
2760
2357
1926
1452
997
634
408
221
217
249
539
836
1037
1167
1086
972
900
775
768
712
635
666
798
1030
1324
1740
2021
2264
2097
1530
1321
1608
1740
1649
1470
1258
1136
1415
1540
1697
1781
1863
1816
1752
1553
1360
1138
981
953
863
780
611
373
215
306
486
648
684
584
651
763
781
560
489
413
337
344
347
416
451
522
444
269
197
239
286
347
385
373
301
277
320
319
236
170
100
42
59
121
156
180
175
165
127
83
51
42
96
166
287
518
798
1027
1146
1278
1294
1096
811
534
295
184
236
311
368
423
583
705
801
919
935
886
809
706
608
506
376
292
232
179
148
95
94
90
83
78
58
54
78
76
100
185
404
591
771
878
933
953
778
484
534
683
800
892
842
811
736
825
978
1150
953
721
728
798
949
1010
911
733
579
414
508
631
688
787
881
907
947
899
836
810
696
622
532
336
179
336
417
501
492
543
527
484
396
405
370
309
260
183
205
223
243
268
268
281
287
266
274
247
189
134
115
102
96
129
506
51306
32431
96
73
43
21
32045
0
23
70
137
35003
126
129
138
106
91
80
51
46
27
19
25
56
91
121
140
126
113
96
98
70
89
120
157
146
171
152
145
114
128
120
81
42
26
5
3
1
3
0
0
7
21
26
33
50
72
62
55
34
37
48
157
437
863
1318
1663
1826
1860
2052
2048
1941
1989
1722
1313
896
963
1222
1559
1874
2024
2157
2282
2071
1949
1896
1821
1644
1295
1014
778
534
503
516
484
488
510
527
582
663
626
495
536
519
660
793
809
643
465
393
324
276
303
350
460
652
697
618
637
547
489
376
356
325
235
280
327
261
222
256
176
109
80
120
177
300
486
671
850
984
1137
1321
1422
1454
1427
1317
1157
967
781
635
517
437
273
237
313
398
444
456
434
405
366
400
460
521
616
845
1068
1359
1593
1822
2061
2276
2262
2109
1826
1361
1134
1037
968
955
1008
1036
1069
1142
1146
993
797
554
411
343
324
304
331
395
422
437
420
358
291
297
388
518
565
717
1092
1497
1886
2392
2820
3153
3501
3895
4159
4553
4829
4954
4962
4909
4725
4574
4465
4247
4025
3731
3438
3039
2717
2360
1844
1643
1463
1202
872
522
405
535
850
1064
1185
1090
1109
1161
1175
1272
1322
1174
914
746
683
768
870
948
1059
1067
1029
971
850
780
701
579
561
606
611
577
502
452
349
363
360
402
461
517
577
528
391
293
406
433
596
732
757
739
753
955
1069
841
532
453
456
505
552
586
657
584
471
427
567
543
524
414
334
309
282
231
231
161
92
82
118
125
122
156
163
191
183
161
107
49
18
5
38
77
107
113
141
147
157
205
319
401
355
345
315
378
443
483
619
1069
1301
1287
1101
1126
1329
1532
1520
1522
1523
1404
1297
1277
1518
1725
1696
1835
1954
1518
1100
1851
2193
2187
2033
1903
1839
1704
1661
1858
1697
1672
1763
1716
1612
1527
1540
1564
1644
1855
2081
2440
2660
2896
3129
3646
4009
4376
4822
5084
5346
5501
5551
5523
5602
5662
5474
5423
5401
5357
5208
4991
4828
4536
4391
4029
3586
3158
2744
2200
1647
1241
1113
1197
1435
1593
1760
1796
1652
1327
1153
1170
1154
1027
1239
1595
1830
1926
1855
1683
1369
953
794
797
794
856
861
831
804
745
696
653
501
367
294
337
463
534
624
684
694
966
1186
1092
846
655
545
461
530
726
1066
1414
1708
2006
2313
2513
2796
3036
3434
3689
3985
4183
4371
4347
4242
4069
3618
3006
2706
2434
2191
2076
1873
1690
1607
1505
1186
879
659
858
1131
1440
1702
1977
2209
2344
2604
2790
2909
3002
2985
3027
3316
5308
3636
3672
3615
3173
2704
2266
1969
1718
1521
1386
1287
1278
1097
1018
1058
1093
934
734
540
370
277
255
281
359
424
442
435
454
391
349
259
172
132
38
75
115
153
288
438
646
774
757
716
503
435
429
388
339
234
199
317
410
522
644
780
939
1084
1200
1275
1337
1256
1226
1109
961
759
725
666
663
729
635
835
912
919
920
947
953
968
900
921
961
960
930
888
829
832
689
488
325
376
416
415
331
264
236
204
201
280
360
418
413
425
372
347
272
220
174
173
125
88
80
98
162
267
293
287
319
324
340
299
252
178
138
135
117
161
150
155
126
80
46
26
27
49
119
199
245
291
371
585
946
1248
1414
1488
1466
1236
929
625
345
203
256
290
329
349
435
562
671
715
834
879
948
916
817
652
534
429
345
396
419
482
510
385
334
296
216
198
192
202
196
204
223
233
326
416
531
658
790
800
746
745
662
586
490
448
392
295
175
101
116
185
245
283
380
550
694
860
929
988
1008
1022
954
836
830
787
722
672
541
471
446
363
380
323
336
345
416
368
299
214
141
121
103
107
139
118
133
126
109
73
52
65
68
47
31
16
15
27
45
57
60
57
67
76
211
475
856
1192
1357
1318
1454
1485
1583
1922
2262
2044
1636
1022
1020
1219
1513
1781
1911
2011
1947
1684
1292
780
579
582
371
311
310
244
149
97
117
119
135
176
205
187
163
190
172
123
55
19
42
75
94
112
131
122
107
82
47
16
49
61
50
52
71
68
74
62
54
45
41
63
192
496
781
1093
1232
1250
1306
1240
1112
935
763
641
534
392
352
375
361
353
356
357
299
371
391
423
405
346
262
212
194
185
135
82
33
14
6
6
16
10
12
15
21
21
38
39
77
185
465
757
1026
1305
1367
1679
1802
1817
1878
1737
1725
1340
935
851
919
1113
1208
1243
1193
1011
849
590
417
336
256
167
128
88
97
95
125
124
121
112
95
77
64
73
90
110
129
169
277
364
401
426
389
354
315
325
311
319
433
434
367
343
368
328
331
278
219
195
150
151
146
162
155
309
263
120
174
169
178
174
144
94
21
2
3
10
55
75
83
97
104
99
73
51
26
43
42
20
10
7
4
4
1
1
0
0
2
1
1
6
10
15
0
0
0
0
0
105
247
205
193
128
108
63
49
35
45
34
25
19
16
11
32
81
136
166
129
91
32
10
10
13
152
32
27
47
69
56
36
24
15
7
6
4
20
38
59
72
65
59
23
18
12
15
8
10
6
1
0
0
0
1
3
3
2
3
16
13
26
35
67
74
50
42
27
16
17
16
18
18
17
10
3
1
1
1
0
3
38
26
7
5
7
2
3
0
7
11
15
2
5
4
3
5
2
1
22
10
14
21
26
26
24
13
6
3
3
2
0
0
2
2
8
20
33
35
28
35
38
44
51
33
31
24
41
29
9
6
13
3
4
0
16
44
18
5
6
12
7
3
2
6
10
4
9
13
5
16
7
2
0
0
1
8
11
16
20
16
4
2
2
0
0
0
1
1
0
10
21
22
65
96
78
67
78
54
35
19
17
26
51
66
60
39
36
53
43
63
145
283
583
789
886
918
856
773
660
606
650
635
531
487
455
445
448
536
682
801
868
939
904
905
787
727
580
383
327
265
249
244
263
190
170
85
15
2
4
12
38
97
88
56
29
27
36
48
54
132
246
261
196
187
215
180
159
141
135
113
115
107
62
45
27
14
16
20
12
2
13
41
67
141
204
235
195
138
220
240
243
162
180
218
252
289
261
222
121
105
104
46
125
166
155
115
75
58
27
28
65
125
254
374
467
461
457
496
568
546
533
612
682
648
559
426
303
228
284
335
380
420
433
465
422
415
389
406
466
494
510
457
362
461
544
593
607
579
564
519
379
322
415
607
744
737
741
907
1029
1126
1179
1161
984
748
736
805
748
596
537
341
322
499
629
940
1365
1262
1120
1157
1438
1737
2005
1924
1848
1805
1752
1476
1465
1535
1555
1561
1704
1805
1990
1983
1593
1477
1229
1100
898
1007
1146
1468
1795
1953
1956
2161
2493
2821
3161
3469
3653
3639
2966
2783
3021
3047
2767
2535
2157
1693
1482
1452
1512
1784
1936
2211
2706
2840
2573
2417
2544
3117
3377
2913
2746
2536
2468
2214
2014
1896
1727
1571
1388
1323
1405
1429
1475
1487
1458
1543
1533
1377
1386
1080
868
840
869
668
507
422
452
523
564
558
577
612
563
385
240
216
201
255
304
453
534
721
890
992
1031
1127
1336
1124
1007
1370
1658
2034
1181
843
905
958
1158
1885
2436
3080
3133
3069
2549
1696
1174
775
532
483
393
391
489
675
914
880
722
484
295
218
267
371
564
917
1311
1577
1654
1433
1055
784
541
389
235
184
205
222
294
334
313
269
127
132
211
250
278
281
280
306
312
295
285
236
473
122
112
94
117
101
117
95
102
162
199
172
191
269
282
261
166
184
242
215
204
178
216
222
236
358
480
651
859
1127
1266
1039
593
91
199
501
744
943
967
1018
914
856
853
714
530
480
327
156
88
90
214
334
275
93
233
544
881
1226
1281
1173
809
575
395
155
159
493
885
1182
1217
1071
768
855
772
518
836
871
924
870
718
511
419
205
181
290
476
785
983
1047
865
667
505
447
463
522
578
546
379
334
335
525
593
628
576
561
567
521
406
332
239
211
234
187
130
114
166
207
215
175
53
102
213
277
310
308
192
107
61
46
52
75
83
72
81
206
197
119
100
116
136
203
287
458
499
188
48
37
75
164
133
135
98
62
40
27
50
119
154
134
117
90
62
49
24
12
17
12
8
17
28
29
33
21
11
6
14
14
22
24
31
30
43
80
79
70
55
47
51
69
72
74
91
93
100
108
126
122
158
182
222
263
286
335
378
353
440
450
466
500
537
509
496
562
660
712
687
806
972
1193
1221
1220
1145
1092
1029
946
792
721
826
1062
1097
981
944
880
765
745
729
513
277
297
301
258
294
372
445
477
552
563
590
545
588
592
547
503
413
381
430
545
462
408
349
304
234
252
308
288
222
180
144
127
75
32
24
50
144
96
63
104
142
163
142
100
134
236
305
309
279
316
513
730
946
1038
879
733
600
620
448
314
438
540
414
288
124
48
33
60
54
21
7
4
2
3
14
34
50
63
132
202
223
220
173
87
28
5
21
69
110
142
126
111
167
299
508
702
908
1048
1034
861
693
643
490
347
334
323
319
278
215
165
63
33
52
90
72
49
43
48
35
24
30
24
18
22
22
7
8
4
5
1
0
11
19
20
15
15
5
2
1
18
17
41
72
95
44
37
48
92
163
195
242
261
372
499
562
524
458
437
280
137
90
94
139
212
256
331
410
423
501
604
782
1084
1290
1486
1765
1821
1760
1656
1462
1296
1459
1471
1306
972
1027
1218
1221
1134
954
662
597
524
358
270
239
318
364
305
286
280
225
177
147
243
367
404
411
571
682
669
484
301
297
328
349
366
454
416
327
198
187
224
233
241
231
290
357
374
496
539
459
282
168
119
180
289
486
560
554
439
380
315
351
497
615
777
857
991
1418
1803
2066
2432
2702
2543
2328
1845
1473
1256
1270
1618
1828
1799
1652
1417
1903
578
713
984
922
724
529
406
335
249
217
106
38
92
293
850
1346
1764
1678
2068
1993
2105
1943
1890
1753
1607
1494
1512
1475
1407
1482
1553
1537
1362
1467
1564
1216
764
432
531
549
630
697
836
929
1182
1324
1586
1816
2425
2262
1938
2033
1411
955
967
1014
901
465
281
276
347
559
903
1039
1041
725
281
370
609
720
811
788
723
535
382
286
240
187
260
323
340
354
419
513
402
229
215
140
51
28
103
197
281
381
479
386
264
166
173
237
271
353
276
129
597
895
964
979
987
1177
1131
974
880
731
442
367
525
768
946
1075
1270
1340
1325
856
317
104
133
38
40
172
224
184
91
75
64
81
71
57
101
185
244
243
229
197
172
204
213
278
266
274
349
312
378
506
582
667
629
637
657
626
575
606
564
523
406
345
337
524
785
988
1430
1927
2475
2940
3237
3096
2819
2418
1842
1257
689
588
930
1188
1212
1097
988
940
904
758
771
782
724
548
335
117
143
165
75
4
5
14
6
4
3
4
3
0
4
76
231
376
567
698
768
729
674
571
481
433
410
376
346
335
288
138
106
132
111
104
92
93
88
40
54
62
78
87
108
131
132
163
175
246
306
306
142
152
232
236
236
305
376
368
254
254
226
169
80
75
79
75
94
151
278
373
427
433
427
362
288
234
169
134
112
79
39
20
21
15
19
25
25
29
51
52
32
15
4
12
53
42
57
54
47
99
281
606
937
1032
827
682
509
394
198
75
54
70
99
74
71
115
217
283
369
413
320
252
285
325
319
278
126
165
355
596
747
871
910
855
806
829
954
1091
1176
1358
1512
1443
1224
921
722
631
623
718
821
953
1133
1309
1370
1348
1291
1139
981
624
598
612
571
507
393
317
208
143
101
38
43
88
123
155
162
248
354
436
503
588
690
697
573
435
279
198
268
378
555
700
920
876
764
814
878
1207
1277
1264
964
644
361
373
253
278
350
313
366
332
355
231
229
200
162
113
98
99
96
182
316
497
818
1010
1213
1470
1474
1381
1139
1276
1700
2075
2471
2841
2878
2817
2710
2987
3357
3780
4299
4711
5068
5134
5063
5159
5387
5595
5708
5622
5441
5136
4805
4415
4022
3611
3142
2950
2882
2660
2528
2483
2378
2086
1822
1516
1318
1212
1028
887
754
783
771
685
662
799
791
802
734
562
334
286
362
525
620
493
313
323
338
352
249
213
211
396
514
605
438
468
579
436
288
383
485
452
379
225
131
466
246
273
226
228
212
252
284
249
192
211
255
312
338
414
475
501
452
632
796
766
544
245
226
204
139
93
78
103
159
191
157
90
54
29
32
44
56
54
43
48
75
94
149
198
213
189
165
104
57
38
44
54
53
46
47
56
55
43
37
30
25
22
16
28
36
37
36
51
50
45
41
24
19
27
26
4
0
0
0
0
1
2
1
2
7
7
15
8
4
4
1
1
2
2
4
22
58
107
90
32
17
0
0
7
6
3
5
3
0
0
0
0
1
4
3
0
0
0
1
1
2
0
0
4
1
0
0
0
1
3
1
0
0
0
0
1
0
4
5
14
12
17
9
3
3
4
23
16
33
80
125
197
242
161
185
299
478
452
223
76
7
36
71
77
51
34
27
13
5
2
0
0
0
0
0
0
0
1
15
28
32
5
1
7
14
9
17
17
18
8
4
2
1
0
0
0
0
3
1
0
0
0
0
0
2
200
521
763
932
921
771
672
556
447
267
161
87
172
294
368
431
467
501
532
710
917
927
988
800
457
152
125
159
187
220
252
293
302
308
228
143
88
41
18
8
6
17
18
19
37
70
111
123
132
110
80
56
40
27
23
16
12
12
15
20
26
31
24
33
31
24
22
28
23
19
19
18
17
17
20
18
24
32
33
25
25
22
12
6
2
1
15
58
89
56
25
4
2
2
0
0
0
1
0
0
0
0
2
2
3
5
8
19
29
7
1
0
1
0
0
3
4
1
5
2
3
5
6
1
0
2
4
4
1
1
4
11
23
12
1
0
0
3
12
76
286
475
577
571
510
419
292
199
171
155
199
211
245
293
294
294
267
247
183
226
307
325
248
162
195
327
375
368
401
507
583
590
410
179
169
245
168
66
88
127
138
59
8
2
11
30
34
35
33
12
0
2
2
1
1
3
0
0
5
14
0
2
3
1
2
2
2
7
5
4
0
0
0
1
0
0
0
0
0
1
0
0
0
0
0
0
0
0
0
0
0
0
4
32
91
120
99
70
57
71
171
324
326
207
113
61
141
213
239
267
294
232
128
19
6
21
30
17
4
0
2
13
18
27
46
76
81
50
48
94
131
131
170
213
264
315
297
124
95
295
420
402
372
264
344
310
216
251
273
235
168
195
185
98
196
70
52
60
52
59
38
37
67
237
243
54
18
59
68
40
6
4
2
6
22
57
121
261
396
534
618
517
468
418
386
387
415
475
558
558
493
368
250
179
119
186
260
396
502
530
479
438
375
324
266
207
160
135
198
423
556
469
269
175
237
255
184
167
239
261
328
330
222
127
57
47
43
19
6
8
20
42
110
139
77
24
75
162
201
160
96
50
33
42
55
43
25
27
63
93
89
69
13
2
0
0
0
0
0
0
1
2
0
0
0
6
15
33
41
57
63
72
73
79
56
32
29
28
17
21
17
7
8
10
8
3
0
0
0
0
0
0
0
0
0
0
0
1
2
10
17
46
49
158
476
710
829
848
834
795
583
359
277
253
286
377
505
631
636
554
446
344
303
243
250
324
465
634
651
760
875
930
1015
1140
1227
1356
1415
1459
1475
1577
1690
1778
1832
1912
2074
2239
2425
2607
2810
2983
3217
3274
3237
3153
2924
2574
2103
1613
1122
657
226
67
160
499
1029
1421
1754
2088
2332
2554
2639
2652
2736
2693
2677
2619
2568
2448
2232
2055
1876
1764
1660
1499
1388
1295
1241
1329
1272
1204
999
758
597
597
601
575
437
568
690
601
475
506
646
845
643
571
431
243
110
152
170
188
229
320
536
872
1177
1544
1914
2255
2176
2251
2101
2419
2507
2452
1894
1305
988
691
394
355
574
679
630
520
456
569
786
1179
1618
1806
1515
1356
1660
1968
1886
1627
1629
1402
960
543
440
546
529
511
342
119
43
96
194
265
306
308
288
382
402
326
206
251
246
265
255
179
68
19
15
45
40
29
15
27
80
140
150
144
113
92
59
27
42
82
148
152
217
303
394
389
314
214
109
69
113
111
81
82
66
66
101
93
81
48
51
56
66
52
44
36
44
48
62
35
30
21
34
80
202
331
440
358
362
365
323
291
240
228
206
161
76
33
10
2
1
9
4
16
54
147
260
407
534
583
636
629
616
666
758
760
712
559
402
282
219
147
112
86
44
29
54
137
318
544
752
935
973
1008
1008
1044
1056
1068
1129
1068
974
951
1091
1225
1271
1358
1382
1379
1404
1416
1361
1153
1093
990
913
788
663
849
1159
1150
893
1114
1303
1148
821
735
826
822
905
901
871
758
649
557
452
403
370
290
265
233
170
155
199
238
283
308
345
401
412
395
290
217
133
55
23
7
6
8
40
5
4
18
72
347
1127
1676
1819
1767
1789
1713
1765
1592
2056
1172
1156
1295
1156
904
670
733
722
469
273
162
146
155
116
81
138
310
419
504
451
339
225
62
23
28
38
79
149
228
276
276
242
178
108
108
161
188
186
164
164
164
226
275
336
576
604
630
669
638
513
378
246
187
114
80
71
133
231
268
213
228
238
279
269
282
270
256
314
365
348
364
431
460
465
404
305
146
79
49
5
8
15
73
136
229
264
284
330
391
326
179
184
167
142
149
119
151
209
189
168
190
225
242
290
294
282
277
255
228
183
135
140
191
248
327
538
731
852
811
752
446
154
221
568
803
907
918
842
765
600
396
122
79
330
505
521
543
517
531
594
609
484
226
106
319
420
489
654
739
732
650
505
209
12
126
305
366
472
456
487
500
455
385
264
145
91
85
117
114
100
54
24
17
47
63
81
79
124
232
403
497
485
430
399
366
286
228
162
112
86
81
91
200
254
253
210
190
217
284
338
454
543
478
290
450
620
632
608
520
224
115
180
88
72
51
40
59
208
374
490
593
536
499
423
710
1003
1116
989
698
699
618
337
420
535
461
306
109
140
324
438
289
145
194
181
144
198
222
231
226
222
216
171
111
12
3
73
110
140
168
255
340
495
512
543
525
533
578
583
568
516
418
392
491
614
628
536
496
529
573
579
510
607
604
614
520
431
359
289
110
83
135
201
193
101
49
77
92
80
50
48
47
46
40
27
17
28
74
158
246
337
393
464
565
657
719
800
805
671
432
449
547
508
443
391
294
311
413
401
322
381
485
679
653
677
560
454
338
275
198
67
23
48
105
190
274
303
270
323
405
468
516
566
516
455
456
519
534
548
498
512
486
483
469
428
409
337
175
138
134
135
170
192
258
441
564
525
490
554
698
663
542
467
469
424
459
478
415
387
318
290
285
316
369
393
353
324
359
357
360
317
302
285
275
309
336
347
308
276
300
319
328
383
425
607
861
982
1215
1229
1408
1467
1487
1549
1527
1617
1742
1930
2087
2207
2303
2429
2530
2653
2779
2855
2951
3007
2967
2723
2425
2258
2219
2365
2418
2448
2179
1868
1504
1098
703
475
386
264
191
140
108
51
25
29
81
118
159
168
163
174
152
177
182
206
262
387
450
420
428
509
585
720
911
975
1105
1278
1443
1767
2025
2277
2510
2668
2823
2983
3061
3125
3182
3205
3212
3247
3257
3275
3258
3193
3059
4537
2813
2644
2473
2309
2135
2074
1934
1753
1578
1395
1226
1190
1061
987
902
824
628
389
198
113
77
70
104
93
96
110
84
82
121
180
235
164
92
114
199
236
262
177
95
52
16
22
34
9
3
0
0
2
1
2
4
9
2
0
0
1
12
14
21
19
15
22
18
13
20
21
13
18
22
20
30
20
15
12
10
0
0
12
4
0
4
3
7
37
57
46
12
5
16
43
31
33
26
14
10
7
7
51
151
207
275
320
323
306
410
643
804
762
468
259
279
276
242
189
150
179
268
359
409
381
344
297
324
402
523
597
593
552
626
782
987
1152
961
770
538
367
284
178
124
153
107
43
1
8
6
10
49
113
198
210
193
230
240
228
280
244
296
324
237
110
56
25
24
23
13
11
14
12
6
8
4
18
29
57
73
66
73
53
34
38
29
25
28
52
49
60
120
112
59
59
56
84
66
59
43
26
20
16
19
29
49
66
56
72
72
141
123
66
33
39
62
38
11
1
4
7
24
37
20
9
3
0
1
2
6
10
8
5
3
12
15
16
13
3
2
4
0
0
0
0
0
0
0
0
0
0
0
1
0
1
0
0
3
2
0
3
2
1
6
5
6
3
8
16
18
19
13
11
17
16
17
12
13
7
10
29
42
44
73
41
64
121
130
81
49
46
84
147
270
285
209
146
103
42
6
5
32
83
107
107
104
125
136
139
114
107
91
95
101
87
64
38
17
6
0
0
1
10
67
144
185
244
336
379
297
250
387
413
408
442
662
856
1038
1195
1327
1450
1451
1475
1597
1637
1663
1677
1558
1941
1949
1962
2042
1891
1592
1091
1008
1170
1203
1159
1129
1179
1361
1265
1044
905
856
952
886
860
889
781
618
533
457
494
505
578
594
539
512
380
296
186
86
124
249
387
537
725
1136
1684
2296
2849
2860
2587
2795
2688
2526
2697
2860
2405
1647
1139
806
483
663
626
571
525
466
433
416
508
539
422
296
334
302
322
405
463
451
402
308
239
250
329
436
460
535
389
207
142
149
337
380
188
70
161
153
147
74
17
17
22
57
136
235
364
389
303
235
237
194
126
182
199
274
335
302
254
136
52
56
62
33
20
15
9
4
8
12
13
16
15
28
45
55
25
26
16
8
17
12
6
7
32
22
19
14
1
0
0
0
1
0
0
4
13
17
8
0
1
6
10
1
13
3
0
0
0
0
0
2
0
1
0
16
22
18
20
13
2
0
0
0
0
0
1
0
0
1
0
0
0
0
0
0
0
1
0
0
7
12
3
1
3
2
3
3
6
14
72
268
352
355
276
188
123
29
8
2
23
177
360
505
505
356
198
65
19
8
4
8
15
18
52
129
197
284
359
502
471
452
286
124
100
76
92
129
124
82
80
110
113
87
78
82
117
184
288
368
385
342
223
140
145
235
270
305
269
268
325
368
331
224
155
105
77
102
132
135
99
108
160
250
418
428
394
466
578
702
744
605
377
241
300
366
376
384
464
648
644
663
652
539
509
466
484
362
492
683
705
740
620
579
636
733
755
743
736
758
783
733
766
703
582
562
581
634
654
800
809
653
501
331
245
177
147
92
124
205
289
315
278
225
191
242
360
424
403
407
392
363
311
276
242
225
459
928
1277
1339
1133
1014
760
515
447
434
452
517
574
585
546
574
587
587
559
431
318
199
170
187
230
174
130
133
160
197
242
236
182
72
17
27
54
54
67
58
54
89
130
189
295
497
923
1409
1694
1701
1468
1310
1196
940
585
256
208
454
643
628
720
913
1111
1167
1165
1155
1045
721
448
407
459
535
537
590
604
667
773
854
954
1022
1051
1122
1228
1362
1556
1791
1950
2159
2377
2593
2828
3069
3282
3459
3615
3639
3643
3616
3481
3252
2999
2804
2489
2164
1746
1360
918
508
246
116
37
62
230
522
714
878
1082
1222
1277
1479
1564
1596
1741
1942
1967
1940
2013
1914
1970
1938
1968
2017
1905
1832
1672
1575
1439
1311
1208
1037
919
756
696
636
710
731
638
605
630
638
710
767
741
699
635
552
422
377
461
574
469
360
386
379
415
484
454
398
369
386
515
635
680
647
604
611
656
724
757
657
685
659
571
535
449
475
452
373
359
389
386
343
264
178
132
116
114
103
98
73
47
57
54
35
38
88
164
224
280
272
153
54
13
6
14
13
10
7
1
0
0
0
0
0
0
1
5
6
5
30
55
81
100
71
54
10
35
121
153
199
227
192
132
69
25
4
2
4
19
31
34
28
19
2
6
12
4
3
1
6
5
11
63
174
293
476
576
626
739
650
507
532
438
332
255
169
136
190
314
392
391
308
238
184
166
140
71
39
48
39
25
27
15
7
8
12
89
149
247
283
195
68
47
98
114
152
260
101
74
44
25
29
16
1
2
3
25
64
92
100
127
124
101
137
172
218
193
179
153
125
166
215
201
184
168
159
196
314
368
359
339
315
222
167
145
151
188
241
332
279
160
131
166
206
193
133
84
100
105
78
69
51
27
30
10
13
5
3
9
10
17
8
8
5
32
204
650
1165
1531
1593
1325
1107
842
538
320
166
132
158
139
113
203
397
550
774
756
453
253
326
365
335
250
202
156
93
85
103
74
45
130
252
153
31
15
2
4
6
0
4
14
22
32
55
68
37
27
45
23
10
63
96
140
123
88
102
106
189
114
54
86
98
202
399
484
444
376
352
359
367
479
598
641
601
474
262
117
65
1
1
25
46
41
40
51
52
53
52
59
66
83
166
246
357
435
513
488
509
449
312
195
108
56
34
27
17
2
5
0
7
27
32
15
18
39
41
35
74
120
116
28
35
73
16
0
9
14
5
25
4
20
49
42
21
36
42
45
29
17
12
16
14
5
3
9
11
29
10
25
41
39
54
29
26
138
128
47
63
35
25
37
56
43
31
17
0
1
2
2
10
43
66
74
77
126
185
218
292
281
230
131
68
23
10
27
45
88
125
108
113
82
44
18
10
1
3
8
12
9
4
0
0
0
0
0
0
6
32
74
125
111
68
28
7
6
7
23
19
11
2
0
1
0
0
1
1
1
2
15
143
237
145
31
9
40
60
40
24
21
27
19
9
5
2
0
0
0
6
13
24
32
35
44
45
35
30
49
61
60
64
64
82
137
153
160
148
113
45
9
18
45
69
48
13
2
22
11
18
25
25
23
19
8
11
63
116
203
267
324
320
322
375
406
554
574
545
526
520
499
429
296
166
103
59
62
302
639
753
1322
1994
2370
2480
2269
1877
1369
1130
1052
991
911
801
675
649
825
991
1135
1275
1345
1412
1511
1548
1557
1382
1192
871
710
607
610
571
528
431
339
228
120
159
241
325
406
278
204
206
211
225
253
184
101
137
149
165
129
92
66
40
37
70
70
38
38
71
46
36
78
124
116
170
260
258
280
287
325
362
379
455
493
442
587
691
813
945
1204
1274
974
742
805
892
947
1050
1203
980
837
871
794
776
710
625
502
356
337
301
270
362
757
1236
1429
1141
666
288
408
757
1106
1210
1165
1091
1057
956
830
528
390
434
1280
1125
1310
1256
1069
778
596
447
228
123
108
194
447
775
956
1112
1173
1184
1087
868
675
480
413
346
263
238
299
530
814
943
1048
1796
2055
1768
1205
993
881
548
223
134
175
209
219
212
212
197
225
172
132
78
157
507
743
958
1170
1261
1318
1316
1086
835
579
504
1206
1796
2026
1951
1592
917
399
510
945
1118
1236
1275
1154
933
810
925
1053
1096
785
442
228
370
515
546
390
155
341
609
700
615
411
231
140
193
185
178
134
142
146
129
90
57
39
31
24
31
103
186
270
316
330
310
265
238
196
172
253
292
270
225
229
227
225
216
189
188
181
198
215
366
521
486
544
538
604
732
639
532
427
372
404
368
325
223
130
171
230
298
425
532
568
568
567
598
648
706
675
667
680
612
578
510
490
337
225
367
370
351
364
332
411
462
528
745
567
334
222
149
49
60
80
89
65
45
34
52
97
167
168
142
100
67
72
63
101
80
83
68
60
53
44
120
173
187
172
186
148
84
46
16
3
4
32
65
73
59
32
6
2
2
0
0
10
6
21
39
29
27
26
48
114
91
54
48
29
22
19
10
4
1
3
4
6
7
19
31
33
79
132
140
150
118
70
26
20
14
31
72
62
27
5
2
2
0
0
0
0
0
0
0
0
0
0
0
0
0
0
0
0
0
0
0
0
0
0
0
0
0
0
0
0
0
0
0
0
0
0
0
0
0
0
0
0
0
0
0
0
0
0
0
0
0
0
0
0
0
0
0
0
0
0
5
15
21
51
66
53
53
102
120
185
285
357
313
241
187
123
101
86
66
67
65
78
50
33
15
3
0
1
2
8
12
9
2
0
0
0
1
0
0
0
9
13
6
0
2
14
67
91
123
171
231
242
245
197
187
225
309
384
287
313
237
67
23
21
32
60
108
175
260
378
301
253
527
711
664
462
385
613
647
556
608
399
347
462
447
452
421
310
369
404
286
254
271
285
242
208
220
234
170
83
63
82
83
88
109
73
207
549
644
567
407
330
131
23
79
54
34
24
4
0
1
0
0
0
0
0
2
3
7
10
17
22
54
134
142
154
142
270
345
286
209
188
285
415
455
489
383
338
378
315
249
183
169
120
86
39
21
13
14
14
25
37
29
19
3
0
0
0
0
0
0
0
1
9
20
36
35
81
22
24
40
54
57
41
27
23
6
2
0
9
7
1
2
6
12
76
59
12
7
15
20
12
18
58
76
56
39
28
29
30
24
1
0
0
0
0
0
0
0
1
4
6
3
0
3
3
1
6
3
0
2
0
1
0
0
0
0
0
0
0
0
20
74
20
6
9
3
0
3
7
44
77
64
67
76
51
3
2
2
5
4
4
2
2
0
0
0
0
0
0
2
23
66
77
88
92
75
98
168
263
327
165
274
428
407
360
260
142
49
136
141
132
90
33
5
0
0
0
1
1
9
6
3
2
11
18
30
38
40
50
27
21
22
30
61
124
179
232
242
253
253
225
208
177
175
142
121
97
94
78
68
44
35
14
11
3
1
1
0
3
3
1
0
0
0
0
8
23
7
1
0
0
0
1
3
3
2
0
0
0
0
0
4
9
4
16
12
52
233
237
62
66
83
56
176
278
279
299
347
373
378
349
324
321
370
346
292
338
319
307
362
377
302
321
232
126
126
112
69
7
17
72
79
103
88
118
110
65
37
34
34
45
44
41
51
35
11
7
71
201
272
190
134
185
127
123
98
75
33
2
1
6
16
29
34
1
17
12
5
19
32
40
20
11
30
20
19
10
7
7
12
19
17
12
45
23
4
13
55
151
192
90
44
69
61
108
84
104
119
105
86
59
78
53
31
52
76
114
127
136
103
71
34
10
5
1
3
40
117
193
213
188
153
136
95
53
25
1
0
1
4
8
14
10
1
0
1
0
1
0
14
8
3
1
1
0
0
0
3
30
125
212
213
115
191
492
751
855
873
938
845
733
657
624
555
509
481
493
452
464
594
885
1050
1233
1214
1164
1052
1075
1408
1355
976
405
226
224
122
60
82
103
63
40
23
14
3
4
0
0
2
2
3
0
3
8
5
4
1
12
37
99
213
410
593
715
780
849
834
799
752
646
538
417
339
253
211
237
226
184
125
105
64
40
20
26
37
16
5
5
11
16
45
70
158
354
513
610
799
1009
1419
1775
1664
1405
1003
579
231
159
147
128
140
255
386
412
395
329
287
271
160
54
11
4
10
1
18
14
4
0
0
0
1
0
0
0
0
0
0
0
0
0
0
0
0
0
0
0
0
0
28
97
363
621
757
849
941
962
919
817
707
642
485
390
55
217
610
991
1124
1279
1110
852
578
276
72
30
0
5
6
5
0
0
0
0
0
0
15
54
159
356
584
807
930
922
839
695
269
633
1173
1682
1475
1061
984
867
834
1339
1843
2299
2597
2590
2643
2423
2317
2061
1679
1444
1640
1834
1937
1804
1446
1109
911
845
802
935
1155
1489
1644
1613
1236
944
845
751
703
641
754
939
978
1123
1058
764
497
566
613
616
585
649
611
514
433
346
354
467
455
591
597
534
623
987
1347
1580
1807
1649
1476
1346
1155
1055
1187
1065
869
740
627
476
478
405
407
510
587
600
647
835
1060
1378
1528
1659
1504
1447
1317
1061
818
649
488
382
390
396
497
734
984
1346
1558
1526
1353
1017
883
796
590
618
629
495
392
269
227
183
163
164
199
218
245
274
309
272
197
147
82
16
10
14
52
72
104
149
233
338
448
484
492
501
700
971
1337
1665
1955
2319
2511
2614
2757
2732
2680
2589
2435
2265
2060
1837
1637
1364
1141
1001
934
821
650
527
386
270
229
192
234
306
423
560
613
747
885
962
1066
1137
1121
1105
1027
1058
962
917
909
809
698
563
423
402
653
942
985
965
824
777
833
841
732
702
714
711
670
624
729
808
696
500
291
178
257
300
321
382
470
528
592
670
646
582
527
505
557
551
535
394
252
373
636
897
991
1097
1100
1090
1043
1013
992
878
740
687
655
590
534
395
366
346
318
287
246
227
189
178
116
71
73
94
136
167
216
208
201
183
130
86
77
64
54
67
71
82
93
112
110
88
90
98
92
83
57
36
33
34
17
15
4
5
3
2
0
0
10
20
16
3
0
2
51
166
233
291
267
228
224
223
189
177
200
232
199
171
131
84
71
76
122
190
251
281
239
275
294
294
243
195
146
141
156
264
247
215
142
118
101
107
115
141
160
184
198
186
194
212
216
283
382
433
433
328
236
103
45
99
202
245
211
162
124
126
210
248
273
280
275
232
190
145
88
63
41
46
79
102
87
78
89
107
142
169
202
238
266
282
333
321
297
239
143
67
53
59
185
159
36
29
18
3
1
2
2
3
10
23
24
14
8
1
0
0
0
2
6
12
22
51
46
37
25
8
7
2
18
33
48
34
6
7
4
1
1
0
0
1
0
0
0
0
0
0
0
0
0
0
0
0
0
0
0
0
0
0
0
2
1
10
25
4
0
0
2
4
4
0
3
0
0
34
1
1
1
6
8
5
0
1
2
2
0
11
28
47
89
150
181
183
167
161
197
247
366
451
458
395
325
288
201
110
37
25
9
3
1
0
2
0
3
0
0
0
0
0
2
3
0
0
1
0
1
0
2
2
5
1
7
1
1
0
2
5
5
7
2
4
8
13
26
89
202
287
346
403
431
398
378
402
437
498
685
1031
1323
1622
1701
1639
1582
1648
1737
1685
1460
1383
1634
1742
1690
1536
1286
1120
1016
836
615
400
276
395
432
387
283
225
228
235
185
192
201
205
205
150
203
237
121
51
310
500
636
736
1178
1483
1803
1967
2098
2211
2399
2618
2808
3020
3326
3666
3914
4053
3854
3673
3532
3469
3378
3432
3637
3604
3407
3224
3072
2953
2911
2858
2782
2859
2985
2950
2853
2899
3088
3258
3326
3497
3710
3746
3880
3849
3660
3235
2579
1938
1635
2040
2173
2285
2424
2851
3349
3922
4255
4374
4228
3977
3573
3063
2524
1944
1571
1457
1222
1043
982
851
868
732
583
525
430
545
677
649
589
492
426
446
429
420
430
416
416
493
445
352
401
518
480
428
391
327
286
239
229
259
240
205
156
154
177
212
269
331
327
306
268
217
144
105
117
84
60
60
65
39
30
43
80
112
128
149
176
207
252
232
214
161
127
85
53
39
57
87
100
128
108
73
34
10
5
8
4
6
12
26
29
66
61
97
115
127
115
92
83
82
62
51
53
56
35
27
27
22
17
14
26
29
53
93
93
118
177
264
259
222
218
190
169
133
90
89
195
305
334
373
288
118
39
80
69
59
37
43
102
137
119
89
45
27
10
2
4
40
65
68
51
44
30
24
30
43
65
85
69
68
44
37
23
18
19
14
5
4
11
12
20
19
22
157
566
1059
1200
1158
932
659
668
954
1200
1289
1178
1109
1050
1368
1588
1795
2003
2071
1899
1771
1706
1472
1174
838
682
730
707
695
663
740
858
926
858
798
684
531
382
387
424
491
648
811
994
1102
1037
956
802
669
609
658
751
773
739
678
561
417
304
229
200
166
191
162
140
102
63
39
27
14
21
34
71
112
162
244
324
431
532
621
658
750
869
976
1034
1190
1312
1442
1582
1756
1994
2233
2562
2887
3261
3600
3890
4176
4469
4780
5110
5337
5762
6218
6346
6296
6167
6037
5821
5739
5333
4700
4208
3662
3112
2552
2200
1873
1586
1427
1166
852
617
508
471
478
452
468
511
549
542
482
357
287
210
221
248
327
388
347
288
147
70
116
196
628
424
502
555
567
594
625
679
719
746
798
827
746
637
493
362
242
176
198
319
597
977
1330
1570
1755
1650
1442
1344
1449
1515
1472
1235
1038
765
576
448
516
744
1026
1177
1125
989
693
335
375
525
544
437
332
216
101
100
108
109
127
155
202
178
152
216
278
303
318
357
450
526
642
803
1028
1265
1603
2061
2644
2951
3227
3732
4277
4706
5048
5148
5309
5329
5336
5174
5069
4936
4802
4614
4374
4072
3960
3866
3723
3651
3487
3384
3411
3530
3726
3663
3511
2966
2197
1671
1216
829
751
830
780
787
782
897
976
1019
961
784
733
827
938
983
1029
1058
1017
989
937
941
978
968
1018
1056
1083
980
763
500
324
266
515
643
720
710
768
814
880
891
844
726
511
990
1747
2126
1944
1964
2019
1440
637
870
1214
1700
2119
2422
2604
2607
2521
2397
2000
1684
1222
685
965
1560
2139
2586
2832
2648
2222
1864
1508
1236
956
736
662
659
541
488
475
577
611
568
326
243
490
898
1393
1766
2297
2751
3059
3228
3302
3250
2869
2363
1803
1505
1257
1051
667
999
1471
2032
2487
2948
3402
3609
3636
3311
2678
1893
1343
891
619
403
188
80
252
411
499
560
553
462
316
253
242
212
145
58
41
126
211
257
235
221
538
1072
1653
2267
2792
3035
3183
3204
2847
2476
1982
1276
683
693
1314
2298
2872
3332
3337
3206
2748
2087
1699
1313
955
619
164
202
455
742
1096
1452
1901
2315
2403
2559
2454
2201
1748
1120
277
469
1097
1480
1710
1774
1883
1771
1570
1288
994
647
510
366
265
235
237
260
352
420
491
536
823
967
972
835
596
290
20
97
239
500
725
940
1119
1299
1421
1385
1136
1291
1656
2114
2503
2883
3003
2833
2576
2121
1738
1550
1452
1309
1131
833
648
534
542
527
436
395
420
654
969
1379
1838
2187
2494
2890
2842
2740
2427
2189
1924
1642
1227
1058
941
836
682
548
427
318
225
264
294
312
324
329
267
198
139
68
55
46
43
38
23
8
6
3
1
2
10
2
2
7
4
0
6
2
2
9
28
80
119
183
291
407
488
437
354
253
195
157
131
76
60
30
30
51
74
126
138
88
39
12
5
3
2
3
9
22
46
77
87
48
20
7
3
13
37
72
88
121
125
138
129
96
103
79
74
54
50
37
48
66
58
51
30
27
36
23
18
6
5
1
3
7
5
6
10
13
10
2
6
6
3
1
3
6
48
74
78
65
45
14
0
0
1
1
0
6
70
212
340
302
246
125
123
146
195
213
245
225
199
205
218
210
574
315
375
501
595
646
630
488
250
295
332
334
411
447
370
411
404
345
262
141
66
42
36
37
26
21
26
14
4
4
9
5
3
7
5
3
1
5
14
31
15
11
4
2
0
0
0
0
2
1
0
0
0
0
0
0
8
17
2
6
22
5
0
0
0
0
0
0
1
1
0
0
0
0
5
7
5
0
7
3
0
0
2
1
112
628
1514
2362
2932
3122
3082
2785
2748
2728
2360
1587
1362
1703
1548
1000
970
1015
1051
941
856
845
804
961
1602
2202
2707
3060
3276
3780
4119
3754
3278
3099
3225
3460
3350
2921
2407
1981
1701
1554
1428
1384
1344
1641
1765
1733
1205
692
818
1019
485
207
456
318
265
607
882
984
1086
1109
1288
1430
1689
1865
2022
2275
2455
2550
2576
2577
2377
2149
1856
1588
1374
1204
958
715
561
415
354
311
346
441
513
619
703
690
702
702
745
766
686
749
780
947
1298
1216
1057
1014
1027
953
839
765
927
1216
1486
1691
1763
1767
1622
1344
1096
738
510
404
490
601
617
622
593
509
488
442
492
559
635
778
878
987
992
841
578
704
1017
964
738
727
679
806
692
691
862
967
911
746
538
338
255
182
169
182
212
286
443
477
474
493
418
372
325
260
198
160
90
51
48
27
30
35
22
16
12
11
14
2
3
5
1
0
0
0
9
6
3
2
0
4
9
32
37
26
23
11
4
7
2
2
6
5
5
1
0
9
50
137
187
158
119
83
32
25
68
118
133
108
76
61
52
37
43
34
39
60
105
228
439
528
554
535
503
401
336
185
174
222
339
384
374
369
425
352
332
227
268
373
509
601
532
514
414
271
98
39
15
8
9
5
13
11
7
7
0
0
2
0
0
0
0
0
0
0
1
0
0
0
0
0
0
0
0
6
34
96
126
251
466
578
592
507
438
411
386
343
293
300
271
296
311
228
149
125
102
86
209
248
156
103
6
80
90
105
135
237
288
274
267
232
225
250
310
463
536
484
503
541
485
312
53
11
54
79
58
58
45
13
0
0
1
1
0
0
3
2
11
20
19
15
7
15
21
14
5
2
14
43
24
22
17
6
6
9
8
2
5
4
10
37
21
28
37
34
51
91
108
83
183
273
435
633
733
504
171
189
148
25
34
154
193
125
123
85
11
24
7
1
6
3
0
2
3
0
0
0
0
0
0
0
1
5
7
1
0
0
0
0
0
0
0
0
0
0
0
0
0
0
0
0
0
0
14
34
51
142
351
567
772
881
868
797
687
566
393
266
251
393
661
884
1116
1269
1205
1196
1184
1068
1056
1080
1046
1002
887
741
686
537
361
164
42
3
11
23
43
78
149
293
479
670
1007
1186
1138
988
1083
894
923
834
836
998
1236
1244
1066
597
288
232
284
265
268
235
161
109
93
117
165
237
277
282
247
190
150
116
89
56
78
98
116
159
191
196
252
344
376
372
427
508
590
703
775
836
853
803
712
592
727
744
593
379
393
652
879
958
1032
1090
1144
1081
809
357
153
267
390
443
458
484
494
441
435
458
397
452
615
699
747
731
808
921
1092
1294
1369
1550
1600
1347
1065
959
721
503
365
201
84
65
92
71
73
165
340
394
412
336
244
124
110
197
341
436
522
609
708
829
942
842
829
728
659
595
555
433
278
154
79
28
16
18
16
23
8
14
45
114
160
178
267
372
442
364
327
364
478
493
314
165
441
618
629
537
357
204
90
38
25
10
11
11
2
5
9
12
3
0
0
1
2
19
13
2
2
3
1
0
3
31
92
153
177
193
181
115
25
7
4
11
37
64
73
73
68
79
52
4
5
11
20
21
36
49
41
41
34
22
11
8
28
47
59
63
74
122
159
179
175
137
90
77
57
50
37
18
5
1
0
0
0
0
1
2
0
0
0
1
1
0
2
3
22
63
62
56
75
95
78
80
95
128
205
272
188
148
91
45
36
33
27
24
16
25
21
13
4
1
4
13
55
164
230
277
294
300
318
314
301
369
484
681
878
1007
985
765
462
297
158
58
35
33
38
41
18
5
2
2
7
8
16
18
37
153
361
836
1367
1409
918
580
819
612
501
478
500
454
400
428
525
550
460
228
99
59
118
163
213
235
361
458
472
268
72
250
252
218
219
233
288
326
383
441
485
542
534
470
353
273
197
161
116
124
140
132
116
111
143
93
84
62
32
39
34
121
129
33
20
9
8
6
1
5
5
7
14
23
10
2
0
0
0
0
0
0
35
273
551
631
563
518
378
173
24
16
19
32
37
123
211
326
304
259
283
353
485
579
563
658
772
776
573
234
7
12
23
22
31
56
87
146
230
288
350
320
235
132
35
40
67
71
60
20
0
0
0
1
4
7
9
8
61
30
24
13
14
15
15
11
7
6
0
0
0
0
0
0
0
0
0
0
0
0
0
0
0
0
0
0
8
131
566
1362
1981
2250
2310
2428
2532
2542
2368
2277
2380
2369
2267
2296
2317
2382
2742
2878
2980
2838
2685
2824
2878
2513
2194
1763
1639
1584
1434
1211
938
702
481
346
255
244
260
252
237
230
181
170
201
152
68
95
266
549
715
1046
1563
2410
3511
4172
4086
4410
4540
4353
4226
3759
3074
2834
2753
2590
2306
2007
1645
1411
1280
1162
1114
1163
1116
1143
1248
1505
1762
1984
2033
1958
1954
1944
1949
1887
1738
1703
1788
1756
1779
1752
1725
1624
1555
1425
1323
1066
951
1002
991
969
957
945
692
354
284
286
177
100
60
106
149
170
124
79
84
48
17
53
75
75
165
260
362
446
522
645
672
529
339
485
860
898
889
791
701
504
340
350
681
1005
978
784
626
567
541
631
942
1121
1337
1352
1338
1290
1260
1157
1183
1240
1316
1330
1236
1164
969
1066
1123
1170
989
583
765
1000
1147
1361
1417
1275
983
750
508
389
314
208
233
252
262
375
465
467
576
533
461
379
183
64
20
20
46
83
174
196
203
181
188
269
472
570
551
621
736
727
607
524
586
681
699
655
490
245
173
573
867
974
997
1030
1036
998
913
709
497
378
280
170
156
171
142
143
128
143
165
192
202
181
164
204
235
335
409
483
612
945
1124
1143
1084
938
857
850
742
752
703
750
940
1121
1214
1300
1454
1637
1719
1887
2036
2079
2295
2671
2642
1867
1496
1640
1786
1993
1936
1790
1858
1943
2070
2195
2519
2943
3600
4301
5130
5698
5889
5906
5461
4647
3752
3171
2804
2620
2348
2100
1919
1591
1333
1144
1044
1057
1160
1259
1220
1123
966
792
789
852
1146
1286
1399
1348
1326
1161
1021
893
871
1069
1345
1557
1547
1533
1381
1234
1123
1108
1191
1316
1395
1477
1458
1664
2095
2650
3166
3559
3950
4174
4177
3863
3492
3389
3265
3295
3264
3206
3203
3043
2927
2758
2505
2234
1795
1559
1386
1097
845
671
589
700
909
1288
1669
1999
2285
2477
2643
2900
3281
3701
4042
4331
4644
4933
5082
5137
5020
4959
4711
4175
3602
3132
2729
2190
1777
1446
1112
987
865
763
679
748
865
1063
1084
1173
1249
1399
1276
1097
862
711
831
858
874
723
682
646
635
656
647
818
839
746
572
500
588
635
604
554
335
192
225
402
731
929
1016
1483
1927
2588
3198
3509
3443
2936
2223
1419
1282
1023
875
1023
1106
1115
947
758
445
318
448
540
645
683
712
733
770
625
616
611
634
547
370
247
374
731
1179
1540
1574
1532
1358
1250
1911
1251
1261
1155
1120
1109
1155
1230
1206
1252
1271
1218
1214
1162
1082
1094
1107
1144
1252
1320
1289
1288
1232
1306
1399
1402
1354
1349
1358
1320
1322
1177
1091
1131
1258
1309
1277
1257
1289
1235
1196
1031
840
788
787
946
1154
1292
1331
1454
1525
1569
1579
1458
1215
874
657
754
1108
1487
1779
2007
2323
2492
2541
2593
2789
3132
3575
4012
4443
4767
5144
5565
5742
5805
5559
5173
4705
4327
3990
3727
3387
3067
2891
2827
2681
2435
2196
2064
1813
1570
1256
1015
867
734
746
688
625
623
745
673
615
536
494
394
328
243
133
80
171
289
373
390
410
418
424
417
424
404
374
352
305
313
315
345
341
333
334
381
382
339
233
298
361
451
484
431
337
212
147
121
97
90
153
271
426
578
736
920
1165
1348
1634
1952
2378
2855
2980
3257
3756
4168
4625
4875
4421
4254
4021
3723
3158
2562
1878
1454
1022
766
557
405
270
181
128
124
188
198
146
97
323
457
472
556
760
884
820
851
743
710
636
563
563
554
542
677
986
1200
1405
1649
1755
1816
1708
1585
1676
1993
2698
3176
3629
4146
4693
5225
5572
5630
5234
4661
4049
3403
2692
1955
1280
856
620
469
513
540
636
657
638
692
739
689
699
888
947
1047
1278
1603
1899
2116
2347
2451
2515
2383
2266
2118
1987
1888
1717
1606
1520
1472
1473
1645
1742
1574
1326
1048
827
753
615
523
415
421
296
193
108
90
99
116
114
102
116
113
126
104
65
20
7
35
80
107
147
152
139
107
45
6
0
0
0
0
0
0
2
4
2
1
0
0
2
9
17
26
52
68
70
53
24
8
0
8
50
51
48
45
24
29
35
34
49
70
173
361
519
667
786
958
1264
1656
2118
2532
2719
2947
2647
2240
1776
1290
788
418
306
400
483
420
265
128
57
22
19
21
13
40
66
118
148
184
202
228
275
318
333
355
377
431
458
397
263
124
153
216
258
248
253
155
76
50
104
130
128
96
50
13
34
62
64
52
32
33
41
35
60
68
85
117
127
209
327
410
435
372
339
364
462
544
410
234
119
129
175
255
334
350
368
330
306
220
161
130
85
93
89
147
164
153
128
83
69
92
150
267
212
95
99
110
131
145
160
143
100
116
144
143
177
207
224
202
254
269
307
310
312
409
474
550
613
726
789
907
1106
1119
1056
973
880
715
731
808
1124
1919
2610
3107
3456
3310
3083
2807
2399
2107
1818
1435
1146
940
846
789
702
653
657
613
566
601
671
740
938
1107
1349
1505
1615
1618
1585
1606
2960
1984
1879
1679
1521
1525
1652
1744
1889
2089
2019
2134
2119
2392
2624
2988
3456
3869
3298
2948
2689
2339
2200
2058
2069
2104
1960
1720
1490
1292
1185
1129
1215
1241
1346
1361
1288
1230
1005
871
762
613
497
466
476
410
381
316
289
377
419
418
467
649
915
1077
1260
1434
1541
1538
1529
1512
1563
1731
1738
1830
1787
1805
1737
1656
1547
1431
1403
1565
1752
1687
1521
1336
1225
1033
818
680
614
506
314
262
214
285
253
206
148
115
131
123
197
268
282
271
295
322
284
232
159
72
22
29
27
54
145
236
323
588
694
802
913
779
772
730
725
789
888
970
1015
1091
1160
1135
1130
1094
1079
1099
1120
1122
1139
1136
1021
1007
1165
1334
1446
1557
1704
1713
1643
1451
1388
1419
1438
1504
1612
1658
1755
1827
1871
1887
1835
1944
2291
2622
2765
2769
2608
2381
2243
2133
1937
1798
1590
1277
1167
1215
1347
1448
1660
1820
1792
1795
1754
1872
2058
2281
2368
2408
2366
2566
2661
2622
2709
2788
2947
3139
3373
3203
3421
3511
3639
3812
3903
4024
4228
4243
4260
4401
4293
4095
4087
4087
4175
4230
4250
4180
3904
3631
3226
2942
2546
2204
1897
1638
1323
1145
1027
922
824
735
600
570
542
679
918
1167
1174
1136
1220
1281
1240
1251
1241
1179
1127
1040
1048
1070
941
793
572
447
407
406
469
493
532
511
442
397
409
404
353
372
362
389
406
372
332
348
337
358
436
539
519
469
460
355
240
180
174
95
68
76
37
95
199
444
825
1207
1465
1820
1961
1892
1721
1457
1164
961
831
817
786
793
884
951
1019
1042
1043
1049
1001
896
791
832
857
994
1085
1291
1435
1754
2007
2090
2191
2182
1973
1729
1513
1264
967
902
839
811
768
810
763
716
609
574
563
515
561
776
1075
1398
1510
1341
1019
1077
1091
903
1003
948
841
641
547
567
601
591
611
509
375
237
206
183
166
104
114
110
107
89
118
159
173
140
129
136
186
219
234
202
201
231
241
274
366
330
433
316
200
88
64
74
120
148
194
208
210
223
192
152
123
129
209
310
439
446
388
219
73
44
54
71
69
59
57
85
48
42
49
39
23
17
19
22
328
785
818
650
337
193
282
246
255
205
282
392
511
708
911
1103
1345
1476
1550
1440
1127
818
507
268
154
89
45
18
12
14
17
10
4
5
5
2
1
7
7
10
8
22
15
10
4
9
12
10
9
5
4
1
0
0
0
3
2
3
7
10
7
7
2
4
3
9
4
9
12
11
6
3
0
11
16
22
31
36
45
91
86
67
49
31
61
6
4
2
1
0
0
0
0
1
25
43
97
201
284
320
347
308
272
253
199
164
134
98
77
35
39
119
208
242
280
265
267
249
318
495
655
790
863
1010
1138
1197
1233
1084
912
703
578
594
628
654
620
681
714
773
703
555
421
353
277
289
366
466
519
480
387
327
292
308
366
378
457
565
545
520
434
317
190
147
116
123
145
182
212
203
197
173
131
53
39
76
197
329
416
499
534
549
499
390
360
296
248
228
264
253
248
224
246
268
314
389
449
478
584
774
986
1062
1156
1203
1158
1023
889
784
690
755
875
1019
1157
1259
1340
1305
1172
1007
842
741
617
508
410
433
474
498
491
387
361
338
268
218
143
104
81
106
135
159
195
252
280
339
409
438
474
490
466
458
424
329
258
216
279
342
386
464
545
671
725
883
1060
1252
1474
1651
1790
1974
2183
2427
2642
2792
2907
3071
3123
3067
3055
2945
2809
2586
2320
1969
1713
1479
1351
1153
937
787
622
406
278
217
169
198
264
295
334
397
385
365
272
183
171
258
371
444
474
460
427
411
401
484
571
662
665
724
699
624
563
497
412
401
338
295
356
448
528
556
558
580
507
411
388
343
474
654
855
1065
1240
1343
1334
1278
1216
1137
961
752
630
520
451
348
313
231
199
213
291
376
422
441
404
378
351
320
260
249
261
370
416
418
425
431
345
390
326
266
210
196
193
182
149
175
335
431
483
526
495
421
312
248
234
222
177
124
117
129
142
167
185
217
271
211
150
142
200
336
521
731
915
1043
1323
1516
1716
1915
2091
2022
1954
2085
1693
1484
1115
798
495
338
395
537
549
624
613
447
446
574
538
422
267
232
246
363
554
583
601
806
1136
1380
1482
1554
1526
1533
1593
1914
2090
2077
2084
2204
2510
2682
2862
3009
3262
3413
3594
3162
3021
3103
2763
2732
3335
4172
4347
4180
3394
2313
1965
1977
1976
1715
1458
1353
1574
1689
1670
1450
1085
968
1050
939
789
653
663
673
594
600
579
544
522
522
492
453
393
434
481
530
702
873
1137
1261
1222
1131
958
809
653
911
761
343
300
244
231
230
213
167
128
120
132
157
282
429
503
447
389
465
576
658
585
395
206
103
113
152
194
188
155
121
96
71
93
139
251
396
498
639
659
661
667
573
468
335
238
133
53
50
180
276
324
357
390
408
398
438
469
516
544
574
631
600
544
413
307
156
78
64
130
172
191
201
196
252
345
469
634
760
1755
1046
1034
1115
1074
1141
1188
1297
1324
1432
1417
1313
1322
1234
1182
1145
1101
1165
1125
866
675
530
481
554
671
819
955
943
825
688
443
218
142
136
171
212
240
260
252
243
249
247
272
336
329
314
264
198
281
400
582
716
794
869
1008
1128
1288
1300
1227
1137
1007
837
742
652
576
79457
0
0
0
0
0
0
0
0
0
0
0
0
0
0
0
0
0
