184
22
11
2
9
0
6
5
0
14
2
1
22995
2852
2781
2654
2385
2206
1999
1654
1323
919
684
545
360
251
175
158
72
1
7
69
123
216
281
294
191
103
16
15
37
15
39
20
9
3
3
0
0
0
0
0
0
0
15
22
16
44
147
299
317
223
111
101
73
77
117
161
213
357
497
636
773
922
967
1094
1312
1504
1793
2106
2449
2792
3056
3317
3412
3549
3685
3832
3825
3501
3177
2858
2573
2490
2353
2238
2050
1732
1584
1598
1564
1554
1522
1608
1539
1590
1610
1626
1555
1563
1412
1412
1268
1237
1163
1090
1041
1005
903
876
787
729
652
564
467
359
581
1092
1425
1638
2893
3799
3910
4031
4302
3750
5082
5375
4866
4623
3873
3387
3088
2961
3058
3367
3625
3550
3443
2994
2559
2313
2019
1575
1237
1001
852
673
550
446
422
571
626
598
441
401
381
498
602
674
690
762
879
764
577
336
298
286
251
192
207
241
421
862
1646
2310
3038
3864
4518
5382
5716
5751
6109
5983
4845
5233
5404
3793
3372
3175
3056
2898
2234
1446
1555
1872
1929
1901
1738
1470
1244
1025
853
788
680
533
415
327
255
241
229
194
125
55
11
8
0
4
22
26
15
13
2
19
13
0
0
0
0
2
3
30
70
112
191
340
307
139
56
23
25
33
31
48
81
98
64
27
16
19
27
51
70
69
32
5
1
2
0
0
0
5
24
44
95
210
328
494
585
524
488
466
417
372
345
297
271
254
251
269
393
654
936
1085
1036
834
711
765
1377
1547
847
315
883
1363
1388
973
586
759
1254
1478
1365
882
983
1407
1547
1589
1535
1934
2646
2511
1847
1494
1553
1514
1329
1044
892
950
894
838
722
775
817
910
931
831
704
702
766
679
560
528
645
751
651
418
388
230
133
95
68
57
56
39
5
16
35
49
23
3
0
1
2
7
7
2
0
2
0
0
2
24
53
85
147
353
599
659
825
1068
1359
1618
1869
1904
1752
1772
2046
2264
1968
2028
2449
2386
2362
2767
2822
3309
3483
3364
3121
2961
2826
2964
3274
3333
3278
2978
2380
1859
1241
941
1255
1343
1151
914
892
756
553
637
705
739
868
1003
989
605
492
654
932
1136
1233
1290
932
735
642
606
701
609
853
1347
1658
2050
2552
2912
2761
2445
2397
2348
2101
1856
2481
2882
2522
2412
2000
1528
1158
1247
1300
1260
893
1062
1140
1068
929
836
718
637
764
801
732
588
490
519
596
846
1159
1291
1097
981
1079
1189
1039
861
448
287
287
235
223
252
336
387
474
414
381
520
673
787
686
620
485
424
298
180
211
241
309
320
269
310
444
478
228
60
214
124
157
120
169
124
114
100
124
227
308
202
168
142
136
255
392
441
491
395
220
71
54
69
152
355
522
788
1005
1135
1115
954
687
580
515
375
255
254
289
281
337
355
413
358
392
446
455
454
486
459
432
444
445
378
288
245
216
186
148
143
108
69
40
20
6
10
21
50
84
109
133
118
47
14
17
4
0
2
5
0
3
0
0
0
0
2
2
5
1
4
2
0
3
54
320
1099
1943
2580
2950
2932
2928
3209
3922
4305
4402
4396
4312
4187
4097
3951
3715
3390
3120
2771
2354
1769
1178
779
617
527
507
712
741
677
485
198
297
641
636
540
490
770
788
562
456
602
707
499
315
231
222
196
89
83
63
33
31
53
82
108
159
199
220
336
471
654
738
792
839
748
632
512
473
364
285
210
179
119
78
76
54
35
26
19
11
5
21
30
19
6
1
10
29
19
15
71
263
429
520
551
506
393
295
179
106
57
16
4
0
26
82
41
0
0
0
0
0
0
0
0
0
0
0
0
1
7
15
19
9
6
26
46
93
186
291
392
453
460
426
296
210
145
135
87
44
21
28
28
13
5
35
80
68
35
23
58
66
44
5
11
39
52
41
11
9
11
1
1
8
8
1
0
1
5
14
22
26
25
26
20
17
13
0
0
0
0
1
16
70
67
52
31
21
17
19
86
156
181
181
185
212
236
243
299
276
197
103
41
28
4
1
1
7
7
18
23
27
66
91
84
127
273
448
563
580
591
901
1463
2009
2227
2003
1963
2543
3080
3169
3942
4642
4726
5324
5747
5194
4260
3817
2969
2023
1784
1677
1474
2120
2966
3450
3749
5174
5250
5924
6850
6249
5970
6315
5702
4741
4176
3844
3524
2759
2443
2093
1630
1628
1578
1607
1429
1586
1139
787
883
817
423
251
338
289
242
277
476
724
768
604
539
731
822
874
934
1085
1252
1543
1781
1606
1266
1083
1306
1748
1782
1277
822
912
708
310
231
288
335
440
469
467
468
558
747
761
809
857
786
729
692
741
944
1122
1197
1339
1578
2044
1857
826
708
1041
879
542
486
722
809
669
513
558
888
1184
1354
1397
1210
1106
895
738
613
534
314
147
47
28
23
64
73
77
206
386
358
337
260
207
83
150
295
431
496
718
931
1461
2042
2515
3136
3744
4686
4827
4711
4829
4374
3826
3719
3903
4493
4278
3853
3209
3284
3759
3995
3452
2614
2367
2383
2230
2565
3027
3614
4195
5048
5877
5423
4304
3557
3371
3132
3188
2827
4677
2333
2251
2359
2234
2112
1835
1343
893
824
703
545
418
399
534
617
592
594
467
285
156
42
34
145
256
241
221
329
730
892
615
419
523
610
375
207
120
106
125
74
31
40
25
24
23
28
7
4
0
1
4
16
44
7
4
1
1
0
0
0
0
0
0
5
4
1
6
3
33
93
164
164
147
240
251
271
320
454
771
1214
1034
942
940
754
647
532
454
422
378
303
196
96
77
59
22
10
28
76
94
89
64
3
0
0
3
0
3
13
11
13
10
5
3
0
2
2
0
0
0
0
0
0
0
0
0
0
0
0
0
0
0
0
0
0
0
0
2
17
40
100
70
113
85
104
110
91
89
99
102
87
73
82
68
70
53
68
47
18
3
4
1
1
0
2
1
7
7
5
9
5
0
0
2
38
43
16
24
25
45
144
305
497
700
859
960
948
963
882
958
1008
1070
1061
1021
869
754
679
694
706
690
715
686
711
624
560
484
550
793
1025
1276
1407
1391
1363
1184
1078
1146
1424
1471
1225
1061
1177
1019
639
487
604
690
692
599
576
654
791
940
1110
1289
1515
1504
1657
2169
2913
2882
2895
2893
2492
2238
2021
1764
1703
2215
2249
2322
2576
2631
2518
2216
1913
1486
1477
1661
2017
2179
2127
2137
2390
2370
2157
1819
2588
3310
3154
2685
2035
1354
873
545
333
386
619
783
726
779
829
955
1034
795
533
401
352
337
276
273
478
524
372
317
488
1010
1512
1999
1975
1897
1754
1795
1595
1599
1630
1458
1046
681
372
344
760
1372
1896
2554
2343
2281
2250
1888
1318
1071
1059
850
674
763
750
590
535
531
579
624
629
616
500
350
215
183
166
230
690
1298
1862
2079
1801
1477
1173
1527
1938
2189
2218
2014
2288
2852
3240
3587
3948
4303
4640
5071
5218
5163
4948
4603
4147
3661
3340
3044
2621
2285
2091
1770
1181
989
941
839
874
882
921
996
1067
1111
1197
1391
1469
1432
1315
1090
869
702
512
232
79
63
44
24
82
88
50
19
3
1
0
0
1
3
1
30
213
630
1103
1290
1267
1050
930
899
892
1019
1470
1634
1263
1065
956
1024
1095
1217
1173
1065
939
793
678
525
469
406
426
633
1007
1271
1321
1117
759
542
415
300
258
200
215
580
78
17
1
3
8
8
13
5
6
5
0
0
0
0
0
0
0
0
0
0
0
0
0
0
0
0
3
10
105
212
324
243
122
228
281
309
344
301
186
166
124
172
233
287
296
310
308
377
513
513
683
840
970
1004
1197
2314
1476
1727
1853
2037
2260
2479
2672
2816
2969
3039
3007
2947
2862
2791
2662
2412
2089
1678
1331
1003
710
533
668
1052
1375
1450
1311
1002
1097
1566
2018
1958
1487
1112
1086
878
343
259
225
178
156
153
225
327
354
384
427
517
589
684
687
676
738
791
856
856
935
1031
985
850
536
340
203
123
68
13
28
29
53
87
161
176
240
274
332
374
406
399
456
472
496
514
596
648
701
695
482
326
185
56
19
5
97
276
340
313
273
164
73
58
46
64
71
93
86
59
59
48
42
60
38
35
24
6
4
4
1
8
5
4
6
10
6
8
3
1
0
0
0
0
0
0
0
0
0
0
0
0
0
0
0
4
14
51
101
184
327
525
772
1033
1358
1652
1869
1933
1906
1756
1671
1360
1029
591
496
672
776
813
739
841
1152
1123
1143
1079
1070
980
899
833
697
514
318
93
21
1
6
31
57
95
126
147
139
89
83
32
18
13
7
21
17
51
147
274
358
330
286
290
311
287
189
144
134
136
111
61
39
40
31
21
5
8
5
1
0
0
0
0
1
0
0
0
0
0
0
0
0
0
0
0
0
0
0
0
0
0
0
0
0
0
0
0
0
0
0
0
3
0
4
4
4
6
7
7
2
1
0
0
0
0
0
0
0
0
0
0
0
0
0
0
0
0
0
0
0
0
4
9
25
19
6
0
0
0
0
1
1
9
3
2
4
42
99
105
131
154
103
48
48
52
81
136
151
113
101
105
129
175
208
197
150
206
225
201
160
182
265
368
486
523
468
405
353
369
520
697
697
500
304
433
628
534
459
456
422
300
150
66
26
20
3
16
66
162
285
397
588
664
714
675
665
624
635
581
566
537
348
105
19
97
192
232
160
276
457
672
809
907
1060
1296
1373
1204
856
1038
1174
1111
1010
921
848
819
865
857
807
749
676
626
552
495
412
451
553
554
252
62
23
45
110
220
246
175
73
5
1
4
7
3
0
30
43
18
1
9
19
14
6
9
0
0
2
22
17
29
29
30
34
28
35
57
102
156
201
169
136
92
62
48
33
26
17
36
64
65
45
10
14
13
6
14
23
15
9
21
31
13
5
6
32
54
41
18
88
313
567
796
732
418
209
252
231
141
53
26
136
231
261
229
215
601
1094
1250
1087
1339
1438
1375
1272
1344
1362
1457
1532
1563
1556
1436
1346
1200
1162
1808
1027
1153
1347
1545
1706
1697
1648
1791
1914
2136
2227
2263
2294
2263
2039
1658
1487
1144
907
718
705
706
672
458
369
461
496
422
413
311
366
376
308
198
180
216
187
165
211
195
125
131
116
190
169
36
13
130
328
319
52
99
507
737
563
437
540
567
631
654
643
429
174
24
38
30
23
8
15
23
25
13
13
17
22
102
408
441
763
975
1045
1059
926
877
1015
1084
1074
1016
1021
1057
913
741
665
708
665
599
433
517
503
503
445
571
676
488
379
500
572
455
328
162
83
84
55
4
5
13
18
43
37
49
41
11
8
1
4
22
93
264
518
707
679
604
973
1249
1427
1506
1450
1328
1081
1039
1109
1063
999
884
897
817
666
480
308
195
105
66
44
22
13
6
19
21
16
36
28
1
3
7
20
95
174
381
547
665
737
724
635
648
818
1191
1830
2532
3025
3218
3293
3243
3191
3180
3453
3607
3595
3394
3589
3747
3465
3027
2612
1527
1100
1346
1615
1760
1567
1343
1601
2083
2279
2383
2447
2453
2481
2527
2538
2433
2234
1960
1689
1471
1417
1497
1174
567
189
106
215
331
493
558
598
624
678
727
777
867
907
809
546
218
79
7
25
147
303
339
463
556
721
945
1147
1163
1262
1297
1207
984
643
384
192
60
47
146
271
376
481
517
522
464
361
300
278
212
98
75
73
69
64
51
93
165
295
416
456
499
477
288
125
2
15
181
289
396
379
337
287
256
190
200
350
407
508
630
852
900
817
597
437
255
84
74
73
112
223
454
532
494
339
190
148
110
72
35
82
172
219
312
328
376
480
500
507
640
981
1132
1162
1156
1348
1806
2179
2482
2853
3320
3870
4172
4357
4291
4204
4103
4052
4066
3861
3355
2913
2711
2585
2294
1933
1503
1331
1221
1083
1043
929
751
629
657
647
632
491
583
636
564
624
742
920
1028
1185
1280
1127
1019
812
366
176
140
137
156
235
330
261
349
470
708
980
1189
1271
1158
1118
1197
1228
1183
1089
1164
1144
1127
1152
1033
866
788
586
442
264
98
15
12
47
144
241
315
373
453
457
437
395
346
261
192
151
55
5
4
21
87
471
1125
1371
1349
903
584
583
1036
1415
1448
1072
553
331
365
347
301
312
313
383
417
378
364
402
361
328
290
256
211
193
158
123
104
113
79
33
74
195
187
63
109
240
243
211
204
267
220
108
125
100
60
6
0
29
195
528
725
806
827
839
877
1460
2006
2278
2267
1993
2036
2427
2907
3344
3257
3089
2680
2018
1811
515
484
582
956
1269
1651
1776
1559
1318
1064
688
473
714
832
927
888
676
574
485
393
238
150
134
147
183
162
184
279
505
843
1069
1395
1920
2753
3551
4243
4776
5217
5519
5611
5508
5421
5145
4876
4901
5142
5434
5859
5726
5327
4582
3698
2627
1459
674
1639
3179
4419
5280
5842
6073
5950
5610
5318
5147
5279
5712
6273
7049
7527
7841
7780
7337
6580
5768
4710
3723
2658
1901
1420
1531
2102
2444
2860
3145
3435
3853
4357
4813
5237
5622
6066
6180
6211
5943
5556
5078
4414
3697
3046
2545
2034
1465
839
746
1154
1924
2457
3021
3325
3626
3600
3204
2663
2106
1739
1114
766
792
750
748
778
800
797
903
1029
948
801
610
456
582
729
828
806
639
605
976
1560
1604
1184
972
1265
1450
1608
1712
1798
1696
1417
1210
1100
1129
1123
1106
980
958
891
746
629
539
481
470
353
207
112
38
6
59
54
42
118
288
350
414
642
1144
1597
2322
2833
3155
3467
4297
5185
5176
4665
4216
4331
3941
3333
2812
2543
1978
1653
1587
1639
1835
1953
1919
1754
1497
1008
499
507
671
551
350
710
1329
2324
3216
4053
4824
5225
5387
5312
5066
4719
3814
3392
2827
2484
2299
1912
1914
2070
2227
2311
1656
1052
549
243
227
382
437
467
587
631
589
526
487
410
347
357
359
278
318
249
240
203
180
168
165
135
100
58
14
2
0
0
0
1
0
4
17
22
18
19
3
0
0
0
0
0
4
0
0
0
0
0
0
0
0
0
0
0
0
13
35
20
0
0
0
0
0
0
0
0
0
4
5
1
0
0
4
22
21
7
0
1
6
11
5
1
0
2
0
2
24
67
123
146
159
135
116
91
51
10
0
1
18
46
32
19
47
37
23
13
20
43
31
3
0
0
0
6
6
17
28
59
144
309
422
489
559
632
635
696
703
846
956
911
728
418
259
520
827
652
188
275
788
923
688
331
464
873
1022
1095
1314
1564
1374
1162
981
835
681
496
332
296
396
454
456
440
400
314
224
191
346
624
920
1006
944
938
1001
955
788
605
430
517
514
420
498
505
655
653
512
484
628
622
601
669
684
624
639
699
660
642
549
767
1013
1397
1532
1335
1041
912
683
780
1134
1308
1569
1505
1677
1553
1008
1196
1488
1233
1135
938
718
658
676
698
761
769
946
1139
1148
1212
1002
1043
1130
990
893
822
817
970
1089
1245
1372
1477
1533
1519
1560
1703
1736
1782
1684
1660
1513
1497
1460
1233
878
437
430
685
690
522
381
624
869
887
721
665
747
880
869
820
795
825
787
1393
785
791
857
996
1154
971
423
577
793
755
579
536
535
574
748
882
954
1025
944
802
639
583
500
336
167
38
111
160
226
257
268
215
302
428
455
482
518
513
515
516
569
627
692
745
627
502
327
249
174
117
24
3
55
114
219
355
518
590
665
689
669
623
595
501
404
236
64
12
12
46
89
125
164
142
80
56
20
12
8
33
152
167
216
342
409
475
639
768
845
877
740
579
441
358
291
247
187
119
104
137
154
119
78
123
103
42
129
337
336
218
191
122
159
171
234
260
330
455
546
496
307
190
306
481
590
541
493
476
400
198
131
161
237
245
239
231
113
72
115
124
109
94
135
166
189
254
241
239
218
244
250
325
332
239
87
19
14
27
71
110
243
407
477
619
876
1026
905
561
588
761
734
571
458
432
700
773
383
427
753
1154
1436
1379
1448
1490
1371
1137
868
654
568
724
986
1110
1183
1242
1569
2202
2695
2021
1996
2652
2698
2956
3362
3586
3627
3755
4101
4509
4708
5054
5298
5120
4376
3364
2882
2563
2124
2166
2419
2478
2305
2104
2278
2425
2393
2381
2205
2071
2048
1709
1214
449
83
105
368
859
1301
1766
1943
1970
1756
1509
1133
652
352
142
29
14
24
15
15
17
26
10
19
54
69
94
38
23
22
49
124
172
128
129
188
128
153
151
105
95
99
102
123
149
133
120
89
49
28
8
21
50
60
70
103
98
23
11
0
0
0
10
4
0
0
0
0
0
2
1
0
0
0
0
0
0
0
0
0
0
4
102
500
1157
1745
2195
2651
2986
3303
3539
3703
4018
4467
4484
4240
4187
4315
4143
4099
4025
4082
4185
4193
4260
4310
4286
4285
4063
3594
3246
3145
2959
2655
2184
1725
1343
1299
1398
1249
922
826
1108
1092
885
610
580
701
718
567
530
584
515
381
337
456
744
1168
1270
968
731
1104
1475
1706
1128
916
1525
1671
1456
1338
1294
1094
805
711
643
523
673
836
963
901
968
907
792
663
484
239
210
303
370
356
233
104
69
88
42
21
110
199
220
159
135
213
239
178
112
52
56
52
38
22
19
18
5
1
8
38
32
28
38
27
7
2
31
8
0
2
10
0
0
2
9
0
0
0
0
2
1
0
0
0
0
0
10
12
0
1
3
3
18
50
125
239
305
377
432
484
621
788
924
870
1346
1869
2178
2466
2095
2248
1986
1864
1815
1684
2212
2025
2255
2151
1343
691
753
912
959
999
852
832
1474
1910
1831
1639
2340
2473
3188
1010
469
340
422
598
801
1065
1256
1336
1336
1333
1207
1116
1048
1008
746
498
295
174
94
10
23
68
71
56
46
64
82
61
185
291
321
306
243
133
68
119
209
293
377
570
844
993
902
943
788
508
483
327
160
80
41
29
23
31
92
453
1179
1926
2332
2081
1753
1474
1092
777
608
536
394
152
23
75
120
129
142
153
133
113
64
4
0
8
9
15
20
29
24
7
0
0
3
17
22
4
0
0
0
36
101
182
270
361
629
910
1048
934
914
906
812
875
882
643
345
115
76
56
118
186
218
224
181
63
211
299
377
453
528
546
615
593
445
342
401
453
307
130
56
42
79
167
296
350
301
262
228
203
186
239
342
508
559
573
579
453
445
636
820
882
998
1116
1285
1439
1523
1685
1877
2501
3286
3619
3677
3544
3346
2957
2664
2391
2343
2384
2200
1740
1066
556
703
1019
1462
1546
1605
1507
1427
1343
1181
1142
1316
1367
1224
1362
1441
1476
1621
1683
1414
953
630
352
365
476
738
920
1171
1425
1373
1136
942
945
632
431
827
1115
1295
1319
1283
1065
890
616
592
533
444
401
472
470
512
605
593
547
473
370
433
556
514
392
196
205
325
384
353
449
479
349
297
247
122
58
70
94
140
240
305
293
399
597
828
1000
1232
1467
1652
1812
1924
2026
2013
1953
1920
1867
1886
1845
1920
1828
1680
1502
1393
1389
1313
1067
854
703
759
820
863
709
394
160
139
168
157
121
87
180
260
220
171
212
254
297
354
379
300
240
117
58
34
95
129
130
123
159
115
16
0
0
3
16
46
82
114
132
129
124
123
77
47
4
5
7
16
69
149
195
213
220
212
177
118
83
52
43
17
0
0
0
0
4
8
6
12
6
3
0
0
0
0
2
1
4
24
87
218
490
817
1009
1082
783
650
918
1354
1903
2474
3093
2989
2845
2725
2521
2109
1853
1586
2375
2471
1953
1314
1100
1069
1022
998
1186
1446
1596
1690
1739
1536
1383
1061
658
613
869
1063
1210
1028
696
540
1194
1895
1823
981
974
1303
849
882
1050
1121
979
805
705
713
647
390
301
229
235
187
285
334
408
483
582
646
676
697
686
645
573
449
669
890
898
807
779
817
757
692
1152
1607
1606
1501
1283
1179
1310
1605
1535
1286
997
1075
1137
1001
997
1006
966
835
737
531
423
400
423
405
349
393
436
522
634
656
628
542
386
274
268
210
168
245
364
519
616
689
767
874
992
1192
1581
2148
2799
3470
4019
4193
4067
3703
3311
5188
3144
2913
2838
2530
1914
1156
639
604
611
745
1144
1560
1457
1256
899
716
633
465
591
690
492
302
410
435
372
387
530
630
695
712
582
355
237
111
37
76
184
425
586
646
601
584
573
512
431
442
740
1006
781
695
748
1130
2226
3508
4357
5870
7096
7423
7494
6730
6833
7018
6281
5444
5578
5872
5584
5163
4653
4218
3183
2598
2125
1718
1248
807
381
238
587
926
1068
1353
1734
1607
1304
998
1029
1379
1781
1566
1293
1275
1208
1033
724
511
524
465
329
204
202
269
561
1028
1438
2008
2450
2777
2996
3033
3035
3130
3316
3820
4074
3828
3446
2285
1112
768
798
545
280
195
104
77
72
125
188
213
230
234
219
188
180
173
174
153
150
144
128
132
141
161
172
148
149
135
143
128
111
93
77
81
58
64
94
162
222
305
415
573
703
945
1062
1051
861
710
573
446
205
112
396
856
1515
2320
2816
3103
3313
3550
3270
3072
2806
2548
2267
2187
2261
2334
2587
2385
1745
1309
1760
2195
2383
2439
2367
2205
2017
1815
1435
1041
750
552
510
572
902
1777
2757
3064
3199
3601
3932
3809
3767
3920
4209
4199
4384
5096
5701
6009
6001
5393
5316
5810
5985
5849
5241
4248
3279
2362
1117
992
1387
2185
2962
3419
3444
3478
3200
3190
2915
2534
2566
2738
2527
1989
1693
1278
926
691
525
277
120
98
115
202
276
296
256
161
189
198
159
101
39
65
85
41
4
9
18
10
55
220
388
579
809
1077
1309
1530
1727
2000
2202
2241
2243
2073
1918
1759
1604
1661
1751
1914
2144
2526
2881
3173
3334
3448
3179
2642
2197
2003
2223
2564
2387
2729
3138
2876
2283
2025
1791
1545
1467
1083
542
477
593
543
421
508
624
672
590
462
391
424
462
670
767
830
622
467
429
399
460
461
441
396
514
807
1079
888
581
870
1069
1338
1493
1413
1179
936
624
411
567
1084
1422
1256
937
908
971
958
1010
989
793
739
668
668
664
626
500
400
314
226
126
17
22
86
299
537
631
747
934
1283
1696
1801
1357
1701
1969
2126
2164
2036
1816
1656
1668
1679
1809
1786
1596
1350
1116
851
624
342
342
437
598
684
663
614
585
506
461
408
305
270
261
241
275
485
774
1022
1138
1048
913
648
229
25
0
114
321
556
818
1159
1451
1586
1535
1338
1087
762
1204
186
90
64
137
220
238
189
196
157
89
105
154
244
336
386
466
452
379
317
300
298
209
62
23
21
12
0
0
0
1
3
13
21
8
1
0
0
1
0
0
0
0
0
1
0
6
23
97
153
125
36
7
2
0
0
0
0
0
1
0
0
0
0
0
0
0
1
0
0
0
0
0
0
1
5
8
7
2
4
6
20
106
141
126
88
27
2
6
32
115
350
585
713
619
476
362
239
154
108
72
78
48
58
43
17
11
3
0
1
0
0
0
0
0
0
0
0
1
0
2
4
2
0
0
0
0
0
0
0
0
0
0
0
0
0
0
0
0
0
0
0
0
0
0
0
0
0
0
40
369
681
888
808
791
938
1087
1198
1217
1199
1117
1010
813
657
507
496
435
233
194
379
431
226
148
507
802
403
507
762
535
342
123
79
140
55
13
48
58
145
199
216
304
295
275
224
187
148
33
11
2
1
10
57
100
179
224
249
255
252
233
205
161
109
100
88
61
38
34
20
11
23
75
200
264
247
221
187
210
255
257
255
293
334
397
536
519
399
205
60
45
295
490
288
230
400
465
397
328
349
373
405
418
444
394
393
325
337
262
208
144
89
57
24
3
0
0
0
1
6
14
24
17
7
6
14
20
11
1
0
0
0
2
0
4
4
12
27
57
49
37
15
14
16
15
16
34
35
22
12
2
2
11
20
57
56
32
0
4
3
0
0
26
42
7
7
6
5
9
4
1
0
0
0
0
0
0
0
1
1
3
2
1
0
0
0
0
0
0
0
0
3
9
4
0
6
34
13
0
7
0
0
0
0
0
0
0
4
2
1
0
0
0
0
0
8
12
14
21
40
37
23
19
55
94
84
78
79
76
72
59
68
56
39
30
27
42
122
328
349
233
58
0
85
554
661
318
99
460
660
524
426
366
305
313
352
454
456
479
418
347
376
350
348
296
262
222
162
100
90
386
882
1454
1655
1650
2530
3823
4101
5104
5981
6125
6287
5843
4997
4452
4377
4993
4680
3889
3287
2775
2314
2394
2636
2920
3171
3222
2873
2560
2133
2405
3027
3128
2743
2119
1734
1656
2243
3410
3875
3829
3652
3697
3809
4097
4108
4388
4311
3831
2864
1958
1201
1029
1081
852
714
675
1091
1323
1282
994
908
403
377
218
162
90
85
35
6
3
16
0
1
0
6
15
42
29
4
1
4
6
0
9
57
79
118
200
586
927
1096
840
447
458
722
1034
1153
1276
961
676
929
1102
1081
1140
1132
1174
1125
1177
1206
1142
941
696
454
295
194
189
220
234
294
348
353
317
274
215
121
38
11
2
4
17
30
89
140
185
234
243
246
235
151
75
140
47
227
409
549
711
883
937
983
973
866
721
563
407
281
180
105
35
26
25
23
26
36
17
20
12
16
51
107
140
196
240
314
363
404
366
363
331
282
267
250
188
137
106
81
47
18
3
0
2
1
0
0
1
0
0
0
1
5
17
42
84
120
230
204
109
35
54
17
7
31
65
47
20
8
0
1
0
2
12
11
8
31
7
17
62
138
172
178
137
78
35
10
14
12
8
10
30
55
76
42
0
2
8
7
9
4
5
13
62
418
1027
1352
1481
1506
1131
927
1069
1260
1304
1199
944
592
209
166
812
1541
1780
1386
990
1644
2480
2879
2890
3053
3429
3202
3262
3414
3644
3609
3550
3551
3420
3383
3509
3711
4024
4471
4818
4727
4350
4007
3639
3218
2917
2596
2299
1911
1527
1208
899
714
537
452
429
368
366
363
408
405
466
466
452
374
321
217
110
36
17
1
0
1
13
19
15
5
67
97
76
69
66
34
1
0
0
0
0
0
0
1
0
1
0
0
0
0
0
3
22
47
64
52
59
48
40
30
12
4
4
6
2
20
21
1
2
5
0
0
0
1
23
190
512
706
707
474
323
215
130
80
38
33
33
43
12
33
8
0
0
7
6
0
3
0
0
1
0
0
0
0
0
0
0
1
0
0
1
20
22
39
95
94
102
68
28
3
17
18
53
91
141
315
378
220
83
40
101
229
297
452
518
471
479
368
234
208
193
257
321
202
102
33
23
3
40
41
50
62
61
8
0
14
9
22
51
104
127
114
114
107
84
36
9
0
0
0
2
7
4
0
4
15
19
13
0
2
19
79
174
219
247
277
349
429
629
647
492
404
367
468
766
1176
1581
1905
2054
2146
2299
2376
2411
2576
3155
3973
4737
5407
6063
6312
6528
6711
6626
6720
6802
6701
6562
6269
5919
5417
4826
4311
3725
3053
2402
1771
1294
1258
1250
688
227
748
1640
1863
1680
1550
1887
2299
2266
1947
2322
2944
2929
2820
2695
2574
2465
2331
2246
2392
2491
2390
2221
1936
1973
2364
2297
1484
1216
1338
1114
806
592
590
387
544
617
600
487
485
593
870
1087
1377
1349
1211
1200
1206
1131
1032
885
752
584
545
550
540
477
282
168
102
136
285
445
560
597
539
482
525
777
791
614
596
547
713
596
235
230
240
215
205
197
192
167
141
94
7
4
7
26
50
51
52
43
19
13
5
16
2
0
0
0
0
0
0
0
3
71
132
103
67
112
125
111
237
85
49
23
20
22
8
8
4
1
3
21
67
51
69
34
29
94
147
130
81
27
20
4
1
2
55
251
638
876
895
763
558
353
247
182
162
212
311
380
401
387
350
273
234
155
77
8
0
0
0
0
0
0
0
0
0
0
0
0
0
0
0
0
0
0
0
0
0
0
0
0
0
0
0
0
0
0
0
0
0
0
0
0
0
0
0
0
0
0
0
0
0
0
0
0
0
0
0
2
86
273
417
505
514
479
432
387
289
234
222
197
106
44
15
6
0
0
0
0
0
0
0
0
0
0
0
0
0
0
1
0
0
0
4
2
0
0
0
0
0
0
0
0
0
0
0
0
0
0
3
11
7
8
14
7
0
0
3
17
0
0
0
1
4
6
0
12
10
1
0
0
16
35
40
9
3
0
1
8
3
0
0
1
2
2
2
1
0
0
0
0
0
2
4
20
63
139
182
315
409
399
449
419
252
152
265
619
694
655
500
540
1119
1544
1204
837
1066
1200
1240
1377
1302
1162
1153
1146
1168
1112
990
708
505
308
170
70
31
73
103
117
129
117
93
71
32
20
5
0
0
0
0
0
0
38
53
59
58
75
68
65
35
15
0
0
0
0
0
0
0
0
0
0
0
0
0
0
0
0
0
0
0
0
0
0
0
0
0
0
0
0
0
0
1
0
0
0
0
2
1
0
1
0
0
0
4
5
1
0
0
0
4
13
8
0
14
16
13
15
25
41
23
7
19
8
2
0
1
0
1
18
86
209
333
404
387
321
219
171
159
181
258
313
403
516
603
691
821
833
926
974
1041
1056
1098
1072
1093
1112
1217
1219
1073
902
818
876
982
963
812
614
548
622
804
1001
1163
1242
1140
957
777
765
889
820
388
592
966
1453
1669
1594
1542
1400
1577
1832
2104
2165
1915
1771
1856
1632
1524
1564
1340
1038
814
519
346
319
275
140
39
37
77
107
109
95
75
45
11
27
24
27
23
16
49
93
125
156
135
50
14
9
1
4
12
19
23
26
52
45
42
39
33
44
75
145
233
305
287
565
660
278
333
352
358
347
363
339
310
228
175
124
19
1
0
0
0
0
13
12
0
3
16
51
57
15
13
8
30
57
46
35
35
57
98
68
26
3
2
30
109
174
167
133
94
47
16
0
0
0
0
12
243
600
1023
970
959
1052
1233
1047
2740
2331
3017
3778
3409
3342
4379
4567
4123
3664
3229
2871
2427
2379
2014
1821
1624
1493
1281
1037
986
970
901
955
1321
1698
1430
1922
2039
1990
1977
2300
2506
2571
2637
2108
2500
3124
3479
3352
2832
2343
2790
2982
3727
3547
2803
2097
1922
1548
1075
912
1376
2024
2703
3881
5047
5891
6318
5636
4596
4679
4412
3941
2713
3119
3034
3080
3493
3186
2747
2726
2832
2753
2338
1797
1301
897
457
111
57
350
829
1363
1804
2032
2167
2232
2211
2094
2089
2019
1881
1641
1345
998
836
895
1028
1194
1250
1278
1168
994
960
853
715
482
398
360
286
218
160
125
95
141
432
683
833
992
1441
1999
1824
1198
1660
1719
1741
1737
1581
1415
1289
1219
1193
1023
818
681
564
491
391
400
341
276
200
178
157
114
65
11
1
8
1
2
2
3
0
0
0
0
1
5
19
67
106
123
145
136
138
186
332
343
308
814
1566
2591
2954
3096
3160
2743
2453
2428
2257
2009
1984
2031
2078
2005
1518
1245
1060
964
936
793
660
501
426
347
242
187
155
129
133
103
106
95
111
105
53
39
58
34
30
15
11
3
0
0
0
0
13
9
6
5
5
7
7
27
107
252
465
686
980
1317
1645
1965
2524
2990
2741
2593
2597
2226
2058
2539
3324
4130
4360
4068
3425
2684
2181
1648
1181
1508
2465
2785
2625
2685
2847
3493
3977
3960
3384
2972
2729
2417
2137
1755
1256
1121
1291
1453
1404
1383
1919
2663
3084
3126
3132
3126
3045
2810
2417
1832
1346
1007
629
502
701
1187
1640
2209
2521
2867
3091
3327
3348
3155
2561
1715
911
393
606
1132
1789
2445
2861
2908
2846
2705
2525
2222
1895
1432
1164
1054
904
703
502
419
369
468
264
199
192
134
91
88
40
45
70
23
5
2
23
67
65
46
38
17
13
66
78
4
0
0
0
0
0
1
0
0
32
120
107
64
87
62
29
4
0
4
13
12
53
56
115
77
88
133
207
176
59
35
282
613
830
604
129
221
261
127
72
169
265
397
588
749
443
197
439
868
1375
1470
1341
1304
1576
1660
1513
1210
868
509
199
58
219
676
1212
1525
1610
1580
1621
1374
1127
834
576
411
249
110
11
19
4
19
18
5
11
54
75
94
78
39
4
26
31
6
2
3
5
1
0
0
0
0
0
0
0
1
4
1
0
0
0
2
1
1
1
2
21
35
42
102
92
99
54
34
44
55
24
1
1
0
0
2
1
1
29
69
101
77
64
109
248
410
588
692
974
1384
2000
2740
3455
4039
4673
5032
5233
5604
5825
5803
5762
5595
5530
5476
5379
5077
6473
3954
3852
3549
3042
2545
2108
1750
1536
1210
990
788
700
637
649
596
517
416
343
280
272
247
234
190
171
109
65
45
9
5
2
0
0
0
2
2
3
0
0
8
30
39
72
293
748
1038
1046
853
616
436
307
198
132
92
85
83
103
85
54
18
2
3
0
0
0
0
0
0
0
0
0
1
2
0
1
0
0
0
0
0
0
0
0
0
3
3
8
2
0
0
4
16
38
35
2
77
267
322
210
6
96
298
403
387
237
54
51
254
273
190
24
1
38
33
21
14
5
3
8
37
60
52
9
1
6
9
2
0
9
21
14
1
0
0
6
3
2
0
16
30
18
2
0
0
14
42
26
15
14
10
54
82
67
22
21
147
586
1019
1299
1147
857
544
364
514
716
961
1277
1652
2090
2295
2220
1976
1851
1903
1945
2120
2276
2532
2522
2444
2461
2638
2864
3194
3685
4375
5072
5118
4779
4423
4125
3899
3680
3640
3268
2738
2209
1617
1231
1126
1062
867
527
522
707
963
1007
704
359
262
364
480
580
806
1005
971
1028
1143
1330
1381
1292
929
672
406
198
48
1
0
0
11
60
64
68
51
78
94
126
174
215
279
310
250
242
200
139
63
33
11
3
4
0
0
0
6
8
7
4
3
0
0
0
14
33
13
17
37
0
13
11
1
7
0
10
6
0
0
0
0
0
0
0
0
0
0
0
0
0
0
27
36
13
0
0
0
1
3
0
0
0
1
4
22
16
4
11
14
3
0
0
0
0
0
0
0
0
0
0
0
0
1
0
0
2
7
19
27
30
67
43
14
36
15
8
3
6
11
0
21
26
1
6
8
46
103
164
192
167
75
18
14
6
7
2
14
27
31
31
27
17
11
4
21
10
19
25
53
68
70
42
36
45
9
0
0
0
3
0
0
2
5
14
24
10
9
22
23
11
15
57
74
58
46
46
31
12
0
4
61
98
50
37
100
173
114
91
36
27
30
42
48
60
54
53
44
28
11
5
29
61
70
52
13
5
0
0
0
0
0
1
10
27
41
30
20
1
0
0
0
0
0
0
0
1
0
0
0
0
0
0
0
0
1
8
7
8
14
28
44
43
43
41
10
0
0
1
0
2
5
10
5
1
0
4
6
0
15
26
0
0
0
2
9
9
3
0
1
0
10
13
11
2
0
5
110
271
484
551
421
305
142
606
386
416
293
116
7
28
23
58
116
143
144
149
137
144
142
97
59
19
11
2
6
9
1
14
116
277
431
483
360
168
80
48
35
87
65
18
40
8
9
22
3
1
0
3
12
0
0
7
21
2
2
19
32
41
45
23
6
7
8
1
0
0
0
0
0
0
0
1
1
0
0
0
0
0
0
0
0
0
0
0
0
0
0
16
12
2
1
2
8
8
4
23
56
56
26
21
0
8
71
149
148
77
6
0
0
0
0
0
0
0
0
8
15
20
10
10
5
0
6
7
17
16
8
1
1
0
1
0
2
2
3
0
0
2
1
1
11
11
21
39
38
31
24
20
15
34
26
17
34
22
11
6
0
1
10
30
36
31
99
320
501
634
849
1046
1191
1518
1859
2133
2302
2490
2453
2122
1959
1933
2070
2073
2242
2239
2687
2658
2315
1902
1629
1976
2071
1898
2095
1872
1645
1273
967
582
424
358
275
185
216
240
170
87
74
178
236
130
77
88
38
36
89
137
200
275
329
386
371
361
354
291
233
158
112
87
51
59
205
533
765
906
1138
1289
1483
1674
1800
2109
2779
3380
3812
3690
3074
3065
3848
4717
5725
6589
7450
7507
7017
6759
6788
6751
6749
6684
6584
6365
6158
5805
5570
5341
4695
4155
3433
2806
2174
1596
1286
1438
1686
1810
1674
1498
1319
1705
2035
1938
1451
1254
1800
2041
1971
1912
2339
2979
3196
2730
1473
1527
1746
1568
1544
1592
1093
737
550
399
244
65
54
38
34
65
136
205
236
210
178
204
229
177
97
72
54
23
8
49
253
625
969
729
272
153
386
719
558
552
637
544
403
246
60
93
129
237
261
168
111
58
39
26
10
4
20
40
72
11
0
13
51
41
30
10
3
0
4
33
10
1
9
39
21
2
0
0
6
17
18
6
90
357
759
1221
1449
1932
2821
3826
4161
4813
5966
6688
7248
6425
5983
5462
5282
5066
4910
4738
4236
3487
2689
1845
2054
2521
2406
1921
1234
878
722
658
585
529
632
636
708
908
1002
1222
1853
2802
3305
2691
2267
1278
552
315
170
174
481
1688
2740
2753
1131
1612
1411
693
423
452
1327
1819
1484
848
822
612
412
386
213
100
82
116
12
43
29
0
0
1
0
1
2
0
12
8
4
11
21
16
1
1
0
0
2
0
0
0
0
0
0
0
0
1
3
7
100
664
1358
2634
3970
4949
5358
4486
3514
3134
2332
1159
1218
933
539
359
379
463
1134
2144
2815
3118
3068
2951
3058
2859
2855
2900
2627
3349
1246
845
739
721
663
462
355
316
402
387
367
350
321
356
377
379
361
371
375
331
250
166
154
210
257
268
151
35
24
154
660
1054
1230
923
560
574
753
542
307
237
163
61
34
83
74
31
126
664
1415
2333
2953
3355
3886
3818
3164
2593
2286
2881
3067
3165
3165
2851
1960
1586
1954
1836
1517
1420
911
524
582
717
516
202
87
85
58
41
18
12
24
55
76
24
9
13
2
0
32
54
27
25
43
53
48
26
2
1
0
1
4
6
8
28
90
125
105
29
0
0
0
0
0
0
0
0
0
0
0
0
0
4
6
4
3
2
2
0
0
1
0
2
0
0
2
10
42
69
72
41
10
0
1
0
0
0
0
0
0
0
0
6
27
42
53
53
31
21
12
11
6
2
1
0
0
0
0
0
0
1
2
2
0
0
0
0
1
0
0
0
0
1
1
0
1
0
0
0
0
0
1
3
3
2
0
0
0
0
0
5
0
0
0
0
0
0
0
0
0
0
0
0
0
0
0
0
0
0
2
12
14
9
5
3
3
13
24
38
30
15
10
15
36
55
84
128
203
248
301
337
319
367
423
568
617
565
439
200
50
184
677
937
561
150
295
586
481
327
218
151
71
6
3
13
5
8
9
10
35
51
32
5
9
8
3
2
1
0
0
7
51
162
251
206
237
567
990
896
573
620
748
681
457
496
577
543
370
295
255
237
188
188
185
151
93
53
32
25
29
40
36
30
22
22
17
5
0
1
100
306
498
617
831
1069
1093
1134
1335
1547
1732
1968
2243
2426
2552
2564
2383
2110
1606
1085
458
314
768
1423
1919
2348
2615
2949
3180
3366
3415
3302
3078
2589
1981
1111
243
63
557
1240
1748
2121
2271
2396
2143
1723
1124
530
165
115
218
268
274
151
62
16
12
11
9
4
6
1
0
1
0
0
0
1
0
2
0
0
0
1
0
0
0
0
3
3
4
16
51
154
440
808
1224
1679
1914
2149
2464
2704
2819
2416
1673
1078
535
346
538
772
978
1154
1137
1087
989
813
581
451
317
159
117
235
506
618
696
805
717
582
231
105
213
263
160
84
105
100
47
58
46
29
10
0
0
0
0
1
0
5
34
197
455
741
859
833
754
665
530
283
432
421
337
329
296
255
242
288
312
357
485
579
622
615
434
162
566
632
511
379
402
493
536
532
493
474
461
503
474
430
423
450
336
265
399
555
533
382
222
135
224
241
210
143
42
16
17
11
15
19
9
6
2
1
1
17
30
28
18
7
4
62
322
620
707
682
652
599
506
522
582
550
602
489
177
191
252
183
117
157
379
459
528
589
576
585
669
799
921
1030
1104
932
692
669
1206
1826
1697
1331
1426
1432
1156
908
919
860
703
583
459
391
309
274
199
159
122
62
35
27
15
5
0
0
0
0
0
0
1
3
0
3
0
0
0
1
2
0
0
1
2
25
72
183
344
492
621
675
576
469
371
254
194
157
208
251
243
222
102
116
221
245
205
124
48
82
132
167
174
141
89
27
16
11
5
12
15
15
20
43
37
15
7
1
5
11
9
1
0
0
0
4
1
8
12
4
4
0
4
0
13
16
33
51
55
65
50
30
22
13
7
13
21
20
21
15
7
31
18
19
26
18
26
44
36
33
18
33
35
82
92
93
89
112
169
294
563
917
1167
1350
1327
1319
1101
824
505
279
704
935
1084
1211
1460
1666
1658
1420
1303
1032
761
663
790
925
970
823
689
637
680
658
694
701
746
687
739
702
524
428
724
959
1359
1965
2415
2608
2700
2717
2808
2969
2956
2632
2467
2309
1854
2248
3367
3901
3921
3758
3521
2901
2148
2264
2612
2989
3137
2836
2148
1625
2302
2573
2660
2390
2023
2026
1818
1807
1616
1518
1645
1805
1657
1409
1265
1585
2323
2741
2165
1723
2204
2459
2469
2636
2957
3041
3103
3174
3171
3225
3236
3239
3013
2636
2202
1889
1582
1295
988
668
482
411
323
267
242
226
191
158
144
165
212
269
374
467
536
578
668
824
949
1102
1259
1260
1186
1118
945
815
582
386
175
50
20
19
5
3
3
13
15
6
5
6
6
0
0
1
14
24
41
60
62
61
53
57
65
18
0
2
2
0
0
1
1
31
105
99
45
5
7
0
0
20
118
135
162
162
94
23
47
72
54
2
3
8
6
8
8
6
0
0
1
0
1
0
0
0
0
0
1
0
0
0
1
2
5
10
21
27
9
1
0
0
1
0
0
0
0
0
0
0
0
0
0
0
0
0
0
0
0
0
0
0
0
0
0
0
0
0
0
0
0
5
3
1
0
14
35
37
30
7
11
31
9
3
9
23
51
55
21
0
1
15
20
3
9
24
71
86
104
65
47
52
58
140
216
291
362
630
1043
1631
2159
2654
3037
3167
3136
2975
2757
2551
2325
2273
2217
1957
1701
1486
1492
2495
1312
1285
1260
1201
1053
928
904
920
980
1022
1078
1150
1213
1248
1440
1486
1653
1775
1878
1925
1994
1973
1873
1766
1680
1652
1543
1534
1500
1377
1223
1137
1073
1268
1459
1608
1635
1480
1570
1553
1487
1432
1336
1136
907
848
982
1082
1159
1223
1291
1417
1539
1598
1583
1309
735
339
397
394
396
368
358
337
291
204
184
162
122
80
25
7
6
78
150
186
291
484
838
949
836
600
680
817
758
641
428
294
203
146
129
174
178
143
95
82
69
92
112
78
60
133
292
420
286
200
176
191
217
254
290
352
344
239
196
127
52
62
314
942
1012
544
304
526
663
552
453
387
306
181
80
30
14
4
5
7
0
0
0
0
0
0
0
0
1
1
2
26
76
98
66
21
8
4
1
5
18
17
27
33
41
38
7
1
2
7
4
15
22
40
43
39
12
5
17
100
350
657
708
612
421
285
177
154
166
225
403
750
948
808
622
527
412
320
224
145
200
648
957
768
646
849
1142
1257
1243
1212
1371
1648
1687
1547
1565
1599
1585
1569
1452
1337
1135
966
847
854
705
463
229
133
124
114
92
102
169
188
134
109
210
296
339
268
188
101
94
87
52
46
167
351
444
363
313
267
134
160
201
300
358
349
267
215
215
144
40
201
295
224
155
112
150
244
210
153
111
95
102
200
259
398
595
797
1065
1039
1100
1131
899
644
636
825
1104
1564
2178
2259
1416
1423
1413
1073
1258
1612
1744
1903
2133
2606
3078
3643
4251
4395
4416
4426
4411
4739
5058
5160
5044
4659
4251
3878
3686
3514
2941
2730
2564
2149
1694
1182
901
1217
1177
483
483
866
804
802
868
666
516
483
320
276
291
209
211
265
306
347
339
254
142
172
231
513
856
1070
1282
1312
1342
1316
1067
790
457
246
92
62
187
315
653
924
1056
1031
1026
1027
1023
1020
995
905
786
682
532
402
318
196
119
61
38
40
30
48
34
12
0
7
9
34
123
338
684
1408
2366
3058
3573
4577
5498
5979
6816
7586
8354
9199
8805
8215
7529
6520
6742
6162
6260
6164
5260
5379
4768
3475
2270
2159
2122
2032
1976
2025
2267
2273
1940
1694
1251
737
572
890
1163
1222
1109
1089
1215
1394
1780
3649
3926
3754
4184
4382
4492
4610
4112
3116
2100
2087
2867
3758
3954
3932
3518
3281
3271
4066
4968
5492
5839
5860
5763
5482
4963
4385
4230
4321
4759
5312
5717
6021
6484
6911
7161
7088
6792
6588
6488
6364
6292
6546
6516
7312
7716
7629
6667
4756
3382
4053
3865
3717
3456
2941
2313
1547
2432
3540
3807
3839
3807
3359
2681
3114
2756
3134
3134
3318
3339
3620
3957
4108
4837
5145
5208
5360
5694
6236
6132
5752
5367
5073
4574
6647
8517
8933
8524
8222
7000
6474
6324
6488
5735
4933
4419
5498
6178
5363
3869
4440
6074
5846
4017
2678
2409
2254
2266
2049
1954
1892
1796
1647
1264
1043
738
800
704
499
508
407
230
54
11
9
9
8
63
53
19
10
20
34
67
114
133
200
322
437
625
873
1396
1853
2047
2257
2250
2142
2017
1713
1692
1789
1901
1919
2105
2266
2417
2668
2646
2721
2765
2923
3171
3371
3466
3568
3845
3867
3986
3543
3064
3201
3045
2456
1978
1771
1809
1812
1601
1273
932
487
186
184
378
617
675
631
541
751
928
1027
1241
1392
1534
1613
1706
1533
1331
1119
877
597
422
408
326
352
554
649
926
1227
1366
1365
1172
984
961
927
973
1131
1151
1102
1048
884
763
660
593
488
396
342
391
535
596
592
594
710
959
1067
1042
921
840
804
733
627
447
290
241
244
255
257
162
193
293
383
639
654
583
530
572
714
768
665
531
412
426
468
338
363
366
337
505
619
591
382
218
220
210
157
101
63
95
138
113
142
220
318
301
314
244
121
57
86
59
71
70
127
207
297
436
576
648
721
698
620
555
418
233
82
61
55
39
29
31
62
72
38
24
12
1
0
0
0
0
0
0
0
2
4
3
0
0
0
2
10
13
5
3
16
11
2
1
0
0
1
2
8
16
18
12
12
52
80
106
178
199
183
209
242
193
169
108
74
67
50
32
12
5
16
16
64
96
33
12
27
34
96
221
278
382
581
744
737
798
804
783
728
830
869
1038
1204
1325
1576
1765
1961
1873
1716
1857
1771
1521
1431
1311
1324
1652
2043
2612
2965
3045
2888
2988
2946
2945
3070
3190
3389
3307
2700
2018
1859
1667
2048
2472
2968
3371
3453
3347
3080
3066
3419
3717
3698
3259
3332
3644
3954
4514
5213
5586
5307
4092
3602
4524
5279
5343
5235
5710
7162
9040
9891
10172
9518
8842
9128
9041
8053
6458
5085
4306
3931
3292
3425
3388
3323
2815
2197
1544
1117
980
1196
1479
1764
2029
2373
2694
3140
3628
4563
4864
4922
5019
5295
5292
5320
5284
5072
4825
4397
3710
3966
3862
3764
4030
3881
3614
3607
3323
3070
3547
3633
3430
3131
3305
3339
3107
2648
1972
2126
2748
3295
3058
2172
2469
2765
2732
2626
2747
2948
2777
2482
2220
1989
1467
1377
1354
1363
1332
1222
965
1003
829
720
818
834
821
675
658
748
896
1102
1330
1611
2044
2507
2946
3712
4707
5402
5491
4717
4113
4118
4029
4001
4190
4199
4003
3134
1365
1491
2063
2037
2223
2458
2276
2042
1813
1585
1283
1102
342
148
507
741
901
927
1014
1097
1039
980
837
559
329
118
20
47
241
399
523
612
726
767
804
783
639
430
392
438
449
489
572
571
623
676
645
629
555
507
416
300
170
193
378
637
891
1067
1278
1385
1287
1183
1051
1082
1049
1117
1029
1060
978
896
798
767
886
1320
1878
2116
1961
1684
1642
1525
1499
1487
1445
1506
1734
1842
1663
1450
933
817
1152
1503
2006
2473
2881
3053
2964
2796
2932
3032
2857
2377
1900
1473
1044
784
689
605
607
627
595
441
257
203
307
513
729
846
891
815
594
512
519
745
1130
1351
1289
1089
1415
1829
1931
1828
1519
1151
734
579
839
957
902
969
1117
1294
1599
1786
2044
1896
2147
2269
2176
1890
1550
1330
1152
1357
1442
1425
1639
2250
3029
3306
2861
2320
1714
1495
1418
1091
939
758
710
552
629
685
596
418
279
120
216
430
593
778
821
669
528
436
396
419
543
725
1075
1538
1956
2367
2633
2593
2184
2129
2080
1983
1707
1411
1328
1705
1912
1554
1291
1266
1121
975
996
1060
903
704
541
563
683
740
582
449
217
55
134
309
313
312
278
326
365
323
302
277
247
200
253
461
533
612
722
838
848
807
726
615
519
414
370
252
125
16
7
22
61
99
98
91
137
519
972
1637
2639
3150
3346
3257
2540
2502
2274
1896
1852
1595
1541
1281
1076
929
857
739
588
439
356
269
190
127
85
100
157
149
119
63
46
57
72
35
17
14
28
65
90
91
77
54
50
111
199
290
363
375
226
198
207
187
167
113
120
88
56
29
75
171
254
368
462
468
399
281
232
290
392
399
282
173
156
148
189
309
297
196
158
244
308
305
297
225
187
116
116
208
354
609
1007
1322
1688
1980
1824
1611
1533
1453
1309
1549
1045
1210
1396
1304
1353
1370
1442
1362
1170
1063
927
666
482
545
795
837
1130
1380
1504
1611
1621
1558
1560
1470
1351
1080
882
581
306
97
74
66
123
238
288
299
293
191
99
3
1
3
6
45
85
195
455
604
597
494
393
318
284
325
437
531
558
627
662
666
520
428
402
225
265
404
372
434
299
332
396
351
332
327
358
408
539
650
667
617
564
532
580
587
554
506
481
509
670
864
1050
1217
1391
1462
1694
1733
1654
1449
1346
1217
1134
1166
1202
1390
1541
1598
1327
1259
1612
1784
1827
1973
1922
2027
2403
3221
2282
1821
770
1139
1101
1349
1468
1266
1101
1192
1196
1201
1141
1078
1236
1524
1573
1593
1849
2049
2201
2255
2146
2004
1855
1561
1482
1545
1442
1210
971
672
464
430
475
425
329
179
235
1154
619
465
673
860
858
688
677
856
970
745
733
841
756
616
573
589
562
360
284
269
339
357
376
293
226
192
205
166
164
158
182
178
153
132
127
89
47
36
19
13
10
17
16
1
6
19
13
19
15
7
0
18
27
19
1
34
40
2
0
11
0
0
0
0
0
0
12
3
1
11
201
779
1135
1402
1870
2286
2407
2759
3471
4147
4707
5313
5513
5519
5394
4980
4227
3225
1970
1467
2233
2809
3206
3518
3377
3129
3145
2957
3051
3560
3944
4703
4710
4115
3622
3233
3028
2787
2852
2636
2369
2021
1730
1622
1306
1342
1528
1797
1941
1859
1763
1793
1983
2125
2202
2305
2658
3245
3859
4455
4965
5159
4836
4104
3535
2876
2265
1800
1637
1863
2391
2966
3565
4047
4371
4750
5179
5580
5998
6693
7114
7040
6704
6064
5508
5002
4569
4024
3454
2927
2377
1890
1851
2524
3211
3457
3196
2919
2181
2097
2777
3197
2898
2532
2035
1246
897
641
732
828
663
436
262
257
282
264
237
279
407
513
664
1085
1695
2027
2236
2311
2249
2046
2035
1922
1865
1793
1650
1180
758
444
641
575
482
519
832
1400
1705
1902
1779
1365
969
629
370
324
265
284
254
204
178
179
272
360
396
355
471
797
990
946
896
764
616
544
514
552
588
511
488
396
344
278
320
376
358
277
279
601
1317
1584
883
446
647
444
413
602
539
438
340
314
379
440
436
478
540
432
394
364
337
281
268
240
247
206
119
62
150
248
378
749
693
395
351
817
1070
676
234
414
507
237
103
204
276
461
681
679
532
410
399
388
261
224
280
259
385
591
573
458
509
617
691
674
612
607
551
370
288
311
379
311
200
243
229
117
40
65
83
442
537
177
109
317
316
147
127
78
35
31
31
54
69
87
151
175
202
207
203
210
168
114
44
24
23
13
34
34
83
72
190
424
541
688
839
926
964
1094
1237
1509
1738
1741
1629
1586
2059
2844
2918
1843
2179
2475
2323
2343
2364
2289
2043
2012
2025
2026
1832
1423
1119
958
733
378
320
272
100
18
72
33
7
4
60
136
211
386
540
704
784
944
1125
1364
1608
1908
2245
2465
2653
2744
2884
2995
3022
3100
3081
3045
2895
2650
2228
1633
1115
949
1177
1276
1988
1686
1806
1527
1494
1776
2397
2745
2389
2799
3337
3678
3946
4088
4214
4389
4596
4860
5044
5236
5319
5466
5552
5370
4698
4011
3830
3673
3318
2997
2706
2369
1980
1600
1395
1174
953
766
597
494
415
352
263
236
153
90
36
32
32
14
10
1
0
3
1
16
48
69
29
8
10
22
14
23
13
27
13
30
33
17
13
56
111
96
63
42
22
13
4
1
0
0
0
0
0
0
0
2
43
65
49
3
1
2
31
81
60
18
8
3
16
74
121
155
226
353
422
546
686
798
578
334
265
331
320
196
66
10
14
45
114
141
137
197
274
268
278
239
203
156
111
89
59
29
24
44
95
120
95
76
33
13
1
0
8
166
537
638
411
272
195
113
99
81
50
43
20
9
10
12
11
13
7
3
3
4
25
58
65
72
92
111
145
162
146
167
242
254
310
269
251
240
215
168
82
26
56
97
182
212
236
238
364
362
399
372
350
301
253
209
230
174
83
36
47
25
0
20
42
46
101
215
314
313
232
139
137
210
256
272
285
247
226
173
113
40
9
24
193
217
238
230
335
397
320
296
352
417
456
320
220
130
89
78
13
0
1
51
253
430
556
558
480
331
261
341
516
660
723
598
538
788
882
1011
1313
1718
1781
1609
1271
921
714
756
653
663
446
398
435
390
561
877
1292
1593
1777
1893
1953
1967
1886
1690
1628
1446
1246
992
807
631
456
396
372
438
536
578
621
796
953
1106
1165
1327
1516
1792
2130
2468
2806
3206
3704
4092
4228
4162
4036
4057
4151
4312
4658
5120
5602
6067
6312
6368
5906
5170
4347
3741
3324
2763
2272
1922
1709
1387
960
708
613
534
386
180
76
68
170
236
223
249
239
215
101
70
40
45
40
32
30
10
8
18
26
11
6
7
1
10
50
201
360
380
511
820
1391
1852
2545
3308
3474
3436
3577
4542
5574
5652
5538
5244
5132
4886
4730
4104
3741
3395
2674
2104
1623
936
345
1033
1790
1770
1102
1461
1818
1641
1179
1641
2074
2258
2429
2787
3473
4210
4728
4554
4355
3921
3784
3510
3138
3322
3630
3440
2912
2176
1755
1482
1393
1218
1036
897
799
675
624
710
509
403
351
478
616
1010
1326
1441
1207
1252
1617
1960
2124
2280
2406
2743
3243
3732
4291
4792
5290
5610
5777
5768
5595
5330
5076
4619
4051
3548
2918
2440
2093
1782
1342
1114
1048
843
660
593
584
557
548
567
571
528
522
533
439
382
314
260
197
155
83
64
40
15
7
0
0
0
1
0
0
0
0
0
0
0
0
0
0
0
0
0
0
0
0
0
0
0
0
1
1
10
42
79
65
41
7
2
9
11
13
13
9
7
2
5
2
0
0
0
0
20
33
41
49
43
200
354
248
118
122
222
249
269
264
242
293
386
518
659
785
995
1091
1100
1035
981
894
726
462
571
309
375
403
393
469
582
593
492
330
253
167
77
62
73
136
274
507
639
581
757
666
728
672
588
632
620
609
669
642
445
381
334
298
303
337
534
690
598
568
653
749
717
596
497
431
486
661
516
302
280
205
203
322
352
335
280
263
126
138
165
219
131
155
200
209
310
357
234
98
98
215
257
209
139
200
269
281
219
138
60
95
151
251
264
210
249
322
301
180
169
96
106
56
164
224
204
239
381
337
348
293
320
334
276
246
266
276
231
168
174
162
186
244
327
316
303
308
325
445
556
734
643
469
390
455
516
662
700
757
1161
1508
1474
1261
1150
1014
836
895
781
753
590
581
479
293
174
278
409
555
517
487
508
437
455
571
860
950
864
649
410
188
219
258
249
226
187
199
125
81
172
243
288
270
264
324
338
280
241
211
196
246
183
113
115
115
216
514
792
1022
1446
1855
2077
2349
2416
2308
2225
2204
2461
2847
3172
3166
3278
3555
3669
3651
3621
3456
3520
3415
3382
3303
3337
3373
3216
3243
3118
3077
3334
3041
2598
2318
1995
1676
1527
1253
1050
938
790
644
547
561
801
1078
950
597
334
371
706
855
716
512
462
404
147
182
213
214
166
53
45
26
49
44
58
51
56
26
23
18
21
5
5
7
15
22
14
15
7
9
1
1
0
0
0
0
0
0
1
0
0
0
0
0
0
0
0
0
0
1
0
0
0
0
0
0
15
67
88
85
50
40
43
58
89
118
117
107
106
93
41
26
16
3
3
5
6
0
0
0
0
0
0
0
0
0
20
17
13
5
9
5
6
4
1
0
37
63
40
2
2
2
0
0
0
6
1
9
3
7
2
2
7
1
1
44
87
24
11
76
344
591
766
704
852
1284
1688
2045
2532
3114
4804
5844
6336
7766
8841
8435
7809
7330
6993
6650
7614
6819
6091
5256
4496
3581
3402
3973
4139
3877
3469
3510
3694
3732
3567
3677
3700
3522
3334
3488
3843
4392
4671
4185
3367
3224
3288
3876
4881
5558
6170
6602
6272
5879
6566
7622
7297
6292
5182
4287
3081
2169
2121
2024
2130
2465
3065
3255
3029
3434
3892
4260
4569
5063
5565
6204
6849
7288
6701
5353
4360
5097
5581
5732
5880
6143
5933
5408
5302
4368
3818
3715
3698
2703
2201
2219
1937
1285
952
754
909
1351
1947
2056
1890
1266
1090
1395
1787
1688
1054
742
663
630
559
416
418
403
332
279
176
207
116
56
48
26
2
10
35
63
86
142
334
532
728
885
934
1037
1156
1395
1636
1794
3335
1665
1515
1195
941
633
449
177
61
47
118
166
262
323
415
417
459
432
365
314
244
95
41
35
24
17
26
36
92
249
452
582
641
647
553
409
285
211
258
292
297
324
333
313
338
456
555
506
165
8
4
39
48
45
44
41
19
0
0
0
0
0
0
1
3
13
33
11
2
1
0
0
0
0
0
0
0
0
0
0
1
1
4
2
5
4
5
3
0
0
0
0
1
0
0
0
0
0
0
0
0
0
6
2
0
0
0
1
0
0
4
13
53
88
44
9
0
0
0
0
1
3
90
198
164
73
38
49
44
41
23
1
4
12
37
29
27
30
23
62
62
31
3
4
72
233
875
1246
969
450
416
320
232
286
431
539
737
886
912
820
718
708
972
1017
711
264
340
712
827
707
949
1071
755
454
355
315
649
1264
1621
1900
1883
1863
1651
1439
1230
908
855
946
1369
1723
2035
2320
2406
2716
3387
3553
3153
2415
1919
1337
1442
1821
2173
2472
2740
2926
3163
3218
3263
3170
2862
2301
1894
1407
708
132
81
561
1201
1842
2479
2973
3530
3997
4305
4318
4254
4261
4081
3872
3393
2707
1990
1235
905
936
1727
2557
3433
4123
4666
5112
5370
5595
5558
5540
5406
5240
5171
5265
5480
5655
5525
5391
5057
4807
4603
4511
4383
4083
3649
3413
3178
2862
2529
2176
1597
1005
1297
1904
1798
855
1597
2893
2998
2388
1469
1288
1914
2275
1561
1139
2001
2066
1625
1354
1342
1003
641
533
768
1110
1193
847
692
590
733
856
890
967
1059
1145
1110
1008
845
716
564
436
318
406
335
216
71
49
137
203
276
248
152
65
11
5
1
2
27
23
26
42
115
208
333
416
557
650
668
634
550
536
442
300
325
387
414
351
206
155
250
393
481
505
432
328
228
136
67
15
5
4
2
1
1
0
1
2
15
42
57
52
42
23
8
6
0
0
0
49
241
515
643
642
549
456
421
380
393
416
174
333
605
482
139
177
330
368
170
214
349
354
161
64
259
464
468
225
314
534
352
97
124
359
451
392
248
454
474
402
177
32
128
378
544
436
271
142
207
265
253
225
423
838
1292
1723
2266
4890
5486
3382
3695
4147
4285
4605
4955
5138
5834
5724
5752
4316
3808
4279
4875
5078
5881
7459
7497
5149
4331
3513
2495
1823
1618
1807
1955
1914
1760
1716
1869
2243
2816
3196
3350
3222
3090
3123
3240
3488
3920
4629
4996
5428
5580
5520
5667
5857
5913
5951
6025
6160
6277
6499
6604
6785
6823
6366
5654
5100
4781
4401
4089
4340
4690
4602
7177
5268
5476
5508
5166
4606
3625
2580
2860
3640
4792
6079
7394
8097
7789
7188
5307
5281
5569
6445
6448
5647
6293
6095
5709
3835
2808
2000
1581
1398
2066
3133
3907
4127
3562
3080
2892
2697
2772
2417
2142
1190
758
751
1141
1490
1720
1641
1351
1013
919
890
756
665
517
310
224
136
83
80
109
149
197
235
243
347
497
700
1099
1547
2096
2531
3021
3405
3755
4121
4406
4704
5030
5376
5712
5979
6320
6542
6639
6725
6963
6907
6789
6731
6677
6314
5891
5224
4419
3729
3332
3266
3115
2879
2614
2455
2421
2321
2127
1846
1518
1272
1071
820
658
401
223
206
235
169
234
341
336
371
468
543
872
1082
1124
1355
1481
1763
1951
2146
2041
1663
1224
969
893
1010
1023
1017
778
596
534
405
364
434
520
563
504
352
293
228
131
72
64
93
158
330
627
869
1135
1431
1699
1807
1819
1673
1430
1238
1062
982
954
892
831
633
367
267
222
169
24
9
45
124
127
21
2
4
9
4
0
1
6
58
86
103
107
116
91
134
177
148
108
59
50
39
10
17
19
0
0
4
3
7
13
5
1
0
3
1
0
0
0
0
0
0
0
0
0
0
0
0
0
0
0
0
0
0
0
0
0
0
0
0
0
0
0
0
0
0
0
0
0
0
0
0
0
0
0
0
0
0
0
0
3
2
2
25
22
12
11
6
6
6
0
0
0
0
0
0
0
0
0
0
0
0
0
0
0
0
0
0
0
0
1
0
0
0
0
0
0
0
0
0
0
0
0
0
0
1
31
42
20
4
0
0
0
0
0
6
6
10
26
14
1
0
0
0
0
0
0
11
45
41
6
2
4
10
33
4
10
19
6
1
0
2
4
2
0
1
7
3
0
0
0
0
0
0
0
0
0
0
0
0
0
0
0
0
0
0
0
0
0
0
0
0
0
0
0
0
0
0
0
0
0
0
0
2
2
0
12
94
337
633
726
603
353
143
44
6
0
15
18
46
57
43
5
45
55
75
98
136
145
169
196
200
259
325
426
538
565
587
614
674
688
698
698
674
617
604
649
401
265
657
1045
803
60
455
699
516
290
329
458
424
279
189
235
184
252
351
391
290
86
44
50
34
34
73
107
108
64
31
32
16
9
4
28
48
84
119
146
195
231
254
289
318
290
222
284
573
699
471
267
447
465
336
174
163
159
79
72
127
67
100
191
254
284
289
211
132
129
146
190
236
644
365
458
502
572
511
455
369
239
41
0
10
121
315
346
165
24
45
77
26
9
13
0
1
0
0
0
0
0
0
0
3
2
0
2
2
6
8
18
17
6
15
94
134
106
40
52
50
63
77
92
127
181
386
668
946
1036
913
713
660
521
390
239
182
134
76
136
197
216
178
161
143
150
122
139
167
192
180
82
57
222
361
318
172
283
544
691
608
574
681
949
968
711
571
734
777
565
429
446
465
552
570
588
618
667
698
739
797
801
790
715
771
865
1183
1713
2124
2380
2624
3208
3784
3852
3214
2974
3189
3292
3141
2873
2861
2813
2748
2641
2451
2245
2065
2124
1967
1692
1390
1097
835
695
469
357
217
66
21
13
13
6
3
1
0
0
0
0
11
3
13
19
49
24
12
8
4
1
1
1
3
6
26
29
34
164
227
143
60
92
98
74
86
54
63
52
41
39
17
5
32
47
38
69
128
146
62
141
302
428
378
238
73
28
46
44
5
10
11
23
32
4
4
9
22
15
17
32
13
11
29
144
343
688
1072
1431
1654
1786
1781
1549
1094
1186
1827
2207
2255
1771
1445
1106
1025
1162
1402
1153
818
605
482
552
639
687
640
559
553
591
679
633
488
365
226
154
89
62
30
28
42
88
116
247
501
626
837
1322
1953
2327
2149
1364
875
588
589
764
868
707
526
382
278
255
340
610
806
929
976
936
904
763
675
589
389
71
317
432
384
263
179
169
281
588
726
768
905
897
750
741
638
522
327
162
253
351
412
392
338
308
265
205
148
77
74
68
33
17
18
19
6
0
4
12
1
2
2
1
18
83
157
276
291
375
397
233
255
446
569
631
593
565
461
345
190
88
188
286
377
352
267
139
54
10
11
9
3
4
6
11
8
25
35
72
96
77
27
9
2
5
12
9
2
0
1
2
16
79
187
165
84
126
216
425
668
722
754
691
628
493
519
500
391
355
216
304
485
572
543
316
452
765
1093
1289
1183
962
718
493
479
410
373
434
542
749
1007
1092
1078
1014
1089
1147
917
712
538
403
773
740
711
649
478
490
623
574
454
501
445
436
365
266
170
120
195
305
326
283
242
217
233
230
190
153
95
25
8
16
35
63
105
98
34
12
7
1
55
287
380
392
418
416
442
406
279
141
93
91
188
294
265
163
71
109
176
342
503
554
453
330
397
576
728
828
916
971
1031
1875
1250
1543
1799
2006
2195
2271
2261
2250
2273
2375
2587
2931
3296
3524
3726
4009
4186
4233
4257
4106
4053
3946
3928
3925
3705
3244
2803
2564
2474
2252
2055
1742
1471
1122
939
819
769
662
567
450
379
332
387
583
925
1270
1108
655
184
550
1262
1663
1605
1329
725
498
539
611
723
802
670
447
147
48
22
64
176
268
297
290
214
170
143
205
250
372
389
361
402
684
918
1124
1246
1063
696
491
390
425
1006
1478
1748
1621
1326
1154
2104
2972
2910
3258
4335
4853
5280
5577
6415
6487
6240
5697
5353
4713
3647
2772
1967
1621
1609
1552
1213
591
320
373
401
301
200
169
242
444
789
1273
1683
1820
1415
1005
947
972
899
789
623
447
624
1036
1481
1758
1978
2224
2443
2614
2441
2196
1636
1190
1316
1135
785
580
1025
1674
1810
1421
318
735
1097
900
289
393
1238
1630
1470
655
135
540
433
210
167
169
164
217
400
644
893
1095
1412
1812
2392
2827
3210
3355
3618
3992
3893
3695
3408
2864
2165
1543
1592
1958
2071
2302
2276
1860
983
685
638
801
1087
1427
1444
1451
1326
1289
1237
1127
1138
1178
980
688
417
271
380
557
704
850
1086
1326
1173
839
419
71
97
422
1227
1675
2242
2607
2702
2913
3486
4001
4101
3730
2999
2686
2234
1546
1065
1158
1471
1828
1932
1932
1487
1208
960
840
1085
1151
1220
1466
1750
2228
2882
3332
3727
4220
4389
4337
4175
3703
3104
2670
2498
2443
2331
2220
2136
1867
1602
1208
901
665
499
393
320
304
400
398
276
194
126
68
41
27
8
44
43
51
66
67
29
1
2
1
18
26
16
13
13
53
82
66
11
7
8
8
9
8
1
0
0
3
6
6
9
4
0
6
0
2
3
1
0
0
0
4
3
5
1
2
0
3
2
8
6
6
21
32
24
6
0
0
0
0
0
1
0
0
0
0
0
0
0
0
0
0
0
0
0
0
0
0
0
0
0
0
0
0
0
0
0
0
0
0
0
0
0
0
0
0
0
0
0
0
0
0
0
0
0
0
0
0
0
0
0
0
0
0
0
0
0
0
0
0
0
0
0
0
0
0
0
0
0
0
0
0
0
0
0
0
0
0
0
0
0
0
0
0
0
0
0
0
0
0
0
0
0
0
0
0
0
0
4
42
83
203
302
343
280
195
151
150
96
109
136
153
159
218
269
376
355
449
492
478
349
178
107
122
150
190
154
104
92
68
60
77
87
88
82
50
52
29
29
32
23
25
14
12
5
0
0
1
2
29
3
5
2
0
0
0
0
0
0
0
4
8
13
11
5
0
0
0
0
0
0
6
56
195
349
410
399
464
639
1077
1667
2050
2299
2382
2575
2503
2113
1935
1882
1917
2087
2160
2385
2599
2500
1970
1454
1133
1069
1312
1493
1594
1450
1132
820
554
382
427
435
520
490
440
362
217
101
125
158
241
226
237
279
283
378
567
952
1243
1287
1080
799
608
471
298
161
192
291
377
472
644
914
1071
1148
1238
1177
1068
938
889
851
745
555
324
151
97
104
72
87
73
61
43
45
8
12
36
124
154
93
56
31
5
2
7
9
1
19
31
32
69
167
505
1085
1874
2814
3802
4439
5140
5930
6120
6296
6341
6584
6476
6393
6782
6306
6044
5397
4735
4614
4603
3760
2909
2161
1441
1208
1515
1929
2259
2393
2322
2032
1103
639
705
837
976
785
415
245
320
391
436
488
515
553
547
645
845
969
887
542
278
207
269
369
528
544
1086
999
338
276
279
294
339
582
775
688
433
176
112
241
370
546
720
874
983
1009
866
745
615
493
370
162
2
3
30
65
78
140
234
283
248
316
399
381
283
195
167
155
128
144
169
187
187
173
207
211
183
132
67
11
5
0
3
13
23
56
89
55
56
65
40
15
6
10
10
6
3
0
5
62
250
433
451
393
337
245
182
153
109
79
52
34
25
26
28
22
7
4
7
0
0
35
239
593
1076
1423
1628
1537
1221
832
610
650
688
929
1169
1253
1099
840
595
271
135
71
153
219
244
301
326
368
290
205
54
5
0
0
6
16
49
57
123
196
214
200
178
117
63
22
8
0
1
0
0
0
0
0
0
0
1
1
0
0
0
0
0
0
0
0
1
0
0
0
0
0
0
0
0
0
0
0
0
0
0
0
2
2
0
0
0
0
0
0
0
0
1
5
2
11
3
3
0
0
1
10
0
0
1
1
1
0
0
1
1
0
2
0
1
9
11
35
59
41
20
13
8
8
11
16
20
13
8
3
1
0
0
0
0
1
0
0
0
0
0
0
0
0
0
0
0
0
0
0
0
0
2
1
0
0
0
0
0
0
0
0
1
1
1
0
0
0
0
0
0
0
0
0
0
0
0
0
0
0
0
0
0
0
0
0
0
1
0
1
0
0
0
0
0
0
0
0
0
0
0
0
0
0
0
1
0
0
1
4
3
10
46
80
121
148
88
72
66
84
133
15
7
9
9
16
9
41
57
28
10
36
45
37
15
7
42
43
43
18
21
15
19
13
8
26
77
59
40
33
48
129
165
113
55
25
6
3
0
0
0
1
11
23
32
20
25
21
19
7
2
6
30
60
134
129
50
2
2
0
3
1
0
1
3
2
12
55
90
109
144
166
156
150
144
165
145
136
168
154
176
156
206
234
235
230
198
192
261
265
217
166
108
59
41
14
1
0
10
27
13
0
17
63
114
161
190
233
188
202
409
674
949
1176
1412
1294
1133
848
524
420
339
249
174
91
22
18
5
44
127
230
320
402
414
376
310
257
229
183
172
111
99
85
56
38
23
3
5
17
25
4
3
9
12
12
9
8
19
37
26
17
12
8
8
6
0
0
0
0
0
0
3
5
11
40
75
91
85
91
110
116
97
87
58
56
52
39
21
28
18
7
3
0
1
0
7
15
17
32
36
24
20
20
25
24
20
22
9
4
0
0
0
0
0
0
0
0
0
0
0
0
0
0
1
0
3
4
13
27
27
12
7
6
8
24
34
28
24
10
19
12
17
28
37
38
36
56
60
32
7
1
2
4
1
0
0
0
0
0
0
0
0
0
0
0
0
0
0
0
0
0
0
0
0
0
0
0
0
0
0
0
0
0
0
0
2
5
0
3
7
7
5
6
3
15
22
16
8
8
4
0
0
0
0
0
0
0
0
0
0
0
0
0
0
0
0
0
0
0
0
0
0
0
0
0
0
0
0
0
0
0
0
0
0
0
0
0
29
84
65
16
0
0
16
60
23
1
8
42
14
1
1
33
98
66
14
17
33
10
3
11
31
69
40
30
44
33
10
0
0
16
45
8
0
20
56
67
29
0
1
39
170
210
93
4
63
118
101
18
0
42
150
218
72
77
198
179
85
53
79
157
85
72
111
83
78
48
37
3
4
0
0
4
9
3
0
3
3
0
0
0
6
10
2
0
0
3
2
0
1
0
0
1
2
3
3
0
0
0
1
5
17
38
37
15
10
16
12
11
11
3
0
0
0
0
2
0
0
0
0
0
0
0
7
9
22
11
2
0
0
0
0
0
0
0
0
0
0
0
0
1
42
427
1129
1712
1626
1172
813
399
191
229
179
103
91
73
99
122
119
42
17
15
62
8
2
2
3
9
11
16
18
11
1
0
0
0
0
0
6
26
27
11
5
3
0
5
16
34
58
78
55
14
2
1
4
1
0
0
1
0
0
1
0
0
0
18
60
76
33
22
21
12
5
4
12
7
3
5
13
29
30
12
3
1
0
0
0
5
33
85
141
125
129
160
204
191
73
29
110
148
70
32
17
15
20
14
1
8
26
46
37
31
41
44
76
43
11
3
6
2
1
0
0
11
26
82
72
71
33
25
18
32
24
4
0
0
0
0
8
24
15
1
1
4
1
1
0
0
0
56
385
692
752
642
474
411
334
150
90
105
210
262
210
204
174
148
364
722
1078
1610
1796
1737
1588
1399
1123
947
972
1138
1209
1038
902
773
736
801
729
449
107
72
422
591
587
344
65
387
568
402
238
473
702
736
662
609
534
372
273
260
278
278
325
502
623
428
281
183
157
222
243
256
248
245
230
183
148
102
79
47
32
7
7
6
0
0
10
27
37
87
98
93
119
143
119
94
58
50
40
33
31
26
26
88
237
393
442
310
100
55
37
46
11
7
8
5
17
15
23
56
66
53
8
0
0
0
0
1
2
8
6
14
29
32
76
118
150
161
145
131
134
146
128
130
111
48
39
30
25
5
2
5
29
65
68
39
37
22
30
46
59
106
184
254
252
261
223
89
54
34
0
0
4
8
46
73
79
33
20
38
122
212
250
204
194
169
153
107
76
62
55
80
132
301
521
558
311
88
43
77
117
216
278
306
287
262
192
67
39
31
18
1
0
2
0
1
6
0
1
1
19
76
129
113
134
137
84
25
41
87
152
145
153
207
228
140
113
105
79
88
55
50
54
38
40
35
68
230
520
745
650
371
125
99
129
132
142
140
213
288
405
508
511
518
444
441
618
730
770
714
768
789
764
837
1003
1039
929
706
563
461
583
931
1310
1689
1935
1973
2114
2180
2386
2792
3321
3811
3936
3990
3847
3761
3919
4205
4434
4858
5493
6131
6494
6429
6070
5402
6561
5659
3434
3021
2466
1974
1667
1646
1270
1004
655
586
624
736
781
800
788
869
804
623
643
721
738
986
1227
1497
1773
1980
2327
2817
3223
3668
4120
4374
4303
4041
3897
3809
3776
3643
3411
3022
2617
2594
2630
2499
2106
1703
1371
1108
889
697
503
281
255
334
344
343
334
295
389
358
238
380
462
444
486
663
843
930
1956
1129
1053
895
764
605
576
589
636
672
670
541
327
186
120
46
1
1
0
5
3
8
27
54
46
1
1
0
0
3
2
0
2
1
0
4
8
14
7
3
0
0
2
1
4
34
138
369
596
689
678
618
543
460
407
365
312
235
225
195
155
97
44
25
57
123
95
17
45
35
11
4
7
62
81
51
25
34
41
38
17
7
13
121
329
601
856
1072
1030
801
581
536
538
741
1235
1971
2927
3469
3005
3730
5060
5711
6607
6121
6232
6020
5274
4496
4282
3916
4280
4065
4421
5049
4933
4663
4638
4570
4420
4100
3824
3210
2469
1996
1927
2288
2900
3585
4595
5728
6644
7735
8937
9397
9368
9367
9254
8716
8371
7895
7065
6401
6227
6141
6088
5895
5714
5482
5247
5241
5187
5170
5122
4919
4874
5487
5918
5776
5939
5970
6276
6437
6153
5786
4898
4185
3507
3503
4244
4917
5841
6022
5474
4744
3744
2501
1957
2013
1747
1384
811
1347
1554
995
610
1009
1951
2780
3446
4754
5279
5009
4633
5803
6015
5977
6020
5450
4609
3368
4187
3867
3421
2874
2369
2193
2722
2675
2969
3702
4477
5154
5268
4625
4240
4506
4450
4785
5311
6027
6680
7593
8018
7673
6408
5654
5810
5088
4218
3529
2662
2884
3196
3274
2969
2292
2008
2032
2248
2274
2007
1364
1106
1139
989
873
880
866
671
452
304
246
181
134
99
76
52
18
36
31
0
0
0
3
12
4
0
0
0
0
0
2
6
4
2
0
6
6
2
1
8
32
75
78
93
111
89
54
24
13
10
19
13
17
6
3
10
36
72
141
143
38
3
4
18
0
0
2
3
20
46
39
23
18
6
13
27
2
1
0
0
0
0
0
0
0
0
0
0
0
0
0
0
0
1
0
0
0
0
0
0
0
0
0
0
0
1
3
0
0
0
0
0
0
0
0
0
0
0
0
0
0
0
0
0
0
0
0
0
4
3
10
53
498
971
1263
1400
1532
1680
1792
2056
2261
2314
2266
2247
2081
1907
1549
1559
1647
1671
1583
1497
1339
1241
1273
1277
1391
1709
2050
2750
3344
3664
3729
3686
3625
3334
3259
3090
3001
2941
2715
2544
2432
2366
2376
2327
2145
2008
1927
1781
1578
1318
1124
948
754
474
417
580
627
542
634
785
630
395
113
280
735
874
421
731
1074
970
742
506
692
1036
1065
676
720
863
926
847
763
622
698
794
833
784
651
613
703
738
670
487
424
486
577
542
427
218
19
11
51
53
21
25
5
2
9
196
927
1560
1985
1621
881
814
1167
1456
1493
1004
528
624
668
532
441
368
295
274
271
496
103
50
28
54
159
271
347
409
505
556
606
614
762
859
733
579
431
376
484
762
859
639
696
1087
1253
1329
1230
1155
1061
1068
1089
1183
1219
1079
818
692
675
608
570
536
420
379
314
340
362
415
438
559
609
575
464
418
439
529
744
905
918
986
1184
1369
1562
2089
2931
3522
3255
2522
2319
2408
2504
2388
2348
2106
1837
1529
1215
834
586
398
382
363
333
340
386
482
384
352
193
239
266
257
126
24
24
37
97
158
227
189
133
98
54
99
277
238
169
92
45
42
9
8
8
23
17
14
22
42
43
11
10
20
21
18
20
14
11
0
0
3
0
1
1
2
5
4
6
24
40
37
11
0
30
71
62
27
1
1
7
3
4
4
0
0
1
5
1
2
15
23
50
65
78
149
219
246
251
173
164
166
178
137
111
126
117
57
11
5
8
4
0
0
0
0
0
0
0
0
0
0
0
0
0
0
2
51
235
357
447
448
436
342
219
96
43
17
10
48
70
118
113
115
123
164
204
264
353
402
480
768
997
1106
1250
1391
1394
1424
1439
1395
1272
1141
1093
911
765
603
441
274
159
35
0
0
0
48
112
115
174
191
139
104
26
1
8
97
262
503
843
1362
1930
2401
2788
3120
3272
3307
3191
2978
2754
2461
2084
1670
1106
522
7
53
550
995
1337
1684
2011
2424
2717
2839
3019
3138
3022
2800
2371
1774
1071
525
84
3
192
580
873
1067
1188
1241
1189
1116
968
819
660
458
287
91
13
22
61
81
125
178
189
172
168
141
144
118
102
312
887
1617
1900
1465
808
274
297
257
204
201
174
196
143
114
424
816
950
901
955
1048
1279
1573
1689
1820
1836
1975
2103
2103
1961
1793
1575
1322
1138
945
805
737
746
707
639
492
436
429
383
244
178
138
159
303
522
610
402
122
207
629
743
470
1099
1607
1679
1207
854
1344
1580
1050
861
1116
840
903
1035
1109
937
777
722
768
783
689
629
514
460
445
529
540
539
568
540
624
596
476
373
434
511
782
895
924
919
739
549
384
335
290
309
286
293
227
149
105
196
368
587
840
1062
1129
964
933
816
737
626
634
612
620
567
498
439
388
424
436
333
311
191
158
142
131
159
168
141
97
94
83
47
18
5
10
24
27
11
1
0
0
0
5
31
55
91
155
239
437
799
1266
1692
2141
2657
3122
3499
3672
3776
3779
3813
3960
3977
3751
3389
3022
2711
2567
2439
2496
2421
2289
2228
2322
2291
2162
1891
3323
1923
1768
1414
1233
1212
1400
1706
1946
2066
2004
1883
1728
1601
1549
1418
1476
1645
2130
2719
3357
3880
4256
4449
4500
4366
4354
4355
4569
4987
5425
5718
5956
5476
5292
4971
4735
4191
3592
3041
2581
2325
2636
2015
1735
2104
2897
3855
4991
5886
6086
5432
4777
4583
3895
3005
2290
2482
3104
3797
4046
4150
4280
4747
5212
5345
5263
5085
4764
4277
3927
3682
3393
3122
2822
2527
2295
2202
2140
2033
2031
1889
1797
1848
2020
2189
2204
2071
1870
1624
1172
710
1021
1678
2077
2303
2489
2629
2531
2333
1931
1556
1069
662
481
430
396
462
537
619
762
926
1031
1216
1350
1412
1367
1434
1698
1763
1202
824
825
701
594
622
562
436
170
24
11
2
16
35
38
38
18
4
0
0
0
0
0
0
0
0
0
0
0
2
0
0
0
1
4
16
9
17
5
3
0
4
9
3
2
20
22
29
42
80
80
66
43
34
12
1
0
0
0
0
0
11
21
26
19
31
23
36
25
19
7
2
3
0
0
0
5
5
1
4
0
0
3
11
14
24
16
6
11
19
2
5
5
20
24
4
3
4
0
0
1
0
0
0
1
0
1
0
1
7
2
4
7
2
9
61
177
270
270
221
121
52
8
41
274
459
401
112
213
298
319
404
346
184
368
614
441
234
158
164
84
54
104
95
105
100
72
119
368
819
933
756
543
390
577
747
743
742
758
500
593
540
381
356
348
310
246
245
310
349
276
302
232
107
68
73
53
41
40
67
142
134
73
23
14
137
545
783
773
568
211
121
577
963
698
341
829
1076
936
672
678
847
664
672
826
1061
1289
1393
1468
1594
1825
2032
2353
2602
2656
2505
2244
2040
2114
2395
2652
2950
3001
3091
3128
3155
3288
3514
3704
3778
3914
4179
4289
4181
3416
2801
2611
2455
2308
2149
1737
1563
1721
1734
1586
1488
1372
1196
917
614
306
234
131
97
128
247
402
454
326
291
259
278
220
160
100
85
144
117
137
116
82
36
19
54
92
149
134
79
26
208
622
699
366
272
352
406
507
619
577
216
286
352
248
168
76
4
35
29
17
16
6
0
0
5
8
5
6
9
20
81
1
12
12
27
93
142
421
725
1116
1787
2079
2090
2486
3201
3748
4027
3644
3128
3068
4019
4579
5489
5758
5633
5401
5384
5644
5692
5248
5169
4944
4819
4848
5607
6183
6271
6287
5415
4800
4456
3763
2909
1936
1248
796
324
338
429
469
547
586
674
917
1337
2221
2390
2040
1560
1200
1126
1555
2117
2575
2526
2333
2175
1942
1770
1756
1794
3129
1981
1951
1883
1824
1722
2018
2548
3115
3474
3389
3172
2703
2281
2043
1738
1817
1871
2224
2441
2827
3484
3886
3602
3550
3533
3887
3677
3397
3331
3350
3274
3142
3617
4437
5275
5698
5859
6069
5588
4825
3968
2288
2998
3693
4028
4292
4243
4101
4114
4296
4440
3833
2590
1427
1304
2096
2947
3641
4506
5014
5045
4999
5116
5342
5230
4210
3975
3826
3572
2945
2749
2148
1801
2213
2618
2899
2861
2738
2530
2348
2272
2245
2047
1729
1633
1707
1999
1935
1929
2008
1858
1625
1276
723
521
700
695
368
379
634
842
984
1052
1227
1364
1413
1191
1097
1100
1112
1052
989
1037
1283
1672
1868
2015
1798
1671
1813
1963
2301
2428
2306
1758
1351
1801
2205
2212
2109
1956
1649
1443
1572
1808
1868
1651
1347
749
279
1268
2084
2282
1967
1742
1410
1177
1185
1425
1516
1485
1366
1181
1053
787
903
1504
2107
2394
1947
893
1878
2817
2930
2373
1282
255
397
699
460
487
1122
1679
1514
618
287
507
384
85
184
547
290
117
64
127
143
165
197
151
194
236
160
113
86
72
53
51
52
35
28
16
2
3
2
4
9
14
3
0
1
0
3
5
3
4
12
6
4
5
3
2
6
9
10
25
62
119
176
284
380
576
738
897
1086
1199
1298
1375
1426
1537
1633
1595
1793
1996
2161
2260
2290
2251
2150
2037
2090
2059
1964
1828
2119
2329
2078
2084
2161
2612
3239
3883
4652
5331
5715
5717
5450
5056
4545
3991
3852
3677
3610
3243
2831
2535
2257
2029
1731
1404
1133
998
907
971
1147
1506
1869
2355
2649
2643
2537
2492
2526
2452
2449
2625
2736
2655
2451
2233
2007
1574
1006
825
1106
1421
1447
1163
926
972
1276
1618
1752
1654
1542
1339
1078
799
539
428
389
392
354
317
327
393
422
480
575
599
694
841
1035
1115
1049
899
774
585
513
526
535
495
527
585
551
405
227
111
52
16
5
2
0
0
0
9
3
2
0
2
0
0
0
0
0
0
0
0
0
0
0
0
14
44
62
60
22
6
8
6
1
0
0
2
5
0
0
0
0
0
0
0
0
2
0
7
11
22
27
36
32
25
28
23
15
14
2
2
0
1
0
4
18
18
14
12
23
19
7
2
15
22
33
41
25
13
5
4
1
1
3
6
5
3
0
0
2
2
3
0
34
56
116
192
294
346
297
186
117
68
11
4
8
31
16
13
14
12
53
93
125
194
264
302
345
517
817
1029
1045
893
590
336
243
430
820
1009
1179
1323
1584
1915
2151
1989
1924
2002
2310
2290
2784
3063
3118
3127
2496
2138
1793
1281
1320
1612
1572
1217
1358
1794
3411
1974
1377
1017
1182
1248
1012
756
551
450
440
462
452
385
277
171
133
82
44
49
104
178
266
260
260
262
222
199
145
57
26
3
0
0
3
15
21
35
40
38
57
46
10
4
14
10
19
30
17
4
5
10
12
33
46
128
447
865
1303
1690
2030
2568
3187
3553
3606
3512
3831
3882
4068
4186
4265
4139
3765
3233
2725
2514
95002
0
0
0
0
0
0
0
0
0
0
0
0
0
0
0
0
0
0
0
0
