31023
417
742
1002
1181
1288
1196
1027
788
462
158
96
84
46
25
25
24
67
132
290
371
371
326
305
232
270
182
143
175
240
134
94
179
236
235
255
229
199
315
536
578
543
488
425
380
387
434
565
706
734
701
637
607
450
282
182
230
234
245
195
108
21
3
3
1
22
65
114
165
226
329
407
390
450
439
417
343
272
217
217
235
232
298
477
796
1044
1238
1324
1270
1138
926
665
372
178
73
74
102
92
153
262
249
229
236
275
258
241
173
82
59
68
65
51
7
8
1
7
5
16
7
16
52
67
105
108
57
19
39
22
34
55
42
57
54
74
53
22
25
34
47
81
97
86
122
108
90
88
100
74
45
34
19
1
0
0
5
1
6
5
1
1
0
0
4
10
2
0
6
2
0
0
1
5
7
4
6
18
37
37
12
10
20
22
24
32
64
42
17
45
65
96
99
111
120
94
52
85
126
103
72
144
241
206
165
41
27
29
78
94
134
148
113
103
125
183
237
300
443
591
686
650
786
985
1245
1540
1776
1940
1995
2096
2260
2301
2267
2106
1780
1449
1293
2572
3315
2857
1343
776
675
577
534
538
536
233
321
826
889
616
450
477
389
286
313
389
428
543
813
1399
2106
2924
3653
4636
5415
5870
6630
7136
7614
8084
8560
8546
8403
8209
7846
7452
6927
6346
5630
4743
3747
3114
2445
1624
1217
1361
1706
2080
2305
2410
2775
3055
3266
3484
3859
4256
4599
4761
4813
4748
4560
4379
4313
4347
4344
4568
4807
4715
4367
5052
5151
5112
5145
4969
4379
4105
4274
4182
4202
4400
4751
4663
4222
3543
2982
2751
2317
2934
3411
3048
2848
3117
3364
3277
3205
3073
2520
2112
1703
858
775
1401
1400
848
907
1267
1076
644
283
160
164
120
97
92
92
45
54
93
251
243
247
154
103
118
50
100
96
145
60
65
71
59
49
86
67
46
164
67
14
3
16
95
129
81
59
14
23
9
3
4
12
32
30
41
38
45
25
24
23
27
30
40
37
40
62
88
106
150
215
355
327
325
319
273
323
378
288
195
202
237
308
353
337
260
202
153
190
171
145
129
135
85
49
67
31
9
3
2
3
0
0
11
29
4
1
0
0
0
0
3
8
4
13
20
37
55
51
61
94
149
276
245
385
451
510
716
1001
1280
1563
1735
1720
1669
1625
1532
1385
1120
764
462
264
118
40
28
25
7
28
78
95
28
37
51
74
106
106
130
217
308
414
1177
1764
2570
5857
4749
4409
4796
4963
4101
3715
3007
2419
2141
1944
1552
1050
526
356
266
139
82
70
53
62
82
69
87
89
46
2
10
6
1
13
16
28
14
0
0
32
83
140
164
159
87
56
47
63
101
144
149
116
86
105
152
185
190
193
133
31
5
15
26
19
9
22
36
82
88
73
39
38
47
66
59
36
22
32
34
24
17
37
59
68
67
63
39
6
9
9
6
9
6
29
67
127
221
329
474
651
798
974
1153
1339
1367
1400
1320
1111
940
773
666
590
469
408
318
211
131
109
131
137
138
103
105
114
109
80
45
39
24
4
0
0
1
0
0
0
0
0
0
0
0
0
0
0
0
0
0
0
0
1
13
22
27
47
61
56
98
114
154
121
93
75
69
45
6
18
8
52
95
75
36
49
5
0
62
119
166
319
466
537
681
903
1038
1247
1456
1561
1603
1755
2071
2184
2302
2405
2550
2648
2555
2233
1846
1617
1564
1861
2297
2671
2665
2440
2486
2184
1541
1121
1621
1692
1297
882
1044
1657
2035
1914
1561
785
632
518
581
429
246
328
405
438
416
323
269
253
178
127
137
139
141
69
23
15
9
2
5
21
27
24
16
20
20
17
20
31
21
19
11
18
26
17
5
0
1
2
2
6
6
12
24
27
23
18
11
25
23
16
5
0
0
0
0
0
0
5
14
26
19
17
11
0
0
0
1
0
1
0
0
0
1
0
0
0
0
0
1
1
0
1
3
7
14
16
28
33
45
32
24
30
22
38
57
37
39
49
42
34
30
22
24
29
40
12
11
6
8
6
1
0
0
0
0
1
8
8
8
1
7
17
15
24
22
41
26
30
26
27
35
37
36
29
23
27
15
23
14
6
9
7
7
4
2
3
4
1
0
3
4
19
13
0
0
0
0
1
0
0
0
0
0
1
5
2
6
15
30
8
4
1
0
0
0
1
0
0
0
1
3
8
4
4
3
3
1
2
0
0
4
17
9
2
1
4
11
4
0
0
0
1
0
0
0
2
6
9
15
1
0
0
4
3
6
12
8
0
0
0
0
0
0
0
0
0
0
0
15
25
18
6
3
0
0
9
18
19
18
11
4
6
4
26
58
86
60
44
34
40
17
4
13
64
25
0
8
5
10
14
10
20
31
17
0
2
4
8
9
3
0
1
3
4
10
12
18
21
16
15
8
178
41
107
116
126
166
135
56
46
32
20
12
3
3
19
4
0
0
0
0
1
2
4
0
0
7
5
1
0
5
3
0
60
90
22
73
84
28
14
84
55
4
18
34
6
11
22
25
23
4
7
24
35
51
53
34
12
25
28
64
86
89
89
52
33
57
48
22
7
3
14
21
26
1
5
5
0
0
8
7
26
23
10
33
52
35
15
56
29
21
13
27
17
36
97
61
38
48
79
69
76
99
81
85
166
249
162
119
106
81
70
98
121
220
248
134
78
64
49
30
44
36
17
21
65
70
59
40
25
34
49
70
78
103
154
227
229
206
201
248
223
187
233
277
237
168
98
71
30
4
16
45
28
16
12
11
2
6
1
2
7
4
6
11
11
2
0
0
0
0
0
0
2
7
14
19
25
53
57
98
87
83
109
131
160
153
171
196
153
125
140
113
103
123
170
136
95
64
62
45
37
23
13
12
9
3
5
1
3
1
5
0
0
0
1
0
2
5
3
11
13
18
18
28
32
34
38
47
34
28
25
20
22
51
111
154
130
81
57
24
44
63
25
18
42
49
38
47
15
9
19
51
194
562
1007
1385
1600
1634
1639
1584
1345
882
340
102
82
89
90
42
4
10
18
2
14
28
19
3
6
4
0
0
0
0
0
1
0
0
0
2
5
1
8
26
53
61
54
56
76
104
178
234
284
316
316
259
272
210
215
250
280
279
281
228
197
192
118
38
19
13
5
7
2
1
11
1
3
3
6
0
1
6
7
1
0
70
1
1
0
2
15
11
17
19
8
15
18
22
20
51
38
24
22
19
12
20
29
37
52
65
58
92
119
145
185
260
321
288
213
216
306
252
129
47
69
201
453
625
796
826
769
656
509
489
415
296
430
490
416
229
61
38
32
34
110
62
40
41
37
22
30
44
52
31
39
34
38
44
42
38
43
61
53
44
145
297
520
817
1160
1423
1618
1604
1527
1213
825
566
468
316
230
174
275
331
335
358
324
270
226
151
100
80
96
34
10
12
6
7
57
100
78
34
38
19
17
47
16
9
26
32
26
33
31
62
183
457
740
1005
1353
1588
1608
1577
1477
1301
1100
955
1027
1141
1218
1296
1324
1335
1369
1349
1360
1327
1271
1243
1151
1107
1077
981
916
882
812
799
719
658
599
539
400
309
216
131
71
2
41
131
337
541
712
874
1059
1241
1453
1577
1761
1825
1989
2164
2202
2172
2110
2038
1942
1872
1860
1873
1824
1687
1443
1285
1226
1223
1141
1106
957
731
517
401
273
159
80
52
69
85
98
112
157
145
177
177
216
238
266
280
269
294
277
338
441
557
644
763
822
761
708
532
363
227
120
91
84
41
37
19
6
2
5
10
3
3
1
2
0
1
3
6
15
24
39
34
24
12
14
20
20
17
15
10
11
8
8
6
8
5
5
7
6
2
6
15
17
23
12
6
7
14
13
15
18
14
18
20
8
3
17
21
47
48
38
50
29
49
51
62
179
296
312
374
557
688
744
689
674
696
717
379
171
255
263
200
111
94
165
216
220
174
137
110
119
115
80
32
17
47
49
45
70
95
169
276
295
324
334
329
279
203
119
53
19
5
11
14
23
16
29
36
28
36
44
27
32
42
38
23
14
18
26
14
12
19
21
32
45
40
22
5
0
0
0
5
16
20
24
27
16
18
18
21
19
22
21
11
16
18
8
12
11
4
1
5
7
7
10
14
26
11
12
5
7
9
7
4
5
9
10
10
9
9
6
5
4
4
1
1
11
13
5
1
7
16
8
0
0
0
0
0
0
0
0
0
0
0
0
0
1
0
0
0
0
0
0
0
0
0
0
0
0
0
0
0
0
0
0
0
1
2
1
2
1
0
0
0
0
0
0
0
0
0
0
15
32
44
72
77
42
16
85
160
154
75
34
46
56
39
37
79
141
153
179
128
35
43
53
38
5
16
10
13
60
74
25
112
177
125
12
38
36
44
61
106
86
65
217
172
57
48
89
87
90
107
116
217
228
76
59
28
54
86
87
37
202
264
196
185
159
129
133
95
75
81
101
122
140
117
47
19
73
193
259
357
500
599
634
623
754
782
778
819
865
837
730
673
667
762
825
763
564
357
221
206
254
371
495
697
689
596
590
673
768
852
1056
1090
982
512
156
171
191
208
290
280
294
336
350
355
386
432
481
562
576
567
584
577
601
586
648
752
725
558
346
298
320
295
204
118
122
87
33
25
18
7
1
0
3
20
36
38
67
104
91
95
100
110
164
230
194
222
253
217
189
194
193
172
186
148
153
156
123
86
44
26
32
12
2
2
17
31
51
133
195
233
190
119
430
194
285
366
405
450
490
464
485
420
410
390
395
331
271
275
311
351
288
186
166
158
141
117
96
77
139
133
65
4
9
94
127
152
163
152
163
171
216
261
290
270
318
320
307
299
328
338
306
231
192
165
124
115
107
87
84
89
65
54
45
46
49
53
106
121
54
11
3
26
7
10
9
2
6
8
13
18
48
61
80
119
160
303
359
252
177
165
204
251
302
327
323
226
185
145
107
93
41
18
0
0
27
34
38
53
79
141
224
311
335
318
293
371
371
334
317
242
198
198
181
187
173
171
158
181
159
144
132
124
119
93
108
113
128
124
125
110
124
115
97
87
74
90
81
96
107
94
89
88
73
63
62
81
311
488
518
618
708
794
956
1146
885
554
322
263
267
177
57
53
60
94
79
78
145
101
41
91
124
162
156
158
194
186
220
263
227
283
340
254
147
98
113
75
12
18
40
79
180
228
281
369
291
255
186
160
156
164
125
101
113
132
136
164
160
119
80
38
8
7
0
0
0
0
0
0
1
0
0
0
2
2
1
0
0
0
0
1
36
50
64
67
76
96
106
59
54
94
91
36
41
45
52
46
28
19
55
73
63
51
53
48
24
19
48
58
175
391
731
972
1044
927
781
620
428
260
139
125
91
69
72
70
47
18
79
132
136
154
138
100
56
113
126
133
55
35
45
26
7
9
5
4
3
9
13
19
53
72
96
87
121
125
68
28
14
13
9
10
4
18
28
34
47
57
51
53
84
90
64
4
28
10
22
98
159
159
174
207
239
344
363
350
372
327
257
213
131
75
18
11
9
12
34
41
36
47
47
56
52
14
17
26
77
90
67
21
5
4
2
2
3
1
6
3
18
13
0
7
39
78
77
60
46
54
7
34
58
125
170
151
131
104
74
19
4
19
13
14
38
49
68
24
1
44
81
94
107
77
45
71
95
132
109
109
122
95
66
33
35
79
130
146
94
40
46
46
84
47
49
53
12
45
290
344
134
106
175
181
108
65
52
54
13
22
13
22
1
0
0
9
39
73
96
98
101
91
83
59
80
49
80
91
96
115
142
126
117
111
89
80
43
3
6
39
62
93
232
307
47
46
91
100
90
64
95
168
289
401
492
569
510
520
517
485
499
477
448
426
409
390
738
194
132
89
70
81
46
29
11
2
0
0
0
0
0
1
1
2
0
0
0
0
1
3
0
0
0
1
16
31
53
51
31
0
0
26
34
31
20
23
39
63
80
111
75
78
120
104
143
153
155
216
218
261
237
279
285
329
375
370
377
360
305
272
241
234
165
117
64
41
15
20
16
8
2
1
1
7
10
14
25
60
86
87
101
110
125
147
145
118
107
97
41
39
35
29
21
15
44
83
81
92
79
64
66
50
33
42
60
71
100
127
176
255
308
133
44
5
1
6
21
31
45
49
51
51
43
27
32
49
50
38
10
22
17
12
8
24
40
35
31
16
16
24
35
26
13
14
14
12
3
10
45
57
56
84
123
114
61
38
33
11
4
0
0
7
15
53
93
71
37
30
43
73
85
77
76
82
105
127
124
112
128
116
112
119
113
99
113
86
116
163
177
174
137
178
221
277
314
293
272
264
282
214
110
236
391
568
797
991
1022
907
1953
2964
3069
2277
1440
1309
1102
1264
1282
816
1033
1307
1173
747
323
299
374
322
178
216
258
245
137
73
56
80
80
53
44
43
38
72
105
191
286
239
143
101
69
41
22
39
57
38
35
30
64
102
207
258
160
165
168
209
255
251
139
19
41
125
95
32
23
40
63
120
165
167
121
45
6
25
50
85
82
60
45
83
140
222
155
84
59
79
42
27
15
7
5
1
0
6
45
45
24
20
33
61
111
138
179
205
174
156
187
158
123
135
107
89
112
155
174
215
234
215
171
201
266
306
273
190
93
52
29
10
15
14
6
1
14
1
1
6
0
0
0
0
11
19
8
0
3
24
44
211
504
756
938
1134
1206
1204
1118
1025
961
850
691
639
577
551
491
493
511
527
486
468
416
377
334
219
138
49
32
28
45
35
17
3
12
15
10
12
30
27
14
0
3
8
9
13
10
11
36
76
84
95
78
54
49
45
44
18
4
2
2
10
14
8
1
10
5
0
0
9
8
0
0
0
6
15
11
5
1
0
0
0
1
2
2
3
0
0
0
0
0
0
0
0
0
2
0
2
2
3
2
3
4
1
2
7
5
4
10
12
17
19
16
15
24
55
93
140
218
264
340
439
491
540
572
641
655
654
645
664
646
599
608
543
540
488
425
345
285
265
274
296
337
386
1040
462
572
727
816
768
678
538
487
407
364
319
285
266
214
223
155
117
63
12
8
2
0
0
3
43
42
13
13
19
9
4
3
0
0
0
1
2
2
3
24
29
17
29
34
28
10
2
1
4
0
0
0
0
0
0
0
0
4
7
43
89
105
56
13
5
0
0
0
1
10
39
52
28
5
7
21
43
9
0
1
1
9
8
21
49
101
162
142
91
67
70
87
124
161
170
121
82
68
79
46
73
118
166
231
323
374
393
403
409
463
366
278
239
230
182
153
222
286
275
277
219
192
316
689
911
873
774
595
378
301
272
207
248
267
279
238
201
141
122
121
147
208
243
195
164
142
116
108
101
104
58
23
10
45
84
89
104
114
54
28
39
58
96
150
161
147
116
101
180
188
90
54
225
457
558
453
286
183
182
182
150
96
50
44
37
76
124
152
108
119
54
33
55
40
46
52
68
73
91
86
62
55
16
29
87
116
60
38
70
125
155
118
83
61
28
43
41
53
67
113
156
124
50
28
24
22
9
28
21
5
17
57
90
76
17
0
4
63
134
205
209
201
178
244
216
231
223
220
255
285
341
280
273
238
196
183
166
145
131
94
78
80
56
82
106
135
116
138
223
274
358
426
363
284
185
73
47
263
543
605
569
468
384
266
214
189
110
156
212
94
42
72
59
19
21
136
279
422
561
642
692
731
782
817
838
870
880
945
1011
1100
1125
1072
1052
1063
1050
1105
1181
1260
1235
1086
747
537
380
276
366
356
318
335
482
758
1024
1192
1209
1123
1099
1164
1221
1388
1385
1253
1213
1152
923
707
527
400
273
267
201
178
171
128
93
102
63
32
22
22
40
19
15
38
43
39
13
10
5
2
0
0
1
1
1
0
0
2
3
14
6
35
119
300
516
618
349
157
70
57
5
0
3
2
0
4
1
11
27
45
65
148
195
136
63
90
82
56
108
68
4
3
23
49
116
215
276
316
534
846
1231
1681
1888
2145
2383
2523
2559
2372
1984
1704
1376
931
647
501
331
220
368
804
1232
1658
2026
2305
2682
2888
3063
3169
3426
3646
3905
4077
4150
4103
3902
3736
3592
3385
3142
2889
2542
2154
1686
1176
744
306
144
148
242
558
1007
1515
2014
2435
2744
3098
3441
3865
4162
4379
4592
4875
5111
5236
5172
4824
4480
4017
3570
3275
3137
3075
2874
2782
2794
2753
2656
2354
1999
1376
643
255
419
948
376
439
580
744
980
1360
1757
2105
2387
2630
2956
3141
3236
3218
3173
3055
2947
2863
2661
2459
2165
1797
1418
1046
731
383
142
43
35
209
509
828
1097
1385
1690
1975
2278
2537
2663
2657
2596
2688
2676
2665
2542
2422
2438
2578
2645
2450
2294
1860
1524
1212
1020
810
755
652
556
451
305
268
282
295
318
424
559
647
792
915
1140
1385
1587
1747
1909
2050
2113
2126
2067
2009
1912
1842
1755
1717
1629
1581
1513
1405
1415
1394
1270
1199
1028
854
686
501
418
383
341
343
385
504
649
744
888
942
1017
1121
1188
1367
1400
1435
1363
1351
1234
1204
1106
967
873
744
623
456
313
178
71
63
145
252
395
554
633
651
602
582
601
605
575
532
494
473
421
356
326
401
437
417
446
474
535
531
506
512
580
646
621
656
595
615
633
675
614
593
586
530
476
438
340
278
198
201
269
339
384
347
275
284
305
342
319
337
306
276
262
219
161
154
171
219
195
161
129
107
106
102
85
104
200
309
442
577
583
465
346
383
477
562
602
600
508
402
297
236
217
237
258
263
310
255
223
159
129
146
132
128
95
62
61
75
122
152
180
218
251
286
323
373
417
467
499
512
568
598
663
702
741
790
719
625
534
515
418
318
273
219
146
142
194
259
357
481
583
682
864
972
1066
1154
1141
1169
1202
1173
1078
947
814
710
727
627
594
515
436
358
220
149
104
107
111
128
201
375
696
1060
1372
1681
1877
1979
1999
1948
1968
1986
1817
1849
1742
1597
1553
1485
1406
1316
1216
1018
904
798
733
627
484
352
264
241
227
232
235
262
308
411
512
669
838
968
1071
1366
1606
1766
1884
1942
1917
2022
2000
2052
2021
2005
1989
1983
1851
1800
1705
1485
1260
1021
783
629
542
479
374
280
174
152
158
169
175
187
254
363
534
723
959
1176
1342
1540
1789
1973
2180
2444
2780
3004
3139
3284
3387
3416
3467
3324
3094
2822
2521
2265
2256
2116
1951
1711
1322
858
438
209
144
155
180
264
457
770
1111
1415
1655
1861
1967
2318
2558
2733
2911
3095
3256
3300
3279
3151
3046
2877
2697
2437
2198
1974
1711
1449
1252
1101
891
631
447
307
163
82
59
52
38
45
82
216
421
610
763
1062
1275
1529
1855
2213
2578
2880
3103
3314
3486
3632
3766
3757
3859
3709
3531
3370
3097
2728
2340
1997
1575
1130
827
599
380
183
100
23
48
156
321
599
883
1184
1593
1988
2204
2267
2380
2446
2571
2640
2710
2690
2630
2555
2467
2353
2163
1855
1700
1476
1278
1137
971
803
696
509
390
311
206
151
100
179
115
165
244
293
452
560
694
899
1061
1233
1462
1714
1845
2025
2177
2278
2311
2435
2508
2438
2395
2309
2299
2259
2147
2059
1870
1617
1327
1129
926
750
647
555
509
459
441
528
685
995
1336
1684
2112
2402
2646
2906
3069
3275
3328
3386
3399
3421
3307
3017
2876
2892
2638
2038
1863
1667
1465
1382
1085
751
508
485
429
378
419
212
101
77
82
137
245
421
615
753
1027
1264
1590
1912
2150
2439
2660
2782
2857
2902
2935
3054
3069
3081
3101
3015
2865
2653
2475
2249
2022
1698
1435
1117
788
491
212
87
91
108
204
438
741
1008
1266
1344
1497
1586
1733
1833
1925
2072
2184
2316
2471
2763
2963
3031
2960
2825
2673
2610
2417
2211
1973
1746
1567
1373
1262
1114
984
743
578
425
304
178
121
55
51
22
10
2
23
116
252
492
771
1098
1339
1648
1856
2016
2211
2506
2803
3008
3198
3466
3682
3796
3743
3800
3739
3770
3670
3486
3129
2709
2265
1938
1714
1447
1212
948
690
410
133
8
191
221
459
756
1071
1375
1659
2016
2282
2525
2799
3146
3490
3714
3745
3881
3976
4119
4156
3991
3722
3484
3152
2611
1901
1275
1101
1070
1112
1246
1342
1213
974
927
989
1075
1101
1124
1051
867
575
616
973
1505
2157
2725
2894
2892
3075
3668
4218
4748
5145
5271
5108
5384
5496
5193
4955
4354
3822
3776
3416
3109
2835
2563
2132
1588
1066
613
233
115
54
42
41
105
451
896
1424
1760
2046
2069
2137
2594
3299
3987
4562
4753
4861
4742
4526
4454
4440
4161
3885
3626
3454
3293
3058
2802
2430
2188
1649
1246
937
813
726
654
585
438
275
173
80
18
62
233
407
570
695
708
564
452
607
891
1133
1409
1629
1889
2071
2307
2531
2820
3058
3266
3569
3977
4272
4387
4318
4115
3978
3834
3836
3858
3605
3400
3183
2733
2648
2830
2860
2449
2418
2359
1872
1045
548
562
878
958
1185
1331
1551
1996
2477
2979
3355
3514
3547
3420
3361
3381
3256
3029
2867
2722
2453
2198
1901
1613
1425
1253
1104
942
855
768
692
689
748
743
801
888
953
962
902
911
866
936
1124
1397
1659
2111
2469
2812
3309
3684
3684
3125
3341
3541
3519
3397
3320
3425
3485
3504
3428
3258
3034
2832
2630
2472
2244
1902
1492
1114
829
593
391
233
149
123
88
88
258
569
858
1178
1434
1703
2054
2408
2575
2830
3071
3303
3360
3562
3714
3829
3887
3936
3927
3806
3496
3368
3128
2915
2582
2278
1956
1713
1409
1191
937
821
673
659
591
367
179
78
39
24
17
37
35
30
103
242
280
367
531
723
849
983
1010
1145
1253
1550
1835
2220
2397
2471
2568
2805
3111
3359
3518
3437
3171
3153
3138
3080
3074
2951
2656
2372
2023
1715
1420
1070
702
645
59
26
77
253
481
771
1162
1545
1823
2010
2214
2310
2328
2338
2304
2344
2325
2383
2428
2473
2560
2594
2646
2490
2175
1911
1783
1754
1726
1643
1533
1368
1289
1301
1261
1187
989
880
821
837
906
851
866
767
643
587
467
387
229
172
162
134
83
55
96
149
255
292
337
425
521
645
747
822
955
1068
1181
1308
1366
1461
1560
1630
1631
1539
1530
1653
1793
2027
2089
2061
2458
2582
2342
1838
1334
1023
736
526
369
410
420
544
619
898
1175
1423
1369
1130
1055
1162
1202
1344
1439
1369
1343
1153
1078
1017
973
867
820
756
634
615
586
543
489
355
290
219
150
72
16
14
11
9
20
41
52
127
166
290
418
440
530
673
859
1093
1336
1563
1745
1900
2058
2191
2299
2402
2484
2504
2529
2439
2346
2251
2124
2013
1779
1591
1304
1103
759
546
240
98
42
73
137
371
652
946
1255
1471
1801
1981
2222
2468
2616
2728
2713
2715
2777
2835
2703
2606
2500
2375
2278
2144
1939
1745
1550
1347
1110
961
755
660
529
386
330
262
188
124
78
41
14
0
0
0
21
77
207
292
410
596
785
1020
1218
1458
1667
1932
2179
2389
2571
2655
2740
2755
2799
2883
2843
2849
2789
2795
2763
2646
2509
2278
2032
1787
1523
1149
847
519
265
139
123
173
313
451
683
845
1034
1233
1419
1678
1870
2131
2253
2497
2588
2739
2823
2870
2854
2848
2855
2647
2576
2523
2351
2234
2001
1617
1489
1544
1641
1422
1206
1054
910
862
866
828
828
666
496
625
871
876
718
577
541
715
941
1191
1397
1571
1716
1846
2090
2328
2519
2765
3018
3102
3107
3109
3098
3057
2998
2934
2871
2892
2752
2730
2644
2368
1899
1262
720
401
206
77
105
192
397
495
506
700
979
1339
1690
1959
2172
2299
2424
2510
2600
2737
2837
2956
2983
2922
2843
2653
2594
2484
2311
2154
1947
1702
1588
1461
1301
1137
916
753
587
478
355
246
170
86
26
0
2
21
62
128
250
402
560
737
929
1011
1158
1297
1445
1540
1736
1931
2011
2146
2305
2376
2428
2478
2526
2546
2538
2511
2521
2470
2388
2250
2179
2002
1847
1630
1413
1152
943
707
440
296
154
101
41
10
50
68
164
340
509
740
950
1104
1346
1525
1721
1903
2038
2222
2281
2502
2583
2645
2591
2564
2425
2322
2173
1855
1508
1381
1370
1254
1153
1044
885
695
526
466
415
300
153
18
3
2
9
75
212
381
447
636
741
936
1181
1355
1586
1760
1939
2066
2223
2490
2586
2633
2619
2691
2711
2791
2689
2647
2544
2305
2019
1746
1432
1089
790
560
314
90
6
2
30
164
385
571
839
992
1189
1335
1480
1684
1777
1942
1950
2006
2067
2076
2129
4186
2476
2403
2246
2228
2207
2183
2092
2007
1908
1742
1596
1447
1391
1478
1353
1294
1390
1535
1328
1023
728
427
350
383
496
541
583
523
229
177
284
281
280
218
232
286
360
424
430
461
514
640
808
1128
1262
1523
1746
2027
2232
2480
2628
2794
2924
3057
3173
3269
3354
3469
3505
3431
3379
3162
3058
2759
2383
1904
1355
970
748
619
565
316
136
203
312
515
714
998
1252
1574
1997
2390
2731
2928
3014
3057
3112
3186
3183
3170
3097
2899
2808
2677
2572
2407
2292
2214
2108
1884
1686
1584
1460
1282
1099
997
912
685
549
381
236
113
52
14
0
0
7
12
72
173
298
420
592
839
1002
1258
1488
1681
1979
2158
2352
2484
2627
2781
2848
2955
3022
3074
3170
3114
3006
2847
2554
2183
1780
1368
1045
706
512
449
584
813
1070
1274
1509
1803
1988
1792
1239
851
905
1398
1893
2023
2268
2631
2995
3302
3724
4309
4803
4843
4366
3717
3324
3191
3127
2857
2424
1770
1392
1346
1310
1094
783
642
657
627
480
215
278
560
695
662
360
171
237
287
271
482
729
653
213
59
69
53
80
112
169
95
41
37
39
48
46
33
31
25
16
21
7
9
13
17
5
3
5
9
6
9
10
20
31
16
32
65
71
62
57
29
18
22
29
26
31
31
25
24
21
15
28
52
51
41
32
23
13
9
15
10
7
1
0
1
7
11
21
20
10
3
10
15
12
26
14
29
19
13
26
20
22
57
52
45
53
60
66
68
83
72
58
47
39
37
27
27
22
29
24
23
9
9
9
32
84
125
106
31
14
16
69
143
159
155
141
208
230
242
198
172
336
363
268
180
224
190
122
107
174
257
149
58
54
60
49
48
93
175
105
44
21
6
6
24
40
45
27
16
4
2
7
12
12
25
5
8
12
27
10
61
62
72
82
45
30
51
83
91
104
102
100
104
124
92
79
94
110
121
91
83
98
104
76
29
16
18
1
2
2
0
0
1
8
11
10
7
10
14
13
14
25
52
189
428
669
929
1067
1007
872
713
446
249
128
80
80
66
50
75
87
125
141
142
129
105
100
96
77
54
20
3
1
5
10
9
8
12
28
58
91
122
128
132
149
171
185
202
206
206
255
312
373
416
451
400
404
328
277
246
215
202
150
152
139
102
81
68
59
58
55
65
74
138
147
142
135
104
103
93
92
94
85
107
205
320
316
245
155
125
107
97
96
183
240
311
264
253
245
216
169
315
48
17
4
2
1
0
1
3
3
9
11
5
7
7
4
6
14
17
31
29
21
25
29
23
40
26
35
26
17
26
21
15
1
0
5
1
15
49
73
38
20
35
43
127
64
29
116
71
48
109
127
91
70
89
80
49
32
34
67
66
47
65
93
87
53
55
41
9
9
2
15
47
44
41
69
101
119
134
126
111
57
41
59
93
43
62
187
111
68
140
161
92
59
48
33
12
17
17
16
10
6
12
24
34
77
226
288
84
1
8
8
24
53
68
36
43
52
41
31
21
40
41
24
16
33
72
163
248
51
415
760
127
18
108
87
21
35
72
84
65
18
71
63
31
51
86
94
88
82
94
102
133
226
195
182
164
142
101
68
55
39
29
13
6
3
22
41
49
41
27
10
0
0
1
2
11
13
15
26
21
52
81
46
49
36
23
17
26
52
77
100
115
128
126
85
49
27
10
0
0
0
0
8
24
25
16
3
5
10
23
39
53
58
105
120
149
131
140
150
149
119
84
81
72
69
91
41
17
47
135
202
296
539
804
995
827
618
796
1379
2119
2607
3027
3444
3450
3161
2830
2397
2015
1878
1766
1338
971
673
470
273
122
132
177
182
171
124
107
99
95
88
68
56
66
69
43
31
33
101
179
229
203
114
65
40
43
52
53
65
57
38
13
35
62
61
67
74
65
50
41
11
3
23
40
70
172
212
3
197
348
49
10
19
45
71
58
70
52
1
0
1
4
4
6
24
39
31
24
63
80
67
35
48
66
45
35
38
7
5
8
19
36
40
33
2
11
37
55
34
11
3
8
8
22
65
154
99
35
124
84
10
8
13
31
28
48
59
27
12
24
32
17
4
2
3
2
5
5
3
7
8
0
0
0
5
1
4
22
51
23
6
26
14
5
6
3
9
0
0
3
0
1
6
23
20
14
5
0
0
0
0
37
55
32
14
4
1
11
13
26
24
20
19
16
4
1
2
3
13
47
132
303
359
344
289
356
473
553
618
634
569
450
285
184
161
165
142
159
169
194
261
268
333
313
265
191
128
93
76
98
133
151
143
187
248
228
193
217
168
82
107
159
144
122
105
67
46
127
187
233
259
252
255
290
305
382
416
390
396
385
459
546
569
513
515
551
591
556
563
514
478
501
513
541
480
1113
439
433
347
335
299
258
177
97
63
31
20
16
7
8
43
25
23
3
5
47
54
35
29
51
130
189
251
328
307
375
353
301
308
310
391
455
519
545
592
614
578
561
559
550
539
539
525
525
468
419
339
257
231
225
231
243
184
106
94
94
65
74
82
58
44
52
51
47
67
125
202
260
269
263
266
294
270
273
288
301
293
348
376
500
592
673
708
579
473
292
146
90
91
83
91
74
65
87
87
101
171
204
279
397
478
452
253
15
254
396
544
642
745
866
971
1012
1015
881
739
603
408
236
110
99
77
79
57
69
71
74
94
110
136
154
146
168
139
156
120
56
81
123
98
51
30
26
40
63
56
18
1
4
2
0
0
0
2
10
5
5
15
25
10
31
29
23
51
68
70
75
83
105
52
118
231
168
51
44
37
20
17
50
57
32
4
2
13
24
1
0
0
0
0
0
0
2
0
0
3
0
0
0
2
1
2
3
18
54
96
164
499
886
1329
1987
2237
2297
2346
2393
2456
2013
1641
1269
1068
1161
1164
1221
1249
945
753
805
668
400
355
301
364
423
673
857
599
339
757
774
438
109
489
716
598
171
721
820
630
118
693
903
974
542
764
765
591
386
97
164
246
451
350
340
494
652
537
185
435
741
947
536
115
739
878
741
308
904
1034
1148
393
623
953
986
651
224
772
1069
760
154
584
961
843
192
645
955
941
525
103
723
905
688
215
654
851
809
378
252
683
844
702
285
555
781
604
460
146
434
667
679
391
504
944
976
625
193
846
996
639
102
699
1005
945
207
426
929
757
339
492
1101
1275
866
177
836
943
726
342
251
421
386
166
283
770
986
646
228
862
1146
960
312
264
793
727
420
139
385
627
697
387
22
428
736
720
419
316
813
1030
867
107
353
773
810
679
206
468
871
1002
610
100
570
878
836
450
309
943
1146
845
64
541
898
850
634
253
210
430
489
657
422
79
222
546
686
524
265
206
484
743
682
293
89
623
820
599
119
626
1012
848
207
343
812
896
516
171
290
544
677
618
141
191
555
849
811
1033
2101
2345
1550
559
279
252
331
662
890
763
824
808
167
439
776
1023
860
325
236
369
485
681
864
683
353
371
673
877
1138
1131
827
469
332
420
523
538
567
615
704
809
860
1298
1605
1917
2266
2295
2741
3051
2990
3070
3250
2827
2794
2900
4454
2284
2114
2084
1909
1681
1552
1643
1707
1477
1165
927
682
349
406
596
662
544
266
183
153
285
407
455
434
332
265
355
348
349
387
404
428
344
298
258
435
588
672
650
483
277
195
104
21
1
84
211
252
354
414
441
357
288
390
452
296
222
286
403
366
312
220
69
14
49
68
107
129
256
349
494
537
330
151
313
453
447
366
200
131
122
109
60
67
197
283
330
375
354
397
490
524
439
165
238
435
563
544
464
336
137
16
26
73
132
257
371
415
412
429
385
320
181
37
220
350
456
476
405
269
143
170
145
70
51
16
0
0
10
25
33
85
100
117
186
304
368
311
320
402
331
190
159
101
178
304
405
465
431
439
391
289
126
43
77
178
208
300
389
511
583
604
548
362
136
143
216
269
255
242
269
368
393
433
433
421
299
174
78
73
196
318
308
208
223
293
387
472
414
335
160
59
58
64
91
105
198
379
448
411
327
297
253
161
135
86
32
72
218
232
119
74
104
200
225
205
233
276
281
268
306
206
90
135
304
448
463
403
346
268
252
259
187
76
94
290
387
297
153
127
161
181
210
232
220
255
301
278
182
139
292
455
478
361
288
273
238
137
105
189
359
387
259
217
282
307
291
228
194
159
112
127
160
110
115
276
437
469
417
341
283
211
127
113
188
183
124
128
107
174
221
299
342
370
375
308
161
17
23
70
108
182
267
388
525
637
815
1081
1361
1653
1786
1973
1968
1883
1821
1720
1683
1299
795
434
351
408
491
674
990
1280
1525
1707
1845
2016
2133
2245
2396
2552
2712
2885
2944
2994
3072
3145
3123
3054
2945
2840
2719
2580
2476
2345
2175
1873
1563
1364
1024
685
376
201
152
225
353
633
931
1172
1385
1678
1933
2183
2292
2438
2637
2695
2758
2800
2902
3004
3113
3194
3194
3133
2898
2748
2648
2646
2554
2371
2253
2064
1857
1653
1337
1097
897
715
578
471
406
336
290
319
394
522
665
751
957
1054
1132
1306
1632
1903
2046
2185
2314
2419
2482
2578
2715
2735
2662
2639
2508
2349
2236
2047
1841
1608
1339
1079
786
503
276
143
78
90
144
240
371
633
816
1071
1286
1502
1703
1880
2073
2212
2247
2375
2418
2386
2388
2368
2342
2379
2368
2263
2184
2059
1934
1837
1698
1608
1398
1188
907
586
361
284
174
91
22
7
11
27
107
205
332
471
522
632
701
761
870
872
887
923
889
934
957
927
816
733
648
526
447
310
237
166
120
36
35
85
44
55
37
83
104
174
243
337
423
507
551
606
656
671
712
771
779
710
644
623
605
606
523
479
476
390
308
321
306
282
302
269
246
173
146
76
66
48
38
49
255
23
14
7
6
38
51
57
105
119
89
106
133
176
181
148
86
143
202
213
245
179
75
47
26
19
3
5
52
81
89
97
58
6
50
87
119
94
59
43
21
14
7
2
3
5
42
89
109
144
124
38
77
114
128
97
90
66
66
43
102
226
322
435
335
238
114
87
169
152
67
49
60
48
54
32
20
42
154
234
259
243
229
340
330
272
165
5
56
88
120
169
228
232
163
95
93
25
3
2
1
56
116
144
258
334
352
365
392
425
365
114
102
203
263
258
270
253
205
110
28
39
24
14
5
2
5
10
22
61
188
319
391
353
270
371
378
354
324
351
302
367
386
343
285
291
247
271
314
323
298
309
396
502
552
600
422
410
571
613
669
654
562
430
289
184
198
258
219
139
46
19
9
9
26
53
127
170
274
339
414
528
637
711
882
1182
1541
1521
1545
1815
1928
1981
1843
1674
1407
1327
1232
1239
1270
1192
1077
949
770
571
481
338
305
235
189
147
109
137
131
112
133
130
138
194
309
401
500
778
1014
1176
1269
1646
2090
2211
2382
2772
2944
3136
3279
3407
3584
3698
3752
3877
3868
3848
3841
3885
3883
3818
3685
3457
3309
3124
2950
2708
2450
2145
1748
1391
1134
902
596
395
320
218
444
769
1023
1260
1539
1935
2160
2287
2356
2376
2469
2621
2730
2803
2919
3033
3051
3019
3006
3048
2978
3041
3072
2951
2915
2730
2448
2466
2550
2330
2078
1640
1336
1070
697
540
610
850
1035
1434
1742
2125
2245
2162
1909
1799
2431
3150
3530
3464
3363
2653
2971
3023
2977
3066
3142
3214
3270
3306
3413
3539
3713
3876
3874
3800
3780
3606
3774
3812
3576
3214
3395
3412
3574
3504
3124
2637
1576
1342
1092
693
600
435
449
408
472
487
539
658
910
1228
1626
1774
1904
1959
2080
2121
2084
2074
2149
2139
2099
2021
1930
1975
2061
2076
1990
1927
1875
1877
1900
2011
2228
2397
2484
2585
2655
2565
2461
2340
2361
2205
1834
1368
824
696
998
1429
1805
2107
2370
2776
3381
3833
3474
2721
2264
2393
2433
2134
1999
2204
2399
2464
2211
1685
989
762
823
1460
2306
2926
2791
2050
1287
1260
1461
1203
825
702
751
1103
1671
2123
2021
1680
1120
477
381
452
485
346
273
370
381
341
231
143
114
152
163
119
117
127
133
159
184
246
262
353
393
308
243
92
115
161
207
307
52
65
59
55
60
59
55
71
74
82
52
52
55
54
85
104
94
81
43
42
45
33
24
20
40
68
82
74
39
15
11
38
63
64
65
120
201
265
281
276
298
347
361
308
195
110
59
73
93
68
22
15
31
18
8
30
47
33
21
56
99
166
227
205
120
25
24
54
62
41
56
80
43
4
0
9
47
107
124
168
292
422
508
636
729
657
675
558
430
417
430
518
451
285
345
513
517
445
264
141
137
164
142
113
127
153
209
240
291
313
285
276
268
218
161
88
29
9
0
1
1
2
13
17
8
14
90
138
186
244
261
295
285
200
183
123
82
64
82
83
91
82
89
74
81
79
76
104
139
145
147
200
235
257
299
305
348
414
462
570
625
746
871
939
1056
1100
1112
1199
1323
1398
1455
1444
1452
1417
1394
1347
1241
1126
959
732
555
365
248
214
209
293
392
408
365
316
262
225
229
251
268
247
206
138
117
116
74
60
52
42
80
111
131
112
119
115
65
58
66
22
17
23
31
61
72
119
205
275
318
287
222
114
139
336
475
717
1187
1514
1603
2001
2633
3676
4356
4626
4452
3881
3035
2195
1419
1047
878
739
582
625
583
469
407
463
517
588
610
564
434
523
640
781
853
723
485
404
555
654
647
547
349
128
96
113
259
355
356
436
464
430
442
400
320
371
445
471
495
413
260
175
171
433
605
813
914
977
938
889
790
630
570
522
323
337
965
1427
1367
1268
1053
870
651
402
252
288
431
558
543
393
314
386
445
545
687
797
878
1009
1146
1345
1436
1485
1507
1557
1620
1568
1548
1618
1749
1657
1576
1466
1300
1184
1125
1081
1022
935
792
676
576
490
391
283
208
244
252
230
158
157
173
101
72
92
88
93
71
78
65
78
112
164
147
92
65
148
165
149
159
127
80
30
27
52
60
46
49
47
56
133
120
96
114
105
155
252
304
348
344
296
238
250
236
229
201
209
140
51
127
154
145
146
161
156
149
99
61
41
32
22
21
10
13
18
5
19
41
54
56
48
36
36
54
68
81
65
57
35
65
60
46
57
32
14
4
2
4
8
9
18
18
22
37
58
89
147
225
264
255
184
111
119
99
81
71
54
28
30
35
32
40
35
36
28
21
14
0
1
1
2
0
4
16
23
22
17
5
5
5
4
14
17
17
9
7
8
6
13
38
44
50
54
41
64
57
33
20
13
0
0
0
16
19
0
47
79
98
127
88
78
70
26
18
11
15
25
29
25
32
43
27
52
105
71
106
115
112
153
168
93
52
15
1
7
9
3
4
6
24
43
57
51
14
29
66
134
126
78
75
66
30
34
31
29
41
9
6
34
21
16
27
40
37
29
27
11
7
6
8
32
35
18
28
184
151
154
120
95
49
30
56
46
60
35
31
10
65
156
173
144
272
290
295
291
182
142
179
99
15
34
155
359
555
846
1041
1131
1277
1317
1136
922
893
1016
1188
1646
1738
1555
1238
901
651
424
339
335
214
116
35
13
31
36
38
93
73
91
111
146
138
61
73
71
79
108
155
123
216
345
376
413
435
399
363
337
326
210
165
201
246
215
164
82
67
61
77
109
128
145
170
147
135
25
96
155
241
475
645
825
888
959
895
662
1307
1750
1305
1186
1730
2032
1658
1344
1534
1717
1652
1386
1316
1433
1440
1266
1057
954
919
1124
1202
1016
1005
1191
1537
1764
2024
2066
1770
1526
1273
955
768
706
668
680
741
701
459
318
125
58
41
52
54
54
52
67
75
113
107
58
29
59
84
95
32
22
45
15
0
6
22
43
44
35
42
26
20
10
6
16
4
0
0
0
1
6
2
0
2
1
5
6
0
1
3
49
98
161
307
356
254
180
181
196
232
276
269
256
179
161
157
121
104
123
138
170
96
18
17
17
11
1
10
20
50
115
102
84
58
54
68
25
2
17
75
81
79
125
137
44
3
36
61
53
39
22
7
5
18
13
36
37
6
6
4
11
3
7
11
31
74
116
108
65
93
152
170
189
211
187
151
154
160
222
290
305
330
388
430
385
386
386
391
374
332
193
79
31
56
180
192
124
108
57
68
56
55
54
88
94
53
31
19
84
75
44
37
24
4
6
28
4
8
8
24
28
6
1
3
19
31
1
1
2
0
0
0
0
0
0
0
4
8
22
10
6
28
111
91
131
156
170
199
240
231
100
56
63
82
95
110
128
136
190
200
143
123
185
149
143
96
64
51
73
98
157
119
81
125
152
178
255
282
238
138
140
308
495
680
774
774
807
757
749
694
805
818
703
778
986
961
929
1803
677
737
585
515
400
420
435
413
320
304
312
271
304
275
233
253
237
283
334
216
244
189
133
48
24
22
58
128
130
172
457
116
119
72
41
46
17
51
112
167
157
58
14
141
191
165
170
194
163
92
17
95
139
163
119
92
136
156
114
89
40
10
12
9
51
91
50
50
115
104
48
32
36
12
23
33
7
28
118
102
83
63
24
21
10
105
282
376
470
595
810
795
763
624
518
599
855
888
1036
1148
1022
797
728
758
740
829
801
644
470
517
718
843
905
836
728
571
489
495
449
452
502
593
581
565
601
625
661
649
746
737
658
457
544
632
622
508
438
505
570
600
545
459
623
760
655
622
658
637
543
650
677
765
785
823
661
690
646
786
914
827
480
563
639
818
919
791
910
1141
1314
1452
1506
1376
1400
1440
1495
1369
1201
1112
1074
1080
944
791
686
528
279
213
180
165
161
177
198
234
320
445
452
471
423
384
294
163
111
144
187
210
229
293
383
458
495
604
762
915
1145
1167
1132
937
824
760
804
943
991
957
770
566
364
243
207
199
141
85
68
94
178
249
264
216
119
59
26
16
17
14
8
8
2
0
2
5
8
22
15
1
5
22
15
8
11
5
5
30
53
49
23
9
11
10
11
20
14
6
16
12
6
1
0
1
1
0
0
4
9
27
34
43
25
15
4
0
0
9
21
27
23
8
2
9
8
13
25
13
18
25
35
41
11
0
7
24
32
81
83
58
3
8
9
11
11
16
20
15
5
4
4
23
27
58
3
2
2
4
2
0
1
5
3
1
3
2
4
22
23
4
9
11
7
5
13
19
37
83
121
89
45
4
4
9
21
26
12
33
60
46
18
11
13
16
18
17
27
29
38
52
35
13
4
24
33
40
35
10
3
3
6
3
2
2
4
9
8
13
28
101
378
611
512
144
12
50
105
107
78
55
41
39
42
32
10
13
3
0
0
0
0
18
10
0
0
10
19
15
9
1
0
1
5
12
7
8
12
5
0
0
4
3
42
47
21
6
11
0
11
28
26
17
6
8
12
10
8
2
0
0
1
2
1
0
4
15
3
0
0
0
0
0
0
0
4
2
5
2
0
3
13
3
1
8
77
198
318
416
508
597
606
574
499
417
285
185
122
124
167
289
379
457
468
434
428
389
312
207
121
93
68
62
52
32
32
49
17
45
53
35
10
5
10
29
22
16
33
37
6
0
0
0
0
13
34
49
59
59
183
139
137
149
181
232
223
293
359
361
337
243
194
161
127
161
139
112
128
179
76
0
2
26
44
48
50
53
36
24
68
217
255
156
249
281
295
360
351
338
232
159
199
143
114
132
130
125
149
137
64
7
26
103
133
159
162
9
0
20
51
35
69
84
71
54
48
23
10
15
21
13
25
106
195
208
256
335
356
370
356
291
293
331
332
387
294
157
71
37
23
18
53
86
59
56
94
109
88
71
76
114
139
118
87
31
31
85
56
57
57
17
52
76
82
88
84
66
78
76
70
52
9
12
18
0
0
0
0
0
0
0
0
0
8
15
26
30
29
7
6
7
35
56
58
100
192
208
163
167
199
158
172
280
316
287
257
259
185
74
39
32
7
0
0
22
75
90
74
99
114
34
4
1
11
12
19
29
141
371
623
810
708
923
1134
1448
1759
1747
1506
1194
1101
962
734
539
428
349
381
352
402
531
575
504
461
513
537
609
592
629
700
743
666
415
322
323
298
392
592
727
722
592
355
248
534
685
803
829
855
801
688
624
494
277
182
311
422
480
499
463
389
344
275
247
219
283
397
501
661
967
1147
1137
1073
1009
937
844
869
944
830
526
370
327
342
354
318
286
337
400
294
214
86
51
44
30
15
18
10
11
50
106
110
71
88
96
180
224
181
158
68
14
23
63
108
147
104
51
32
21
21
19
8
16
12
19
36
32
24
7
7
0
3
0
1
10
21
11
3
9
13
26
30
14
33
51
80
59
18
10
14
34
74
62
114
150
145
62
13
0
0
7
23
11
20
45
47
12
2
6
46
121
194
206
172
177
173
128
71
66
32
43
62
103
126
111
116
136
264
484
673
424
177
237
359
431
353
331
478
406
486
502
503
385
253
166
124
164
159
104
120
129
87
118
230
695
1272
1452
1158
663
357
162
51
88
155
158
154
43
12
57
62
39
21
20
3
8
62
58
28
34
47
37
18
33
45
71
106
77
37
22
31
26
8
14
9
4
4
10
24
14
16
15
33
33
36
52
51
57
6
6
21
20
40
83
124
164
224
266
262
149
161
173
183
121
66
46
30
32
50
66
47
16
1
14
88
149
255
354
382
319
324
280
215
262
200
70
26
63
87
119
125
97
79
61
28
23
13
17
22
14
14
43
59
79
429
356
495
565
578
556
496
478
431
355
356
360
354
340
316
248
211
157
154
161
171
135
57
51
101
145
145
138
84
40
20
20
31
34
20
19
22
74
132
225
315
329
343
327
235
149
138
134
102
102
63
51
74
39
17
16
27
41
43
45
63
76
91
89
123
164
182
137
106
182
198
171
181
199
205
184
179
160
160
155
116
68
100
180
247
242
240
276
252
159
102
73
78
78
36
49
55
31
22
18
14
5
0
6
28
53
87
96
70
77
58
73
75
59
59
42
8
1
3
5
126
279
171
368
524
515
472
387
332
474
520
592
606
660
733
746
775
869
917
979
967
1051
1105
1160
1077
961
763
658
537
466
479
349
243
173
102
58
91
173
239
309
325
243
180
132
41
60
137
165
231
373
521
504
536
524
470
280
162
104
123
157
271
292
243
199
158
118
127
161
242
338
333
233
131
92
94
96
88
103
127
123
105
88
107
239
193
378
543
516
521
594
598
492
320
64
83
141
200
162
129
165
226
216
146
104
75
139
145
116
80
108
175
246
247
297
288
212
184
159
164
157
194
183
157
133
139
215
272
361
522
521
290
130
151
183
151
133
122
114
68
11
9
17
37
62
75
78
51
45
40
41
45
29
29
61
92
159
228
167
108
281
284
120
98
102
101
57
36
46
24
14
6
10
38
58
77
112
149
167
145
100
84
76
107
172
171
104
66
71
67
84
121
160
147
133
139
136
122
111
91
69
93
66
32
22
26
35
75
92
70
29
21
24
12
17
60
154
306
538
792
1034
1082
1006
992
884
686
470
327
254
272
242
211
149
89
58
57
55
45
17
25
107
95
44
52
65
56
50
60
68
69
87
114
147
198
223
237
251
244
217
201
203
228
217
236
243
225
154
74
56
44
41
23
17
24
36
51
63
86
54
92
85
77
87
107
125
218
288
383
451
576
580
628
687
691
614
463
350
289
206
148
126
96
93
57
66
62
60
38
21
56
75
72
63
40
19
34
46
16
8
4
16
32
24
48
78
97
148
142
78
23
57
59
30
50
38
10
9
30
35
42
53
51
49
61
68
80
116
131
130
122
125
128
120
129
147
178
147
139
78
57
118
113
96
50
46
49
26
18
45
72
79
50
95
83
33
15
19
23
36
66
88
367
148
173
191
191
194
167
133
164
161
140
122
118
56
49
52
26
14
66
72
95
93
121
121
120
121
102
81
103
100
90
71
67
52
66
64
109
91
27
31
31
18
14
26
21
17
9
9
34
57
51
42
40
23
8
1
9
47
67
76
96
74
55
56
56
51
70
111
87
65
126
130
89
76
62
44
26
44
27
32
30
41
67
88
71
54
84
80
50
29
10
26
14
34
87
185
102
44
119
111
81
137
207
252
198
146
91
89
109
144
221
242
233
209
178
137
77
47
16
12
18
3
10
4
6
6
6
6
16
7
5
19
43
42
36
41
95
141
211
227
207
149
123
118
105
108
89
108
101
60
52
51
34
60
105
155
142
126
150
100
82
117
99
92
85
58
69
88
53
73
63
58
54
34
15
43
41
211
317
219
179
183
197
180
213
290
254
230
137
78
74
59
74
76
45
45
30
14
16
75
80
81
92
87
73
71
65
34
21
49
64
81
107
147
161
209
170
110
85
85
97
122
159
222
316
290
243
167
107
80
55
55
66
111
92
94
59
20
14
11
15
9
8
8
9
16
24
62
101
111
189
190
125
70
60
63
94
135
140
177
196
175
204
168
177
174
225
284
220
204
148
179
190
176
349
601
213
470
733
398
349
336
327
275
151
168
233
150
89
72
107
196
129
50
41
53
69
48
31
19
0
1
8
57
138
159
190
151
87
91
131
125
291
359
341
235
123
77
72
59
81
132
162
129
61
30
90
117
113
130
186
251
248
192
205
146
136
149
206
277
202
132
119
121
108
109
183
237
269
259
198
161
113
64
77
93
76
64
60
83
79
53
45
21
10
17
33
56
44
5
0
2
21
3
35
62
48
52
45
15
28
32
54
37
20
17
24
34
54
47
28
17
33
23
4
11
15
27
37
36
24
48
56
62
66
58
75
85
74
88
152
68
392
317
49
20
48
60
40
33
45
51
53
60
35
52
39
62
122
182
256
291
258
71
57
78
78
53
44
19
29
63
8
19
56
75
35
43
58
103
165
149
113
84
97
136
84
42
60
73
70
16
14
41
45
31
47
60
89
93
82
58
44
88
79
77
65
54
63
82
122
126
51
262
250
155
172
188
281
385
363
247
182
285
400
461
465
400
324
273
520
206
107
150
305
572
983
1218
1310
1260
1138
991
805
546
281
153
140
140
115
89
61
43
13
4
6
15
27
23
12
16
11
17
20
18
18
23
23
44
62
52
19
16
34
63
96
209
155
136
95
17
47
77
42
5
9
19
49
91
121
116
81
41
19
34
41
48
64
118
178
210
247
266
232
172
97
92
148
278
345
336
246
145
77
33
7
16
17
5
7
10
16
33
41
58
88
66
17
9
37
51
32
28
53
46
55
80
112
116
134
107
117
168
202
200
171
145
176
196
259
346
471
528
539
522
482
463
431
537
590
591
566
564
655
597
502
470
452
432
510
707
689
541
343
281
394
623
923
1180
1327
1324
1047
1369
2349
2797
2521
2110
1746
1373
1400
1409
1668
1715
1648
1753
1755
1605
1395
1330
1197
1054
1253
1538
1712
1564
1090
589
241
94
236
576
807
891
1104
1282
1314
1847
2322
2267
1747
1218
1372
1472
1274
1076
1191
1389
1330
1048
803
683
560
413
293
254
208
113
102
102
106
98
66
81
130
153
161
207
252
258
191
134
131
135
198
271
273
158
121
161
163
161
179
126
102
71
63
71
66
64
22
3
1
7
16
36
31
16
5
2
1
10
16
15
0
0
13
20
31
36
59
60
23
8
21
14
11
8
1
3
5
0
2
35
43
54
30
7
7
18
24
15
31
33
41
54
78
62
19
18
66
116
165
122
22
11
26
46
25
41
118
258
280
161
237
293
319
327
324
276
181
161
186
201
234
271
352
170
148
149
135
142
127
77
0
0
7
9
9
39
79
93
66
95
126
159
215
261
501
678
1037
1505
2103
2433
2512
2585
2499
2391
2196
1896
1664
1654
1461
1288
1063
1020
1098
1835
2343
2374
1995
1480
1033
510
129
242
227
159
182
275
335
469
555
601
606
659
657
464
203
111
464
724
742
537
497
528
452
409
267
133
80
73
56
167
234
173
138
94
63
82
42
11
1
1
2
12
30
36
57
45
7
5
25
27
6
11
18
9
5
1
1
0
0
1
17
106
278
541
834
1128
1388
1567
1626
1588
1487
1314
1178
1004
702
421
308
385
414
463
499
439
337
178
109
93
54
10
5
0
0
1
2
1
3
8
12
10
10
11
22
31
47
51
24
22
26
15
5
15
10
10
11
11
23
48
57
76
96
98
92
106
112
157
246
276
291
296
279
282
266
232
182
159
157
180
223
266
958
418
580
786
1004
1072
1147
1171
1071
925
759
665
551
415
305
281
235
161
127
151
142
90
76
139
186
105
73
79
67
53
61
82
135
279
331
156
105
50
38
22
9
12
28
52
85
32
30
29
27
23
32
46
4
7
5
8
7
9
6
8
3
8
7
13
18
10
38
25
8
31
24
42
26
26
43
66
98
92
88
124
155
143
159
167
95
24
23
20
40
34
27
33
6
0
0
0
0
0
0
0
0
0
0
0
0
0
0
0
0
0
0
0
0
0
1
1
4
17
9
17
8
4
0
2
9
18
16
5
0
13
51
29
0
0
5
12
5
6
12
13
4
11
21
10
6
21
28
13
48
52
41
72
74
52
72
67
70
65
59
45
35
20
15
6
0
0
0
1
0
2
4
9
3
1
7
15
32
26
18
9
7
13
21
17
23
20
33
26
26
30
37
39
40
33
37
50
66
23
34
18
17
14
11
3
5
0
0
0
2
0
0
0
0
0
0
3
10
24
23
41
38
5
1
62
86
114
123
59
6
3
16
16
27
48
29
8
3
3
6
20
31
28
23
20
10
8
21
19
8
14
51
44
33
22
33
114
160
177
138
144
131
118
88
101
97
94
98
90
77
50
38
31
37
20
17
21
13
6
0
0
0
0
0
0
0
2
2
10
32
39
65
55
65
58
50
67
73
72
55
52
40
32
16
12
4
18
1
1
1
0
0
7
2
0
0
0
0
5
3
5
10
14
17
409
119
188
162
148
116
115
97
105
77
66
58
33
14
9
17
2
9
41
66
28
50
34
28
62
49
41
49
118
89
83
84
236
318
254
118
31
13
5
8
11
9
14
49
93
99
105
151
232
288
254
219
306
660
1044
1184
1089
958
717
443
323
209
160
128
107
93
164
175
133
143
159
158
150
139
147
211
344
400
351
219
102
53
27
24
12
5
3
7
20
34
37
68
119
164
153
146
134
123
105
222
388
363
218
128
30
5
12
23
11
65
173
259
350
559
853
780
527
565
477
483
366
296
334
215
175
177
197
209
222
195
171
146
152
129
124
103
110
74
61
44
22
22
6
2
1
1
9
26
36
44
25
8
1
1
0
6
7
1
5
16
7
0
2
7
29
27
11
37
56
163
362
400
495
501
330
88
194
844
444
198
194
169
122
70
74
29
32
96
112
114
106
43
25
25
36
31
10
17
25
23
48
48
41
66
142
207
160
92
29
9
12
5
18
76
45
13
12
27
16
10
7
13
30
53
114
127
60
10
13
31
36
31
20
15
5
2
2
7
1
0
0
2
2
1
8
6
14
25
47
50
33
32
30
32
28
21
16
17
9
32
15
13
5
6
5
21
41
42
2
1
5
19
56
239
188
43
8
73
53
95
143
66
7
24
19
29
50
67
126
168
107
25
16
34
50
48
38
33
44
102
254
386
405
298
145
172
347
559
546
414
368
823
1011
826
261
355
650
695
374
274
227
213
103
84
262
346
363
312
230
221
230
215
196
182
163
186
177
209
161
161
166
116
91
88
68
53
32
16
12
8
9
9
1
4
2
12
25
17
12
13
8
13
11
8
2
11
9
10
7
1
2
3
3
0
10
13
0
0
0
8
36
14
0
1
4
3
0
0
1
2
1
0
0
0
0
0
0
0
0
0
0
1
0
0
9
32
46
31
43
27
0
3
9
17
43
9
1
15
31
15
6
0
0
0
1
7
8
9
4
5
3
12
8
16
5
9
5
1
1
0
0
0
1
0
0
0
3
4
0
0
0
0
0
0
0
0
0
1
0
0
0
0
2
0
0
0
1
0
3
0
6
18
17
37
83
70
54
24
97
298
647
1002
1174
1186
905
545
304
188
277
332
210
149
182
116
45
47
21
15
7
9
20
46
65
84
79
31
44
100
220
332
416
487
378
271
245
318
503
548
609
662
642
578
633
784
922
1011
1048
1106
1076
1056
1119
1188
1271
1390
1329
1129
1046
1034
987
825
649
597
555
432
356
304
219
119
49
79
110
181
248
350
394
443
536
705
791
910
1023
1087
1120
1164
1189
1206
1174
1163
1171
1130
1076
1078
1084
1029
952
886
797
740
706
657
610
526
497
500
477
488
495
513
468
408
344
255
169
91
31
10
1
0
2
37
133
246
384
506
629
654
694
761
822
936
990
1087
1059
1020
928
834
781
636
457
326
230
157
120
115
125
128
132
128
158
226
337
445
564
676
749
798
811
836
821
793
758
670
592
499
459
443
420
418
444
364
284
238
161
128
90
60
26
21
7
17
30
15
10
11
8
2
5
5
1
1
4
39
46
49
44
52
54
223
41
44
60
66
67
70
75
88
65
52
62
53
53
47
17
27
30
25
24
49
22
23
32
32
32
42
69
59
54
26
14
40
105
301
747
1209
1456
1729
1924
2183
2184
2039
1828
1618
1202
837
576
467
394
249
145
95
87
131
345
603
596
383
241
224
129
86
62
48
33
37
91
232
365
381
332
304
315
247
179
320
294
63
67
245
210
108
81
99
85
11
24
65
79
83
43
60
91
105
86
76
44
20
79
25
3
45
78
63
89
108
38
38
152
299
372
306
257
216
116
96
107
120
167
61
16
111
194
177
117
87
54
18
23
55
109
44
52
120
92
24
2
2
14
61
43
9
9
25
27
35
47
56
40
27
30
144
160
94
57
99
105
88
60
129
237
108
19
18
75
32
24
7
7
12
70
78
104
133
120
112
61
77
29
22
32
24
9
7
39
87
94
138
78
36
18
70
81
39
26
38
59
45
103
234
143
66
166
302
285
236
221
155
126
124
78
50
56
104
82
41
27
19
33
49
69
16
0
40
40
16
25
41
71
103
184
310
460
535
496
345
336
356
332
332
234
196
92
73
114
143
98
26
18
94
89
55
90
141
94
60
86
98
69
27
19
19
14
16
25
21
2
1
0
0
0
0
0
0
0
0
0
36
110
342
571
1062
1411
1454
1594
2430
3128
4077
4686
5142
5311
4774
4198
3310
2935
2912
2453
1783
1167
824
448
284
316
357
443
444
408
411
423
410
415
405
320
135
245
384
401
317
255
247
230
232
275
283
225
154
126
83
101
88
119
242
347
418
380
290
214
135
169
264
282
128
57
18
9
110
237
406
376
221
90
45
115
122
93
94
135
128
98
94
73
41
35
28
32
54
204
324
375
413
361
322
333
298
234
170
86
51
43
135
207
262
279
263
203
148
148
125
101
85
96
107
113
124
145
132
138
112
139
185
205
217
190
166
135
86
55
112
159
147
77
96
84
89
108
131
134
98
151
173
216
218
129
42
61
98
70
42
43
70
91
84
86
101
124
108
105
131
141
165
138
106
163
53
12
21
126
176
91
3
35
132
188
151
114
122
78
35
49
92
116
88
62
46
10
4
7
2
6
0
8
4
2
10
12
14
21
15
2
3
2
7
36
38
24
34
36
33
27
20
12
9
5
0
0
2
0
1
5
9
0
1
7
8
1
9
19
31
43
84
183
251
303
463
592
711
861
920
973
928
959
975
934
943
920
912
931
943
990
1020
1061
1021
962
864
819
732
652
593
528
482
439
444
446
415
413
400
359
313
286
241
223
257
266
248
248
250
280
275
229
141
97
205
353
447
437
370
284
282
375
430
393
269
135
92
87
84
59
18
1
10
49
164
272
290
317
393
398
373
291
197
162
175
174
164
123
115
95
80
42
10
11
25
42
48
37
40
52
83
124
174
185
243
346
442
463
504
615
698
813
912
985
1020
1113
1188
1172
1267
1336
1380
1394
1440
1463
1473
1439
1397
1337
1245
1144
1083
966
846
709
620
513
423
361
245
133
47
4
6
18
48
88
136
303
493
579
665
729
762
811
855
847
830
811
826
809
831
852
849
806
718
647
642
615
557
559
469
424
369
351
361
360
333
286
186
115
25
23
34
51
71
116
138
209
313
366
483
753
777
767
746
855
977
1072
1069
1038
1084
1094
1130
1148
1071
1023
979
917
873
736
564
426
360
308
256
187
95
28
8
12
36
79
194
406
554
687
723
808
844
830
885
918
1034
1098
1151
1140
1138
1115
1049
1012
964
958
1454
1303
539
423
315
285
245
169
117
76
40
42
34
15
22
60
135
205
293
366
480
546
660
752
813
893
879
894
872
887
944
856
846
800
736
730
677
635
633
630
616
614
552
471
389
279
224
160
113
104
102
73
54
39
40
25
12
29
53
42
15
3
16
13
7
11
19
20
24
22
27
6
1
7
13
13
14
10
9
4
6
3
0
3
26
38
40
46
58
63
42
31
53
49
9
17
17
23
25
35
34
31
33
39
54
87
108
106
79
58
39
67
92
151
219
326
340
284
310
376
470
718
905
1088
1224
1318
1405
1437
1510
1534
1586
1532
1492
1514
1528
1759
1973
1880
1470
1211
1018
950
856
794
596
487
430
373
363
386
400
403
445
492
662
710
644
370
297
335
352
267
196
192
265
290
226
210
173
170
96
38
51
137
191
222
235
262
278
314
325
387
403
411
378
430
416
439
432
432
390
293
240
188
159
186
203
273
304
308
349
383
506
713
1066
1345
1662
1843
2035
2198
2401
2544
2807
2887
2951
2973
3071
3394
4014
4581
5062
5522
5870
6138
6353
6642
6953
7045
7052
6765
6607
6151
5511
4973
4342
3548
3015
2494
2056
1835
1709
1555
1396
1226
965
769
516
295
283
301
941
441
383
200
89
225
557
766
910
995
938
777
536
320
227
224
219
237
270
366
460
456
396
288
205
56
24
102
252
331
325
285
259
260
276
448
665
947
1313
1514
1885
2271
2599
2896
3272
3842
4572
5137
5413
5484
5432
5337
5233
5173
4980
4982
5044
5207
5429
5651
6065
6639
7346
7289
7251
6900
6766
6444
6280
5661
5179
4892
4611
4383
4209
4103
3951
3482
3023
2960
2746
2445
2469
2493
2244
1706
1188
956
885
743
818
1145
1399
1718
2027
2254
2669
3098
3352
3359
2977
2403
1528
1086
1116
1625
1759
1665
1588
1419
1228
1372
1690
1896
1901
1818
1723
1684
1715
1763
1948
1976
1865
1718
1495
1092
1036
929
1088
1289
1218
987
793
602
574
569
552
498
443
380
422
467
462
436
326
263
160
95
30
32
66
33
34
54
92
139
244
244
211
256
239
264
277
243
315
410
477
600
516
682
574
470
501
488
365
359
572
878
1092
879
620
687
635
519
433
399
423
380
330
258
148
35
1
0
3
5
1
2
7
8
7
34
65
48
57
73
49
43
62
48
36
36
53
75
73
69
39
26
41
45
14
7
3
3
0
4
3
2
2
7
7
9
2
2
3
4
2
4
4
5
0
2
6
5
8
2
6
5
0
0
0
3
5
2
4
1
2
0
0
0
0
0
0
0
0
0
0
0
5
5
0
0
0
0
0
2
0
1
1
1
4
10
17
23
23
25
20
18
13
11
19
15
3
2
1
0
0
0
0
0
13
37
26
7
17
33
70
60
87
226
396
571
848
995
1046
862
645
552
493
442
405
401
384
353
312
256
188
136
92
47
16
21
29
43
35
18
17
11
25
73
63
65
87
133
135
213
321
322
372
409
417
361
333
324
325
292
274
258
182
128
110
74
124
199
257
197
157
170
143
114
95
94
128
175
228
244
192
188
227
321
355
378
415
409
410
381
449
504
495
396
349
237
153
140
171
157
148
163
172
144
123
74
67
75
91
82
53
31
1
1
2
17
22
15
14
31
50
50
76
74
48
69
66
46
32
24
26
21
43
44
61
60
51
56
40
50
41
62
86
112
139
182
239
326
373
429
451
461
473
493
493
482
419
391
339
295
205
153
118
113
190
216
271
296
315
345
340
335
311
283
286
297
265
248
224
200
234
248
245
211
139
104
73
35
24
3
47
82
121
139
149
209
371
470
467
468
381
312
318
469
1182
402
314
263
206
166
181
206
248
225
177
153
154
196
214
204
135
130
91
51
69
75
77
128
219
282
285
307
361
466
524
573
629
562
564
394
368
436
419
368
366
435
576
441
895
1456
1615
1490
1129
866
790
757
841
860
1153
1007
858
614
676
813
771
636
501
474
409
206
99
266
375
580
778
1069
1131
1122
951
934
1042
964
665
611
866
919
745
645
458
250
130
100
68
25
36
115
150
140
146
159
162
124
77
88
134
185
235
288
565
896
939
715
580
691
877
1023
1066
823
1556
1853
1843
1529
1511
1744
1953
2321
2779
3076
3092
2886
2775
2559
2229
2284
2312
2238
1979
1764
1674
1507
1340
1107
983
925
894
865
805
685
604
557
552
493
550
649
1110
1772
2198
2281
2237
1762
1049
799
939
1090
1114
1159
1323
1562
1609
1324
844
1005
1244
1044
726
669
568
530
576
624
675
628
512
397
334
314
314
296
265
220
228
189
150
144
135
98
75
78
79
56
62
70
61
41
57
58
65
68
107
121
126
143
202
222
237
220
211
235
293
310
311
327
352
341
356
420
482
671
785
870
954
966
989
1104
1198
1334
1375
1359
1402
1478
1535
1582
1637
1707
1757
1723
1759
1615
1529
1390
1291
1236
1154
1032
906
776
613
525
411
293
237
186
118
104
74
63
44
32
21
54
75
65
68
57
55
49
60
53
27
25
21
79
136
179
195
165
172
152
173
166
171
154
164
186
222
263
302
291
264
234
221
218
215
187
173
158
176
185
172
78
141
150
148
137
178
273
378
470
432
361
239
65
106
58
12
26
30
65
129
144
107
71
69
70
43
38
35
51
34
28
17
51
89
106
128
177
189
190
181
155
151
150
151
147
149
156
189
207
213
155
120
76
64
57
45
37
74
74
130
225
292
322
375
345
258
70
176
223
235
225
227
236
216
215
223
219
229
273
270
291
217
196
216
238
201
175
157
186
262
236
225
188
157
146
139
131
148
156
162
178
184
177
157
133
117
95
74
71
78
64
66
68
91
171
282
460
541
628
404
497
470
566
622
543
453
339
285
240
238
220
209
216
236
274
317
327
350
280
130
45
75
114
185
197
178
100
103
314
446
515
594
542
405
295
229
262
338
376
353
348
328
252
109
135
193
205
214
274
317
319
317
248
195
128
59
293
515
624
784
986
721
395
570
579
559
513
416
217
111
63
84
165
255
310
698
375
390
450
586
701
794
967
1234
1567
1777
1901
2308
2730
3230
3649
4000
4313
4514
4336
4147
4267
4259
4173
3853
3644
3509
3498
3433
3261
3025
2867
2645
2447
2202
2004
1651
1474
1242
1050
834
730
644
402
307
357
330
278
235
198
165
110
63
44
56
65
85
114
128
131
79
35
87
108
87
92
67
48
37
16
18
24
54
53
53
55
59
78
84
67
56
30
26
85
286
448
687
855
985
1004
938
728
530
337
197
102
155
233
256
262
277
228
259
255
331
446
522
653
813
926
993
1051
1202
1341
1571
1718
1938
2037
2123
2147
2170
2153
2233
2397
2542
2629
2754
2789
2799
2731
2741
2717
2687
2509
2369
2091
1837
1735
1528
1476
1330
1043
969
936
792
695
656
640
744
945
1128
1184
1135
897
918
972
899
874
1030
1334
1580
1915
2534
2996
2977
2846
2636
2699
2653
2390
2285
2286
2040
1745
1258
848
525
1259
416
287
161
148
251
330
269
302
216
231
167
147
195
204
100
81
163
148
125
156
223
177
187
257
302
233
148
122
123
203
122
71
114
190
184
183
139
164
95
145
164
126
86
195
226
280
331
418
434
430
392
292
185
131
205
351
483
464
504
391
168
32
66
88
74
76
154
288
323
234
163
91
13
35
63
42
49
47
84
158
210
82
15
36
75
158
145
67
19
20
38
36
28
5
5
6
40
76
85
61
60
87
236
584
622
352
245
289
297
326
356
316
313
227
205
320
247
192
188
252
217
158
175
198
212
142
91
70
85
121
215
176
19
0
45
126
120
99
114
157
116
100
95
138
161
111
25
43
89
128
84
43
15
19
39
37
20
7
1
21
45
68
126
178
105
168
204
237
171
67
88
160
112
58
66
48
18
57
93
101
191
270
246
191
122
211
285
243
345
419
301
251
206
249
231
201
144
135
123
110
83
67
80
105
93
61
24
9
17
19
18
5
4
10
12
32
62
70
63
28
46
70
70
63
103
87
32
43
60
53
61
57
97
82
76
61
33
21
9
42
34
51
69
62
55
62
52
31
25
29
29
30
35
23
18
36
29
20
17
27
20
16
14
5
0
5
14
13
13
32
103
222
320
434
868
1458
1874
2033
2053
2028
2120
2250
2475
2727
2916
3192
3381
3520
3601
3511
3406
3243
2874
2472
2033
1567
1249
979
774
668
541
421
337
303
247
206
175
174
221
252
333
405
447
487
547
480
601
712
614
355
235
210
364
139
112
123
189
238
230
174
80
54
42
53
37
71
98
129
151
150
126
161
234
186
160
182
279
263
271
260
290
331
331
299
259
243
205
233
257
288
248
252
284
293
200
199
220
202
204
256
263
267
238
173
162
193
323
373
325
294
395
322
272
386
394
334
319
234
225
254
286
314
297
391
502
554
535
516
506
501
507
500
487
295
200
144
64
25
11
1
0
1
5
15
78
108
149
225
322
431
537
509
627
684
641
461
250
129
86
62
74
78
100
212
348
487
601
664
764
872
985
1026
1021
942
895
861
810
745
662
608
519
365
259
193
153
100
61
40
33
17
10
3
6
10
22
28
50
88
175
237
378
512
608
725
808
939
1056
1136
1190
1250
1301
1345
1233
1157
1036
910
756
587
463
304
217
96
34
37
25
36
65
153
213
317
445
552
626
735
772
826
885
931
1007
1002
1040
993
990
939
922
822
797
785
729
638
518
443
443
310
239
144
70
41
45
37
1
3
9
19
29
30
38
48
55
78
108
157
239
330
429
540
655
784
919
1010
1243
1366
1453
1557
1601
1682
1720
1684
1695
1600
1428
1161
959
762
614
370
174
63
26
46
83
206
348
571
721
941
1080
1176
1212
1299
1329
1298
1354
1190
1188
1088
1018
931
821
816
678
653
583
540
535
440
284
159
136
97
59
31
16
16
27
33
15
0
7
7
13
90
244
303
390
607
710
825
1015
1062
1269
1413
1504
1611
1729
1823
1832
1779
1745
1657
1572
1524
1371
1191
976
743
502
299
141
41
33
55
74
166
328
571
813
971
1072
1156
1264
1304
1339
1349
1324
1262
1187
1082
1030
881
744
682
556
431
260
246
207
156
78
31
19
48
58
62
83
193
286
385
556
716
849
1095
1283
1429
1504
1668
1841
1853
1960
2049
2097
2012
1920
1859
1902
1999
2027
2067
1946
1778
1449
1147
992
812
814
971
1166
1467
1607
1655
1702
1767
1914
2030
2122
2214
2159
2119
1921
1678
1501
1277
1110
906
789
656
438
287
230
206
204
138
122
114
155
262
373
527
732
988
1171
1287
1276
1389
1627
1830
2102
2399
2642
2732
2770
2675
2572
2662
2795
2857
2685
2384
1734
1007
603
569
934
1307
1781
2200
2501
2706
3036
3403
3668
3699
3509
3309
3036
2693
2379
2039
1857
1732
1571
1795
1964
2348
2634
2771
2967
3421
3641
3794
3530
2778
2359
2137
2016
1892
1757
1575
1468
1371
1179
1007
891
830
733
678
603
562
468
437
358
415
458
431
534
668
688
613
463
335
266
285
724
234
124
52
6
10
43
88
105
140
147
172
182
156
66
147
305
395
269
192
165
117
91
62
90
117
134
248
309
188
128
112
65
154
281
150
31
103
139
72
116
196
167
92
36
60
32
42
117
44
26
25
9
20
111
190
204
159
98
50
8
28
22
15
45
83
97
128
82
66
53
47
23
28
74
82
80
130
81
26
204
106
14
62
119
77
50
4
23
22
48
44
46
60
19
8
34
42
34
40
33
20
14
8
4
0
1
14
37
29
20
19
22
15
15
15
10
5
2
1
8
7
17
21
22
23
9
1
7
2
8
20
42
37
31
24
45
35
39
87
94
91
101
87
43
13
24
65
96
116
171
236
283
302
170
126
103
103
63
50
38
14
22
27
11
7
36
34
21
3
2
4
9
0
0
3
5
5
2
1
6
3
4
0
2
16
30
43
30
20
17
9
14
37
27
26
14
4
15
47
23
12
36
67
37
24
23
7
12
28
44
93
90
63
56
65
18
21
16
36
15
7
4
0
12
16
39
40
37
38
28
17
38
32
6
0
6
34
45
80
75
116
135
73
45
48
55
25
26
17
6
12
17
2
1
0
30
116
7
43
35
30
77
138
163
121
56
38
51
39
55
74
77
63
31
13
8
11
9
13
10
18
20
44
35
8
3
5
1
0
2
30
36
39
12
4
9
9
5
2
4
0
0
0
0
0
0
0
0
0
0
0
0
0
24
93
278
446
544
524
508
376
276
160
113
179
144
162
82
32
18
35
35
44
216
577
877
911
576
550
716
673
665
521
365
296
248
274
312
381
339
293
337
336
466
638
756
438
321
814
1075
788
405
89
103
139
134
125
242
318
333
350
267
171
65
15
5
0
0
17
45
57
74
99
117
197
222
140
83
75
214
215
97
28
0
1
15
41
88
138
175
160
139
159
192
232
270
317
295
256
283
321
366
346
334
324
233
231
196
192
213
216
151
121
65
87
93
162
231
241
221
61
8
2
1
12
26
34
34
63
20
212
234
44
27
29
8
19
78
139
134
86
140
291
477
452
356
310
284
276
96
97
226
224
211
210
181
241
469
828
1192
1802
2046
1796
1223
1056
1090
1027
891
628
522
571
522
595
561
671
694
730
791
950
955
799
755
777
719
657
644
764
1026
1106
1548
602
445
349
323
224
167
192
131
92
82
42
6
14
83
118
142
175
213
222
234
155
51
17
38
130
152
140
132
112
125
114
89
56
24
1
1
3
17
27
30
13
5
1
0
6
55
185
303
365
431
355
99
324
665
768
484
238
181
163
130
94
102
163
159
144
112
68
22
23
40
23
8
9
4
2
17
27
66
105
152
196
210
191
130
83
30
19
52
60
52
46
33
62
103
122
128
141
172
171
148
103
104
121
315
314
128
84
327
659
603
218
94
140
56
40
63
97
131
194
187
105
211
269
140
161
152
131
93
82
69
118
239
327
315
148
26
62
150
162
156
148
142
269
484
594
645
532
445
429
371
267
191
268
404
438
326
158
163
261
299
259
261
262
229
158
80
39
9
5
5
26
64
122
210
303
356
416
404
421
438
294
201
540
822
729
498
512
630
608
378
393
506
530
529
437
367
161
90
107
90
57
29
18
22
39
76
107
101
154
196
78
30
88
135
114
131
153
118
93
100
124
153
206
222
226
212
160
131
83
28
12
8
19
16
22
21
22
39
61
80
100
284
528
622
539
356
296
309
272
228
184
124
58
33
36
60
74
59
34
26
41
65
59
36
30
38
24
56
50
53
68
148
218
280
331
296
274
323
415
597
608
563
428
232
119
147
131
69
26
18
55
60
53
17
3
1
22
50
81
178
247
302
277
317
229
377
555
535
467
436
339
267
260
244
239
258
221
264
261
267
230
231
221
184
94
80
83
96
87
48
52
39
32
42
39
15
29
82
148
221
229
331
421
464
489
586
550
463
364
373
381
398
402
335
218
136
96
91
86
62
72
74
63
66
60
23
26
30
16
78
148
129
97
52
69
196
364
315
239
226
277
315
255
314
309
335
351
292
256
216
174
145
107
62
39
51
49
39
79
142
202
203
207
213
192
165
108
121
184
304
522
748
945
1065
917
534
590
963
1291
1604
1789
1762
1651
1562
1628
1743
1785
1777
2053
2305
2415
2330
2394
2332
2201
2067
2025
1984
1891
1712
1519
1208
779
268
79
226
471
665
798
983
1201
1441
1741
1918
1899
1752
1555
1414
1460
1432
1297
1218
1154
1137
1061
942
836
646
418
302
193
151
117
80
146
207
211
116
87
234
305
447
417
311
224
356
694
850
778
604
478
359
160
522
976
1121
718
235
243
599
250
245
279
261
162
63
34
219
477
680
466
439
781
806
676
485
513
533
633
576
139
490
606
667
591
452
482
502
599
641
534
481
520
638
653
526
448
399
486
617
821
914
807
731
666
557
719
941
559
341
267
237
155
237
171
40
61
66
57
19
3
11
20
31
31
51
123
143
49
21
54
38
46
8
6
0
19
44
50
49
58
112
90
76
13
0
30
40
13
3
30
30
46
198
578
965
1280
1671
1827
1378
821
593
579
550
379
311
316
275
230
196
179
201
229
251
259
222
194
188
236
134
95
276
464
571
721
729
656
565
451
878
1133
1197
995
662
1133
1609
1637
1468
957
1859
2348
2375
2149
1408
876
1768
2118
1989
1503
684
1154
1651
1527
1303
566
931
1016
592
395
359
117
372
456
450
390
337
274
354
421
373
365
352
335
269
203
131
89
36
56
172
296
319
333
317
216
144
101
39
56
60
122
252
448
500
461
296
167
205
165
108
91
180
173
155
268
415
473
392
209
220
337
280
163
155
256
310
285
189
171
235
177
109
91
37
10
28
26
42
48
45
5
9
25
8
14
48
105
340
798
1393
2090
2695
3167
3649
4040
4317
4597
4869
5055
5194
5024
4851
4803
4750
4505
4332
4093
3822
3319
2711
2070
1437
1161
696
606
1346
2486
3446
4177
4600
4923
5199
5237
5479
6057
6648
6634
5712
4940
4473
4076
3650
3234
2789
2605
2186
1910
1615
1021
679
547
586
663
671
558
553
581
473
234
246
409
484
350
142
88
108
125
109
98
63
93
140
127
51
28
29
19
40
56
46
31
23
9
