18099
476
600
572
451
316
239
315
444
561
704
795
999
1181
1413
1628
1793
1951
2022
2191
2416
2644
2650
2588
2450
2228
2134
1977
1803
1679
1554
1444
1375
1304
1234
1144
1091
1060
1036
980
936
921
858
741
606
540
452
462
452
545
525
391
173
107
63
36
25
20
25
42
33
44
80
197
265
115
166
351
241
123
129
246
387
653
996
1159
1172
926
1116
1486
1368
2153
2535
2171
1539
1714
1823
2172
2353
2448
2409
2305
2292
2357
2546
2590
2572
2599
2237
1763
1315
1035
785
935
1069
1074
911
724
584
487
411
388
381
412
421
459
463
452
493
472
555
550
589
504
484
522
552
516
536
653
721
812
899
943
784
519
248
97
39
57
95
156
186
186
153
123
143
214
196
124
189
231
354
490
667
797
876
988
1131
1439
1723
1812
1659
1273
752
205
101
232
457
543
486
468
668
765
858
992
1242
1351
1256
943
513
354
389
266
126
431
1000
1435
1572
1366
940
431
480
737
1130
1375
1286
769
699
1324
1452
1132
607
469
904
1103
972
683
644
785
613
333
349
847
1182
1182
755
610
615
649
749
734
598
297
252
303
351
291
191
197
248
234
390
598
594
612
675
880
1124
1225
1392
1460
1614
1818
2146
2655
3056
3394
3493
3219
3036
3225
3799
4412
4752
5004
4491
3722
3200
2871
2461
2394
2436
2394
2263
2352
2257
1976
1996
2321
2532
2653
2480
2572
2801
3026
3174
3107
2901
2709
2308
1709
2376
2538
2683
2962
3251
3159
2947
2495
1976
1669
1907
2057
1960
1828
2060
2392
2505
2625
2782
2760
2773
2612
2463
2160
2093
2040
2181
2510
2557
2371
2411
2581
2843
2865
2861
2754
2636
2296
1848
1456
1326
1395
1594
1574
1306
990
808
1277
1582
1713
1707
1600
1502
1228
1139
1058
1182
1340
1456
1450
1366
1600
1506
1205
1372
2134
2871
3295
3182
2990
2761
3820
4391
4442
4443
4065
3849
3386
2732
2001
1372
962
1135
1358
1510
1388
1153
1224
909
1021
1121
1054
1005
951
981
1390
1607
1903
2750
3509
4066
4501
5148
5295
4546
3520
2220
1415
1512
1445
1214
825
756
977
1286
1534
1874
2089
2074
1925
1679
1480
1423
1359
1283
1213
1080
987
1014
1112
1068
924
740
517
373
339
297
268
271
338
398
474
545
568
672
861
820
614
464
448
569
613
529
402
364
355
350
303
238
268
333
342
289
277
253
227
207
150
136
119
121
110
76
50
76
78
61
19
17
21
21
33
51
82
127
211
246
249
194
120
81
42
25
27
43
53
81
87
48
16
19
32
33
22
6
1
0
3
26
141
269
346
527
709
1036
1562
1828
1731
2167
1593
1725
1554
1129
415
212
548
738
769
642
493
389
331
229
97
62
74
133
389
675
1048
1245
1452
1515
1426
1483
1635
1661
1416
1029
888
897
970
900
1052
1087
1117
1139
1169
1218
1241
1158
1054
819
545
569
544
428
282
219
261
319
347
338
361
335
310
274
170
245
384
537
703
985
1180
1156
1068
961
825
803
830
847
858
910
1028
1448
1871
2204
2545
3164
3773
4275
4933
5426
5602
5615
5451
5106
4516
3798
3276
3025
2761
2243
1667
1530
1364
1608
1915
1431
1029
1223
1256
1694
1711
1214
709
940
1211
1335
1334
1503
1434
1129
1908
2345
2697
2416
1570
1122
1099
1132
1058
1193
1408
1254
797
1179
1234
1265
751
705
708
670
764
933
1094
1106
1099
933
581
305
213
217
201
154
238
388
564
649
679
684
595
531
518
561
622
758
936
1260
1320
1405
1457
1521
1542
1567
1546
1282
1447
1817
1888
2226
2153
1883
1317
1067
1265
1782
1735
1426
1065
914
1178
1471
1570
1449
1408
1361
1347
1516
1678
1780
1718
1527
1303
1295
1415
1366
1176
877
679
725
670
606
576
383
239
280
281
235
244
254
202
231
293
334
404
476
544
571
550
618
700
943
946
767
591
625
798
681
392
808
963
901
701
605
651
685
506
468
518
562
403
239
292
469
655
672
610
470
334
258
232
246
334
429
453
448
468
473
489
535
580
598
653
698
715
725
701
692
677
585
509
430
416
355
234
148
96
57
32
91
197
372
582
648
696
786
863
859
904
932
928
905
864
796
727
662
599
547
481
435
359
302
237
165
137
118
88
60
55
51
23
21
11
5
1
1
3
2
5
10
23
31
45
42
43
50
66
72
126
264
355
259
249
325
398
435
321
261
491
587
423
298
275
210
188
264
318
179
144
148
120
201
236
205
105
116
152
182
163
174
222
210
196
192
208
225
213
227
231
288
319
341
306
286
275
277
314
307
273
190
130
100
77
39
27
41
92
91
66
44
23
21
21
45
92
134
130
107
134
147
182
241
270
248
189
176
219
255
265
291
323
349
321
412
487
548
591
629
747
828
916
1063
1116
1212
1310
1472
1519
1596
1579
1577
1480
1382
1245
1138
1025
1003
913
804
625
488
429
425
455
458
462
487
382
481
531
529
626
692
795
989
1121
1068
912
812
779
736
737
706
708
692
686
681
654
630
568
566
531
537
545
524
537
548
524
495
428
606
627
520
456
512
589
468
468
485
451
386
345
280
163
17
71
206
282
668
276
203
161
117
119
116
142
149
139
150
198
202
218
164
180
180
207
216
292
377
397
383
363
341
338
342
373
417
400
362
338
299
215
155
100
75
153
158
144
172
256
421
486
511
535
553
644
698
783
901
972
1046
1076
1029
888
781
619
651
617
567
446
387
395
303
208
177
159
146
144
101
70
64
41
27
41
78
112
121
137
134
122
111
153
180
218
195
203
166
152
145
138
120
124
127
104
96
97
108
156
195
208
165
126
81
60
30
13
18
55
87
99
103
77
51
36
17
13
7
8
2
3
5
60
190
303
360
368
411
490
495
331
329
391
371
362
297
216
207
219
221
116
62
100
135
38
93
300
466
488
430
446
596
636
480
360
656
798
697
545
465
662
721
627
410
321
454
425
301
185
258
310
220
61
15
81
72
11
14
77
184
207
227
393
579
664
493
403
467
527
400
184
183
253
251
211
210
254
266
88
74
121
164
170
185
242
260
252
239
230
234
179
88
98
168
217
199
206
251
242
283
254
172
74
27
34
73
94
110
120
132
135
153
195
238
264
287
292
274
232
196
133
74
52
116
254
384
472
460
199
393
554
563
397
306
346
335
389
424
416
337
270
252
274
230
181
180
257
221
206
235
218
278
340
270
164
71
24
1
0
1
16
37
61
82
104
112
93
117
149
216
299
427
495
623
660
716
755
773
852
977
1031
1209
1225
1373
1528
1503
1571
1566
1509
1438
1318
1338
1274
1334
1321
1374
1254
1105
1083
849
606
474
449
345
270
160
148
232
228
314
357
371
333
396
544
713
830
857
907
1064
1106
1161
1226
1316
1416
1494
1518
1541
1541
1554
1481
1433
1324
1107
1007
1074
955
959
970
908
874
832
625
638
571
513
379
205
293
318
315
257
87
284
338
388
209
475
568
620
781
1042
1283
1487
1548
1435
1154
657
278
151
217
219
270
366
459
542
633
691
739
740
724
777
761
719
643
525
484
461
498
452
258
288
180
163
205
202
189
110
24
23
102
108
96
73
73
126
174
229
263
273
233
229
260
229
141
124
150
180
161
121
126
162
145
118
66
54
75
82
62
58
63
79
91
87
63
56
66
140
273
420
541
611
591
545
387
252
168
151
175
154
147
125
103
149
194
246
254
280
297
298
257
185
138
127
175
215
261
192
87
212
549
744
848
815
733
583
294
288
494
1043
627
665
615
582
513
446
430
532
502
481
291
152
90
62
129
378
468
360
191
128
160
170
169
167
164
208
262
249
243
271
379
480
604
717
816
892
980
1039
1014
966
841
564
300
181
177
224
301
369
405
424
354
419
544
549
718
871
1039
1177
1276
1378
1298
1475
1462
1346
1203
1192
1270
1127
962
904
732
548
326
143
37
13
20
104
246
433
618
815
939
1084
1176
1174
1163
1096
1020
942
873
843
807
768
799
750
665
535
509
374
281
285
267
218
168
133
143
91
82
85
47
41
76
131
124
108
105
108
105
142
144
148
136
123
98
115
108
96
97
80
78
106
56
18
9
26
27
24
15
2
0
0
0
1
0
5
10
27
17
26
59
84
85
103
132
144
242
377
441
490
532
508
497
406
301
257
339
474
608
642
659
657
648
625
526
406
274
80
22
14
90
198
242
256
211
114
92
104
155
124
71
83
164
173
140
68
37
27
20
2
2
4
9
8
3
0
0
4
0
3
0
0
0
0
0
2
10
14
13
10
4
0
2
1
1
7
16
23
22
23
29
20
3
3
2
0
0
0
0
0
0
9
17
38
34
48
34
36
24
30
22
19
16
19
24
21
2
4
2
0
1
1
0
1
5
9
11
15
13
31
60
120
167
214
285
329
321
340
319
299
312
267
261
223
187
123
68
46
39
35
43
36
25
41
45
54
53
63
63
63
56
45
30
20
20
15
20
16
33
35
65
92
129
143
174
175
229
273
309
332
323
329
316
306
302
331
311
293
302
271
239
242
243
211
169
137
99
70
52
47
33
16
10
1
0
0
0
0
1
6
16
23
24
29
33
61
85
94
86
92
116
111
107
95
84
65
66
54
43
18
3
1
3
2
1
0
0
0
0
0
0
0
2
16
12
11
14
6
9
6
6
5
0
0
0
0
0
0
0
0
0
0
0
0
2
0
0
0
0
0
0
0
0
0
0
0
0
0
0
0
5
3
5
5
7
6
2
4
8
15
14
10
9
11
10
11
14
7
6
2
4
1
2
0
0
0
0
0
0
0
0
0
0
0
0
0
0
0
0
0
0
0
0
0
39
236
395
493
473
376
188
77
141
308
388
400
377
373
300
246
221
189
127
111
92
70
61
46
55
68
70
57
44
64
109
129
81
87
138
419
175
214
241
241
222
289
370
390
323
338
369
383
396
370
331
351
296
266
221
153
114
54
10
2
0
4
17
39
67
95
145
184
213
274
304
342
444
546
666
808
850
850
705
525
451
398
457
490
486
346
193
134
97
75
28
2
5
19
31
61
127
164
237
314
344
354
364
376
308
273
247
211
162
153
127
111
88
87
67
41
26
11
2
4
2
9
7
19
41
76
76
64
67
59
72
80
88
117
214
276
338
387
360
357
289
238
202
149
131
107
122
139
141
110
102
101
97
108
102
158
266
381
425
424
430
465
490
512
550
407
304
351
410
516
637
663
775
834
884
955
987
797
805
951
1086
1189
1166
1036
1036
1214
1326
1374
1357
1179
1038
757
486
199
225
314
425
592
755
894
908
876
755
619
454
389
332
274
277
258
264
231
217
167
145
127
91
55
60
141
320
418
501
555
697
836
973
880
734
604
507
574
632
850
962
1045
1053
1126
994
830
535
666
758
1234
1433
1369
1227
1326
1512
1591
1697
1824
1682
1469
1225
808
356
303
315
324
315
280
325
358
435
618
792
674
316
392
603
599
316
290
725
1015
917
830
887
811
579
358
559
915
848
628
610
864
621
199
443
737
768
554
198
463
692
697
652
504
431
662
733
568
671
1023
1056
1162
1103
972
883
606
597
715
663
545
449
665
904
741
257
411
712
759
506
491
617
568
273
389
348
347
320
390
496
421
358
296
516
771
753
509
264
208
191
206
186
181
243
481
665
660
422
269
189
126
105
251
339
200
265
401
497
374
248
338
496
564
396
306
381
364
288
493
759
709
490
460
312
98
180
396
481
251
173
348
347
160
28
138
146
122
244
367
406
446
530
627
621
360
401
623
866
792
724
868
963
978
1046
1027
963
838
709
679
699
767
1013
1202
1464
1631
1804
2045
2284
2542
2517
2444
2434
2613
2787
2974
2990
3035
3102
2775
2485
2262
2198
2163
2111
2002
1887
1726
1626
1552
1436
1233
1215
1096
986
912
904
878
797
737
776
738
638
444
322
278
335
356
491
899
750
725
431
608
673
601
530
384
340
486
570
501
566
583
483
344
668
1103
1010
497
522
797
946
1030
888
805
838
1141
1435
1614
1873
2053
2266
2494
2527
2477
2319
2102
1950
1650
1320
853
651
534
606
887
773
473
493
513
407
207
109
113
91
92
137
161
269
282
315
329
347
403
428
475
517
359
187
159
247
467
132
104
80
48
38
21
34
53
136
167
221
267
231
267
353
375
306
244
171
98
35
58
104
145
153
139
119
109
114
114
110
109
105
81
49
44
38
28
26
30
28
26
24
17
9
10
11
7
4
2
0
1
0
0
0
0
0
3
4
12
16
4
0
1
3
5
3
9
8
10
6
2
0
0
3
3
5
6
4
3
0
0
0
0
0
0
0
0
0
0
0
0
0
0
0
0
0
13
7
3
2
1
0
0
0
0
0
0
2
3
3
14
11
12
18
18
21
41
47
53
51
51
58
49
38
26
18
7
0
0
0
0
0
0
0
10
20
41
61
74
57
47
31
19
8
5
2
0
0
0
0
0
1
2
2
5
2
0
9
3
8
5
2
12
48
83
112
167
257
333
423
523
562
727
832
946
1050
1155
1229
1341
1498
1598
1766
1849
1929
2049
2131
2236
2299
2433
2391
2307
2211
2098
2053
2041
1996
1813
1683
1472
1264
1097
1012
937
846
752
621
550
445
393
432
434
361
275
214
269
347
383
295
175
110
87
103
104
95
55
37
31
60
126
180
156
106
42
17
10
7
11
24
14
9
13
33
47
24
7
41
148
247
302
296
279
335
373
465
567
749
970
1142
1268
1299
1415
1406
1397
1519
1533
1671
1840
1973
2085
2251
2360
2508
2690
2742
2918
2993
3053
3101
3093
2960
2693
2566
2483
2427
2257
1882
1632
1572
1474
1232
984
838
794
789
775
704
635
589
511
446
360
301
237
189
162
222
279
365
256
81
201
439
345
226
204
139
47
32
40
28
4
1
0
2
7
21
10
2
0
0
0
0
0
0
6
16
29
24
15
12
2
3
2
6
12
10
7
5
0
0
0
0
0
0
0
0
1
0
1
0
3
11
8
14
22
32
47
59
60
64
50
36
33
43
29
29
25
24
31
74
178
296
425
516
514
460
332
213
128
72
52
42
24
11
1
1
0
0
0
1
7
6
2
7
6
4
8
34
31
24
7
1
1
0
0
0
0
0
0
0
0
0
5
16
16
18
19
17
32
50
93
132
130
137
133
116
100
72
40
14
11
10
9
12
7
4
5
5
5
3
3
1
0
0
0
0
7
98
178
103
14
1
45
52
8
0
3
6
9
8
3
1
6
9
7
9
2
0
0
1
0
0
0
0
0
0
0
0
1
1
2
0
0
0
0
0
0
0
3
0
0
0
0
0
2
5
5
4
6
3
3
1
0
0
0
0
0
0
0
0
0
0
0
3
0
1
3
3
2
1
0
0
0
0
0
0
0
0
0
0
0
0
0
0
0
0
0
1
0
0
0
0
0
0
0
0
0
0
0
0
0
0
0
0
0
0
0
0
0
10
5
0
0
0
0
0
0
0
0
0
0
0
0
0
0
0
0
0
0
0
0
0
0
0
22
136
229
276
233
146
114
70
25
14
6
3
6
4
5
2
0
0
0
1
1
0
3
3
9
15
32
42
48
58
56
46
35
26
17
10
4
1
0
0
0
0
0
1
1
0
0
1
35
140
281
457
570
673
736
733
672
561
357
210
231
351
434
460
441
457
519
596
583
522
309
82
43
84
102
41
28
29
40
26
41
34
20
23
33
8
6
85
170
160
74
40
39
22
10
18
58
44
17
35
27
24
8
23
98
94
35
12
35
54
28
44
59
115
40
18
126
154
137
56
6
57
130
35
200
558
725
829
784
662
379
172
298
509
542
590
530
474
361
240
215
303
481
542
492
533
696
889
963
1020
1239
1477
1703
1781
1891
2084
2282
2525
2736
2905
3135
3265
3436
3441
3460
3498
3505
3485
3339
3281
3102
2906
2642
2389
2067
1856
1553
1288
978
780
634
572
539
530
635
653
630
620
566
474
438
459
558
653
676
705
720
736
653
483
386
421
453
426
391
347
286
236
152
193
211
234
273
356
409
435
557
612
611
665
688
721
796
943
1170
1136
987
1097
1288
1368
1405
1375
1428
1474
1468
1558
1629
1734
1882
1904
1946
2175
2149
2322
2281
2066
1842
1757
1707
1598
1454
1401
1310
1234
1165
1064
1021
976
916
868
775
677
646
593
579
590
491
295
295
338
187
153
339
575
756
735
626
639
532
492
492
500
413
277
277
294
313
279
307
308
382
420
601
620
556
379
391
506
577
725
822
977
1082
1152
1184
1179
1105
1026
885
777
673
688
514
348
306
309
239
161
209
315
308
368
447
520
539
544
706
867
984
1094
1172
1367
1387
1330
1343
1389
1354
1297
1186
1048
810
724
734
660
622
589
551
554
462
445
486
488
1236
1555
1883
2277
2972
3620
3740
3833
3749
3208
2694
2220
1834
1905
2072
2215
2329
2428
2581
2791
2919
3033
3225
3257
3390
3443
3439
3261
3080
2999
2893
2864
2828
2725
2607
2364
2324
2196
2044
2245
1999
1813
1679
1505
1445
1323
1279
1105
873
766
774
684
903
365
405
488
519
446
594
613
635
556
376
349
453
612
706
628
409
482
574
617
630
547
450
432
425
353
216
190
199
229
196
204
227
232
282
378
563
843
1110
1324
1498
1505
1488
1256
1180
1128
1028
954
952
1016
1010
1116
1124
1036
1010
1091
1511
1952
2225
2237
2340
2352
2308
2224
2121
2036
1903
1879
1889
1921
1958
1989
2170
2292
2416
2522
2606
2660
2568
2428
2110
1789
1483
1341
1358
1333
1353
1208
1103
945
845
758
732
756
747
805
908
953
786
718
915
847
644
495
374
367
405
544
617
720
791
803
908
1049
1219
1340
1420
1434
1418
1413
1369
1289
1199
1194
1209
1236
1199
1263
1355
1546
1714
1706
1693
1642
1626
1719
1643
1357
1195
1477
1574
1716
1812
1737
1413
1055
1059
656
436
551
691
772
836
972
1061
1058
994
898
880
854
891
838
898
959
977
926
752
584
573
596
697
708
756
876
1008
1084
1044
1034
1138
1467
1639
1730
1621
1376
1269
1143
1068
1034
952
822
652
666
730
820
886
854
884
862
821
777
725
815
924
943
1002
1034
986
1047
1126
1373
1569
1912
1887
1647
1267
992
1126
637
627
804
865
748
518
426
387
345
345
317
219
161
238
291
337
359
403
276
216
385
530
676
838
959
1024
912
912
1038
1146
1051
991
853
695
717
816
799
663
511
503
511
491
403
460
583
589
568
505
426
454
489
537
521
458
599
741
735
725
695
736
763
794
742
663
585
523
494
458
664
1159
1598
1687
1416
812
719
1060
1152
1125
1168
1082
1204
1240
1315
1252
1138
938
998
1058
1233
1467
1621
1670
1316
896
1163
1230
1055
1007
1023
1029
1065
1208
1209
1281
1142
1151
1120
971
813
672
633
708
761
733
750
748
709
838
1127
1248
1549
1690
1507
1071
751
1080
1197
848
1023
1539
1594
1311
1128
1280
1616
1511
1066
1806
2014
1892
1506
1074
951
890
918
948
947
1054
1285
1455
1480
1388
1494
1772
1941
2081
1996
1752
1213
907
1402
1451
1196
1115
1107
1119
1116
1169
1220
1327
1425
1615
1795
1886
1727
1126
1156
2052
2314
1940
969
671
727
606
527
617
612
539
374
181
113
105
281
543
739
936
1017
1168
1265
1351
1342
1227
1270
1585
1760
1788
1743
1539
1341
1370
1326
1246
1583
1926
1987
1807
1514
1445
1366
1163
779
844
885
853
757
597
598
610
558
510
500
473
446
475
546
571
640
670
624
628
631
654
701
748
733
748
703
636
594
590
557
539
470
341
213
197
182
206
306
392
409
378
402
622
846
917
894
669
345
218
303
275
253
224
277
317
283
293
258
249
344
417
456
737
392
765
1021
1115
1044
848
742
592
452
369
277
296
295
455
626
923
1204
1556
2226
2827
3755
3884
3422
2892
2315
1382
1093
1421
1511
1036
1100
1608
1842
1842
1720
1477
1303
1329
1631
1928
2242
2072
1407
1342
1363
1186
712
712
623
899
1708
2152
2244
1901
1643
1698
2156
2588
2693
2697
2339
2136
2370
2487
2831
3315
3695
3550
3511
3588
3591
3558
3460
3257
3056
3196
3402
3689
3974
4007
4272
4439
4745
4653
3900
3268
3021
2561
1928
1716
1560
1224
798
773
818
841
856
1188
1420
1684
1856
2218
2520
2770
2698
2678
2781
2950
3174
3424
3406
3224
2768
2289
2155
2156
2245
2519
3179
3323
3298
2958
2688
2441
2339
2334
2277
2094
1976
2189
2470
2754
2973
3414
3810
3833
3691
3711
3819
4157
4394
4765
5010
5063
4635
3727
2932
2257
1785
1613
1356
1069
848
972
1151
1173
1496
1643
1521
1389
1121
1402
2012
2622
3045
3452
3826
4008
3886
3365
3132
2987
2790
2454
2374
2391
2335
2037
1502
1439
1468
1160
843
759
953
1337
1338
1279
1085
1051
1135
1294
1393
1493
1557
1648
1819
2051
2244
2462
2612
2440
2156
1999
1530
1541
2028
2452
2682
2790
2668
2118
2216
2569
2569
2468
2225
2173
2181
2232
2330
2389
2548
2843
3127
3177
3111
2856
2315
1848
1432
1098
790
600
753
664
369
506
657
748
839
908
885
882
980
1077
1143
1106
977
923
1073
1163
1016
805
705
539
490
481
695
782
652
453
470
424
350
387
521
553
540
527
449
367
464
628
667
638
732
939
1246
1452
1617
1557
1402
1418
1768
2209
2550
2483
2013
1959
1709
1967
2798
3012
2788
2290
2233
2298
2272
2145
1750
1448
1066
1275
1631
1311
1034
1020
960
646
639
645
329
681
840
867
669
439
472
711
1224
1471
1190
495
671
500
844
1350
1534
889
622
848
737
863
939
981
823
508
543
469
585
648
634
480
388
368
363
373
476
581
665
723
690
757
1182
1593
1905
2006
1938
1688
1588
1598
1842
2164
2619
2381
1915
1461
1080
1083
1063
1110
1134
1294
1213
1063
1232
1391
1494
1331
1116
974
1322
1712
1955
1820
1442
1133
966
1060
1315
1779
1903
1783
1430
989
547
512
591
550
353
371
529
712
783
776
1077
1490
1754
1961
2073
1932
1866
1731
1310
1254
1361
1557
1587
1429
1120
1227
1465
1769
2038
2215
2267
2284
2014
1498
1431
1428
1441
1360
1105
746
763
824
799
842
991
1057
1156
1129
1073
1092
1194
1276
1297
1325
1234
1166
1044
982
879
866
1189
1609
2134
2661
3158
3243
2799
2026
2045
2183
2010
1829
1749
1728
1579
1205
1006
1330
1386
1204
1149
1126
1109
1182
2170
2878
3024
2850
2765
2393
1887
1234
752
1143
1695
2400
3175
3474
3299
2839
2069
1040
1233
2817
2585
2721
2602
2172
1852
1854
2025
1874
1829
1717
1682
1744
1680
1476
1189
1016
1123
1588
2179
2320
2317
2442
2362
2325
2223
2084
1931
1682
1406
1424
1353
1091
920
1128
1275
1406
1442
1375
1285
1349
1550
1671
1553
1517
1369
1267
1115
873
699
820
902
876
858
795
661
613
669
651
535
428
425
541
718
945
1282
1603
1942
2144
2231
2201
2145
2185
2256
2224
2101
1880
1695
1642
1836
2073
2345
2365
2158
1962
1733
1428
1272
1097
1016
900
700
652
634
593
622
704
730
738
798
787
721
545
450
506
493
449
437
533
677
751
789
749
708
610
563
492
554
610
716
755
839
890
959
884
764
613
428
300
324
413
522
668
807
929
1033
1161
1368
1522
1651
1764
1873
1969
1996
1929
1899
1747
1615
1499
1416
1358
1246
958
585
517
554
713
894
876
806
702
690
930
1372
1636
1782
1892
1835
1622
1453
1274
1101
935
770
731
790
789
741
631
557
568
618
715
690
663
618
594
726
856
1052
1197
1484
2161
2812
3578
4572
5157
5022
4440
4159
3678
3299
2811
2520
2072
1674
1891
2604
2928
2856
2690
2096
1604
1677
1651
1731
1885
2253
2621
2761
2596
2244
2101
2037
2374
2973
3251
3312
3260
2979
2523
2034
1461
972
979
1266
1578
1804
2218
2434
2591
2798
2992
3057
2755
1972
1336
954
1117
1098
1247
1572
1652
1560
1292
1262
1105
985
929
801
736
732
702
874
1188
1437
1562
1669
1609
1918
2199
2183
2046
1929
1911
1696
1587
1597
1704
1969
2279
2799
3116
3084
2946
2750
2504
2379
2291
2294
2096
1894
1775
1728
1868
2047
2324
2331
2383
2121
1992
1718
1576
1390
1383
1268
1217
1135
918
724
603
499
502
638
776
972
1111
1149
1212
1417
1648
2030
2198
2217
2264
2214
2066
1968
1772
1730
1642
1771
2118
2253
2205
2071
1826
1810
2037
2166
2134
2053
2007
1879
1771
1695
1620
1436
1316
1170
1023
936
854
846
813
769
701
617
654
680
702
605
504
870
1321
1847
2345
2839
3166
3177
3428
3729
3647
3119
2695
3055
2819
1980
1481
1566
1593
1946
2115
2114
2138
2407
2380
2154
1654
1785
2131
2317
2333
2289
2174
1977
1731
1384
1068
869
1032
1405
1776
2088
2102
2099
2144
2029
1876
1559
1146
933
877
811
832
967
1077
1033
973
1182
1320
1392
1515
1719
1767
1600
1382
1443
1394
1069
1024
1294
1687
1490
1073
868
932
773
754
841
983
978
1103
1808
2222
2252
2036
1688
1386
1241
1080
1059
1430
1840
2141
2286
2238
2146
2046
1981
1829
1740
1605
1450
1320
1232
1235
1135
895
652
643
801
1037
1360
1645
1809
1858
1701
1703
2120
2365
2305
2154
1689
1366
1290
1167
1097
855
666
475
308
384
549
936
1368
1592
1796
1789
1536
2021
1196
1179
1121
1004
926
949
1043
1206
1606
1633
1172
972
942
787
1062
1299
1302
1155
1129
1082
1187
958
732
649
588
583
522
474
626
463
376
428
127
266
302
94
104
290
369
414
423
487
588
646
736
879
1035
1169
1210
1425
1358
1261
1248
1133
911
728
737
852
1007
1086
926
554
626
681
674
577
355
182
373
430
368
216
171
216
208
153
53
29
59
93
145
226
284
259
182
103
188
409
662
841
918
892
1116
1423
1751
2091
2188
1932
1848
1932
2101
2150
2268
2202
2123
2058
1808
1489
1343
1460
1847
1908
1676
1401
1183
1159
998
920
944
817
725
721
603
388
281
289
348
422
447
368
324
355
410
512
504
489
449
242
377
793
1159
1152
829
462
903
1095
823
1126
942
896
768
616
662
932
1567
1693
997
829
560
637
652
608
578
558
415
725
1186
1169
775
1153
1021
773
1023
1176
1093
1186
1646
2101
2567
2661
2744
2467
2111
1800
1699
1371
910
766
723
625
491
405
370
452
609
840
1066
1233
1361
1471
1548
1471
1316
1422
1621
1789
1568
1072
1586
2193
2738
3136
3270
3347
3432
3211
2864
2416
1996
1885
1608
1341
1245
1278
1285
1411
1725
1809
1634
1286
975
1141
1412
1519
1486
1656
2273
2886
3297
3346
3167
3254
3008
2452
1986
1942
2164
2913
3447
3938
4240
4210
3911
3410
2545
1898
1572
1467
1892
2283
2488
2244
2192
2242
2438
2384
2516
2547
2353
1812
1963
2080
1848
1790
1591
1083
1520
1591
1575
1558
1400
1135
1190
1220
1155
1115
1041
1153
1266
1365
1654
1762
1738
1654
1589
1618
1608
1470
1363
1233
1102
1110
1071
1019
1128
967
1319
1423
1729
1692
1539
1371
1338
1219
1126
764
420
456
649
775
887
1021
956
920
965
1020
1014
997
594
781
908
828
829
1179
956
401
448
399
420
333
173
148
164
486
942
1095
1032
1021
972
884
603
534
608
919
1367
1490
1305
949
790
679
768
829
832
608
297
216
313
452
481
405
429
441
481
548
449
363
311
258
253
317
414
642
1071
1516
2040
2385
2589
2396
2101
1485
1509
1635
1800
2003
2386
2534
2619
2311
2230
2061
2144
2275
2362
2716
3178
4100
4640
4596
4178
2954
2419
2831
3481
4109
4496
4946
5273
5589
5833
5728
5434
4942
4222
3858
2986
1949
1610
2368
3944
5572
6741
6933
5544
3612
1452
545
1238
1640
1799
1632
889
1458
2492
3213
3257
2998
2961
2955
3364
3818
4222
4710
4655
4309
3464
1939
829
1206
1739
1747
1884
1975
2481
3329
4395
4872
4741
4148
3648
3368
3433
4064
4930
5689
6268
7054
7457
7422
7321
6852
5936
4856
4208
4383
4413
4611
4499
4573
4500
4248
3794
3364
2898
2604
3451
4217
4433
3997
3351
3857
2252
2460
3346
4382
5035
4829
4486
4288
4213
4200
4361
4467
4328
5227
5768
5648
5076
4027
4448
4939
4843
4603
4288
3616
3003
2403
2073
2065
2294
2899
3536
4291
5108
5765
5960
6079
6228
6189
5815
5077
4138
3648
3456
3472
3366
3468
3777
3868
4124
4086
3615
2807
2254
2201
2288
2603
2882
2739
2386
2599
3018
2659
2465
2213
2271
2879
3126
3192
2840
2184
908
1839
2560
2603
2226
1758
1715
1639
1714
1981
2029
1815
1664
1945
1787
1662
2140
2043
1703
1796
1264
1884
2409
2660
2731
2675
2587
2576
2635
2885
2956
2943
2736
2337
2241
2239
2170
2053
1898
1606
1256
1069
926
841
795
674
497
488
409
431
583
639
670
649
645
744
936
998
1017
908
794
804
790
666
511
332
222
252
279
362
434
437
389
293
182
113
70
74
71
61
34
41
43
51
39
46
30
19
37
48
35
31
40
46
62
101
98
114
117
162
147
159
185
231
214
227
222
189
174
148
217
381
525
607
625
676
661
722
853
962
955
806
767
799
844
824
761
734
719
740
798
889
993
1148
1280
1384
1402
1548
2016
2662
2610
1796
1238
1167
1187
1176
1045
844
754
670
659
635
624
585
595
603
540
502
747
910
719
501
728
830
857
622
380
230
275
407
495
580
640
619
532
516
545
502
535
603
658
635
580
559
541
533
487
477
437
349
290
307
447
592
717
782
806
551
441
607
699
702
702
689
611
510
564
629
734
843
1037
1254
1328
1264
1420
1356
1263
1396
1471
1460
1321
1278
1295
1250
1188
1074
948
1006
1037
1141
1326
1446
1426
1420
1269
954
602
479
693
720
729
723
706
728
817
893
874
765
727
735
703
650
566
519
550
521
427
312
229
237
237
261
309
437
481
506
543
561
564
576
555
675
975
1175
1299
1496
1435
1223
1050
880
1035
1024
1012
1194
1368
1254
1536
1669
1413
824
1186
834
570
777
465
390
462
252
329
470
407
204
173
357
324
180
344
397
362
285
210
187
249
268
253
445
591
427
205
394
380
389
599
881
1053
1039
1028
1079
981
941
740
1016
1256
1352
1423
1434
1400
1136
1384
1327
1129
1123
990
1151
1173
1231
1073
817
1248
656
618
611
997
989
620
677
841
1067
793
1071
888
1327
1794
2209
2802
3323
3678
3748
3484
3127
2669
2670
2529
2276
2046
1806
1488
1707
2060
2259
2507
2674
2710
2606
2487
2358
2328
2322
2210
1986
1635
1386
1067
626
318
229
263
453
639
912
1245
1227
1186
1351
1463
1321
1230
1190
1040
1045
1184
1193
1229
1150
1173
1111
1076
1107
1051
1100
1194
1198
1083
949
930
849
781
704
541
502
343
346
255
234
213
158
121
148
182
232
264
335
405
494
658
790
831
736
800
881
1080
1217
960
833
609
553
505
486
466
424
433
418
439
507
529
519
521
461
449
420
410
406
453
545
710
754
853
819
800
699
580
590
691
773
695
816
1151
1363
1213
1049
964
880
762
698
869
950
887
972
1060
1213
1374
1554
1695
1895
1859
2015
2214
1787
1309
1160
1354
1432
1610
1791
1763
1554
1378
1539
1545
1251
1149
1272
1213
1497
1719
1794
2067
2985
3829
3881
3876
4174
4197
3493
2738
2413
2140
2276
2547
2666
2651
2914
3068
2792
2098
1495
1636
1298
920
650
466
497
479
772
1039
1092
1389
1350
1177
915
588
523
487
319
685
781
872
981
1061
1151
1248
1422
1062
1125
1020
1176
1109
992
897
811
999
1261
1309
1247
998
875
1012
969
837
891
810
760
613
744
841
980
1007
823
931
939
711
570
742
799
573
417
727
732
638
605
623
754
775
683
571
613
711
726
658
606
497
392
265
403
439
364
396
547
556
464
476
355
311
425
535
545
326
203
631
1714
2422
2117
1680
1696
1346
1127
1160
1011
759
464
409
318
613
984
1078
1079
935
814
808
659
647
951
941
829
1028
1307
1452
1490
1725
1910
2089
1917
1666
1417
1292
951
916
1262
1300
988
549
969
1172
934
1049
1391
1501
1467
1677
2259
2658
2717
2571
2163
1712
1680
1932
2252
2449
2568
2616
2591
2752
2899
2865
3013
3203
3569
4383
4819
4915
4548
4180
3801
2826
2264
2143
2577
2854
2480
2063
1764
1875
1602
1307
1664
2627
3631
4250
4475
4284
3936
3482
3096
2716
2175
2639
3066
2969
2252
2159
2603
2765
2556
2015
1243
2427
3379
3985
3995
3493
2476
1544
1165
1476
1909
2195
2472
2918
3474
4522
5207
5256
4971
4429
3644
2580
1415
898
1133
1508
1694
1531
1279
2196
2738
3873
4564
5019
4427
3972
3359
2095
529
978
1667
2293
2935
3594
4271
5007
5545
5571
4937
3949
2589
1416
1601
2417
3710
4923
5661
5510
4979
4213
3185
2311
1593
1287
912
810
1162
1511
1957
2372
2544
2310
2300
2806
3321
3757
4046
4452
4704
4813
4604
4045
3553
3056
2699
2256
1940
1556
1562
1687
1619
1549
1717
1903
2268
2518
2629
2796
3425
3744
3558
3752
3980
3868
3514
3471
3552
3723
3738
3940
4018
3788
3561
3598
3861
4136
4139
3990
3848
3198
2999
3009
2915
3372
3424
3321
2990
2569
2150
1877
2060
2255
1968
1084
1667
1605
1242
1659
2356
3323
3640
3040
2715
3124
3561
3809
3401
3904
4480
4654
4930
5315
5005
4885
5417
5652
5779
5655
5045
4814
4338
4301
4725
5040
4857
3870
3692
3152
2590
2650
2801
2902
2772
2910
2901
2525
2154
2631
3034
3223
2735
1817
1932
2300
3754
2484
2160
2039
2064
2004
1864
1653
1681
1734
1854
2040
2478
2609
2236
2374
2437
2369
2639
2897
3144
3334
3316
3119
3573
3650
3659
3602
3550
3590
3403
3280
3103
2795
3062
3719
4022
4235
4684
4460
4406
4045
3726
4019
4676
4838
5426
6357
7115
7294
7107
6680
5767
4615
3709
3174
3143
3479
3695
3807
3850
3720
3585
3031
2633
2743
2898
3276
2885
2210
2224
1951
2237
2959
3897
4252
5103
6569
7626
8907
9489
9490
9023
7820
6897
5660
4269
4544
4745
4839
4331
4603
4609
4454
3989
3288
2612
2022
1844
1698
1420
1467
1812
1959
1773
1219
1097
1419
1573
1620
1778
1696
1672
1559
1955
2125
2094
2019
1916
1730
1535
1427
1330
1447
1598
1647
1699
1648
1565
1412
1177
1030
1491
1583
1576
1492
1398
1359
1328
1281
1230
1282
1309
1314
1274
1257
1335
1285
1422
1225
982
800
588
400
491
648
799
1034
1439
1713
1719
1513
1513
1365
1011
756
791
804
845
749
626
591
628
751
786
787
819
879
1015
1269
1468
1553
1415
1371
1413
1374
1482
1496
1579
1666
1850
2181
2348
2171
2025
2484
3076
3027
2521
1864
2177
2214
2112
2022
1861
1650
1426
1390
1608
1861
2037
1738
1243
812
782
1142
1061
1045
2154
2703
2427
1493
2101
2761
2680
2619
3609
4031
3904
3251
2958
3077
3394
4134
5147
5267
4523
3172
3662
3742
3511
3673
3755
3354
2813
3046
3880
4147
4493
4603
4420
4446
4503
4394
4166
4262
4433
4515
4785
5298
5564
5418
4716
3852
3173
3244
3386
3315
3324
3770
4415
4703
4221
3733
3670
3779
3396
3045
2347
1534
1519
1459
1133
773
727
1181
1658
2126
2498
2474
2482
2822
3109
3393
3505
3391
3258
3240
3140
3223
3388
3710
3983
4125
3941
3306
2825
2419
2182
2300
2959
3601
4178
4520
4285
3723
3019
2105
1804
1867
1942
1896
1999
2030
1941
1792
1986
2429
3454
4235
5079
5929
6801
7387
7214
7132
7309
7226
6306
3863
2107
1444
2080
2483
2431
2400
2397
2993
3650
4008
4173
4146
4155
4094
4156
4057
4099
4133
4106
4088
4152
3723
2969
2959
2439
2244
2352
1930
855
1127
1925
2089
2214
2506
2701
3100
3326
3344
3201
2955
3093
3501
3450
3451
3302
2948
2969
2847
2108
1590
1230
2518
2516
1890
942
1741
2084
2109
1823
1086
1531
2052
2419
2347
2486
2493
2326
2128
1412
1543
2198
2630
2549
2447
2369
3095
3637
4428
4560
4383
4245
4341
4313
4362
4477
3984
3048
2550
2228
2093
2181
2370
2779
3307
3792
4190
4557
4576
4213
4430
5072
5090
4791
4053
3544
3543
3234
2790
2638
2952
3013
2741
2375
1884
1767
2279
2713
3214
3373
3484
3377
3191
2768
1937
1091
1226
1477
1387
1496
1588
1833
2039
2490
2682
2848
3018
3343
3199
3161
2972
2564
2292
1622
1278
1589
2030
2418
2504
2337
2434
2580
2715
2788
2689
2479
2338
2558
2815
2956
3052
4255
2516
2321
2446
2881
3363
3687
3939
3956
3809
3692
3422
2617
2210
2144
2011
1750
2013
2333
2700
2291
1468
1442
1440
1504
1475
1114
1023
954
811
580
358
138
370
623
878
1058
1207
1121
1071
801
741
761
716
659
643
517
342
275
478
892
1247
1435
1517
1641
1799
1997
2314
2405
2518
2481
2207
1859
1490
1350
1315
1045
866
931
1051
1190
1246
981
1089
1088
849
675
689
622
430
594
761
804
846
1113
1265
1046
941
1088
831
839
1395
1929
1941
1765
1392
1524
2530
2685
2023
1736
2370
2363
2290
2219
3016
3569
3589
2825
2242
2175
2551
2474
2392
2657
2884
2798
1972
1093
1179
1579
2132
2538
2574
2299
1933
2040
1975
2019
1681
1254
503
1083
1322
1576
1697
2181
2592
2933
2795
2583
2316
2056
1533
953
415
368
420
331
309
243
264
273
300
287
254
233
221
243
363
395
377
328
362
353
380
405
377
320
272
272
448
748
923
1033
1104
1094
888
603
498
370
415
582
721
798
724
473
366
454
556
632
666
626
467
341
271
252
301
329
232
224
195
189
245
239
154
67
333
577
500
261
407
509
557
687
875
1094
1342
1651
2199
2686
2704
2633
2293
1994
1944
1493
982
1136
1210
1360
1686
1924
2187
2163
1895
1768
1610
1350
1259
901
418
475
602
654
817
1081
1235
1248
1173
972
922
856
759
661
633
498
410
391
442
587
632
559
463
532
780
975
1223
1158
1046
1263
1517
2018
2448
2489
2238
1961
1767
1141
1305
1569
1335
773
735
745
587
455
944
1596
2125
2186
1777
1706
1984
2216
2239
2041
1856
1533
1114
613
250
940
1602
2115
2486
2306
2154
2204
2349
2528
2431
2120
1670
1174
791
720
1284
1595
1923
2366
2541
2732
2700
2484
2221
2113
1988
1987
2344
2687
3046
3547
4042
3999
3235
2613
1588
1483
1545
1665
1691
1849
1801
1867
1911
1842
1857
1767
1734
1698
1746
1960
2207
2542
2752
2903
3089
3419
3653
3789
3870
3824
3665
3526
3296
3027
2798
2693
2510
2389
2267
2185
2141
2142
1936
1672
1546
1576
1657
1652
1539
1278
928
424
314
349
595
991
1344
1613
1766
1756
1956
2346
2630
2681
2420
2276
2295
2414
2588
2734
2902
2990
2998
2920
2701
2430
2240
2247
2188
2196
2263
2179
2264
2337
2167
1521
1086
990
895
835
946
1197
1313
1018
1126
974
814
768
801
684
490
491
551
609
565
508
445
406
370
293
348
461
638
708
799
921
1056
1003
952
916
828
812
888
912
797
724
700
546
516
500
1399
356
285
295
215
246
292
423
542
719
875
919
876
747
598
410
275
199
188
189
185
183
235
239
218
157
156
150
74
45
37
76
192
201
181
126
38
73
6
7
27
36
44
49
42
28
11
3
0
0
1
5
8
31
67
71
52
22
19
17
10
4
1
0
4
16
24
25
34
27
86
338
516
660
1013
1321
1448
1561
1616
1850
2217
2428
2512
2218
1785
1710
1569
1501
1297
969
524
290
200
246
152
142
175
203
169
170
173
179
224
217
156
98
55
64
77
70
56
48
57
95
102
63
34
23
11
5
31
29
32
34
38
33
23
17
8
38
73
58
75
181
216
219
156
85
34
40
34
4
8
57
91
47
43
72
205
399
511
539
579
668
596
515
413
226
260
344
362
300
280
225
210
216
179
128
55
193
365
464
544
495
386
89
272
520
595
520
400
266
159
48
70
242
459
591
653
617
483
290
340
517
625
582
535
420
188
151
310
468
576
506
355
197
263
362
539
692
701
602
511
413
304
189
60
11
129
311
526
667
617
405
192
151
246
297
342
357
388
409
405
382
355
356
387
342
302
593
778
1065
1137
1493
2236
2544
2491
2274
2180
2103
2345
2595
2756
2995
3492
4146
4890
5286
5614
5418
4735
3941
3323
2958
2649
2248
1792
1375
1459
1533
1659
1529
1040
819
878
1360
1930
1986
1512
1106
884
599
339
182
148
169
161
174
237
290
259
148
57
31
17
19
8
7
35
52
64
74
83
71
100
141
189
222
260
237
163
102
74
84
101
95
73
64
98
87
74
62
19
8
12
26
27
28
34
27
13
3
6
12
13
8
8
17
17
14
20
16
18
24
19
21
19
6
0
1
1
15
32
16
6
12
14
19
21
12
0
0
0
0
0
0
0
0
4
10
16
22
28
50
84
84
43
48
89
94
43
66
137
155
119
54
66
87
87
115
155
193
163
110
58
33
26
44
13
12
56
93
111
166
193
139
114
105
137
174
147
98
41
7
2
23
41
60
83
106
99
146
216
311
381
463
595
706
842
1049
1138
1345
1447
1528
1690
1842
1929
2052
2191
2300
2365
2516
2654
2771
2806
2689
2552
2407
2224
2039
1850
1602
1409
1268
1188
1113
1005
997
967
1125
1230
1201
1115
1001
991
913
815
748
632
611
573
573
588
565
623
648
646
665
649
607
589
566
593
561
437
471
513
550
463
412
369
338
421
496
515
565
652
836
939
1016
1038
1081
1051
1093
1132
1218
1285
1272
1222
1212
1177
1258
1291
1473
1524
1498
1720
1878
1875
1941
1948
1999
2053
2172
2381
2491
2625
2691
2642
2287
1913
1571
1248
1090
831
626
489
1079
766
719
946
1130
1256
1257
1454
1798
2222
2504
2622
2509
2364
2298
2272
2248
2244
2155
2106
2087
2191
2174
2195
2166
2111
2176
2093
2081
2086
2110
2064
2014
1904
1791
1533
1283
1112
924
798
727
565
513
395
306
242
179
168
205
461
1155
1624
1652
2035
2378
2514
3472
4211
4959
4965
4568
3977
3743
3370
2728
2220
1894
1493
1084
850
728
784
683
592
569
516
392
373
308
187
151
134
96
83
40
13
1
14
23
9
1
2
8
21
35
54
90
75
87
114
117
101
116
157
229
261
262
261
306
380
414
411
443
479
466
598
862
1206
1581
1858
2014
2004
1896
1688
1424
1199
932
735
731
856
947
1009
1061
1093
1057
1118
1062
977
806
771
743
747
647
619
667
698
744
724
660
653
682
749
910
1033
1118
1093
1073
1145
1210
1186
1309
1474
1598
1605
1428
1457
1414
1395
1388
1307
876
1255
1133
926
1098
1240
1136
1180
1289
1362
1294
1278
1582
1884
1840
1591
1917
2359
2407
2014
2150
2331
2416
2485
2541
2687
2917
3070
3120
3111
3041
2959
2778
2365
2093
1981
1974
1799
1668
1537
1527
1333
1121
1049
1106
1084
1212
1247
1218
1196
1113
974
605
330
254
448
684
803
952
1196
980
830
865
777
757
576
419
517
245
364
464
602
644
659
678
711
714
618
484
349
327
303
349
335
286
240
177
148
130
174
233
296
366
410
404
283
216
192
160
162
185
179
167
138
86
82
122
126
99
60
24
69
141
207
237
228
211
215
188
176
174
159
166
158
126
95
68
68
58
61
67
76
70
66
69
75
83
53
32
38
31
36
66
85
94
102
152
154
155
157
130
129
130
133
112
86
82
89
92
99
76
58
42
18
19
28
50
68
69
89
109
113
146
168
215
238
216
222
217
201
173
142
64
25
8
6
7
19
37
78
99
119
135
148
177
226
247
191
120
57
18
6
3
3
4
7
1
2
1
2
13
10
15
21
25
44
50
58
80
131
159
156
206
288
375
291
338
307
160
125
304
389
358
173
513
620
899
960
1014
1189
1300
1381
1538
1428
1398
1192
821
870
808
614
656
625
486
415
439
288
317
489
449
539
680
828
1068
1405
1840
2297
2719
3084
3378
3596
3478
3104
2664
1921
1819
1485
1284
1190
816
1226
1689
1612
1415
1360
1241
1342
1409
1215
736
486
582
616
433
574
750
642
671
960
1157
1234
1215
1006
974
831
479
284
334
183
461
420
219
394
581
476
212
93
66
71
97
203
254
118
47
122
142
131
216
407
439
176
579
174
100
115
174
203
105
27
34
43
98
76
29
19
82
79
56
38
9
14
24
36
66
59
51
55
52
11
24
63
34
13
11
51
30
0
1
32
37
14
9
52
36
32
26
15
6
9
4
1
3
11
32
20
0
22
25
3
14
34
30
26
26
65
123
155
163
140
127
104
92
86
84
95
63
70
50
33
29
18
9
3
4
3
2
2
0
2
0
0
0
0
0
0
0
0
0
0
0
0
0
0
0
0
0
0
0
0
0
0
0
0
1
6
7
6
15
8
17
26
31
32
54
64
69
58
49
41
27
29
21
17
8
4
2
0
0
0
0
0
0
0
0
0
0
0
0
0
0
0
0
0
0
1
0
0
0
3
1
0
0
0
0
0
0
0
0
0
0
0
0
0
1
0
0
0
4
10
24
54
93
175
289
368
443
550
648
786
894
991
1149
1289
1416
1547
1711
1920
2010
2160
2328
2439
2601
2516
2553
2555
2524
2425
2405
2386
2314
2270
2181
2015
1819
1730
1613
1573
1494
1416
1393
1383
1347
1339
1257
1207
1235
1213
1222
1234
1256
1301
1303
1353
1335
1343
1297
1290
1285
1256
1255
1232
1180
1179
1084
1101
993
968
838
736
612
480
307
203
196
234
223
193
211
327
512
751
908
1018
1287
1400
1545
1662
1682
1620
1609
1663
1651
1609
1703
1815
1960
1989
2067
2249
2443
2458
2420
2408
2476
2538
2669
2820
3047
3195
3280
3365
3414
3438
3315
3109
2769
2312
1973
1924
1922
1649
1332
1095
886
800
624
493
376
303
292
269
283
257
246
208
117
67
76
23
22
97
194
227
170
157
167
112
111
94
103
127
147
147
254
342
237
212
267
238
193
148
88
85
129
199
337
382
290
222
162
112
81
46
33
20
27
74
121
104
93
89
62
42
50
87
186
303
443
580
640
707
695
626
448
249
148
80
31
66
81
99
78
76
82
69
49
13
2
0
0
2
14
37
43
89
284
484
690
851
974
1001
851
631
512
412
237
126
70
56
54
43
26
15
10
6
3
1
0
0
0
0
0
0
0
0
0
0
0
0
65
215
214
129
31
6
7
2
0
0
3
6
1
0
2
4
22
64
56
7
0
0
0
0
0
0
0
0
0
0
0
0
0
0
0
0
1
0
0
0
0
0
0
0
0
0
0
0
0
1
1
3
2
1
1
0
0
0
0
0
0
0
0
0
0
0
0
0
0
0
0
0
0
0
0
0
0
0
0
4
0
2
0
0
0
0
0
2
6
14
4
1
1
4
41
207
468
743
1212
1759
1972
1837
1785
2091
2632
2920
2781
2557
2290
2001
1684
1445
1161
918
752
685
608
592
552
488
373
323
292
235
207
231
256
217
142
101
96
130
126
130
116
60
42
200
501
908
1258
1349
1371
1443
1514
1944
2460
2871
3303
3670
3569
3004
2216
1654
1196
673
672
841
847
793
920
1016
977
1085
1074
912
660
449
474
544
479
464
559
652
587
441
486
662
745
788
651
526
333
243
282
195
72
76
74
168
223
278
322
327
300
331
325
285
297
282
250
210
126
109
102
159
296
516
714
858
1002
1117
1156
1083
922
702
544
390
287
333
391
388
377
342
341
333
270
221
180
128
89
119
163
156
116
104
92
47
15
2
1
0
0
1
3
6
7
5
7
4
2
0
10
24
36
49
48
51
55
70
61
31
8
11
11
8
1
0
1
21
58
70
120
258
418
500
458
390
326
147
65
53
110
123
174
222
254
251
224
232
236
241
132
72
63
67
50
51
32
3
2
6
13
38
71
78
150
243
314
270
188
138
301
390
350
388
344
181
182
253
195
82
110
130
62
102
143
121
104
118
85
81
87
78
59
41
21
24
21
8
13
10
3
2
1
9
16
8
22
19
21
9
8
8
6
25
58
32
55
173
269
227
296
325
276
356
428
332
406
422
332
269
255
229
251
290
183
161
183
194
119
86
87
53
41
42
41
38
80
95
117
144
248
292
387
526
636
834
977
1145
1298
1527
1780
2096
2462
2716
2887
3075
6569
3440
3110
2871
2739
2551
2282
1861
1593
1329
1177
1040
888
710
515
359
285
269
285
299
351
360
387
454
493
615
964
1200
1117
991
1154
1214
1023
820
689
501
486
633
751
908
1026
1021
984
1279
1794
1760
1602
1578
1571
1619
1708
1901
2134
2313
2572
2643
2711
2807
2881
3035
3186
3297
2941
2321
1984
1700
1586
1222
786
810
1126
1209
1024
629
229
183
618
879
947
1173
1227
1035
723
670
681
795
976
1015
646
532
649
959
1251
1636
2020
2123
2049
1777
1360
956
750
647
630
474
395
291
145
208
340
426
518
715
918
852
900
1007
1182
1074
875
1171
1443
1142
864
965
980
730
817
825
762
624
710
825
789
635
492
497
589
726
874
1246
1752
2070
2166
2438
2491
2350
2776
3231
3705
4084
4150
4322
4335
4212
4014
3945
3802
3827
3840
3731
3589
3387
3130
2959
4138
2201
1965
1844
1906
1897
1614
1304
1173
1087
1035
930
807
595
413
243
148
171
194
193
155
115
74
58
60
58
56
58
123
194
240
285
365
348
193
117
50
53
116
263
276
196
280
309
345
337
306
490
713
826
787
631
488
275
147
209
287
400
503
560
556
503
419
337
422
546
673
856
931
956
960
1068
1218
1272
1301
1365
1443
1434
1494
1564
1671
1749
1790
1891
1860
1780
1724
1637
1592
1582
1603
1664
1743
1791
1856
1972
2051
2128
2210
2350
2467
2453
2252
2022
1851
1705
1441
1207
867
505
248
114
85
85
73
85
248
328
152
40
19
46
83
118
149
201
245
250
207
206
236
237
183
102
28
78
143
176
132
31
5
13
30
43
61
54
56
40
57
56
67
104
91
99
129
146
143
162
165
168
154
125
109
95
79
54
31
24
11
6
7
4
2
1
0
0
0
0
0
0
0
0
0
0
1
0
0
0
0
0
1
0
1
27
234
383
355
198
33
16
2
8
33
34
17
29
24
86
296
390
316
166
65
130
327
206
33
73
37
4
46
48
37
192
432
569
692
741
747
706
626
415
242
111
58
152
199
129
85
23
39
152
193
200
110
20
59
130
122
251
430
576
683
817
907
877
797
670
511
448
321
177
31
28
137
63
24
45
28
7
21
175
224
95
6
0
0
2
61
124
106
40
4
0
2
4
20
37
28
0
2
7
2
0
0
8
5
1
0
0
0
0
0
0
0
0
2
2
0
1
1
2
3
4
2
4
4
1
2
0
17
32
10
2
0
3
0
0
0
0
0
0
0
1
0
0
0
0
0
0
0
0
0
1
1
6
7
13
7
10
7
15
16
18
12
11
10
5
3
1
1
0
0
0
0
0
0
0
0
0
0
0
0
0
0
0
0
0
0
0
0
0
0
0
0
0
0
0
1
0
0
0
0
0
0
0
0
0
0
0
1
0
0
4
6
17
23
53
61
69
70
39
40
16
12
10
7
15
20
24
22
31
50
70
112
187
232
251
355
434
524
586
699
816
926
1044
1193
1410
1581
1794
1931
2053
2170
2286
2529
2613
2716
2577
2277
2095
1952
1781
1710
1614
1577
1384
1136
1051
976
921
950
901
895
925
904
890
887
935
964
1031
1032
1048
1054
1087
1070
1099
1119
1063
1048
1110
1153
1113
1011
861
705
624
609
691
621
462
383
288
234
391
330
113
118
129
126
98
442
194
225
420
585
579
556
722
1140
1467
1419
1400
1717
1845
1958
1927
1652
1298
1381
1315
1228
1351
1320
1364
1718
1672
1654
1843
1734
1635
1594
1516
1463
1503
1550
1591
1777
1908
1998
2133
2275
2459
2590
2684
2784
2987
3128
2913
2491
2012
1695
1432
1320
1117
932
907
929
873
773
750
734
731
697
717
702
650
649
705
694
674
579
392
261
139
161
270
456
569
661
616
329
199
169
133
26
34
102
129
66
17
25
23
13
44
123
171
447
438
265
82
80
60
38
50
72
84
97
83
90
98
102
118
145
172
226
191
176
172
129
141
137
116
96
81
91
73
46
31
12
7
1
0
0
0
0
0
0
0
0
0
0
1
2
1
5
7
5
4
2
4
2
1
1
3
4
7
6
7
10
24
26
35
47
63
85
96
104
109
115
114
87
43
50
37
51
86
126
159
167
151
153
148
130
141
142
169
207
253
271
288
278
263
264
243
218
275
372
605
776
984
1059
1096
1056
853
730
602
502
484
671
1044
1443
1699
1777
1929
2156
2260
2357
2350
2560
3036
3352
3557
3607
3437
3296
3096
2850
2749
2813
2950
2973
3094
3127
3189
3263
3201
3155
2954
2755
2527
2249
2017
1762
1504
1333
1189
1101
1053
1003
975
1110
1252
1410
1400
1277
1213
1146
1048
1000
806
714
650
685
823
996
1161
1186
991
972
1150
1375
1522
1683
1860
2069
2238
2366
2488
2628
2824
3031
3280
3373
3316
3287
3316
3358
3385
3419
3560
3794
3992
4146
4276
4316
4184
3733
3273
3029
2698
2450
2541
2465
2189
1955
1733
1508
1339
1527
1744
1543
1202
815
868
859
724
594
711
1004
1124
1040
731
523
444
448
505
471
436
344
313
206
108
92
161
344
524
737
914
1115
1224
1148
932
749
578
449
311
265
176
129
131
71
48
110
176
256
428
557
526
415
304
118
93
136
209
281
350
335
202
148
101
77
64
16
0
35
158
140
101
78
94
97
83
93
151
161
108
119
92
59
39
21
5
3
0
0
6
13
10
1
0
0
0
2
0
0
0
0
0
0
0
0
0
0
0
0
5
7
4
8
4
3
0
0
3
0
2
1
1
3
1
0
1
3
0
1
0
0
0
0
0
0
0
0
2
0
7
0
1
0
0
0
0
5
23
115
258
307
368
395
558
770
833
594
337
420
551
527
344
218
193
141
110
69
63
49
46
48
26
9
49
133
183
146
39
24
79
88
50
358
816
1049
1029
876
693
412
281
740
1112
1231
1110
1140
318
336
442
471
355
169
142
613
1069
1239
1204
946
495
227
239
196
173
156
214
203
236
282
309
351
455
615
709
810
851
756
692
602
506
421
309
227
235
314
312
266
194
166
181
178
193
227
268
242
204
191
136
57
98
150
201
276
438
496
438
433
425
425
505
914
670
851
1105
856
555
717
825
850
791
677
557
439
296
202
108
41
43
96
172
250
335
372
393
473
592
729
946
1244
1609
1949
2175
2210
2350
2418
2482
2555
2423
2336
2282
2163
2089
1965
1750
1728
1603
1568
1467
1375
1297
1233
1153
983
821
716
645
633
629
548
346
236
157
110
51
36
20
49
52
57
75
78
104
152
196
268
411
614
788
971
1095
1100
939
1042
1308
1344
1346
1449
1559
1686
1775
1918
2085
2232
2408
2549
2628
2598
2412
2267
2006
1706
1353
1031
781
532
345
343
382
377
319
198
249
332
355
288
238
296
348
407
338
316
340
371
355
314
352
467
585
581
634
616
611
602
538
428
306
246
207
206
138
131
113
136
170
147
220
229
183
138
157
181
176
162
97
112
185
154
157
151
154
179
216
259
381
365
375
344
295
218
202
169
129
82
49
41
35
14
14
26
41
43
38
84
100
145
196
190
203
193
206
188
186
152
147
271
428
469
352
230
110
88
60
23
13
23
35
52
60
50
41
38
20
20
19
27
19
25
18
8
4
10
3
9
5
38
49
60
64
45
11
14
23
183
260
197
128
98
148
227
161
155
120
54
102
363
658
888
1125
1237
1374
1207
929
719
566
341
185
119
53
9
27
66
28
33
45
38
26
1
1
17
17
6
8
46
71
25
3
5
8
12
36
49
36
37
26
32
30
26
11
2
2
0
0
1
10
48
61
82
102
222
279
373
508
649
786
873
982
1115
1258
1336
1554
1696
1831
1993
2093
2175
2348
2456
2641
2787
2796
2764
2727
2719
2618
2497
2398
2314
2255
2087
1943
1817
1723
1635
1548
1501
1426
1335
1242
1180
1122
1075
1025
1037
1022
1005
954
892
819
768
782
795
812
886
849
874
860
828
757
746
725
721
715
707
588
512
533
430
392
326
242
132
124
270
528
680
973
1178
1310
1381
1547
1616
1671
1728
1851
2008
2143
2229
2366
2467
2538
2577
2704
2822
3089
3276
3477
3571
3684
3686
3650
3585
3435
3337
3086
2776
2554
2300
2245
2287
2089
1763
1541
1392
1224
1049
871
759
544
465
380
264
214
148
175
141
153
160
163
148
83
98
189
328
288
92
114
567
203
170
229
153
115
73
57
44
34
40
33
5
0
13
63
13
14
80
102
57
0
10
28
18
2
0
0
7
25
21
11
12
4
2
22
52
13
9
8
10
0
0
0
0
0
0
0
1
0
0
4
67
185
274
280
183
35
2
173
446
562
380
76
54
121
171
164
106
38
3
10
14
17
132
224
294
311
277
158
68
188
453
608
591
529
444
401
324
172
44
20
3
1
10
10
10
18
33
52
58
73
82
77
61
73
73
139
232
116
137
241
262
161
94
63
61
66
61
56
34
20
26
39
68
73
67
31
37
21
2
0
3
5
8
13
5
1
0
1
0
0
0
2
1
0
0
0
0
0
0
0
0
0
0
1
0
0
0
2
2
5
2
8
17
37
60
68
90
115
154
208
228
243
277
262
252
209
193
170
131
112
103
130
154
219
274
179
233
354
382
254
134
67
88
171
109
31
3
12
12
2
6
0
3
6
6
19
29
450
79
99
136
152
184
203
205
212
208
254
263
279
258
255
222
184
169
144
108
87
96
73
52
69
82
79
63
67
34
9
7
5
0
0
0
1
8
22
16
13
32
49
55
61
73
77
44
34
19
7
3
2
0
7
35
88
112
107
136
216
336
353
218
44
13
92
23
24
130
181
125
23
15
10
25
45
59
49
6
10
87
121
114
87
72
76
26
16
77
164
133
29
137
318
317
275
125
0
73
249
216
35
9
22
29
9
22
61
35
22
17
14
32
39
22
18
31
31
30
33
46
74
66
58
91
145
168
182
256
443
731
1032
1252
1754
2248
2777
3161
3420
3537
3723
3806
3911
4031
4049
4001
4045
3975
3947
3822
3603
3437
3202
3055
3011
2844
2740
2657
2576
2329
2198
2007
1869
1695
1538
3093
1091
941
809
730
562
392
362
353
316
360
383
359
340
311
292
297
274
354
485
582
764
821
1062
1326
1531
1551
1590
1629
1720
1897
2083
2319
2298
2133
2343
2551
2682
2667
2641
2650
2658
2813
2860
3014
3060
3136
3156
3134
3130
2987
2714
2401
2231
2120
2035
1850
1678
1549
1397
1151
1067
1188
1497
1484
1336
1279
1420
1826
2439
2891
2935
3932
4722
5868
6046
5215
4445
4742
4909
5790
6007
5630
5499
5174
4660
4411
4162
4159
4272
3660
2649
2502
2768
2815
1949
2693
4253
4955
5353
5602
6065
6401
7272
8095
7997
7626
6954
6775
6951
7045
6901
6701
6292
5426
4186
3001
1959
1338
1506
1585
1340
1191
1308
1386
1478
2296
975
793
801
869
958
1121
1288
1377
1409
1478
1714
2004
2218
2134
2044
1930
1864
1861
1862
1979
1967
2011
2010
1969
1962
1997
1918
1797
1627
1447
1260
1126
981
925
946
959
975
911
828
714
553
360
228
301
429
511
585
506
423
463
560
429
313
310
346
576
851
1091
1271
1367
1327
1483
1645
1631
1043
745
435
547
548
531
673
792
833
985
1187
1315
1291
1210
956
693
369
320
268
236
236
249
276
307
379
452
527
657
826
1016
1021
758
673
674
548
465
422
441
609
629
564
465
271
260
409
431
384
355
308
261
282
354
406
421
478
461
325
225
198
276
464
675
733
789
823
739
622
534
473
409
379
395
419
433
419
462
431
390
362
385
320
349
503
598
603
486
372
476
661
854
1011
1108
1139
1125
1015
992
952
916
839
722
554
409
371
298
234
161
131
104
56
40
13
1
3
4
8
5
12
40
79
95
95
87
92
93
102
109
69
40
59
55
61
51
62
55
43
41
13
12
6
2
1
2
0
1
7
13
20
28
22
8
12
34
24
14
50
129
248
344
452
540
590
561
460
397
321
241
220
215
237
205
151
88
117
176
241
238
255
212
163
138
150
192
227
184
191
176
155
94
54
39
41
59
106
161
224
269
265
264
249
233
231
183
153
125
93
77
64
66
68
62
65
104
155
232
237
193
266
491
711
820
884
908
1103
1614
2168
2729
3219
3599
3875
4102
4152
4184
4009
3541
3291
3111
2902
2556
2139
1729
1190
853
897
1106
1394
1669
1735
1669
1595
1487
1467
1334
1134
905
609
394
305
356
429
573
709
864
937
874
873
837
809
794
777
799
791
790
775
791
797
810
839
890
968
1044
1063
1018
962
866
814
761
679
621
535
506
463
439
401
346
285
237
164
143
282
337
312
104
125
356
505
518
576
624
690
846
1046
1587
2407
3070
4126
5335
5821
6912
7379
8143
8099
8266
7857
7191
5961
5007
3987
2808
2055
3050
3915
4624
5287
5749
6052
5987
5634
5146
4802
4262
3666
3123
2513
1817
1522
1874
2580
2973
3030
2736
2425
2128
1776
1214
330
541
949
1082
1093
1130
1058
907
731
657
757
800
782
858
901
1006
987
770
525
341
325
382
442
570
597
611
556
466
319
203
202
351
584
890
973
867
669
569
526
500
385
240
275
393
606
568
430
376
345
306
218
200
192
210
256
355
441
514
485
432
318
285
199
198
218
237
305
386
519
569
550
516
438
393
364
389
353
295
249
231
209
536
147
130
186
189
173
173
106
64
14
2
0
4
9
26
31
12
46
115
92
97
117
107
62
50
81
129
142
156
185
237
222
209
146
30
34
55
64
24
2
25
52
36
16
22
107
227
340
416
496
568
578
570
538
499
419
359
249
144
58
18
41
55
79
132
175
231
256
294
341
382
325
251
183
139
91
61
46
26
18
21
44
95
132
133
74
7
10
46
93
97
95
72
77
41
2
2
3
0
6
48
44
15
3
5
22
165
513
995
1430
1751
1971
2147
2159
2128
2104
2158
2173
2039
1651
1353
1265
1223
1109
979
913
805
648
514
436
381
321
211
126
149
224
338
465
596
644
683
882
1156
1369
1551
1628
1745
2052
1996
1664
1488
1367
1491
1561
1545
1511
1378
1395
1619
1859
2162
2208
2093
2251
2305
2279
2251
2431
2616
2969
3302
3481
3646
3641
3530
3242
2688
2071
1568
1456
1337
1135
1243
1390
1593
1495
1230
999
971
855
706
522
369
255
297
389
521
612
619
562
427
321
364
450
611
761
1057
1381
1546
1539
1279
1057
781
563
345
233
122
136
186
157
155
128
122
208
386
494
634
717
728
697
579
542
610
698
798
767
681
512
483
375
295
277
285
236
179
124
139
166
184
185
213
262
304
405
584
807
1032
1156
1199
1217
1252
1476
2224
3016
3610
4014
4455
4795
5033
5115
5098
4824
4454
3976
3288
2565
1813
1081
847
969
1048
1110
1087
1035
946
842
669
662
977
1348
1858
2287
2767
3163
3541
3889
4141
4403
4728
4916
4887
4673
4625
4633
4307
3944
3307
2313
1229
1020
1216
1361
1590
1691
1248
636
179
369
461
427
373
550
867
996
902
743
516
470
517
441
288
184
195
304
297
188
125
158
237
345
396
612
993
1138
1053
766
589
615
877
966
953
895
842
947
1218
1224
1121
1109
1127
1246
1644
1959
2190
2367
2524
2695
2821
2977
3179
3252
3256
3243
3292
3329
3334
3282
3184
3036
2863
2515
2246
1916
1672
1392
1132
982
918
994
995
859
651
454
289
279
197
120
129
125
162
202
276
264
215
380
754
919
938
921
944
872
738
582
519
474
419
394
378
372
245
139
218
397
511
671
683
442
168
98
136
139
104
59
47
51
46
25
28
68
119
179
309
394
370
319
299
295
353
334
261
173
68
43
64
117
166
214
269
390
502
606
679
683
668
573
448
288
180
113
235
423
530
576
602
613
760
934
1127
1170
1109
1064
985
889
903
785
671
507
366
279
231
214
226
202
200
244
294
442
579
787
793
794
1675
1209
1043
923
727
576
818
1047
1135
1129
940
733
592
528
694
622
461
423
369
235
353
387
296
199
183
229
315
271
157
130
139
146
149
160
191
225
194
157
107
96
89
63
44
4
6
6
0
4
9
9
0
2
4
8
17
34
34
36
37
41
67
105
141
151
96
92
77
81
122
133
133
139
128
122
101
117
193
262
278
252
208
179
141
160
227
255
349
429
475
469
445
414
351
345
352
345
349
337
325
302
269
266
292
304
298
276
268
225
164
140
126
115
98
102
92
96
89
82
80
69
65
65
42
45
64
88
108
141
176
188
189
204
199
195
206
210
192
172
147
174
128
131
118
104
109
93
70
68
44
22
13
25
34
35
29
31
34
37
36
48
47
41
47
71
92
134
155
225
319
429
526
699
916
1063
1093
1018
903
1016
1034
802
811
856
748
839
902
1039
1158
1030
954
954
953
830
784
681
566
484
425
374
370
349
344
300
255
225
202
213
243
274
349
447
656
836
934
1062
1080
977
839
642
477
426
434
441
387
305
190
139
316
544
648
671
613
500
406
377
522
768
979
1188
1357
1435
1359
762
178
503
564
507
457
438
443
338
216
173
137
158
278
339
317
174
143
147
255
323
290
261
293
433
509
566
590
700
824
879
834
638
324
333
561
591
481
556
524
289
316
390
469
739
1048
1287
1316
1155
868
850
1480
2168
2889
3470
3909
4252
4371
4400
4379
4512
4854
5274
5565
5755
5906
5881
5658
5263
4921
4484
4010
3558
3010
2488
2181
1991
2069
1975
1827
1552
1430
1407
1737
2325
2908
3276
3859
4608
5293
5894
6367
6550
6733
6831
6504
5978
5591
4949
4472
4360
4404
4104
3811
3420
3073
2931
2738
2472
2206
2079
1796
1306
907
724
759
948
1279
1779
2063
1975
1581
1418
1203
1159
1050
925
806
671
581
565
581
636
899
1283
1797
2454
3086
3390
3029
3325
3744
4133
4238
4426
4038
3489
3011
2387
1738
1075
1238
1387
1278
1717
1901
1648
959
632
503
529
968
1301
1330
1220
891
514
334
233
235
422
696
1364
2365
2750
2260
1342
1183
1497
1913
1946
1520
1242
1091
1113
1003
960
815
665
515
540
481
518
448
404
471
591
862
1185
1218
1053
746
435
184
176
283
452
489
379
467
504
491
498
571
608
586
591
423
270
238
257
383
513
713
775
721
817
832
853
956
987
805
446
113
59
80
140
169
186
177
155
177
231
253
201
195
196
210
359
528
337
152
17
14
43
54
33
20
103
922
108
84
65
94
88
46
46
119
175
60
5
2
8
10
4
1
14
43
28
7
4
7
5
2
3
8
12
14
16
18
21
21
10
3
0
1
7
14
25
45
61
141
287
521
661
874
1026
1133
1194
1306
1353
1279
1442
1342
1282
1222
1172
1116
1026
1116
1250
1158
1238
1392
1459
1398
1156
915
706
660
581
455
350
213
117
49
58
90
123
221
321
1434
571
549
474
521
691
743
839
807
737
586
438
331
326
234
114
87
144
268
274
184
109
136
260
284
285
263
236
258
260
356
519
638
688
713
761
911
1079
1193
1233
1285
1262
1181
966
793
797
700
560
437
382
386
328
302
290
304
267
157
171
289
487
740
755
574
219
117
186
209
162
129
91
11
0
6
27
73
133
140
104
88
126
152
281
486
634
677
728
771
773
641
624
751
874
677
534
323
427
558
545
514
506
475
432
376
309
97
200
302
85
299
545
587
583
580
551
532
487
445
396
342
125
139
145
128
260
524
665
582
484
383
559
832
851
760
622
403
249
135
113
114
120
101
196
237
226
219
290
425
734
681
296
326
512
664
575
362
459
391
268
157
117
79
93
134
312
351
328
220
60
14
8
9
15
42
84
127
111
88
92
102
109
85
57
55
168
316
441
466
299
273
273
260
228
211
183
158
142
143
150
158
137
115
84
77
41
21
4
14
271
513
627
640
573
527
455
372
184
42
37
18
29
50
73
70
118
174
196
193
215
193
159
159
153
146
146
122
192
198
87
50
89
85
96
170
198
183
79
1
53
197
269
371
430
480
544
592
499
326
167
173
187
121
90
88
86
84
120
179
223
199
170
158
160
125
70
42
8
5
18
68
97
85
65
39
19
17
22
23
20
11
11
7
0
8
23
41
14
17
9
15
15
8
11
7
10
12
20
13
13
6
16
69
92
88
43
21
42
51
79
69
48
50
59
51
71
46
42
29
35
54
39
18
2
5
28
49
2
3
33
66
69
169
151
14
3
2
1
60
171
132
16
215
373
431
387
303
131
130
324
472
506
525
461
314
167
47
25
53
77
113
70
71
86
93
100
65
7
7
0
4
38
58
35
13
6
4
7
12
31
54
51
38
124
33
27
72
117
130
113
102
143
152
106
11
3
101
257
315
117
9
153
175
99
14
80
242
254
110
52
419
145
163
222
178
90
39
60
95
78
9
3
6
1
0
0
59
196
262
272
237
154
124
128
93
108
147
208
291
360
356
307
230
148
67
44
19
13
9
30
86
181
242
221
91
5
8
73
136
145
146
131
111
99
183
369
709
1198
1378
1284
1243
1689
2166
3115
3789
4006
3770
3310
2828
2356
1944
1595
1269
1047
823
642
540
358
268
304
366
377
385
307
244
311
409
489
517
485
405
376
314
318
350
327
336
379
434
510
497
407
271
185
96
121
149
153
174
227
334
444
511
535
582
611
670
741
748
712
739
630
618
726
805
825
771
704
624
446
338
218
172
144
107
94
56
48
62
77
95
73
72
99
130
140
167
174
167
259
328
451
596
678
711
745
659
550
509
518
619
662
647
612
541
469
434
548
702
754
784
886
956
1106
1455
1855
2178
2149
2174
2245
2409
2744
3290
3212
3186
2779
2160
1352
837
926
931
955
838
636
619
642
666
598
490
532
516
395
249
158
75
179
247
210
74
97
306
467
496
403
177
80
127
131
84
65
83
79
82
134
192
167
31
1
72
159
99
76
103
37
12
75
196
504
681
546
523
585
662
733
706
700
614
585
548
446
433
510
448
443
422
340
236
218
244
288
266
121
139
186
183
179
206
274
333
464
626
749
800
855
819
688
649
644
558
424
293
206
164
144
223
284
300
206
122
81
19
158
93
43
122
97
63
78
107
132
180
166
91
18
5
0
3
1
1
26
22
3
2
9
13
34
49
48
36
31
21
13
3
0
0
0
1
1
2
2
1
0
2
0
0
0
0
0
2
2
0
0
0
0
0
0
2
11
21
24
32
24
29
37
49
68
85
99
135
103
110
68
105
130
159
162
176
135
101
64
48
42
60
90
72
78
99
111
196
233
234
205
125
52
73
233
250
190
211
236
258
320
346
323
278
232
294
330
296
220
155
64
28
71
184
280
196
70
28
8
13
84
151
118
50
66
204
298
160
136
268
262
207
208
233
255
312
342
306
222
221
214
207
190
170
129
95
75
79
108
119
123
165
157
178
172
176
167
152
133
177
286
477
623
454
229
90
55
46
59
91
96
91
120
170
223
314
399
484
674
845
1099
1376
1593
1793
1963
2092
2170
2198
2298
2389
2493
2592
2715
2841
2922
2958
2908
2922
2906
2894
2822
2819
2852
2980
3116
3175
3288
3421
3536
6313
4303
3918
3276
2629
2492
2440
2175
1749
1489
1283
1114
970
834
727
613
514
320
247
213
253
172
168
200
176
281
266
153
98
55
29
27
8
12
12
6
1
0
3
9
16
21
48
69
48
64
102
173
230
295
419
547
653
712
710
651
731
942
1248
1672
2038
2409
2748
3040
3157
3255
3328
3359
3321
3175
3292
3381
3292
3206
2994
2825
2713
2663
2678
2677
2581
2544
2550
2631
2693
2817
2998
3152
3156
3144
3283
3260
2864
2291
2028
1948
1853
1471
1038
803
811
918
574
393
785
616
599
627
557
427
341
378
414
426
470
482
520
519
400
284
365
471
483
473
381
298
250
246
246
250
199
173
242
336
342
294
272
360
530
683
534
408
554
603
496
391
356
224
263
296
191
154
267
341
218
227
210
204
398
510
403
381
455
479
494
492
427
422
416
393
446
522
518
496
463
397
256
130
239
345
284
207
187
173
132
58
50
97
131
144
180
183
170
162
119
120
114
95
88
89
167
197
149
141
170
217
266
283
286
288
338
330
330
327
317
309
295
343
350
381
372
361
334
265
191
100
54
27
34
44
34
26
25
48
65
65
100
200
353
363
379
375
344
276
223
181
114
105
81
83
93
120
129
97
97
100
125
111
199
260
268
234
211
280
375
331
169
109
254
485
937
1492
1529
977
1227
2126
3523
4034
4272
4349
4249
3874
3375
2767
2264
1780
1322
939
600
423
354
377
415
364
290
240
226
223
221
241
279
262
238
226
199
108
153
169
216
232
223
256
195
129
75
64
59
61
67
107
214
269
321
350
382
341
331
302
282
262
262
231
179
127
79
41
27
20
12
9
44
101
127
133
131
211
268
305
298
246
197
171
103
82
120
121
129
182
188
200
178
239
272
283
296
206
169
181
224
212
194
152
95
81
105
169
195
179
144
118
98
130
167
178
181
182
176
227
267
260
194
201
328
407
482
540
611
622
533
397
382
352
391
421
368
283
206
130
95
105
112
135
142
154
220
228
327
345
342
302
218
197
172
160
125
140
197
242
284
302
297
310
318
311
301
287
296
320
353
405
452
450
397
222
84
137
273
379
500
570
670
728
756
823
900
926
936
888
772
833
879
924
855
719
668
605
615
607
650
921
1187
1351
1299
1207
1271
1325
1244
999
715
773
1076
1297
1478
1920
2436
2878
3413
3872
4080
3989
3685
3466
3165
2753
2275
1762
1438
1473
1499
1511
2077
754
745
861
948
1072
975
850
780
708
537
387
364
479
457
284
198
178
230
304
311
282
317
377
339
319
267
333
395
483
528
516
548
530
397
341
587
890
1080
1020
724
589
478
297
190
117
71
55
41
42
40
36
55
72
98
163
211
219
203
205
194
177
141
96
67
93
126
178
212
258
315
386
453
480
493
474
518
593
628
703
752
708
832
985
1161
1029
765
484
367
415
302
247
223
258
270
167
144
247
133
62
42
20
47
111
102
47
71
149
159
107
65
76
78
112
166
196
137
67
82
45
56
108
83
15
8
18
40
35
37
32
28
25
55
88
114
141
194
260
278
293
250
177
24
28
43
0
17
57
49
1
25
40
15
33
52
31
19
45
134
164
89
91
84
46
26
23
8
1
0
2
7
5
1
1
0
5
7
28
52
60
138
184
120
91
188
200
117
72
64
60
8
0
3
10
18
15
10
43
128
127
39
1
91
246
280
314
287
140
39
151
219
80
3
1
3
1
3
9
17
7
1
0
0
0
1
2
5
1
7
74
139
151
78
23
3
32
127
149
145
91
18
1
1
11
59
69
35
14
17
26
31
47
59
95
115
141
170
195
234
258
274
195
240
356
413
493
545
464
342
292
315
490
484
321
187
147
242
343
393
414
395
353
288
227
131
92
110
177
252
267
196
175
94
18
8
44
92
23
9
70
49
5
3
1
11
16
44
50
49
45
24
5
0
1
6
4
3
14
34
72
144
286
480
436
246
261
251
238
220
153
194
252
293
260
255
205
168
154
167
168
210
230
290
399
479
630
781
923
948
848
814
689
482
492
454
384
328
303
296
335
496
564
393
227
167
137
99
182
235
177
194
227
121
79
98
40
147
285
325
195
129
77
59
34
39
49
52
26
7
1
0
12
26
14
1
7
37
48
56
57
96
135
161
137
133
210
241
232
272
267
279
281
341
399
445
445
483
527
550
561
564
559
548
523
459
419
364
315
276
238
235
227
195
173
120
88
66
49
33
19
28
6
2
0
2
4
7
3
2
7
7
22
54
66
87
359
503
303
329
311
338
324
337
268
270
243
211
174
198
192
160
133
96
80
172
316
514
577
626
667
688
679
649
529
461
400
307
257
295
277
229
165
193
263
243
237
251
281
298
283
678
175
134
114
105
73
49
23
16
29
34
4
2
2
13
68
293
347
247
148
160
170
179
202
89
26
46
25
26
16
18
15
25
35
51
59
98
86
60
72
191
159
114
61
120
219
342
294
144
96
87
74
32
56
85
63
39
16
13
21
31
40
71
80
44
156
290
165
347
9
15
30
24
8
3
1
1
0
1
3
0
4
31
146
269
342
384
382
283
184
196
58
28
43
101
76
13
5
24
38
25
24
21
39
95
122
169
128
109
119
147
213
260
308
341
239
125
88
103
80
69
56
16
10
29
31
28
16
12
26
15
4
1
1
5
1
12
25
52
77
90
100
91
119
115
155
203
267
280
259
169
156
280
304
202
218
217
132
80
115
129
155
157
174
306
544
596
557
575
527
291
383
505
665
1079
945
793
175
139
253
216
168
196
251
513
809
955
891
662
158
68
214
146
126
146
337
912
1696
1982
1645
1366
1124
1219
1671
2356
2119
1475
1103
1029
887
797
774
895
1001
967
885
831
794
768
1110
1417
1595
1767
1807
1726
1466
1146
788
604
473
436
444
430
390
311
277
314
394
492
576
627
638
620
605
653
777
904
1050
1162
1211
970
759
582
371
208
182
202
366
465
505
464
492
457
498
584
708
811
783
673
484
271
276
184
262
409
383
421
548
696
793
705
627
705
774
748
758
805
829
810
733
682
603
533
541
573
581
530
303
292
501
571
619
614
604
641
619
561
479
411
381
370
378
366
431
505
549
590
445
410
443
492
530
650
877
1091
1268
1519
1380
893
619
512
426
321
221
172
150
108
103
196
238
632
1111
1476
1608
1616
1524
1270
1044
836
722
544
429
398
432
435
453
490
525
558
547
535
472
467
606
817
954
916
809
642
420
271
169
138
145
155
164
138
111
157
187
222
310
370
421
626
825
910
962
1090
1249
1182
1139
1101
1109
1136
1169
1181
1182
1209
1113
1033
920
666
398
346
680
1164
1510
1705
1653
1633
2039
2116
1774
1058
1293
1293
1280
1261
1401
1459
1456
1251
913
671
692
837
798
597
420
339
796
1356
1836
2130
2178
1775
1354
931
1310
1497
1638
1796
1972
2055
1972
1824
1847
1898
1856
1378
1349
1225
1060
1032
1035
1339
1541
1557
1508
1403
1223
953
775
786
884
953
864
784
710
699
758
826
866
936
949
1143
1295
1657
1730
1388
759
558
542
431
321
276
185
153
139
219
288
488
595
662
689
670
679
629
604
708
430
362
403
988
1639
2063
2360
2689
2762
2869
2891
2948
3066
3272
2988
2813
2595
2289
2045
1809
1598
1389
1211
1084
1011
901
809
775
678
525
402
280
320
442
453
480
482
409
316
208
109
106
219
295
310
261
214
198
149
71
10
81
155
190
188
185
169
143
77
43
58
92
164
218
271
326
353
380
431
419
416
447
452
438
418
416
418
419
427
462
335
599
702
545
326
366
331
326
404
508
571
436
549
720
745
636
370
201
231
247
136
88
114
101
149
186
234
261
256
179
177
232
287
295
310
325
289
284
252
216
207
159
117
69
62
27
6
97
240
323
344
332
280
225
209
201
165
93
21
148
273
341
368
375
392
419
346
350
545
547
592
566
505
357
194
130
145
251
576
896
1129
1227
1323
1245
1101
832
891
954
824
805
735
674
635
545
455
409
919
1242
1559
1775
1751
1529
1216
943
773
682
661
708
753
671
646
616
545
514
469
416
278
220
217
193
332
533
722
837
673
607
541
480
340
187
203
205
222
240
309
391
426
510
542
530
459
313
128
29
52
157
292
510
697
870
868
685
459
302
260
194
130
106
75
65
64
108
148
135
92
58
53
33
9
39
173
266
264
144
74
82
109
184
431
592
666
589
505
460
367
249
189
121
70
35
78
150
154
90
16
3
7
54
124
165
175
152
88
39
32
78
103
87
131
293
379
443
422
432
429
432
433
406
406
385
349
337
307
232
180
128
100
105
184
311
834
910
915
970
946
1043
1143
1243
1068
978
855
676
1045
1463
1589
1383
1122
770
637
607
945
1602
1911
2140
1991
1760
1486
1305
1328
1284
1082
833
760
884
969
863
900
1105
1439
1591
1423
1355
1371
1290
966
597
405
390
461
470
292
344
412
547
588
465
258
491
722
953
1084
1293
1456
2126
2691
2519
2613
2134
1183
1785
2114
1764
1270
827
583
545
681
819
947
808
778
688
622
502
349
183
178
193
314
469
492
424
405
328
164
79
72
168
319
437
460
483
528
521
466
344
184
51
11
6
2
22
71
59
25
23
10
53
105
131
271
314
311
341
319
410
562
679
736
663
525
411
338
485
653
699
532
327
349
500
579
508
334
160
243
207
170
556
988
929
550
255
39
101
275
392
391
223
86
73
190
291
316
339
333
334
330
368
348
380
304
250
192
167
166
98
51
40
60
103
139
127
114
137
133
100
73
81
169
382
154
104
302
610
744
652
537
369
210
199
213
250
264
281
296
338
408
592
1131
1687
1802
1317
738
301
198
556
398
148
203
310
339
428
599
758
981
1294
1503
2086
2215
2165
2355
2371
2395
2418
2633
2838
3085
2980
2725
2630
2631
2539
2306
2189
2110
2028
1961
2062
1995
2124
2621
3242
3407
2937
2334
1768
1455
1486
1420
1124
750
687
642
740
966
1243
1567
1922
2072
2140
2198
2320
2306
2283
2252
2128
2080
1975
1866
1777
1688
1600
1532
1504
1492
1502
1511
1536
1557
1550
1522
1528
1488
1450
1333
1287
1219
1130
1016
854
683
651
581
453
380
316
310
218
317
494
408
304
229
327
439
401
292
199
169
189
219
251
357
469
473
804
935
704
530
446
312
191
162
170
200
218
192
369
644
515
209
557
667
698
567
368
313
249
157
127
117
93
78
102
89
87
81
133
131
127
124
170
131
150
291
304
203
220
258
236
284
348
464
440
402
418
691
843
633
364
267
280
406
509
528
445
380
435
415
458
464
395
401
717
1397
1070
1699
1352
769
809
901
885
738
772
823
781
711
638
527
436
336
254
200
183
161
167
169
176
179
181
208
197
218
342
746
1337
1542
1032
622
286
117
166
208
222
139
78
75
83
87
40
43
66
64
72
85
164
304
431
487
448
405
326
220
238
547
1072
712
379
813
167
239
488
366
228
150
145
105
111
130
92
61
29
29
76
98
68
36
82
146
252
244
139
138
104
93
90
115
110
83
156
220
176
115
90
113
108
88
75
47
40
31
24
24
22
117
152
133
115
91
97
49
13
11
14
15
25
20
32
23
65
105
131
150
153
156
132
132
115
87
58
24
19
6
3
2
2
1
1
0
0
3
0
0
0
0
0
0
0
0
1
1
8
10
17
31
38
37
48
71
81
89
73
81
83
81
85
53
44
16
6
5
1
6
6
4
12
5
4
12
14
9
4
6
21
76
200
225
191
118
63
48
50
57
34
6
2
17
31
37
25
10
27
32
6
8
25
30
27
27
43
51
63
105
203
319
416
384
282
312
347
405
265
144
136
245
218
184
125
196
139
228
176
188
361
675
618
463
1092
1182
760
632
355
112
357
480
474
369
220
171
156
140
114
169
237
184
120
108
126
89
55
156
237
257
206
136
105
63
133
191
363
530
670
760
853
951
865
845
874
763
657
608
511
398
350
326
248
172
125
98
257
77
94
94
151
136
73
41
39
35
29
25
36
39
48
22
6
12
7
14
27
27
28
43
68
65
76
71
64
48
54
61
72
80
81
106
157
99
27
20
27
35
28
28
53
74
95
95
83
81
76
82
85
77
67
57
55
45
46
54
63
34
35
18
21
43
37
26
52
105
105
39
56
41
42
31
19
31
46
58
92
83
80
40
61
92
91
67
62
78
110
145
162
152
139
114
63
38
8
0
13
64
170
243
201
129
121
55
39
54
79
73
64
65
50
108
110
44
56
66
82
85
93
100
90
105
146
171
176
188
181
220
254
289
303
325
308
334
395
413
411
399
380
370
552
1155
1425
1469
1307
884
711
753
866
965
946
870
763
762
1010
1214
1229
1152
1010
996
872
779
726
731
786
761
745
747
731
755
676
650
626
645
776
827
854
779
759
724
721
692
614
478
502
681
890
1024
1053
1038
850
620
411
329
436
480
458
475
421
460
431
515
566
565
539
477
386
423
700
963
941
826
1241
1816
1656
1962
2371
3016
4261
4969
4920
4246
3402
2563
1707
1294
873
767
1017
1039
1009
1080
1219
1350
1377
1354
1317
1302
1602
1593
1393
1305
1279
1200
1266
994
1445
1576
1425
1516
1632
1877
2173
2146
1938
2113
2124
2348
2516
2879
3119
3101
3110
2941
2938
2872
2756
2635
2387
2143
1527
1022
1132
1244
1284
1430
1512
1766
1844
1888
1793
1598
1097
723
1299
1374
1511
1452
1140
1332
1364
1077
1104
1675
2328
3228
4021
4915
5401
5839
5990
5507
4943
4374
3520
2898
2474
1737
1131
1101
1088
968
837
1005
1234
1200
904
536
380
393
414
439
504
629
1362
1192
377
284
185
140
154
223
390
748
1192
1078
617
900
856
430
160
245
223
162
235
332
272
128
144
189
448
860
1063
804
255
46
75
132
155
230
317
376
457
596
619
507
301
253
276
159
86
110
153
171
200
288
361
414
451
446
474
491
478
488
426
407
350
284
240
224
233
258
319
462
670
996
1317
1602
1882
1999
2068
1988
1968
1620
1480
1313
1192
1166
1187
1338
1234
830
687
855
833
778
793
789
873
847
852
914
1062
1332
1632
1941
2152
2412
2796
3139
3436
3571
3356
3219
3057
2956
2632
1522
2156
2412
2570
2735
2674
2489
2318
2234
2110
2015
1827
1697
1606
1380
827
992
1396
1673
1971
2300
2580
2764
2889
2950
2925
2848
2766
2684
2710
2725
2749
2903
3082
3130
3116
3076
2881
2744
2463
1877
1394
1149
1272
1445
1305
1326
1144
811
531
438
536
709
774
805
639
479
382
338
715
398
558
1008
1238
1249
1241
1039
831
1002
1088
1050
1043
864
701
834
897
1216
1392
1591
1864
1123
569
580
880
1005
1049
921
516
334
777
1025
1366
1859
1728
1214
1030
1260
957
944
1122
979
926
903
1023
1069
973
944
1129
1242
1526
1797
1785
1404
839
546
512
407
267
244
327
363
412
367
337
391
446
510
553
546
357
216
233
312
311
221
187
152
147
153
182
201
245
291
289
246
173
171
266
436
438
406
504
624
537
582
437
251
128
111
145
193
198
243
229
245
273
320
299
393
556
563
493
373
288
227
195
138
66
36
65
41
76
148
166
121
81
93
230
335
387
453
456
422
394
380
280
187
116
105
98
107
108
151
183
223
244
269
281
284
306
359
400
421
389
400
441
444
506
602
779
1121
1433
1653
1936
2073
2114
1982
1744
1538
1523
1540
1554
1639
1712
1701
1564
1624
1533
1437
1192
961
730
512
379
279
271
373
633
997
1497
2211
2422
2179
1777
1438
1650
1518
1243
1123
1067
1210
1297
1289
1265
1050
871
903
1046
1012
972
983
977
906
844
876
701
648
643
722
1080
1646
2463
3087
3022
3307
3759
4196
5257
5920
6389
6190
5790
5211
5146
4901
4426
4145
3699
3384
2965
2751
2654
2323
2083
1916
2256
3072
3594
3790
3855
3893
4005
4047
3908
3887
3767
3258
2473
1823
1520
1566
1594
1549
1458
1297
1182
1332
2056
2173
2006
2199
2193
2058
2112
2312
2386
2150
1576
912
946
907
991
1036
1070
1056
989
1032
1114
1149
1496
1938
2192
2474
2818
3040
3144
3886
4244
4136
4068
4104
4251
4553
4761
4825
4755
4559
4549
4743
5127
5493
5488
5263
4552
4579
4130
3385
2490
1987
1931
1964
1670
1415
1000
951
849
513
677
1069
1438
1877
1962
1963
1759
1567
1660
1690
2141
2606
2799
2997
3173
3460
3516
3517
3594
3472
3318
3083
2958
2701
2574
2518
2305
2026
1950
1919
1836
1513
1587
1960
2360
2647
3141
3729
4579
5442
6015
6365
6882
7263
7417
7425
7426
7534
7112
6155
5265
4408
3601
3023
1717
1146
3227
4455
5086
5754
6528
7139
7707
7751
7447
6859
6361
5993
5391
3974
2122
1127
2402
3218
3871
4565
5257
5779
6192
6348
6237
6059
5827
5246
4754
4173
3261
2123
1025
1450
2266
2613
3152
3896
4566
5279
5946
6348
6388
6362
6273
5925
5322
5005
4209
2574
942
1062
2077
2580
3482
4526
5359
6115
6476
6786
6784
6592
5904
4846
3886
2272
2112
2096
2132
1660
999
750
777
869
1050
914
581
472
346
288
384
408
378
565
756
806
862
1209
1418
1754
2797
3648
5138
6481
6751
5792
4655
3843
3929
4291
4323
4313
4202
3840
3537
3291
2621
1273
938
792
657
1160
2214
3137
3593
3693
5007
4066
4842
6017
7211
8550
8924
9139
8620
7784
6863
5842
4957
3727
2431
1355
950
998
820
749
557
357
476
704
864
1052
1357
1472
1500
1608
1924
2175
1958
1351
1283
1620
1582
1397
1063
728
654
644
562
493
522
452
403
370
344
310
282
257
205
153
82
17
30
19
10
5
13
46
91
133
163
245
410
623
563
321
147
162
219
270
380
543
741
930
1147
1281
1151
1092
1053
948
900
878
933
1079
1278
1414
1441
1326
1369
1384
1274
1154
844
517
416
305
228
207
242
657
1123
1358
1070
602
714
610
484
450
373
340
356
401
325
404
303
248
538
673
411
228
141
155
206
201
127
148
271
304
208
204
250
264
277
260
316
334
312
329
459
513
503
537
580
707
859
1029
1151
990
677
470
421
394
243
223
227
251
328
428
479
534
534
526
494
414
344
337
356
352
445
750
1034
1044
892
530
311
181
134
109
108
104
81
104
101
158
259
454
711
862
979
1187
1435
1683
2017
2211
2085
1982
1851
1630
1605
1672
1530
1301
1067
865
792
733
759
741
765
707
630
588
616
666
734
804
833
802
653
580
536
568
662
626
528
325
203
259
364
470
522
547
559
578
570
491
707
1139
1025
832
737
656
526
374
322
366
426
457
414
366
296
186
105
51
25
75
182
309
453
426
278
133
103
239
340
174
175
235
301
350
388
442
417
460
484
376
251
181
142
130
253
489
612
724
730
732
802
904
884
868
762
622
608
532
604
760
799
583
226
214
362
344
156
170
235
276
339
372
278
118
120
121
166
286
358
363
297
244
207
172
171
210
216
311
452
406
355
409
412
490
539
551
625
717
803
1055
1230
1404
1522
1639
1565
1362
1080
938
1026
1022
1006
970
891
751
616
639
613
584
570
568
578
594
534
396
244
156
94
44
47
34
23
19
40
97
113
72
36
42
59
54
49
25
64
162
166
115
50
21
16
17
29
29
29
24
14
17
49
92
120
120
141
159
158
151
155
145
129
162
136
142
160
176
173
146
134
116
90
68
69
83
67
59
53
49
29
13
5
0
0
0
5
4
0
0
0
0
0
0
0
0
0
0
0
0
2
3
5
2
2
2
1
3
7
18
7
9
6
6
5
6
6
12
14
25
13
18
23
36
54
39
34
19
12
1
1
0
0
1
0
0
2
40
127
261
444
611
804
1032
1201
1131
970
953
1129
1313
1394
1558
1860
2118
2252
2192
3972
67409
0
0
0
0
0
0
0
0
0
0
0
0
0
0
0
0
