0
15
0
0
0
0
0
0
0
0
0
14596
3391
2522
587
294
135
91
273
541
771
916
1061
1938
2787
3627
3429
2134
1054
1004
1031
1125
1340
1165
1048
897
713
447
279
180
127
161
295
339
329
311
240
202
160
87
39
37
22
22
13
4
0
0
0
0
0
0
1
0
0
16
76
156
275
336
397
397
401
340
354
340
350
389
334
332
419
533
555
501
402
272
177
137
165
223
174
107
103
90
50
65
53
66
44
45
26
25
25
18
5
8
8
3
1
2
0
0
0
0
0
0
0
0
0
4
19
30
21
4
13
1
9
1
7
2
5
6
3
4
8
16
18
13
5
1
0
3
3
1
4
3
3
1
0
31
7
1
4
5
2
0
0
0
0
0
0
0
3
6
32
18
0
0
15
20
2
0
0
1
0
0
0
0
0
0
0
0
0
0
0
0
0
0
2
11
14
0
0
0
0
0
0
0
0
0
0
0
0
0
0
0
0
0
0
0
0
0
0
0
0
0
0
0
0
2
9
4
0
8
32
14
0
0
12
15
2
6
2
0
0
11
0
0
5
2
0
55
151
306
431
409
367
324
247
205
134
124
58
39
38
32
40
44
57
50
40
42
76
51
48
55
55
35
33
23
21
45
27
18
13
20
16
16
23
16
4
2
4
0
3
3
1
4
2
3
1
0
2
0
2
0
4
1
0
0
0
0
16
22
19
5
2
1
1
0
0
2
0
1
1
0
0
1
0
0
0
0
0
0
0
0
0
0
0
0
0
0
0
0
0
0
0
0
0
0
1
0
2
6
4
6
8
6
6
8
28
62
205
313
372
409
439
415
332
245
124
52
3
41
44
25
6
1
5
63
118
77
10
6
18
11
4
4
4
2
0
0
0
8
13
0
13
26
4
0
1
5
0
0
0
15
8
5
7
3
4
10
10
1
0
0
0
0
0
16
30
26
80
167
296
359
352
287
194
149
110
53
28
16
6
6
4
0
0
0
2
7
7
10
15
24
55
167
300
209
182
272
479
426
222
282
619
742
590
392
368
277
183
129
436
1395
1400
246
217
590
439
166
115
214
1720
1705
361
217
483
354
222
186
113
51
78
120
114
99
60
69
66
57
24
21
32
28
21
12
13
35
47
67
51
55
64
74
65
55
42
45
31
25
16
12
10
12
10
11
4
4
1
22
0
1
3
1
2
0
1
0
0
0
0
0
0
0
0
0
1
3
1
4
1
0
0
0
2
4
1
0
0
0
0
0
0
1
8
16
1
0
6
5
0
0
7
14
4
0
0
0
0
0
0
0
0
5
3
0
0
5
15
0
0
2
0
0
5
11
7
0
0
0
0
0
0
0
0
0
1
0
0
0
0
0
0
0
0
0
0
0
0
0
0
0
0
0
1
0
1
2
2
2
9
19
26
32
36
40
45
53
53
41
38
35
19
15
11
5
4
1
0
0
0
0
0
0
1
2
0
0
0
0
0
0
0
0
0
0
0
0
0
0
0
1
0
1
2
1
1
0
0
2
0
0
2
0
0
0
0
1
0
0
0
0
0
0
0
0
0
3
1
0
1
0
0
0
0
0
0
0
0
0
0
0
0
0
0
0
0
0
0
0
0
0
0
0
0
0
0
0
0
0
0
0
0
0
0
0
0
0
0
0
0
0
0
0
0
0
0
0
0
0
0
0
0
0
0
0
0
0
0
0
0
0
0
0
0
0
0
0
0
0
0
0
0
0
0
0
0
0
0
0
0
0
0
0
0
0
0
0
0
0
0
0
0
0
0
0
0
0
19
115
272
250
138
26
145
357
264
101
51
6
22
155
219
130
86
17
0
0
0
0
0
0
0
0
0
3
0
0
0
0
0
0
1
2
2
0
0
0
0
0
0
0
0
0
0
0
0
0
0
1
9
0
0
5
7
11
1
0
0
0
0
2
3
4
1
3
6
3
0
1
1
0
0
0
0
0
0
0
0
0
0
0
0
0
0
0
0
0
0
0
0
0
0
0
0
0
0
0
0
0
0
0
0
0
0
0
0
0
0
0
0
0
0
0
0
0
0
0
2
19
127
269
371
429
443
415
363
289
253
300
236
228
191
142
96
58
22
26
38
19
28
24
33
25
14
22
19
38
95
168
175
91
30
9
2
3
4
0
0
0
0
0
0
0
0
0
0
0
0
0
0
0
0
0
0
0
0
0
0
0
0
0
0
0
0
0
0
0
0
0
0
0
0
0
0
0
0
0
0
0
0
0
0
0
0
0
0
0
0
0
0
0
0
0
0
0
0
0
0
0
0
0
0
0
0
1
0
0
0
0
0
0
0
0
0
0
0
0
0
0
0
0
0
0
0
0
0
0
0
0
0
0
0
0
0
0
0
0
0
0
0
0
0
0
0
0
0
0
0
0
0
0
0
0
0
0
0
0
0
0
0
1
0
2
14
40
151
291
398
469
480
439
449
417
373
257
55
38
116
134
53
16
16
13
13
15
19
11
3
7
1
3
1
0
2
2
7
8
0
0
0
0
3
9
1
0
10
13
0
0
0
0
0
0
3
0
0
1
0
0
0
0
0
0
0
0
4
2
0
2
0
0
7
2
0
6
6
0
1
0
0
11
23
6
1
0
2
9
5
7
26
46
55
33
7
8
14
15
6
14
19
12
0
15
43
26
1
22
64
60
65
146
221
294
410
521
615
657
747
916
1007
1104
949
657
677
678
718
910
1323
1184
629
496
570
486
423
455
570
731
614
615
538
355
203
108
85
45
61
78
83
66
10
7
21
76
68
98
189
333
468
515
212
61
140
333
463
496
563
700
808
886
814
452
305
446
690
874
912
840
774
818
975
969
921
812
839
785
692
563
442
270
206
304
525
863
1064
1358
1382
1527
1754
2007
2127
2139
1933
1766
1730
1699
1354
1476
1583
1299
672
689
926
894
689
964
1028
687
258
117
60
545
36
54
31
17
36
168
321
444
241
26
4
7
16
31
55
78
61
53
36
70
67
66
70
63
65
127
118
91
49
37
38
52
45
31
22
3
0
5
8
0
1
7
10
12
20
20
22
33
25
37
15
3
8
0
0
0
0
4
6
9
16
13
25
74
151
246
290
287
241
193
138
77
56
38
13
4
5
2
0
1
0
0
0
0
0
1
0
0
0
1
0
0
0
0
0
0
0
0
0
0
0
0
0
0
0
0
0
0
0
0
0
0
0
0
0
0
0
1
1
0
0
2
0
1
1
5
4
2
3
0
8
9
2
0
0
0
0
0
0
0
0
0
0
0
0
0
0
0
0
0
0
0
1
0
3
1
2
4
3
4
6
10
5
6
9
6
7
23
27
47
64
55
71
77
88
72
60
58
48
23
27
20
30
16
28
17
9
9
4
6
2
9
1
0
0
0
0
0
0
0
1
0
2
0
1
3
2
1
0
0
0
0
0
0
0
0
0
0
0
0
0
0
1
0
0
0
0
0
0
0
0
0
0
0
0
0
0
0
0
1
17
114
225
319
358
353
315
241
166
127
75
43
27
16
7
1
0
2
3
2
0
0
0
0
0
0
0
0
0
7
7
3
2
3
3
15
11
57
124
194
230
244
216
159
96
60
26
20
8
0
0
0
7
15
0
0
2
5
0
0
2
1
0
0
7
18
4
0
0
0
0
0
0
23
25
0
0
3
2
1
0
0
0
0
0
5
1
5
4
1
3
8
1
8
3
2
3
1
3
0
0
0
0
1
0
0
1
19
84
194
285
318
258
205
197
126
57
72
72
94
73
111
142
175
197
178
152
129
96
108
143
110
83
41
22
14
2
1
0
0
3
12
2
6
17
25
31
51
59
67
46
61
52
44
55
71
64
58
63
60
50
39
37
41
45
43
41
58
65
73
50
27
41
81
71
52
33
13
1
1
1
5
8
31
35
40
85
174
560
1263
1723
1606
1587
1629
1787
1710
1680
1734
2015
2768
3015
2768
2539
2490
2587
3087
3435
3645
3684
3573
3280
3015
2754
2291
1615
722
211
225
474
522
333
300
411
445
513
660
873
964
691
811
888
792
1065
1223
919
599
677
851
773
560
599
714
675
584
408
260
158
103
78
47
55
48
43
28
9
11
1
17
13
3
0
0
0
0
3
0
0
0
0
0
0
0
2
1
0
0
4
2
0
0
0
8
27
5
0
1
29
45
17
1
2
8
8
0
1
1
2
1
3
0
0
4
0
0
0
0
0
0
0
0
0
0
0
0
0
0
0
0
4
6
1
0
5
16
9
4
3
0
0
0
0
11
6
1
3
14
9
0
0
0
0
0
0
0
0
0
0
0
0
0
0
0
0
0
0
0
0
0
0
0
0
0
0
0
0
1
0
0
0
4
0
0
0
0
0
0
0
0
0
0
0
0
9
76
210
324
347
333
299
226
142
87
54
32
15
10
5
3
1
0
1
0
0
0
0
0
2
0
0
0
0
0
0
0
0
0
0
0
0
0
2
11
7
0
0
5
9
0
0
2
0
0
2
0
0
0
0
0
0
0
0
0
1
0
0
0
2
12
10
0
0
1
0
6
7
8
9
4
2
2
0
0
0
0
0
0
0
0
2
0
0
0
0
0
0
0
0
0
0
0
7
9
0
0
0
0
0
7
0
0
3
24
10
0
0
0
0
0
0
0
0
0
0
0
0
0
0
0
0
0
3
2
0
0
1
3
0
0
0
0
1
0
0
0
0
1
0
0
0
0
0
0
0
0
0
0
0
0
0
0
0
0
0
0
0
0
0
0
0
0
0
0
0
0
0
0
0
0
0
5
0
0
0
4
3
0
0
0
0
0
0
0
0
0
0
0
0
2
1
0
0
0
0
0
0
0
0
0
1
14
2
0
0
0
0
0
0
0
0
0
0
0
0
0
0
0
0
38
51
14
9
3
5
11
7
3
1
0
0
0
0
0
0
0
1
0
1
3
1
3
1
0
0
0
0
0
0
0
0
0
37
162
357
478
463
399
310
230
152
116
85
36
11
0
0
0
7
0
0
2
0
0
0
0
0
0
1
0
0
0
0
0
0
0
0
0
0
0
0
0
0
0
0
0
0
0
0
0
0
0
0
0
0
0
0
0
0
0
0
0
0
0
0
0
0
0
0
0
0
0
0
0
0
0
68
353
575
605
588
527
473
418
397
218
81
64
35
0
8
70
102
2
29
90
68
5
18
60
61
13
0
15
3
4
53
86
25
10
10
5
0
3
21
7
0
8
16
6
0
9
23
0
1
9
34
47
98
222
301
373
371
430
517
561
560
524
451
351
175
91
133
187
118
34
4
1
10
4
17
54
38
4
12
27
78
28
3
3
3
1
0
2
0
2
0
0
2
225
1033
1242
1318
1702
2312
3010
3558
3997
4263
4455
5098
6021
5875
4668
3432
3411
3109
2790
2697
2319
2046
1797
1926
1666
1305
1239
1321
1253
1019
466
177
292
445
332
474
643
974
1323
1536
1741
1952
1966
1889
2150
2305
2074
1840
1608
1463
1494
1680
1800
1949
2146
2284
2130
2047
1910
1973
1948
1813
1747
1577
1397
1168
868
685
496
141
17
11
34
159
397
640
968
1261
1510
1801
2019
2151
2651
3055
2745
2506
2534
2550
2371
2079
1686
1419
1255
1401
1658
1356
739
397
191
78
76
140
288
753
1907
2774
1668
440
406
436
519
527
464
412
395
351
332
377
556
678
488
293
268
298
259
325
301
205
147
67
33
8
37
366
913
1121
573
41
6
0
1
0
2
4
10
21
4
6
3
2
1
0
1
0
2
3
7
0
1
5
5
1
4
0
0
0
0
0
0
0
1
0
5
0
4
2
2
1
2
1
46
0
1
0
2
0
0
1
1
1
3
1
4
0
2
4
1
1
1
2
5
1
9
7
5
18
8
6
7
9
11
1
8
11
6
5
3
2
6
3
5
5
5
0
1
0
1
2
3
1
1
2
0
0
0
0
0
5
100
53
19
30
46
90
100
204
586
997
806
451
197
66
34
162
144
74
21
81
101
98
352
522
484
59
67
298
250
122
69
61
44
25
19
9
7
23
33
29
45
18
8
3
14
28
24
25
10
6
7
6
0
0
9
10
1
1
1
1
0
1
3
14
30
36
31
46
59
82
112
170
244
291
353
396
1441
1678
875
1069
1313
1664
1980
1923
1982
2045
2221
2762
3354
3916
3932
3548
3345
3396
3745
4122
4214
4075
3814
3594
3434
3297
3006
2625
2232
1746
1431
1002
705
416
241
134
54
54
159
311
381
529
801
1224
1606
2067
2340
2695
3029
3217
3360
3581
3644
3676
3775
3814
3615
3435
3187
2886
2496
2584
3005
3009
2589
2063
1712
1614
1356
854
844
972
690
304
176
152
90
78
157
114
29
101
112
48
20
29
32
10
3
24
62
40
19
35
67
101
104
102
148
220
277
479
627
780
865
926
953
992
972
839
720
536
393
266
129
49
18
2
0
3
19
49
198
317
504
676
785
730
684
617
570
496
458
430
438
441
485
563
593
553
516
452
403
367
288
197
150
80
83
245
285
142
16
81
90
26
39
81
31
0
1
48
68
150
250
251
154
82
128
296
225
296
346
471
427
632
913
1090
1067
1153
1203
1261
1150
1283
1389
1303
1265
1002
908
837
736
523
347
184
101
58
31
9
2
4
0
2
3
5
13
20
40
80
127
184
168
259
319
352
368
362
320
320
295
223
184
105
60
31
10
3
0
0
1
1
6
29
22
12
14
23
6
5
4
2
4
4
6
9
2
3
6
1
5
4
4
0
0
2
9
19
6
0
1
6
2
2
0
0
0
0
0
0
0
7
13
3
35
81
168
323
439
446
410
342
271
199
150
95
80
63
45
29
23
8
3
4
0
0
3
0
0
0
0
0
0
0
0
1
6
15
13
25
75
206
305
355
363
375
398
434
384
360
479
384
202
89
65
123
85
38
5
3
4
5
3
5
1
0
0
1
1
3
0
0
0
0
0
0
0
0
0
0
0
0
0
0
0
0
0
0
0
0
0
0
0
0
0
0
0
0
3
0
0
0
0
0
0
0
0
0
0
0
0
0
0
0
0
0
0
0
0
0
0
0
0
4
6
3
6
0
0
0
0
0
1
25
4
0
6
1
0
0
0
0
0
0
0
0
0
0
0
0
0
0
0
0
0
0
0
0
0
0
0
0
0
0
0
0
1
1
11
17
3
5
3
1
0
2
0
0
0
0
7
15
26
33
21
17
35
90
121
186
208
344
470
642
697
813
752
618
556
671
617
466
343
281
155
119
92
55
35
19
17
8
5
4
13
14
0
0
0
0
0
0
0
2
0
3
0
0
0
0
0
0
0
0
0
0
0
0
0
0
0
0
0
0
0
0
0
0
0
0
0
0
0
0
0
0
0
0
0
0
2
0
6
23
25
5
3
7
13
62
115
119
107
74
19
63
218
298
288
139
78
94
120
150
253
271
380
414
353
264
383
480
609
666
804
730
690
740
854
1114
1345
1091
914
851
863
887
927
846
815
880
741
801
706
711
692
610
533
478
351
232
143
35
1
0
0
18
127
307
678
912
1098
1442
1764
1964
2506
2703
2496
2436
2535
2602
2472
2221
2195
2009
1913
1768
1723
1715
1678
1795
1750
1784
1798
1719
1606
1486
1345
1209
1132
1096
968
612
212
84
46
37
46
25
12
4
1
0
0
0
0
0
1
3
2
5
6
1
1
1
0
2
2
1
0
0
1
12
11
8
14
12
18
26
41
39
29
30
24
30
47
41
37
46
37
20
19
13
5
12
4
4
0
0
1
2
4
0
1
0
6
4
0
0
1
2
0
0
0
0
0
3
1
0
0
0
0
1
2
0
0
0
0
0
0
0
0
0
1
0
0
0
0
2
1
0
0
0
0
0
0
1
4
3
0
3
28
1
4
10
3
1
0
0
3
0
0
1
1
0
0
1
0
0
0
0
0
0
0
0
3
4
2
0
2
14
29
6
0
7
11
20
21
9
1
0
1
3
4
1
1
0
0
1
0
1
4
0
0
0
4
1
1
0
0
0
0
0
0
0
0
0
0
0
6
9
5
0
0
0
0
0
0
0
0
0
0
0
0
0
0
1
0
0
0
1
0
3
1
0
3
2
11
8
11
23
47
47
57
67
106
150
140
202
236
231
334
354
485
590
842
1233
1284
1272
1468
1787
2032
2318
2698
2822
2820
2769
2890
2844
4827
2201
2101
2016
1826
1599
1320
1059
764
629
445
244
72
19
8
4
45
146
294
409
400
500
647
751
993
1241
1463
1094
985
1066
1242
1422
1438
1369
1089
924
980
925
590
182
68
42
31
21
13
2
10
8
1
2
0
7
16
36
47
29
25
21
20
25
26
9
3
1
0
0
0
0
0
0
2
5
23
51
130
187
228
272
324
370
371
382
340
291
278
268
327
385
480
450
445
404
380
311
319
614
832
416
60
30
52
23
27
10
19
19
12
0
7
16
9
5
4
0
3
5
2
1
1
1
3
1
1
0
0
0
0
0
0
0
0
0
0
0
0
0
0
0
0
1
0
0
0
0
0
0
0
0
0
0
0
0
0
0
0
0
0
0
0
0
0
0
0
0
2
0
0
3
5
1
0
0
0
0
0
0
0
0
0
0
0
0
0
0
0
0
0
0
0
0
0
0
0
0
0
0
0
0
0
0
0
0
0
0
0
0
0
0
0
0
0
0
0
0
0
0
0
0
0
0
0
0
0
0
0
0
0
0
0
0
0
0
0
0
0
0
0
0
0
0
0
0
0
0
0
0
0
0
0
0
0
0
0
0
0
0
0
0
0
0
0
0
0
0
0
0
0
0
0
0
0
0
0
0
0
0
0
0
0
0
0
0
0
0
0
0
0
0
0
0
0
0
0
0
0
0
0
0
0
0
0
1
1
2
1
2
11
9
1
1
3
3
0
2
0
0
0
0
0
0
0
0
0
0
1
0
0
0
0
0
0
0
0
0
0
0
0
0
0
0
0
0
0
0
0
0
0
3
4
0
0
0
0
0
0
0
0
0
0
0
0
0
0
0
0
0
0
0
0
0
1
0
0
1
0
0
0
0
0
0
0
0
0
0
0
0
7
6
7
6
0
9
21
19
10
1
0
0
0
0
0
0
0
0
0
0
0
0
0
0
0
0
0
0
0
0
0
0
0
0
0
0
0
0
1
0
0
0
0
0
0
0
0
0
0
0
0
0
0
0
0
0
1
0
0
0
12
12
5
0
0
7
46
62
102
169
305
355
324
280
257
195
144
61
35
36
17
6
7
3
0
1
2
1
1
0
0
2
0
0
0
0
0
0
0
0
3
0
0
0
0
1
4
2
8
8
59
103
29
28
71
2
0
0
0
0
0
2
16
3
3
1
16
87
267
378
423
371
271
149
93
38
20
13
19
13
1
0
0
0
0
0
0
0
0
3
2
2
7
8
16
33
70
237
330
357
440
724
990
1180
1344
1500
1822
2240
2891
3831
4699
4835
4450
4276
4572
4944
5287
5528
5642
5298
4978
4656
4579
4577
4648
4476
3426
2876
2804
2471
2482
2349
1844
1456
1097
828
671
467
277
161
91
31
8
2
0
0
0
0
0
1
0
3
5
0
2
0
1
0
1
1
0
1
0
1
0
0
0
0
0
0
0
0
0
6
93
141
85
3
0
3
40
23
0
0
0
0
0
0
0
0
2
0
1
0
0
0
0
0
0
0
0
0
0
1
3
5
5
2
0
0
0
0
7
5
0
0
0
0
0
0
0
0
0
0
0
11
12
0
0
1
0
0
0
0
1
21
66
112
141
126
32
3
6
0
6
10
1
1
0
0
0
0
0
0
0
0
3
9
4
2
0
0
0
0
1
0
0
0
0
0
0
0
0
0
0
0
0
0
2
14
10
0
0
0
0
0
7
10
8
4
0
0
0
0
0
0
0
0
0
0
0
0
0
0
0
0
0
0
0
0
0
0
0
0
0
0
0
0
0
0
0
0
0
0
1
0
0
1
6
4
7
1
0
0
0
0
0
0
0
0
0
0
0
0
0
0
0
0
0
0
0
0
0
0
0
0
0
0
0
0
0
0
0
0
0
0
0
0
0
0
0
0
0
0
0
0
0
0
0
4
0
3
2
3
0
0
0
0
0
0
0
0
0
0
0
0
0
0
0
0
0
0
0
0
0
0
0
0
0
0
0
0
0
0
0
0
0
6
7
0
2
0
0
0
0
0
0
0
0
0
0
0
0
0
0
0
0
0
0
0
0
0
0
0
0
0
0
0
0
0
0
0
0
0
0
0
0
0
0
0
0
0
0
0
0
0
11
8
0
0
0
1
0
0
0
0
0
0
0
0
0
0
0
0
0
0
0
0
0
0
0
0
0
0
2
0
0
0
0
0
0
0
0
0
0
0
0
2
2
0
0
1
0
0
0
0
0
1
1
1
1
0
1
3
0
0
2
0
0
1
0
0
4
4
3
2
1
8
12
15
4
0
0
0
0
0
0
0
0
0
0
0
0
0
0
0
0
0
0
0
0
0
0
0
0
0
0
0
0
0
0
0
0
0
0
0
0
0
0
0
0
0
0
0
0
0
0
0
0
0
0
0
0
0
0
0
0
0
0
0
0
0
0
0
0
0
0
0
0
0
0
0
0
0
0
0
0
0
0
0
0
0
0
0
0
0
0
0
0
0
0
0
0
0
0
0
0
0
0
0
0
0
0
0
0
0
0
0
0
0
0
0
0
0
0
0
0
0
0
0
0
0
0
0
0
0
0
0
0
0
0
0
0
0
0
0
0
0
0
0
0
0
0
0
4
7
2
0
2
1
0
0
0
0
0
0
0
0
0
0
0
0
0
0
0
0
0
0
0
0
0
0
0
10
133
158
106
1
0
28
88
26
1
0
1
0
1
0
0
3
1
0
0
0
0
0
1
1
1
0
0
2
0
0
0
0
2
20
47
22
0
0
0
0
0
0
0
5
7
16
0
1
6
4
0
0
0
0
0
0
0
0
0
0
0
0
0
0
0
0
0
0
0
0
0
0
0
0
0
0
0
0
0
0
0
0
0
0
0
0
0
0
0
0
0
0
0
0
0
0
0
0
0
0
0
0
0
0
0
0
0
0
0
0
0
0
0
0
0
0
0
0
1
1
1
0
0
0
0
0
0
0
0
0
0
0
0
0
0
0
0
0
0
7
5
0
1
1
0
0
0
0
0
0
0
0
0
0
1
0
0
0
0
0
0
0
0
0
0
0
0
0
0
0
0
0
0
0
0
0
0
0
0
0
0
0
0
0
0
0
0
0
0
0
0
0
0
0
0
0
0
0
0
0
0
0
0
0
0
0
0
0
0
0
0
0
0
0
0
0
0
0
0
0
0
0
0
0
0
0
0
0
0
0
0
0
0
0
0
0
1
14
5
0
0
0
0
0
0
0
1
5
1
0
0
0
0
0
0
0
0
0
0
0
0
0
0
0
0
0
0
2
1
0
0
0
6
20
8
0
5
7
0
0
0
0
7
5
0
0
4
6
0
0
0
2
4
0
6
8
2
0
0
0
0
0
0
0
0
0
0
0
0
0
0
0
0
0
0
2
5
0
0
0
0
0
0
0
0
0
0
1
8
0
0
9
9
2
0
0
0
0
0
0
0
0
0
8
10
5
0
0
0
0
0
5
11
8
5
0
0
0
0
0
0
0
1
0
0
16
10
0
3
4
0
0
0
0
0
0
0
0
0
0
0
0
0
0
0
0
0
0
0
0
0
0
0
0
0
0
0
0
0
0
0
0
0
0
0
3
15
0
3
4
1
0
0
0
0
0
1
0
0
4
0
0
7
0
4
9
6
1
0
0
0
0
0
1
0
8
14
4
0
0
1
0
0
0
0
0
0
0
0
0
0
0
0
0
0
0
0
0
1
8
15
8
0
7
31
25
5
0
2
10
20
9
2
0
0
0
0
0
0
1
0
5
2
0
0
0
4
7
0
0
0
0
7
3
3
0
0
1
0
0
0
0
0
0
0
0
0
0
0
0
0
0
0
0
0
0
0
0
0
0
0
26
11
0
2
6
7
1
0
0
0
0
0
5
4
0
0
0
0
0
2
0
0
1
3
4
8
0
0
0
0
0
0
0
0
0
0
0
0
0
0
0
0
0
0
0
0
0
1
0
0
0
0
0
0
0
0
0
0
0
0
0
0
0
0
0
0
0
0
0
0
0
0
0
0
0
0
0
0
0
0
0
1
9
0
0
0
0
0
0
0
0
9
8
0
13
22
10
0
0
0
0
0
0
0
0
0
0
0
0
0
0
0
0
0
0
0
0
0
0
0
0
0
0
0
0
0
0
0
4
21
0
0
3
1
1
1
0
1
0
0
0
0
0
0
0
0
2
0
0
0
0
0
0
1
0
0
0
0
0
0
0
0
0
0
0
0
0
0
0
0
0
0
2
0
0
0
0
0
11
0
0
0
0
0
0
0
0
0
0
2
0
0
0
0
0
0
0
0
0
0
0
0
0
0
1
41
62
142
303
503
611
749
818
955
1055
1291
1519
1776
2045
2214
2513
2853
3193
3577
3723
3986
4182
4205
4162
4233
4222
4268
4222
4120
3950
3771
3608
3439
3203
3155
2937
2738
2397
2189
1968
1674
1427
1210
945
741
1129
2106
2375
2129
1982
1781
1672
1628
1828
2313
3022
3751
4006
4123
4785
5181
4475
3963
3851
3795
3588
3450
3504
3634
3422
3047
2636
2269
1969
1641
1357
1116
922
863
926
955
750
490
325
231
186
166
83
41
33
17
4
6
10
31
26
21
23
20
19
4
2
0
0
1
0
0
0
2
4
1
1
1
3
18
4
15
15
4
1
0
2
0
0
0
0
0
0
0
0
0
0
0
0
1
0
0
3
12
4
0
6
11
3
7
10
2
0
5
19
8
0
9
9
0
0
0
1
0
0
0
1
0
0
3
1
0
7
0
5
6
2
0
0
0
0
0
0
0
0
0
0
0
0
0
0
0
0
0
0
0
12
27
3
1
18
24
10
0
7
12
1
0
1
4
9
13
7
0
5
1
0
0
0
0
3
4
2
1
0
0
0
0
0
0
0
0
6
27
14
2
0
1
9
12
0
0
6
8
3
0
0
0
0
0
0
0
0
0
7
5
0
8
6
0
0
1
3
0
0
0
0
0
0
0
0
1
0
0
1
2
1
1
1
0
0
0
0
0
0
0
0
0
12
9
17
35
84
127
189
246
254
273
240
189
102
57
17
4
3
3
0
0
1
2
2
1
1
5
2
11
18
5
0
0
0
3
2
0
2
4
6
7
12
8
3
2
0
0
0
0
0
1
1
0
0
0
0
0
0
0
1
0
0
0
0
0
0
0
0
0
0
0
0
0
0
0
0
0
0
0
0
0
0
0
0
0
0
0
0
0
0
0
0
0
0
0
1
2
10
24
56
100
113
102
89
78
56
65
49
21
21
16
6
0
0
1
1
0
0
0
0
0
0
0
0
0
0
2
0
0
0
0
0
0
2
0
0
0
0
0
0
0
0
0
0
0
0
0
0
0
0
0
0
0
0
0
0
0
0
0
0
0
0
0
0
0
0
0
0
0
0
0
0
1
8
5
0
0
4
0
0
0
0
0
0
0
0
0
0
0
0
0
2
3
0
0
0
7
3
0
0
0
0
0
0
0
0
0
0
0
0
0
0
0
0
0
0
0
0
0
0
0
0
0
0
0
0
0
0
0
0
0
0
0
0
0
0
0
0
0
0
0
0
0
0
0
0
0
0
0
0
0
0
0
0
0
0
0
0
0
0
0
0
0
0
0
0
0
0
0
0
0
0
0
0
0
0
0
0
0
0
0
0
0
0
0
3
4
0
0
0
0
0
0
0
0
0
0
0
0
0
0
0
0
0
0
0
0
0
0
0
0
0
0
0
0
0
0
0
0
0
0
0
0
0
0
0
0
0
0
0
0
0
0
0
0
0
0
0
0
4
9
3
0
0
0
0
0
0
0
0
2
4
0
0
0
3
0
0
0
0
0
0
0
0
0
0
0
0
0
0
0
0
0
0
0
0
0
0
0
0
0
0
0
0
0
0
0
0
0
0
0
0
0
0
0
0
0
0
0
0
0
0
0
0
0
0
0
0
0
0
0
0
0
0
0
0
0
0
0
0
0
0
0
0
0
0
0
0
0
0
0
0
0
0
0
0
1
10
10
1
19
5
0
0
3
2
0
0
0
0
0
0
0
0
0
0
0
0
0
0
0
0
0
0
0
0
2
4
0
0
1
20
1
23
21
1
4
31
22
0
4
15
2
0
2
1
0
0
0
0
0
0
0
0
11
0
13
7
0
0
3
3
0
0
0
0
0
0
0
0
0
0
0
0
0
0
0
0
0
0
0
0
0
0
0
8
5
0
7
19
7
0
0
0
0
0
0
1
1
0
3
8
3
0
0
0
0
0
0
0
0
0
0
0
0
0
0
0
0
0
0
0
0
0
0
0
13
18
1
0
0
0
0
0
0
0
0
0
0
0
0
0
1
0
0
0
0
0
0
0
0
0
0
0
0
0
0
0
0
0
0
0
0
0
0
0
0
0
0
0
1
0
0
0
0
0
10
23
25
41
51
88
184
339
701
1395
2658
3291
3545
3914
4037
4200
3940
2956
1429
429
296
304
298
178
86
103
165
114
47
61
94
74
90
120
226
344
382
413
378
402
326
382
351
517
543
559
689
800
881
575
501
490
475
589
361
265
231
183
299
78
24
8
17
185
182
103
97
131
423
314
129
139
149
189
195
113
63
69
97
95
132
169
146
110
96
104
107
94
93
51
49
51
27
17
19
55
57
57
111
105
125
104
131
253
136
55
37
56
81
220
495
537
329
243
78
22
6
49
262
364
328
276
193
92
14
17
44
6
541
1150
1037
392
74
119
97
28
19
62
49
41
19
25
60
133
186
177
161
139
119
115
150
226
215
132
82
123
112
122
134
181
201
170
153
104
79
61
61
61
113
194
219
155
75
39
55
61
75
78
53
8
14
17
28
37
33
31
21
1
21
35
43
53
25
31
9
1
1
4
26
27
55
59
38
126
197
148
123
93
42
42
23
0
0
4
0
0
11
2
0
0
0
0
2
2
3
0
0
0
0
0
0
0
0
0
1
0
0
0
0
0
0
0
0
5
10
2
0
7
8
14
6
3
1
0
0
0
0
0
10
20
29
51
54
28
8
5
2
0
0
1
5
0
0
0
0
0
3
17
40
46
36
23
23
23
15
4
1
2
17
43
92
109
88
59
44
36
17
0
0
0
0
0
0
1
0
0
0
0
0
0
0
0
8
4
3
0
1
8
19
16
17
29
35
36
24
10
1
5
15
82
90
13
5
4
2
3
10
13
0
2
13
9
7
19
26
26
31
27
14
3
1
0
1
1
14
49
54
23
5
11
7
42
42
3
5
4
1
1
4
20
15
1
0
0
0
1
0
7
2
0
0
0
0
0
0
8
9
6
2
2
1
0
17
25
27
26
12
0
0
0
0
0
0
0
0
0
0
0
0
0
0
0
0
0
17
98
57
10
1
3
16
39
22
4
0
11
35
7
0
0
0
2
0
0
0
16
6
0
3
2
0
5
4
0
0
0
0
0
0
0
0
0
0
0
0
0
1
0
0
0
0
1
0
0
0
0
0
0
37
141
327
428
376
284
219
263
284
190
70
26
19
17
17
2
20
131
94
4
6
7
0
20
39
5
0
10
15
0
0
2
7
53
81
52
16
34
52
76
67
54
59
77
108
98
90
113
129
45
15
6
11
3
0
7
15
2
0
7
8
6
0
0
0
0
0
2
1
0
0
0
0
0
0
0
0
0
0
0
0
0
0
0
0
0
0
0
0
0
0
0
0
0
0
0
0
0
0
0
7
1
0
1
14
4
0
0
0
0
0
0
0
0
0
0
0
0
0
0
0
0
0
0
0
0
0
0
0
0
15
8
0
5
9
3
0
7
11
4
0
8
10
5
0
0
0
0
0
0
0
0
0
0
0
0
0
0
0
0
0
5
0
0
0
0
0
0
0
1
0
5
7
0
0
2
0
0
0
0
0
1
2
5
3
0
0
1
0
0
0
0
0
0
0
0
0
0
0
0
0
0
0
0
0
0
0
0
0
0
0
0
0
0
0
1
1
1
0
0
0
0
0
0
0
3
4
1
0
0
0
0
0
0
0
0
0
0
0
0
0
0
0
0
0
0
0
0
2
0
0
0
0
0
0
3
0
0
0
0
0
0
0
0
1
0
0
0
0
0
0
0
0
0
0
0
0
0
0
0
0
0
0
0
0
0
0
0
0
0
0
0
0
0
1
0
0
0
0
0
0
0
0
0
0
0
0
0
0
0
0
0
0
0
0
0
0
0
0
0
0
0
0
0
0
0
0
0
0
0
0
0
1
0
0
0
0
0
0
0
0
0
1
0
0
1
0
0
0
0
0
1
0
0
0
0
0
0
0
0
0
0
0
0
0
0
0
0
0
0
0
0
0
0
0
0
0
0
0
9
8
0
0
0
2
0
0
0
0
0
0
0
0
0
0
0
0
0
0
0
0
0
0
0
0
0
0
0
0
0
0
0
0
0
0
0
0
0
0
0
0
0
0
0
0
0
0
0
0
0
0
0
0
0
0
0
0
0
0
0
0
0
0
0
0
0
0
0
0
0
0
0
0
0
0
0
0
0
0
0
0
1
2
8
16
22
24
13
4
0
0
0
0
0
0
0
0
0
0
0
0
0
0
0
0
0
0
0
0
0
0
0
0
0
0
0
0
0
0
0
0
0
0
0
0
0
0
0
0
0
0
0
0
0
0
0
0
0
0
0
0
0
0
0
0
0
0
0
0
0
0
0
0
0
0
0
0
0
0
0
0
0
0
0
0
0
0
0
0
0
0
0
0
0
0
0
0
0
6
11
0
0
0
0
0
0
0
0
0
0
0
0
0
0
0
0
0
0
0
0
0
0
0
0
21
77
76
43
10
14
23
0
1
6
7
4
0
0
1
0
0
0
0
0
4
0
0
0
0
0
0
0
0
0
0
0
0
0
0
0
2
0
0
0
0
1
3
0
0
0
0
0
0
0
0
0
0
0
0
0
0
0
0
0
0
0
0
0
0
0
0
0
0
0
0
0
0
0
0
0
0
0
0
0
0
0
0
0
0
0
0
0
0
0
0
0
0
0
0
0
0
6
0
0
6
0
0
3
24
0
4
12
4
8
3
0
0
0
0
3
1
0
8
6
1
0
16
10
2
9
15
0
0
0
0
5
0
0
0
7
8
0
2
21
21
0
12
25
2
0
1
0
2
2
1
0
0
0
4
13
16
25
14
8
3
0
3
2
38
0
3
2
0
0
1
0
0
0
0
0
0
0
0
0
0
0
0
0
0
0
0
0
0
0
0
0
0
0
0
0
0
0
0
0
0
0
0
0
0
0
0
0
0
0
0
0
0
0
0
0
0
0
0
0
0
0
0
0
0
0
0
0
0
1
1
0
0
0
1
2
0
0
0
0
1
2
2
1
1
0
0
1
5
5
6
6
4
1
5
3
6
3
0
1
4
0
0
0
0
5
22
8
0
19
18
7
0
0
1
2
3
7
4
0
5
2
16
11
8
0
2
7
0
0
1
8
11
0
10
10
2
7
7
9
3
4
5
0
3
4
0
0
0
2
1
0
0
0
0
1
0
0
0
0
0
0
0
0
0
0
0
0
0
0
0
0
0
0
0
0
0
0
0
0
0
0
0
0
0
0
0
0
0
0
0
0
0
0
0
0
0
0
0
0
0
0
2
6
2
0
0
0
0
0
0
9
9
0
0
6
16
30
31
32
19
14
3
0
3
13
28
46
35
10
0
0
0
0
0
0
0
0
0
0
0
0
0
0
0
0
0
0
0
0
0
1
2
7
2
0
0
0
1
1
1
8
0
7
9
14
13
0
0
0
1
1
0
1
15
12
6
0
0
0
0
0
0
0
0
0
0
0
0
0
0
0
0
0
0
0
0
0
0
1
0
0
0
0
0
0
0
0
0
0
0
0
0
0
0
0
0
0
0
0
0
0
0
0
0
2
6
0
11
11
1
0
0
0
0
0
0
0
0
0
0
0
0
0
0
0
0
5
13
0
0
0
1
0
0
0
0
0
0
1
0
0
0
0
0
0
0
0
0
0
0
0
0
0
0
0
0
0
0
0
0
0
0
0
0
0
0
0
0
0
0
0
0
0
0
0
0
0
0
0
0
0
0
0
0
0
0
0
0
0
0
0
0
0
0
0
0
0
0
0
0
0
0
0
0
0
0
0
0
0
0
0
0
0
0
0
0
0
0
0
0
0
0
0
0
0
0
0
0
0
0
0
0
0
0
0
0
0
0
0
0
0
0
0
0
0
0
0
0
0
0
0
0
0
0
0
0
0
0
0
0
0
0
0
0
0
0
0
0
0
0
0
0
0
0
0
0
0
0
0
0
0
0
0
0
0
0
0
0
0
0
0
1
0
0
0
0
0
0
0
0
0
0
0
0
0
0
0
0
0
0
0
0
0
0
0
0
0
0
0
0
0
0
0
0
0
0
0
37
86
68
11
0
2
46
65
36
7
0
0
0
1
1
0
0
0
0
0
0
0
0
0
0
16
7
0
1
0
1
0
0
0
0
0
0
0
0
60
0
0
1
0
0
0
0
0
0
0
0
4
9
0
3
21
17
0
2
9
6
1
2
1
0
1
9
2
0
0
0
0
0
0
0
0
0
0
0
0
0
0
1
0
0
0
0
0
0
0
0
0
0
7
4
0
2
21
7
0
0
3
0
0
0
0
0
0
0
0
0
0
0
0
0
0
0
7
10
0
9
20
7
0
0
0
0
0
0
0
0
0
0
0
0
0
2
3
3
0
1
7
0
0
0
0
0
0
0
0
1
9
22
15
0
0
29
30
18
0
1
0
0
0
0
1
0
1
46
353
187
15
9
4
2
1
0
0
0
0
0
0
1
1
0
1
2
1
4
0
0
0
0
0
0
0
0
0
0
0
0
0
0
0
0
0
0
0
0
0
0
4
24
0
2
3
1
0
0
0
0
0
0
0
0
0
0
0
0
0
0
0
0
0
0
0
0
0
0
0
0
0
0
0
0
0
0
0
0
0
0
0
10
28
9
0
0
3
6
8
9
7
2
0
0
0
0
0
0
0
0
0
0
0
0
0
0
0
0
0
0
0
0
0
0
0
0
0
0
0
0
0
0
0
0
0
0
0
0
0
0
0
0
0
0
0
0
0
0
0
0
0
0
0
0
0
0
0
1
1
1
0
1
0
9
4
0
4
1
1
0
0
0
0
0
0
0
0
0
0
0
0
0
0
0
0
0
0
0
0
0
0
0
0
0
0
0
0
0
0
0
0
0
0
0
0
0
0
0
0
0
0
0
0
0
0
0
0
0
0
0
0
0
0
0
0
0
0
0
0
0
0
0
0
0
0
0
0
0
0
0
1
0
0
0
0
1
0
0
0
0
2
0
0
6
3
0
0
8
22
24
0
0
11
8
0
0
0
5
8
2
0
0
0
0
0
0
0
0
0
0
0
0
0
0
0
0
0
0
0
0
0
0
0
0
0
1
0
0
1
0
0
0
3
5
4
6
8
2
10
11
9
5
6
10
3
6
14
15
13
19
47
92
90
74
72
129
213
329
530
685
736
690
763
797
870
948
989
1180
1599
1883
1971
1572
936
734
895
1033
979
885
781
709
643
642
575
574
538
478
409
337
279
201
191
165
149
153
152
122
118
121
124
113
120
111
111
99
79
70
30
30
39
23
31
20
35
26
22
9
15
7
3
4
2
1
1
0
0
1
6
12
4
0
2
0
2
3
0
0
0
0
0
0
0
0
0
0
0
0
0
0
0
0
0
0
0
0
0
0
0
0
1
1
1
0
5
4
3
3
5
8
24
20
22
22
23
13
7
0
12
9
9
15
8
0
1
0
0
2
0
0
1
2
5
4
5
1
0
0
3
27
29
9
0
0
0
1
1
2
2
1
0
1
0
0
0
0
0
0
0
0
0
0
0
0
0
0
0
1
0
0
0
0
0
3
1
0
0
0
0
2
11
0
0
2
1
0
0
0
0
0
0
1
1
0
1
0
1
0
2
0
5
0
0
0
0
1
0
0
0
0
0
0
0
0
0
0
0
0
0
0
0
0
0
3
1
3
0
0
0
0
1
3
5
5
0
0
0
0
0
0
0
0
1
1
0
0
0
0
0
0
0
1
0
0
0
0
0
0
0
0
0
0
0
1
1
3
4
5
0
0
0
0
0
0
2
6
6
0
0
0
0
0
0
0
0
0
0
1
0
0
0
0
0
0
0
0
0
0
0
0
0
0
0
0
0
0
0
0
0
0
0
0
0
0
0
0
0
1
0
0
0
0
0
0
0
0
0
0
0
0
0
0
0
0
0
0
0
0
0
0
0
0
0
0
0
0
0
0
0
0
0
0
0
0
0
0
0
0
0
0
0
0
0
0
0
0
0
0
0
0
0
7
9
0
0
0
0
1
0
0
0
0
0
0
0
0
0
0
0
0
0
0
0
0
1
4
9
12
0
0
13
16
13
8
14
25
22
4
0
0
1
0
0
0
0
0
0
0
0
0
0
0
0
3
0
0
0
0
20
24
20
0
5
19
21
11
0
4
11
1
0
0
0
1
0
0
0
0
0
0
7
7
1
0
1
2
2
1
4
0
0
0
4
3
0
1
0
1
0
1
1
2
0
1
0
0
0
1
1
1
4
7
7
10
14
23
58
65
49
53
58
89
77
57
55
47
36
28
22
17
14
6
0
0
0
0
0
0
0
0
0
0
0
0
0
0
4
23
1
0
0
0
1
0
0
0
1
1
0
1
1
3
1
3
5
1
0
1
0
2
0
1
1
0
0
0
0
0
0
1
0
2
1
1
0
3
2
0
5
1
0
1
1
0
0
0
1
7
3
1
1
0
0
1
18
0
2
3
3
1
1
0
8
0
9
11
11
13
24
28
24
39
29
19
22
27
27
32
26
20
23
29
20
18
10
10
3
6
1
2
2
0
1
0
0
0
0
0
0
0
0
0
0
0
0
0
0
1
0
0
0
1
0
0
1
0
1
0
0
1
1
3
2
3
3
2
2
26
8
0
0
0
4
0
0
1
0
0
1
0
0
0
1
0
0
0
0
0
0
1
2
0
0
0
1
2
2
0
0
1
8
8
9
13
11
17
14
17
18
28
28
35
29
21
23
20
24
11
7
1
0
0
1
1
4
0
0
0
0
0
0
0
1
5
0
4
2
13
4
10
4
4
12
7
3
1
1
4
4
7
0
2
7
3
9
6
22
68
126
231
280
348
404
430
456
501
597
647
686
711
756
740
740
680
663
567
512
458
417
357
307
272
264
223
225
210
194
143
95
114
119
242
391
483
410
351
389
546
881
1244
1700
2339
2875
3341
3927
4387
5183
5868
6525
7029
7135
7389
7684
7737
7722
7802
7814
7887
7788
7502
7252
6957
6683
6483
6299
6382
6553
6280
6252
6032
6010
5764
5690
5027
4776
4197
3883
3789
3735
4096
3791
2976
2701
2609
2572
2328
1750
1397
866
585
582
825
990
916
730
552
703
923
929
969
1783
2412
2341
1604
1365
1331
1769
2588
2389
2207
2357
2623
2938
3339
3761
4044
4314
4598
4876
4790
5083
5114
5232
5114
5432
5300
4855
4262
3769
3239
2820
2480
2046
1728
1413
1029
701
506
441
355
315
317
250
152
65
100
180
164
52
24
16
4
4
2
1
0
0
0
1
0
0
0
0
0
0
0
0
0
0
0
0
0
0
2
1
0
0
0
0
0
0
0
0
0
0
0
0
0
0
1
2
2
1
0
0
0
0
1
0
0
0
0
0
0
0
0
0
0
0
0
0
0
0
0
0
0
0
0
0
0
0
0
0
0
0
2
113
244
1
1
1
0
0
0
0
0
0
0
0
0
0
0
0
0
0
0
0
0
0
0
0
0
0
0
0
0
0
0
0
0
0
0
0
0
0
0
0
0
0
0
0
0
0
0
0
0
0
0
0
0
0
0
0
0
0
0
0
0
0
0
0
0
0
0
0
0
0
0
0
0
0
0
0
0
0
0
0
0
1
0
0
0
0
0
0
0
0
0
0
0
0
0
0
0
0
3
11
4
0
0
1
0
0
0
0
0
0
5
4
0
0
0
1
0
0
0
0
0
0
0
0
0
0
0
0
0
0
0
0
0
0
0
0
0
0
0
0
0
0
0
0
0
0
0
0
0
0
0
0
0
0
0
0
0
0
0
0
0
0
0
0
0
0
0
0
0
0
0
0
0
0
0
0
0
0
0
0
0
0
0
0
0
0
0
0
0
0
0
0
0
0
0
0
0
0
0
0
0
0
0
0
0
0
0
3
5
0
0
0
0
0
0
0
0
0
0
0
0
0
0
0
0
0
0
0
0
0
0
0
0
0
0
0
0
0
0
0
0
0
0
2
9
4
0
0
0
1
0
0
0
0
0
0
0
0
2
0
0
0
0
0
0
0
0
0
0
0
0
0
0
0
0
0
0
0
0
0
0
0
0
0
0
0
0
0
0
0
0
0
0
0
1
1
0
0
0
0
0
0
0
0
0
13
7
0
2
1
2
0
0
0
0
0
0
0
0
0
0
0
0
0
0
2
2
0
0
0
0
12
27
42
48
19
7
0
14
5
25
15
24
34
43
40
19
28
21
26
15
34
38
15
14
10
0
1
0
0
0
0
0
0
0
1
2
1
0
1
2
0
1
12
8
0
1
0
0
0
0
0
0
0
0
0
0
0
0
0
7
1
0
0
8
1
0
0
0
0
0
0
0
0
0
0
0
0
5
8
0
12
11
0
0
0
0
0
0
0
0
2
7
6
1
6
13
0
4
8
0
0
1
0
0
0
2
0
0
0
0
1
0
0
0
0
0
3
9
55
127
278
142
31
1
2
5
10
24
13
17
0
0
0
0
0
0
0
0
0
0
0
0
0
0
0
0
0
0
0
0
0
0
0
0
0
0
0
0
0
0
0
0
0
0
0
0
0
0
0
0
0
0
0
6
0
0
8
29
127
399
680
1139
1759
2258
2885
3412
3816
4237
4525
4881
5044
5168
5253
5350
5365
5215
5255
5177
5158
5121
5206
4987
4634
4257
3946
3676
3358
3022
2680
2335
1986
1805
1549
1393
1087
817
525
354
264
269
428
704
1004
1537
2163
2853
3517
4248
4538
5058
5444
5724
6172
6525
6665
6893
7114
7124
7072
7189
7358
7411
7157
7029
6869
6832
6883
6875
6426
6290
5819
5414
5033
4669
4356
3906
3541
3150
2935
2960
2873
2853
3153
3618
3929
3192
1442
1391
1335
1185
1050
899
683
392
345
279
217
321
218
37
5
81
15
2
36
17
35
159
446
397
205
68
54
68
80
26
17
25
15
10
3
10
35
55
42
63
87
38
7
1
3
6
5
21
14
24
90
83
98
58
56
101
125
326
337
193
69
20
4
18
43
111
101
73
104
107
106
142
96
32
25
4
2
1
26
59
143
239
313
321
224
126
70
89
64
56
35
118
72
70
94
111
108
70
73
75
55
64
98
71
39
111
189
245
268
236
191
186
163
73
55
43
45
18
10
23
5
1
9
13
7
5
9
13
19
14
4
9
16
33
53
20
14
10
37
29
17
5
9
8
0
0
0
4
1
0
0
8
10
3
0
0
1
0
1
0
0
0
0
2
6
63
220
256
88
9
56
692
1095
189
14
13
16
27
15
2
8
6
2
5
16
33
130
769
1284
1361
745
131
28
16
38
51
71
92
77
71
48
45
58
76
169
240
281
310
396
442
507
702
851
965
1136
1292
1516
1854
2022
2274
2511
2790
3073
3282
3309
3609
3981
4125
4106
4110
3842
3514
3487
3267
3021
2747
2546
2241
2039
1627
1386
1014
682
377
151
45
10
5
28
47
68
79
76
73
69
58
58
41
42
34
36
43
33
29
13
15
17
15
3
2
0
0
0
1
0
0
0
0
0
0
0
0
0
0
0
0
0
0
0
0
0
0
0
0
0
1
0
0
0
0
0
0
0
0
0
1
0
0
0
0
0
0
0
0
0
0
0
0
0
0
0
0
0
0
0
0
0
0
0
0
0
0
0
0
0
0
0
0
0
0
0
0
0
0
0
0
0
0
0
0
0
0
0
0
0
0
0
0
0
0
0
0
0
0
0
0
0
0
0
0
0
0
0
0
0
0
0
0
0
0
0
0
0
0
0
0
0
0
0
0
0
0
0
0
0
0
0
0
0
0
0
0
0
0
0
0
0
0
0
0
0
0
0
0
0
0
0
0
0
0
0
0
0
0
0
0
0
0
0
0
0
0
0
0
0
0
0
0
0
0
0
0
0
0
0
0
0
0
0
0
0
0
0
0
0
0
0
0
0
0
0
0
0
0
0
0
0
0
0
0
0
0
0
12
176
259
235
74
33
192
200
56
22
143
142
1
17
133
53
20
0
20
22
2
3
6
3
1
1
5
5
0
0
1
0
0
0
0
0
0
0
0
0
0
0
0
0
0
0
0
0
0
0
0
0
0
0
0
0
0
0
0
0
0
0
0
0
0
0
0
0
0
0
0
0
0
0
0
0
0
0
0
0
0
0
0
0
0
0
0
0
0
0
0
0
0
0
0
0
0
0
0
0
0
0
0
0
0
0
0
0
0
0
0
0
0
0
1
4
17
59
146
246
443
648
811
1127
1315
1543
1801
1901
2079
2205
2376
2538
2745
2897
2930
2870
2960
3235
3903
4200
4056
3454
2296
1868
1972
1907
1435
911
645
641
745
870
990
1107
628
21
135
918
1044
394
71
54
114
110
113
233
360
380
165
11
7
3
1
0
0
0
2
5
41
333
283
111
293
611
694
650
1751
2726
2726
2188
1231
404
199
357
500
209
31
47
63
60
40
66
71
80
111
69
36
17
35
109
233
265
128
185
715
290
22
153
529
354
59
6
20
37
38
45
54
61
54
74
114
44
60
26
13
9
2
5
22
8
14
2
0
0
0
5
16
14
8
9
6
19
14
11
16
38
112
217
236
359
376
389
473
651
1273
1815
1336
543
289
128
62
75
117
126
210
248
90
5
1
22
21
7
1
2
3
3
5
12
6
30
23
14
47
25
1
9
6
6
0
16
196
1148
1263
737
448
451
235
93
76
604
1454
1339
497
80
97
110
92
150
659
1261
1260
631
282
172
108
68
86
131
216
129
20
3
5
0
3
7
15
15
9
3
1
3
1
0
2
1
0
2
4
2
1
0
0
0
1
0
0
0
4
16
21
7
0
7
9
7
2
0
0
0
0
0
0
4
9
12
0
8
24
24
12
0
0
4
4
12
6
0
2
1
3
2
0
1
0
0
0
0
0
0
0
0
7
8
1
5
7
10
6
1
2
1
2
5
2
1
0
0
0
0
0
1
3
9
6
1
0
0
0
0
2
1
0
0
0
0
0
3
5
3
0
0
0
0
0
0
0
0
0
0
0
0
0
0
0
0
0
0
0
0
0
0
0
0
0
0
0
0
0
3
0
0
0
0
0
0
0
0
0
0
0
0
0
0
0
0
0
0
0
0
0
0
0
0
0
0
0
0
0
0
0
0
0
0
0
0
0
1
4
1
0
0
0
0
0
0
0
0
0
0
0
0
0
0
0
0
0
0
0
0
0
0
0
0
0
0
0
0
0
1
23
2
0
2
4
4
14
32
44
58
88
81
90
147
312
554
793
1312
1739
2268
2694
3079
3523
3871
4090
4362
4488
4443
4764
4866
4843
4932
4783
4662
4529
4349
4069
3881
3626
3348
3087
2936
2800
2332
1949
1623
1266
853
619
355
237
153
113
40
8
9
4
3
1
5
5
0
0
2
0
0
0
2
3
0
12
19
0
3
12
5
1
7
2
0
2
2
0
0
0
1
6
7
0
5
6
0
0
0
0
4
9
9
1
0
0
0
1
0
0
0
0
0
0
0
2
131
385
715
923
472
24
96
62
17
24
41
6
0
1
0
0
0
0
0
0
0
1
0
0
0
0
0
0
0
0
0
0
0
0
0
0
0
0
0
0
0
0
0
0
0
3
121
395
1328
3006
3508
3344
3192
3075
3561
4055
4006
3763
2752
1453
769
564
667
416
196
164
249
428
273
179
156
259
217
74
114
21
17
73
210
989
2093
1371
110
62
154
361
837
1079
522
157
151
118
93
127
35
97
374
708
611
536
632
736
780
754
424
501
515
386
350
283
278
149
110
283
515
533
648
915
909
138
319
427
419
477
479
709
768
546
199
254
382
416
408
421
364
329
374
594
739
611
636
562
469
427
379
356
347
318
318
303
317
388
503
700
860
1122
1143
1448
1725
2003
2287
2561
2922
3289
3612
3853
3824
3896
4105
3908
3831
3837
3797
3768
3869
3704
3645
3547
3432
3173
2929
2807
2649
2396
2054
1740
1504
1401
1272
1020
817
748
811
874
850
855
941
884
900
790
692
647
554
568
838
650
351
523
474
275
75
39
38
48
22
8
1
0
0
3
14
21
20
20
3
7
8
65
76
40
41
20
3
19
24
23
9
0
0
18
46
62
39
70
26
18
8
12
35
34
16
9
28
30
27
31
27
54
56
51
69
142
90
28
61
68
112
156
214
249
213
197
387
521
299
1287
1586
1055
852
2017
1088
1442
1858
2379
2895
2818
2327
1429
1384
1647
1494
1229
1447
1935
2659
3457
2966
2282
1320
943
763
826
1005
976
929
755
603
483
470
1070
1287
815
573
363
190
185
128
112
90
36
23
23
44
49
149
214
345
446
437
428
402
472
595
739
701
613
505
492
458
615
980
1061
1195
2747
4182
4126
2864
1199
872
774
831
949
1192
1250
990
846
760
736
771
774
757
622
291
63
64
121
140
146
116
127
151
172
146
119
98
78
85
108
111
161
240
265
279
228
231
293
217
331
803
863
843
698
493
444
714
1253
1471
1059
538
413
406
706
1413
1506
939
602
413
278
275
276
179
84
23
11
31
102
71
6
3
5
22
67
84
89
93
79
108
124
155
193
208
209
178
103
49
17
14
12
16
9
8
2
4
0
10
7
1
0
5
1
0
0
1
1
0
0
0
1
19
7
0
0
0
0
0
0
0
0
0
1
1
0
0
1
0
1
0
0
0
0
0
0
0
0
0
0
0
0
0
1
0
0
0
0
0
0
0
0
0
0
0
0
0
0
0
0
0
0
0
0
0
0
0
0
0
0
0
0
0
0
0
0
0
0
0
0
0
0
0
0
0
0
2
37
81
147
253
328
320
302
187
113
73
49
29
20
6
4
4
9
5
10
6
6
2
2
1
0
1
0
0
0
2
2
2
4
9
11
14
21
21
11
19
19
11
11
6
9
11
4
16
55
125
150
103
37
19
8
13
16
33
42
59
26
15
29
170
474
1468
1149
164
91
160
89
35
219
239
102
25
39
71
11
0
11
7
5
9
19
3
0
4
6
1
1
3
1
0
1
4
0
0
6
16
9
0
0
0
0
1
14
20
31
88
205
334
404
423
417
390
359
321
247
196
154
112
68
91
117
107
52
12
48
83
95
80
25
11
6
21
3
15
3
6
10
1
1
8
4
1
1
22
80
173
303
410
459
501
501
490
382
274
134
71
27
19
6
11
4
10
7
3
1
2
0
1
2
1
2
3
3
4
3
2
0
3
9
6
1
24
66
22
10
53
645
1216
1529
1721
1258
231
21
51
364
453
622
834
698
304
83
166
272
503
992
1398
1724
2051
2409
2261
2013
2155
2478
2629
3062
3350
3404
3860
4612
3965
3347
3753
4052
3784
3411
3122
2994
3107
3024
2783
2481
2311
2072
1780
1485
1174
965
842
674
571
468
365
868
215
167
116
43
18
11
9
5
21
23
31
44
84
76
41
36
29
21
19
22
27
25
19
13
6
12
5
2
14
15
10
4
6
4
11
6
4
5
2
3
4
1
3
0
0
0
0
0
0
0
0
0
0
0
0
0
0
0
0
0
0
0
0
0
0
0
0
0
0
0
0
0
0
0
0
0
0
0
0
0
0
0
0
0
0
0
0
0
0
0
0
0
0
0
0
0
0
0
0
1
8
13
0
0
4
2
0
0
0
0
1
0
0
0
0
0
0
0
0
0
0
0
0
0
0
0
0
0
0
0
0
0
0
0
0
0
0
0
0
0
0
0
0
0
0
0
1
0
0
0
0
0
0
0
0
0
0
0
0
0
0
0
0
0
0
0
0
1
0
4
0
0
3
20
3
2
0
0
0
0
0
0
0
0
0
0
0
0
0
0
0
0
0
0
0
0
5
42
154
674
788
268
81
74
85
61
9
8
28
56
92
109
142
227
345
142
21
0
1
1
0
0
0
0
0
0
0
0
0
0
0
0
0
0
0
0
0
0
0
19
7
0
0
1
3
0
0
0
0
0
0
0
0
0
0
0
0
0
0
0
0
0
0
0
3
0
0
1
0
1
1
1
1
0
1
0
0
0
0
0
0
0
0
0
0
0
0
0
0
0
0
0
0
0
0
0
1
0
0
0
0
0
0
0
0
0
0
0
0
1
0
0
0
0
0
2
2
0
2
1
0
0
0
1
2
0
0
0
0
0
2
9
0
2
3
0
0
0
0
0
0
0
0
0
0
0
0
0
1
0
0
0
0
0
1
0
0
0
0
0
0
0
0
0
0
0
0
0
0
0
0
0
0
0
0
0
0
0
0
0
0
1
0
0
0
5
2
0
1
1
0
0
0
0
0
0
0
0
0
0
0
0
0
0
0
0
0
0
0
0
0
0
0
0
0
0
4
0
6
1
13
18
4
3
2
4
0
0
0
0
0
0
0
0
0
0
0
0
0
0
0
0
0
0
0
0
0
0
0
0
0
1
0
0
0
1
3
0
0
2
0
0
0
1
0
0
1
0
0
1
0
0
1
0
0
0
0
0
0
0
0
0
0
0
0
0
0
0
0
0
0
0
0
0
0
16
8
0
0
4
0
0
0
0
2
3
5
15
19
19
2
0
0
0
0
0
0
0
0
0
0
0
0
0
0
0
0
0
0
0
0
0
0
0
0
0
0
0
0
0
0
0
0
0
0
0
0
0
0
0
0
0
0
0
0
0
0
0
0
0
0
0
0
0
0
0
0
0
0
0
0
0
0
0
0
0
0
0
0
0
0
0
0
0
0
0
0
0
0
0
0
0
0
0
0
0
0
0
0
0
0
0
0
0
0
0
0
0
0
0
0
0
0
0
0
0
0
0
2
14
8
0
0
0
2
9
30
54
49
49
40
48
34
13
6
1
12
5
16
17
14
15
23
21
15
10
8
1
2
1
0
0
0
9
6
0
1
4
0
7
6
0
0
1
0
0
0
0
0
0
2
9
0
6
44
127
47
6
0
2
5
5
4
0
0
3
31
1
1
0
0
0
0
11
20
75
263
304
396
543
774
1208
1642
2036
2454
2670
2851
2893
3024
3165
3322
3473
3612
3562
3422
2918
2608
2144
1886
1709
1355
1290
1340
1262
1142
831
706
750
912
880
708
397
199
158
133
95
62
79
38
20
9
3
0
0
1
0
0
0
1
0
0
0
4
6
3
0
0
0
1
10
17
3
10
8
5
9
5
9
8
9
4
3
0
4
4
6
38
76
132
279
239
158
67
9
3
2
9
7
3
4
0
1
0
0
0
0
0
0
1
0
1
0
0
0
0
0
0
0
1
0
1
0
3
0
0
0
1
0
2
0
3
4
3
3
0
3
10
11
21
28
37
49
65
120
177
263
369
456
590
941
1078
1511
1661
1772
1951
2097
1982
1980
1901
1959
1944
1886
1796
1744
1624
1423
1350
1101
903
626
424
247
130
43
15
1
0
16
40
65
133
194
249
333
432
546
653
877
1024
1210
1343
1456
1625
1738
1761
1816
1806
1763
1693
1569
1469
1331
1176
1019
844
690
581
456
385
351
245
192
192
141
97
69
30
14
14
4
3
0
0
0
0
0
0
0
0
0
0
0
0
0
0
0
0
0
0
0
0
0
0
0
0
0
0
2
14
2
0
0
0
1
0
0
0
0
0
0
0
0
0
0
0
0
2
0
1
0
0
0
0
0
0
0
0
0
0
1
0
0
0
0
0
0
0
0
0
0
0
0
0
0
0
0
0
0
0
0
0
0
1
2
0
0
0
0
0
4
0
0
0
4
0
0
0
0
0
1
3
6
9
16
12
21
33
37
32
29
17
26
35
14
12
12
9
7
1
2
1
1
0
0
0
0
0
0
0
0
0
0
3
3
3
2
2
5
2
6
5
7
10
9
8
13
15
32
25
41
46
62
104
100
137
162
151
136
82
62
65
67
98
125
114
107
64
72
68
77
52
49
69
93
107
105
132
182
236
204
239
309
410
432
400
359
354
260
124
61
47
34
58
57
10
6
5
0
2
8
15
19
45
78
64
64
100
97
71
102
76
69
63
46
37
38
36
44
31
29
30
29
31
43
30
37
31
22
27
23
19
14
8
10
8
5
10
4
1
1
0
0
0
0
0
0
0
0
0
0
0
0
0
0
0
0
0
0
0
0
0
0
0
0
0
0
0
9
6
0
0
0
0
0
0
0
0
0
0
0
0
0
0
0
0
0
0
0
1
3
13
9
0
0
0
4
0
0
0
0
0
0
0
0
0
0
0
0
0
0
0
0
0
0
0
12
7
0
0
0
0
0
0
0
0
0
0
0
0
0
0
0
0
0
0
0
0
0
0
0
0
0
0
0
0
0
0
0
0
0
0
0
0
0
0
0
0
0
0
0
0
0
0
0
0
0
0
0
0
0
0
0
0
1
2
8
24
46
140
352
571
817
1048
1482
2228
2999
3736
4189
4433
4692
5344
5537
4873
4867
5078
4630
5951
6119
6182
5990
5710
5364
5307
5584
5667
5351
3739
2980
2659
2094
1598
1905
1549
1286
877
625
1169
1922
2267
1775
1331
905
237
241
489
735
575
150
79
117
303
359
351
184
159
208
263
214
36
29
113
121
96
138
112
60
87
106
101
88
98
98
44
6
19
23
49
57
55
36
16
3
6
41
45
17
19
21
15
5
12
14
34
36
32
23
10
0
3
4
0
0
0
0
0
0
0
0
0
0
2
0
0
0
0
0
0
0
0
0
0
0
0
0
0
0
0
0
0
0
0
0
0
0
0
0
0
0
0
0
0
0
0
0
0
0
0
0
0
0
0
0
0
0
0
0
2
6
6
0
0
0
0
0
0
0
0
0
0
0
0
0
0
0
0
2
7
9
2
0
0
0
2
4
5
4
3
0
0
0
0
0
0
0
0
0
0
0
0
0
0
0
0
0
0
0
1
0
0
0
0
0
0
0
0
0
0
0
0
0
0
5
8
5
0
0
0
0
0
0
0
0
0
0
0
0
0
0
0
0
0
0
0
0
0
0
0
0
0
0
0
0
0
0
0
0
0
0
0
0
0
0
0
0
0
0
0
0
0
0
0
0
0
0
0
0
0
0
20
20
21
15
0
0
5
4
10
33
53
20
15
8
1
0
0
0
1
5
14
6
0
0
21
27
16
0
0
0
0
0
0
0
0
0
0
0
0
0
0
0
0
0
0
0
0
0
0
0
0
0
0
0
0
0
0
0
0
0
0
0
0
0
0
0
0
0
0
0
0
0
0
0
0
0
0
0
0
0
0
0
0
0
0
0
0
0
0
0
0
0
0
0
0
0
0
0
0
0
0
0
0
0
0
0
0
0
0
0
0
1
6
6
2
0
0
0
1
12
22
17
1
0
0
0
0
0
0
0
0
0
0
0
0
0
0
0
0
0
0
0
0
0
0
1
12
8
0
0
0
0
1
6
10
7
2
0
0
0
0
0
0
0
0
0
0
0
0
0
0
0
0
0
0
0
0
0
0
0
0
0
0
0
0
0
0
0
0
0
0
0
0
0
0
0
0
0
0
1
7
1
0
0
0
0
0
1
9
15
3
0
0
2
6
2
0
0
0
0
1
3
2
0
0
0
0
0
0
0
0
0
0
0
0
0
0
0
0
0
0
0
0
0
0
0
0
0
0
0
0
0
0
0
0
0
0
0
0
0
0
0
0
0
0
0
2
0
0
0
0
0
0
0
0
0
0
0
0
0
0
0
0
0
0
0
0
0
0
0
3
8
0
0
2
1
0
0
0
0
0
0
0
0
0
0
0
0
0
0
0
0
0
0
0
0
0
0
0
0
1
0
0
0
2
1
0
0
0
0
0
0
0
0
0
0
0
0
0
0
0
0
0
0
0
0
0
0
0
0
0
0
0
0
0
0
0
0
0
1
0
0
0
0
0
0
0
0
0
0
0
0
0
0
0
0
0
0
0
2
1
2
9
31
58
67
62
64
54
31
13
0
2
3
5
7
7
6
5
2
2
9
7
21
21
24
19
34
48
46
52
48
34
28
19
11
6
5
2
10
5
0
0
3
1
0
0
0
0
0
0
0
0
0
0
0
0
0
0
0
0
0
0
0
0
0
0
0
0
0
0
0
0
0
0
0
0
0
0
0
0
0
0
0
0
1
9
24
7
7
22
29
31
50
18
2
0
8
21
2
19
32
0
7
26
8
0
0
2
22
10
4
21
8
0
0
0
6
0
6
32
18
52
98
138
178
155
97
31
10
0
2
1
1
1
0
2
0
0
0
0
26
4
0
0
6
32
36
97
181
221
218
152
124
100
90
130
158
203
224
257
242
176
120
52
56
17
4
1
0
0
0
1
2
13
19
44
122
178
116
53
4
1
0
0
0
0
4
2
0
1
5
1
0
0
0
0
0
0
0
0
10
9
0
0
6
0
3
2
0
5
7
0
0
7
15
10
4
4
10
3
0
4
0
0
16
35
25
3
1
2
3
1
0
0
0
0
0
0
0
0
0
1
0
2
0
0
1
1
1
4
47
108
149
181
174
136
53
19
9
30
12
19
29
30
26
33
40
24
15
16
8
3
0
1
4
0
0
0
0
0
0
0
0
0
0
0
0
0
0
0
0
0
0
0
0
0
0
0
0
0
0
0
2
13
12
31
22
7
0
0
11
19
11
1
0
0
0
0
0
0
2
0
0
16
11
0
0
3
6
3
2
0
0
9
19
16
5
4
2
6
16
22
9
5
0
11
11
0
0
0
0
0
0
0
0
3
3
0
0
0
14
17
47
19
0
0
0
0
0
0
0
0
0
0
0
0
0
0
0
0
0
0
0
0
0
0
0
0
0
0
1
0
7
7
0
3
8
0
0
0
0
0
5
8
0
0
13
15
0
1
7
9
0
3
11
6
0
0
0
0
0
0
0
0
0
1
1
0
0
2
1
0
0
0
0
0
0
0
0
0
0
0
0
0
0
0
0
0
0
0
0
0
0
0
0
0
0
0
0
0
0
0
0
0
0
0
0
0
0
0
0
0
0
0
0
0
0
0
0
0
0
0
0
0
0
0
0
0
0
0
0
0
0
0
0
0
0
16
13
0
0
2
0
0
0
0
0
0
0
0
0
0
0
0
0
0
0
0
0
0
0
0
0
0
0
0
0
0
0
0
0
0
0
0
0
0
0
0
0
0
0
0
0
0
0
0
0
0
0
0
0
0
0
0
0
0
0
0
0
0
0
0
0
0
0
0
0
0
0
0
0
0
0
0
0
0
0
0
0
0
0
0
0
0
0
0
0
0
0
0
0
0
0
0
0
0
0
0
0
0
0
0
0
0
0
0
0
0
0
0
0
0
0
0
0
0
0
0
0
0
0
0
0
0
0
0
0
0
0
0
0
0
0
0
0
0
0
0
0
0
0
0
0
0
0
0
0
0
0
0
0
0
0
0
0
0
0
0
0
0
0
0
0
0
0
0
0
0
0
0
0
0
0
0
0
0
0
0
0
0
0
0
0
0
0
0
0
0
0
0
0
0
4
2
0
12
18
7
0
3
8
7
1
0
0
0
0
0
0
0
0
0
0
0
0
0
0
0
0
0
0
0
0
0
0
0
0
0
0
0
0
0
0
0
0
0
0
0
0
0
0
0
0
0
13
35
28
10
0
1
2
0
0
0
0
0
0
0
0
1
3
10
5
6
3
0
0
0
0
0
0
0
1
1
0
0
0
3
0
11
8
8
10
7
9
8
9
13
18
14
12
11
10
10
8
7
11
18
4
1
2
2
0
0
0
0
0
0
0
0
0
0
0
0
0
0
0
0
0
0
0
0
0
0
0
0
0
0
0
0
0
0
0
0
0
0
5
12
1
0
0
1
1
0
0
0
0
0
0
0
0
3
0
3
0
0
0
0
0
0
0
0
0
0
0
0
0
0
0
0
0
0
0
0
0
0
0
0
0
0
0
0
0
0
0
0
0
0
0
0
0
0
0
8
7
0
0
2
0
0
0
0
0
0
0
0
0
0
0
0
0
0
0
0
0
0
0
0
0
0
0
0
0
0
0
0
3
1
0
0
0
0
0
0
0
0
0
0
0
0
2
4
0
0
18
3
0
0
1
2
0
0
0
0
0
0
0
0
0
0
0
0
0
0
0
0
0
0
2
2
0
0
0
0
0
2
9
4
0
0
2
0
1
0
0
4
2
0
0
0
0
0
0
0
0
0
0
0
0
0
0
8
8
1
2
0
0
1
3
8
22
12
0
18
20
0
3
17
9
0
4
7
6
2
0
0
0
0
0
0
0
0
0
0
0
0
0
0
0
0
0
0
0
0
0
0
0
0
0
0
0
0
0
0
0
0
0
0
2
12
0
0
0
0
2
0
0
1
2
1
0
2
4
6
10
12
7
0
0
0
0
0
0
0
0
0
0
0
0
0
0
0
0
0
0
0
0
0
0
0
0
0
0
0
0
0
0
0
0
0
0
0
0
0
0
0
0
0
0
0
0
0
0
1
5
0
0
22
9
0
0
3
2
1
0
0
5
2
0
0
0
0
0
0
0
0
0
0
0
0
0
0
0
0
0
0
0
0
0
0
0
0
0
0
0
2
0
0
0
0
0
0
0
0
0
0
0
0
0
0
0
0
0
0
0
13
36
9
4
36
16
0
18
16
0
1
4
6
7
2
0
0
6
4
0
0
0
0
0
0
0
0
17
5
0
0
3
0
0
0
0
0
0
0
0
0
0
0
0
0
0
0
0
0
0
0
6
14
14
5
1
0
1
16
11
0
2
0
0
0
2
0
0
0
0
0
0
0
0
0
0
0
0
1
0
3
0
0
0
0
0
0
0
0
0
0
0
0
0
0
0
0
0
0
0
0
0
0
0
0
0
0
0
0
1
0
0
0
0
9
7
0
0
0
2
4
2
1
0
0
0
0
0
0
0
0
0
9
1
0
1
0
0
0
0
0
0
0
0
0
0
0
0
0
0
0
0
0
0
0
0
0
0
0
0
0
0
0
0
0
0
0
0
0
0
0
0
0
0
0
0
0
0
0
0
0
0
0
0
0
0
0
0
0
0
0
0
0
0
0
0
1
0
0
0
0
0
0
0
0
0
0
0
0
0
0
0
0
0
0
0
0
0
0
0
0
0
0
0
0
0
0
0
0
1
13
4
0
0
0
0
0
0
0
0
0
0
0
0
0
0
0
0
0
0
0
0
0
0
0
0
0
0
0
0
0
0
0
0
0
0
0
0
0
0
0
0
0
0
0
0
0
0
0
0
0
0
0
2
2
2
5
4
6
10
9
5
2
1
5
2
4
4
0
3
4
3
1
1
0
0
0
0
2
1
2
2
0
1
0
0
0
0
0
0
0
0
0
0
0
0
0
0
0
6
27
177
175
62
3
2
75
111
73
0
9
10
14
0
0
5
0
0
0
4
0
0
0
0
0
0
0
0
0
0
0
2
0
0
0
8
0
0
0
0
0
0
0
0
0
0
0
1
0
2
1
3
2
0
1
3
0
1
0
0
4
0
1
0
0
5
0
0
0
0
0
0
0
0
0
0
0
0
0
0
0
0
0
0
20
96
335
819
1489
2498
3371
3893
4129
4348
4354
4309
4306
4330
4304
4259
4297
4293
4351
4267
4087
3936
3669
3341
2989
2617
2342
1875
1478
1197
942
722
475
283
160
67
24
28
109
328
535
830
1140
1730
2290
2480
2582
2557
2704
2866
3198
3743
4148
4406
4315
4386
4552
4587
4518
4438
4380
4425
4562
4382
4235
4243
4200
4103
4174
4300
4536
4552
4013
3555
3305
3595
3945
3921
3489
2836
1786
1248
803
414
244
293
745
1777
2578
2769
2463
2021
1277
1277
2477
4296
4793
4713
4299
4366
4774
4781
4037
3052
2238
2046
1817
1745
1984
2818
2214
1671
1894
1797
1216
1488
1666
1206
984
1188
1258
950
688
533
453
411
423
224
80
17
10
9
26
117
275
223
92
33
14
1
7
116
178
154
81
24
30
53
54
50
45
25
27
34
36
36
49
85
106
104
85
99
82
112
341
830
764
67
33
182
187
80
35
20
28
46
34
11
4
6
11
11
4
3
1
1
0
2
1
0
2
2
17
4
0
0
3
0
0
0
1
0
0
0
0
0
0
0
0
0
0
0
0
0
0
0
0
0
0
0
0
0
0
0
0
0
0
0
0
0
0
0
0
0
0
0
0
0
0
0
0
0
0
0
0
0
0
0
0
0
0
0
0
0
0
0
0
0
0
0
0
1
0
0
0
1
1
1
0
0
0
0
0
0
0
0
0
0
0
0
0
0
0
0
0
11
8
0
0
1
2
1
0
0
0
0
0
0
0
0
0
0
0
0
0
0
0
2
17
11
3
0
0
9
9
0
0
0
0
0
0
0
0
0
0
0
0
7
6
0
8
25
17
0
0
8
18
14
2
0
7
2
0
0
0
0
0
0
0
0
1
9
6
0
0
3
2
2
0
0
0
0
0
3
4
2
0
0
0
0
0
0
0
0
0
0
0
0
0
0
0
0
0
0
0
0
0
4
2
11
28
50
108
237
414
704
1044
1383
1586
1942
2391
2810
3191
3362
3552
3342
3229
3194
3091
3036
2937
2927
2389
2021
1661
1366
1096
1347
1656
1571
1386
1040
1078
1701
2114
2337
2510
2621
2773
2715
2478
2281
2261
2708
2799
2902
3513
3731
3313
2989
2967
2969
3120
3193
3160
2974
2990
2821
2893
2986
2996
5341
3380
3277
3203
3056
2891
3064
3340
3167
2454
1505
684
1291
2251
2576
2584
2209
3268
4468
4553
3998
3180
3025
2984
2815
2137
1854
1538
959
488
449
306
340
331
168
105
127
146
132
93
28
8
6
0
0
0
0
0
1
0
0
0
0
0
0
0
0
0
0
0
1
0
1
0
0
0
0
0
2
0
0
0
0
0
0
0
0
7
4
0
0
0
0
0
0
0
0
0
0
0
0
7
3
4
0
0
0
0
0
0
0
0
0
0
0
0
0
0
0
0
0
0
23
0
0
2
0
0
0
0
0
0
0
0
0
0
0
0
0
0
0
0
0
0
0
0
0
0
0
0
0
0
0
0
0
0
0
0
0
1
8
5
0
0
9
8
2
0
6
17
0
0
12
2
0
0
0
0
0
0
0
4
0
0
0
0
0
0
0
0
0
0
0
8
15
3
0
4
1
1
2
1
0
1
2
4
0
0
1
3
1
0
0
0
2
14
91
268
370
455
472
440
375
306
188
121
67
27
7
7
2
6
3
2
8
0
0
0
0
0
1
0
1
0
11
22
1
1
1
9
0
0
2
2
0
0
13
19
0
0
0
0
0
2
3
0
1
17
0
2
2
0
0
0
1
0
0
0
0
0
0
0
0
1
4
28
95
173
242
192
209
158
92
47
12
7
6
4
0
2
2
2
1
0
1
12
19
64
83
109
116
101
90
37
16
7
0
0
0
0
0
0
0
0
1
0
4
7
9
0
0
0
0
5
8
6
10
8
27
43
17
15
3
1
0
0
0
0
0
2
2
0
0
0
0
0
0
0
0
0
0
0
0
0
0
0
0
0
1
1
2
0
0
0
0
0
0
0
0
21
6
0
1
5
12
12
5
11
8
55
100
135
186
182
150
121
90
34
7
1
1
1
0
0
1
2
10
39
93
189
903
2710
3037
1192
684
600
642
653
621
511
399
219
146
875
3270
3130
2069
670
779
1195
2044
2741
2919
2892
3275
4107
4678
4956
4741
4431
4567
4923
5419
5756
5740
5653
5332
3263
892
2379
2767
1993
1157
2105
2697
3553
4209
4710
5371
5862
6748
7516
7740
7504
6978
6800
7060
7679
7791
6799
5757
7193
7250
6017
4784
4694
4630
5067
6828
6563
4375
3672
4137
3515
3477
4346
4687
4139
2288
1526
1392
1144
1158
1373
1326
986
591
331
193
125
85
283
470
648
543
443
463
749
637
327
754
261
518
596
679
454
262
214
188
137
122
133
177
283
467
425
234
173
219
322
197
115
77
102
55
29
12
9
5
0
1
0
1
0
0
4
2
3
6
3
3
0
0
0
0
0
0
0
0
1
2
469
1258
917
214
23
45
136
153
81
7
9
32
5
12
3
11
0
0
0
0
0
0
0
0
1
1
1
2
0
0
1
2
3
0
0
2
0
1
0
0
0
0
1
0
10
7
0
0
1
0
0
0
0
0
0
0
0
0
0
0
0
0
3
9
0
0
0
0
0
1
2
20
76
110
134
143
162
141
89
107
125
101
63
32
13
10
9
10
7
13
6
2
0
0
0
0
0
0
0
6
6
11
54
53
75
106
140
155
171
192
183
145
68
20
3
0
0
0
5
1
0
0
0
0
1
2
7
8
5
1
0
0
1
0
2
12
3
1
0
1
1
3
2
0
0
0
0
8
9
12
7
3
8
13
28
58
150
121
89
155
165
83
31
6
13
131
412
286
298
1674
3870
4107
2491
2969
3814
3408
3249
3202
2454
1757
1591
1736
2174
1883
1701
2021
2289
2637
3005
3280
3114
3510
3644
3786
3858
3822
3867
4037
4092
4055
3984
3910
3695
3443
3193
3081
2987
2723
2359
1992
1758
1644
1691
1928
1853
1556
1004
774
710
821
839
855
795
867
839
771
746
531
433
413
386
383
265
77
13
1
7
4
8
22
30
41
61
67
47
13
4
4
7
41
75
185
329
162
163
344
270
258
276
136
31
34
38
136
331
520
309
114
30
101
261
196
122
262
248
286
426
401
216
119
202
459
471
99
785
1078
250
169
223
130
142
174
448
376
68
32
84
104
10
3
12
17
6
0
0
0
0
1
5
1
0
0
0
0
12
17
8
0
0
0
2
0
0
0
0
0
0
1
3
17
19
1
0
21
79
486
490
85
5
0
1
37
106
20
0
0
0
0
0
1
2
1
2
0
1
1
5
4
13
36
70
136
194
245
299
294
261
243
205
179
101
99
72
38
27
202
379
193
41
186
619
325
118
82
81
99
170
265
379
534
644
774
813
812
679
588
580
458
354
374
376
347
366
350
333
299
246
189
103
70
39
19
13
46
54
34
47
61
40
25
13
15
35
153
339
338
365
655
1236
963
181
564
356
269
227
300
446
329
341
777
367
185
344
310
71
66
221
67
27
76
8
19
24
25
24
30
26
28
38
77
84
110
122
98
158
248
221
211
267
302
241
80
13
5
3
1
6
8
20
154
533
455
212
42
44
74
394
604
365
156
23
11
17
34
60
81
55
16
3
0
0
2
0
0
0
0
0
1
0
0
2
0
0
0
0
0
0
0
0
1
0
0
0
0
0
0
0
0
0
0
0
0
0
0
0
2
0
0
0
0
0
1
0
0
0
0
0
0
1
1
2
4
6
31
55
52
84
86
120
124
169
198
232
320
360
368
406
420
435
498
519
499
400
290
244
197
112
36
9
1
0
0
0
0
0
3
8
10
37
235
695
999
886
486
288
426
563
349
250
305
290
407
685
584
574
598
803
1114
931
1118
3389
3765
2835
1098
1237
594
1072
3268
2551
1099
704
709
290
1130
2904
3301
1738
814
1416
831
631
2060
2339
1041
595
581
377
165
190
209
232
268
294
423
664
1163
1230
1212
1016
664
627
670
956
1217
1358
1462
1514
1466
1486
1546
1585
1398
1289
1387
1531
1704
1782
1818
1880
1734
1749
1647
1657
1483
1251
1007
882
1119
1519
1735
1904
2184
2462
2716
2940
3148
3282
3593
3991
4167
4032
4181
4416
4677
4936
4976
5138
5258
5302
5490
5734
5879
5284
5329
5607
5191
5511
5978
6033
5647
5147
4664
4249
3823
3525
3387
4734
6039
6209
5047
3156
2253
1712
994
1179
2344
2939
2809
1634
776
445
515
1090
2219
2945
3257
3060
2707
1897
775
473
614
961
988
102558
0
0
0
0
0
0
0
0
0
0
0
0
0
0
0
0
0
0
0
0
0
0
0
