0
0
0
0
0
0
0
0
0
0
21935
4
4
8
8
13
9
3
0
0
0
0
0
51
137
176
239
272
202
111
22
21
65
111
164
162
193
208
300
469
583
701
852
1012
1177
1339
1455
1523
1472
1320
1160
1013
842
734
693
609
601
521
454
377
321
243
221
203
185
208
224
210
163
124
100
83
58
39
35
23
26
27
30
20
16
3
0
0
0
0
0
0
0
0
0
0
3
6
4
4
2
3
18
95
165
203
195
479
557
614
577
434
322
192
139
168
193
251
312
275
291
451
633
871
972
1057
981
960
894
867
730
571
469
328
261
194
165
113
80
30
10
12
82
248
517
769
972
1097
1210
1300
1394
1459
1597
1779
1858
2020
2044
2162
2184
2001
1660
1257
957
819
705
748
839
1068
1396
1798
2275
2687
3136
3330
3437
3327
3104
2872
2775
2627
2225
1721
1241
753
443
323
354
507
648
665
653
573
696
785
845
800
769
766
790
714
631
638
534
494
408
320
251
216
205
228
286
238
210
178
159
183
175
211
263
282
309
316
307
299
279
249
233
181
155
120
70
56
54
44
48
52
56
59
53
43
31
8
4
0
0
0
0
0
0
0
0
0
1
0
2
6
13
19
20
27
15
10
1
5
9
21
81
122
155
215
255
224
179
184
147
164
166
179
177
153
127
94
33
11
19
55
70
53
22
6
3
2
4
15
9
4
10
8
4
3
2
2
8
15
14
19
71
206
366
512
506
403
208
95
55
121
187
225
216
216
188
131
103
103
102
67
57
77
94
115
182
181
124
76
62
76
100
54
92
204
290
288
204
132
104
114
67
13
37
89
90
39
23
30
57
58
27
24
35
51
32
33
45
70
45
4
33
40
15
7
4
0
3
0
1
0
0
0
0
0
3
7
13
17
6
3
1
0
0
0
1
10
14
13
20
31
8
0
4
14
11
9
23
141
421
756
1004
1221
1266
1159
1047
888
722
577
429
296
187
128
94
84
220
558
928
1317
1662
1815
1709
1514
1392
1123
982
902
864
831
838
783
760
732
848
1070
1201
1094
960
737
496
379
374
398
453
397
321
236
226
287
354
266
163
63
9
3
6
22
78
73
79
161
237
235
209
202
175
159
129
101
77
52
48
54
44
31
26
23
15
9
10
14
29
43
52
58
52
51
34
11
7
13
14
15
17
16
16
58
35
13
24
31
55
24
5
29
66
77
57
36
29
12
25
34
39
46
56
32
13
24
52
57
45
22
1
1
9
42
74
46
7
5
8
3
0
1
0
0
0
0
0
0
0
1
1
0
0
0
1
6
22
52
84
68
61
49
43
24
13
9
6
4
4
3
8
9
8
7
2
1
0
0
0
0
0
0
8
115
199
212
176
135
78
36
10
4
14
13
17
28
47
37
40
29
13
15
6
4
6
0
0
0
3
5
6
17
25
42
59
55
49
34
33
19
15
8
14
64
198
232
267
297
216
175
198
269
258
251
244
214
206
177
149
135
116
104
121
123
103
86
90
109
123
138
174
201
195
234
259
264
290
349
423
477
474
484
488
472
455
414
390
376
353
321
286
296
375
505
622
753
763
722
678
504
570
382
355
432
527
598
578
461
356
267
152
62
59
108
141
156
177
244
276
244
149
37
181
241
226
170
113
68
53
36
25
14
7
2
1
7
32
40
31
27
14
10
4
3
4
3
0
0
1
1
2
0
0
0
6
21
31
38
23
22
14
13
10
5
8
5
2
0
0
0
0
2
34
109
209
282
434
580
683
790
909
961
936
961
981
933
941
865
768
693
581
513
607
805
654
776
674
426
251
404
445
498
490
478
431
393
419
499
541
647
689
749
751
739
723
711
728
706
685
687
675
671
567
317
444
771
991
1022
952
821
732
602
623
676
708
605
604
498
324
467
542
581
590
550
450
364
499
583
658
633
410
210
380
655
706
636
493
399
460
580
746
828
753
602
277
135
357
463
489
493
502
520
474
468
502
544
594
507
332
232
165
74
25
17
20
30
53
55
44
42
47
35
9
4
0
3
4
0
0
50
188
299
392
504
531
426
382
293
216
132
44
6
10
32
42
39
23
30
34
63
112
106
60
27
30
89
129
49
0
14
125
193
171
83
10
3
84
209
230
115
0
34
186
266
228
135
138
196
352
477
391
186
399
445
509
467
434
384
324
327
266
297
336
385
498
487
341
109
1
48
189
189
71
18
90
185
166
96
27
0
12
19
3
0
0
5
30
7
0
5
81
175
104
25
12
46
77
74
131
256
399
572
806
1122
1543
1970
2269
2254
2342
2388
2481
2452
2371
2244
1952
1460
847
586
946
1440
1860
2055
2249
2652
3165
3556
3953
4114
4131
4065
4052
3978
3833
3524
3235
2901
4485
2734
2370
1647
723
247
240
318
370
512
730
956
1140
1273
1397
1507
1536
1577
1615
1620
1525
1392
1293
1323
1576
1810
1968
1830
1573
1372
1207
807
456
221
279
304
462
779
1032
1342
1579
1690
1802
1850
1885
1750
1289
1313
1448
1405
1191
951
804
668
644
611
510
480
417
440
344
221
161
117
63
42
50
50
52
34
38
36
27
24
13
12
20
20
17
3
1
4
0
0
1
1
0
3
2
3
4
7
6
2
0
0
0
0
2
5
6
4
2
1
0
1
0
1
2
0
0
0
0
0
0
0
0
0
0
0
0
0
0
0
0
0
0
0
0
0
0
0
0
0
0
0
0
0
0
0
0
0
0
0
0
0
0
0
0
0
0
0
0
0
0
0
0
0
0
0
0
0
0
16
2
0
1
3
3
5
1
4
2
4
5
1
0
1
1
0
0
0
0
0
0
0
0
0
0
0
0
0
0
0
0
0
0
0
0
0
0
0
0
0
0
0
0
0
0
0
0
0
0
0
0
0
0
0
0
0
0
0
0
0
0
0
0
0
0
0
0
0
0
0
0
0
0
0
0
1
0
0
3
1
2
1
0
0
0
0
0
0
0
0
0
0
0
0
0
0
0
0
0
0
0
0
0
0
0
0
0
0
0
0
0
0
0
0
0
0
0
0
0
0
0
0
0
0
0
0
0
0
0
0
0
0
0
0
0
13
38
217
635
905
1050
1178
1342
1394
1431
1420
1416
1482
1471
1510
1546
1667
1700
1702
1617
1451
1352
1265
1199
1091
956
742
484
301
171
113
56
81
163
218
289
377
451
531
556
585
580
550
502
435
348
299
223
214
169
147
120
104
75
18
7
6
1
1
0
0
0
1
1
1
2
1
0
0
0
0
0
0
0
0
0
0
0
0
9
68
136
196
193
170
143
104
81
84
136
292
497
718
886
970
852
326
170
310
388
370
305
206
165
230
313
507
544
471
323
135
43
148
224
285
384
497
578
438
213
95
171
162
138
97
60
68
49
53
65
62
69
90
94
111
136
145
139
143
140
144
142
140
121
108
80
58
53
43
11
12
14
50
80
84
76
110
150
161
196
223
262
281
508
645
658
544
330
239
359
794
1049
961
735
381
147
139
249
391
560
562
559
738
736
473
149
93
142
213
156
80
76
87
31
5
11
6
8
16
30
42
104
62
56
137
230
224
205
143
110
92
92
94
78
76
60
31
34
44
63
106
151
205
347
577
667
612
518
421
315
258
168
91
118
196
219
238
201
117
60
46
90
117
133
185
205
165
48
53
168
116
45
19
50
35
135
376
326
322
582
680
544
240
154
127
76
77
108
130
89
66
150
142
139
259
267
138
75
44
7
30
29
2
19
58
61
19
3
0
5
80
144
113
129
186
104
68
105
40
59
46
9
0
6
2
24
47
10
0
1
13
5
0
1
4
0
0
0
4
5
26
40
43
29
18
12
10
7
5
6
7
26
58
99
128
119
122
123
134
155
156
160
209
204
193
164
162
185
204
191
138
335
589
733
671
631
508
268
140
265
364
243
203
362
427
293
177
130
85
165
233
229
243
327
433
533
513
423
354
329
304
390
353
364
295
162
50
130
280
348
386
369
296
157
207
204
165
82
118
179
174
177
169
164
104
44
8
0
0
1
3
28
91
69
9
0
0
1
0
0
0
0
0
0
0
0
0
0
0
0
0
0
0
0
0
2
2
29
132
203
266
330
316
246
147
73
21
3
2
3
16
43
82
79
101
191
310
378
391
356
350
457
512
518
496
444
406
311
280
244
229
259
305
327
337
307
261
209
205
295
321
266
89
58
193
215
139
75
283
542
698
790
814
799
663
544
501
466
424
401
358
342
306
223
146
49
39
93
87
137
203
275
308
307
330
431
496
479
439
541
580
573
616
606
614
605
572
582
554
504
424
512
517
487
392
344
411
383
292
280
268
221
175
85
32
5
6
27
37
36
18
12
1
3
6
0
0
0
0
0
2
3
2
3
4
6
5
2
1
0
0
0
0
0
0
0
0
0
0
0
0
0
0
0
0
0
0
0
0
0
0
0
0
0
0
0
0
0
0
0
0
2
8
16
26
37
41
24
12
7
5
5
3
2
1
2
13
17
34
34
35
24
18
28
29
14
0
0
0
0
0
1
0
0
0
0
1
0
0
0
0
0
0
0
0
0
0
0
0
0
0
0
0
0
0
0
0
0
0
0
0
4
117
378
677
887
1053
1086
1099
1099
993
857
625
367
332
386
320
349
278
136
65
132
178
175
53
215
242
506
793
917
909
805
882
718
515
639
718
479
610
614
534
1073
720
608
352
449
726
778
697
516
380
304
247
308
287
313
369
359
281
202
132
102
69
32
18
49
76
77
41
21
12
21
39
41
49
60
98
138
128
86
76
65
52
36
22
3
0
0
0
6
7
11
13
27
19
19
1
1
0
24
53
43
47
183
174
186
169
67
65
52
68
41
23
24
26
36
31
40
17
12
14
7
5
5
2
1
0
1
6
13
33
95
129
125
135
124
54
28
41
46
145
183
96
135
239
203
150
78
25
43
38
32
37
49
52
51
6
11
90
175
181
136
49
11
78
169
161
130
129
100
79
77
49
68
111
60
83
78
49
35
42
41
21
47
74
188
391
733
939
1098
1167
1185
1190
1135
988
884
771
655
560
475
355
265
137
108
104
93
83
70
42
49
81
73
62
61
45
18
13
22
36
31
32
72
118
184
189
192
168
161
167
145
137
85
72
96
96
90
52
68
78
81
66
32
6
17
28
39
28
23
20
12
6
8
13
25
17
2
2
3
16
40
56
104
163
173
166
112
51
57
89
55
79
100
148
200
216
187
155
106
80
69
61
56
46
50
53
90
132
121
104
79
42
48
170
264
360
407
390
371
314
290
283
321
470
524
579
554
492
441
391
315
163
80
82
124
108
96
58
41
61
93
94
76
83
73
33
14
13
12
16
6
11
12
10
17
29
32
38
26
31
38
40
47
83
144
238
336
486
571
531
672
961
1302
1458
1519
1545
1522
1461
1330
1172
828
541
333
223
326
372
326
217
155
156
139
157
152
109
49
52
37
55
69
104
192
282
538
708
1099
1493
1669
1812
1966
2094
2106
2057
1917
1766
1541
1408
1213
974
721
608
495
527
821
908
698
549
483
530
723
814
932
965
996
1135
1039
720
384
235
175
139
144
193
127
83
73
49
71
35
105
169
129
187
258
347
424
453
564
914
1545
1903
2013
2143
2220
2449
2658
2877
3211
3602
3773
3879
3926
3927
3952
3818
3714
3612
3557
3471
3146
2596
1925
1435
1240
1303
1512
1703
1746
1566
1542
1612
1721
1881
2050
2280
2305
2199
2255
2152
2016
1963
1906
1781
1625
1466
1248
1128
937
763
651
496
310
214
170
117
95
62
32
1
0
2
12
38
82
133
141
155
171
228
211
209
241
239
199
221
222
212
231
221
210
193
116
53
13
9
26
32
66
106
191
200
179
174
203
264
294
245
178
179
175
120
60
17
14
0
3
9
15
12
8
1
0
1
1
3
3
0
0
3
1
1
1
0
0
0
0
0
0
0
2
30
175
274
276
126
1
2
106
302
392
237
16
156
426
370
177
36
27
110
194
144
307
451
412
280
148
148
209
179
135
111
118
103
82
47
56
40
41
23
20
27
27
30
53
78
81
77
74
89
78
72
53
45
66
41
26
10
2
2
0
0
0
0
0
1
0
4
11
12
9
21
43
64
154
238
302
384
508
609
685
704
742
796
817
857
785
733
640
588
468
281
201
136
100
119
151
266
445
762
1072
1284
1465
1562
1651
1681
1757
1765
1770
1836
1809
1862
1915
1925
1813
1224
803
889
835
665
573
359
336
377
367
421
448
541
674
631
734
657
547
531
478
456
398
281
137
44
49
79
130
188
166
173
265
178
115
132
135
133
191
244
313
408
509
605
683
757
983
1374
1555
1706
1749
1622
1310
1433
1596
1785
1856
1786
1588
1280
971
871
774
790
704
727
651
582
539
543
454
551
532
440
631
991
995
1159
1376
1493
1549
1737
1742
1679
1556
1265
1093
902
840
696
605
425
281
436
1065
1877
2439
2651
2641
3212
3652
3613
3248
2785
2292
1445
1033
578
665
803
724
696
497
310
241
200
161
184
200
186
151
71
28
41
106
140
153
130
97
41
3
0
7
25
121
242
139
45
25
57
36
56
139
256
407
578
672
881
1201
1475
1719
1984
2638
3262
3747
4204
4605
4886
5312
5469
5535
5319
5414
5502
5483
5519
5489
5511
5489
5515
5204
4754
4114
3678
3305
2915
2408
2018
1745
1525
1198
782
581
466
675
802
974
1118
1124
1077
1164
1239
1395
1417
1375
1531
1527
1583
1465
1273
1021
695
561
477
414
342
274
247
266
171
61
33
105
270
282
240
221
229
233
251
235
320
319
267
170
125
102
90
60
51
44
51
38
24
40
180
413
440
353
261
342
384
274
126
100
113
103
79
163
218
214
128
105
115
154
179
191
172
111
32
38
47
44
50
63
43
42
51
52
79
69
65
84
73
60
62
171
324
320
286
158
119
267
459
436
171
45
166
276
204
84
2
31
190
192
154
187
327
389
475
521
425
372
430
437
410
458
561
696
648
517
392
462
678
867
991
990
830
574
406
332
495
436
440
406
339
221
191
187
162
110
84
42
36
47
72
107
134
151
129
116
105
76
57
52
42
26
20
19
26
31
29
22
6
0
1
15
30
17
2
10
19
16
3
15
103
473
1172
1632
1868
2073
2408
2667
2555
1912
1832
1995
1691
1683
1575
1303
1176
1101
1040
800
531
355
271
329
399
394
381
320
285
283
481
802
1143
1387
1481
1538
1523
1583
1463
1341
1155
1088
988
958
866
849
692
566
292
407
644
855
1075
1286
1268
1097
866
679
358
429
541
596
728
959
1056
1298
981
721
583
340
192
220
353
312
342
391
392
381
350
318
296
338
354
386
394
413
422
438
438
411
446
443
529
581
715
787
921
1016
1133
1304
1547
1713
1973
2267
2508
2790
3072
3390
3728
3958
4211
4268
4235
4126
3880
3602
3380
3176
2712
2188
1798
1438
1117
845
713
511
365
251
269
318
437
508
592
519
465
375
226
201
105
63
119
225
206
164
229
288
236
238
210
161
143
159
167
143
157
210
300
306
319
276
247
241
244
213
206
164
140
111
62
137
240
376
544
752
960
1203
1505
1842
2061
2276
2531
2831
3061
3413
3716
3962
4175
4386
4577
4631
4642
4660
4556
4444
4368
4210
3929
3639
3385
3174
2857
2505
2206
2001
1833
1672
1539
1454
1316
1258
1222
1149
1093
1115
1202
1448
1603
1677
1724
1569
1340
1221
1084
876
782
722
619
545
532
575
563
594
556
506
461
390
336
321
238
225
290
372
344
328
331
273
231
223
207
202
151
113
86
65
51
32
29
24
19
18
12
13
22
35
130
297
460
665
850
929
1008
1006
973
909
785
627
436
272
148
88
48
38
19
12
5
3
5
13
17
6
1
0
3
10
21
39
62
41
12
8
29
21
5
0
1
0
0
0
0
0
0
0
0
0
0
0
0
3
7
4
1
3
17
14
14
58
193
219
124
96
113
150
147
166
208
230
269
310
345
262
234
188
195
193
160
147
145
118
85
74
44
31
9
6
1
0
6
3
0
0
1
5
0
0
1
0
0
0
0
1
0
3
0
2
0
0
0
0
0
0
0
0
0
0
0
0
0
0
0
0
0
0
0
0
0
0
0
0
0
0
0
0
0
0
0
0
0
0
0
0
0
1
2
12
22
23
18
9
5
2
1
0
0
1
1
0
0
0
0
0
9
79
203
401
632
873
1102
1381
1537
1493
1492
1537
1487
1309
1037
902
850
645
495
177
342
390
372
305
238
144
72
74
61
77
128
112
100
96
53
68
240
247
213
143
47
61
161
178
254
411
413
177
175
184
285
318
324
264
459
518
379
323
237
273
331
372
392
304
334
578
205
210
259
264
162
124
90
99
103
122
138
147
221
240
208
226
205
195
196
170
156
198
188
196
172
182
177
178
228
213
267
339
342
304
255
210
230
241
205
214
191
191
202
205
198
127
52
23
15
24
28
70
141
192
214
192
217
240
251
310
377
397
415
377
360
345
304
268
324
389
446
538
684
911
1272
1332
1113
679
188
507
529
235
118
236
175
18
8
10
8
68
129
93
75
64
64
67
54
50
45
45
23
81
98
45
12
11
11
11
1
1
0
0
4
5
3
4
2
21
81
107
115
75
67
64
74
53
25
8
5
4
10
14
7
4
1
0
0
0
0
0
0
0
0
0
0
0
0
0
0
0
0
0
1
1
0
0
0
0
0
0
0
0
1
0
1
0
0
0
7
4
0
0
0
0
0
0
0
0
0
0
0
0
0
0
16
26
0
36
195
163
18
123
193
114
41
59
199
180
62
84
191
297
244
167
54
15
9
28
7
47
133
103
51
11
4
9
10
18
11
0
1
5
9
13
4
3
3
14
9
2
2
9
13
11
13
11
11
10
0
0
7
21
27
22
14
36
46
29
36
24
22
8
1
0
0
0
0
0
0
0
0
0
0
0
0
0
1
0
0
0
0
0
0
0
0
3
0
0
1
4
3
9
29
28
1
49
46
9
0
6
12
4
8
9
7
36
22
6
4
0
0
7
10
4
9
22
5
3
11
1
0
5
20
10
8
39
19
0
6
9
3
0
30
49
67
154
160
124
62
48
49
16
3
4
6
0
0
2
1
1
0
0
0
0
0
0
0
0
0
0
0
0
0
0
0
0
0
0
0
0
0
0
0
0
0
0
0
0
0
0
0
0
0
0
0
0
0
0
0
0
0
0
0
0
0
0
0
0
0
0
0
0
0
0
0
1
0
0
0
0
0
0
0
2
4
0
0
0
0
0
1
5
12
18
79
191
366
598
700
793
886
895
872
883
856
791
682
582
458
311
206
146
89
52
44
28
22
22
13
20
67
60
17
1
110
295
173
68
136
110
45
22
140
191
110
59
33
35
24
0
6
12
1
0
0
0
0
0
0
0
0
0
0
0
14
17
0
0
0
0
0
0
0
0
0
0
0
0
0
0
0
0
0
0
0
0
0
0
0
0
0
0
0
0
0
75
318
897
1624
2018
1995
1905
2048
2405
2754
2277
1947
1730
1438
1385
1719
1737
1433
747
406
482
622
463
424
857
1175
906
788
896
983
1073
1165
1254
1410
1726
1824
1769
1944
1999
2050
2003
2070
2292
2314
2445
2636
2674
2851
2831
3027
3305
3378
3159
2780
2381
1952
1495
1082
737
561
651
675
769
909
1044
1272
1440
1624
1770
2197
2503
2747
3009
3054
3100
3003
2906
2761
2626
2491
2315
2273
2033
1767
1736
1672
1409
1038
829
703
564
422
303
198
77
8
3
9
4
5
10
18
23
31
100
190
344
612
820
789
555
321
103
153
219
155
51
39
119
163
131
95
39
5
2
36
46
7
1
2
0
0
2
5
7
8
2
9
40
64
96
52
61
30
33
76
61
71
73
52
46
31
11
2
13
24
48
50
50
51
45
37
33
12
7
7
3
2
1
0
0
0
0
0
0
0
4
5
1
0
3
9
6
3
2
4
6
3
0
0
0
0
0
0
0
0
0
0
0
0
2
6
5
2
0
0
0
0
0
0
0
0
0
0
0
0
0
0
0
1
2
3
2
2
2
1
0
0
0
0
0
0
0
0
0
0
0
1
84
315
640
893
1067
1221
1269
1268
1283
1283
1196
1032
777
530
322
213
111
69
28
3
27
16
1
0
0
0
0
0
0
0
0
0
0
0
0
0
0
4
7
10
23
39
9
0
1
1
0
39
99
68
33
36
77
39
8
3
18
10
0
5
5
1
0
0
0
0
0
0
0
0
0
0
0
0
2
0
0
3
2
0
0
0
0
0
0
0
0
0
0
0
0
0
0
0
0
0
0
0
0
0
0
0
0
0
0
0
0
0
0
0
0
0
0
1
1
2
23
55
18
0
0
8
24
36
174
559
928
1169
1303
1381
1408
1372
1332
1366
1256
1059
733
545
537
499
405
307
192
97
52
50
66
69
43
15
7
1
0
2
8
10
10
21
14
17
13
16
18
54
68
69
71
72
48
28
7
3
0
1
0
0
0
0
0
0
0
12
22
45
59
65
76
83
82
84
76
74
55
30
25
12
5
1
2
7
5
3
0
3
0
3
2
1
5
13
21
23
0
16
64
256
910
1183
1008
1459
1649
1662
1414
1335
1513
1590
1993
2240
2149
1828
1546
1421
1246
1176
1240
1367
1536
1381
1095
917
667
567
734
750
631
591
461
399
384
342
315
324
334
363
423
523
806
500
461
402
327
259
310
463
567
565
544
478
373
203
134
281
362
345
272
153
71
113
277
445
568
532
475
446
387
292
175
122
192
257
329
446
566
651
599
467
272
12
184
336
399
409
381
355
434
436
325
317
361
406
390
323
220
183
262
342
370
293
293
273
274
297
326
295
194
125
185
267
359
353
251
106
49
11
8
44
103
70
35
21
33
32
33
18
5
22
45
84
71
71
76
90
144
144
115
71
75
147
235
305
362
454
434
334
225
179
299
488
518
328
199
157
100
255
327
314
655
1134
1448
2062
3257
4556
5395
5680
4912
3686
2426
1371
858
628
704
623
704
1185
1577
1713
1578
1336
949
919
921
916
843
731
617
526
434
324
249
191
135
114
75
58
38
35
54
33
4
0
0
0
2
10
20
32
7
9
21
17
29
41
33
33
31
28
26
21
10
5
3
3
0
24
24
5
1
15
38
35
17
21
13
4
2
1
3
5
0
4
21
3
0
3
11
5
1
0
1
7
6
23
79
251
388
487
421
308
141
25
2
0
0
0
0
0
0
0
0
0
0
0
0
0
0
0
0
0
0
0
0
0
0
0
0
0
0
0
0
0
0
0
0
0
0
0
0
0
0
0
0
0
0
0
0
0
0
0
0
0
0
0
0
0
0
0
0
0
0
0
0
0
0
0
0
0
0
0
0
0
0
0
0
0
0
0
0
0
0
0
0
0
0
0
0
0
0
0
0
0
0
0
0
0
0
0
0
0
0
0
0
0
0
0
0
0
0
0
0
0
0
0
0
0
0
0
0
0
0
0
0
0
0
0
0
0
0
0
0
0
0
0
0
0
0
0
0
0
0
0
0
0
0
0
0
0
0
0
0
0
0
0
0
0
0
0
0
0
0
0
0
0
0
0
0
0
0
0
0
0
0
0
0
0
0
0
0
0
0
0
0
0
0
0
0
0
0
0
0
0
0
0
0
0
0
0
0
0
0
0
0
0
0
0
0
0
0
0
0
0
0
0
0
0
0
0
0
0
0
0
0
0
0
0
0
0
0
0
0
0
0
0
0
0
0
0
0
0
0
0
0
0
0
0
2
5
9
29
43
59
42
35
12
6
1
0
0
0
0
0
7
14
9
3
2
2
1
3
13
12
26
29
66
110
154
142
535
159
134
103
295
357
259
145
109
49
25
15
14
41
44
32
40
45
108
195
273
292
251
284
197
229
225
171
236
461
569
691
681
697
639
575
575
642
790
1077
1281
1274
1183
1025
839
650
611
802
1096
1292
1297
1262
1053
809
536
329
228
184
228
349
431
447
361
249
161
109
165
251
324
536
773
1088
1356
1534
1644
1684
1646
1614
1675
1751
1796
1747
1727
1611
1463
1336
1138
1021
883
765
747
681
600
611
536
516
593
819
1022
1105
965
681
530
437
404
324
240
208
148
164
279
393
320
328
316
338
352
337
346
337
254
102
41
60
44
52
59
49
22
3
17
16
9
0
15
37
88
127
101
98
254
62
76
75
95
101
81
42
12
5
8
13
19
27
24
27
19
19
17
20
31
26
27
25
18
15
13
11
11
3
0
3
8
22
27
28
17
7
1
1
0
0
0
0
0
2
1
1
1
1
5
7
12
9
19
25
19
4
8
8
2
1
1
0
2
2
0
0
0
0
0
0
0
0
0
0
0
2
1
1
0
0
1
0
0
0
4
9
4
2
1
0
0
0
0
0
0
1
2
4
7
3
5
4
4
2
0
0
0
0
0
6
8
0
0
0
0
27
145
340
329
279
221
156
120
104
103
72
53
95
89
78
90
195
345
541
731
795
773
532
325
267
265
325
535
688
831
867
1038
1292
1483
1561
1638
1782
2015
2179
2335
2511
2654
2782
2841
2977
3035
3039
2990
2969
2863
2730
2550
2323
2093
1754
1559
1258
1070
747
643
581
427
241
87
69
105
152
126
48
81
88
39
14
37
122
100
32
57
122
73
83
166
225
160
174
236
220
187
193
143
99
65
31
60
83
104
103
114
251
537
811
1071
1134
1200
1243
1248
1174
1104
941
707
543
441
378
342
223
117
99
83
47
5
0
5
2
0
0
1
7
11
15
34
84
93
34
56
214
191
50
1
151
372
346
62
83
210
199
194
312
644
936
1189
1269
1297
1223
1147
1043
934
735
653
598
482
389
338
332
300
253
206
147
101
64
28
16
7
0
0
0
9
7
8
6
0
11
17
4
5
2
4
9
11
24
70
161
95
10
47
155
29
3
19
48
56
58
42
10
38
62
20
1
0
22
44
8
16
39
19
0
19
66
10
1
46
48
48
33
10
0
4
10
6
0
0
0
0
0
0
0
0
1
1
2
4
3
4
0
0
0
0
0
0
0
0
3
4
3
26
26
29
2
24
93
79
63
93
177
291
335
364
420
480
568
589
587
614
641
647
677
604
435
174
80
178
336
382
348
194
85
28
14
26
33
74
88
81
59
25
7
6
8
12
18
17
23
57
34
13
3
5
4
1
3
24
121
215
184
101
48
37
24
6
0
0
0
0
0
0
0
0
0
39
222
509
669
782
849
861
777
689
645
520
443
356
275
181
97
50
14
7
2
0
0
0
0
0
0
0
0
0
0
0
0
0
0
0
0
0
0
0
0
0
0
0
1
0
3
4
2
3
0
0
0
0
0
0
0
0
0
0
0
0
0
0
0
0
0
0
0
0
0
0
0
2
1
0
0
0
0
0
0
0
0
0
0
0
0
6
28
61
135
202
304
418
519
645
717
753
753
759
673
634
540
420
294
163
88
52
29
20
5
3
1
0
0
0
0
0
0
0
0
0
0
0
0
0
0
0
0
0
0
0
0
0
0
0
0
0
0
0
31
271
744
916
1078
1427
1420
1452
1862
2567
3072
3618
3799
3496
3147
2655
2192
1783
1556
1379
1359
1174
1030
925
758
839
763
518
372
303
332
359
293
265
232
135
202
296
202
182
212
263
279
165
155
217
258
241
212
105
178
168
123
104
174
244
193
160
171
104
148
194
143
99
149
144
138
112
181
215
301
373
235
123
198
300
287
224
183
213
333
352
418
512
562
564
584
563
509
452
393
322
264
221
177
191
226
340
311
221
151
188
285
439
565
721
945
1178
1407
1503
1446
1184
955
872
845
1040
997
952
729
536
419
291
190
207
209
185
189
196
186
221
247
215
196
226
222
175
170
204
264
348
449
457
558
747
924
1008
1002
925
964
877
680
642
624
559
647
874
1105
1210
1008
1012
1074
1051
1045
904
810
783
783
672
476
383
390
380
357
356
311
278
242
210
226
240
239
204
125
100
97
88
99
90
67
44
30
23
20
14
9
16
17
26
35
17
9
45
101
134
132
119
78
90
87
69
64
62
53
42
10
20
37
55
96
152
194
213
247
241
259
233
175
87
25
7
7
21
37
34
27
20
2
5
21
37
126
138
124
75
66
62
49
22
20
53
91
117
113
109
128
118
100
83
81
80
58
69
77
60
40
24
3
3
3
12
19
30
28
29
30
36
39
87
0
0
3
0
0
0
0
3
2
12
18
33
40
35
11
1
2
4
6
5
7
36
46
42
15
9
4
2
2
6
5
3
0
0
0
0
0
0
0
0
0
0
0
0
1
1
3
0
0
1
5
12
18
17
14
1
0
0
5
13
11
4
1
0
0
0
0
0
0
0
0
0
0
0
0
0
0
0
0
0
0
0
0
0
0
0
0
0
0
0
0
0
0
1
2
13
15
22
40
109
168
180
129
157
309
710
1113
1426
1695
1827
1827
1716
1574
1332
995
731
530
350
263
264
222
220
292
331
433
487
562
514
425
223
133
201
279
238
230
314
368
261
152
304
224
140
142
137
312
368
393
485
626
682
758
883
926
1033
1171
1352
1426
1605
1724
1846
1886
1832
2200
2188
2027
1502
1159
1091
1136
1249
1408
1608
1662
1702
1766
1684
1448
1214
1312
1102
1061
1077
1022
955
893
879
804
761
712
667
573
581
579
525
522
486
419
400
354
340
194
181
209
253
225
254
191
187
215
237
145
159
212
232
242
300
428
529
620
642
625
680
630
623
627
608
576
497
407
346
338
301
336
286
267
246
306
376
368
480
697
899
1105
1372
1406
1406
1381
1341
1411
1364
1234
1026
934
856
748
629
579
618
382
278
422
498
417
368
290
280
333
389
375
271
219
208
298
276
201
228
218
224
242
282
328
345
343
315
339
329
312
303
317
400
446
463
531
612
587
595
599
632
740
786
868
818
806
728
611
555
552
628
857
784
732
614
558
737
951
1151
1544
1946
2409
2835
3483
3941
4139
4387
4593
4562
4490
4261
3651
2817
1907
1236
1001
963
791
878
1153
1669
1878
2079
2059
1888
1536
751
486
920
801
536
432
649
939
1048
1097
907
782
729
639
662
718
724
734
897
985
1087
1198
1243
1213
1137
971
1134
1397
1485
1613
1865
2104
2378
2645
2754
2781
2864
2979
3149
3356
3337
3426
3320
3139
2944
2878
2848
2513
2106
1631
1145
720
523
209
113
218
444
901
1389
1652
1959
2247
2407
2669
2854
2973
3054
2969
2921
2818
2707
2619
2541
2418
2294
2226
2112
2172
2134
2091
2062
2051
1948
1864
1804
1700
1558
1391
1230
1049
825
713
550
450
359
244
139
69
2
0
0
0
7
30
27
27
25
19
20
12
11
2
1
0
4
0
0
6
9
6
7
13
11
25
25
29
80
102
106
135
167
251
383
819
1122
1293
1460
1473
1480
1587
1704
1740
1801
1867
1787
1543
1362
1197
977
758
541
361
252
212
140
94
253
17
7
26
84
163
184
195
212
246
338
398
472
457
417
363
306
295
243
241
218
147
127
115
147
145
214
203
181
152
121
78
55
45
29
38
26
21
24
18
28
22
27
8
3
7
9
19
41
81
103
148
176
163
132
111
115
84
75
53
57
76
118
227
303
318
398
320
344
330
292
224
165
91
35
9
26
42
52
51
43
69
103
108
107
159
182
183
160
151
103
67
36
12
9
1
0
0
0
0
0
0
0
0
0
2
11
13
11
15
10
5
3
0
0
14
28
22
13
6
0
0
0
1
5
4
2
0
0
3
8
29
86
116
99
162
163
176
225
373
535
658
767
1178
1600
1850
1937
1509
1258
1396
1645
1525
1889
1832
1812
1558
2021
3509
4367
4183
3840
2932
2303
2261
2578
2648
2831
3178
3668
3979
4120
3860
3442
2816
2238
1994
2160
2633
2773
2841
3026
3174
3300
3509
3559
3515
3565
3500
3437
3239
2962
2892
2749
2573
2297
1833
1453
1112
726
423
267
303
519
870
1193
1519
1870
2375
2958
3484
3869
4018
4063
3971
3830
3706
3647
3515
3300
3037
2738
2355
2015
1678
1398
1211
1038
774
636
595
542
407
284
160
66
51
84
205
265
331
360
377
319
277
209
229
375
504
595
624
638
610
669
619
573
553
561
520
363
290
227
177
180
171
203
208
147
94
57
441
1241
1790
2160
2399
2528
2642
2552
2282
2027
1712
1360
897
579
514
721
1114
1485
1670
1689
1726
1757
1532
1160
704
653
722
893
983
1005
990
971
889
828
771
841
954
929
914
938
999
970
845
711
617
622
573
483
525
340
475
721
804
839
793
698
607
456
275
202
157
110
105
69
73
81
128
170
213
218
166
84
23
12
15
60
110
138
135
137
90
31
0
4
26
52
83
99
104
92
64
27
3
7
15
20
20
25
21
20
20
26
9
0
0
0
0
0
3
14
15
5
4
4
3
0
1
0
0
0
0
0
0
0
0
0
0
0
0
0
0
4
24
20
2
1
2
1
0
1
4
12
33
50
58
66
74
80
54
14
7
21
40
55
59
84
73
55
49
41
24
15
14
2
2
0
0
1
7
25
22
17
16
19
22
29
42
41
48
55
68
63
57
51
36
47
22
12
17
20
31
29
21
25
26
24
14
17
14
17
15
102
436
984
1339
1591
1770
1819
1896
1983
2114
2034
1770
1655
1679
1803
1758
1891
1828
1797
1864
1847
1661
1558
1418
1152
1026
1060
869
813
875
1868
745
770
745
956
1068
848
823
833
767
659
776
943
975
832
692
658
541
855
732
761
858
1050
1230
1169
1439
1769
2129
2290
2071
1933
1895
1751
1381
895
577
804
1439
2241
2643
2588
2470
2287
1930
1691
1491
1470
1366
1407
1499
1500
1291
984
718
572
361
763
1139
1594
1946
2302
2397
2217
1915
1464
1363
1866
2246
2355
2242
1963
1843
1660
1540
1405
1441
1662
1839
1794
1599
1195
664
915
1162
1263
1311
1342
1406
1230
1276
1503
1935
2272
2505
2563
2904
3179
3582
3912
4495
5017
5075
5084
5103
5190
5121
4910
4791
4504
3779
3468
3367
3312
3280
3094
2812
2433
2157
2379
2408
2268
2331
2265
1787
999
521
554
730
930
1054
987
1001
1064
931
378
153
575
798
429
290
556
677
380
113
212
422
533
529
409
307
240
240
269
352
426
426
418
458
405
279
138
64
151
242
330
335
360
269
268
318
245
142
240
306
315
409
325
311
316
316
360
398
437
539
592
725
836
950
986
947
830
632
655
557
394
301
263
265
208
173
132
72
64
62
55
85
131
171
202
302
497
778
1131
1416
1405
1325
1218
1189
1003
860
702
664
545
413
294
166
68
45
52
48
37
23
12
11
16
14
41
47
64
63
102
106
92
141
395
699
844
795
694
728
1018
1382
1659
1831
1903
1968
1985
1833
1514
1396
1336
1087
836
760
805
842
820
698
626
661
683
595
565
373
285
262
301
284
356
367
377
370
351
352
360
418
364
304
255
291
285
270
222
200
170
143
164
191
196
202
92
11
6
18
50
51
18
4
12
23
13
4
8
18
18
20
16
21
36
21
23
17
9
8
4
3
1
0
0
0
0
0
0
2
1
2
27
188
460
781
1256
1483
1559
1356
1153
1100
1007
965
816
591
430
374
408
460
616
793
832
856
1139
1540
1629
2016
2117
2124
1979
1843
1711
1402
1240
1129
1262
1737
2080
2473
2752
2877
3088
3116
2858
2646
2411
2083
2025
1901
1655
1245
972
1138
1305
1447
1484
1435
1454
1469
1504
1462
1003
748
869
897
813
818
1334
1467
1679
2235
2295
2373
2433
2566
2916
3455
3973
4438
4850
5356
5704
6009
6249
6435
6555
6724
6915
6890
6967
7144
7256
7185
6916
6436
5963
5368
4877
4419
3692
3025
2489
1960
1359
874
620
658
1085
1676
1943
2090
2291
2544
2794
2943
3027
3171
3296
3494
3416
3472
3454
3278
3132
2960
2672
2255
1778
1213
1087
842
662
745
858
896
916
866
808
687
445
534
500
422
412
300
206
159
176
173
195
333
315
236
448
404
279
135
25
163
125
69
56
27
29
22
55
6
6
1
0
0
1
11
15
23
25
9
12
30
97
238
490
819
1077
1359
1415
1298
1091
869
575
424
327
206
97
69
120
165
171
173
132
76
27
1
1
3
1
4
11
5
34
26
26
2
14
36
23
20
31
22
11
24
49
47
11
0
0
0
0
0
14
57
66
22
6
3
3
129
350
481
493
478
318
186
254
353
453
571
525
467
417
365
308
198
66
4
41
68
61
41
31
16
13
50
61
60
44
19
13
31
51
82
153
216
207
164
83
12
55
104
58
30
126
162
118
98
63
19
9
15
21
17
19
19
12
6
7
5
9
8
10
6
13
14
3
5
17
6
10
3
0
0
0
0
0
0
0
0
0
0
0
0
0
0
3
3
15
40
38
72
376
515
572
635
590
504
377
192
71
94
140
104
93
30
87
105
117
66
43
65
107
151
201
237
269
348
439
586
756
926
1130
1308
1363
1437
1399
1410
1404
1307
1205
1128
1010
947
852
718
599
468
307
177
185
275
223
161
175
232
257
299
567
786
995
1115
1087
994
843
656
427
278
260
176
87
81
74
97
77
42
40
45
51
64
126
216
301
371
364
343
358
352
347
336
359
410
449
357
203
111
52
18
9
3
0
1
1
0
0
0
3
0
0
0
0
0
0
0
0
0
0
0
0
0
0
0
0
0
0
0
0
0
0
0
0
1
17
24
16
14
3
0
0
0
0
0
0
0
0
0
0
4
13
29
18
11
10
6
1
0
2
1
0
2
7
1
1
0
4
57
323
474
473
310
215
357
380
409
467
387
354
394
492
529
430
414
465
483
548
786
977
1138
1284
1474
1544
1660
1600
1729
1850
1943
1839
1607
1478
1240
1055
981
964
723
275
230
436
551
606
642
684
700
658
645
568
461
295
143
28
18
33
44
47
56
285
545
777
1010
1267
1467
1550
1576
1633
1709
1760
1698
1524
1387
1187
1052
862
643
478
869
958
642
585
753
848
295
347
292
447
952
965
763
584
451
491
801
1058
1021
1030
1119
1171
946
660
462
365
304
190
38
55
141
257
390
468
493
490
468
389
365
345
314
177
51
8
75
170
199
184
170
183
173
183
211
191
176
78
35
33
47
96
114
126
132
154
112
130
148
94
38
255
205
9
18
13
0
0
10
59
74
54
76
73
57
57
52
56
34
14
5
0
0
0
1
6
11
87
24
25
27
28
21
9
1
1
0
0
0
0
0
1
9
11
18
20
29
23
34
33
25
28
29
23
17
17
15
13
5
5
0
0
0
0
0
0
0
0
0
0
0
0
0
5
15
45
70
97
89
55
35
21
10
1
2
4
10
9
6
0
2
2
1
0
0
1
4
5
2
5
7
1
1
1
0
2
0
0
0
0
0
0
0
0
0
0
0
0
0
0
0
0
0
0
0
0
0
0
0
2
2
4
1
1
1
1
2
2
1
0
0
2
11
12
13
8
8
6
0
0
0
0
0
5
3
0
0
0
0
0
3
22
151
533
800
1283
1759
2321
2492
2441
2131
1838
1476
1142
969
854
791
697
637
606
554
545
521
490
452
391
350
306
234
192
171
191
219
362
593
717
790
782
839
902
1033
1280
1528
1776
1646
1388
1035
666
462
301
264
133
74
56
88
130
178
220
215
230
182
130
50
58
74
204
210
121
70
95
35
70
89
92
123
175
228
256
229
236
229
224
203
216
223
259
313
392
503
619
602
718
746
813
876
924
964
1061
1249
1603
2058
2651
3093
3146
3200
2743
2033
1945
1816
1381
1231
1298
1165
959
1012
1451
1001
1294
1656
1538
1349
1547
1634
1898
2033
2401
3068
4076
4308
3757
3745
3562
3641
3954
4114
4040
4008
4095
3997
3765
3410
3042
2905
2905
2822
2614
2677
2700
2836
2850
3236
3928
4584
5150
5418
5714
5627
5817
5854
5888
6044
6084
5987
5836
5744
5492
5224
4920
4661
4346
3988
3570
3066
2573
2133
1658
1190
678
292
284
465
848
1501
2075
2601
3139
3477
3790
4017
4147
4252
4270
4211
4148
4107
3892
3645
3445
3079
2739
2363
2112
1873
1546
1367
1222
999
781
516
435
324
300
249
273
393
516
622
751
910
1022
1047
1142
1128
1016
904
865
724
548
432
378
376
369
331
260
217
148
82
44
43
30
31
66
55
53
53
52
76
165
124
149
123
107
116
81
90
109
73
60
105
148
115
81
148
63
68
64
48
46
47
85
319
729
1026
1183
1123
1010
795
527
270
113
75
161
245
337
435
576
598
412
264
394
501
559
531
440
368
280
336
428
415
417
339
211
128
121
132
143
101
52
67
136
88
95
116
98
36
9
2
2
13
17
15
10
2
18
70
91
69
50
21
2
2
1
3
2
1
1
2
13
22
30
28
35
58
87
60
53
36
83
139
167
96
51
38
51
40
30
15
6
1
0
1
1
1
1
0
5
0
0
0
0
0
0
6
0
2
0
0
0
18
42
66
62
47
51
49
68
142
132
49
20
18
18
9
5
1
0
0
0
0
0
12
39
60
38
44
169
229
245
211
196
182
165
115
41
4
11
16
22
281
704
1264
1757
1940
1852
1518
1356
1204
1057
797
527
378
373
348
345
292
240
84
30
135
122
11
21
177
230
213
252
163
76
93
102
151
192
237
274
359
435
585
834
1036
1266
1327
1096
750
395
202
223
220
125
11
1
21
46
40
34
42
62
57
64
69
52
29
38
95
215
433
674
959
1332
1785
2147
2330
2416
2390
2237
2183
2219
2320
2385
2380
2332
2246
2108
1744
1566
1274
942
913
831
597
458
346
258
275
442
601
752
773
743
569
416
370
413
477
600
675
741
826
763
515
260
377
795
888
708
560
587
741
833
866
791
619
632
1083
1382
1324
1066
612
388
548
728
886
862
659
374
258
407
690
781
715
529
327
223
135
82
58
63
113
115
109
132
224
468
587
669
711
643
558
454
442
496
603
749
726
571
477
388
447
549
554
535
647
660
692
655
611
435
397
569
806
1009
1035
1111
1222
1287
1351
1322
1324
1404
1530
1755
2014
2328
2551
2683
2751
2847
2867
2935
3156
3398
3601
3692
3594
3576
3620
3600
3443
3176
2623
2229
1846
1444
1116
1126
1391
1449
1493
1492
1343
1222
1141
1164
1063
901
694
503
421
356
349
426
462
453
363
347
390
411
415
411
415
433
410
436
402
376
335
360
453
636
890
1034
1202
1397
1410
1490
1522
1445
1333
1337
1438
1564
1619
1685
2049
2357
2668
2836
2821
2894
3007
3225
3389
3543
3647
3679
3657
3593
3684
3919
4040
4346
4360
4177
3781
3425
2774
2260
2119
2046
1933
1769
1711
1707
1603
1551
1275
1167
1067
885
668
650
684
702
786
1213
1439
1219
791
754
676
513
297
179
115
125
188
236
300
372
473
607
793
862
755
400
180
256
399
570
531
459
357
224
119
53
55
101
112
114
166
158
109
60
81
101
85
63
147
232
254
155
7
59
48
18
9
2
0
4
2
4
2
3
8
8
6
2
4
15
15
9
12
19
21
35
36
55
51
39
26
15
8
7
25
33
32
40
52
60
48
68
72
164
242
300
375
402
400
410
524
597
557
504
449
344
226
198
176
142
107
84
42
8
0
1
34
53
58
32
12
3
1
0
0
0
0
7
13
18
16
6
5
0
0
0
0
0
0
0
0
0
0
0
0
0
0
0
0
0
0
0
0
0
0
0
0
0
0
0
0
0
0
1
1
0
0
0
0
0
0
0
0
0
0
0
0
0
0
0
0
0
0
0
0
0
0
0
0
0
0
3
0
4
4
41
65
81
105
131
144
149
136
115
108
117
83
44
17
1
20
29
64
86
66
57
66
46
20
24
15
0
0
1
0
0
0
0
0
0
0
0
0
0
0
0
0
0
0
0
0
14
31
153
323
618
897
1090
1233
1379
1512
1616
1674
1618
1522
1391
1318
1242
1191
1151
1070
972
842
676
617
486
393
342
299
385
574
666
805
761
579
233
304
466
583
761
646
518
510
399
441
608
697
785
1007
789
584
583
742
744
551
410
829
1028
1043
916
413
333
417
393
396
398
524
711
867
743
531
217
110
45
103
100
79
13
16
33
28
19
0
5
43
140
301
486
665
825
967
1126
1351
1727
1972
2124
2224
2215
2214
2166
2023
1940
1798
1606
1340
1030
758
410
254
229
288
328
338
368
393
380
378
383
412
452
479
660
954
1172
1338
1468
1528
1576
1456
1310
1211
1116
938
672
482
342
241
162
116
96
67
52
39
28
27
26
16
15
38
30
14
9
3
4
10
14
4
5
5
1
3
0
0
0
0
0
0
0
0
0
0
0
0
0
1
0
1
1
2
10
3
1
140
226
194
125
15
0
1
4
6
8
8
0
0
0
0
0
0
0
0
0
2
0
1
3
4
6
35
76
76
72
53
22
13
3
0
0
0
0
0
0
0
0
0
0
0
0
0
0
0
0
0
0
0
0
0
0
0
0
0
0
0
0
0
0
15
0
0
0
0
0
0
0
0
0
0
0
0
0
0
0
0
0
0
0
0
0
0
0
0
0
0
0
0
7
12
32
55
91
117
128
127
109
71
39
4
0
0
27
47
67
82
56
22
0
4
15
25
52
57
75
76
58
27
13
17
22
15
24
47
37
30
34
18
2
0
0
0
28
118
191
299
354
373
313
242
145
91
54
41
47
38
25
34
47
50
65
63
81
108
123
151
103
81
86
84
83
67
29
10
49
66
60
33
11
1
0
0
0
0
0
0
0
0
0
0
17
66
115
171
201
184
163
149
226
135
176
255
356
442
545
680
781
840
981
1177
1263
1203
1026
788
529
136
443
574
608
750
732
695
663
531
229
129
348
482
499
543
556
513
849
594
506
448
333
270
539
779
955
1075
1289
1301
1201
1132
1037
933
766
548
398
256
128
23
5
46
77
114
130
139
141
134
120
118
117
121
124
118
99
72
49
12
0
0
0
0
1
2
2
7
7
2
8
12
19
6
13
14
39
65
193
423
744
925
1062
1168
1212
1139
976
812
541
374
348
421
510
619
649
677
703
438
734
730
482
308
447
528
379
221
78
127
278
327
359
232
159
156
183
83
28
31
119
253
238
157
118
132
103
103
67
39
26
17
25
25
36
20
28
36
56
56
46
56
81
101
102
112
121
135
154
176
222
247
227
208
182
135
126
90
73
86
153
153
63
1
0
0
3
9
21
13
2
0
0
0
0
0
0
0
0
1
5
14
40
37
14
0
17
192
358
351
282
171
49
2
36
35
5
0
1
2
1
0
0
0
1
1
0
27
147
339
468
489
411
50
143
385
393
286
120
30
145
414
586
695
771
752
674
445
104
91
315
459
550
523
358
105
82
378
535
574
545
523
596
679
803
937
1026
1000
1022
996
998
1056
1122
1292
1659
2064
2538
2839
2856
2664
2575
2601
2674
2885
3154
3379
3121
2913
3203
2633
1971
1678
1470
1480
1226
1085
1065
1349
1375
1392
1306
1540
1764
1776
1769
1691
1658
1733
1747
1633
1598
1488
1414
1404
1349
1295
1219
1004
841
738
657
640
593
570
575
618
531
437
404
352
307
318
260
192
183
161
122
105
112
119
115
136
133
100
77
70
38
21
19
9
8
1
1
1
3
5
7
6
4
10
16
22
14
8
10
7
9
8
1
0
0
0
0
0
0
0
0
0
0
1
1
2
5
2
1
1
1
0
1
9
28
64
70
60
39
6
1
0
0
0
0
0
0
0
0
0
0
0
1
2
14
33
37
22
38
48
71
85
64
56
15
2
0
1
0
0
0
0
0
0
0
0
0
0
0
0
0
0
0
0
0
0
0
0
0
0
0
0
0
0
0
0
2
0
0
0
0
0
1
3
3
2
1
0
0
0
0
0
0
0
0
1
0
0
0
0
0
0
0
0
0
0
0
0
0
0
7
13
11
0
0
0
0
0
6
9
15
14
5
2
3
1
3
7
25
31
21
24
25
14
6
0
0
0
0
0
0
0
0
0
0
0
0
0
0
0
0
0
0
0
0
0
0
0
0
0
0
0
0
0
0
0
0
0
0
0
0
0
0
0
0
0
0
0
0
0
0
0
0
0
0
0
0
0
0
0
0
0
0
0
0
0
0
0
0
0
0
0
0
0
0
11
119
512
990
1333
1694
2023
2261
2243
2283
2281
2207
2034
1671
1757
1460
786
1521
1941
2040
1964
1650
1154
832
856
1186
1574
1765
1951
2218
2424
2603
2878
3126
3348
3654
3862
3927
3860
3883
3757
3707
3694
3396
2962
2402
1932
1352
952
598
439
480
736
1132
1378
1709
1917
2198
2252
2193
2147
2154
2155
2066
1958
1767
1499
1220
1034
969
954
919
794
661
579
550
472
378
312
255
229
203
185
165
183
203
217
183
152
155
157
170
183
209
226
205
213
156
119
72
34
26
11
10
12
11
8
6
8
7
7
24
28
51
82
121
134
113
102
126
104
71
104
139
75
20
16
24
16
14
14
16
19
20
22
14
5
3
8
7
6
7
7
6
6
7
3
2
27
91
130
69
96
137
56
73
22
12
22
13
13
7
6
8
8
6
4
3
3
2
0
1
0
5
2
1
6
4
0
0
0
0
0
0
0
2
2
0
0
0
2
2
2
2
23
62
105
105
126
95
5
17
16
28
16
4
6
10
15
7
20
19
4
3
4
0
1
1
0
0
0
0
0
2
8
13
16
16
5
4
0
3
3
13
23
25
24
21
12
4
0
18
21
7
6
3
0
0
5
6
6
9
46
110
130
172
169
96
34
27
14
10
2
3
27
27
26
18
9
1
3
1
0
16
50
70
59
68
34
15
7
11
20
22
9
1
0
23
21
8
6
6
2
4
0
0
0
11
16
24
7
1
9
15
11
11
7
11
5
5
6
1
0
0
0
0
3
0
0
7
1
1
2
0
0
5
16
19
0
11
6
1
45
52
32
0
0
10
14
9
3
0
3
127
381
799
1204
1539
1751
1589
1781
2019
2559
3166
3735
4141
4149
4133
4172
4215
4243
3967
3702
3841
3897
3874
3765
3471
3034
2794
2594
2208
1913
1614
1492
1620
1655
1694
1656
1630
1510
1485
1550
1623
1617
1507
1442
1512
1517
1516
1722
1884
1934
1907
1936
2055
2036
1920
1713
1390
1379
1391
1183
1200
1275
1310
1615
1864
2052
2183
2226
2183
2164
2072
2054
2099
2071
1875
1758
1853
1818
1699
1516
1307
1138
977
841
722
670
704
761
875
944
1037
1258
1409
1629
1934
2174
2295
2468
2485
2451
2448
2259
2135
1940
1836
1813
1644
1568
1538
1437
1562
1757
1887
2083
2172
2277
2452
2652
4673
2888
3026
3057
3110
3170
3207
3045
2881
2743
2680
2459
2260
2102
1974
1864
1737
1613
1431
1242
1064
912
767
680
528
444
312
221
126
63
46
30
26
26
24
31
30
6
6
19
27
17
13
22
13
11
11
16
19
26
41
41
70
150
244
292
346
404
421
394
313
279
193
124
105
49
55
109
168
132
119
123
98
61
42
61
125
327
668
1360
2157
2575
2689
2648
2762
2788
2576
2884
2802
2514
1898
1357
1564
1498
1797
1771
1709
1529
1332
1137
1044
1104
1596
1794
1741
1378
1041
1070
1297
1561
1732
2117
2317
2475
2961
2730
2889
2680
2484
2721
2655
2460
2291
2048
1830
1912
1797
1266
1173
1112
917
991
1149
909
701
698
627
370
282
302
330
296
278
260
163
99
84
100
192
204
196
176
124
83
32
23
23
15
8
3
4
4
1
0
0
0
0
0
0
0
0
0
0
0
0
0
0
0
0
0
1
0
0
0
0
0
0
0
0
0
0
0
0
0
0
3
6
0
0
0
5
0
0
0
0
0
0
0
0
0
0
0
0
0
0
0
0
0
0
0
0
0
0
0
0
0
0
0
0
0
0
0
0
0
0
0
0
0
0
0
0
0
0
0
0
0
0
0
0
0
0
0
0
0
0
0
0
0
0
0
0
0
0
0
0
0
0
0
0
0
0
0
0
0
0
0
0
0
0
0
0
0
0
0
0
0
0
0
0
0
0
0
0
0
0
0
0
0
0
0
0
0
0
0
0
0
0
0
0
0
0
0
0
0
0
0
0
0
0
0
0
0
0
0
0
0
0
0
0
0
0
0
0
0
3
2
0
0
0
0
0
0
7
10
4
0
2
5
4
5
2
7
5
6
26
11
47
116
83
63
45
13
0
0
4
8
10
1
12
18
1
3
2
1
0
0
0
0
0
0
0
1
3
9
8
3
0
0
0
0
0
0
0
0
0
0
7
36
35
21
14
0
0
0
0
0
8
10
7
4
4
1
0
0
0
0
0
0
0
0
0
0
0
0
0
0
0
0
0
0
0
0
0
0
0
0
0
0
0
0
0
0
0
0
0
0
0
0
0
0
0
0
0
0
0
0
0
0
0
0
0
0
0
0
0
0
0
0
0
0
0
0
0
0
0
0
0
0
0
0
0
0
0
0
0
0
0
0
3
5
2
1
0
0
0
0
0
1
0
0
0
1
1
2
3
3
4
1
1
0
0
0
0
2
10
14
14
26
28
26
18
20
18
14
13
23
26
23
32
49
110
154
179
164
156
167
190
182
226
308
358
330
310
354
453
714
970
1348
1708
2105
2538
2993
3408
3817
4121
4438
4782
5150
5496
5686
5821
5926
5931
5914
5826
5693
5348
5132
4599
4157
3625
3197
2729
2154
1530
1042
491
182
151
460
1094
1704
2384
2954
3481
3934
4303
4549
4879
5360
5827
6183
6452
6810
7006
7315
7477
7544
7634
7643
7651
7674
7518
7561
7478
7177
6724
6203
5829
5438
5118
4716
4419
4033
3451
2718
2065
1740
1863
2420
3054
2558
1255
649
414
634
712
974
1297
1465
1408
903
773
861
1061
1106
982
918
890
939
923
767
514
418
296
268
188
185
194
190
282
370
541
700
788
796
821
868
911
965
984
967
1003
1002
1100
1250
1507
1860
2368
2811
3173
3297
3460
3569
3586
3573
3460
3499
3814
3800
3867
3771
3544
3406
3163
3000
2747
2582
2235
1987
1757
1604
1487
1349
1226
875
629
454
356
248
98
11
0
0
2
4
21
232
604
997
1037
1348
1684
1764
1838
1582
1935
2080
2390
2437
2265
1784
1326
1099
805
638
470
362
254
203
253
359
531
647
591
442
532
583
696
694
577
409
316
311
280
171
90
89
78
135
229
398
530
388
139
198
377
388
183
103
78
93
91
89
110
93
79
56
136
270
339
399
495
526
579
588
621
566
521
458
410
184
102
202
163
176
200
232
237
259
301
338
348
227
168
141
89
32
10
0
1
0
0
3
11
7
36
171
363
529
657
678
553
357
190
108
57
27
15
5
1
5
9
4
13
16
9
0
0
0
0
0
0
1
0
0
0
0
0
0
3
36
252
431
382
280
173
86
132
174
166
153
146
173
111
34
40
68
52
25
1
0
8
8
4
2
1
14
54
64
52
63
53
61
59
74
107
163
203
196
136
68
28
22
31
12
5
0
0
0
0
4
1
1
0
1
0
0
0
0
0
0
0
0
0
0
0
1
0
0
2
0
0
0
0
0
1
6
12
23
18
10
3
0
0
0
0
8
18
9
0
0
1
0
52
62
37
10
19
14
39
44
91
66
51
20
12
39
64
78
75
57
23
6
4
3
12
57
70
65
54
37
33
22
19
17
13
8
4
2
6
5
15
19
18
162
446
763
1005
1199
1284
1251
1083
964
715
406
197
176
303
423
598
985
1359
1685
2031
2271
2576
2887
3208
3457
5650
3761
3947
4027
4142
4349
4517
4799
5103
5270
5388
4933
4597
4188
3749
3329
2857
2674
2649
2602
2475
2330
2300
2380
2394
2203
1948
1711
1547
1332
1239
1133
1032
796
617
604
673
693
595
433
310
292
283
308
342
346
363
446
528
557
569
581
464
371
397
474
624
791
913
919
823
599
483
546
620
662
620
606
565
458
375
411
402
445
518
660
780
745
517
299
265
346
463
513
512
578
584
515
466
330
249
180
114
80
34
40
26
53
82
108
157
147
83
35
37
37
44
52
52
95
72
36
24
11
6
1
5
9
15
16
11
0
1
1
3
2
6
7
0
3
20
34
35
18
0
0
0
0
0
2
6
7
5
1
7
12
11
15
14
7
4
8
12
3
25
78
104
89
52
30
49
70
68
65
54
51
55
51
36
18
0
4
15
27
78
143
141
45
1
14
8
0
1
0
19
97
218
317
341
371
421
369
398
432
429
371
322
586
773
878
898
1047
1666
2236
2326
2351
2402
2254
1933
1711
1456
1194
971
974
923
952
968
923
994
1206
1362
1404
1289
1116
903
721
502
243
58
25
28
90
180
287
375
382
513
714
843
882
910
901
970
1064
1206
1269
1394
1489
1557
1545
1471
1311
1206
1106
976
877
782
655
626
829
1123
1569
1877
2125
2237
2334
2422
2747
2979
3193
2955
2057
555
1382
1988
2109
2009
1897
1679
1346
1098
894
566
161
172
429
584
621
552
393
359
626
909
1137
1157
1107
1078
1097
1055
957
926
822
684
544
460
312
127
35
168
343
511
624
744
798
763
652
544
455
268
154
128
233
407
441
346
196
166
254
281
241
248
335
185
151
388
643
556
420
468
593
473
204
86
185
243
173
207
338
445
521
599
637
605
584
615
581
419
316
235
159
104
85
78
65
88
155
136
168
412
456
283
141
107
182
229
153
137
116
50
47
21
34
78
58
58
45
52
47
60
108
137
182
227
261
261
218
216
200
163
118
126
70
47
78
151
143
159
198
181
71
18
14
25
8
61
133
133
116
80
31
11
10
38
52
40
17
10
3
7
10
30
56
66
73
40
23
5
0
0
0
0
0
0
0
0
0
0
0
0
0
0
0
0
0
0
0
0
0
0
0
0
0
0
0
0
0
0
0
0
0
0
0
0
0
0
0
0
0
0
0
0
0
0
0
0
0
0
0
0
0
0
0
0
0
0
0
0
0
0
0
0
0
0
0
0
0
0
0
67
47
2
0
0
0
0
0
0
0
0
0
0
0
0
0
0
0
0
0
0
0
0
0
0
0
0
0
0
0
0
0
0
0
0
0
0
0
0
0
0
0
0
0
0
0
0
0
0
6
4
0
0
11
0
0
0
0
0
0
2
2
5
4
7
8
8
7
2
2
52
271
504
727
855
859
801
756
690
626
543
492
473
491
466
360
283
194
150
119
154
158
99
37
10
7
5
3
14
5
1
0
0
0
0
0
0
0
1
0
0
0
0
0
0
0
0
0
0
0
0
0
0
0
1
0
1
1
0
0
0
5
12
4
10
11
74
137
170
120
50
33
35
13
1
1
4
9
10
13
22
18
21
38
70
70
66
64
76
41
61
104
139
91
39
0
0
1
2
2
0
2
0
4
27
46
51
55
29
0
4
30
31
20
17
1
0
0
0
0
0
0
0
8
6
6
4
2
9
9
0
2
0
0
0
0
2
7
15
35
57
101
181
323
474
652
799
1008
1271
1511
1652
1741
1820
1898
1975
1950
1853
1770
1613
1438
1266
1155
986
788
577
463
347
269
190
121
145
233
488
728
823
822
802
816
801
812
746
572
449
284
347
495
570
601
651
682
708
719
738
710
666
589
489
333
196
130
238
458
599
737
863
925
911
911
901
854
812
709
612
449
300
225
182
163
147
107
80
92
127
136
168
193
176
114
40
20
22
18
27
91
184
274
329
439
544
682
787
910
1072
1299
1609
2245
2955
3299
3498
3743
3996
4113
4057
3963
3785
3540
3529
3524
3718
3909
4113
4231
4390
4725
5088
5648
6184
6526
6713
6839
6982
7059
7161
7151
7142
7246
7135
7281
7311
7156
6862
6255
5744
5215
4798
4714
4509
4135
3653
3086
2493
1826
1076
343
43
91
426
882
1336
1616
1869
2027
2111
2404
2842
3172
3321
3372
3312
3257
3080
2760
2457
2293
2115
1847
1543
1201
833
538
393
503
549
658
779
763
790
890
1062
1190
1080
1230
1167
981
982
874
800
601
592
474
353
449
488
456
436
537
612
690
705
719
646
553
403
232
116
44
26
42
62
86
105
187
225
186
161
115
151
176
227
266
317
415
365
235
121
44
24
18
28
28
18
22
27
37
39
58
53
75
82
73
60
17
7
1
1
0
8
14
17
23
14
8
8
7
16
22
14
19
0
3
6
5
11
24
20
13
3
0
1
2
0
0
0
0
0
0
0
0
0
0
0
0
0
0
0
0
0
0
0
0
0
0
0
0
0
0
0
0
0
0
0
0
0
0
3
10
31
68
180
293
495
680
814
895
1002
1028
1056
1015
922
846
799
708
625
480
335
264
178
128
108
91
84
78
58
39
31
23
5
2
1
1
1
1
0
1
4
4
0
0
2
7
0
0
0
0
0
0
2
13
41
82
81
55
30
13
3
6
2
0
1
0
0
0
0
0
0
0
0
0
0
0
0
0
0
0
0
0
1
0
0
0
1
6
8
25
30
38
28
25
20
11
5
1
2
1
1
4
3
2
2
0
2
3
3
2
3
4
0
1
0
0
0
0
0
0
0
0
0
0
0
0
0
0
0
0
0
0
0
0
0
0
0
0
0
0
0
0
0
0
0
0
0
0
0
0
0
0
0
0
0
0
0
0
0
0
0
0
0
0
0
0
0
0
0
0
0
0
0
0
0
0
0
0
0
0
0
0
0
0
0
0
0
0
0
0
0
0
0
0
0
0
0
0
0
0
0
0
0
0
0
0
0
0
0
0
0
0
0
0
0
0
0
0
0
0
0
0
0
0
0
0
0
0
0
0
0
0
0
0
0
0
0
0
0
0
0
0
0
0
0
0
0
0
0
0
0
0
0
0
0
0
0
1
0
0
0
0
0
0
0
0
0
0
0
0
0
0
0
0
0
0
0
0
0
0
0
0
0
0
0
0
0
0
0
0
0
0
0
0
0
0
2
0
0
0
0
0
0
0
0
0
0
0
0
0
0
0
0
0
0
0
0
0
0
0
0
0
0
0
0
0
0
0
0
0
0
0
0
0
0
0
0
0
0
0
0
0
0
0
0
0
0
0
0
0
0
0
0
0
0
0
0
0
0
0
0
0
0
0
0
0
0
0
0
0
0
0
0
0
0
0
0
0
0
0
0
0
0
0
0
0
0
0
0
0
0
0
0
0
1
0
0
0
8
29
63
167
375
613
839
992
1157
1249
1270
1216
1120
1086
1085
1020
859
611
416
308
171
90
90
100
52
11
0
0
0
0
1
0
0
1
0
0
0
0
0
0
0
0
0
0
0
0
0
0
1
2
7
9
12
10
6
3
12
32
49
66
79
70
29
7
8
15
51
79
49
44
198
13
7
3
1
0
0
0
0
2
0
3
0
0
0
0
0
0
0
0
0
0
2
9
28
74
134
179
199
246
237
244
231
172
154
114
62
37
5
0
6
11
20
51
63
73
43
29
20
9
2
0
0
0
0
0
0
0
0
0
0
0
0
0
67
156
116
69
198
532
657
561
269
114
282
572
628
583
380
140
33
166
265
177
151
162
321
293
188
193
369
467
324
204
225
404
431
267
213
161
169
376
515
583
482
433
467
232
267
727
772
619
324
274
413
496
454
283
513
496
402
298
226
276
305
355
267
213
101
38
108
148
183
185
197
127
58
0
24
31
1
4
18
5
4
5
8
2
1
2
6
0
0
0
1
0
0
3
0
0
4
22
103
388
691
1040
1262
1368
1377
1341
1305
1241
1195
1192
1096
875
623
371
312
288
211
224
322
452
361
361
399
198
144
152
185
267
294
425
598
401
285
603
705
696
657
605
493
493
488
552
505
402
226
105
47
19
15
67
252
394
401
374
345
325
330
299
264
262
220
185
136
129
128
96
79
71
61
81
101
160
231
254
263
279
235
192
94
38
17
2
0
3
11
10
3
1
0
0
0
0
0
0
0
0
0
0
0
0
0
0
0
0
0
0
0
0
0
0
0
0
0
0
0
0
0
0
0
0
0
0
0
0
0
0
0
0
0
0
0
0
0
0
0
0
0
0
0
0
0
0
0
0
0
0
0
0
0
0
0
0
0
0
0
0
0
0
0
7
10
6
0
8
0
0
0
1
1
1
5
8
4
0
0
0
0
0
0
0
0
0
0
0
0
0
0
0
0
0
0
0
0
0
0
0
0
0
0
0
0
0
0
0
0
0
0
0
0
0
0
0
0
0
0
0
0
0
0
0
0
0
0
0
0
0
0
0
0
0
0
0
0
0
0
0
0
0
0
0
0
0
0
0
0
0
0
0
0
0
0
0
0
0
0
0
0
0
0
0
0
0
0
0
0
0
0
0
0
0
0
0
0
0
0
0
0
0
0
0
0
0
0
0
0
0
0
0
0
0
0
0
9
23
10
99
277
387
340
255
140
62
12
1
12
21
16
20
44
88
28
9
3
30
0
14
4
3
7
5
3
6
2
0
18
10
46
67
25
10
10
12
2
0
0
0
0
0
12
34
14
0
2
7
11
8
0
0
0
0
0
0
0
0
0
0
0
0
0
0
0
0
0
0
0
0
0
0
0
0
0
0
0
0
0
0
0
0
0
0
0
0
0
0
0
0
0
0
0
0
0
0
0
0
0
0
0
0
0
0
2
8
1
0
0
0
0
0
0
0
0
0
0
0
0
0
0
0
0
0
0
0
0
0
0
0
0
0
0
0
0
0
0
0
0
0
0
0
0
0
0
0
0
0
0
0
0
0
0
0
0
0
0
0
0
0
0
0
0
0
0
0
0
0
0
0
0
0
0
0
3
14
9
48
106
90
52
43
35
30
48
63
103
121
182
183
216
225
246
256
233
157
99
73
48
27
37
37
16
6
3
1
0
2
2
4
7
6
8
9
7
6
6
6
4
1
1
1
0
0
1
0
1
0
0
0
0
0
0
0
0
0
0
0
0
0
0
1
0
0
0
0
0
0
0
0
0
0
0
0
0
0
0
0
0
0
0
0
0
0
0
0
0
0
0
0
0
0
0
0
0
0
0
0
0
0
0
0
0
0
0
0
0
0
0
0
0
0
0
0
0
0
0
0
0
0
0
0
0
0
0
0
0
0
0
0
0
0
0
0
0
0
0
0
1
1
5
8
16
17
32
19
27
32
37
37
42
47
35
27
19
4
1
0
0
0
1
0
0
0
0
0
0
0
0
0
0
0
0
0
0
0
0
0
0
0
0
0
0
0
0
0
0
0
0
0
0
0
0
0
0
0
0
0
0
0
0
0
0
0
0
0
0
0
0
0
0
0
0
0
0
0
0
0
0
0
0
0
0
0
0
0
0
0
0
0
0
0
0
0
0
0
0
0
0
0
0
0
0
0
0
0
0
0
0
0
0
0
0
0
0
0
0
0
0
0
0
0
0
0
0
0
0
0
0
0
0
0
0
0
0
0
0
0
0
0
0
0
0
0
0
0
0
0
0
0
0
0
0
0
0
0
0
0
0
0
0
0
0
0
0
0
0
0
0
0
0
0
0
0
0
0
0
0
0
0
0
0
0
0
0
0
0
0
0
0
0
0
0
0
0
0
0
0
0
0
0
0
0
0
0
0
0
0
0
0
0
0
0
0
0
0
0
0
0
0
0
0
2
46
198
522
648
649
695
951
1085
941
892
824
793
934
1354
1987
2333
2677
2831
3111
3160
2937
2640
2397
2142
1991
1905
1935
1929
1926
1849
1786
1688
1632
1540
1503
1574
1541
1694
2133
2435
2814
2820
2703
2677
2755
2926
3053
3134
3241
3189
3157
3205
3049
2863
2491
2175
1890
1618
1354
1075
732
496
491
452
366
359
246
367
751
1063
1215
1439
1690
1935
2112
2245
2400
2545
2624
2699
2813
2955
2978
2847
2747
2503
2320
2188
2090
2010
2043
2194
2370
2351
2449
2420
2249
2111
1890
1661
1418
1233
989
677
762
1096
1638
2114
2530
3009
3560
3675
3543
3612
3646
3570
3479
3122
2823
2775
2678
2468
2250
2100
1936
1714
1577
1516
1436
1487
1596
1771
1938
2043
1996
1780
1568
1422
1224
994
1006
1098
981
868
669
453
291
251
265
301
425
555
742
765
862
1021
1087
966
872
819
809
859
856
799
701
509
413
466
502
440
394
324
272
378
408
362
281
260
251
208
156
221
285
321
320
279
287
302
350
387
390
320
228
160
111
84
98
147
199
264
300
310
360
635
1016
1402
1608
1442
1688
1640
1674
1597
2151
2315
2329
2175
1822
1567
1447
1327
1219
1024
853
781
793
792
712
624
510
342
222
196
183
166
182
166
209
169
126
129
98
73
82
114
115
79
27
94
196
264
296
342
241
96
23
64
73
102
101
38
5
14
53
60
86
114
96
40
10
1
0
4
0
0
0
0
0
12
17
5
1
2
0
11
15
18
5
0
0
5
1
0
0
0
0
0
0
0
0
0
3
6
6
0
0
0
5
5
3
48
109
217
415
538
526
366
307
256
191
191
201
66
76
225
356
410
393
390
386
388
436
509
616
737
830
976
1190
1566
1655
1527
1189
1172
1415
1753
2167
2381
2377
2194
1834
1509
1078
706
460
262
251
319
430
553
587
871
982
1013
1145
1277
1432
1658
1775
1993
2113
2384
2595
2067
1912
2533
2736
2427
2192
2250
2599
3085
3448
3774
4083
4432
4513
4645
4991
5505
6365
7065
7847
7781
7724
7975
7582
6879
6299
5568
4726
4145
3589
3048
2802
2492
2163
2057
1809
1852
1766
1693
1533
1456
1283
1109
936
726
480
173
19
310
516
603
699
738
776
785
731
634
574
468
373
262
206
130
151
211
309
402
399
405
439
530
630
752
796
787
748
755
790
841
901
876
833
760
731
683
608
557
424
275
260
211
169
195
258
321
508
659
787
888
1012
1187
1353
1611
1909
2207
2551
2858
3329
3739
4076
4547
5072
5478
5900
6326
6693
6786
6519
6187
6216
5774
4796
3848
3256
3382
3191
4573
3095
3213
3281
2936
2941
3085
3447
3897
4664
5032
5068
4461
4127
3701
3191
2535
1988
1610
1248
947
680
517
363
391
383
337
247
219
201
189
145
120
107
91
68
52
57
69
93
94
87
63
55
54
107
114
158
141
144
130
57
40
19
20
42
66
64
54
117
200
244
203
153
125
101
156
194
214
173
123
114
157
187
220
241
194
131
76
34
32
12
11
2
0
3
11
17
5
13
46
42
35
78
113
162
186
185
132
73
47
81
120
86
65
31
30
18
11
9
7
3
4
0
0
0
0
2
5
2
0
12
56
80
95
86
59
60
55
25
17
9
10
15
5
5
19
27
30
26
8
0
0
0
0
0
0
0
0
0
0
0
0
0
0
0
0
0
0
0
0
0
0
0
0
1
2
7
7
9
8
4
4
3
0
4
9
21
21
34
43
36
21
7
0
0
3
8
9
5
3
1
0
2
0
1
8
107
302
533
751
919
1031
1007
768
760
769
793
989
1003
1036
1089
853
694
534
458
435
550
501
437
385
235
118
46
19
14
49
74
72
76
69
72
65
39
31
16
12
6
3
1
1
0
0
0
0
0
0
0
0
0
0
0
0
0
0
0
0
0
0
1
0
3
1
1
1
1
0
0
0
0
0
0
0
0
0
0
0
0
0
0
0
0
0
0
0
0
0
0
0
0
0
0
0
0
0
0
0
0
0
0
0
0
0
0
0
0
0
0
0
0
0
0
0
0
0
0
0
0
0
0
0
0
0
0
0
0
0
0
0
0
0
0
0
0
0
0
0
0
0
0
0
0
0
0
0
51
422
845
1524
2407
2865
3056
2935
2712
2342
2044
1754
1341
995
739
638
487
346
176
71
61
62
58
123
191
193
164
171
343
558
718
700
580
462
307
245
234
285
311
340
320
246
148
78
296
748
1037
1452
1301
930
557
440
394
325
222
278
263
305
371
377
344
311
408
680
784
800
777
817
844
881
1231
1564
1753
1886
2092
1890
1553
1337
1062
620
255
320
601
738
430
586
769
789
644
618
688
685
657
478
234
381
537
712
842
962
1102
1143
1103
1013
874
712
617
826
916
932
756
537
247
417
448
210
32
131
242
324
304
296
306
331
418
453
444
394
330
259
198
185
173
147
104
87
120
177
229
241
153
24
21
37
62
107
117
77
30
10
6
4
1
17
21
101
48
46
21
16
1
0
6
0
1
0
0
0
0
0
0
0
0
0
1
0
0
0
0
0
2
1
2
12
9
4
0
0
0
0
8
35
36
26
41
41
28
15
14
15
35
68
95
93
92
88
80
89
100
123
137
131
126
100
55
27
16
53
101
125
128
93
43
26
11
15
20
14
1
0
11
73
389
594
673
733
974
996
1276
1484
1775
1763
1417
868
353
313
571
759
804
937
1026
1139
1300
1355
1500
1614
1775
1869
2150
2418
2608
2781
2833
2793
2810
2852
2844
2850
2898
3010
3268
3341
3325
3160
2938
3019
3038
2898
2667
2303
2013
1839
1679
1432
1190
1040
824
583
446
331
275
602
1239
1828
2334
2516
2728
2980
3252
3349
3527
3643
3701
3773
3669
3714
3751
3666
3386
3205
2958
2773
2688
2644
2712
2719
2755
2780
2669
2606
2392
2376
2308
2143
2049
1857
1677
1293
829
603
565
651
725
742
752
639
619
617
820
1060
1262
1400
1475
1580
1616
1712
1802
1802
1829
1742
1614
1462
1301
1058
856
650
458
261
106
39
10
8
26
39
43
27
60
106
101
142
166
198
277
381
422
474
467
406
246
202
212
213
181
150
150
132
82
68
51
19
11
10
13
27
79
104
116
124
88
54
74
34
28
39
49
69
66
74
51
60
71
71
69
47
71
114
47
5
1
24
28
20
11
7
0
0
0
0
13
37
94
110
52
87
173
216
231
169
109
36
11
2
0
1
17
5
11
19
26
15
12
10
4
7
19
25
27
44
11
42
88
63
15
11
16
9
8
24
56
73
62
37
6
0
3
42
79
95
93
42
1
0
0
2
10
20
6
0
0
2
0
0
0
1
0
0
0
0
0
0
0
0
0
0
0
0
0
0
0
0
1
3
8
14
121
252
290
458
466
316
400
470
426
538
424
710
1047
1165
981
684
365
183
78
43
34
193
414
467
287
127
172
612
1086
1160
821
600
372
295
293
383
357
333
513
926
1428
1878
1998
1817
1472
1048
480
122
569
884
964
830
716
547
263
125
179
532
963
1198
1403
1408
1043
594
245
118
291
562
705
662
538
484
416
445
498
558
624
483
491
961
938
663
295
545
250
577
734
630
542
797
735
709
852
697
624
547
396
353
420
468
400
287
168
173
148
105
51
24
37
68
107
125
132
92
37
5
0
0
0
0
0
0
0
1
7
20
27
43
49
12
0
0
0
0
0
0
0
0
0
7
0
7
0
0
0
0
0
0
0
0
0
0
1
0
1
4
5
10
22
25
27
23
9
5
2
0
0
0
0
0
6
34
108
144
180
193
250
314
332
325
298
293
242
238
208
189
167
100
35
22
20
14
12
2
0
0
0
0
0
0
0
0
0
0
2
1
0
0
0
0
0
0
0
0
0
0
0
0
0
0
0
3
20
55
37
12
0
0
0
0
0
0
0
0
0
0
0
0
0
0
0
0
0
0
0
0
0
0
0
0
0
6
7
10
4
3
15
1
47
48
22
7
3
0
24
27
2
2
7
34
132
133
125
83
115
161
185
81
110
132
92
30
13
23
50
27
5
4
28
45
63
64
62
87
204
237
167
74
20
21
28
30
14
8
3
0
0
0
1
1
5
11
7
1
4
0
0
0
4
3
0
0
0
0
0
0
0
0
0
0
0
0
0
0
0
0
0
0
0
1
0
0
0
0
0
0
0
0
1
0
1
7
12
34
101
206
357
565
807
941
962
991
1128
1287
1555
1945
2016
2028
1734
995
777
1225
1559
1675
1503
796
427
505
909
914
874
674
304
259
485
699
788
790
721
656
603
501
279
110
82
101
102
93
97
73
61
55
36
20
31
33
39
46
62
91
96
112
130
126
99
80
82
97
100
83
64
45
27
17
24
44
55
50
39
34
33
32
32
39
34
32
26
23
24
5
5
3
0
7
29
32
26
23
31
33
39
26
39
80
87
119
168
162
141
189
204
202
175
138
95
60
62
55
47
22
7
0
0
2
0
0
0
0
0
0
1
0
0
2
3
0
0
0
0
0
0
1
4
18
21
22
20
37
84
117
121
96
44
20
8
1
0
5
29
76
178
215
396
468
377
204
125
226
275
267
245
178
110
45
23
52
59
8
6
19
47
41
9
1
3
1
1
0
0
0
0
0
0
0
0
0
0
3
7
4
0
0
0
0
0
4
7
6
3
2
1
0
0
0
0
0
0
0
1
0
0
0
0
4
8
23
39
58
56
35
28
25
4
1
0
0
0
0
0
1
0
0
0
0
0
0
0
0
0
0
0
1
1
2
2
1
0
6
7
3
0
1
19
24
37
42
25
9
7
3
0
0
0
0
0
0
0
0
0
0
0
0
0
0
0
0
0
6
7
3
13
58
18
17
21
24
48
52
42
41
28
29
35
35
54
81
97
117
159
198
243
419
535
671
880
1172
1512
1732
1998
2243
2355
2453
2560
2589
2558
2514
2602
2654
2819
3061
3183
3066
2974
2928
3038
3138
3084
2956
2852
2654
2554
2537
2697
2872
2957
2502
2683
3183
3048
2482
1933
2349
2621
2345
1876
1417
1482
982
445
409
630
1589
2490
2939
3429
3901
4212
4890
5533
5872
5852
5599
5452
5572
5472
5407
5055
4695
4298
4031
3864
3486
3130
3059
3347
3597
3788
3940
3896
3672
3326
3255
3091
2896
2595
2139
1555
1068
1085
1480
1789
2140
2687
3274
3825
3976
3987
4070
4117
4076
4059
3827
3536
3426
3152
2872
2605
2163
1980
1742
1451
896
855
833
1473
1972
2034
1761
1947
2368
2611
2443
2377
2385
1827
1051
625
2115
2709
3372
2882
2639
2105
1515
1063
998
1300
1540
1267
1014
802
991
1686
2257
2010
1458
1473
1493
1543
1520
1634
1676
1537
1400
1411
1322
1207
1203
1069
1013
1066
1198
1562
1884
2026
1886
1736
1978
2237
1806
1044
1252
1599
1367
1150
1573
1368
1019
1459
1501
1037
1105
1066
633
318
611
433
217
391
447
521
631
685
600
569
606
701
769
698
661
584
561
579
605
566
510
464
400
370
404
377
376
360
350
336
333
385
434
512
635
717
829
979
1258
1646
2063
2361
2511
2575
2491
2249
2018
1692
1507
1432
1273
887
523
580
1177
1528
1552
1215
643
288
183
364
676
1007
1428
1651
1698
1499
1100
665
352
243
374
385
345
267
181
219
263
251
143
121
102
76
7
15
9
4
8
9
9
5
3
4
24
37
29
44
42
28
14
1
2
1
0
0
4
34
59
51
53
36
24
8
12
11
9
8
6
24
49
55
33
18
13
19
22
37
71
189
356
482
502
488
483
480
454
442
374
300
243
220
236
353
700
1093
1118
902
719
512
295
214
179
179
216
335
431
376
198
4
164
383
509
593
643
744
823
903
949
974
946
877
764
675
607
528
419
331
259
175
101
30
0
84
226
345
402
409
391
417
475
485
460
360
233
90
13
144
144
110
86
99
181
397
699
909
1003
920
677
669
632
510
351
214
181
193
166
160
178
145
47
53
55
60
39
33
49
43
65
124
166
240
330
426
462
387
265
193
132
145
88
46
17
1
9
27
85
96
141
146
164
146
175
212
213
190
143
75
15
34
25
2
23
20
15
7
9
8
27
122
403
869
1276
1286
1022
524
173
90
101
91
56
26
32
29
115
158
102
46
7
3
32
169
310
255
131
38
87
20
0
18
46
45
23
3
0
0
0
0
1
4
75
241
384
428
386
359
335
276
154
77
25
14
51
126
156
133
94
29
0
2
18
28
58
180
373
456
478
433
495
756
960
1102
1143
1078
777
449
362
699
827
765
630
451
325
197
84
81
136
157
163
116
73
38
18
15
32
64
59
61
46
43
43
35
18
11
3
0
0
0
0
0
6
29
35
39
15
11
2
0
3
0
1
0
1
0
4
2
4
0
1
3
0
0
13
14
36
54
54
11
5
7
6
1
0
0
0
0
0
0
0
0
0
1
9
2
9
62
105
210
482
789
1195
1456
1805
2188
2128
1899
1997
2544
2885
3221
3805
4373
4819
4630
4238
3491
3031
2734
2393
2302
2582
3169
3640
3555
3159
2992
2825
2788
1875
1791
1952
2167
2364
2291
2141
2506
2687
2344
1710
1322
1211
1063
1069
952
816
1040
1107
1102
950
512
309
464
656
723
733
926
1035
993
959
844
570
651
970
1239
1000
747
824
797
929
1048
1662
1579
1202
984
1045
923
782
654
925
904
830
702
522
345
367
303
237
171
173
221
386
698
811
707
756
852
913
821
627
527
528
502
374
319
336
434
414
408
601
749
773
688
363
296
417
536
469
279
95
85
148
167
157
138
109
108
139
212
172
170
214
286
454
690
884
867
805
662
646
801
720
671
846
1094
1432
1742
1807
1747
1536
1330
1071
931
791
567
460
492
403
367
400
385
321
233
153
147
145
108
36
36
87
77
16
13
84
143
183
139
265
525
756
760
725
490
487
1004
1087
1041
848
1106
993
880
1188
1418
1363
1253
1179
1467
2021
1879
1347
1106
885
751
1051
1397
1371
1164
1405
1338
1066
852
485
725
806
908
1049
954
691
571
671
665
874
968
1022
669
645
650
710
932
1064
680
504
617
928
992
1043
1256
1229
858
355
488
879
873
665
569
557
326
197
156
301
374
333
205
163
177
150
264
612
998
1194
1121
787
830
814
493
501
409
313
327
294
190
549
614
691
798
508
729
645
976
924
733
737
741
1027
987
646
889
863
659
346
700
557
688
676
824
920
436
462
674
838
785
276
403
520
266
122
106
146
213
200
189
169
120
107
131
150
147
103
39
10
35
107
191
206
169
83
7
20
20
1
10
42
114
163
197
218
209
328
468
457
420
357
366
344
265
318
559
534
372
350
318
259
142
90
38
25
30
61
54
34
3
5
5
10
13
14
20
62
2
1
30
53
54
43
36
35
32
16
13
15
25
47
62
150
280
411
460
457
699
1080
1340
1412
1407
1243
918
616
480
497
537
552
526
436
347
272
321
447
560
696
722
756
869
1130
1329
1414
1323
1283
1146
1052
913
796
597
393
249
142
70
38
58
94
113
131
119
122
103
92
110
95
104
136
128
177
404
857
1298
1484
1531
1605
1627
1510
1354
1040
747
460
241
136
180
212
260
340
410
399
450
503
588
477
298
220
210
202
166
119
90
78
104
69
89
136
159
152
224
279
295
350
387
387
404
395
350
245
200
217
237
237
214
230
276
533
815
929
1156
1258
1325
1265
1303
1338
1254
1283
1202
1099
972
419
288
90
239
243
229
178
118
69
36
44
17
11
26
26
27
24
19
3
0
3
15
15
45
79
164
322
333
339
359
381
299
254
248
204
147
133
183
318
444
602
782
913
971
1061
1105
839
757
767
788
634
517
178
165
354
475
478
415
346
315
276
249
337
477
244
137
98
151
262
234
364
603
755
933
1301
1606
1811
1948
1859
1560
1178
991
1120
1307
1418
1277
1219
1031
956
748
521
371
352
341
229
132
53
30
36
71
88
184
196
215
152
106
70
93
114
123
135
177
301
595
1196
1803
2410
2814
2772
2407
2174
1425
787
890
1183
1349
1156
868
577
374
215
242
313
465
509
377
214
80
93
199
286
508
719
806
755
548
200
41
385
788
894
672
331
186
424
568
432
215
38
11
129
170
121
38
12
24
25
9
13
7
16
59
103
193
245
356
433
386
364
263
331
452
484
438
347
700
1026
1556
1934
1937
1719
1516
1285
1277
1286
1212
1263
1372
1350
1131
792
406
289
274
312
299
325
288
145
76
101
112
147
218
231
167
76
34
23
23
29
41
77
71
97
43
51
67
38
37
83
103
165
216
261
318
675
1027
1284
1602
1936
2381
2517
2461
2604
2543
2691
2371
1950
1553
1428
1218
982
789
505
358
301
340
404
402
378
357
303
326
393
402
409
451
590
750
936
1153
1161
1257
1426
1447
1317
1132
910
603
429
321
389
330
192
115
61
37
92
148
133
269
296
212
128
168
158
61
42
28
22
17
9
31
78
24
3
32
132
254
371
442
376
167
41
67
77
91
150
140
75
46
26
49
48
11
22
34
53
93
171
252
322
371
369
368
362
257
90
97
93
71
53
17
27
29
10
17
31
65
66
48
21
8
3
9
24
62
258
52
23
9
7
22
43
79
87
96
300
363
179
381
578
714
739
741
825
908
1061
1181
1438
1474
1621
1485
1322
1254
1287
1302
1315
1224
1152
1104
1075
933
939
1288
1579
1666
995
927
1648
1633
924
617
550
259
271
398
564
589
556
408
232
87
61
82
89
98
116
109
126
170
431
698
1037
1553
1399
917
923
931
1018
1061
1095
1007
761
703
717
755
795
828
1029
982
730
384
173
111
132
170
210
244
204
87
38
49
72
96
84
41
41
75
121
156
216
208
201
345
450
328
182
49
156
358
558
725
768
695
608
473
217
56
7
10
34
64
75
70
28
9
15
15
14
9
4
0
0
6
52
97
119
162
197
226
256
305
370
453
710
1219
1344
1255
1067
906
666
545
425
393
407
463
485
454
354
240
245
673
1344
2042
2391
2276
1889
1714
1482
1195
758
807
881
814
720
544
266
385
483
449
403
309
180
105
122
165
131
101
54
47
45
77
107
69
28
20
26
21
8
1
0
4
0
0
1
6
12
12
20
20
16
6
0
0
6
18
24
26
11
2
3
4
1
5
12
10
1
0
0
0
0
0
4
1
0
0
2
5
6
3
0
0
0
1
0
0
0
0
0
3
1
0
0
0
0
0
0
0
0
8
11
13
5
1
1
1
0
1
0
0
0
5
12
17
11
11
11
3
1
0
5
5
7
2
1
63
143
346
377
314
362
317
271
180
288
493
595
754
1107
1279
1246
945
813
636
546
518
437
299
234
182
82
49
14
8
21
25
24
8
4
12
17
34
49
41
24
12
7
4
0
2
3
4
2
2
0
0
0
4
8
17
28
36
167
358
778
1091
1270
1261
1087
864
615
448
250
102
70
71
72
77
152
160
168
193
157
189
166
126
94
68
34
11
8
3
3
2
1
1
0
0
0
0
5
0
1
0
0
1
0
0
0
0
0
0
0
0
0
4
1
0
0
0
0
0
1
3
0
0
12
111
362
949
1482
1849
2089
2166
2036
1916
2047
1857
1728
1562
1349
1082
676
623
599
499
651
931
1079
1124
895
714
636
553
437
263
234
228
218
192
166
196
212
248
198
125
67
59
25
19
22
21
42
57
40
39
27
16
2
2
2
1
2
0
0
0
0
6
15
25
46
103
223
375
661
975
1181
1451
1655
1715
1633
1465
1349
1220
1074
991
859
651
501
374
247
142
76
35
18
17
93
39
47
122
279
396
485
533
501
431
319
245
178
140
112
98
54
52
45
34
17
7
6
8
22
39
44
52
47
28
25
18
9
18
57
84
111
132
107
39
15
15
34
55
58
59
53
49
62
50
56
68
110
120
202
287
383
520
569
495
485
412
282
323
374
525
569
264
181
347
542
575
608
590
547
539
625
620
390
213
212
146
128
331
423
441
373
289
178
97
86
84
67
50
31
13
27
64
106
187
160
107
141
344
535
455
311
406
412
364
321
271
141
78
52
38
6
13
3
21
53
85
87
34
7
11
25
60
132
174
277
308
326
330
306
317
399
378
547
809
706
1079
1243
1332
1225
1245
1293
1358
1275
1010
767
624
406
242
168
134
137
120
97
106
146
238
356
423
458
462
385
267
218
213
210
209
171
134
86
24
1
3
11
49
124
142
159
164
225
162
117
120
199
225
132
38
10
10
34
83
111
127
169
325
450
544
574
500
314
228
558
801
775
591
246
458
593
560
354
275
523
507
333
126
138
234
149
37
3
16
30
43
39
16
5
1
1
0
0
0
2
1
7
9
4
6
4
1
0
3
7
12
28
28
51
90
45
21
20
21
18
6
3
0
9
20
4
0
0
5
12
25
23
17
12
9
9
19
29
101
217
235
225
89
42
62
51
28
19
24
32
103
228
210
83
45
146
137
296
642
809
1058
1552
2079
2106
1864
1616
1167
716
493
566
889
1179
1429
1522
1827
2171
2244
2120
1975
1782
1641
1492
1287
1199
1245
1537
1943
2316
2387
2214
1768
1972
1823
2105
2284
2282
2530
2487
2545
2556
2673
2919
2891
3021
3371
3617
3786
4040
4473
4470
4107
4424
4799
4916
4600
4615
4362
4012
4068
4080
3711
3559
3724
3850
3857
4003
4230
4059
3888
3742
3719
3888
3988
3860
3186
2683
2424
2135
1709
1196
859
758
540
587
428
326
372
673
1082
1421
1553
1608
1615
1633
1881
2349
2988
3023
2522
2010
1811
1756
1802
1750
1820
1842
1848
1790
1546
1366
1256
1181
1043
988
852
953
1439
1778
1633
1789
1940
1991
2057
1975
1986
1841
1705
1411
1073
775
526
300
170
147
213
246
196
110
68
62
148
233
356
487
657
938
1298
1595
1805
2022
1774
1163
744
592
400
97063
0
0
0
0
0
0
0
0
0
0
0
0
0
0
0
0
0
0
0
0
0
0
0
0
0
