2082
1956
3707
1248
2874
943
2990
3033
1116
2858
3211
33487
1747
2041
2158
2221
2231
2178
2148
2046
2011
1889
1766
1737
1595
1472
1320
1201
1141
1109
1106
1104
1182
1252
1331
1349
1308
1312
1299
1391
1465
1505
1558
1732
1969
2140
2320
2439
2741
3225
3520
3701
4106
4397
4456
4251
3982
3664
3468
3366
3365
3280
3061
2566
2100
1825
1798
1676
1350
1043
923
913
923
965
1003
988
1036
1019
1022
1001
1086
1128
995
849
834
753
570
278
145
99
98
57
71
182
189
186
205
237
214
242
217
236
253
254
231
234
199
179
170
146
142
138
172
187
154
95
74
56
60
40
10
3
26
115
229
627
778
849
912
904
864
675
435
242
153
239
513
704
706
573
407
257
72
21
24
17
41
120
138
156
109
63
13
4
12
2
1
1
2
1
0
3
21
73
128
126
166
103
103
140
86
181
301
200
67
100
247
372
351
328
357
129
312
1083
1509
1647
1531
1180
596
176
323
505
519
492
304
85
50
35
14
19
64
128
207
255
323
639
1060
1474
1603
1252
267
185
423
311
102
38
133
243
261
243
238
212
334
482
614
600
536
401
295
311
490
474
450
680
1014
1203
1302
1071
708
943
862
1182
918
444
414
269
202
250
564
434
483
790
1058
986
653
373
384
465
420
171
104
451
637
653
706
950
1326
1590
1415
790
708
1289
1142
616
335
574
734
618
222
82
173
95
33
52
117
130
113
192
281
268
217
131
67
96
227
291
254
349
576
460
203
361
530
494
509
539
492
377
327
345
321
342
556
869
1165
1236
1219
1221
1330
1436
1545
1791
1817
1699
1919
2159
2191
2029
1867
1835
1761
1866
1941
1829
1716
1530
1297
1133
901
703
577
538
497
412
304
228
206
220
248
295
299
294
298
215
105
74
62
68
55
38
26
13
18
13
13
20
31
83
180
294
337
298
230
167
193
253
374
372
381
371
366
361
359
368
322
321
338
304
249
202
151
132
143
161
140
152
127
161
243
236
142
108
73
44
57
94
109
103
141
269
455
519
376
220
171
129
101
59
43
46
55
51
68
67
72
62
80
78
86
78
54
41
29
20
2
2
3
0
0
2
1
3
0
0
0
0
0
0
0
3
9
1
1
12
18
0
0
5
30
110
413
603
589
302
91
23
27
27
37
44
48
73
63
57
54
32
22
8
7
5
3
0
1
0
0
0
0
2
0
0
0
1
1
8
17
12
19
28
43
47
38
23
40
118
364
782
1234
1338
952
324
487
822
122
76
105
119
89
119
149
202
238
263
272
243
200
223
364
647
839
878
836
900
1039
1170
1299
1443
1634
1658
1613
1438
1267
935
591
447
365
285
195
157
112
68
49
75
90
199
300
395
504
650
860
1015
1044
974
843
905
1123
1346
1335
1295
1285
1176
1183
1145
1028
997
994
997
990
1019
1072
1062
1052
1138
1188
1274
1274
1264
1268
1209
1272
1266
1265
1165
989
866
701
625
480
433
485
452
464
494
513
525
478
436
402
317
291
228
236
270
266
203
114
70
96
109
85
105
96
95
88
62
48
28
19
7
5
0
5
3
1
12
19
26
31
28
24
19
1
0
0
0
0
0
0
0
0
0
0
1
2
0
11
18
20
17
8
9
10
18
16
6
3
3
5
13
18
17
20
13
13
16
10
5
0
1
0
0
0
0
0
0
0
0
0
0
28
176
281
299
254
224
291
400
309
119
231
521
561
311
96
62
79
48
41
74
113
178
255
320
323
241
25
29
66
104
77
18
9
38
66
54
22
7
0
0
0
0
2
8
72
233
456
754
1071
1373
1918
2343
2479
2028
1393
1106
706
601
698
839
901
935
955
849
594
394
562
583
461
270
272
232
149
119
121
132
233
295
346
386
311
207
120
239
287
227
208
248
311
282
271
204
149
107
89
93
63
64
73
77
60
45
52
55
143
210
264
345
354
491
559
616
536
444
331
166
50
11
5
34
75
125
302
525
761
878
805
536
143
212
396
461
452
362
219
114
99
120
168
225
323
377
393
318
270
221
213
224
278
395
491
513
461
494
534
556
537
582
564
542
543
560
512
462
456
393
297
266
241
247
196
175
124
67
55
67
78
60
56
44
38
51
97
145
163
154
133
90
33
1
0
9
9
2
37
169
406
837
1385
1866
2389
2739
2704
2239
1809
1744
2213
2704
3034
2835
2650
2671
2597
2361
2046
2344
2304
2029
1802
1273
1489
1550
1790
2214
2688
2900
2740
2856
2621
2234
1731
1308
1134
983
398
376
669
618
357
534
838
1119
1426
1751
1955
1990
1957
1660
1297
1407
1288
1551
2129
2570
3136
3293
3281
3259
3315
3329
3243
3084
3048
2887
2629
2309
1805
1205
683
605
1208
1544
1597
1453
1613
1708
1667
1655
1542
1576
1555
1528
1383
1374
1122
1103
1274
1299
1263
1227
1299
1781
1834
1746
1582
1430
1116
1228
1220
1174
1098
1273
1644
2114
2273
2560
2876
3009
3170
3555
3896
4195
4255
4302
4649
4540
4235
4036
3875
3685
3370
2881
2453
2761
1713
2170
2392
2473
2271
1961
1641
1725
1880
1913
1955
2249
2392
2594
2564
2818
3039
3018
2980
2764
2504
2364
2251
2195
2319
2418
2542
2578
1816
1680
1626
1656
1328
1059
1198
1377
1283
1237
1090
821
972
1202
1198
1121
999
923
804
673
548
555
628
609
620
598
746
916
954
964
910
771
511
800
1109
1103
813
1153
1135
828
562
343
367
331
316
259
188
175
257
368
435
508
479
413
355
319
267
218
142
79
60
50
42
39
25
34
77
79
90
108
115
113
92
92
98
95
90
111
95
85
62
48
20
2
0
2
3
3
0
13
35
46
68
95
169
468
537
531
515
467
303
483
494
224
616
595
468
320
192
434
585
498
460
517
551
501
271
319
479
548
561
542
456
367
275
161
99
106
537
1210
1462
1711
1804
1433
1020
888
794
720
533
401
259
188
188
184
167
83
11
18
54
34
9
4
10
42
44
39
20
4
0
0
0
0
0
0
1
2
5
8
1
1
3
9
30
31
37
17
1
3
4
12
26
69
119
154
189
359
651
701
676
507
156
39
70
35
20
48
78
36
34
38
43
40
26
18
11
29
79
302
477
573
607
528
334
147
152
318
559
714
838
757
830
1285
1648
1993
1809
1673
1603
2967
1325
925
1058
1605
2412
3173
3103
3113
3089
3400
3280
2877
2362
1820
1058
585
407
874
1598
2141
2459
2502
2634
2656
2630
2529
2472
2929
3447
4345
5324
5544
5737
5975
5930
6229
6240
5892
5116
5142
5392
5168
5004
4975
4783
4348
3638
3491
4146
4733
4968
4908
4431
3666
3892
4593
5124
5686
6170
6819
7368
7642
7726
7612
7344
6806
5762
5048
4511
3924
3155
3131
3414
3932
5132
5686
5840
5914
5686
5738
6441
6863
6185
5626
5226
4835
4378
3782
3036
2148
1546
1358
1481
2096
3470
4927
5820
6910
7374
7120
6368
5645
6089
5812
4980
4457
4183
3440
2457
2494
2960
3354
3777
3858
3797
3309
2569
2400
2575
2691
2674
2552
2854
2821
2353
1886
1564
1629
1714
1788
1876
2233
2724
3114
3243
3184
3078
2813
2521
2337
2086
1773
1164
1260
1863
2153
2369
2346
2289
2414
2479
2403
2206
1900
1599
1106
717
646
886
1111
1347
1576
1675
1841
1895
1991
1861
1732
1551
1266
918
502
258
719
1268
1580
1850
2020
2138
2177
2054
1874
1715
1558
1391
1168
1015
924
953
999
998
1015
984
1009
1054
1080
1157
1151
1051
922
797
698
705
644
767
890
1043
1058
1053
984
930
854
770
594
512
401
329
165
134
88
143
281
387
564
643
656
651
598
567
516
565
521
497
512
535
539
645
650
627
604
521
430
282
315
56
104
149
216
266
305
341
356
368
332
280
247
195
105
64
50
31
26
44
65
59
68
131
162
163
126
69
22
1
0
6
22
13
11
8
2
1
8
2
9
21
21
22
23
7
11
19
52
97
119
112
81
63
109
130
119
83
37
33
35
21
3
5
10
42
57
56
57
50
29
4
9
35
29
11
4
16
21
10
0
0
2
21
36
20
1
0
11
25
25
19
6
1
10
26
21
21
10
1
1
0
1
0
1
5
21
40
51
50
50
38
15
2
0
0
0
0
0
0
0
0
0
0
0
0
0
3
6
8
3
0
0
0
0
0
0
0
0
0
0
0
1
0
0
0
2
9
48
64
63
110
390
564
537
312
24
30
223
254
119
24
59
129
120
124
191
200
268
351
374
222
127
245
448
487
351
176
95
264
416
517
622
834
1172
1735
2237
2470
2545
2492
2342
2373
2623
2649
2390
2041
1750
1494
1200
836
323
398
731
871
889
738
457
129
169
369
514
501
317
433
685
858
1142
1381
1695
2020
2387
2845
3445
3865
4100
4138
3869
3206
2588
2152
1670
1802
1889
1863
1911
1946
1911
1780
1461
969
583
579
573
530
483
490
467
430
303
240
164
70
104
251
400
505
578
578
511
437
380
331
320
286
238
212
154
110
93
111
132
139
135
80
94
128
125
88
88
94
125
111
74
45
36
22
21
54
42
14
11
20
25
84
203
306
377
436
488
446
601
656
617
569
429
300
250
215
191
146
163
243
381
411
341
255
246
140
68
64
94
201
303
324
347
376
318
267
307
375
355
272
157
92
92
138
198
263
328
302
253
144
73
75
88
91
58
89
214
324
282
173
205
150
136
117
74
41
42
44
66
75
140
200
323
414
486
583
571
488
488
595
636
617
641
665
651
666
708
741
832
923
910
922
886
752
660
482
388
338
276
208
162
125
113
59
45
62
100
113
105
104
107
85
61
56
59
162
315
389
349
327
321
270
183
89
103
141
135
117
129
116
111
112
93
65
39
47
62
67
112
153
177
187
275
385
501
721
711
621
401
194
105
150
286
380
452
566
600
529
362
164
16
53
237
466
492
403
226
127
85
43
65
75
98
114
144
152
175
208
240
281
278
263
221
165
157
171
187
192
196
168
164
199
250
292
269
303
343
354
431
429
430
396
346
422
505
496
478
540
1291
739
797
1023
1191
1349
1463
1347
1076
1000
1066
1143
1277
1389
1408
1536
1522
1443
1354
1152
1006
1231
1557
1726
1740
1786
1833
1857
1912
1781
1740
1911
2124
2467
2568
2695
2516
2139
2152
1693
1675
1765
1667
1941
2223
2432
2577
2779
2938
2779
2151
1061
752
1154
1642
1873
2101
2283
2559
2891
2838
2474
1971
1973
2193
2355
2405
2367
2286
2306
2161
1940
1506
1131
764
537
394
354
318
321
313
339
361
520
844
1226
1514
1693
1819
1843
1931
1714
1531
1573
1578
1599
1541
967
2121
2754
2819
2349
1365
940
744
915
1289
1259
1137
1216
1114
920
547
516
428
462
484
387
329
519
820
1090
1271
1285
1222
1067
805
938
958
775
733
723
592
380
281
245
246
233
251
306
317
271
224
281
405
726
849
878
961
957
950
738
453
249
222
469
740
944
869
765
195
539
543
382
562
694
753
962
927
855
671
427
185
280
365
314
184
392
450
450
468
543
686
738
703
631
506
405
309
213
156
101
106
107
109
130
181
269
304
357
383
422
456
500
490
435
348
280
166
138
164
188
158
95
52
158
317
407
486
498
406
100
246
450
422
227
144
207
259
311
257
64
184
267
767
958
976
884
831
667
841
1256
1861
2381
2456
2070
1734
3019
3966
3916
3104
1997
2182
2227
1828
1500
1363
1439
1516
1313
1001
506
997
1285
1315
1219
671
985
1277
1202
2286
2939
2512
1730
1311
1775
2116
2334
2455
2434
2237
1820
1520
1046
747
728
744
723
624
503
339
179
165
251
308
354
399
431
398
239
142
135
164
140
83
72
108
127
177
278
390
502
596
693
754
922
1143
1254
1497
1637
1775
1715
1735
1661
1390
823
1044
1037
1070
1113
1111
1182
1596
1700
1596
1393
1528
1592
1541
1312
1039
1070
1175
1478
1627
1679
1649
1648
1424
1129
975
1093
1060
1171
1284
1127
1032
842
910
1158
1513
1726
1589
1184
932
945
974
1031
1002
1440
2093
2093
1651
1397
1213
1112
855
757
532
523
782
876
834
678
474
380
491
538
554
553
471
351
497
713
864
970
1070
1136
1447
1528
1533
1390
1343
1619
1900
1976
2044
2053
2015
1919
1869
1701
1593
1510
1437
1338
1312
1354
1462
1588
1729
1769
1848
1757
1740
1660
1664
1627
1558
1528
1357
1312
1184
1088
946
857
801
716
662
538
443
416
493
643
756
667
753
1039
1585
2007
2141
2058
1782
1343
1003
844
587
391
439
516
575
520
388
236
159
224
257
298
315
342
310
333
378
473
446
406
429
519
534
585
600
475
880
1030
1174
1238
1008
979
1251
1532
1544
1695
1599
1119
626
733
684
929
1306
1518
2252
1649
1887
1867
1758
1440
2021
2239
2267
2098
1948
2109
2406
2715
2876
3033
3124
3169
3021
2962
2963
3034
2874
2733
2636
2652
2436
1914
1029
1143
1251
1362
1110
926
835
785
778
730
522
502
771
848
854
780
579
612
609
468
396
414
406
536
683
627
568
419
368
506
1100
1411
1464
2146
2739
2540
1913
1272
2356
2999
3462
3543
3528
3414
3251
3359
3384
3269
2885
2419
2094
1664
1147
507
740
1217
1460
1606
1563
1472
1297
1062
717
315
436
557
604
562
463
297
344
568
761
890
1010
1136
1206
1241
1248
1299
1570
1843
2129
2522
2754
2870
2645
2290
2091
2027
1781
1356
1046
959
896
825
835
1006
1108
1180
1284
1392
1411
1319
1195
985
693
391
168
336
583
776
910
953
908
874
756
606
493
328
165
41
102
236
371
510
709
953
1301
1519
1587
1669
1726
1871
2029
2449
2642
2684
2708
2404
2047
1903
1655
1974
2540
2776
2723
2821
3292
3480
3638
3678
3077
2392
2078
1958
2303
2551
2481
2820
3613
3529
3318
3202
2942
2814
2257
1686
1531
1478
1733
2073
2393
2801
3130
3558
4123
4590
4561
4315
3522
2658
2320
2278
2077
1987
1810
1779
1869
2036
2312
2483
2572
2568
2703
2650
2340
1951
1667
1713
2041
2193
2517
2719
2833
2738
2587
2393
2054
1433
910
613
426
326
351
539
900
1447
1818
2094
2049
1975
1843
1708
1542
1822
2185
2520
2796
2985
3149
3247
3290
3254
3328
3169
3113
3014
2828
2522
2162
1700
1297
975
792
910
1016
1068
1072
1215
1670
2172
2408
2264
2016
1967
1973
1645
1574
1646
1547
1458
1314
1174
1064
1321
1519
1640
1511
1256
1090
1189
1433
1756
1834
1781
1742
1977
2152
2276
2187
2054
2050
2222
2353
2310
2208
2356
2990
3856
4293
4295
4316
4158
4316
4290
4291
4343
4453
4400
4520
4673
4715
4738
4769
4695
4508
4566
4932
5386
5597
5677
5726
5468
5432
5529
5388
4831
4510
4382
4114
3818
3126
2385
1629
1508
1394
1345
1346
1228
1194
1224
1291
1206
1159
1116
1129
1217
1484
1894
2357
2391
2288
2291
2283
2004
1689
1534
1349
1208
1325
1533
1732
1957
2200
2430
2501
2586
2633
2773
2937
3020
3009
3036
3075
3115
3166
3414
3651
3691
3529
2962
2180
1251
1076
1193
1273
1203
1055
1005
906
953
1431
1662
1493
1093
950
935
969
1043
989
850
773
733
647
673
747
906
1266
1608
1891
1947
1927
1827
1845
1527
1274
1659
1926
1979
1825
1608
1358
1031
799
478
448
784
1128
1348
1657
1744
1562
1451
1367
1126
977
1019
987
1128
1179
1192
1209
1255
1336
1618
1945
2198
2421
2587
2911
3676
4273
4750
4820
4220
3435
2941
2430
1838
1767
1699
1575
1221
969
1032
1405
2065
2944
3910
4959
6037
6939
7601
7836
7521
6880
5863
4443
2797
772
1388
3695
3179
3837
4490
4650
4601
4195
3856
3443
2876
2606
2297
2064
2314
2912
3306
3477
3402
3229
2887
2134
1432
1658
1968
2224
2358
2088
1826
2188
2392
2110
1973
2156
1987
1585
1514
1667
2197
2431
2091
1840
2020
2239
2363
2173
2161
2217
2131
1850
1726
1486
1381
1397
1382
1230
1224
1288
1294
1250
1175
1186
1170
1216
1222
1221
1089
772
666
824
1005
1089
1270
1369
1359
1339
1339
1402
1402
1288
1325
1664
1919
1770
1404
753
393
490
511
401
315
297
367
442
453
460
392
317
237
137
155
201
109
52
84
122
158
154
159
120
99
69
80
100
126
107
74
194
251
218
173
151
121
186
301
373
327
295
383
749
710
587
579
551
598
675
957
900
980
719
777
758
752
574
1164
1533
1381
1172
1156
1277
1206
1054
913
759
604
550
517
486
380
321
258
406
461
502
510
496
493
416
234
637
956
1028
1004
992
821
704
635
640
604
610
585
551
465
388
373
315
300
275
209
219
175
218
299
359
411
418
408
395
371
356
492
671
822
892
891
848
726
733
769
794
679
776
661
548
553
563
543
497
460
407
243
199
111
91
106
138
160
172
173
141
98
51
100
226
507
513
456
427
411
416
434
474
496
409
400
566
522
424
566
798
1021
1056
926
873
981
1034
1088
1022
1081
585
344
644
890
959
810
624
413
217
37
81
159
244
332
426
471
455
454
386
302
228
155
67
32
43
64
58
58
67
48
42
43
59
162
444
783
842
608
743
649
844
916
860
771
701
690
854
971
1087
1235
1157
970
867
1223
1487
1593
1601
1445
1257
999
732
461
388
322
358
465
514
541
551
515
468
484
455
430
367
289
125
33
5
5
29
53
67
104
129
206
287
447
597
853
1609
2391
2714
2379
1928
1911
1773
1447
1231
924
400
571
1420
1947
2083
1777
1352
1129
1449
2046
2367
2213
1811
1743
1181
1024
1318
1685
1898
1988
2058
2191
2147
1833
1493
1210
853
615
387
480
679
845
887
864
728
644
472
259
163
93
231
364
498
587
574
498
407
205
80
80
226
337
405
441
424
396
275
215
133
64
14
17
48
130
200
264
292
322
294
323
276
279
312
402
477
546
646
733
873
881
996
1006
979
924
862
792
920
986
982
954
951
841
812
861
835
831
799
752
679
531
393
376
490
691
988
1368
1833
1955
1539
1354
1180
999
971
952
1297
1889
2606
3136
3457
3651
3889
3810
4286
4549
4503
4318
4439
3552
2870
3322
3269
2517
3167
3109
2918
3118
2907
2742
2864
2533
2549
2135
2393
1623
1988
2584
2945
2963
2500
2222
1814
1604
1455
1434
1331
945
1014
1365
1659
1624
1849
2015
1995
1882
1833
2123
2370
2305
2279
2252
2509
2819
2887
2880
2488
2524
2598
3055
4056
4677
5346
5596
5717
5410
4537
3774
2955
2078
1977
3097
3877
4624
5220
5626
5637
5544
5152
4920
4946
5289
5423
5423
5183
4628
3952
3228
3057
2817
2794
2742
3345
4536
5366
6085
6515
6564
6382
5688
4656
3559
2776
2720
2999
3163
3057
2915
3249
3570
3529
3760
3905
3882
3785
3579
3302
3287
3863
4365
4785
5225
5533
5915
6289
6434
6713
6810
6802
6716
6493
6058
5618
5086
4486
3926
3530
3308
3058
2699
2374
2081
1724
1391
1387
1659
1990
2375
2697
2645
2964
3320
3507
3420
3168
2866
2678
2595
2420
2496
2491
2121
1700
1543
1761
1915
1884
1801
2000
1820
1575
1930
2124
2167
1542
2288
2530
2638
2305
2293
2121
2238
2071
1769
1585
1383
1674
1906
2105
1890
1495
1581
1819
1905
1760
1947
1981
1931
1879
1853
1715
1708
1817
2062
2289
2408
2345
2589
2967
3190
3130
3006
2655
2193
2006
2156
2614
3001
3478
3336
3129
2531
2103
2307
2692
2629
2577
2335
2005
1659
1399
1179
932
707
468
474
776
972
1117
1153
1192
1205
1214
1210
1457
1719
2154
2402
2188
2158
2500
2602
2630
2604
2660
2746
2715
2636
2450
2161
1751
1344
991
561
276
187
180
149
151
133
115
106
84
72
56
50
40
27
38
57
71
166
366
534
508
332
263
277
249
222
165
209
181
193
168
192
211
229
370
454
647
827
932
950
1031
1033
975
905
747
705
620
555
462
382
258
193
159
143
81
53
81
89
58
10
19
28
40
34
87
169
199
193
130
102
89
82
85
79
85
94
122
113
83
60
58
56
56
84
107
106
84
56
106
240
487
679
703
642
437
304
331
440
502
566
552
509
477
446
405
325
220
118
107
131
99
92
109
164
321
490
642
560
465
382
337
234
519
370
168
153
152
199
174
153
113
196
207
247
286
267
199
126
98
174
304
439
589
774
1101
1360
1499
1391
1354
1114
676
361
208
148
131
171
192
248
440
692
884
981
902
605
511
385
239
196
262
313
276
172
116
122
232
397
418
330
211
139
180
175
203
262
243
217
217
245
172
76
50
80
41
8
27
63
107
160
375
607
611
450
294
217
253
265
222
181
56
43
80
49
41
44
84
98
117
96
66
31
32
10
12
20
27
49
68
105
107
145
175
264
457
746
1033
1306
1296
1057
680
429
293
269
223
245
341
533
854
980
1114
965
649
408
219
72
52
60
101
108
118
120
389
193
171
121
84
82
93
151
209
260
264
208
166
135
92
64
78
72
96
221
347
296
229
114
57
57
79
86
71
25
77
276
447
535
547
433
315
157
77
26
5
11
13
9
3
1
0
0
5
12
9
8
13
7
4
7
26
27
18
6
15
18
24
27
22
22
15
7
4
6
23
40
75
96
95
166
563
1152
1621
2169
2042
1953
1804
1574
1534
1715
1719
1717
1642
1397
1013
668
443
320
372
429
373
409
475
408
441
843
1409
1779
2113
2338
2322
2069
1793
1567
1364
1242
862
788
923
910
849
826
725
598
444
265
84
54
66
172
233
270
293
306
252
192
54
13
1
1
4
1
1
0
0
0
0
12
41
46
20
1
5
1
7
9
8
10
10
8
7
8
10
6
3
0
0
0
2
0
0
0
0
0
0
0
0
0
0
0
0
0
0
0
29
96
225
446
659
785
687
467
297
284
168
100
20
46
80
106
97
38
17
27
40
33
32
35
42
52
59
69
80
97
83
69
52
44
40
26
17
4
1
0
0
0
0
0
0
0
0
0
0
0
0
0
0
0
0
0
0
0
0
0
0
3
15
21
26
17
6
1
0
0
0
0
0
0
0
0
0
0
0
0
7
23
0
1
0
3
7
20
30
32
34
32
53
113
251
441
583
523
369
267
362
499
723
693
565
444
335
241
166
121
118
98
75
117
232
415
564
687
758
782
734
731
644
568
455
372
357
303
248
169
121
38
23
34
49
122
164
175
129
79
69
73
55
93
92
76
58
65
128
206
347
415
348
238
179
130
92
129
169
180
188
179
134
103
71
37
20
44
96
127
106
135
181
166
98
41
23
11
29
59
62
75
89
74
53
64
55
23
6
19
69
98
95
87
26
22
77
84
78
103
197
261
367
528
586
734
1108
1448
1734
1966
2068
2217
2239
2133
2048
2043
1802
1653
1572
1471
1430
1342
1347
1239
1174
1051
896
678
517
407
316
214
114
247
402
509
566
610
660
687
698
631
540
434
279
75
22
133
259
321
363
361
335
276
211
137
80
30
100
262
421
603
671
854
897
1003
941
893
781
611
423
282
213
375
923
1345
1598
1848
2248
2528
2354
2375
2626
2826
3701
4846
5299
4901
4126
3713
3639
3872
4307
4503
4552
5343
7092
7907
8135
7990
6457
4273
1840
1153
2622
3425
3407
3026
2581
1903
1155
605
1160
1650
1900
2780
3247
2752
2272
2812
4638
2793
1865
1049
1069
1260
1092
1325
1922
1393
840
676
644
453
660
1003
1401
1948
2348
2163
1709
1815
2365
2433
2415
2407
2025
1619
1446
1031
1027
1132
1043
995
1030
976
816
515
194
240
369
450
443
411
406
422
546
704
801
894
932
960
947
954
1232
1308
1184
1175
1349
1399
1295
1011
766
514
388
443
483
577
592
544
647
801
959
1223
1484
1570
1812
2042
2205
2118
1795
1427
1478
1677
1736
1689
1565
1644
2157
2582
2409
2097
2175
2600
2814
2999
2714
2872
3173
3565
3818
4040
4115
4199
4127
3942
3772
3506
3195
2953
2639
2497
2188
1791
1502
1232
1100
1027
960
893
955
1001
1168
1522
2151
2795
3289
3417
3195
2889
2796
3099
3308
3480
3504
3278
2862
2347
1772
1251
913
702
643
606
630
672
821
1081
1427
1666
1819
1885
2113
2191
2157
2008
1890
1763
1642
1570
1388
1084
793
589
592
651
629
588
570
499
489
452
379
242
89
29
55
133
167
154
146
120
121
108
91
74
88
78
62
30
29
32
54
238
534
1104
1767
2199
2041
1566
1175
916
858
645
454
433
377
287
366
470
558
495
697
806
813
753
696
609
555
460
389
303
194
115
148
182
207
192
167
123
97
65
45
32
34
40
47
63
73
70
88
98
96
87
75
37
5
5
53
266
522
679
752
736
686
612
580
561
535
528
564
702
842
876
811
729
614
582
582
581
609
647
727
788
868
860
899
986
1001
945
988
921
850
701
440
714
1173
1884
1823
1522
829
1038
893
789
655
836
712
574
531
535
532
428
385
315
231
263
151
30
103
136
178
299
624
857
766
743
726
711
521
313
573
719
697
499
373
222
113
147
106
65
94
222
257
189
129
126
197
248
189
102
15
62
222
404
419
342
265
251
248
207
114
38
72
152
188
215
227
234
231
178
154
90
102
101
106
104
125
133
112
101
105
101
114
113
97
104
96
38
126
653
1668
2993
3359
2657
2208
2281
2381
2900
4961
4721
3351
3001
2863
2123
3575
4149
3918
3534
2605
2525
2811
2716
2032
2022
1773
1428
800
509
376
540
970
1235
1360
1344
1151
1077
691
583
704
719
1017
1311
1668
1688
1187
2256
2906
2879
2124
1283
1305
1566
1822
1946
2011
2088
2045
1729
1531
1305
1145
1096
1349
1441
1387
937
1294
1448
1670
2204
2480
2413
2193
1794
1478
1583
1671
1495
1747
1948
2229
3316
3844
3532
2954
2500
2850
3046
3752
6099
7795
9953
10211
10193
8732
6716
6243
6194
5964
5728
5349
4708
4435
4234
5229
6629
6230
5440
4262
3023
2232
2485
2488
2406
2159
1823
1520
1170
1242
1577
2577
2155
2335
2389
2451
2514
2457
2417
2271
2029
2027
2332
2756
3009
3798
4688
5014
5307
5454
5543
5578
5485
5418
5212
4805
4370
3743
3286
3624
3823
4031
4035
4005
3872
3564
3297
3040
2704
2322
1898
1520
1082
1091
1513
1724
1946
2170
2562
2862
3082
2960
2738
2422
2236
2306
2258
2279
2368
2127
1739
1281
1117
992
925
1433
1935
2286
2652
2847
2953
2800
2691
2493
2349
2319
2254
1997
1632
1104
892
986
1187
1769
2241
2563
2701
2822
2861
3032
3106
3102
2908
2883
3042
3641
4142
4520
4872
5149
5448
5639
5663
5689
5503
5169
4540
3766
2971
2104
1375
864
704
661
757
876
886
886
912
919
856
832
816
825
863
1132
1602
2029
2365
2752
3681
3479
3063
3552
3008
2604
2405
2534
2321
2208
2107
1872
1513
1204
1025
846
601
1130
1952
2343
2181
1851
2219
2839
2941
3103
2928
3217
3375
3209
3647
3740
3575
3295
2856
3062
5813
2471
2104
3022
4568
4845
4280
4157
4139
3284
3029
3225
3354
2840
2877
2512
2483
3034
2549
2166
2268
2714
3067
3846
4788
5316
4493
2908
2641
2220
1389
2226
2590
2258
1947
1626
1165
991
1139
1371
1657
1529
1546
1423
1239
1320
1793
2182
2350
2571
2896
3346
3653
4134
4505
4576
4659
4833
4672
4377
3945
3776
3643
3534
3365
3113
3071
2635
2007
1463
1056
915
1026
1099
877
678
476
191
109
174
205
145
95
73
59
29
30
26
59
116
156
220
238
205
178
183
171
165
128
121
80
87
57
130
292
477
405
206
166
182
200
163
155
101
118
120
100
37
22
28
21
22
15
13
15
44
151
433
742
1064
1119
914
556
242
190
439
552
538
381
252
140
304
347
382
448
443
398
452
572
738
932
1226
1479
1877
2377
2639
2804
2955
2974
2447
1728
1193
755
540
589
571
412
179
54
78
95
100
131
142
122
62
42
55
77
99
125
168
153
112
51
5
0
2
15
52
72
72
54
30
32
51
96
98
92
96
100
95
85
79
48
50
84
95
84
74
74
64
80
68
54
50
52
60
85
107
110
117
109
121
103
79
53
4
20
25
34
67
92
166
258
322
305
223
147
59
35
12
0
0
13
16
14
32
72
89
71
29
12
8
9
5
9
10
10
18
18
21
23
53
77
107
144
157
165
150
150
154
142
148
134
109
91
68
48
273
352
440
578
465
318
305
344
302
265
277
273
335
325
267
384
428
400
373
415
417
372
339
315
294
227
116
99
146
202
202
192
210
233
229
142
92
103
133
84
42
80
108
123
116
44
6
5
9
9
6
19
23
28
58
175
560
442
460
449
428
322
232
138
102
131
157
196
232
239
307
322
367
362
344
287
282
216
189
171
145
149
159
182
227
233
277
415
654
853
1041
1222
1158
989
825
552
317
289
306
229
156
129
120
152
285
543
721
1251
1856
2290
2461
2536
2640
2703
2354
1815
1303
1340
1616
1715
1356
1147
1578
1847
2448
2101
895
641
757
834
810
591
300
261
465
905
1299
1351
1278
889
459
310
365
239
185
299
401
443
355
132
118
118
66
97
212
331
354
323
213
276
298
288
266
275
230
152
51
23
41
48
55
56
48
59
55
43
33
28
25
17
18
19
25
31
18
8
11
19
17
17
7
8
14
23
15
20
38
49
42
56
50
32
21
0
0
2
3
1
2
3
10
9
19
21
22
24
14
0
0
0
0
2
2
1
4
8
8
13
14
6
2
2
2
5
10
15
9
11
8
19
16
22
77
161
284
407
531
561
571
541
693
924
1234
1534
1702
1783
1815
1583
1543
1518
1609
1496
1325
1204
1254
1210
1281
1352
1469
1330
981
635
1073
1356
1415
1385
1295
1084
1057
1139
1313
1626
1936
2025
2274
2561
2759
2740
2587
2424
2394
2583
2615
2756
2968
2995
3211
3637
3956
4010
3804
3755
3644
3416
3220
3028
2886
2980
3108
2720
2083
1600
1328
1024
788
1161
1592
1953
2333
2636
2986
3272
3520
3549
3765
3719
3614
3241
2867
2849
3005
2788
2049
1315
983
1476
1974
2283
2200
2140
2092
2016
1952
1833
1684
1683
1650
1470
1162
919
809
1301
1526
1725
1956
2198
2440
2542
2686
2867
3163
3376
3651
3852
4017
4224
4542
4850
5214
5592
5918
6184
6472
6777
7067
7340
7535
7629
7714
7555
7442
7251
6949
6456
5690
4846
4054
3528
3077
2507
1687
1371
1866
2900
3704
4500
5247
5940
6733
7402
7943
8311
8358
8548
8618
8492
8354
8153
7938
7703
7323
6823
6387
6018
5613
5133
4458
3692
2906
2714
2481
2139
2101
2736
3292
3458
2982
2020
1474
1827
2679
3954
3737
3101
3755
3523
3618
3983
4338
4373
3459
3009
4451
4998
4577
2943
2585
3377
3522
2731
2378
3343
3297
2884
3245
3773
4197
4662
4750
4047
3810
2631
2290
2901
2845
2448
2190
1955
1528
1178
834
781
1044
1173
1120
1008
909
1073
1401
1570
1676
1726
1738
1638
1485
1270
1096
895
570
160
363
539
656
608
355
331
462
543
488
450
615
624
830
1476
1720
1658
1563
1714
2340
3516
3891
3601
2768
2361
1380
907
1017
1135
1355
1471
1448
1492
1673
1441
1328
1515
1490
1257
850
1107
1247
1417
1411
1372
1288
1037
805
807
842
837
778
798
952
1168
1398
1444
1488
1485
1552
1496
1315
1075
806
726
630
515
628
285
425
638
889
1008
1112
1227
1393
1507
1437
1290
1117
833
581
568
694
912
1056
1045
931
733
530
472
599
622
574
518
551
766
813
749
702
484
648
1063
1089
952
782
591
431
475
627
769
669
701
654
532
389
256
274
401
812
1137
1258
1068
795
834
979
1055
1008
790
587
457
566
594
632
613
327
340
392
327
308
239
157
60
45
37
57
169
179
96
95
62
25
28
69
154
256
348
531
825
939
900
961
864
562
372
372
303
308
334
337
441
645
595
573
479
401
425
482
361
325
399
520
578
626
593
394
268
232
219
135
28
26
36
58
74
40
36
46
198
347
291
226
280
279
319
458
321
382
329
282
308
283
204
467
346
216
178
213
359
436
452
286
119
218
344
197
249
434
300
263
261
186
129
158
169
78
38
30
25
33
113
162
82
2
8
12
3
40
105
108
66
12
0
0
3
84
138
1
104
47
34
22
3
12
16
21
22
41
46
45
31
4
72
105
21
25
38
53
110
164
88
7
3
17
13
6
5
9
8
7
24
22
14
27
24
12
40
51
10
8
7
5
5
3
7
14
15
30
35
44
57
58
77
112
155
178
178
137
117
107
73
51
66
78
73
51
46
59
56
38
36
46
28
18
22
17
9
21
12
5
1
0
2
3
0
0
0
0
3
0
0
0
0
0
0
0
0
0
0
0
0
0
0
1
8
23
122
159
153
82
39
145
204
288
354
372
454
760
936
1000
811
435
175
527
863
607
203
246
343
239
128
124
98
61
233
358
350
150
106
92
54
31
14
15
17
8
24
25
20
60
84
62
35
25
42
111
131
116
69
41
38
56
119
143
103
26
14
38
35
16
8
39
162
232
194
87
112
561
1018
1495
1472
1272
1436
1418
917
837
1234
1647
2095
2262
2233
2184
2242
2526
2851
3235
3555
3711
3887
4215
4657
5105
5412
5490
5751
5876
5924
5928
5910
5826
5808
5889
5802
5590
5323
5220
4987
5416
5806
5683
4901
4645
4320
4068
3635
3225
2783
2344
1762
1313
1273
1783
2369
2840
3127
3544
4225
4911
5600
6158
6692
7009
7267
7297
7293
7326
7296
7167
6959
6866
6597
6348
6148
5978
5744
5420
5082
4691
4380
4098
3799
3385
3570
3685
3330
2726
2137
2149
2821
3234
2978
2365
1411
1748
2109
3941
3082
3010
2851
2273
1671
1778
2326
2750
2782
2620
2004
1066
1346
1019
944
959
931
1023
874
653
747
1405
1639
1682
1456
1154
1282
813
1743
1975
1713
1742
743
544
903
1008
927
921
792
653
556
553
636
732
867
947
969
863
569
481
614
654
570
478
393
268
160
81
161
271
355
316
193
59
20
31
39
48
34
40
42
40
11
22
17
13
8
8
3
1
6
23
43
83
102
108
66
32
16
8
3
5
14
105
511
946
1353
1517
1497
1423
1297
1266
1221
1207
1421
1379
1524
1559
1343
1154
902
952
966
1007
1095
1135
1082
1091
1023
922
773
497
251
198
250
252
220
168
119
91
101
158
76
31
18
123
160
124
58
5
0
0
0
0
0
0
1
0
1
11
10
5
5
2
2
1
14
9
0
0
0
0
0
0
0
0
0
0
0
3
14
33
185
365
458
554
585
584
527
381
163
7
38
57
64
69
68
74
93
98
74
45
16
35
176
306
344
326
212
182
291
328
180
98
152
264
317
617
1112
1784
2128
2046
1974
1646
1648
1777
2074
2426
2674
2493
2149
1687
1146
601
192
238
414
505
526
499
451
321
203
45
21
125
194
189
143
95
87
73
49
53
54
43
52
139
305
499
667
732
730
693
631
561
513
512
623
616
543
437
309
212
154
120
121
101
119
169
165
135
76
42
60
113
143
163
191
190
173
118
72
91
95
111
173
186
128
96
89
137
180
165
63
73
145
169
186
159
107
23
46
76
101
130
156
176
168
152
135
71
112
167
149
144
165
116
35
1
20
11
0
27
24
11
6
4
2
0
10
19
31
40
23
8
46
60
58
56
35
14
6
1
2
5
13
6
2
2
7
3
0
0
1
9
3
6
49
84
171
203
146
123
127
97
34
35
57
64
49
52
71
97
112
141
201
370
755
1214
1865
2584
3010
2781
2605
3034
3114
2558
1988
1589
1086
1055
1441
1606
1220
781
619
619
597
560
617
628
679
786
860
886
909
981
967
863
756
548
537
510
448
398
277
303
304
326
428
384
380
404
408
406
391
421
378
297
289
257
287
426
452
401
343
218
231
345
549
689
812
813
760
627
452
361
274
189
103
138
258
357
330
251
169
91
55
50
50
48
28
7
6
51
183
363
493
491
438
382
240
120
82
56
35
27
66
117
146
118
78
66
82
160
267
353
377
366
341
185
16
7
5
11
156
326
363
401
435
459
419
304
326
513
780
915
1008
937
710
548
372
322
378
414
407
426
370
319
307
422
513
523
469
309
142
72
68
85
108
217
152
152
171
125
77
26
15
7
8
9
55
156
255
319
358
336
272
118
35
70
97
95
69
76
20
0
43
147
232
287
327
372
425
417
404
358
215
59
6
64
113
113
106
65
27
8
0
2
7
18
37
53
37
5
0
0
9
16
19
10
10
18
37
36
74
128
187
220
199
124
47
20
17
15
12
28
64
86
68
41
40
111
123
84
51
25
9
4
11
16
17
15
18
21
17
11
3
1
0
1
3
14
23
34
17
19
75
85
41
96
95
73
39
25
53
45
6
0
0
0
10
9
0
4
0
0
14
31
18
11
7
0
1
0
0
0
9
182
29
25
94
95
56
18
10
26
29
11
4
3
8
1
2
8
2
4
6
6
17
194
60
61
97
73
25
5
25
12
6
4
6
1
7
5
57
113
9
15
62
63
26
8
29
38
41
40
24
6
4
6
89
100
1
36
70
46
14
14
33
19
4
3
1
2
4
14
157
18
13
52
60
44
17
2
30
32
47
3
21
116
300
501
666
744
436
234
131
124
169
177
262
277
209
100
49
34
66
82
189
122
82
141
180
188
178
180
146
97
63
82
203
370
365
222
181
114
131
144
108
58
17
6
59
47
19
43
46
79
87
56
11
1
19
55
64
68
48
23
18
16
8
11
20
12
16
15
14
21
23
38
45
70
82
84
110
92
88
47
85
94
82
83
67
38
34
39
31
18
17
21
24
28
29
30
16
12
12
11
22
31
30
17
8
1
13
16
9
8
11
23
25
19
29
54
74
63
43
44
37
54
100
126
103
29
18
36
34
24
12
8
12
24
24
29
25
12
12
26
68
61
82
75
60
20
13
46
34
15
7
8
14
15
17
108
4
27
64
47
25
10
0
16
1
0
0
0
0
1
0
6
3
2
1
0
26
169
25
8
42
46
42
30
18
41
9
8
3
2
0
0
0
2
8
35
44
26
2
0
10
27
38
72
154
26
50
102
60
44
30
47
99
154
174
200
137
94
70
78
113
239
414
444
547
488
438
440
499
509
581
643
762
900
1083
1100
1191
1361
1635
1815
1926
2048
2323
2741
3022
3264
3466
3672
3827
4038
4141
4300
4370
4533
4706
4829
4885
4870
4901
4913
4827
4515
4286
4107
3937
3757
3415
2967
2528
2239
1981
1708
1346
989
604
271
63
75
315
722
1092
2310
1656
1967
2204
2421
2556
2781
2888
2966
3109
3145
3187
3347
3392
3434
3481
3438
3430
3407
3430
3364
3314
3265
3098
3019
2905
2789
2668
2554
2480
2354
2205
2088
1889
1810
1731
1712
1679
1678
1735
1741
1763
1789
1735
1770
1663
1544
1409
1271
1211
1092
1104
1089
1071
1051
1057
1013
980
994
936
871
621
486
390
383
441
501
459
359
280
235
231
275
273
221
188
177
123
122
159
327
493
570
625
692
710
731
685
645
547
538
450
396
381
419
561
924
1334
1607
1768
1537
1227
975
628
294
384
568
617
602
578
614
640
698
759
896
1073
1386
1641
1933
2113
2391
2576
2842
3053
3190
3367
3460
3468
3394
3380
3191
2899
2647
2468
2380
2248
2007
1651
1201
671
361
471
656
939
1105
1124
1263
1438
1746
1986
2243
2429
2621
2769
2774
2818
2784
2854
2926
2951
2848
2717
2541
2373
2204
2085
2048
1985
1947
1843
1743
1651
1480
1305
1088
921
757
633
526
409
386
326
355
351
340
326
296
187
122
72
26
27
42
34
15
10
2
0
1
1
0
7
19
22
22
11
8
4
1
2
5
26
122
214
408
644
804
833
679
370
227
391
590
639
490
239
92
88
100
96
110
135
108
112
119
174
197
233
186
217
249
241
332
354
373
301
230
143
118
197
253
282
223
96
19
40
127
218
207
138
65
32
43
43
16
2
0
4
0
0
0
24
9
0
4
7
15
42
62
80
93
137
197
237
261
220
139
72
40
47
88
201
403
401
226
89
64
86
118
153
152
148
311
443
477
398
321
220
230
336
349
317
308
220
277
294
315
308
288
226
262
448
585
760
1006
1200
1144
1053
854
572
270
145
119
196
272
280
279
323
397
527
691
777
608
442
652
892
1073
998
1063
1070
916
763
724
715
707
620
486
370
482
625
635
507
380
458
634
690
702
752
905
1211
1463
1620
1733
1856
1861
1771
1735
1726
1750
1695
1479
1357
1301
1206
1210
1041
810
616
751
1061
1433
2362
2734
2476
1890
1564
1701
1978
2024
1813
1680
1409
1170
1265
1224
1065
995
907
927
833
822
723
675
686
636
548
442
387
287
205
150
73
55
29
28
15
22
22
12
11
61
217
386
468
532
400
548
521
493
383
295
334
279
288
333
372
443
333
431
390
403
285
409
549
676
866
1180
1615
1980
2449
2828
2875
2931
3019
3087
2934
2747
2494
2243
2505
2621
2435
2045
1061
1318
1237
994
1054
1280
1519
1704
1895
1780
1415
928
722
756
785
790
724
668
811
885
855
844
725
601
577
730
854
1661
1103
1186
1107
1087
1020
913
775
665
551
528
728
1024
1375
1691
1960
2340
2638
2974
3240
3471
3716
3981
4154
4394
4663
4899
5098
5227
5259
5314
5389
5322
5308
5268
5259
5121
5126
5342
5661
5841
6196
6249
6008
5355
5113
5023
4825
4602
4637
4583
4398
4132
3817
3578
3352
3097
2666
2234
2126
2199
2317
2417
2453
2430
2200
2259
2287
2245
2385
2569
2613
2758
2702
2650
2683
2664
2514
2213
1836
1476
935
517
706
841
964
1085
1221
1293
1164
804
400
537
783
927
989
968
881
753
633
788
1041
1211
1418
1633
1802
1897
1819
1643
1329
1054
823
718
733
738
857
887
838
862
867
707
457
354
411
506
675
840
1033
1196
1268
1271
1207
1130
1012
923
884
923
1085
1242
1306
1171
993
753
543
442
406
680
1003
1154
1127
992
924
721
489
517
528
435
431
526
534
614
702
757
714
661
559
423
294
272
462
696
804
851
771
688
627
566
543
492
531
595
657
722
749
699
630
1075
1556
1790
1694
1435
1280
1179
1008
827
668
426
471
704
793
631
364
359
309
286
242
206
172
341
589
900
959
867
797
758
828
741
679
589
467
392
584
683
532
309
191
128
86
28
41
24
22
12
21
11
0
2
6
4
6
16
29
10
4
0
0
7
85
91
22
99
68
57
78
89
109
167
174
183
200
229
328
462
619
567
462
320
262
356
476
651
691
913
1202
1413
1489
1524
1472
1343
1210
1096
1080
987
1044
1229
1563
1693
1498
1640
1824
1824
1733
1650
1512
2012
2456
2533
2224
1883
1551
1481
1307
1132
1126
1073
1181
1784
2190
2210
1979
1770
1542
1374
1173
977
813
907
1163
1313
1291
1091
883
545
454
555
533
579
727
761
790
822
760
622
484
289
374
464
446
447
529
673
844
1069
1273
1520
1916
2255
2603
2679
2901
3493
3880
4315
4595
4920
5070
5158
5274
5294
5169
5131
4933
4881
5090
5373
5469
5692
5736
5803
5651
5681
5777
5855
5958
5956
5905
5968
5843
5718
5437
5256
5194
4898
4391
3712
3092
2686
2339
1803
1222
1012
1413
1895
2035
1736
1540
2018
2427
2455
2525
2821
3281
3783
4227
4702
5096
5538
5912
6050
6252
6134
6509
6711
6847
6961
6953
7108
7142
7134
7046
6996
6733
6567
6220
5757
5193
4510
3856
3382
2915
1832
924
1282
2444
3370
3995
4532
4983
5263
5518
5617
5687
5672
5520
5729
5753
5412
5264
5370
5323
5313
5252
5233
5363
5472
5646
5700
5677
5887
5942
5938
5695
5386
4840
4506
4094
3654
3477
3079
2590
1873
1783
1911
1890
1835
1848
1850
1851
1699
1569
1273
896
297
942
1401
1572
1632
1563
1432
1328
1298
1195
947
752
425
462
790
1181
1493
1701
2779
1701
1671
1646
1526
1231
1370
1826
2166
2429
2628
2716
2507
2114
1790
1492
1069
657
259
120
423
697
902
1015
1021
1042
967
904
854
760
662
547
485
538
575
607
554
437
392
346
360
362
290
225
242
312
385
414
461
447
440
455
450
418
410
360
217
164
210
206
159
151
141
125
81
44
13
0
0
0
2
33
53
113
148
150
141
100
42
30
26
7
6
14
11
9
2
1
1
2
39
83
117
121
124
108
59
36
24
10
0
0
3
5
37
57
50
58
59
47
69
59
45
37
146
311
491
621
595
586
569
534
702
974
1306
1801
2523
3498
4148
4396
4405
4147
3816
3379
2788
1924
995
1634
2228
2594
2756
2730
2741
2462
1931
2593
3884
4618
4814
4882
4981
4940
4501
3897
3300
2820
1923
1438
2585
3331
3629
4259
4378
4433
3917
3389
2766
2239
2103
1929
1857
2074
2213
1888
1357
901
637
419
706
967
1009
1117
1218
1331
1439
1480
1473
1473
1541
1590
1569
1535
1478
1460
1347
1372
1453
1886
2298
2610
2888
3126
3270
3283
3515
3696
3715
3507
3038
2656
2220
2004
1782
1911
2132
2253
2297
2161
1973
1958
1847
1513
1007
784
636
784
1081
1317
1384
1330
1358
1367
1248
1073
867
637
351
451
587
629
574
577
600
636
634
586
417
227
14
52
154
295
410
461
440
384
294
149
5
0
43
79
98
99
65
10
0
4
65
133
175
195
302
364
410
377
295
152
182
214
205
319
464
521
581
647
654
687
674
665
472
665
903
886
642
642
748
822
828
780
666
601
700
823
765
629
536
543
525
468
462
482
353
299
356
481
452
331
253
332
539
886
1195
1218
1053
1389
1376
1189
1327
1468
1213
1016
817
871
1028
1102
1088
1004
1216
1439
1419
1286
1444
2002
2118
1798
1663
1282
1452
1425
1100
865
797
798
803
877
975
1082
1079
989
756
527
440
410
575
899
1215
1548
1784
1904
1954
1911
1722
1636
1737
1826
1742
1680
1530
1389
1341
1272
1252
1043
1006
895
699
526
440
325
226
128
133
121
88
46
66
115
131
148
200
246
246
249
221
207
189
145
99
24
2
1
4
54
143
205
252
278
281
253
211
167
120
121
46
15
9
3
6
108
255
371
495
500
523
450
387
251
138
93
40
60
68
74
51
44
78
131
163
155
150
110
68
41
30
20
27
36
60
80
96
110
132
108
70
77
148
251
315
297
191
97
29
11
107
199
192
126
63
46
72
83
76
62
18
2
0
3
21
67
91
114
271
873
2089
2760
2772
2201
1305
1080
1623
358
361
453
401
314
206
108
185
358
505
615
611
596
545
436
474
687
821
912
941
1078
1270
1259
1075
1009
1029
994
1108
991
854
814
771
687
571
489
489
509
464
379
294
158
55
7
1
20
37
34
33
45
123
210
274
270
198
123
94
101
140
145
203
569
630
619
408
444
339
305
256
251
247
574
896
889
2381
1749
1659
1208
838
768
781
921
963
1006
1176
1253
1116
894
856
938
769
608
630
846
935
849
770
653
543
455
424
629
843
935
979
945
802
584
321
192
199
259
414
626
691
677
642
552
559
589
575
416
516
529
707
886
999
962
821
537
321
173
242
463
787
976
1105
1179
1224
1305
1469
1663
1811
1737
1609
1367
999
659
347
324
476
688
917
1051
1081
991
827
619
347
130
38
34
37
79
150
184
217
283
267
322
286
166
203
471
707
774
642
503
400
303
340
309
320
265
319
287
266
207
121
43
13
18
14
15
42
87
110
108
117
124
130
128
84
36
11
7
7
36
93
138
133
129
156
144
127
71
54
48
75
122
113
120
130
92
63
63
78
96
87
94
98
125
130
130
90
47
33
42
39
43
52
39
35
25
36
36
30
44
88
70
60
62
73
74
47
9
2
6
4
12
37
51
53
83
64
35
22
21
19
4
1
0
0
4
20
36
33
27
2
0
3
17
26
27
19
12
4
1
2
0
13
2
1
4
4
16
24
13
1
14
13
1
0
0
1
0
0
0
0
0
0
0
0
2
1
11
44
75
74
69
39
22
23
14
9
9
3
6
6
3
4
24
26
33
31
31
27
28
15
20
13
12
19
22
32
18
14
13
5
5
0
1
9
4
0
0
4
0
6
2
0
0
2
0
0
0
0
0
0
0
9
8
0
12
12
8
3
3
3
10
6
1
0
0
0
0
0
0
3
1
0
1
11
9
6
0
0
0
0
1
5
2
5
1
4
0
3
2
13
15
8
2
3
2
6
17
10
1
2
0
0
0
9
8
7
8
7
0
3
2
1
0
1
1
0
1
2
4
1
2
7
9
7
3
0
0
1
3
4
5
7
3
2
0
2
6
11
3
3
2
0
1
1
2
0
0
1
1
5
6
6
6
5
6
6
3
4
11
14
5
2
2
1
0
1
0
0
0
0
0
0
0
0
0
0
7
0
0
5
5
2
1
0
0
0
0
0
0
0
0
0
0
9
12
1
0
0
0
0
0
0
0
0
0
0
0
0
0
0
0
0
0
1
9
14
6
0
0
0
0
0
0
0
0
0
0
0
2
66
660
1665
2911
4356
5836
6590
6494
5885
5437
4817
4456
4272
4237
4065
3619
2901
2001
1122
754
457
336
461
540
735
1370
1442
1052
2250
2948
2951
2437
1666
1183
1241
1391
1511
1458
1133
470
767
1239
1646
1873
1964
1833
1590
1312
1013
672
347
793
1097
1262
1476
1669
1792
1775
1726
1687
1512
1242
1110
901
731
538
409
390
352
387
450
584
637
543
429
418
292
173
193
246
294
332
310
353
587
1201
1564
1613
1555
1499
1158
774
601
410
317
322
308
214
183
202
201
185
158
131
220
280
226
145
148
186
241
251
337
359
382
326
285
196
137
132
157
190
253
317
446
457
562
795
1121
1355
1511
1682
1667
1567
1346
1091
498
539
535
424
537
640
757
880
1065
1290
1789
1984
2081
2212
2121
1692
1495
1845
2262
2645
2835
2830
2932
2870
2694
2353
2047
1863
1515
1356
1072
1005
1232
1572
1930
1921
1889
2070
2253
2369
2276
2195
2338
2621
2548
2121
1387
963
1176
1376
1563
1818
1709
1519
1459
1158
970
1110
976
732
419
210
261
461
670
916
1282
1654
2002
2251
2265
1744
1154
1122
1564
2114
2457
2589
2553
2605
2487
2342
2120
1706
1189
644
344
216
184
184
206
210
149
119
172
360
473
544
517
366
327
473
587
487
329
285
269
401
535
860
1101
1025
649
169
68
32
60
115
133
120
129
153
200
244
274
242
201
144
99
86
58
69
69
65
62
66
79
60
47
41
71
94
137
158
119
89
133
132
118
90
75
95
114
188
499
759
783
751
804
698
463
305
255
356
573
862
1081
1048
962
799
611
453
312
212
156
129
118
90
86
107
141
193
210
154
171
259
382
406
384
381
366
316
330
389
433
433
431
360
294
253
275
426
481
486
409
323
295
322
355
413
426
383
313
210
183
153
205
280
340
404
466
527
566
636
623
669
663
673
713
744
758
776
865
849
817
772
726
705
693
692
726
685
662
581
555
539
543
594
604
601
564
566
792
1097
1262
1424
1486
1396
1448
1375
1161
1049
1133
1289
1783
2381
2711
2642
2387
2346
2475
2262
2230
2816
3532
3905
3895
3671
3468
3339
3479
4225
4734
4450
4282
4389
4325
4156
3762
3646
2824
1712
1341
1899
2246
2237
2265
2179
2308
2513
2686
2787
2815
2798
2705
2608
2584
2434
2380
2218
1974
1699
1562
1591
1631
1644
2568
1527
1321
829
733
1224
1191
1021
1144
1408
1662
1901
2034
2311
2815
2989
2823
2470
2095
1838
1558
1269
1021
869
906
808
654
707
789
830
769
705
642
534
484
513
644
678
729
627
596
516
430
346
271
188
59
281
449
604
805
978
1053
991
926
798
676
502
341
239
163
238
390
563
684
750
780
857
948
973
949
987
984
1000
1042
923
795
612
450
326
233
138
100
96
105
110
85
86
65
51
30
37
39
34
66
70
56
38
28
47
69
112
88
113
162
133
80
12
22
72
70
35
12
22
41
57
101
174
248
347
439
575
737
860
880
801
682
514
335
263
285
361
377
370
356
262
177
133
113
142
182
217
248
221
255
311
348
383
320
200
61
12
12
26
46
82
145
173
195
152
80
129
213
232
211
161
131
219
240
263
374
430
380
324
241
65
247
375
401
382
357
357
258
294
375
294
198
201
184
84
88
125
111
122
90
60
54
43
36
36
34
62
68
42
13
5
17
98
133
168
195
191
168
155
163
150
186
187
192
181
161
110
56
19
5
60
174
345
440
487
515
423
328
259
192
137
124
337
558
723
761
695
584
640
648
635
896
1193
1404
1768
2157
2351
2548
2989
3072
2974
2848
2532
2160
1951
1824
1726
1678
1369
1171
1085
1079
1266
1284
1296
1198
1021
830
614
508
442
404
409
517
654
728
704
694
705
653
548
463
393
245
116
129
228
310
473
608
697
765
810
745
785
702
663
583
514
416
320
301
234
370
458
459
499
491
482
420
407
299
244
199
178
203
271
358
431
442
445
360
316
256
193
113
61
33
34
20
7
26
75
124
147
133
147
131
101
63
27
15
23
71
110
188
259
258
250
209
172
106
37
3
0
0
11
35
66
105
129
125
118
58
19
11
6
19
67
139
332
557
1781
841
833
882
1037
1315
1518
1519
1449
1095
809
452
422
472
547
557
664
773
865
962
940
876
782
669
636
588
527
479
401
308
257
178
114
52
24
66
116
207
330
454
599
753
982
1140
1504
1672
1506
1195
944
655
449
710
922
964
637
276
272
360
319
267
233
206
218
237
216
206
169
149
128
87
70
73
70
52
12
12
42
61
75
134
165
160
205
218
189
216
233
233
220
204
165
133
79
91
215
518
916
1146
1408
1712
1833
1973
2017
2174
2451
2519
2491
2505
2515
2564
2478
2528
2458
2674
3058
3354
3738
3990
4245
4302
4220
4015
3799
4971
3007
2881
2725
2563
2363
2125
1992
1773
1627
1541
1463
1132
741
505
424
441
448
432
328
204
98
113
435
720
959
1221
1459
1800
2301
2721
3139
3474
3879
4390
4842
5139
5433
5481
5568
5687
5807
5906
6093
6180
6066
5785
5202
4648
4248
3707
3113
2397
1776
1425
1099
641
305
142
313
672
1017
1230
1018
919
931
800
720
571
455
485
687
905
1010
1008
937
805
712
613
554
565
468
410
315
290
227
281
296
230
191
170
186
280
394
490
585
444
224
307
333
314
335
325
251
322
344
302
210
73
95
113
110
113
225
528
702
753
715
706
648
626
463
384
315
221
170
193
235
279
304
306
330
403
405
501
498
505
519
468
482
529
767
1269
1814
2499
3256
3959
4111
4275
3910
2666
1203
2447
2500
1117
1841
2441
1735
1072
2717
2672
1619
573
2332
2950
2848
1299
2577
2957
2523
1572
779
2115
2631
1246
2227
2172
1503
717
2052
2719
2466
1951
3173
2567
2047
1774
2043
2140
1532
1212
1342
1635
1818
2151
2168
1526
1773
1556
1300
1578
1790
1501
1367
1311
1252
1379
1336
1168
1102
2196
2977
3171
3078
3021
2610
1992
1428
903
1149
1520
1751
2339
2858
2890
2384
1624
1172
1100
1201
1309
1352
1471
1600
1662
1672
1702
1653
1510
1324
1301
1261
1110
921
807
1082
1342
1483
1537
1572
1480
1339
1113
813
606
485
310
172
414
592
652
713
770
898
1113
1353
1845
2456
3133
3887
4543
4908
4518
4234
3849
3604
3376
3094
2796
2693
2981
3243
3303
3320
2909
2478
3288
3935
4238
4081
3358
2752
2909
3530
3846
3813
3645
4022
4599
5012
5032
4937
4754
4855
4958
4899
4730
4767
4920
5060
4912
4617
4551
4929
5071
5077
4856
4552
3904
3333
3197
2916
2692
2582
2864
3436
3891
4388
5118
5572
5542
5234
4781
4813
5022
4951
4984
4838
4555
4430
4304
4468
4431
4261
4057
3979
4020
4073
3944
3481
3079
2409
1734
1235
1289
1861
2517
2925
2551
2778
2713
2494
2536
2759
3950
4574
4767
4587
3925
2774
1617
1967
2455
2885
3531
4237
4570
4665
5017
5551
6616
7061
7135
7343
7553
7631
7596
7626
7373
7273
7351
7051
6937
7318
7104
7506
7463
7327
6850
6440
4770
5310
5408
5246
5172
4933
4445
3672
2604
2115
2325
2634
3113
3248
2862
2110
1634
1277
1125
1198
1252
1187
1205
1126
1015
862
707
648
621
584
495
596
665
675
616
471
722
829
724
580
401
340
561
671
823
1050
1310
1325
1394
1641
1759
1715
1618
1610
1602
1649
1587
1472
1320
1281
1385
1534
1686
1903
2144
2267
2404
2444
2529
2699
2659
2662
2655
2549
2441
2307
2190
2031
1744
1462
1206
803
684
648
570
455
328
440
524
499
488
455
377
292
307
435
561
731
983
1250
2575
1899
1990
2189
2404
2636
2828
3063
3337
3640
3889
4101
4207
4052
3994
3769
3426
3053
2698
2314
2129
1805
1489
1525
1468
1358
1261
1253
1388
1416
1440
1468
1266
1647
2294
3039
3693
4329
4733
4844
4869
4953
4724
4478
4268
4454
4379
4014
3788
3874
3853
3696
3550
3611
3559
3494
3295
3251
3702
3884
3614
3490
3781
3937
3948
3777
3578
3443
3276
3258
3301
3539
3749
3880
3921
3875
3715
3528
3546
3424
2993
2938
3058
2865
2601
2462
2145
1660
1470
1429
1328
1129
875
697
710
873
1236
1564
1683
1888
2343
2489
2544
2648
2754
2953
3033
3156
3316
3427
3628
3851
4078
4400
4721
5053
5392
5658
5790
5793
5799
5642
5517
5395
5072
4722
4318
3723
3021
2457
2093
2064
1900
1507
1522
1660
1641
1495
1360
1604
1619
1495
1263
1149
980
876
831
708
436
530
585
454
300
211
169
78
62
79
156
226
261
189
125
135
229
217
216
151
122
97
75
60
35
9
9
18
36
54
63
34
12
26
39
87
40
21
44
35
8
32
55
31
0
0
0
2
25
69
67
36
20
8
1
2
8
17
37
33
28
32
57
89
163
219
229
218
213
196
138
90
80
124
202
262
268
270
266
238
239
199
174
129
32
17
66
186
267
353
393
434
451
349
189
106
95
181
250
274
244
220
179
144
63
33
10
20
16
25
49
68
59
65
59
75
61
46
22
28
28
24
19
17
9
5
2
2
2
4
8
11
21
31
35
42
36
38
44
48
62
68
46
20
2
0
0
0
0
3
25
26
31
16
8
2
18
15
9
7
51
66
36
19
11
2
2
9
0
0
7
47
71
34
13
10
9
34
53
42
40
63
125
159
124
80
26
10
22
25
31
45
63
59
15
15
11
7
0
0
34
23
74
101
60
7
4
9
26
45
44
20
26
12
0
0
0
0
0
0
0
0
1
4
5
7
1
0
0
0
1
0
0
0
0
0
0
0
0
0
2
6
4
3
4
9
1
3
3
0
0
0
0
0
0
3
2
3
10
15
30
149
355
689
1190
1485
1341
861
475
290
317
288
338
448
511
497
434
397
339
385
378
328
280
331
409
382
318
216
214
160
119
111
158
182
309
429
526
654
717
716
691
687
469
391
315
308
385
449
586
826
829
899
936
1136
1570
1915
2295
2611
2920
3305
3676
3893
4128
4281
4353
4331
4171
4115
4168
4100
3921
3660
3620
3546
3482
3488
3576
3663
3874
3905
3976
3857
3851
3953
4041
4105
4251
4178
3839
3043
1911
1448
3044
1570
1505
1619
1813
1927
1870
1517
995
537
230
152
250
243
144
115
116
131
166
402
764
1149
1817
2549
3647
4756
5697
6058
5807
5439
4712
4375
3924
3355
2467
1685
1432
1119
762
497
321
232
211
257
299
421
610
877
1325
1524
1960
2244
2584
2970
3312
3670
4023
4154
4329
4433
4520
4581
4618
4676
4652
4620
4494
4403
4217
4128
4055
4056
3998
3894
3877
3882
3805
3690
3496
3095
2520
1823
1313
1251
1380
1574
1926
2332
2332
1902
1361
820
609
1025
1558
1969
2415
2816
3286
3777
4230
4761
5346
5838
6280
6676
7030
7266
7486
7466
7321
6954
6569
5970
5226
4529
3812
3343
2828
1996
1517
1753
2578
3299
4030
4860
5591
5928
6124
6228
6123
5935
5640
5628
5574
5756
5848
5891
5652
5077
4668
3945
3357
2604
2283
2625
3048
3041
2761
2251
1792
1446
1221
1335
1984
2784
3136
2978
2630
2631
2776
2795
2545
2195
1514
1125
665
823
1006
1596
2071
2321
2395
2364
1981
1325
1049
1182
1473
1265
1529
2032
1797
1674
1193
1130
1136
1082
1083
1138
1223
1342
1477
1604
1658
1495
1643
1944
2035
2071
1942
1657
1214
674
967
1142
1245
1229
1176
1094
1024
980
822
563
434
843
1036
957
786
717
758
850
1028
1024
1011
953
862
739
692
591
451
476
487
490
450
318
133
63
242
386
455
451
404
356
245
99
403
643
748
869
957
1065
696
703
827
783
699
363
294
417
672
719
848
919
867
839
844
837
988
1095
1160
1078
921
782
733
709
737
747
641
543
551
516
473
445
382
369
460
532
571
550
567
604
636
549
474
424
424
446
436
428
438
326
208
243
392
485
552
528
483
421
398
358
293
251
340
433
507
528
444
370
406
403
341
198
152
200
254
227
191
159
136
120
112
109
101
83
56
35
27
43
67
55
69
73
91
60
23
22
26
36
34
52
65
45
35
22
14
19
32
12
7
42
68
114
102
95
111
140
154
139
119
54
44
124
191
260
376
404
350
234
130
53
95
165
279
408
543
505
257
147
165
179
153
169
230
242
230
217
238
204
155
115
83
59
41
44
48
78
236
332
279
207
156
98
52
33
14
34
71
114
209
333
513
646
676
580
452
339
197
114
57
23
23
26
21
21
13
10
3
6
9
11
24
27
36
30
29
34
45
68
79
80
115
220
342
361
270
182
196
214
220
222
305
465
610
982
1550
1978
1932
1966
1897
2180
2148
1660
1079
1790
2191
1942
1310
802
980
1433
1242
816
885
1603
2473
2995
2763
1980
1103
995
1184
1102
849
782
822
1003
1114
1491
3051
1216
1054
1141
1093
957
779
894
1384
1397
1367
1480
1889
2364
2861
3115
3315
3418
3314
3189
3257
3125
2963
2711
2213
1737
1396
1156
1029
1267
1617
2145
2506
2692
2928
3083
3146
2973
2656
2222
2163
2018
1737
1418
1113
939
658
652
648
799
1103
1412
1913
2245
2502
2853
3344
3967
4386
4502
4534
4713
4784
4726
4611
4366
3994
3424
2823
1999
1178
709
551
928
1565
2410
3132
3755
4212
4567
4672
4635
4395
4132
3686
3248
2869
2444
1930
1776
1936
2033
1975
1968
2264
2247
2041
1969
1767
1040
1019
1858
2483
3256
4068
4655
4751
4903
4769
4794
4675
4222
3810
3346
3132
2663
2294
2158
2380
2400
2308
2115
1949
1729
1536
1489
1319
1233
1135
987
890
717
375
685
938
1077
1188
1224
1146
994
679
424
247
358
821
1004
1066
1171
1376
1419
1353
1173
989
691
377
229
215
287
357
444
493
495
384
132
223
320
353
418
508
779
1058
1425
1674
1986
2445
2883
3269
3446
3795
4108
4484
4821
5139
5532
5903
6363
6754
7077
7421
7675
7971
8289
8608
8690
8684
8495
8324
8100
7783
7493
7233
6972
6637
6286
5761
5116
4473
3687
2985
2169
1293
410
480
1300
2451
3523
4391
5183
5872
6468
7002
7473
7786
8132
8371
8559
8764
8759
8602
8641
8620
8621
8587
8438
8273
7899
7558
7210
6727
6242
5737
5080
4425
3825
3260
2859
2624
2427
2237
2082
1956
1707
1419
1248
1094
1003
943
1117
1148
1179
1142
1116
1060
1132
1182
1188
1169
1138
1063
1047
858
784
486
179
96
235
409
591
785
862
713
514
321
271
366
485
682
798
745
698
640
521
444
345
303
279
256
372
508
581
695
681
634
537
445
377
343
377
390
422
470
455
454
429
382
311
243
165
99
92
67
27
3
5
31
95
98
75
35
36
43
35
45
70
34
37
31
33
19
29
11
1
1
0
0
0
1
1
1
0
0
4
2
1
0
0
0
0
0
1
0
9
15
9
2
0
0
0
0
3
14
16
14
2
14
20
12
5
7
115
270
135
71
128
174
50
56
120
92
114
49
0
2
1
0
1
4
3
4
1
6
1
3
0
0
0
0
0
0
0
0
0
0
0
0
0
0
0
0
0
0
0
0
0
0
0
0
0
0
0
0
0
0
0
0
0
0
0
0
0
0
0
0
0
0
4
8
10
16
33
13
9
12
20
11
9
5
5
4
2
0
0
0
1
0
2
12
20
17
13
1
0
0
0
0
0
0
0
0
1
0
0
4
15
20
0
0
7
11
0
0
0
0
0
0
0
4
0
6
8
9
0
0
0
0
0
5
13
6
3
3
9
20
45
98
136
88
33
10
1
15
4
4
3
13
49
46
25
11
0
3
3
5
4
3
2
1
0
0
0
0
0
0
0
0
0
0
0
1
2
1
4
12
13
12
18
18
19
10
8
15
13
13
15
22
16
19
15
52
231
552
931
992
982
688
732
1117
1587
2194
2695
3335
3790
4041
4017
3834
3060
2047
2302
3289
3870
3428
2144
1902
2859
2958
2558
1240
964
2533
3421
3322
2630
1930
1253
973
2033
2365
1907
1435
1231
2106
2484
2406
1576
583
657
1028
973
739
346
591
591
550
810
924
956
939
887
761
679
617
650
687
590
347
738
1027
1062
1069
1161
1189
1198
1137
980
743
338
290
784
1085
1383
1675
1769
1883
1836
1784
1742
1940
1876
1447
1383
1753
1839
1546
1032
669
947
1078
658
834
863
1105
1048
852
503
747
807
975
1149
806
718
1024
1444
1711
1783
1834
1699
1428
1232
896
930
1134
898
704
850
883
701
710
811
908
897
1108
1256
1134
922
703
548
455
489
622
571
335
231
371
363
253
246
259
268
271
281
285
291
265
246
269
328
337
360
350
307
263
134
17
26
69
61
43
36
14
2
0
33
94
177
248
286
299
280
237
168
90
37
31
130
174
184
171
152
83
30
13
59
88
84
90
100
157
257
503
716
921
1247
1561
1736
1982
2193
2139
1909
1503
1173
898
601
469
385
397
447
543
597
647
656
579
441
329
243
202
178
131
100
82
89
132
178
172
196
179
159
139
117
113
80
104
161
283
344
264
166
97
107
140
156
140
103
75
51
31
14
4
6
4
4
4
6
5
9
7
3
16
32
58
67
75
59
58
55
50
35
21
4
0
0
0
2
6
21
26
26
28
20
9
4
3
0
0
0
0
0
0
0
0
0
0
0
0
0
0
0
0
0
0
0
0
0
0
0
0
0
0
0
0
0
0
0
0
0
0
0
0
0
0
0
0
0
0
0
0
0
0
0
0
0
0
0
0
3
0
1
0
0
0
0
0
0
0
0
0
0
0
0
0
0
0
0
0
0
0
0
0
0
0
0
0
0
0
0
0
0
0
1
1
0
0
0
0
0
0
0
0
0
1
17
32
47
69
51
25
10
8
13
31
67
44
5
0
0
1
2
0
0
0
0
0
0
0
0
0
0
0
0
0
0
0
0
0
0
0
2
0
0
0
0
0
0
0
0
0
0
0
0
0
0
0
0
0
1
0
0
0
0
0
0
0
0
0
0
0
1
9
14
1
0
0
0
0
0
0
0
0
0
0
0
0
0
0
0
0
0
0
0
0
0
0
0
0
0
0
0
0
0
0
0
0
0
0
0
0
0
0
0
0
0
0
0
0
0
0
0
0
0
0
0
0
8
0
0
2
36
61
72
39
10
0
0
1
0
8
35
45
48
42
27
0
2
0
0
0
0
0
0
0
0
0
0
0
0
0
0
0
0
0
0
0
0
0
0
0
0
0
0
0
1
3
0
0
0
4
3
8
50
157
210
196
98
16
6
9
23
32
21
6
2
8
25
39
119
246
407
503
572
668
759
607
529
590
636
538
452
370
299
193
127
97
75
37
19
36
116
208
343
342
402
409
420
447
429
517
661
1032
1349
1778
2031
2350
2553
2809
2995
3109
3303
3491
3642
3846
4081
4208
4364
4505
4471
4189
3960
3797
3477
2980
2315
1598
871
505
662
1041
1512
2094
2480
2934
3422
3873
4281
4454
4491
4469
4394
4289
4159
3952
3782
3596
3377
3394
3649
4024
4086
4284
4033
3406
3023
2301
2086
1995
1759
1770
1878
1930
1845
1780
1831
1847
2067
2156
2442
2795
2969
3013
2898
2565
2222
1817
1398
1133
990
1242
1694
1907
2182
2335
2523
2621
2591
2326
2042
2036
2089
2247
2299
2380
2349
2132
1948
1661
1551
1647
1762
1951
2098
2119
2137
2144
2138
2103
2045
1905
1901
1935
1838
1928
1940
2046
2180
2260
2260
2079
1786
1460
992
580
369
356
399
413
465
531
707
850
961
1023
985
894
730
556
452
347
255
229
193
171
130
117
104
64
79
75
119
164
247
297
316
306
306
296
228
177
120
61
14
8
19
22
22
5
0
2
2
0
0
16
46
94
105
101
85
69
18
28
47
27
61
55
70
53
49
16
15
33
51
65
61
107
251
404
624
932
1204
1814
2341
2574
2436
2185
1902
1542
1041
1104
1259
1550
1832
2100
2128
2212
2023
1987
1841
1678
1579
1723
1777
1510
1324
1195
1107
842
590
381
192
255
736
1231
1558
1591
1643
1814
1874
1340
639
475
304
557
842
1018
1160
1157
893
587
471
430
234
195
484
756
585
574
908
969
774
484
469
388
354
620
649
547
633
994
1092
665
487
369
119
83
317
434
598
782
673
570
567
748
1035
1087
1315
1763
2102
2142
2346
2419
2369
2004
1482
1273
999
940
1283
1675
1996
2291
2492
2198
1803
1294
777
498
300
543
757
793
815
860
874
1239
638
389
214
295
521
519
815
939
975
962
909
767
556
317
74
28
206
280
238
208
171
154
106
65
221
596
714
842
981
818
609
298
51
185
261
221
316
342
320
201
105
4
0
7
39
65
55
14
4
8
47
132
131
110
98
40
0
0
3
29
46
39
34
29
31
94
187
298
368
384
387
418
406
442
631
870
998
973
865
844
880
846
765
627
534
464
290
215
440
641
781
899
1088
1243
1641
2057
2399
2705
3161
3521
3471
3138
2937
2717
2547
2548
2761
3067
3605
4191
4733
5113
5332
5454
5608
5671
5890
6304
6775
7041
7218
7292
7250
7075
6779
6319
5884
5319
4650
3851
3088
2167
1302
604
351
503
1148
1969
2677
3265
3959
4448
5015
5427
5964
6178
6234
6321
6377
6236
6232
6159
5989
5694
5470
5317
5142
4762
4607
4730
4967
5035
5125
5268
5254
5157
5001
4670
4403
4073
3614
2974
2287
1890
1912
1817
1568
1699
1912
2254
2791
3359
3915
4232
4245
4038
3774
3252
2778
1690
867
1290
1726
2096
2191
2280
2220
2057
1901
1829
1707
1477
1282
1321
1452
1573
1472
1347
1099
875
786
643
447
400
459
591
612
614
551
490
302
153
268
437
574
782
976
1113
1332
1454
1667
1934
2191
2387
2916
3049
3110
3104
3039
2970
2819
2939
2766
2541
2236
1786
1325
918
574
399
268
265
560
937
992
945
1100
1371
1585
1640
1704
1718
1666
1498
1611
1903
1958
1833
1578
1352
1403
1660
1830
1711
1314
969
923
1038
1388
1780
2082
2140
2074
1843
1580
1528
1884
2119
2383
2454
2488
2355
2331
2330
2258
2101
2050
1826
1513
1150
808
1118
1472
1706
1797
1789
1725
1640
1492
1280
1043
809
772
816
978
1077
1009
971
806
466
336
396
440
598
747
862
889
843
733
610
422
290
79
24
2
71
154
212
277
311
323
398
481
492
533
514
503
460
377
275
196
142
58
48
47
62
82
111
146
167
158
116
62
23
46
296
604
809
824
872
898
873
896
995
1162
1417
1462
1477
1400
1264
1156
1014
874
666
404
430
860
1356
1631
2073
2539
2834
2698
2610
2558
2496
2757
3086
3311
3336
3337
3519
3817
4109
4390
4871
5653
6248
6615
6867
7040
7101
7092
7007
7006
6637
6382
5818
5672
5643
5522
5456
4873
4282
3635
3011
2513
2027
1613
1653
2182
2717
3135
3462
3839
4141
4485
4782
5128
5334
5356
5512
5482
5368
5250
4862
4903
4906
5004
5162
5442
5667
5597
5260
4976
4953
4892
4483
3748
3076
3271
2987
2757
2293
2199
2779
2969
2830
2473
2849
2601
1846
1367
1259
1352
1464
1607
2126
2669
2887
2537
2065
1550
1128
860
569
178
313
607
989
1665
2405
2753
2604
2080
1515
1429
1092
1157
1473
1436
1643
1838
2078
2117
1768
1392
1256
962
803
614
365
174
505
950
1377
2147
2361
2547
2253
1516
1209
1258
1206
1350
1675
2305
2894
3642
4278
4224
3637
3139
2907
2894
2752
2867
2850
3264
4023
4371
4038
4039
4139
3868
2925
2602
2492
1838
1242
2196
2261
2111
1637
1616
2212
3577
4176
4147
3565
2973
2800
2668
2824
2727
1945
1044
964
746
1328
1904
2183
2311
2169
1639
849
895
1420
1882
2236
2279
2003
1660
1886
1777
1617
1511
2363
2519
2122
1938
1480
998
1963
1369
1175
2188
1665
885
767
844
529
499
484
345
272
338
448
482
337
308
495
682
758
606
597
584
512
351
222
141
157
225
275
947
2549
4028
4588
3957
3200
3258
3702
3450
2751
3089
2705
2068
2392
2243
2588
3121
3028
2109
1597
1464
1218
849
716
946
1121
695
528
539
580
543
584
946
1320
1468
1463
1524
1442
1396
1558
1752
1613
1462
1391
1674
2193
2544
2519
2183
2318
2714
2605
2173
1902
2061
2639
3095
3220
3026
2850
2607
2505
1940
1153
515
998
1295
1373
1608
2640
3783
4131
3509
2587
2288
1944
1705
1452
1004
839
1006
1268
2432
3055
2819
2239
3030
3750
3926
4150
4760
4675
3876
3213
2678
2414
2360
2534
2859
2959
2840
2482
2034
1707
1328
1201
1205
1083
910
1040
1278
1319
1246
1064
760
788
835
823
821
783
683
643
629
571
438
274
156
127
170
222
268
310
393
433
572
726
938
1180
1420
1670
1881
1984
2060
2155
2375
2585
2876
3117
3362
3499
3788
4012
4161
4009
3774
3452
3341
3214
3132
3012
2876
4834
2226
2135
1981
1793
1638
1496
1467
1359
1408
1465
1497
1315
1088
799
684
857
985
923
880
454
509
875
868
480
352
398
352
492
607
725
727
641
539
420
252
371
415
316
241
422
494
267
512
624
514
355
187
332
443
539
509
410
395
333
288
534
699
713
700
701
612
462
310
219
164
146
241
354
373
384
441
385
324
350
367
329
275
314
322
287
239
202
164
99
215
463
810
1290
1608
1607
1605
1732
1523
1282
754
363
523
717
873
974
1266
1453
1346
1212
1247
911
917
842
720
899
924
689
491
499
498
515
595
672
690
644
568
490
338
114
144
370
394
326
296
153
182
192
159
248
327
280
181
135
200
371
394
297
300
291
277
356
341
277
260
237
238
304
336
225
196
122
78
165
184
169
279
494
644
603
557
491
443
321
125
204
436
476
526
502
593
772
951
1099
1242
1456
1381
1254
1174
1104
983
832
698
591
607
835
1145
1526
1538
1481
1379
1421
1776
2115
2268
2561
3072
3304
3253
3317
3382
3445
3532
3642
3572
3367
3203
3012
2746
4125
2982
3132
2968
2703
2947
3121
3099
2944
2869
2841
2408
1702
1500
1536
1912
2229
2704
3180
3435
3650
3726
4029
4381
4421
4389
4523
4473
4535
4692
4923
5129
5618
6126
6324
6522
6293
6243
6050
5255
4798
4530
4421
4187
3740
3216
2623
2105
2039
2613
3551
4830
6340
7736
8365
8352
8406
8171
8026
7940
7908
7564
7411
6974
6524
5915
5542
5489
5711
5870
5838
5386
4649
4266
4026
3863
3710
3344
2944
2495
2179
1915
1787
1657
1481
1357
1246
1148
1013
908
792
786
980
1210
1355
1412
1365
1033
637
545
733
688
746
784
765
700
665
602
728
743
655
559
512
387
217
134
92
123
151
134
97
80
86
119
146
217
299
312
283
233
188
180
167
185
210
245
226
170
126
121
137
130
130
120
130
134
284
546
773
812
712
665
622
525
380
243
154
147
129
78
62
87
82
53
18
18
61
128
178
179
135
92
43
42
52
56
59
27
8
8
32
67
213
528
724
614
360
218
130
125
120
134
163
248
453
545
333
163
114
316
453
384
285
223
178
231
342
472
453
337
396
561
513
345
159
87
97
118
98
6
14
52
105
45
25
30
92
90
47
14
67
126
81
41
9
27
34
37
43
41
29
20
12
2
4
5
10
17
20
16
9
15
36
67
80
69
70
90
79
69
74
92
148
214
313
311
249
164
136
136
130
134
112
76
69
45
23
21
18
14
12
2
2
1
1
1
1
10
6
6
4
7
5
5
8
10
10
23
16
15
8
2
5
0
0
3
4
4
17
49
93
75
78
44
48
100
137
142
123
98
62
9
3
25
66
69
116
301
239
76
36
26
10
0
2
18
37
50
60
80
88
115
158
192
192
188
168
165
161
116
120
132
195
300
325
316
276
366
526
756
1039
1290
1414
1396
1172
1006
917
845
814
800
775
702
582
632
1039
1820
2513
3129
3966
4974
5756
6526
6981
7068
7033
6892
6455
5849
4937
3708
1873
928
1848
1748
1454
1333
1393
1589
1676
1825
1811
2157
2353
2413
2811
3081
3220
3515
3718
3930
4759
4858
5148
5237
5048
4491
3774
2539
1385
963
1885
2658
3079
3283
3349
3243
3018
2885
2842
2936
3038
3054
3081
2932
2934
2976
3133
3270
3497
3943
4606
5272
5704
5952
6326
6501
6481
6056
5527
5011
4873
4946
4774
4443
3954
3621
3991
4938
5710
6200
6049
5270
4607
3885
3752
4196
4927
5310
5561
5357
4986
4574
4305
3948
3623
3339
3558
3347
3403
3576
3965
4468
4956
5460
5933
6190
6502
6495
6376
6112
6022
6075
6649
7189
7125
6456
6144
6231
6004
5732
8073
5642
5279
5004
4829
4243
3361
3482
3814
3735
3203
3465
4505
5206
5583
5973
5938
6061
6488
6936
7271
7793
8356
8755
9028
9141
9112
8852
8547
8178
7588
6922
6107
5540
5724
5870
5578
4792
3781
2991
2745
2588
2381
2173
2050
1833
1761
1945
2263
2530
2954
3619
4438
4964
5169
5113
4988
4838
4931
4962
4914
4819
4514
4167
4129
4051
4443
4427
4341
4074
3814
3667
4164
4258
3940
3782
3743
3710
3508
3175
2678
2173
1623
1129
944
982
968
1165
1620
2442
3344
3663
3833
4066
4380
4626
4691
4944
5301
5557
5688
5856
6048
6283
6544
6302
5729
5066
4662
4601
4457
3788
3062
3030
2941
2216
1329
743
880
1640
2418
2682
2459
2093
1520
1052
853
795
919
968
583
787
1404
1914
2297
2359
2199
1677
762
843
1330
1202
843
420
318
198
100
59
20
9
41
40
57
52
46
44
42
115
174
174
186
187
191
187
146
113
79
40
15
6
1
1
3
4
8
12
9
12
24
31
50
27
11
11
3
11
5
35
76
116
111
62
22
12
2
4
9
29
38
27
14
0
0
16
23
16
0
0
8
18
24
27
7
0
0
4
6
0
0
0
0
3
6
0
0
0
0
0
0
0
0
0
0
0
0
0
0
0
0
0
0
0
0
0
0
0
0
0
0
0
1
6
13
0
1
1
0
0
0
0
1
12
28
30
17
0
23
1
3
9
4
1
0
0
0
0
0
0
0
0
0
0
0
0
0
0
0
0
0
0
0
0
0
0
0
0
0
0
0
0
0
8
4
0
0
0
0
0
0
0
0
0
0
0
0
0
0
0
0
0
0
0
0
0
0
2
103
359
547
603
591
316
108
54
60
121
153
165
98
30
44
111
158
108
44
47
65
86
43
17
8
2
13
17
34
57
61
58
54
57
33
30
41
56
27
21
12
16
28
18
15
8
9
15
37
24
14
3
0
0
0
0
0
0
0
6
18
1
0
0
5
9
0
0
2
0
4
0
8
4
0
0
12
1
0
1
17
9
0
0
12
25
0
0
0
0
0
0
0
0
0
0
0
0
3
9
15
19
19
7
3
80
21
1
0
0
0
0
0
0
0
0
0
0
2
5
43
65
4
0
0
0
0
0
0
0
2
1
3
21
120
14
0
0
0
0
0
0
0
0
0
0
0
0
0
0
0
0
0
0
17
11
3
0
3
0
3
0
0
7
6
1
0
2
2
4
9
9
6
14
146
86
194
184
134
28
1
0
3
19
24
40
17
5
17
2
0
0
5
2
0
0
9
8
0
0
0
0
14
4
0
7
4
0
0
0
0
0
0
0
0
0
4
5
5
16
12
0
0
14
3
0
0
1
0
0
0
0
0
0
0
0
0
0
0
0
0
0
0
0
0
0
0
0
0
0
0
0
0
0
0
0
0
0
0
0
0
0
0
0
0
0
0
0
0
0
0
0
0
4
7
0
0
0
3
0
0
0
0
0
0
0
0
0
0
0
0
0
0
0
0
0
0
0
0
0
0
0
0
0
0
0
0
0
0
0
0
0
0
0
0
0
0
0
0
0
0
0
0
0
0
0
0
0
0
0
0
0
0
0
0
0
0
0
0
0
0
0
0
0
0
0
0
0
0
0
0
0
0
0
0
0
0
0
0
0
0
0
2
0
0
0
0
0
2
9
18
17
13
17
8
6
0
0
1
1
0
4
26
83
88
66
46
34
38
37
40
41
35
17
14
0
1
0
0
0
0
0
0
0
0
0
0
0
0
0
0
0
0
0
0
0
0
0
0
0
0
0
0
0
1
0
0
5
22
41
50
147
215
239
205
134
90
40
19
4
3
4
17
16
8
19
51
137
167
163
184
348
553
374
182
131
235
686
923
992
764
607
896
1434
1828
1827
1622
1500
1293
1108
1118
1198
1377
1420
1453
1414
1149
816
750
794
1112
1437
1604
1773
1775
1474
900
325
187
346
519
588
511
415
347
290
340
359
398
541
858
1322
1695
1959
2081
2122
2004
1826
1621
1120
377
87
386
806
1240
1390
1640
1855
2087
2282
2289
2212
2046
1733
1496
1275
1068
817
744
868
887
810
690
670
709
1050
1685
2123
2544
2838
3019
2916
2695
2314
2023
1649
1111
486
90
128
429
796
1198
1376
1576
1517
1640
1936
2216
2390
2395
2200
2112
1932
1708
1347
833
354
322
753
920
689
381
298
324
280
204
213
324
467
595
621
602
548
558
654
661
462
220
117
87
151
263
499
692
895
1191
1530
1973
2114
1937
1552
564
111
242
199
99
108
373
822
1073
1239
1355
1228
762
313
49
43
75
183
373
560
526
831
1046
271
99
440
512
704
1024
1236
1147
808
347
153
149
203
404
599
684
766
889
1211
1487
1396
1271
1239
454
208
553
703
898
1131
1270
1308
1129
891
682
286
53
4
2
37
70
126
300
637
956
810
782
506
63
102
650
176
234
362
599
451
156
60
120
265
362
471
613
679
854
1118
1492
1599
1767
1432
437
84
90
57
178
469
723
736
638
495
353
184
68
2
1
42
293
585
408
413
561
239
274
469
267
321
446
409
496
421
250
207
293
592
897
1038
1192
1596
2206
2407
2431
2420
1393
330
388
234
152
236
403
420
333
174
222
218
153
335
707
1160
1549
1888
1980
1945
1762
1298
1323
1352
1301
1018
488
129
88
120
291
560
711
247
67
113
166
476
1107
1771
1984
1655
1351
722
235
80
26
129
424
856
1271
1626
1648
1474
1214
801
498
175
34
126
541
1179
1332
1244
1074
629
256
140
29
40
31
77
229
538
892
1130
1291
1339
1387
1480
1537
1550
1467
1250
1098
939
770
564
430
546
791
1064
1202
1263
1418
1391
1280
1153
900
651
454
329
281
207
148
159
183
232
344
508
687
851
1041
1267
1448
1731
2003
2242
2476
2680
2799
2911
3119
3261
3367
3423
3630
3710
3792
3895
3945
3880
3809
3680
3483
2985
2161
1142
407
276
742
1338
2015
2608
3064
3556
3889
4148
4374
4480
4619
4656
4682
4551
4335
4187
4014
3747
3407
2983
2581
2278
2032
1796
1279
567
339
395
661
1139
1535
2052
2417
2823
3120
3389
3633
3863
4049
4165
4174
4321
4459
4641
4780
4888
4819
4677
4543
4293
4034
3646
3251
2802
2178
1582
1098
746
665
925
1598
2188
2863
3381
3752
4104
4290
4525
4738
4811
4704
4433
4199
3925
3649
3151
2803
2462
2098
1652
1141
891
920
1195
1391
1735
2124
2314
2518
2660
3045
3190
3315
3392
3462
3400
3316
3160
3034
2849
2589
2319
1977
1454
844
374
167
131
436
933
1417
2054
2516
3020
3435
3894
4319
4716
4932
4914
4900
4712
4350
3936
3523
3251
3124
2876
2599
2355
2202
1958
1840
1663
1461
1266
1201
1031
818
614
308
67
15
6
5
27
38
64
95
124
167
185
213
191
243
240
256
228
188
144
102
68
45
24
17
4
4
9
1
1
0
0
0
0
0
2
0
1
0
0
0
0
0
0
0
4
6
30
147
327
586
883
1160
1329
1511
1643
1677
1715
1688
1628
1495
1359
1190
946
765
420
195
85
40
36
33
54
77
148
156
234
192
171
135
125
121
109
80
52
31
42
42
49
58
98
90
49
29
53
53
46
61
111
277
404
544
626
697
731
742
862
1024
1200
1307
1489
1697
1867
1749
1457
929
418
244
132
85
126
218
590
816
936
1087
1277
1455
1740
1935
2119
2362
2636
2966
3336
3122
2933
3191
3548
3808
3905
4037
4247
4427
4671
4994
5350
5623
5488
5277
5070
4719
4242
4002
3725
3526
3290
3006
2755
3695
2042
2176
2493
2878
3143
3748
4044
3808
3250
2356
1785
1672
1623
1807
1909
1816
2663
3083
3522
3966
4089
3766
3912
4474
4961
5015
4946
4712
4696
4601
4192
4745
5036
4611
4381
5369
5442
4920
3666
4028
4972
4799
2990
3491
4831
4920
3899
2874
1489
2056
3724
4707
4293
3127
3193
3811
3384
2449
2564
2918
2828
1841
2631
2237
1420
2660
3130
3677
4423
5296
6177
6862
7349
8228
8496
9969
10932
11418
11467
10933
10261
9097
7534
6909
6303
5903
5854
5782
5713
5345
4804
4226
3518
3154
3095
2901
2779
2649
2499
2232
1802
1319
786
554
1106
1834
2903
3759
4268
4912
5709
7229
9186
10473
11335
11555
10976
10370
9757
9069
8805
8263
7331
6143
5173
4841
4648
4480
4461
4652
4661
4425
4141
3816
3387
3019
2666
2714
3035
3146
3300
3599
3763
4067
4318
4686
5141
5615
6488
7477
8785
10012
10539
10716
10447
9913
9028
8709
8097
7770
8358
9062
9518
9158
8330
7459
6607
5726
4648
3541
3126
2936
2780
2717
2622
2381
2057
1780
1526
1306
1069
951
886
647
374
264
235
225
196
315
742
1727
2984
4112
5009
5693
6135
6373
6353
5932
5393
4475
3406
2933
2092
1662
1525
1186
532
126
174
285
356
327
356
334
282
216
210
270
394
518
612
744
784
840
771
788
810
852
807
710
587
522
514
571
754
937
1087
1190
1364
1625
1711
1682
1575
1414
1187
981
764
592
559
420
471
501
528
523
470
316
91
56
150
222
203
264
379
415
447
426
314
143
21
210
384
558
649
601
500
179
3
148
282
261
236
226
201
133
108
121
182
243
227
91
55
148
264
360
437
442
370
291
215
143
128
107
195
272
344
385
387
324
226
132
179
366
532
474
292
70
170
458
610
713
724
534
151
23
122
120
62
145
335
471
416
164
276
412
410
454
492
441
500
627
614
377
34
295
605
747
838
836
724
294
267
475
528
438
420
454
335
107
217
447
640
826
798
462
167
460
587
668
717
732
547
196
278
429
478
549
631
753
709
248
164
359
458
486
592
682
599
357
118
565
826
820
835
291
264
440
527
539
663
642
316
284
556
684
657
643
656
363
42
242
438
440
525
635
557
223
335
573
698
767
656
244
114
291
491
821
1117
1250
1262
1270
1303
1451
1526
1524
1208
876
710
841
1008
1018
851
842
936
1064
1219
1324
1596
1715
1953
2300
2512
2678
2906
3189
3486
4012
4493
4965
5349
5644
5804
5851
5733
5554
5266
4716
4296
3876
3302
2604
1887
1032
946
1552
2349
2849
3353
3546
3905
4420
4737
4943
4898
5029
4972
4757
4450
3864
3219
2740
2572
2724
2869
2771
2392
2024
1699
2573
1546
1630
1430
1165
984
943
790
872
967
1119
1188
1269
1282
1371
1343
1332
1235
1343
1441
1343
1278
1215
868
723
1095
1172
965
612
288
311
660
1071
1448
1411
1115
856
680
535
551
678
806
807
855
967
1076
1107
975
971
848
824
562
453
605
844
987
989
665
881
927
759
721
855
1573
1932
1770
1353
873
619
618
679
788
720
682
653
548
465
400
457
435
390
327
185
180
244
220
240
264
293
266
242
182
137
141
160
195
223
219
204
157
102
25
11
176
347
550
639
725
777
766
674
659
507
671
763
719
637
593
581
552
518
420
321
294
262
189
227
278
215
189
189
107
39
34
47
46
20
135
266
294
242
107
11
56
74
64
38
32
8
68
159
172
172
191
182
206
294
445
653
780
952
1122
1385
1398
1321
1288
1151
1082
978
814
815
711
625
554
332
141
223
347
458
499
426
352
349
314
292
364
386
414
411
392
335
353
636
917
954
893
897
827
403
337
417
402
412
447
403
254
373
503
400
409
502
564
568
533
438
273
204
309
461
518
554
481
420
373
310
250
220
194
161
154
107
67
59
75
90
102
109
125
104
59
15
0
4
23
32
30
44
143
326
432
392
282
59
65
180
228
217
236
254
210
177
166
112
53
58
29
3
0
1
2
8
10
5
11
13
22
18
11
7
2
0
17
29
19
3
11
18
30
34
29
46
42
42
81
199
245
256
231
152
73
50
42
26
7
16
38
81
78
68
60
39
5
5
17
44
58
57
47
177
445
745
966
1184
1383
1305
1282
1251
1190
1327
1394
1382
1221
1166
988
828
693
513
373
325
336
331
327
263
170
276
737
1084
1237
1383
1368
1266
1226
1160
1065
911
773
560
640
846
1044
1208
1363
1774
2373
2627
2530
2106
1508
1158
1234
972
639
786
1170
1223
1202
1125
1059
1055
879
759
754
764
859
975
1103
1158
1153
1142
1045
964
855
716
589
845
1087
1125
1226
1397
1741
1956
2319
3036
3175
2937
2526
2213
1871
1730
1950
2335
2681
2600
2275
1792
1369
906
476
419
613
733
739
809
1108
1385
1475
1574
1658
1514
1406
1666
2073
2492
2796
2906
2961
3063
3227
3394
3581
3763
3953
4173
4324
4521
4608
4765
5039
5421
5595
5494
5293
5203
5087
5090
5140
5109
5147
5068
4911
4684
4616
4546
4423
4288
3980
3687
3435
3159
2951
2770
2554
2183
1867
1408
936
471
209
242
495
987
1488
1982
2417
3031
3444
3639
3965
4291
4630
4904
5180
5425
5520
5492
5495
5460
5434
5474
5467
7245
4681
4565
4354
4144
3956
3632
3353
3161
3040
2826
2578
2389
2087
1434
824
284
426
709
879
1155
1388
2107
2772
3445
3879
4241
4487
4648
4703
4725
4665
4636
4737
4722
4689
4543
4385
4080
3775
3446
3076
2788
2695
2687
2660
2665
2670
2636
2373
2052
1791
1554
1400
1301
1254
1153
1009
862
699
649
608
416
330
267
399
619
832
1177
1515
1822
2077
2247
2475
2733
3035
3252
3381
3524
3633
3677
3740
3845
4046
4124
4193
4262
4280
4308
4321
4154
3905
3698
3630
3373
3086
3080
2889
2883
2444
2263
1788
1144
774
1317
2095
2516
2669
2703
2636
2649
2774
2805
2803
2763
2647
2304
1776
991
488
395
559
879
1372
1772
2193
2506
2890
3126
2917
2503
1993
1603
1368
1233
850
422
463
684
752
855
907
990
977
835
756
605
379
240
163
98
69
126
272
460
647
879
1056
1112
987
754
466
283
259
262
199
104
56
216
413
524
544
517
440
350
220
118
34
26
62
74
64
67
45
38
21
17
32
62
55
35
43
65
53
36
20
25
35
30
37
21
20
36
59
43
13
7
52
110
125
82
94
150
255
243
177
69
92
191
210
147
66
25
51
143
204
226
196
181
317
346
327
224
54
74
202
271
305
295
225
169
205
297
319
310
193
93
157
264
300
288
294
328
313
391
478
465
299
75
49
154
188
212
198
172
262
339
308
257
208
92
17
114
185
200
167
157
188
289
368
387
402
397
404
385
363
322
253
173
141
102
67
56
99
118
141
113
54
19
155
282
376
371
238
141
73
139
201
208
244
278
243
182
189
228
232
214
201
212
212
265
276
268
216
235
367
513
521
481
420
377
382
348
295
318
425
558
634
548
510
509
491
422
382
503
705
798
902
920
651
460
380
340
363
301
256
299
400
418
311
215
90
105
106
98
126
156
230
306
293
277
201
81
25
30
22
15
4
86
144
165
134
92
83
92
125
203
314
339
417
572
539
560
940
1741
2099
1867
1718
2217
2562
2060
1353
1097
1529
1691
1370
839
415
273
325
559
763
828
583
556
603
395
196
311
663
911
1065
1199
1340
1510
1567
2066
3011
3579
3791
4010
4449
4790
4883
4545
3565
2880
1990
2028
2924
4021
4786
5343
5461
5253
4912
4571
3957
3633
3382
3477
3985
4622
5152
5696
6084
6309
6451
6358
6086
5810
5309
4157
2830
1765
1391
1216
2317
3519
4401
5028
5926
6441
6614
6237
5613
5882
6195
6239
5809
5267
4060
3658
3329
2942
3191
3309
3204
3011
2766
3301
3251
3103
2898
2775
2510
1901
1269
1628
2091
3624
2581
2851
3040
3044
2767
2454
1816
1164
1036
1048
1273
1583
1818
1961
1957
1921
1829
1636
1342
1399
1732
1853
1939
2022
1850
1552
1046
570
355
432
913
1434
1646
1816
1755
1514
1208
962
716
589
625
862
1001
1126
1253
1229
1195
1139
953
741
931
1041
1192
1240
1237
1161
1121
985
1245
1503
1837
2126
2379
2558
2687
2815
2901
3012
3190
3430
3517
3706
3605
3510
3479
3549
3680
3803
3908
3959
3918
3763
3416
2941
2411
1705
1112
794
668
803
1238
1846
2657
3266
3859
4382
4891
5306
5635
5954
6198
6249
6309
6282
6028
5828
5502
5213
4938
4675
4476
4051
3572
2961
2422
1909
1530
1205
1016
944
732
604
460
455
446
477
565
579
634
619
562
512
509
401
310
226
127
40
11
12
12
31
108
186
190
199
201
169
170
133
94
71
29
32
20
28
36
73
93
118
100
128
126
106
51
139
539
688
493
437
527
450
244
129
106
83
56
45
93
202
384
527
696
698
696
559
411
313
255
212
209
223
200
171
911
199
165
122
81
39
50
71
173
365
387
254
334
647
487
276
357
294
222
198
151
106
75
52
140
194
308
447
547
553
390
190
190
208
116
158
143
164
194
299
238
163
97
47
31
42
68
404
1149
1418
2135
2353
1769
1089
1992
3226
3096
2169
2201
2317
1804
1524
1360
1436
1710
1385
914
980
903
699
542
453
505
582
805
1006
1536
1396
1253
1101
1055
921
705
759
942
1141
1355
1404
1487
1502
1119
816
692
557
589
436
169
165
318
381
425
436
504
508
267
589
876
976
1022
1099
1005
751
389
98
143
252
250
257
272
422
694
755
736
703
578
397
213
81
220
442
586
584
519
489
475
399
353
286
250
220
202
226
264
575
1037
1344
1286
1313
1392
1328
868
381
413
980
1343
1380
1290
1139
878
523
198
416
508
567
586
685
749
775
764
682
481
335
354
387
396
333
256
161
87
71
94
117
159
228
236
249
243
246
209
177
210
288
285
233
142
60
33
18
41
72
106
133
176
211
246
301
435
520
537
542
504
336
152
54
42
42
52
66
143
199
185
167
91
41
24
21
35
84
165
207
236
250
281
255
228
248
306
426
544
470
202
88
191
198
171
135
88
30
13
10
5
1
1
5
2
11
15
11
8
5
0
0
0
1
0
0
0
0
0
1
2
1
0
2
1
5
182
383
461
472
441
379
334
232
445
539
606
509
394
262
121
377
454
474
489
505
445
319
644
795
873
720
438
214
242
407
252
246
178
96
47
26
29
43
58
85
62
56
68
78
91
67
39
22
10
8
7
3
3
2
5
8
28
72
89
120
131
148
168
208
240
259
292
330
329
350
369
390
412
424
439
444
474
477
483
474
487
478
498
482
462
480
447
376
259
135
113
93
80
63
76
110
105
84
71
115
134
94
63
77
136
210
242
159
40
55
107
144
159
149
125
98
73
49
46
34
25
22
30
35
46
56
56
53
35
21
4
2
5
6
7
0
0
0
0
0
0
0
1
0
0
0
0
0
0
0
0
0
0
0
0
0
0
0
1
8
5
5
3
0
6
62
117
92
44
23
7
1
3
2
1
0
1
6
12
23
23
25
23
19
7
4
9
11
3
0
0
0
0
0
28
169
342
420
416
423
488
521
534
399
120
215
222
206
160
72
39
11
1
26
58
72
60
48
28
0
0
0
0
0
0
0
0
0
0
0
0
1
55
126
186
188
194
156
122
105
99
116
113
90
76
65
40
16
21
45
56
67
51
159
353
502
758
828
764
690
565
176
312
342
356
363
318
237
206
168
115
58
34
20
13
9
8
4
2
4
4
5
5
5
4
6
5
3
0
0
0
0
0
0
0
0
0
0
0
0
0
0
3
20
45
49
26
19
6
3
25
37
195
340
424
480
544
550
569
519
526
527
578
597
416
90
96
132
154
135
123
87
86
43
7
3
1
1
0
0
1
12
22
19
16
46
156
255
330
338
287
236
171
182
287
331
456
492
447
265
36
49
136
128
82
79
88
91
63
37
26
13
8
0
1
16
68
154
251
301
296
246
161
159
190
152
118
66
41
45
55
46
80
146
236
311
448
602
795
842
845
804
775
619
430
143
234
305
276
192
125
88
118
154
195
213
196
103
9
10
47
209
432
517
585
574
558
481
362
277
211
252
298
316
257
178
77
53
58
94
139
158
134
101
59
29
16
37
26
5
3
0
40
190
354
391
320
192
107
337
422
400
389
388
377
322
297
303
300
299
300
285
280
276
260
248
235
238
238
224
240
308
411
460
423
377
326
242
162
89
23
3
5
19
26
79
123
167
193
200
191
157
105
50
4
0
5
13
11
13
16
19
16
16
15
22
20
12
6
6
18
17
16
16
20
36
92
169
164
214
64
37
27
42
57
67
68
58
65
173
306
428
469
522
605
607
486
275
22
82
133
168
152
116
37
3
20
72
45
16
3
16
38
89
204
270
367
444
477
454
415
347
251
185
183
221
159
183
227
323
402
376
318
164
102
97
42
27
19
20
39
39
46
74
79
66
63
45
23
30
25
25
23
16
18
39
51
44
60
148
265
372
422
415
348
225
219
283
454
465
384
303
247
195
138
41
3
17
49
92
221
589
1286
2108
2831
3241
2838
1954
708
1257
2455
3202
3170
2315
2397
2306
1759
1401
1319
1803
2496
2456
2492
2573
2111
1509
1202
1138
1893
2480
2456
1881
959
1136
2189
2465
2106
1729
1611
1674
1573
1380
1042
617
566
410
239
336
622
907
1217
1466
1844
2080
1946
1887
1940
1519
994
600
598
465
303
381
361
369
502
689
108406
0
0
0
0
0
0
0
0
0
0
0
0
0
0
0
0
0
0
0
0
0
0
0
0
0
0
0
