0
0
91
3
232
27
33
401
13
188
67
23655
3167
3706
4272
4400
4092
3752
3686
3495
2975
2573
2187
1821
1671
1973
2916
3679
4370
4722
5268
5566
5940
5874
5770
5473
5256
4864
4022
2870
2102
2124
2350
2324
2293
2193
2120
2179
2066
1919
1396
1187
1060
1135
1458
1941
2432
3161
3994
4439
4498
4940
5742
6843
6562
5688
5001
4558
4262
4209
4099
4185
3877
3602
3749
3682
3999
4113
3560
2982
2392
1668
1160
1065
953
1070
1210
1654
2234
2683
2792
2689
2469
2176
1805
1478
1134
680
628
760
805
877
933
926
895
806
831
778
807
930
1176
1657
2303
3097
3853
4272
4022
3593
3745
4230
4685
3878
3466
3158
4609
6084
6734
5307
2900
1242
2583
2838
2035
1361
1078
1329
1222
632
283
496
701
735
507
221
72
42
143
163
102
138
166
137
85
80
140
129
170
259
216
124
61
41
68
103
108
29
49
62
118
97
63
90
65
97
119
214
171
179
155
159
101
42
12
6
6
5
17
13
38
30
20
32
58
65
43
44
30
23
18
38
47
20
8
7
3
10
0
8
6
21
33
88
113
87
34
6
0
4
6
19
25
35
24
23
3
12
9
2
8
17
18
26
34
14
3
0
0
0
4
5
0
0
0
1
14
21
0
2
5
16
12
2
9
29
25
24
29
36
43
39
11
0
1
7
1
1
0
0
0
0
0
0
0
15
19
0
0
0
13
1
10
26
40
50
52
34
8
1
2
5
6
3
10
27
29
14
0
0
0
0
0
0
0
0
2
4
9
37
48
70
62
38
10
0
5
1
3
5
0
0
0
0
1
0
0
0
1
0
0
0
4
2
3
9
16
21
19
34
13
0
0
10
41
45
25
4
1
0
3
0
0
1
15
22
31
64
56
68
93
112
166
273
378
534
779
940
1057
1250
1201
1713
2148
2328
2091
1837
1816
1771
1871
1997
1839
1774
1722
1554
1590
1865
1858
1790
1906
2123
2099
2147
2347
2429
2426
2007
1482
737
688
920
1009
869
599
808
902
968
1210
1268
954
1334
1219
1086
560
694
642
653
755
652
557
662
960
1014
704
412
580
662
632
458
516
593
737
842
870
547
532
654
549
480
236
318
441
687
895
878
220
788
639
529
278
161
367
577
738
362
625
636
564
394
186
204
317
540
516
189
624
573
517
335
355
505
444
334
602
645
462
701
934
1190
1498
1932
2460
3256
3807
4154
4234
4105
3733
3425
3570
3030
1536
1265
1719
1922
1453
975
797
536
307
165
133
311
440
653
783
752
774
716
486
52
204
393
366
558
339
272
191
154
67
129
212
283
291
328
336
321
293
231
133
6
25
65
78
72
70
38
13
30
76
173
285
442
600
733
876
1005
1250
1592
2018
2468
2722
2801
2667
2727
2745
2885
2772
2716
2464
2237
1915
1670
1376
1021
877
838
825
790
748
671
520
350
263
197
110
237
318
315
294
266
278
265
323
373
372
337
239
190
134
100
102
71
92
183
250
318
339
375
374
380
216
89
91
121
156
148
152
60
49
120
135
95
31
1
37
92
96
80
67
74
88
102
122
233
417
536
581
604
563
529
499
408
416
669
770
859
984
998
1131
1410
1670
1755
1658
1546
1177
584
287
393
462
316
223
230
349
364
284
103
34
157
233
147
96
77
52
4
39
107
126
162
115
7
62
100
118
113
102
104
99
69
74
123
216
254
223
44
78
136
113
50
69
112
89
57
65
121
168
216
205
81
97
245
319
366
430
358
357
467
458
443
429
414
380
296
139
21
24
47
24
16
27
39
50
40
52
21
8
2
0
0
0
0
14
30
36
26
27
51
91
75
16
2
0
3
1
10
46
29
58
129
170
172
145
71
34
22
17
21
30
38
47
49
38
27
28
25
17
8
2
2
0
0
0
0
0
0
0
0
2
0
0
2
2
0
1
1
2
1
1
0
0
0
0
0
0
0
0
1
12
48
52
23
3
1
0
1
3
0
0
3
1
2
12
18
8
5
2
0
7
1
1
0
3
5
3
3
9
4
1
0
0
0
0
0
0
0
0
0
0
0
0
0
0
0
0
2
0
0
0
0
1
1
2
1
5
6
4
7
6
7
12
8
2
5
3
6
0
2
4
6
1
2
2
2
0
2
1
0
2
1
0
0
0
0
0
1
0
0
0
0
0
0
0
0
0
0
0
0
0
3
1
5
7
7
22
6
3
8
8
0
0
0
0
3
24
25
37
28
5
0
0
0
0
0
0
0
0
0
0
0
0
0
0
0
1
0
0
0
0
0
2
2
0
0
0
0
0
0
0
0
0
0
0
0
0
0
0
0
0
0
0
0
0
0
9
20
4
2
0
0
0
0
0
0
0
0
0
0
0
0
0
0
0
0
0
0
0
0
0
0
0
0
1
5
3
0
0
1
3
1
2
10
12
11
20
31
35
36
33
14
6
3
0
1
1
0
0
0
0
0
0
0
0
0
0
0
0
0
0
0
0
0
0
0
2
1
0
0
3
5
3
2
1
0
0
1
0
0
0
0
0
1
1
1
4
5
47
50
24
8
3
9
15
18
40
29
29
17
21
5
0
0
2
2
1
0
0
0
0
0
0
0
0
0
0
0
0
0
0
2
18
16
1
0
0
0
0
0
0
0
0
0
0
0
0
0
0
2
1
7
4
9
10
22
16
22
17
19
24
24
29
30
25
38
42
52
73
43
63
33
28
11
0
1
0
0
0
0
0
0
0
0
0
0
0
1
0
0
0
6
0
0
0
1
2
0
12
90
196
296
320
440
577
688
702
594
458
504
525
625
650
448
460
459
269
171
200
170
183
204
94
62
55
43
30
42
85
67
138
370
342
255
215
174
245
406
477
320
189
225
528
736
675
590
576
550
444
212
138
172
204
144
57
15
101
279
350
393
432
436
440
477
532
658
668
672
631
515
447
439
552
668
718
802
811
888
915
981
1114
1367
1770
2115
2449
2767
3295
3877
4316
3964
3712
4249
4753
4747
4586
4482
5083
5328
5504
5672
5687
5670
5191
4306
3107
2386
2253
2066
1770
1492
1106
1004
795
757
661
834
1217
1211
1065
1181
1360
1574
1703
2065
2249
1950
1419
550
238
359
367
276
112
55
282
546
772
1050
1372
1497
1500
1395
866
304
142
197
165
69
219
8
108
236
452
655
667
595
250
29
9
9
6
9
15
3
2
1
34
127
207
242
180
105
18
0
0
0
0
0
0
0
4
29
53
19
2
4
58
117
72
49
47
28
29
35
25
35
40
21
24
22
17
12
7
8
8
2
4
8
7
12
7
15
7
11
20
26
31
39
22
12
3
1
0
1
5
0
0
0
0
0
0
0
0
0
0
0
0
44
121
247
372
454
508
598
690
640
609
680
814
808
662
542
377
295
221
146
88
42
31
41
53
206
458
640
571
788
913
820
732
650
784
961
1053
854
617
476
346
183
160
200
185
107
21
131
234
204
229
259
250
270
352
352
245
212
151
115
71
68
42
41
42
56
66
64
49
35
31
16
19
12
7
11
67
158
215
299
352
489
638
717
664
789
976
1044
1028
1042
932
622
467
392
288
222
383
356
73
270
482
123
26
155
154
2
195
411
204
0
0
56
77
21
209
280
195
43
0
0
282
59
19
4
2
0
1
3
5
4
1
2
0
0
0
0
0
0
1
0
3
17
16
23
31
41
56
76
85
90
64
61
36
25
22
7
5
1
2
1
0
0
1
3
5
3
1
0
0
9
7
0
0
2
0
1
1
3
1
0
0
0
0
0
0
0
0
0
0
0
0
0
0
1
3
3
0
1
2
3
4
10
19
14
9
4
2
1
0
2
0
0
0
0
0
1
0
1
4
2
0
6
3
12
19
39
39
54
69
86
216
343
246
189
611
718
488
128
22
231
357
236
135
306
333
171
94
137
163
174
80
111
246
184
44
64
147
315
265
90
108
499
425
158
41
215
345
260
177
242
294
289
272
247
233
185
135
52
60
108
53
11
1
6
11
12
0
1
5
3
4
16
25
38
66
101
151
225
341
453
601
748
821
1007
996
950
911
880
793
714
582
524
461
415
442
349
270
231
160
135
67
22
2
0
0
0
0
0
0
0
0
0
6
21
32
68
99
89
71
64
72
67
68
43
21
14
3
1
0
1
0
0
0
0
0
0
0
0
0
0
0
0
0
1
0
0
1
3
2
3
3
2
0
0
0
0
0
0
0
0
0
0
0
0
0
0
0
0
0
0
0
0
0
0
0
0
8
8
0
0
1
0
0
0
0
0
0
0
0
0
0
0
0
0
0
0
0
0
0
0
0
0
0
1
0
0
0
0
0
0
0
4
0
2
1
2
1
2
0
0
0
0
0
0
0
0
0
0
0
0
0
0
0
0
0
0
0
0
0
0
0
0
0
0
0
0
0
0
0
0
1
0
1
0
2
0
0
0
0
1
0
0
0
0
0
0
0
0
0
0
0
0
6
7
0
0
0
0
0
0
0
0
0
0
0
0
0
0
0
0
0
0
0
1
0
0
0
0
0
0
0
0
0
1
0
0
0
0
0
0
0
0
0
0
0
0
0
0
0
0
2
0
0
0
0
0
0
0
0
0
0
1
0
2
0
1
1
0
7
18
88
61
10
17
145
148
82
11
3
17
64
64
6
20
38
45
7
0
2
7
22
13
1
21
17
8
1
0
0
6
11
2
1
1
1
0
0
0
0
0
0
0
0
0
0
0
0
0
0
0
0
0
0
0
0
0
0
0
0
0
0
7
0
0
0
0
0
0
0
0
0
0
0
0
5
0
0
0
0
0
0
0
0
0
0
0
0
0
0
0
0
0
0
0
0
14
0
0
0
0
0
0
0
0
3
0
0
0
0
0
0
0
0
0
0
0
0
0
1
0
0
0
0
0
0
0
0
0
0
0
0
0
0
0
0
0
0
0
0
0
0
0
0
0
0
0
0
0
0
0
0
0
0
0
0
0
0
0
0
0
0
0
1
0
0
0
0
0
0
0
0
14
4
0
4
2
0
0
0
0
0
0
0
0
0
0
0
0
0
0
0
0
0
0
1
0
0
0
2
0
3
6
8
7
10
29
32
31
31
28
38
65
61
140
578
838
379
247
527
435
200
257
572
591
308
185
160
148
124
178
221
111
16
3
1
1
36
75
69
27
0
0
2
1
0
0
3
3
15
13
13
31
48
61
68
87
110
70
72
84
89
112
65
50
71
82
76
74
75
54
48
41
26
43
49
68
50
33
21
17
11
5
2
2
0
0
0
0
0
0
0
0
0
0
2
2
0
0
0
0
0
0
0
0
5
5
6
5
4
0
0
0
0
1
1
1
1
1
7
0
0
0
0
0
16
0
0
0
0
0
0
0
0
1
1
0
0
0
0
0
0
1
0
4
1
0
0
0
0
0
0
0
0
0
0
0
0
0
0
0
0
0
0
0
0
0
0
0
0
0
0
0
0
0
0
0
0
0
0
0
0
0
0
0
0
0
0
0
3
0
0
0
0
0
0
0
0
0
0
1
0
0
2
10
2
6
2
6
3
1
0
2
7
16
14
13
18
9
17
22
33
67
49
74
84
135
225
343
508
747
921
1324
1574
1933
2444
2893
3435
3809
4270
4615
4921
5212
5299
5239
5053
5071
5074
4962
4795
4606
4492
4241
4032
3683
3385
3055
2942
2880
2580
2003
1256
1028
1062
798
295
342
745
1218
1673
2235
2663
3100
3403
3543
3498
3387
3283
3225
3079
2959
2726
2468
2280
2129
1966
1789
1642
1534
1448
1410
1352
1376
1240
963
784
755
757
673
706
650
522
384
335
373
548
631
503
316
161
53
15
29
67
67
87
258
337
364
386
333
355
321
153
84
22
10
0
0
0
3
2
31
20
13
5
11
25
25
16
5
11
8
5
4
4
2
2
4
2
6
0
1
0
0
0
1
0
0
2
3
2
73
7
19
20
14
10
20
50
127
208
231
206
198
183
111
50
7
0
0
1
3
6
21
37
10
8
96
192
88
19
12
88
143
69
3
19
73
42
11
0
3
20
56
16
0
0
6
6
1
0
0
19
15
2
1
4
7
3
0
0
1
1
0
0
0
0
0
0
0
1
1
1
0
1
0
0
0
0
0
0
0
0
15
75
10
21
389
576
252
23
71
147
76
40
125
57
14
9
24
16
11
1
0
0
0
0
0
0
0
0
2
3
0
2
1
3
2
4
3
5
4
10
9
15
11
12
2
6
1
0
0
0
0
0
0
0
0
0
0
0
0
0
0
0
6
33
19
0
6
125
146
25
1
15
122
119
15
3
18
26
7
1
3
6
1
0
0
0
1
0
0
0
0
0
0
0
0
0
0
0
0
0
0
0
1
0
0
0
0
0
0
0
3
1
0
0
0
0
0
0
0
0
0
0
0
0
0
0
0
0
2
0
0
0
0
0
0
0
0
0
2
0
0
0
0
0
0
0
0
0
0
11
10
1
1
0
0
0
0
0
0
0
0
0
0
0
0
0
0
0
0
0
0
0
0
0
0
0
0
0
0
0
0
0
0
0
0
0
0
0
0
0
0
1
1
2
6
8
2
5
6
5
5
5
7
16
14
18
11
15
8
16
66
183
254
323
400
482
589
590
797
1091
1240
1321
1200
1207
1155
881
610
296
95
16
28
229
568
796
869
1037
1084
1082
1151
1151
1162
1100
1096
998
918
790
648
467
279
71
3
0
3
35
82
136
152
200
212
195
190
208
178
177
177
180
173
204
180
216
216
244
248
314
334
282
197
151
86
16
9
0
0
0
0
2
20
46
94
104
156
192
200
200
196
200
138
96
81
48
30
32
16
14
6
3
0
0
0
0
0
0
0
0
0
1
1
0
2
0
0
0
0
0
0
0
0
0
0
0
0
0
0
0
0
0
0
0
0
0
0
0
0
0
0
0
1
24
69
108
118
139
140
125
92
76
45
46
26
12
18
8
2
1
0
0
0
0
0
0
0
0
0
0
0
0
0
0
0
0
0
0
0
0
0
1
0
2
5
10
1
0
1
0
0
0
0
0
0
0
0
0
0
0
0
0
0
0
0
0
0
0
1
0
0
8
27
60
367
199
156
93
47
20
8
1
0
3
1
1
1
5
13
58
134
226
375
515
570
636
643
575
476
428
278
95
27
9
3
0
0
5
0
0
5
9
5
10
25
0
0
1
1
0
0
0
0
0
2
6
0
0
0
2
3
13
11
11
3
3
6
6
8
5
6
3
7
6
11
6
5
3
2
1
0
0
0
0
0
0
1
0
1
2
1
4
4
16
32
60
94
145
499
875
660
370
713
522
453
1244
1003
198
537
813
498
224
720
959
444
138
460
530
232
268
735
664
236
431
631
526
34
60
294
188
7
0
15
23
2
166
196
28
28
88
65
74
38
36
52
85
118
131
137
88
59
57
106
103
72
46
44
72
79
65
50
41
49
60
40
23
20
14
12
58
92
43
6
12
14
4
1
3
0
0
0
0
0
0
0
0
0
0
0
0
0
0
0
0
0
0
0
0
0
0
0
0
0
0
0
0
0
0
0
0
0
9
1
0
3
2
5
3
4
2
0
2
1
3
2
1
0
0
0
0
0
0
1
21
0
0
2
0
0
0
0
0
0
0
0
0
0
0
0
0
0
0
0
0
0
0
0
0
0
0
0
0
0
0
0
0
0
0
0
0
0
0
0
0
0
0
0
9
10
0
2
0
0
0
0
3
0
2
2
1
5
0
1
3
2
0
0
0
0
0
1
2
20
0
12
68
85
33
0
2
49
109
65
4
38
51
44
7
0
0
9
28
13
0
16
33
18
2
1
3
34
47
8
3
6
17
11
2
1
0
11
21
11
17
1
7
6
1
0
1
6
8
2
0
1
2
2
0
0
1
1
2
1
0
1
1
3
0
0
0
1
3
1
0
1
2
1
0
0
0
1
0
0
0
1
0
0
0
0
0
0
0
0
0
0
0
0
0
0
0
0
0
0
0
0
0
0
0
0
0
0
0
0
0
0
0
0
0
0
0
0
0
0
0
0
0
0
0
0
0
0
0
0
0
0
3
0
0
0
0
0
0
0
0
0
0
0
0
0
0
0
0
0
0
0
0
0
0
0
0
0
0
0
0
0
0
0
0
0
0
0
1
74
318
435
262
76
46
442
493
177
6
50
31
2
1
2
2
3
6
17
90
157
226
151
25
9
4
9
2
1
0
2
0
70
2
0
0
0
0
0
0
0
1
0
3
10
8
9
23
33
39
56
71
94
71
58
41
29
29
18
11
8
1
0
0
0
0
0
0
0
0
0
0
0
0
0
0
0
2
55
152
55
2
142
285
203
64
163
375
313
84
32
18
26
56
57
33
21
15
15
16
5
4
25
95
47
0
2
0
0
14
112
183
243
389
759
909
547
130
123
292
264
107
8
2
2
0
0
2
0
0
0
0
0
0
0
0
0
0
0
0
0
1
0
0
0
1
0
0
0
0
0
0
0
0
0
0
0
0
0
0
0
0
0
0
1
5
1
0
0
0
0
0
0
1
0
1
0
0
0
0
0
0
0
0
0
0
0
0
0
0
0
0
0
0
0
0
0
0
0
0
0
0
0
0
0
0
0
0
0
0
0
2
11
0
0
0
0
0
0
0
0
0
0
0
0
0
0
0
0
0
0
0
0
0
0
0
0
0
0
0
0
0
0
0
0
0
0
0
0
0
0
0
0
0
0
0
0
0
0
0
0
0
0
0
0
0
0
0
0
0
0
0
0
4
9
0
0
0
0
0
0
0
0
0
0
0
0
0
0
0
0
0
0
0
0
0
0
0
0
0
0
0
0
0
0
0
0
0
0
0
0
0
0
0
0
0
0
0
0
0
0
0
0
0
0
0
0
0
0
0
0
0
0
0
0
0
0
0
0
0
0
0
0
0
0
0
0
4
9
0
1
1
0
0
0
0
0
0
0
0
0
0
0
0
0
0
0
0
0
0
0
0
0
0
0
0
0
0
0
0
0
7
3
0
2
0
0
0
0
0
0
0
0
0
0
0
0
0
0
0
0
0
0
0
0
0
0
0
0
0
0
0
0
0
0
0
0
2
0
0
0
0
6
10
0
0
0
0
0
0
0
0
0
0
0
0
0
0
0
0
0
8
100
318
790
1184
1156
1642
2421
2811
2465
2029
1713
1683
1368
982
434
308
303
223
235
250
276
231
156
78
45
84
143
272
324
342
392
407
445
449
403
390
364
357
395
358
318
211
191
222
287
371
425
471
576
821
989
1139
1329
1399
1249
1096
959
832
617
486
353
314
316
317
438
547
671
756
860
863
838
838
809
743
648
640
565
471
387
285
206
157
107
39
25
45
46
21
20
30
111
58
63
139
301
645
1014
1394
1954
2280
2569
2587
2651
2591
2405
2243
1982
2234
2565
2737
2780
2983
2870
2225
1976
2477
2704
2838
2651
2851
3560
3617
2806
1306
540
726
735
625
530
644
878
809
466
157
39
31
39
47
11
15
25
24
4
0
0
4
11
11
12
2
0
0
0
0
0
0
0
1
1
0
0
0
3
4
8
22
6
3
2
2
1
1
0
0
0
0
1
0
0
1
0
0
1
0
0
0
0
1
0
3
0
8
14
0
0
0
0
0
0
0
0
0
0
0
0
0
0
0
0
0
0
0
0
0
5
16
0
3
151
69
3
4
2
5
10
0
0
0
0
0
0
0
0
0
0
0
0
0
1
4
0
0
0
0
0
0
0
0
0
0
1
0
0
0
0
0
0
0
0
0
0
0
0
3
42
22
0
6
14
0
0
0
0
0
0
0
0
0
0
0
0
0
8
29
1
0
3
0
1
0
0
0
0
0
0
0
0
0
0
0
0
0
7
11
0
0
0
0
15
12
0
31
12
3
36
13
0
1
1
0
0
0
0
0
1
9
1
0
0
0
0
0
0
0
0
0
0
0
0
0
0
0
0
0
0
0
0
0
0
0
8
0
0
0
8
14
0
0
1
2
0
0
0
0
2
4
0
0
7
4
5
11
7
13
22
0
1
0
0
0
0
0
1
1
0
0
0
0
0
3
0
3
0
0
3
53
1
23
10
23
4
12
12
12
10
0
7
12
28
2
4
39
18
0
0
0
5
1
0
0
0
7
7
7
0
0
0
0
5
8
3
9
20
34
43
9
0
0
0
0
1
0
0
0
0
0
0
0
1
22
49
32
0
0
0
0
1
0
0
0
0
0
0
0
0
0
0
0
0
0
0
3
16
11
17
14
9
1
0
0
1
3
3
117
402
602
463
49
238
182
10
79
184
40
86
378
163
19
38
28
2
104
166
146
78
13
17
27
21
9
12
3
1
2
2
7
1
13
12
0
0
0
0
0
0
0
0
0
1
0
0
3
1
2
7
13
0
0
0
0
0
0
0
0
0
1
0
0
0
4
3
0
0
1
1
1
13
11
14
8
11
6
5
7
5
4
2
5
0
0
0
0
0
0
0
0
0
0
0
0
0
0
0
0
0
0
0
0
0
0
3
0
0
0
1
1
9
18
3
7
4
5
1
2
3
1
0
1
0
0
0
2
4
14
48
109
128
108
88
138
300
821
1359
1738
1919
2085
2192
2523
2808
3113
3276
3407
3502
3533
3492
3434
3244
3302
3106
2729
2369
2210
2117
1973
1852
1871
1968
2046
2449
2743
2700
2523
2748
2972
2645
2755
2870
2979
2760
2652
2206
1961
2715
2621
1945
1196
758
600
745
799
748
458
215
45
39
53
24
25
40
25
41
95
148
225
252
146
101
51
51
36
17
32
44
38
42
67
66
63
58
43
25
27
190
296
132
460
841
735
711
785
805
986
1012
882
805
823
768
783
633
498
572
634
444
363
686
1368
1761
1764
1393
732
521
465
394
565
688
691
818
1221
1548
1604
1437
1052
533
312
825
1630
1968
1778
1296
731
139
74
131
45
26
51
99
102
94
54
29
15
9
8
9
22
6
4
2
5
10
4
3
8
14
13
2
1
0
3
12
5
0
17
8
0
0
0
0
1
0
4
11
5
0
2
11
18
18
11
11
14
16
3
8
13
14
6
5
6
12
35
12
1
1
6
6
7
7
5
23
194
499
745
1054
1303
1767
2642
3216
3420
3318
3073
2818
2625
2589
2404
2026
1600
1257
1136
966
1004
948
793
719
745
706
609
493
388
319
170
94
78
75
61
57
51
53
71
79
132
150
173
157
78
55
68
64
64
62
55
15
10
11
69
115
148
270
430
508
700
748
653
505
258
174
139
280
365
357
266
284
475
595
592
419
277
188
103
15
14
3
2
20
54
61
32
39
65
92
31
10
44
112
132
128
84
102
124
140
108
115
80
107
132
109
57
33
12
7
9
15
21
27
28
33
40
26
26
52
37
73
252
573
965
1331
1701
2053
2302
2717
3052
3467
3897
4431
4593
4640
4479
3418
2077
1922
2087
2665
2406
3259
3651
2577
1561
798
953
1310
1234
763
417
369
342
183
205
532
813
828
613
450
804
1213
1214
662
135
85
83
50
54
104
89
48
36
14
6
12
5
9
6
3
4
31
124
128
16
4
47
125
82
13
5
23
90
90
13
11
50
69
40
14
10
43
98
69
8
21
49
37
28
12
19
57
73
27
3
14
42
22
3
0
10
43
24
0
7
10
19
3
0
7
3
4
1
1
0
1
0
0
7
2
0
0
0
0
0
0
1
3
6
1
0
2
10
12
2
0
0
0
0
0
0
0
0
0
0
0
0
1
1
0
0
0
0
2
3
1
2
0
2
4
3
6
6
8
13
16
13
21
26
16
15
10
16
11
13
11
18
9
9
10
10
15
15
7
2
4
5
6
4
5
17
33
28
9
0
1
0
0
1
4
0
0
0
0
3
5
1
2
2
3
10
0
1
3
0
0
0
1
0
0
1
1
5
4
3
0
2
0
0
4
0
1
0
15
15
10
9
4
4
4
4
3
0
0
4
4
2
4
4
6
10
11
10
12
10
10
13
8
14
13
16
12
4
1
0
0
0
0
0
0
0
0
0
0
0
0
0
0
1
0
0
2
5
11
16
4
8
14
11
7
4
1
0
0
2
3
1
0
1
0
0
0
0
22
0
0
0
0
0
0
0
0
0
0
0
0
0
3
12
1
0
0
0
0
0
0
0
1
1
5
13
83
101
89
59
25
13
7
1
2
4
2
0
4
2
2
1
3
5
2
2
2
1
3
1
3
8
6
2
12
5
12
2
7
15
14
18
19
30
22
33
24
20
30
40
52
40
76
80
102
113
123
124
123
124
128
118
104
91
59
50
45
44
26
10
3
0
0
0
0
0
0
0
0
0
0
0
0
0
0
0
0
0
0
0
0
0
0
0
0
0
1
2
0
0
0
0
0
17
12
0
0
0
2
0
0
0
0
0
1
0
0
0
0
0
0
0
0
0
0
0
0
0
0
0
0
0
0
0
0
0
0
0
0
0
0
0
0
0
0
0
0
0
7
13
0
0
3
0
1
0
0
0
0
0
0
0
0
0
0
0
0
0
1
1
0
1
3
2
4
5
4
2
5
7
7
3
4
17
14
0
4
3
0
1
2
3
0
0
0
0
0
0
0
0
0
0
0
0
0
0
3
144
290
220
39
65
69
98
171
117
20
17
53
68
53
15
8
16
36
66
71
10
16
52
78
44
11
2
6
48
50
8
13
34
33
10
7
4
11
27
34
40
25
7
11
6
1
9
6
12
14
6
9
8
7
0
0
5
6
9
0
0
5
2
18
1
3
1
0
0
0
0
2
0
0
0
0
1
0
0
0
0
0
0
0
0
0
0
0
0
0
0
0
0
3
21
0
0
2
1
0
0
0
0
0
0
0
0
0
0
0
0
0
1
0
0
1
0
0
0
0
0
0
0
0
0
0
0
0
0
0
0
7
5
0
0
0
0
0
0
0
0
0
0
0
0
0
0
0
4
64
171
300
418
475
649
868
999
1313
2010
2785
3340
3564
3357
3471
2912
2633
2293
1916
1553
1336
1224
1131
941
794
710
683
658
559
495
373
304
236
228
161
104
89
69
14
44
79
97
115
110
75
34
23
61
91
97
100
71
69
33
15
110
135
66
34
25
17
10
9
12
3
8
4
28
57
83
109
100
70
55
53
70
34
5
7
18
15
8
26
27
15
4
0
0
0
6
9
12
13
13
7
6
7
7
13
14
5
6
19
25
28
14
11
20
43
70
54
39
37
24
25
46
69
20
15
15
14
0
0
15
63
99
76
76
107
67
18
21
23
27
40
43
83
167
238
251
215
165
126
133
131
111
117
118
77
43
17
5
4
1
0
0
1
0
0
0
0
0
0
0
0
0
3
9
18
17
19
79
160
193
133
66
49
66
102
87
67
50
33
26
33
18
4
7
33
49
49
49
29
8
1
1
4
10
9
0
1
5
4
3
3
4
2
5
17
31
35
66
86
85
75
56
33
11
9
29
38
61
60
43
53
42
25
8
3
1
0
0
0
0
0
0
0
0
0
0
0
0
0
0
0
0
0
0
0
0
0
0
0
0
0
0
0
0
0
1
0
1
0
0
0
0
0
0
0
0
0
0
0
0
0
0
0
0
0
0
0
0
0
0
0
0
0
0
0
0
5
7
14
17
19
20
25
37
38
65
84
134
173
181
155
100
49
24
11
11
14
17
15
22
28
42
56
74
145
180
86
35
34
62
75
78
59
39
11
8
21
48
58
24
9
6
3
6
5
3
2
9
8
12
27
76
138
276
441
536
502
401
297
119
157
249
277
287
341
382
351
260
231
237
233
131
124
80
58
42
26
20
17
18
18
13
2
26
32
30
24
17
13
14
15
25
18
23
12
6
14
14
10
3
5
2
0
0
0
0
1
8
14
38
41
67
126
177
254
333
386
465
554
601
658
720
691
719
747
785
732
855
936
1048
1119
1139
1286
1428
1709
1977
2258
2553
2547
2434
2277
1914
1512
1290
1779
2080
2199
2019
1350
1366
1683
1645
1341
1133
956
1075
981
577
426
388
417
475
741
929
855
885
1739
1343
218
253
462
525
769
105
66
27
37
51
34
35
37
47
31
24
266
307
97
42
95
168
130
78
119
213
195
110
80
77
29
12
25
22
6
6
16
14
10
10
23
22
25
7
5
1
0
3
3
3
6
10
19
31
40
26
10
3
0
0
0
0
0
0
0
0
0
0
0
0
0
0
0
0
0
3
61
329
539
746
841
959
1057
1124
1180
857
948
882
788
1014
1122
1358
1653
1782
1608
1424
1119
592
978
1042
625
539
571
658
1083
1421
1629
1788
1688
1530
1444
1656
1545
1447
1401
1193
818
321
406
169
648
1063
1194
1311
1572
1813
1839
1704
1567
1555
943
236
334
420
251
175
316
356
153
53
68
16
5
40
40
14
19
60
103
143
137
138
103
86
60
32
24
21
16
13
1
3
0
4
19
0
0
0
0
0
0
0
0
32
14
44
11
1
2
2
0
0
6
8
4
3
0
0
1
6
38
14
1
0
0
1
3
15
6
7
9
7
12
1
11
20
26
47
51
32
10
10
13
23
13
7
5
0
0
3
5
0
0
6
15
26
55
61
99
132
138
152
138
121
117
97
86
66
76
69
71
70
92
63
37
21
13
7
6
0
1
0
0
0
1
0
8
23
59
164
211
202
186
173
175
186
175
124
95
50
5
2
1
0
4
3
3
4
2
2
0
3
0
2
0
0
0
1
1
0
1
0
1
1
3
6
1
0
0
0
0
0
0
0
0
0
0
0
3
0
0
0
0
0
0
0
3
2
23
35
44
23
16
9
10
7
6
10
3
5
5
6
4
2
0
0
1
1
0
0
0
0
0
0
0
1
3
1
8
17
13
30
10
7
10
11
7
7
4
8
2
1
2
15
10
4
7
8
13
19
25
17
10
4
13
14
3
0
0
0
0
0
0
0
0
0
0
0
0
0
0
0
0
0
0
0
0
0
0
0
0
0
0
0
0
0
0
0
0
0
0
0
0
0
0
0
0
0
0
0
0
0
0
0
0
0
0
0
0
0
0
0
0
0
0
0
0
0
0
0
2
0
3
10
29
9
4
2
1
3
1
1
1
2
0
3
3
0
0
0
0
0
17
16
6
2
0
0
0
0
0
0
0
0
0
0
0
0
0
0
0
0
1
0
0
0
0
0
0
0
0
0
0
16
0
0
0
0
0
0
0
0
0
0
0
0
0
0
0
0
0
0
0
0
0
0
0
0
0
0
0
0
0
0
0
0
0
0
0
0
0
0
0
0
0
0
0
0
0
0
0
0
0
0
0
0
0
0
0
0
0
0
0
0
0
0
0
0
6
9
0
0
0
0
0
0
0
0
0
0
0
0
0
0
0
0
0
0
0
0
0
0
0
0
0
0
0
0
0
3
1
0
0
0
0
0
0
0
0
1
2
1
0
0
0
0
0
0
0
0
0
0
0
0
0
0
0
0
0
0
0
0
0
0
0
0
0
0
7
18
23
35
2
0
50
91
65
18
1
37
62
5
2
74
74
28
5
17
70
14
10
92
103
26
4
12
185
94
0
10
25
13
1
0
2
12
9
0
2
4
3
0
4
18
43
109
87
0
166
251
130
2
18
108
121
32
5
32
68
14
1
2
22
25
3
11
17
15
9
36
81
100
100
94
125
220
345
496
524
562
529
463
393
345
289
227
196
165
125
110
66
56
43
46
28
26
39
40
47
43
34
33
27
31
51
77
121
98
49
27
4
9
3
3
1
0
1
5
4
5
7
7
3
0
0
1
0
2
1
0
0
0
0
0
3
12
0
0
1
0
0
0
0
0
0
0
0
0
0
0
0
0
0
0
0
0
0
0
0
0
0
0
0
0
0
0
2
22
19
22
6
0
3
18
23
15
2
0
8
46
150
183
102
43
27
20
10
2
7
16
10
4
2
1
7
12
26
32
4
29
121
105
40
0
0
1
4
10
2
7
4
6
6
4
3
6
9
5
2
1
0
0
8
6
0
4
0
3
16
16
14
11
3
1
1
2
0
0
0
2
13
6
3
0
0
0
0
1
15
31
83
120
123
126
124
107
87
80
69
87
100
103
99
107
78
62
56
45
65
104
98
76
52
52
27
26
32
65
139
200
215
238
255
305
305
348
430
507
595
537
563
543
602
666
795
861
785
725
867
1004
1118
1193
1083
760
539
321
210
149
129
74
57
47
31
13
17
17
15
16
21
18
39
37
89
134
183
199
186
186
186
179
139
124
76
58
37
18
25
14
12
14
18
15
12
13
12
10
12
8
4
3
1
0
1
2
0
0
0
0
0
1
0
0
0
2
0
2
2
1
1
1
2
3
3
1
59
5
4
4
4
5
5
9
3
6
6
4
2
0
0
0
0
0
2
0
0
0
0
0
0
0
0
0
0
0
4
7
7
11
13
28
35
25
18
20
21
19
19
20
21
12
10
10
11
7
18
6
2
0
6
6
2
0
1
0
0
0
0
0
0
0
0
0
0
11
0
0
1
0
0
0
0
0
0
0
0
0
0
0
0
0
0
0
0
0
1
0
0
0
0
0
0
0
0
0
0
0
0
0
0
0
0
0
0
0
0
2
15
0
0
1
0
0
0
0
0
0
0
0
0
0
0
0
0
0
0
0
0
0
0
0
0
0
1
0
0
0
0
0
10
14
0
0
0
0
7
9
2
0
0
0
0
0
0
0
0
0
0
0
0
0
1
15
29
11
7
3
2
70
110
57
114
174
78
49
90
74
28
9
30
30
13
15
20
12
0
1
1
1
0
2
5
11
11
8
10
24
40
47
37
58
81
127
146
294
669
684
701
715
481
347
316
306
262
177
123
151
105
87
84
72
53
58
49
27
44
149
207
139
107
105
130
149
133
113
86
73
80
57
72
77
40
8
1
5
22
78
77
54
47
28
32
43
41
22
16
5
7
12
8
3
3
5
5
5
6
11
16
8
8
5
4
1
0
2
1
2
3
2
0
1
0
0
0
0
1
2
2
8
4
11
22
65
79
67
100
124
128
119
146
161
187
180
198
201
192
174
186
181
188
208
256
277
335
383
386
376
390
383
346
271
187
146
119
74
24
19
11
6
10
7
26
61
54
33
14
7
13
5
5
1
6
2
1
4
0
0
0
0
0
0
0
0
0
1
2
6
1
3
1
8
24
29
30
16
11
6
1
0
0
0
4
1
4
3
13
12
9
9
5
5
12
2
0
0
1
0
0
0
0
0
3
1
0
17
0
1
3
4
2
5
0
7
0
0
3
4
1
0
4
5
4
3
7
30
72
122
116
81
38
32
93
96
64
33
19
29
38
66
58
58
56
57
41
65
93
114
108
116
95
84
98
63
26
122
165
129
81
19
1
38
67
79
87
85
62
25
11
22
29
52
77
80
57
43
36
11
30
56
41
10
5
5
24
27
76
61
19
9
31
73
130
138
131
99
94
99
107
786
187
165
142
154
164
141
426
52
81
148
180
163
110
91
59
54
19
15
20
43
72
43
19
8
3
0
1
10
67
237
612
1025
1334
1706
2056
2236
2338
2508
2595
2727
2918
3204
3249
3291
3029
2632
1823
1297
1006
1135
1040
823
692
487
305
312
343
206
169
293
400
423
282
279
366
331
306
486
705
738
690
568
506
545
584
540
379
207
193
363
509
453
347
230
149
188
185
89
26
57
188
229
118
64
38
136
89
39
87
163
167
132
96
100
159
197
152
172
228
277
298
375
435
422
393
277
220
198
178
179
235
252
158
61
40
16
20
7
1
4
21
9
1
3
13
0
0
0
7
24
35
42
47
59
58
77
127
162
200
192
86
23
19
44
57
43
28
10
1
0
0
0
0
0
0
0
0
0
11
49
66
61
45
39
50
45
42
19
11
9
6
4
0
0
0
0
0
0
0
0
0
0
0
0
0
0
0
0
0
0
0
0
0
0
2
1
2
2
2
6
1
1
0
0
0
0
0
0
0
0
0
0
0
0
0
0
0
0
0
1
2
1
2
0
0
0
0
0
4
4
0
0
0
0
0
0
0
0
2
8
5
3
3
4
7
24
27
10
0
4
2
1
4
112
310
513
816
989
1220
1234
1181
931
1335
1661
1779
1171
947
984
1095
849
688
693
709
642
643
713
834
907
909
882
788
708
512
361
247
235
227
141
107
104
113
93
93
55
72
70
52
31
26
19
12
25
28
29
19
33
28
14
57
102
114
115
107
80
76
123
139
54
10
9
12
29
25
15
9
6
10
23
23
21
25
7
4
8
21
28
20
13
12
19
38
43
28
28
30
24
23
13
15
15
21
62
75
45
19
5
7
11
11
13
13
12
14
38
49
48
43
44
38
31
25
14
16
17
17
0
6
17
28
23
17
12
8
10
48
62
71
78
73
61
97
157
221
226
183
146
119
121
88
100
104
76
51
49
49
26
9
5
9
28
39
32
12
2
2
11
30
29
16
19
42
35
14
3
7
21
23
22
27
14
7
2
1
0
3
10
10
13
0
4
9
0
2
8
23
48
70
78
44
123
146
76
27
45
46
20
3
0
1
0
0
0
0
0
0
0
0
0
4
12
19
40
41
61
78
96
89
78
60
44
40
33
21
22
25
30
31
25
23
13
6
1
0
0
0
0
0
0
0
0
0
0
0
0
0
0
0
0
0
0
0
0
0
0
6
54
85
55
5
0
31
105
100
34
53
109
75
38
23
31
36
27
31
37
58
56
33
10
0
24
78
116
152
157
116
26
3
30
56
63
33
66
75
42
11
2
14
17
3
1
0
14
32
37
18
15
24
22
22
3
3
26
65
125
172
169
138
11
47
32
12
50
58
21
29
54
62
49
34
20
24
17
21
15
8
7
2
4
3
7
18
31
17
14
29
41
58
97
218
307
386
456
578
644
736
884
935
978
986
1050
1174
1241
1479
1780
2110
2330
2244
2169
2077
1745
1274
1147
924
706
391
273
415
426
625
794
1354
1670
1848
1965
2074
2061
1831
1139
523
939
877
690
577
560
230
245
455
862
1382
1493
1166
705
218
65
45
32
27
40
136
139
104
56
116
256
271
193
113
113
184
224
175
83
92
119
102
27
36
85
113
49
14
45
78
167
202
70
44
67
89
39
26
47
93
69
44
6
33
67
61
25
4
12
28
23
8
8
52
71
68
55
60
75
78
50
55
82
104
109
80
71
55
37
29
24
14
6
5
4
2
0
0
0
0
0
5
0
0
0
0
0
0
0
0
0
1
5
10
9
7
4
7
13
15
41
24
12
4
0
0
0
0
0
0
0
0
0
0
0
8
2
4
12
11
0
0
0
0
0
0
0
0
0
0
0
0
0
0
0
0
0
0
0
0
0
0
0
4
5
0
1
0
0
0
0
0
0
0
0
2
0
0
0
0
6
6
0
0
0
0
0
0
0
0
0
0
0
0
0
0
0
0
0
0
0
0
0
0
0
0
9
22
0
1
3
0
0
0
0
0
0
0
0
0
0
0
0
0
0
0
0
0
0
0
0
0
0
0
0
0
0
0
0
0
0
0
0
0
0
0
0
0
0
0
0
5
4
5
24
42
46
64
84
75
97
98
121
198
264
335
332
300
280
245
258
273
315
286
293
329
345
329
346
310
317
295
248
214
161
142
107
74
38
28
3
0
0
0
0
0
0
0
1
2
1
0
3
0
0
2
1
0
0
1
0
0
0
0
0
0
0
0
0
0
0
0
0
0
0
0
0
0
0
0
4
0
0
0
0
0
0
0
0
0
19
53
135
95
11
16
34
30
24
50
44
12
3
35
10
19
8
0
1
0
0
0
0
0
0
0
0
0
0
0
0
7
6
0
3
0
2
1
0
0
0
0
0
0
1
0
3
4
5
4
44
106
140
198
183
134
74
90
93
87
113
304
667
1063
1419
1659
1905
1948
2117
2047
1806
2391
3100
3522
3664
4490
5164
5756
6080
6201
6329
6273
6028
5747
5149
4152
3192
2460
2111
1830
1525
1224
1090
910
692
639
751
846
995
1244
1248
1803
2194
2069
1718
865
414
640
671
604
479
185
76
253
305
163
9
5
83
94
34
4
1
0
0
2
45
113
135
89
33
0
0
2
16
6
1
0
7
27
66
114
149
111
47
8
3
6
0
1
0
3
3
22
71
150
217
203
222
199
109
47
31
31
24
36
33
29
26
26
14
7
4
8
5
2
0
1
0
0
0
0
1
0
3
8
3
0
0
0
0
0
0
0
0
0
3
13
85
117
17
28
181
127
53
421
635
436
128
41
56
31
52
185
216
73
0
18
64
37
69
294
319
98
0
9
70
75
108
284
270
73
2
2
37
37
11
138
211
128
2
0
21
32
4
29
70
35
1
0
2
2
3
0
1
2
4
5
1
0
1
0
0
0
0
0
0
0
0
0
0
0
0
0
0
2
5
5
0
0
0
0
6
9
7
12
18
53
78
53
42
85
122
142
161
129
95
52
49
54
52
39
21
25
20
23
7
2
2
0
1
0
0
0
0
0
0
1
1
1
0
0
6
1
0
1
0
1
2
23
10
2
2
1
1
0
2
1
0
0
1
0
1
0
0
0
4
7
0
0
0
13
20
8
2
6
12
12
11
26
34
25
25
34
52
79
88
107
102
150
191
263
278
270
280
333
334
299
254
263
213
138
68
32
31
71
99
187
321
533
906
1147
1183
1343
1422
1629
1688
1613
1553
1404
1539
1505
1492
1431
1352
1298
1316
1150
921
641
531
670
850
882
971
890
848
1019
1494
1905
2141
2295
2429
2704
2996
3264
3620
3813
3777
3873
4039
4243
4331
4305
4137
3881
3674
3437
3139
2797
2323
1885
1456
1219
1062
968
780
729
1168
1544
1704
1541
1264
922
432
620
768
822
759
531
408
408
422
473
607
706
742
659
563
416
287
173
147
140
160
165
142
38
13
5
76
192
262
261
82
42
78
105
190
243
197
102
105
119
97
53
25
6
3
0
2
0
0
0
20
5
0
10
14
18
9
1
0
6
0
0
0
0
0
2
0
4
10
1
13
3
4
0
0
0
5
10
0
2
11
11
1
3
16
71
113
102
46
32
7
1
11
10
8
9
0
22
44
3
13
51
103
199
219
177
187
177
137
43
30
24
27
24
23
21
18
15
10
10
29
33
75
166
264
363
441
464
501
422
340
228
160
61
2
3
23
50
94
137
193
207
231
239
268
271
237
200
144
81
50
17
12
24
48
107
124
104
84
44
30
6
2
3
1
0
2
9
23
41
14
8
11
7
15
70
109
85
59
26
7
11
14
11
8
1
0
0
0
0
0
0
0
0
0
0
4
2
10
32
62
124
143
154
134
104
58
5
9
16
13
12
5
7
4
4
10
6
1
0
4
21
11
38
262
733
814
531
132
294
794
987
911
766
789
1193
1270
980
412
96
224
282
152
90
145
205
509
893
1242
1406
1412
1352
1052
680
597
774
976
780
346
93
155
365
584
635
510
264
197
239
306
426
635
654
648
1027
1425
1510
1048
380
120
80
51
18
154
284
296
193
58
5
4
5
1
5
2
2
1
0
0
0
0
0
0
0
1
9
14
30
53
84
118
172
199
246
267
313
340
354
357
315
306
266
229
181
139
109
69
41
23
18
18
10
6
1
0
0
0
0
1
0
0
0
0
1
0
0
0
0
0
0
0
0
0
0
0
0
0
0
0
0
0
0
0
1
1
0
0
0
0
0
0
0
0
0
2
0
1
0
0
4
4
5
11
18
35
39
68
92
96
53
30
9
8
1
0
2
12
9
26
21
31
45
86
94
78
66
79
44
48
42
52
42
28
22
16
14
10
4
2
0
0
0
0
0
1
3
1
5
11
8
16
18
17
25
40
28
41
42
37
29
20
34
35
31
18
7
6
2
1
0
0
0
0
0
0
1
0
0
0
0
3
0
0
0
0
0
0
0
0
2
0
0
0
0
0
0
0
0
0
0
0
0
0
0
0
0
0
0
0
0
0
0
1
0
3
0
0
0
0
0
0
0
0
0
0
0
0
0
0
1
4
1
2
0
3
5
7
8
5
7
4
1
0
0
0
1
0
0
0
0
0
0
0
0
5
17
0
0
2
1
1
5
6
3
3
5
0
1
0
0
0
0
0
0
0
0
0
0
0
0
0
0
0
0
0
0
0
0
0
0
0
0
0
0
0
0
0
0
0
0
0
0
0
0
0
13
8
0
0
83
190
231
227
177
68
2
3
103
199
280
293
301
230
107
0
9
185
212
229
192
124
33
1
4
110
201
228
225
158
36
1
2
69
153
166
169
85
16
0
5
88
208
230
218
181
87
0
0
51
172
159
148
113
35
1
0
11
70
144
110
62
13
0
0
35
136
165
231
231
162
65
26
127
161
138
66
2
1
17
84
69
33
7
0
1
14
70
149
116
31
0
5
119
159
143
88
14
0
7
68
131
98
23
0
0
41
62
41
18
2
0
2
35
74
44
8
20
58
104
89
37
6
0
1
22
39
40
15
40
56
23
12
1
0
0
1
6
6
0
0
5
12
8
1
0
0
2
4
3
0
0
0
0
0
0
0
0
0
3
4
7
39
120
136
86
9
3
1
1
0
0
16
8
2
11
35
4
0
8
1
0
2
0
0
0
0
0
2
0
2
14
0
13
12
2
0
0
0
0
1
0
31
43
7
10
11
0
0
0
4
5
8
2
0
0
0
0
1
0
2
1
23
207
303
165
24
12
82
75
13
39
260
248
70
3
5
83
19
68
112
277
408
601
760
865
897
737
555
341
65
17
28
95
113
83
58
12
1
0
0
0
0
0
0
5
7
21
48
19
0
25
117
8
0
72
126
79
43
39
75
106
63
47
74
88
16
16
59
32
0
1
6
0
0
0
0
5
69
294
472
322
208
502
891
1052
898
702
666
597
443
280
118
26
5
3
11
18
12
3
7
8
15
6
5
3
1
3
1
4
5
3
3
2
0
0
0
0
2
0
0
0
0
0
0
0
0
0
0
0
0
0
3
0
0
0
1
0
1
2
10
3
2
2
1
0
0
1
0
0
0
0
0
0
34
139
91
0
15
15
8
0
0
0
1
0
0
0
0
0
16
82
96
13
0
0
0
0
0
1
0
0
1
1
0
0
1
0
0
0
4
6
0
0
1
12
4
1
0
0
0
0
0
0
0
0
0
1
2
3
3
7
7
9
4
0
3
0
0
0
1
1
0
0
0
0
0
0
0
0
0
0
0
0
11
16
12
0
0
0
0
0
3
1
2
2
2
3
4
6
6
9
38
3
5
2
3
6
7
3
2
6
2
2
2
0
2
0
0
0
0
0
0
0
0
0
0
0
0
0
0
0
0
0
0
0
0
0
0
0
0
0
0
1
7
9
12
9
12
9
10
13
8
15
16
15
18
13
10
21
43
67
103
156
141
131
106
73
43
20
28
12
0
0
0
0
0
1
5
3
0
0
1
1
11
2
0
0
0
0
1
0
0
1
1
0
7
13
0
3
0
0
0
0
0
1
0
0
0
0
0
0
0
2
7
16
15
2
2
0
0
0
0
0
0
0
0
0
0
0
0
3
0
0
0
0
0
3
0
0
0
0
0
0
0
0
0
3
1
0
0
0
0
0
1
0
3
0
0
0
0
0
0
0
0
0
0
0
0
0
0
0
0
0
0
0
0
0
0
0
0
0
0
0
0
0
0
0
0
0
10
0
0
1
0
0
0
0
0
0
0
0
0
0
0
0
0
0
0
0
0
0
1
0
0
0
0
0
0
0
0
0
0
0
0
0
0
0
0
0
0
0
1
0
0
0
0
0
0
0
0
0
0
0
1
1
0
0
0
0
0
0
0
1
0
0
0
0
0
0
0
0
0
0
0
0
0
0
0
0
0
0
0
0
0
0
0
0
0
0
0
0
0
0
0
0
0
0
0
0
0
0
0
0
0
0
0
0
0
0
0
0
0
0
0
0
0
0
0
0
0
0
4
18
0
0
4
1
0
0
0
0
0
0
0
0
0
1
0
0
0
0
9
2
2
3
7
5
4
0
2
0
0
0
0
0
0
0
0
0
0
0
0
0
0
0
0
0
0
0
0
0
0
0
0
0
0
0
0
0
0
0
0
0
0
0
0
0
0
0
0
0
0
0
0
0
0
0
0
2
1
3
3
2
2
4
1
3
0
0
0
0
0
0
0
0
0
0
0
0
0
0
0
0
3
5
28
53
74
119
162
261
371
513
605
620
611
578
495
349
222
164
132
103
116
96
86
86
118
99
33
40
59
40
15
14
75
238
549
639
722
889
907
638
358
182
179
175
95
64
67
72
32
11
2
1
0
0
0
0
0
0
0
0
0
0
0
0
0
0
0
0
1
0
1
1
2
11
12
13
21
18
531
56
30
41
40
17
24
22
18
21
135
13
12
0
7
11
0
0
0
2
14
27
13
2
1
0
5
6
2
0
0
0
0
3
11
27
14
0
10
31
41
194
448
668
956
1386
2039
2384
2311
2018
1900
1554
1414
909
624
408
159
312
476
460
261
297
419
398
255
337
412
358
171
248
295
244
267
248
355
455
556
733
972
1113
1087
987
670
379
440
509
406
227
116
126
485
856
1103
1325
1336
1128
925
922
995
799
636
572
663
609
503
352
321
351
435
467
521
611
681
859
950
1149
1269
1220
1104
976
832
519
352
413
414
349
345
410
396
407
402
302
200
161
244
275
256
165
187
192
80
48
185
333
369
359
283
113
26
177
213
116
29
97
219
299
468
669
945
1221
1344
1285
1169
892
426
127
39
24
88
251
332
285
202
171
198
165
51
15
12
16
14
7
18
34
34
33
22
12
10
23
20
18
19
33
25
14
8
13
15
10
10
9
2
0
0
0
0
0
0
0
0
2
2
5
1
0
0
4
18
21
19
2
0
0
0
0
2
7
17
1
0
3
9
14
6
2
0
0
0
7
26
35
18
10
2
0
0
0
0
0
0
0
0
0
0
0
0
2
4
0
1
1
4
2
0
5
6
31
23
9
14
24
11
0
1
0
2
2
4
1
6
12
6
10
14
7
0
0
1
0
0
0
0
0
0
3
1
0
0
0
1
0
0
0
0
0
1
0
2
6
4
10
12
1
1
0
0
1
0
0
0
0
1
0
1
10
12
9
10
2
5
50
73
42
27
15
17
21
14
17
14
21
49
51
64
70
74
70
52
35
51
71
50
48
41
24
10
2
0
0
0
0
0
0
0
0
5
11
20
47
130
263
511
689
644
471
381
243
158
43
23
69
76
59
71
95
86
173
261
297
388
523
606
523
399
262
172
36
72
101
96
90
99
129
110
116
115
42
34
110
165
168
128
68
14
31
73
103
128
90
0
59
118
169
133
11
171
195
91
22
43
86
88
71
85
72
45
55
102
104
96
102
82
25
46
80
97
100
12
45
164
133
11
8
2
8
7
3
25
52
95
124
35
45
84
42
89
169
146
30
130
242
657
1073
1039
780
714
691
537
342
126
78
51
18
4
9
55
64
72
28
17
36
21
91
191
260
316
412
464
479
429
346
195
74
135
172
214
219
221
205
331
231
450
556
515
481
535
483
361
204
60
51
19
13
28
16
99
113
35
29
60
68
52
55
56
18
3
1
4
0
2
1
3
13
11
13
52
66
97
89
98
63
57
66
82
66
62
69
91
136
114
68
41
45
81
37
15
18
6
12
26
44
60
36
41
65
70
11
44
33
3
4
2
1
42
32
0
4
33
35
18
6
29
53
18
48
96
75
26
43
67
35
8
7
4
3
21
18
12
28
37
61
63
60
72
39
75
65
119
100
55
29
36
55
62
41
34
76
69
66
122
119
153
110
24
12
20
21
17
35
71
72
32
45
71
109
186
288
248
209
147
145
176
255
288
249
145
81
100
141
176
225
265
312
285
148
128
137
147
128
67
35
27
9
9
4
42
183
240
121
69
54
42
46
39
39
15
14
41
32
25
7
15
17
2
3
0
0
4
3
17
123
296
545
815
929
764
657
553
377
223
182
172
171
165
173
210
267
444
487
424
186
209
241
288
234
188
189
148
67
45
36
4
46
68
86
114
86
15
118
171
110
54
126
213
250
204
150
62
45
71
37
17
49
8
51
50
25
98
179
173
85
156
166
72
36
34
87
56
14
25
22
26
11
7
2
0
0
2
7
6
8
2
14
8
14
9
18
33
20
11
8
9
8
27
21
27
7
0
0
3
0
0
2
0
0
0
0
0
8
0
0
1
15
0
9
4
0
0
0
1
6
5
5
1
0
0
0
0
0
0
0
3
0
0
0
0
0
0
0
0
0
0
0
0
2
1
1
0
2
0
12
30
37
3
3
5
3
2
2
4
0
0
0
0
0
0
0
0
0
0
0
0
0
0
0
0
0
0
0
1
4
5
0
0
0
0
0
0
0
0
0
0
0
15
0
0
3
2
3
7
0
1
1
0
0
0
0
0
0
0
0
0
0
1
0
0
0
0
0
2
1
1
0
2
5
6
6
2
8
11
6
6
1
1
0
0
0
0
0
0
0
0
0
0
1
0
0
0
0
0
0
6
5
5
3
6
7
3
8
9
5
2
3
1
1
0
0
3
0
0
0
2
1
1
0
0
0
0
0
0
0
0
0
0
1
0
5
4
3
11
7
19
22
22
7
3
1
0
0
0
0
0
0
0
0
0
0
0
0
8
9
0
0
0
0
0
0
1
7
17
30
19
17
48
88
68
11
1
10
2
3
6
7
2
0
0
1
0
0
0
0
0
0
0
0
0
0
0
0
0
1
1
0
4
3
8
5
0
1
0
2
2
0
0
0
0
2
6
0
0
0
0
1
21
84
60
16
4
3
27
61
27
3
0
2
4
13
4
2
0
0
6
16
13
1
0
0
4
15
9
3
0
0
1
1
4
0
0
0
0
0
0
0
0
0
0
0
0
0
0
0
0
0
0
0
0
0
9
7
1
0
2
11
16
33
75
103
210
256
200
221
214
247
331
448
602
795
930
1207
1634
1928
2248
2550
2897
3168
3460
3660
3800
3854
3908
3815
3743
3825
3794
3933
4159
4408
4834
5084
4961
5126
5188
4727
3663
3147
2811
2432
2432
2767
2990
2832
2171
1502
1163
1865
1905
1927
2524
3630
3917
3259
2426
1929
2353
2623
2428
2328
2387
2610
2422
2393
2328
2380
2251
2147
2148
1923
1902
1724
1682
1409
1281
1141
903
681
421
297
179
163
100
101
70
14
2
0
1
0
0
0
0
1
0
0
1
3
1
2
0
10
90
412
647
728
571
137
52
677
1313
1252
568
18
93
222
39
6
94
141
14
16
27
5
35
25
2
64
57
9
63
290
189
7
86
423
255
5
286
680
405
71
27
76
79
27
103
118
76
26
11
10
22
42
80
152
134
69
205
319
273
112
20
7
31
100
174
158
49
1
0
0
1
0
3
12
28
23
13
4
0
0
0
0
0
0
25
14
0
0
2
3
2
4
14
24
15
10
6
25
31
29
20
14
18
16
8
17
8
0
0
0
2
1
2
1
1
7
14
11
16
29
32
41
19
10
4
3
0
0
1
11
29
46
20
4
0
1
2
1
0
0
1
4
5
4
1
0
0
0
0
0
0
1
0
0
0
1
9
22
46
35
24
11
1
0
0
0
0
0
0
0
0
0
0
0
0
0
0
0
0
0
0
0
0
0
5
33
106
191
256
275
234
205
128
49
17
5
10
2
0
0
0
0
0
0
0
0
0
0
0
10
11
2
0
2
0
0
0
0
0
1
1
0
0
29
44
12
0
4
10
15
26
32
27
7
0
0
0
0
0
0
0
0
0
0
0
0
0
0
0
0
6
29
64
39
50
80
98
52
310
308
67
36
4
0
0
0
0
0
0
0
3
1
1
2
0
4
27
141
242
291
331
362
297
199
82
37
2
0
0
0
0
0
0
0
0
0
0
0
1
4
4
1
1
0
0
0
0
0
1
1
1
0
0
0
0
0
0
0
0
0
0
0
0
0
0
0
0
0
0
8
31
29
10
21
35
17
0
6
0
0
0
1
11
20
0
1
25
38
30
11
0
0
0
0
0
4
11
37
59
36
22
4
0
0
0
0
20
130
349
576
736
990
1152
1276
1441
1607
1653
1631
1543
1437
1352
1180
1016
1001
864
662
433
548
839
1247
1560
1716
1963
2052
2073
2113
2038
1968
1852
1745
1528
1425
1335
1216
998
716
415
143
89
75
119
277
355
429
453
441
485
402
372
362
344
328
315
313
228
120
60
29
3
11
1
0
0
0
1
0
0
2
0
3
14
19
27
22
24
21
33
29
26
16
3
4
1
1
6
3
1
0
0
0
2
2
1
5
5
2
0
3
0
0
0
0
0
0
0
1
1
0
0
0
0
0
0
0
1
1
0
0
0
0
0
0
2
0
1
0
1
0
0
13
0
0
0
0
0
0
0
0
0
0
0
0
0
0
2
0
0
0
0
0
0
0
0
0
0
0
0
0
0
0
0
0
0
0
0
1
0
0
0
0
0
1
0
0
0
0
0
0
0
0
0
0
0
0
0
0
0
0
0
0
0
14
48
25
13
0
0
0
8
7
13
0
2
0
0
0
0
0
0
0
0
0
0
0
0
0
0
0
0
0
0
0
0
0
19
43
39
13
31
31
6
9
8
85
123
50
14
9
21
32
47
62
78
67
46
33
20
23
13
15
20
19
20
259
994
1828
1934
1878
2286
3076
3670
3968
3697
3744
3367
2924
2579
2901
3028
3163
3128
3061
2921
2877
3071
3059
3004
2652
1904
1077
792
899
1012
1085
1006
862
642
327
524
863
905
676
569
556
531
515
465
442
418
351
357
422
616
691
780
636
629
865
1051
1066
861
598
879
852
541
261
78
89
401
600
618
524
348
414
404
153
160
147
88
74
164
198
146
170
285
359
375
284
143
179
333
292
75
299
269
101
69
55
61
72
67
26
20
61
115
105
98
46
73
94
43
180
270
169
64
73
113
39
58
133
115
39
29
46
76
122
158
148
118
51
6
12
86
115
92
60
52
19
89
155
88
29
69
62
67
34
2
0
0
1
20
5
2
0
0
0
1
3
7
5
1
3
4
4
5
2
2
14
6
0
0
2
6
2
0
0
0
1
0
0
0
0
0
0
0
0
0
1
6
9
0
0
2
34
119
102
86
135
287
404
459
445
486
425
418
265
252
160
45
14
24
5
2
21
3
7
54
31
24
33
47
82
132
204
268
339
379
468
587
746
1014
1365
1982
2721
3174
4749
5844
6109
5420
4816
4734
4569
4403
4360
3951
3998
4257
4496
4718
5261
5340
4891
4299
2393
2322
3064
3557
3228
2460
1471
818
580
754
1286
1900
2346
2704
2985
3189
3217
3030
3056
3260
3416
3358
3184
2840
2348
1947
1627
1440
1488
1643
1786
2041
2476
2940
3548
4009
4346
4717
4541
4236
3257
2388
2097
1775
1500
1422
1245
1043
736
356
136
225
311
687
1234
2060
2503
2369
1691
1142
536
352
583
580
358
269
316
319
188
133
127
173
175
162
174
168
173
142
102
68
30
24
25
47
44
76
83
67
37
41
55
46
32
8
0
0
0
0
0
0
0
0
0
0
3
1
0
0
0
0
0
0
0
0
0
0
0
0
0
0
0
0
0
0
0
0
0
0
0
0
0
0
0
7
10
0
2
4
2
0
1
0
0
0
0
0
0
1
4
7
10
2
0
0
0
0
0
0
0
2
3
1
0
0
0
0
0
0
0
0
0
0
0
0
0
0
0
0
0
0
0
7
10
0
1
3
0
0
0
0
0
0
3
5
8
27
33
29
34
13
13
16
1
0
2
0
0
0
0
0
0
0
0
0
0
0
0
0
0
0
0
0
0
2
2
3
0
4
5
4
1
1
1
1
0
2
0
0
0
0
0
0
72
397
635
435
38
25
226
318
225
34
314
557
306
79
52
222
314
196
44
58
80
87
11
15
32
45
66
26
0
9
21
13
28
59
41
22
6
6
6
6
1
3
1
0
0
0
0
0
0
0
0
0
0
0
0
0
0
0
0
0
0
0
0
0
3
1
0
0
0
0
0
0
0
0
0
0
0
0
0
0
0
0
0
0
0
0
0
0
0
0
0
0
0
0
0
0
0
0
0
0
0
0
0
0
0
0
0
0
0
0
0
0
0
0
0
0
0
0
0
0
0
0
0
0
0
0
0
0
0
0
0
0
0
0
0
0
0
0
0
3
0
0
0
0
0
0
0
0
0
0
0
0
0
0
0
2
0
0
1
2
2
5
8
1
0
0
0
0
0
0
0
0
0
0
0
0
0
1
1
0
0
0
0
0
1
7
32
21
0
0
0
0
0
0
1
0
1
1
2
1
0
0
0
1
1
0
0
8
59
162
346
484
580
627
647
618
779
1038
1108
1056
902
703
587
444
220
85
35
25
14
0
0
4
1
0
0
0
0
0
0
0
3
2
2
0
3
0
9
13
4
9
2
2
4
4
2
1
1
0
0
0
0
0
0
0
0
0
0
3
0
0
0
1
0
0
0
0
0
0
0
0
0
0
0
0
0
0
0
0
0
0
0
0
0
0
0
0
0
0
0
0
0
0
0
0
0
0
0
0
0
0
0
0
0
0
0
0
0
0
0
0
0
0
0
0
0
0
0
0
0
0
0
0
0
0
0
0
0
0
0
3
0
0
0
0
0
2
0
0
0
0
0
0
0
0
0
0
0
0
0
0
0
0
0
0
2
2
2
1
1
3
5
0
3
2
4
8
20
33
12
4
1
9
21
35
25
8
0
0
2
12
32
21
6
0
4
11
19
10
3
0
0
2
8
16
5
2
0
0
3
4
0
0
0
1
0
0
0
0
0
0
0
0
0
0
7
24
38
26
13
0
4
17
47
69
75
59
38
22
3
0
0
0
0
0
0
0
0
0
0
0
0
0
0
0
0
0
6
0
0
0
0
1
1
4
0
5
6
4
2
0
0
0
0
0
0
0
0
4
1
6
3
4
7
5
4
12
3
4
5
3
1
0
0
0
0
0
0
0
0
46
52
19
19
41
9
3
6
0
5
0
0
0
0
0
0
0
0
2
15
33
57
47
32
11
2
1
0
0
0
0
0
0
0
0
0
2
1
0
0
0
0
0
0
0
0
0
1
0
3
3
9
8
10
0
0
0
0
0
0
0
0
0
0
0
0
0
0
0
0
2
0
0
0
0
1
0
0
0
0
0
0
0
3
4
3
1
2
3
0
0
2
3
4
1
1
0
0
0
0
0
0
0
0
0
0
0
0
1
0
0
0
8
0
0
0
0
0
0
0
0
0
0
0
0
0
0
0
0
0
0
0
0
0
0
0
0
0
0
0
0
0
0
3
0
0
0
0
0
0
0
0
0
0
0
0
0
0
0
0
0
0
0
0
0
2
0
1
0
0
0
0
0
0
0
1
14
28
33
28
1
25
81
110
53
8
1
32
95
110
43
2
14
41
69
24
4
1
15
30
32
11
0
1
23
19
0
0
14
16
14
3
12
33
30
19
10
14
25
19
13
0
0
3
1
0
0
0
0
0
0
0
0
0
0
0
0
0
0
0
0
0
0
0
0
0
0
0
0
0
0
11
3
8
6
0
0
0
0
1
1
2
1
0
0
0
1
4
15
7
5
1
0
0
0
0
0
0
0
0
0
0
0
0
0
0
1
0
2
1
0
0
2
0
1
0
0
0
0
0
0
0
0
0
0
0
0
0
0
0
0
0
0
0
0
3
5
0
0
0
0
0
0
0
0
0
0
0
0
0
0
0
0
0
0
0
0
0
0
0
0
0
0
0
0
0
0
0
0
0
0
0
0
0
0
0
0
0
0
0
0
0
0
0
0
0
0
3
9
1
0
0
0
0
0
0
0
0
0
0
0
0
0
0
0
0
0
0
0
0
0
0
0
0
1
9
1
0
0
0
0
0
0
0
0
0
0
0
0
0
0
0
0
0
0
13
2
0
9
74
189
317
504
694
812
800
741
655
558
497
424
374
369
381
399
363
364
330
346
407
421
365
336
297
309
292
305
345
275
326
291
295
293
256
276
233
236
137
151
148
140
104
68
29
6
0
0
0
3
8
13
18
40
72
134
200
297
323
383
382
294
254
225
161
148
116
92
74
63
57
54
50
53
42
71
207
348
452
429
288
100
124
143
185
181
146
44
34
77
178
291
232
83
8
8
84
138
170
75
31
252
463
451
178
7
135
327
155
18
248
487
370
76
8
67
100
10
4
4
2
0
51
82
15
104
417
630
337
27
253
359
65
17
184
205
100
13
2
8
29
116
193
173
84
43
14
7
5
0
0
0
5
12
21
97
283
689
1043
1491
1846
2221
2393
2549
2682
2821
2945
3045
3116
3051
2856
2222
1482
1029
954
975
912
959
1278
1524
1609
1650
1623
1487
1342
1080
761
621
439
354
305
208
179
332
475
597
781
1004
1450
1917
2475
2961
3438
3909
4415
4806
5218
5478
5786
5848
5848
5893
5959
5973
5841
5635
5289
5033
4745
4320
3827
3080
2195
1188
683
815
1318
1659
1974
2222
2389
2457
2286
2143
2040
2086
1907
3193
1668
1338
1180
1148
949
1138
1331
1146
980
943
843
571
489
680
683
715
752
717
550
445
428
396
325
235
190
144
45
5
4
2
6
3
1
1
0
0
0
0
0
0
0
0
0
0
0
0
0
0
0
0
0
0
0
0
0
0
0
0
0
0
11
2
0
0
0
0
0
0
0
0
0
0
0
0
0
0
0
0
0
0
0
0
0
0
0
0
0
0
0
0
0
0
0
0
0
0
1
0
0
0
0
0
14
9
0
2
2
0
0
0
0
0
0
0
0
0
0
0
0
0
0
0
0
2
0
0
0
0
0
0
0
0
0
0
0
0
0
0
0
0
0
0
0
0
0
0
1
0
1
0
0
0
0
1
0
0
0
0
0
0
0
0
0
0
0
0
0
0
0
0
0
0
0
0
0
0
0
0
0
0
0
0
0
1
3
4
7
2
0
0
0
0
0
0
0
0
0
10
13
0
0
2
0
0
0
0
0
0
0
0
0
0
0
0
0
0
0
0
0
0
0
0
0
1
1
0
0
1
0
0
0
0
0
0
0
0
0
0
0
0
0
0
0
0
0
0
1
2
23
25
0
12
16
16
22
4
0
0
6
2
0
0
0
1
16
27
3
0
1
3
2
0
0
0
0
0
0
0
0
0
1
0
0
3
0
6
15
9
0
0
0
0
0
2
9
19
25
6
0
2
2
0
1
2
13
22
11
9
4
0
0
0
0
0
0
0
0
0
1
0
0
0
0
0
0
0
0
0
0
0
0
0
0
0
0
0
0
0
0
0
0
0
0
0
0
0
0
0
0
0
0
5
0
0
0
0
0
0
0
0
0
0
0
0
0
0
0
0
0
0
0
0
0
0
0
0
0
0
0
0
0
0
0
0
0
0
17
0
0
0
1
0
0
0
0
0
0
0
0
0
0
0
0
0
0
0
0
0
0
0
0
0
0
0
0
0
0
0
0
0
0
0
0
0
0
0
0
0
0
0
0
23
22
0
7
51
52
6
2
11
12
2
0
0
0
0
0
0
11
17
7
0
0
0
0
0
0
0
0
0
0
0
0
0
0
0
0
0
0
0
0
0
0
0
0
0
0
0
0
0
0
0
0
0
0
0
0
0
0
0
0
0
0
0
0
0
0
0
0
0
0
0
0
5
0
1
2
0
0
0
7
10
0
6
10
8
0
0
0
2
0
0
0
0
0
2
1
0
3
1
0
0
0
0
0
0
15
33
20
8
1
0
0
0
0
0
1
0
2
1
0
0
0
0
0
0
0
0
0
0
6
8
3
0
0
4
12
9
5
1
0
0
0
0
0
0
0
0
0
0
0
0
0
0
0
0
0
0
0
0
0
0
0
0
0
0
0
0
0
1
0
0
0
0
0
0
0
0
0
0
0
0
0
0
0
0
0
0
0
0
0
0
0
0
0
0
0
0
0
5
9
4
3
8
0
5
30
15
3
21
4
5
7
2
0
0
1
2
0
1
2
0
0
0
1
0
0
0
0
0
0
1
0
0
2
0
0
0
0
0
0
0
0
0
0
0
0
0
0
0
0
0
0
0
0
0
0
2
7
6
0
6
0
0
1
5
6
20
12
1
0
0
7
24
48
61
37
26
18
7
1
0
0
0
0
0
0
0
0
1
3
2
3
1
0
0
0
0
0
0
0
0
0
0
0
0
0
0
0
0
0
0
1
0
0
0
0
0
0
0
0
0
0
0
0
0
0
0
0
0
0
0
0
0
0
0
1
0
0
0
0
0
0
0
0
0
0
0
0
0
0
0
0
0
0
0
0
0
0
0
0
0
0
0
0
0
0
0
0
0
0
0
0
0
0
0
0
0
0
0
2
1
0
0
0
4
2
3
5
1
0
1
2
4
2
2
4
2
2
2
0
0
0
0
0
0
0
0
0
0
0
0
0
0
0
0
0
2
0
0
0
0
0
0
3
1
0
0
0
0
0
0
0
0
0
0
1
1
0
0
0
0
0
0
0
0
0
0
0
0
0
0
0
0
0
0
0
0
14
17
43
106
282
529
533
349
161
74
68
60
72
175
270
219
91
16
9
48
79
30
47
107
142
94
15
0
17
46
79
14
50
17
10
9
1
0
0
6
12
0
9
12
23
8
0
0
2
11
6
0
0
0
0
0
0
0
0
1
0
0
0
0
10
0
0
0
0
0
0
0
0
0
0
0
0
1
0
0
0
0
0
0
0
0
0
0
0
0
0
0
0
0
0
0
0
0
0
0
0
0
0
0
0
8
4
0
0
0
0
6
0
0
0
0
0
0
0
0
0
0
0
2
0
0
0
0
0
0
0
0
0
0
0
0
0
0
0
0
0
0
0
0
0
0
0
0
0
0
0
0
2
0
1
0
0
0
0
0
0
0
0
0
0
0
0
0
0
0
0
0
0
0
0
0
0
0
0
0
0
5
17
0
0
0
0
0
0
0
0
0
1
0
18
2
0
2
2
25
124
76
8
3
22
58
40
18
58
44
19
80
148
14
6
150
71
6
55
77
5
145
369
141
10
28
173
79
23
467
519
131
24
185
313
184
143
405
322
76
130
190
243
158
49
126
80
169
191
134
73
34
108
97
55
129
233
227
176
207
255
316
331
326
501
384
283
869
1444
1628
1406
848
95
514
964
833
182
181
558
299
221
978
1271
792
154
276
364
264
553
980
1054
843
463
253
136
151
142
176
247
509
529
569
757
969
1156
1415
1418
1325
1112
1022
921
854
733
575
434
349
251
124
62
36
21
9
9
25
37
61
39
20
23
13
6
4
1
3
0
2
1
0
0
0
0
0
0
0
0
0
0
0
1
0
0
1
0
0
0
0
0
0
2
0
0
0
0
0
0
0
1
1
0
0
26
46
17
0
0
0
0
0
0
0
0
0
0
0
0
0
0
0
0
0
0
0
0
4
0
13
34
114
166
193
150
70
27
16
0
0
0
1
3
7
7
1
0
0
1
1
2
5
2
3
2
0
2
7
4
5
4
4
2
8
9
18
22
37
42
62
57
49
40
35
16
8
2
0
0
0
0
0
0
2
1
0
0
3
11
20
34
58
70
84
121
126
106
88
48
13
2
1
2
2
0
1
0
0
0
0
0
0
1
0
0
0
0
0
0
0
0
0
0
0
0
0
0
0
0
0
0
0
0
0
0
0
0
0
0
0
0
0
0
0
14
30
31
31
36
51
74
140
250
392
478
507
497
421
373
261
185
73
23
4
0
13
72
113
134
118
38
7
5
1
1
1
0
1
1
5
1
2
0
0
0
0
0
0
0
0
1
74
551
1133
1272
753
81
460
1510
1888
1398
385
345
456
155
30
130
259
62
18
23
28
26
21
15
16
30
57
241
621
709
286
24
184
604
733
408
84
106
139
183
187
74
37
192
246
179
754
1265
1115
466
60
358
408
277
534
110
53
17
20
136
209
134
47
7
0
1
0
0
0
0
0
0
0
0
0
0
0
0
0
7
4
16
22
6
1
17
0
11
5
0
0
1
0
3
5
3
0
0
0
0
0
0
0
0
0
0
1
0
0
0
0
0
0
1
0
0
0
0
0
0
0
0
0
0
0
1
1
0
0
0
0
0
0
0
0
0
0
0
0
0
0
0
0
0
0
0
0
0
0
0
0
0
0
0
0
0
0
0
0
0
0
0
0
1
0
0
0
0
0
0
0
0
0
0
0
0
0
0
0
0
0
0
0
0
0
0
0
0
0
0
0
0
0
0
0
0
0
0
0
0
0
0
0
0
0
0
0
0
0
0
0
0
0
0
0
0
0
0
0
0
0
0
0
0
0
0
0
0
0
0
0
0
0
0
0
0
0
0
0
0
6
11
0
0
0
0
0
0
0
0
0
0
0
0
0
0
0
0
0
0
0
0
0
0
0
0
0
0
0
0
0
0
0
0
0
0
0
0
0
0
0
0
0
0
0
0
0
0
0
0
0
0
0
0
0
0
0
0
0
0
0
0
0
8
2
0
0
0
0
0
0
0
0
0
0
0
0
0
0
0
0
0
0
0
0
0
0
0
0
0
0
0
0
0
0
5
1
0
0
0
0
0
0
0
0
0
0
0
0
0
0
0
0
0
0
8
53
35
11
1
2
38
79
36
0
44
117
48
9
4
6
20
11
0
1
15
15
2
0
0
2
2
0
0
2
1
0
0
0
0
0
0
0
0
0
0
0
0
0
0
0
0
0
0
0
0
0
0
0
0
0
0
0
0
0
0
0
0
0
0
0
0
0
0
0
0
0
0
0
0
0
0
0
0
0
0
0
0
0
0
0
0
0
0
0
0
0
0
0
0
0
0
0
0
0
0
0
0
0
0
0
0
0
0
0
0
0
0
0
0
0
4
9
0
0
0
0
0
0
0
0
0
0
0
0
0
0
0
0
0
0
0
0
0
0
0
0
0
12
11
22
13
1
6
15
2
10
0
1
0
9
0
1
5
19
13
7
16
14
2
0
1
3
0
2
0
5
10
9
10
0
0
7
7
22
29
9
4
32
23
8
4
3
3
4
6
1
3
16
23
12
10
13
5
32
2
9
9
28
45
51
38
25
13
9
4
1
0
0
1
4
6
2
0
0
0
0
0
1
1
3
1
2
1
1
0
0
0
0
0
0
0
0
0
0
1
0
0
0
0
2
3
0
0
0
0
0
0
0
0
0
0
0
0
0
0
0
0
0
0
0
0
0
0
0
0
0
0
0
0
0
3
2
0
1
2
2
8
21
19
10
5
9
0
0
0
0
0
0
0
0
0
0
0
0
0
0
0
0
0
0
1
0
21
1
0
0
0
0
0
0
0
0
0
0
0
0
0
0
0
0
0
0
0
0
0
0
0
0
0
0
0
0
0
0
0
0
0
0
0
0
0
0
0
0
0
0
0
0
0
0
0
0
0
0
0
0
2
0
0
0
0
0
0
0
0
0
0
0
0
0
0
0
0
0
0
0
0
0
0
0
0
0
0
0
0
0
0
0
0
0
0
0
0
0
0
0
0
0
0
0
0
0
0
0
0
0
0
0
0
8
14
6
0
1
8
6
0
0
0
1
0
0
0
0
0
0
0
0
0
0
0
0
0
10
13
1
0
1
1
2
0
15
11
4
9
9
1
0
6
8
0
3
10
24
18
9
13
52
12
7
27
10
0
5
1
2
0
0
0
0
0
0
0
0
5
7
0
0
0
0
0
0
0
0
0
1
7
10
10
2
0
0
0
0
0
7
4
0
6
10
3
0
0
4
5
4
0
0
0
0
0
0
0
0
0
0
0
0
0
0
0
0
0
0
0
0
0
0
0
0
0
0
0
0
0
0
0
0
0
0
0
0
0
0
0
0
0
0
0
0
0
0
0
0
0
0
0
0
0
0
0
0
0
0
0
0
0
0
0
0
0
0
0
0
0
0
0
0
0
0
0
0
0
0
0
0
0
0
0
0
0
0
0
0
0
0
0
0
0
0
0
0
0
0
0
0
0
0
0
0
0
0
0
0
0
0
0
0
0
0
4
10
12
0
0
1
0
0
0
0
0
0
0
0
0
0
0
0
0
0
0
0
0
0
0
0
0
0
0
0
0
0
0
0
2
0
12
52
61
16
0
4
38
39
3
9
9
8
7
0
0
6
13
7
0
0
2
14
0
0
0
1
0
0
0
0
0
0
0
0
0
0
0
0
4
9
0
0
0
0
0
0
0
0
0
0
0
0
0
0
0
0
0
0
0
0
0
0
0
0
0
0
0
0
0
0
0
0
0
0
0
0
0
0
0
0
0
0
0
0
0
0
0
0
0
0
0
0
0
0
1
0
0
0
0
0
0
0
0
0
0
0
0
0
0
0
0
0
0
0
0
0
0
0
0
0
0
0
0
0
0
0
0
0
0
0
0
0
0
0
0
0
0
0
0
0
0
0
0
0
0
0
0
0
5
8
7
1
0
0
0
0
0
0
0
0
7
10
0
0
0
3
8
60
234
407
767
1058
1250
1368
1388
1286
1134
874
670
547
316
166
186
246
199
61
21
43
162
215
174
48
61
146
134
65
18
3
28
90
35
11
5
7
2
0
0
52
104
75
7
0
3
10
6
2
0
0
0
1
0
5
11
10
28
25
18
18
15
16
13
7
2
2
0
1
0
1
0
1
2
6
8
3
4
3
2
0
0
0
0
0
1
11
7
14
20
10
5
6
7
5
9
5
7
5
9
7
6
6
3
2
0
0
0
0
0
0
0
0
0
0
0
0
0
0
0
0
0
0
0
0
0
0
0
0
0
0
0
0
0
0
0
0
0
0
0
0
0
1
2
1
2
0
0
4
15
10
1
0
0
3
0
0
0
0
0
0
0
0
0
0
1
0
0
0
0
1
9
7
9
7
0
0
0
0
1
0
0
0
1
0
0
2
0
0
0
0
0
0
0
0
0
2
1
1
1
1
0
0
0
0
0
0
0
0
0
0
0
0
0
0
0
0
0
0
1
0
1
0
0
0
0
2
0
1
0
0
0
0
0
0
0
0
0
0
0
0
2
0
0
0
0
0
0
0
0
0
0
0
0
0
0
0
0
0
0
0
0
0
0
0
0
0
0
0
0
0
0
0
0
0
0
0
0
0
0
0
0
0
0
0
0
0
0
0
0
0
0
0
0
0
0
0
0
0
0
0
0
0
0
0
0
0
0
0
0
0
0
0
0
0
0
0
0
0
0
0
0
0
0
0
0
0
0
0
0
0
0
0
0
0
0
0
0
0
0
0
0
0
0
0
0
0
0
0
0
0
0
0
0
0
0
0
0
0
0
0
0
0
0
0
0
0
0
0
0
0
0
0
0
0
0
0
0
0
0
0
0
0
0
0
0
0
0
0
5
17
0
0
0
0
0
0
0
0
0
0
0
1
0
1
0
0
2
0
4
43
220
502
817
1223
1717
2277
2777
3081
3451
3675
3854
4059
4160
4172
4210
4190
4111
4026
3866
3662
3417
3056
2646
2181
1781
1499
1373
1370
1635
2336
2917
3553
4054
4423
4632
4803
4914
4954
4992
5019
4999
5021
5093
4994
4901
4712
4444
4143
3739
3256
2634
2023
1501
893
401
777
1430
1958
2352
2564
2817
2782
2833
2710
2608
2435
2260
2117
1917
1756
1649
1482
1364
1312
1135
929
557
260
63
9
4
5
1
11
38
79
407
782
591
451
961
975
573
388
556
852
825
516
207
514
503
206
78
108
202
257
186
44
117
183
149
56
24
82
141
134
70
70
178
143
42
18
38
116
141
54
20
31
81
41
6
10
31
76
62
8
10
20
25
4
3
20
25
22
4
2
14
10
0
0
2
5
8
8
8
0
0
0
0
0
0
0
0
0
0
0
0
0
0
0
1
0
0
0
0
0
0
0
0
2
0
1
16
39
78
238
306
236
114
23
7
8
13
18
11
4
2
4
6
15
17
12
11
16
28
78
148
131
81
55
27
28
15
20
36
41
55
64
82
72
63
29
16
5
9
7
10
6
7
9
3
15
24
32
35
78
89
106
134
200
240
379
382
304
248
229
117
132
156
126
88
93
72
69
61
89
67
40
4
4
6
21
12
15
24
58
98
182
226
211
150
52
4
50
138
199
121
67
23
19
19
24
23
17
17
24
49
34
14
13
0
0
0
0
0
0
1
1
0
0
0
2
1
5
6
14
18
34
37
74
101
115
146
162
182
148
140
98
187
357
396
214
102
253
486
502
292
113
57
18
18
25
10
2
1
1
14
22
8
7
3
8
32
44
22
34
60
55
41
63
58
55
44
28
22
12
4
0
2
0
1
1
7
15
11
6
5
3
4
0
0
0
3
0
0
0
0
0
0
0
0
0
0
0
0
0
0
0
0
6
7
5
3
1
0
1
2
0
2
0
0
0
0
0
0
0
0
0
0
0
0
12
15
38
149
329
489
563
634
697
802
1052
1304
1636
1777
1925
2108
2291
2505
2552
2491
2464
2375
2297
2578
2968
3111
2955
2506
1873
1953
2625
3198
3739
4112
4333
4465
4569
4500
4382
4246
4109
3893
3665
3437
3145
2872
2556
2095
2341
653
424
1069
1758
2342
2678
2835
2911
2994
3000
3033
3050
2852
2649
2363
1962
1456
713
475
1266
2181
2998
3487
3806
4071
4206
4314
4297
4090
3982
3938
3919
3974
4110
4056
3953
3700
3394
2877
2282
1849
1802
2427
2905
3174
3372
3541
3871
4156
4366
4369
4246
4265
4230
4200
3999
3719
3458
3330
3047
2822
2631
2570
2606
2491
2127
1717
1429
1943
2286
2568
2653
2528
2394
2279
2170
2127
1972
1863
1749
1574
1405
1271
1141
982
840
741
543
392
246
227
332
481
544
441
306
225
234
285
225
223
284
435
441
373
179
29
58
38
2
0
0
0
0
1
0
2
2
3
4
1
1
7
13
13
10
4
2
3
3
2
0
0
2
3
1
2
0
0
0
0
0
0
0
0
0
0
0
0
0
0
0
0
0
0
0
0
0
0
0
1
1
0
0
0
2
0
2
3
0
2
0
0
0
0
0
0
0
0
0
0
0
0
0
0
0
0
0
0
0
0
0
0
7
7
1
0
0
0
0
0
0
0
0
0
0
0
0
0
0
0
0
0
0
0
0
0
0
0
0
0
0
0
0
0
0
0
0
1
0
0
0
0
0
0
0
0
0
0
0
0
0
0
0
0
0
0
0
0
0
0
0
0
0
0
0
0
0
0
0
0
0
0
0
0
0
0
0
0
0
0
0
0
0
0
0
0
0
0
0
0
0
0
1
0
1
9
13
29
29
49
73
99
86
71
58
43
32
33
18
11
13
23
10
6
16
6
10
3
1
1
1
1
0
0
0
0
0
0
0
0
0
0
0
0
0
0
0
1
0
1
0
0
0
0
0
0
0
3
7
32
62
66
48
27
12
6
0
0
0
0
0
1
0
0
5
14
23
20
16
7
0
1
8
11
9
0
0
0
0
0
0
0
3
16
6
0
0
0
0
0
0
0
0
0
0
0
0
1
10
5
3
68
255
263
159
22
5
16
121
229
154
20
3
0
2
0
0
0
0
0
0
2
2
2
21
53
84
114
78
6
2
36
58
19
15
22
55
140
192
197
142
86
79
142
167
123
204
305
432
389
291
191
34
14
94
325
493
511
342
171
60
94
228
414
662
848
935
1103
1146
1057
869
699
574
468
304
158
33
31
30
70
135
162
60
8
33
197
377
343
455
689
1951
2101
1071
914
784
659
568
461
437
608
806
903
986
946
819
631
415
266
658
696
838
730
471
345
288
245
180
252
399
626
764
882
987
1083
1155
1227
1238
1169
1064
879
730
472
340
228
58
37
21
21
17
14
22
21
69
151
148
136
181
184
145
115
108
68
106
206
283
209
155
70
11
60
73
28
16
25
47
54
45
39
59
91
72
155
168
177
166
102
53
17
15
21
24
27
32
61
75
94
103
99
100
46
29
11
6
3
4
3
4
0
0
0
0
0
0
0
0
0
0
0
0
2
7
3
0
0
0
0
1
8
49
5
16
42
17
2
2
0
0
0
0
0
0
0
0
0
0
0
0
1
0
2
6
7
25
6
12
21
28
15
8
7
23
50
38
5
43
10
2
0
3
11
10
7
0
9
13
4
0
1
1
1
27
20
0
24
76
36
9
72
33
0
0
0
0
0
0
0
13
29
0
11
25
23
41
44
49
45
40
17
13
17
14
13
9
7
0
1
0
0
0
1
0
0
0
8
262
424
234
45
34
24
4
44
101
40
18
12
16
27
22
21
10
19
49
90
202
320
357
479
464
374
212
121
25
16
2
5
9
13
39
73
160
218
249
307
471
574
611
795
846
857
865
745
588
479
370
285
326
258
166
95
83
88
133
170
195
129
51
38
33
22
26
101
341
445
327
56
15
0
1
0
1
4
12
41
94
104
93
104
83
107
116
190
179
147
113
116
89
99
82
84
75
77
33
22
13
1
1
2
1
0
0
0
0
0
0
0
0
0
0
0
0
0
0
0
0
0
0
0
0
15
25
29
36
128
289
425
488
514
458
454
420
431
431
369
294
231
210
190
174
239
267
311
303
311
250
189
71
1
0
86
219
227
217
155
126
92
68
75
97
56
36
4
1
0
0
0
0
0
0
0
0
0
0
0
0
0
0
0
0
0
0
0
0
0
0
0
0
0
0
0
0
0
0
0
0
0
0
0
0
18
0
0
0
0
0
0
0
0
0
0
0
0
0
0
0
0
0
0
0
0
0
0
0
0
0
0
0
0
0
0
0
0
0
0
0
0
10
14
0
0
0
0
0
0
0
0
0
0
0
0
0
0
0
0
0
0
0
0
0
0
0
0
0
0
0
0
0
0
0
0
0
25
0
0
0
0
1
0
0
0
0
0
0
15
3
19
124
176
249
5
0
2
11
112
142
136
69
5
4
37
77
47
8
0
0
0
1
5
10
17
2
0
0
1
19
75
118
163
182
164
151
67
0
0
34
87
44
3
5
9
7
0
3
14
43
54
20
7
19
26
32
11
2
4
6
13
21
3
0
2
11
11
8
0
0
0
11
29
11
1
0
8
9
7
0
0
5
30
35
22
1
0
5
5
0
2
2
7
4
0
2
4
7
0
0
0
4
1
2
0
0
0
0
7
3
1
0
0
0
0
0
2
7
1
0
0
0
0
0
0
0
0
0
0
0
0
0
0
0
0
0
0
0
0
1
1
4
3
4
5
9
21
14
31
79
84
88
89
102
55
29
8
11
34
60
97
151
189
229
159
66
4
12
14
15
3
10
24
49
65
111
116
112
50
30
10
10
2
1
0
1
0
0
0
0
0
1
1
0
0
0
0
0
1
2
8
8
13
18
8
1
2
1
0
0
0
0
0
0
0
0
1
3
0
0
9
10
0
0
0
0
0
0
0
0
0
0
0
0
0
0
0
0
0
0
0
0
0
0
0
0
0
0
0
0
0
0
0
0
0
0
0
0
2
0
1
0
0
0
0
0
0
7
5
0
0
0
0
0
0
0
0
0
0
0
0
0
0
0
0
0
0
0
0
0
0
0
0
0
0
0
0
0
0
0
0
0
0
0
0
3
24
65
27
0
6
71
120
72
17
0
4
29
109
81
20
0
12
61
62
22
5
0
8
41
69
44
9
0
8
42
24
2
1
0
15
25
18
1
0
4
12
4
0
0
3
16
10
0
0
1
5
8
0
0
0
3
3
0
0
0
0
0
0
0
0
0
0
0
0
0
0
0
8
8
1
0
0
0
0
0
0
0
0
0
0
0
0
0
0
4
17
16
0
3
3
31
36
1
8
8
6
5
13
19
62
86
112
152
199
201
267
280
372
365
320
385
501
968
1776
2196
2339
1971
1203
213
95
325
266
28
3
17
92
132
74
39
28
37
27
35
45
30
27
107
229
284
309
322
375
527
547
328
113
126
178
138
68
51
81
141
156
95
23
12
17
17
6
2
1
1
33
125
241
260
152
58
27
31
29
29
38
68
104
109
96
73
68
75
57
52
45
39
43
37
33
47
42
29
23
118
18
7
3
3
0
21
1
0
0
1
0
0
0
0
0
0
0
0
0
0
0
0
0
0
0
0
0
0
0
0
0
0
0
0
0
0
0
0
0
1
4
21
413
1149
1348
973
178
363
1083
1277
873
199
310
372
180
55
37
21
13
13
24
19
12
7
30
0
38
10
0
0
0
6
18
10
0
0
7
2
0
10
25
16
0
59
61
34
5
4
31
15
0
2
3
4
13
64
51
3
6
11
7
0
0
0
0
0
0
1
10
20
35
2
8
5
4
2
0
0
0
0
1
0
0
0
11
0
38
17
0
17
35
2
2
0
0
3
11
5
0
0
0
0
0
0
6
5
24
5
0
0
0
0
0
0
0
0
0
3
3
3
3
0
0
0
0
0
0
0
0
0
0
1
0
0
0
0
0
0
0
0
0
0
0
0
4
3
7
5
8
11
6
13
78933
0
0
0
0
0
0
0
0
0
0
0
0
0
0
0
0
0
0
0
0
0
0
0
