5
0
0
0
0
1
5
1
32
0
68
20240
13
7
0
6
13
12
20
2
6
21
22
15
39
85
86
162
197
273
311
318
379
402
459
482
503
500
489
552
568
622
588
621
592
558
622
528
513
498
444
327
252
201
151
159
139
142
163
154
168
149
115
124
111
67
80
93
111
172
181
212
228
247
251
233
196
163
164
149
176
159
143
110
37
40
22
5
0
5
26
23
18
17
28
19
30
27
18
17
25
16
18
15
17
20
12
11
2
3
11
3
0
0
4
2
1
2
12
24
35
54
79
104
83
73
75
81
69
40
23
23
48
62
89
155
198
242
276
314
372
398
388
377
375
331
281
169
77
23
35
21
27
22
15
11
15
20
18
22
2
1
2
2
2
0
0
0
0
0
0
0
1
3
7
2
0
0
4
0
5
19
19
7
1
0
0
0
0
0
5
20
58
113
182
265
329
358
419
387
342
329
280
198
110
29
16
22
11
10
5
18
27
18
5
11
19
11
7
3
2
1
0
6
35
46
33
37
74
92
100
111
90
38
49
11
6
8
34
54
17
10
30
30
8
11
10
1
6
7
11
15
29
60
68
99
117
152
160
208
224
263
264
283
275
314
272
250
229
163
115
84
81
62
45
36
32
16
13
11
6
5
14
4
2
1
3
7
9
0
4
20
26
26
29
22
23
16
22
15
15
25
14
21
8
11
10
11
4
11
13
18
20
32
37
31
13
16
9
1
11
6
0
2
6
3
1
0
0
0
0
0
0
0
0
0
1
4
46
14
0
18
20
22
36
62
89
136
135
130
145
158
167
171
223
251
338
357
411
512
540
600
685
727
847
888
1020
1066
1102
1142
1140
1175
1046
1085
986
1000
932
893
918
876
848
850
752
730
582
505
404
305
271
208
182
168
159
130
195
201
251
297
279
224
130
73
50
32
37
22
25
30
27
42
36
45
62
118
168
152
150
109
95
45
15
0
0
0
1
0
1
4
14
3
0
0
0
0
0
61
30
0
23
23
13
12
5
12
37
25
34
47
42
61
96
87
140
167
152
152
185
175
125
94
65
50
46
40
23
10
5
6
0
13
13
1
4
14
0
0
0
0
0
7
12
5
12
12
16
15
14
7
3
3
0
0
0
0
0
0
0
0
0
0
9
30
57
89
137
150
139
77
31
19
31
123
52
63
34
8
0
1
0
1
0
3
15
15
0
0
0
0
0
0
1
0
0
2
35
34
6
18
24
17
1
0
3
0
0
0
1
0
0
6
28
45
55
114
121
149
148
158
213
302
705
1071
1164
1147
918
918
1100
1046
970
1060
1435
1469
1378
1108
995
958
878
844
862
847
821
698
593
556
513
514
519
537
531
475
457
393
372
329
326
287
254
265
241
205
149
92
66
126
184
223
314
325
304
361
370
404
416
579
608
623
573
605
655
738
818
872
853
767
596
417
329
308
373
386
437
517
462
427
342
265
226
216
217
140
107
129
98
92
137
135
65
65
136
136
84
44
16
23
43
115
177
209
184
168
142
80
30
9
2
2
4
16
31
43
25
19
5
2
3
6
7
3
6
3
1
2
4
4
5
15
54
69
60
18
2
2
0
17
25
19
27
26
37
34
16
0
2
12
13
17
12
5
4
5
6
6
1
2
6
4
5
4
1
2
1
0
0
2
2
4
7
4
1
3
1
7
1
2
4
1
1
0
3
1
0
0
0
0
0
0
0
0
0
0
0
0
0
0
0
0
2
20
44
16
4
19
17
13
1
1
2
1
4
2
2
2
0
6
16
23
28
23
23
21
10
6
7
3
2
1
0
0
0
0
0
0
0
2
1
0
0
0
0
0
0
0
0
2
3
10
11
15
27
17
12
5
31
28
0
9
23
18
14
5
2
3
5
9
22
42
50
33
34
30
33
65
151
281
330
398
436
435
414
374
331
268
173
79
18
1
0
39
72
76
63
44
6
10
38
39
16
13
9
10
12
38
23
25
32
56
70
64
85
82
42
37
12
2
41
27
8
24
19
10
1
0
0
0
0
0
0
0
0
0
0
3
3
1
0
0
0
3
6
6
2
0
0
0
1
0
0
0
0
0
0
0
0
13
5
0
0
0
1
2
0
0
0
0
0
0
0
0
0
1
1
0
0
0
0
0
0
0
0
0
0
0
20
32
2
13
11
7
2
0
0
0
0
0
0
0
0
0
0
0
0
0
0
0
0
0
0
0
0
0
0
0
0
0
0
0
0
0
0
0
0
0
0
0
0
13
212
352
375
321
151
0
5
18
69
48
16
2
0
0
2
9
48
143
202
181
62
1
0
0
2
13
0
0
0
0
0
0
0
0
1
0
0
0
42
24
0
20
14
12
7
1
2
0
0
0
0
0
0
0
0
0
0
0
0
0
0
0
0
2
0
0
0
0
0
0
0
0
0
0
0
0
2
4
4
2
6
6
10
7
20
47
69
99
122
164
179
221
210
182
147
102
44
18
2
5
2
0
3
49
31
11
32
25
14
11
8
9
12
14
19
17
9
9
5
9
2
2
4
7
1
6
10
10
11
2
0
0
1
2
0
3
3
45
46
23
11
18
13
12
12
0
2
23
129
153
49
3
3
3
6
1
3
0
0
0
0
0
0
0
0
0
0
0
2
3
15
51
6
16
39
37
38
24
14
13
14
18
16
19
25
24
42
55
20
19
10
1
0
0
0
0
0
0
1
0
1
6
21
43
41
25
46
16
18
18
4
10
9
8
19
19
30
41
33
29
21
10
3
1
0
0
0
0
0
0
0
0
47
82
119
189
245
243
198
91
27
12
4
0
0
1
0
0
0
0
9
47
42
46
64
92
101
62
46
31
8
3
11
0
0
0
0
0
0
0
0
1
0
0
0
0
0
0
0
0
0
0
0
0
0
0
0
0
0
0
0
0
0
0
2
0
0
0
0
1
0
0
1
1
1
0
0
0
32
3
1
0
1
0
0
0
0
0
0
0
0
0
0
0
1
0
0
1
4
16
27
52
146
142
135
214
300
358
357
434
437
470
417
356
346
253
235
174
129
88
68
34
15
10
9
4
12
6
3
4
12
18
21
49
46
57
88
93
111
111
92
117
87
79
104
69
72
97
85
78
88
76
46
24
29
30
19
15
6
7
68
39
15
18
12
18
14
7
6
5
4
0
0
1
5
4
0
0
0
0
0
0
0
0
0
0
0
2
0
0
0
0
0
0
2
8
6
2
0
0
0
0
0
0
1
0
1
2
1
0
3
0
2
0
1
0
0
0
0
0
0
6
42
26
27
29
20
13
4
1
0
0
0
0
3
4
15
59
138
124
68
12
2
3
1
1
0
0
0
0
0
0
0
0
0
0
0
0
0
0
0
0
0
0
0
0
0
0
0
0
0
0
0
0
0
0
0
0
0
0
0
0
1
6
8
21
57
34
45
31
15
14
1
1
1
4
0
0
0
0
2
16
21
37
22
16
21
23
33
26
25
22
21
18
8
0
0
0
0
0
1
3
3
2
4
2
1
0
0
0
0
0
0
0
0
0
0
0
0
0
0
0
0
0
0
0
0
7
9
0
2
9
35
66
97
191
225
239
220
147
177
214
263
240
205
256
287
313
244
21
49
48
5
22
2
11
57
37
13
22
7
8
5
1
0
0
0
0
0
1
4
8
9
7
30
45
6
7
18
13
11
6
9
19
44
75
99
92
47
2
0
43
66
77
95
106
118
110
48
0
9
11
14
6
4
16
16
26
32
29
3
2
0
0
0
1
0
4
9
7
5
2
1
0
0
0
0
0
0
0
2
7
29
31
1
12
14
12
5
4
1
0
0
0
0
0
0
0
0
0
0
0
0
0
0
0
0
0
2
0
4
5
23
37
15
6
2
0
1
0
0
1
10
17
20
25
20
14
9
3
1
0
0
0
0
0
2
5
9
11
10
10
7
7
6
6
1
1
0
0
0
0
0
0
0
7
33
10
8
13
3
0
0
0
0
0
0
0
0
0
0
0
0
0
0
0
0
0
1
1
0
1
1
0
0
0
0
0
0
0
0
20
34
10
1
11
16
8
3
0
0
0
0
0
0
0
0
0
0
2
0
0
0
0
0
1
18
56
70
84
86
70
45
56
64
59
48
52
48
31
12
15
6
5
9
7
0
0
0
1
2
2
7
9
2
0
0
0
0
1
1
2
5
7
7
7
9
30
44
30
8
0
1
3
7
2
4
10
11
4
0
0
6
4
1
0
1
1
4
8
5
4
1
0
0
20
32
14
10
15
21
16
6
2
6
4
4
3
1
0
0
0
2
3
10
21
37
51
60
85
109
137
166
233
305
374
349
226
132
72
35
10
2
0
11
5
0
0
7
18
19
20
14
10
12
10
12
11
29
27
28
11
14
9
5
4
14
13
8
19
41
30
22
41
61
71
56
55
48
42
44
36
21
12
8
17
9
8
6
0
0
0
0
0
0
0
1
2
5
8
5
10
16
73
133
178
229
313
540
991
1298
1216
1240
1260
941
557
475
354
314
277
125
146
153
122
279
365
302
374
397
361
242
153
165
233
330
366
343
257
132
75
39
89
134
162
169
263
31
110
105
56
6
0
32
43
43
28
19
17
18
22
23
29
53
130
216
322
390
495
549
631
704
764
640
519
434
368
330
288
325
362
417
449
409
516
639
727
603
499
265
184
229
284
287
138
190
366
351
205
154
122
111
87
68
4
0
5
12
8
33
29
4
21
38
14
8
2
0
0
0
0
3
4
1
1
0
0
0
1
0
0
0
0
0
0
0
0
1
1
3
9
19
10
20
8
15
3
0
0
9
6
10
6
4
2
7
17
13
1
0
0
0
2
2
1
0
0
0
0
0
0
0
0
0
0
10
7
0
0
0
0
0
9
30
4
5
15
13
14
16
20
15
7
1
0
1
1
7
0
3
4
3
2
4
2
0
0
1
6
7
15
18
10
18
5
5
6
10
12
15
6
2
10
4
9
2
7
4
9
10
6
2
0
1
3
2
2
3
0
0
0
0
0
0
0
0
0
0
7
39
2
18
14
12
6
2
0
0
0
0
0
0
0
0
0
0
0
0
0
0
0
0
0
0
0
1
0
0
0
0
0
0
0
0
0
0
0
0
0
0
0
3
8
19
19
9
4
2
4
1
0
0
1
1
0
32
30
10
25
17
7
2
0
0
2
0
0
1
4
1
1
2
4
7
21
89
181
195
224
272
294
253
214
132
80
30
4
0
0
0
0
0
0
0
0
1
30
82
144
189
219
282
290
307
282
232
171
94
45
13
5
2
0
0
0
0
0
1
0
0
0
0
0
0
0
1
0
0
0
0
0
0
0
0
0
0
0
0
0
6
0
3
1
2
0
0
0
0
0
0
2
0
0
1
2
0
0
0
0
0
0
0
0
0
0
0
0
0
0
0
0
0
0
0
0
0
0
0
0
0
0
0
0
0
0
0
0
0
4
19
0
0
60
20
15
29
39
101
119
158
211
226
248
204
243
347
350
290
135
84
179
232
258
243
196
110
40
85
171
206
278
264
173
90
47
14
10
30
42
42
53
24
5
5
0
0
0
0
5
0
1
0
0
0
0
0
0
2
0
0
0
0
0
0
0
0
1
0
0
0
0
0
0
0
0
0
2
3
5
1
0
0
1
0
0
0
0
0
0
3
99
233
247
139
98
114
52
14
0
31
4
14
9
4
1
0
28
17
24
11
4
1
2
0
0
0
0
3
4
5
3
2
0
0
0
0
0
0
0
0
0
1
1
2
4
1
0
0
0
1
1
2
1
1
0
0
0
0
0
0
0
0
0
0
0
0
1
14
36
15
0
12
15
9
2
0
0
0
0
0
0
0
0
0
4
4
0
6
0
0
0
0
0
0
0
0
0
0
0
0
0
0
0
0
0
0
0
0
0
0
0
0
0
0
0
0
0
1
0
0
0
0
0
0
0
0
0
0
0
0
0
0
4
0
0
0
1
2
3
7
7
3
0
1
0
1
0
0
0
0
0
0
2
0
0
0
0
0
37
22
6
28
15
0
0
0
0
0
0
0
0
0
0
0
0
0
0
0
0
0
0
0
0
0
0
0
2
0
1
2
3
0
0
0
0
0
1
3
0
0
0
0
6
18
20
21
51
117
173
248
343
461
592
664
830
922
934
843
782
706
713
741
776
742
782
750
696
622
532
400
271
163
88
30
11
9
9
3
7
45
76
105
107
109
104
103
115
96
75
47
30
45
32
34
71
82
62
48
48
55
64
61
54
46
49
31
12
2
0
2
1
1
0
8
2
4
4
2
3
7
5
3
2
4
17
25
31
21
36
28
29
27
19
10
5
2
4
0
1
0
0
1
0
0
0
0
1
0
0
1
2
0
0
0
0
0
0
0
0
0
0
0
0
0
0
0
0
0
1
0
0
0
0
0
0
0
3
7
5
3
4
2
2
5
9
21
26
31
52
53
14
14
14
8
2
0
0
0
0
0
0
0
0
0
0
0
0
0
0
5
10
1
0
0
0
0
0
0
0
0
0
0
0
0
0
0
0
0
0
0
1
0
0
0
0
0
0
0
0
1
1
1
0
0
0
0
0
0
34
33
0
17
20
10
5
0
0
0
0
0
0
0
6
0
0
0
0
0
0
0
0
0
0
0
0
0
0
0
0
0
0
0
0
0
1
0
0
0
0
0
0
0
0
0
0
0
0
0
0
0
0
0
1
2
1
0
0
0
1
0
0
0
0
0
0
1
1
0
1
1
1
5
24
48
42
43
42
34
28
15
19
10
2
0
0
0
0
1
0
0
0
0
16
37
20
0
17
17
11
9
1
0
0
0
0
0
0
0
0
0
0
0
0
0
0
0
0
1
4
0
0
0
0
0
0
0
0
0
1
1
1
2
0
0
6
8
1
0
0
1
2
4
2
0
1
1
1
0
4
1
0
0
0
0
0
0
0
0
0
0
0
0
26
48
8
0
17
18
13
10
11
6
5
5
2
0
0
0
0
0
0
1
0
0
0
5
0
0
0
0
0
0
0
0
0
0
0
0
0
0
0
16
41
29
6
0
3
20
14
4
11
5
14
19
27
6
0
1
1
1
8
11
0
1
0
0
0
1
4
4
5
2
1
0
0
0
1
0
1
0
0
0
0
1
2
0
1
1
0
0
1
0
0
0
0
0
1
2
1
0
2
0
0
0
0
0
0
0
0
0
0
1
5
2
0
27
47
1
12
22
17
11
6
0
0
0
4
4
1
3
1
1
0
0
0
0
0
0
0
0
0
0
0
0
0
0
0
2
3
0
0
0
0
1
0
0
0
0
0
0
4
3
1
0
0
0
0
2
1
0
0
0
1
1
2
1
4
1
0
1
1
0
0
0
0
0
0
0
0
0
0
0
0
0
0
1
10
52
76
148
255
334
372
368
346
332
279
227
150
80
34
11
2
3
0
0
0
0
0
0
0
0
0
0
0
0
4
28
24
12
47
115
139
111
83
48
21
18
8
7
2
8
3
2
2
1
4
11
14
17
19
4
0
0
0
0
0
0
0
0
0
0
0
0
0
0
0
0
0
0
1
1
0
1
1
8
3
1
0
5
2
2
0
2
5
9
4
7
5
2
12
1
3
2
4
1
0
0
0
0
0
0
0
0
0
0
0
0
0
2
0
0
0
5
0
0
0
0
0
0
0
1
0
0
0
0
2
0
0
0
0
0
0
0
0
0
0
0
0
0
0
0
39
32
0
18
19
18
7
1
0
0
0
0
0
0
0
2
2
0
0
0
1
0
0
0
0
1
0
1
0
2
5
4
4
2
0
1
14
32
23
8
3
1
0
0
1
0
3
1
4
11
27
21
24
12
12
4
0
0
0
0
0
0
4
74
121
141
62
22
46
82
43
3
0
1
2
0
0
0
0
0
0
0
0
0
0
0
0
0
1
26
32
13
2
16
17
10
4
0
0
0
0
0
0
0
58
6
4
8
16
5
1
1
4
2
2
1
1
0
1
1
2
0
0
0
0
0
0
0
0
0
0
0
0
0
0
0
0
0
0
0
0
0
0
0
1
2
1
0
5
6
8
5
6
4
3
0
0
0
0
0
0
0
0
0
0
0
0
0
18
36
5
10
17
13
8
0
0
0
0
0
0
0
0
0
0
0
1
0
0
0
1
0
0
0
0
0
0
0
0
0
0
1
2
3
3
3
0
0
0
5
1
0
0
0
0
0
0
0
0
0
0
0
0
0
0
0
0
1
0
0
0
0
0
0
0
0
0
0
0
0
0
0
0
0
0
7
37
24
6
0
10
15
13
6
4
11
18
11
11
10
6
2
0
0
0
0
0
0
1
5
1
0
0
0
0
0
0
0
0
0
4
5
0
1
0
8
43
96
63
38
13
1
0
0
0
2
0
0
0
0
0
0
1
2
2
2
0
0
18
32
20
11
16
37
43
32
26
27
13
6
1
0
0
0
0
0
0
0
0
0
0
0
0
0
0
0
0
0
0
0
0
0
0
0
0
0
0
0
0
17
38
20
0
14
17
8
5
0
0
0
0
0
0
0
0
0
0
0
0
0
0
0
0
0
0
0
0
0
0
0
0
0
1
2
5
6
10
5
3
2
3
1
1
5
2
9
8
6
12
17
23
19
18
9
4
0
0
0
0
0
0
0
0
0
0
0
0
0
0
1
1
0
0
1
3
2
5
4
1
0
0
2
0
0
16
25
17
2
11
13
7
4
0
0
0
0
0
0
0
0
0
0
0
0
1
0
2
1
3
7
1
0
0
0
0
0
0
0
0
0
0
0
0
0
0
0
0
0
0
7
18
33
42
32
17
11
9
13
9
5
1
0
0
3
4
1
0
0
0
0
1
1
3
7
7
31
30
1
9
13
9
9
0
0
0
0
0
0
0
0
2
1
5
1
3
3
2
4
4
1
0
2
6
8
1
1
0
0
1
0
0
0
0
0
1
0
0
0
1
2
1
2
5
9
8
3
1
0
1
6
8
6
23
33
11
10
12
15
12
7
9
5
7
7
17
16
19
24
20
14
15
14
9
5
4
1
1
0
0
0
0
0
0
0
0
0
0
0
0
0
0
0
0
0
0
0
0
0
0
0
1
14
0
55
173
215
91
23
82
293
407
491
515
539
582
740
948
1206
1401
1575
1798
2055
2213
2373
2411
2146
1850
1600
1389
1200
1006
914
954
1011
1060
1119
1125
1059
919
788
722
586
483
361
192
161
163
186
112
69
65
69
12
8
9
49
52
65
86
78
70
55
35
36
35
16
7
1
1
0
0
1
0
1
0
0
0
0
1
0
5
34
16
0
6
17
11
10
7
1
1
0
0
0
0
0
0
1
0
0
0
0
1
0
0
1
1
5
13
14
17
1
11
41
25
12
7
3
2
0
0
0
0
1
3
0
1
3
10
22
13
4
2
0
0
0
0
0
3
7
5
36
97
153
217
278
269
166
59
12
4
1
0
1
0
1
11
10
4
0
0
0
1
1
4
0
0
1
0
0
0
1
2
1
0
0
0
0
0
0
9
23
46
90
115
127
145
197
230
252
215
156
63
23
8
3
2
1
1
0
0
0
8
6
0
0
6
0
0
0
0
0
0
0
0
0
0
7
16
20
2
5
7
19
27
15
1
0
3
1
1
0
2
1
0
0
5
5
8
1
12
0
0
0
1
42
31
0
0
4
3
0
0
4
0
0
0
0
3
1
5
2
8
6
6
9
7
4
7
12
3
5
4
5
4
5
1
0
6
4
0
0
15
19
3
3
0
0
0
0
0
3
0
2
0
4
1
2
20
41
52
49
48
45
23
16
31
6
0
0
0
0
16
32
56
56
61
49
31
30
9
15
20
0
5
5
27
50
2
17
10
7
3
28
18
3
0
0
0
3
0
5
0
0
0
6
0
0
1
0
4
0
7
4
5
12
5
6
3
0
0
0
0
0
0
0
2
0
0
0
5
11
21
6
58
30
16
6
1
2
4
9
4
2
0
0
1
1
31
15
14
13
8
0
0
0
0
0
0
0
0
0
0
0
0
0
1
3
0
1
1
0
0
0
0
0
0
0
0
0
0
0
0
0
0
0
0
18
15
0
0
0
0
0
0
0
0
0
4
7
0
0
0
3
0
0
0
0
0
0
0
0
0
0
0
0
0
0
0
0
0
0
0
0
0
0
0
0
0
0
0
0
0
0
0
0
0
0
0
0
0
0
0
0
0
0
0
3
6
0
0
0
0
0
0
0
0
0
0
0
0
0
0
0
0
0
0
20
31
3
12
18
10
0
0
0
0
0
0
0
0
0
0
0
0
0
0
0
0
0
0
0
0
6
20
9
1
0
0
0
0
0
0
0
0
0
0
0
0
0
0
0
0
0
0
0
0
0
0
0
0
0
0
0
0
0
0
0
0
0
0
0
0
0
0
0
0
0
0
0
0
3
32
92
174
235
243
223
207
224
219
199
186
157
155
219
213
216
226
115
61
29
20
22
7
4
3
3
2
2
0
0
0
0
16
0
0
0
2
0
0
0
0
0
0
0
0
0
0
0
0
0
0
0
0
0
0
0
0
0
0
0
0
0
2
0
0
3
2
7
1
0
0
1
0
0
0
0
1
7
7
3
4
6
2
0
0
0
0
0
0
0
0
0
0
19
26
0
16
18
9
3
0
0
0
0
0
0
0
0
0
0
0
0
0
0
0
0
0
0
0
0
0
0
0
0
0
0
0
0
0
0
0
0
0
0
0
0
2
1
2
0
0
0
0
0
0
0
0
0
0
0
0
0
0
0
0
0
0
0
0
0
0
0
0
0
0
0
0
0
0
0
0
0
18
29
9
3
16
15
6
4
0
0
0
4
2
7
9
6
11
16
12
10
13
9
3
4
3
1
0
0
0
0
0
0
0
0
0
0
0
0
0
0
0
0
0
6
18
130
225
230
171
113
48
25
23
29
14
20
12
13
72
230
412
551
585
534
408
298
150
55
5
2
0
0
2
6
24
33
44
45
37
23
17
24
32
19
27
44
52
38
43
62
61
81
80
55
47
49
58
69
56
44
50
28
14
3
0
5
2
0
0
0
1
3
20
5
0
6
6
1
0
0
0
0
0
0
0
0
0
0
0
0
0
0
0
0
4
0
0
0
0
0
3
10
25
16
1
10
12
7
3
0
1
0
0
0
0
17
49
146
203
233
327
456
651
663
527
622
750
1135
1505
1597
1701
1651
1536
1306
993
739
551
348
266
137
69
48
38
7
11
24
37
30
22
7
0
7
26
34
7
1
6
26
11
4
0
0
2
6
7
3
2
1
0
1
23
38
29
13
9
31
101
184
253
291
318
339
485
575
616
795
950
1053
1199
1167
1087
997
884
644
579
626
649
598
529
475
922
516
435
159
20
236
345
273
183
148
85
67
68
58
29
52
36
40
76
104
99
69
35
45
47
32
43
24
11
4
6
15
20
23
15
27
29
5
1
9
5
0
2
0
0
0
2
0
0
0
0
0
1
0
0
0
4
34
28
10
12
14
6
0
0
0
0
0
0
0
0
0
0
0
0
0
2
4
1
0
9
14
18
3
1
2
0
0
0
0
2
0
1
0
7
11
31
76
79
92
104
97
100
101
85
87
52
18
19
4
23
13
8
0
1
21
56
3
10
21
13
11
8
3
0
0
0
0
0
8
11
9
40
4
0
17
35
34
38
46
56
42
38
39
21
5
11
14
5
10
7
0
9
7
6
1
17
23
14
41
71
83
51
23
37
29
0
0
17
23
1
3
2
6
0
11
56
6
7
16
15
10
0
0
0
0
0
0
0
0
8
13
6
0
0
0
0
0
0
0
0
0
2
0
1
5
6
3
0
0
0
0
0
0
0
0
0
0
0
0
0
0
0
2
45
19
0
5
15
12
10
5
0
0
0
0
0
2
0
0
4
0
0
0
0
0
0
0
0
0
0
0
0
0
1
2
0
0
0
0
0
0
0
0
0
0
1
0
3
0
0
0
0
6
6
0
0
0
0
0
0
0
0
0
3
4
1
4
46
14
23
25
13
6
0
1
3
2
0
0
0
0
0
1
0
0
0
0
0
0
1
0
0
0
0
0
0
0
0
0
0
6
0
0
0
0
0
0
0
0
0
0
0
0
4
8
13
4
2
1
1
0
0
0
0
0
0
0
0
0
0
0
0
0
0
0
0
0
3
8
10
9
6
2
0
0
0
0
0
0
1
0
0
0
0
0
0
0
0
0
6
46
10
0
18
17
10
7
1
0
0
0
0
0
0
0
0
2
2
1
0
0
1
0
2
9
0
0
0
0
0
0
1
0
0
0
0
0
0
0
0
0
0
0
0
0
0
0
0
0
1
0
0
0
0
0
1
1
0
0
0
0
0
0
0
0
0
0
0
1
0
0
0
0
0
0
1
0
0
0
0
0
0
0
0
0
0
0
0
0
0
0
0
0
1
1
0
0
18
32
1
4
15
18
13
8
18
10
11
10
4
2
1
0
0
0
0
0
0
0
3
0
0
0
0
0
0
0
0
0
0
0
0
0
0
0
0
0
0
0
0
0
0
0
0
0
0
2
2
5
1
1
0
0
0
0
0
0
0
6
30
20
0
11
14
13
8
3
0
0
0
0
1
6
3
3
6
3
5
3
2
2
0
2
0
0
0
0
0
0
0
0
0
0
1
1
2
4
5
3
2
0
0
0
0
0
0
0
1
1
4
4
6
13
14
10
3
1
1
1
0
0
0
0
0
0
0
0
0
0
0
19
29
7
8
20
16
8
4
0
0
0
0
1
0
0
0
0
0
0
0
0
0
0
0
0
0
0
0
1
1
0
0
0
0
0
0
0
0
0
0
0
0
0
0
1
1
6
17
23
30
47
43
29
0
2
8
15
13
7
3
42
109
122
60
3
0
1
0
0
0
0
0
0
1
0
0
0
0
0
0
0
0
0
0
0
0
0
0
0
0
0
0
0
0
20
31
0
17
18
10
2
0
0
0
0
0
0
0
0
0
0
0
0
0
0
0
0
2
0
0
0
0
0
0
0
0
0
0
0
0
0
0
0
0
0
0
0
0
0
0
0
0
0
0
7
7
8
7
4
2
0
0
0
0
0
0
0
0
0
1
0
16
29
12
0
9
12
10
8
2
0
0
0
0
0
0
0
0
0
0
0
0
0
0
3
7
8
15
10
10
8
10
10
5
5
0
0
0
0
0
0
0
0
1
2
2
13
21
73
142
149
206
242
274
367
457
559
653
793
945
1024
1183
1191
1190
1101
1052
1012
1116
1224
1278
1355
1361
1317
1300
1154
1070
1043
927
910
825
709
722
661
731
916
1058
1109
962
687
492
414
359
325
308
293
241
233
256
252
211
146
140
271
316
208
55
12
5
2
7
4
13
16
28
62
85
97
106
109
98
116
103
59
48
51
46
30
15
5
6
5
3
6
1
1
1
5
22
35
37
80
95
95
62
33
27
24
22
23
19
24
15
1
0
0
0
0
0
0
1
0
0
1
0
4
7
2
3
1
0
0
0
0
0
0
0
1
4
13
31
33
71
77
83
111
150
151
171
155
217
268
278
246
246
174
143
113
89
81
71
58
41
32
14
4
1
1
0
0
1
0
0
0
0
0
0
2
0
0
0
2
1
0
1
0
0
0
1
6
69
14
1
5
16
6
7
6
1
0
0
0
0
0
0
0
0
0
0
0
0
0
0
0
0
0
0
1
4
15
30
26
16
6
14
21
34
31
40
41
42
27
23
19
8
2
6
6
5
1
0
1
0
1
5
4
4
6
19
26
29
33
60
53
55
54
41
40
25
34
60
56
29
34
27
18
0
0
0
0
2
2
0
0
0
0
0
0
0
0
0
0
0
0
0
2
2
11
24
28
20
22
34
35
32
31
28
12
7
16
16
10
6
5
1
0
2
0
0
0
0
0
0
2
45
18
9
15
9
7
0
0
0
0
0
0
0
0
0
0
0
0
0
0
0
0
0
0
1
1
3
0
0
0
0
0
2
2
2
0
6
0
0
0
0
0
3
3
15
3
0
3
11
23
14
48
36
15
20
23
27
1
0
1
0
0
0
0
0
0
0
0
0
0
0
3
0
0
0
0
0
0
0
0
0
3
19
21
14
9
9
0
0
1
17
27
20
5
3
25
14
20
48
27
10
1
15
6
0
0
0
0
0
0
0
0
0
1
1
10
14
12
6
0
0
0
0
1
0
0
0
1
2
3
11
28
5
29
24
9
3
2
1
0
0
0
0
0
0
0
0
0
1
4
7
0
0
0
3
0
7
5
0
0
1
8
2
1
0
22
29
0
0
6
5
0
0
0
0
0
0
0
0
0
0
0
0
0
0
0
1
3
4
5
2
6
1
4
43
38
7
0
10
16
11
1
9
3
0
0
0
0
0
0
0
10
17
5
0
0
0
0
0
0
0
0
0
0
0
0
2
9
5
24
34
33
17
12
17
18
22
20
30
32
31
25
10
9
13
11
15
9
11
4
6
1
3
14
13
17
10
10
3
37
96
81
4
15
16
10
4
11
12
14
7
5
0
4
1
1
1
1
0
0
4
32
73
91
80
92
108
185
198
230
482
754
942
1009
934
1017
839
895
953
796
707
623
529
563
707
857
987
879
779
736
707
669
633
523
418
341
271
260
238
214
193
196
235
260
303
237
171
62
51
221
310
287
246
207
180
130
82
79
58
32
26
63
25
44
69
130
161
230
232
200
112
63
156
158
202
193
185
149
134
133
120
93
73
59
44
77
86
102
122
156
203
316
412
415
367
305
356
214
192
193
243
264
270
272
266
285
267
177
113
192
251
235
224
169
171
214
254
236
163
129
115
84
41
12
20
34
31
14
7
9
15
10
5
3
0
0
1
1
2
3
1
5
5
4
3
2
2
21
63
76
111
92
82
99
80
82
92
105
142
126
126
137
127
113
73
54
67
60
44
79
94
104
138
143
170
122
73
36
28
37
45
33
32
24
22
15
11
8
11
3
10
15
7
5
8
0
0
1
4
2
0
0
0
1
0
2
0
0
0
0
0
0
0
0
0
1
0
0
0
4
3
1
3
4
3
1
0
1
0
0
0
0
0
19
32
3
12
14
14
3
0
0
2
58
122
202
312
349
314
227
187
249
295
212
70
3
6
7
34
31
15
10
10
12
11
6
6
3
3
9
6
5
0
0
1
2
6
9
15
4
4
9
5
2
2
7
9
4
10
20
2
7
22
30
47
123
222
309
405
380
273
250
244
204
118
37
11
44
46
58
42
7
0
10
8
10
7
0
0
1
0
1
2
2
12
10
0
14
181
341
267
347
424
462
440
416
354
295
236
175
146
122
126
143
188
228
227
229
239
227
223
204
175
161
160
196
204
239
254
275
308
376
452
526
578
535
501
406
356
386
416
494
534
474
358
453
493
431
391
413
398
315
273
218
195
163
177
233
299
348
328
292
455
569
538
508
441
370
282
212
127
143
166
277
345
412
418
427
412
417
395
454
411
279
271
218
210
214
252
305
372
459
560
688
843
918
971
968
940
936
902
934
866
806
857
797
840
765
745
589
429
368
364
366
391
354
318
311
370
298
254
234
174
137
107
100
74
79
68
51
36
17
15
9
7
7
4
4
27
43
53
63
79
85
93
61
8
0
0
1
1
1
1
0
0
2
20
24
0
15
15
14
3
2
0
0
0
0
3
4
4
42
24
5
1
1
1
1
3
6
42
64
43
7
2
2
6
5
10
7
10
15
16
9
18
31
38
33
14
5
5
13
7
6
3
5
13
34
38
15
5
3
4
1
0
0
0
6
26
14
0
17
13
11
8
3
0
0
0
2
0
0
0
1
0
0
1
0
0
0
0
0
0
0
0
4
2
0
0
0
0
0
0
0
0
0
0
0
0
0
0
1
0
0
0
0
0
0
0
0
0
0
0
0
0
0
0
0
0
0
0
0
0
0
0
0
0
0
0
0
0
0
0
0
0
0
0
0
0
0
0
0
0
0
0
24
41
0
12
15
7
2
0
0
0
0
0
0
0
0
0
0
0
0
0
0
0
0
0
0
0
0
0
0
0
0
0
0
0
0
0
0
0
0
0
0
0
0
0
1
0
0
0
0
0
0
10
20
4
0
3
11
1
0
0
0
0
0
0
0
0
0
0
0
0
0
5
29
14
0
1
11
10
8
3
0
0
0
1
0
0
1
0
0
0
0
0
3
2
1
3
0
0
0
0
0
0
0
0
0
0
0
0
0
0
1
0
0
0
0
0
0
0
0
0
0
0
0
0
0
0
0
0
0
0
0
0
0
0
0
4
1
0
0
0
0
0
0
0
0
0
32
17
0
20
20
12
7
0
0
0
0
0
0
0
0
2
0
0
0
0
0
0
0
0
2
1
3
0
0
0
0
0
0
0
0
0
0
0
0
0
0
0
0
1
0
0
0
0
0
0
0
0
0
0
1
3
0
0
0
0
0
0
0
0
0
3
1
0
0
25
48
1
13
19
17
9
5
0
0
0
0
0
0
0
0
2
0
0
0
0
0
0
0
0
0
0
0
0
0
0
0
0
6
11
8
6
29
56
66
72
13
0
16
0
11
30
15
0
1
0
2
0
0
2
0
0
0
0
0
0
23
39
0
16
12
8
4
0
0
0
0
0
1
0
4
0
0
0
0
4
13
0
0
0
0
2
0
0
2
3
27
13
8
13
0
2
0
0
1
0
0
0
0
0
0
1
10
3
0
0
0
0
1
0
0
0
0
0
1
0
0
24
28
0
7
15
10
10
19
27
11
0
42
31
0
0
1
2
2
0
2
0
0
0
0
5
2
0
0
0
0
0
0
0
0
0
0
0
0
0
0
9
15
0
0
0
0
0
0
0
20
38
11
0
8
15
22
16
15
4
0
0
3
0
0
0
0
0
0
0
0
0
1
0
0
0
0
0
0
0
0
0
0
0
0
0
0
0
0
0
0
0
0
0
0
0
0
0
0
0
0
0
0
0
0
0
0
0
0
0
0
1
0
0
0
0
0
0
0
0
0
0
0
0
0
0
0
0
0
23
31
2
10
14
6
8
0
0
0
0
5
0
0
0
0
0
0
0
0
0
0
0
0
0
0
0
0
0
0
0
2
3
0
0
0
0
0
0
0
1
0
0
0
0
0
0
0
0
0
0
0
0
0
0
0
0
0
0
0
0
0
0
0
0
20
33
9
3
13
15
4
3
0
0
0
0
0
0
0
0
0
0
1
1
3
3
0
0
0
0
0
0
0
0
0
2
0
0
0
0
0
0
0
0
0
0
0
0
0
0
0
0
0
0
0
0
0
0
0
0
1
14
18
28
45
56
96
101
148
145
176
199
203
227
208
222
205
169
143
131
100
47
24
11
11
5
3
3
0
0
1
1
0
0
0
0
0
2
9
4
7
4
3
2
2
9
10
6
2
3
2
1
6
2
2
1
2
0
2
0
0
0
0
0
13
26
10
7
54
24
4
18
13
17
9
2
5
20
65
40
14
0
0
0
0
0
0
0
0
0
0
1
0
0
6
64
112
124
111
97
122
167
282
714
1025
1085
1219
1197
1119
1007
908
791
779
649
463
407
327
325
289
263
263
209
129
78
33
7
1
2
16
21
11
9
7
2
2
3
23
24
27
8
2
1
4
6
19
27
38
47
38
20
5
1
0
1
0
0
0
0
0
0
0
0
1
6
3
6
2
0
0
0
0
0
0
0
0
0
0
0
0
0
0
0
0
0
0
0
5
13
7
0
0
0
0
0
0
8
85
246
384
614
700
719
765
763
535
383
225
88
77
43
32
41
48
56
55
51
55
52
41
23
10
8
4
24
34
53
111
202
393
561
672
847
907
895
1001
978
794
634
585
520
419
285
288
298
420
581
572
563
493
301
134
81
140
204
219
181
119
69
36
13
3
11
12
4
2
4
0
0
2
1
0
6
9
17
19
25
29
22
8
1
1
0
0
1
0
0
11
11
5
1
1
1
15
37
43
37
28
11
11
24
35
11
6
12
27
24
41
45
60
59
40
24
29
9
5
0
0
0
0
0
0
0
0
0
0
0
0
0
0
0
0
0
0
3
3
2
4
7
9
9
6
15
39
67
113
150
198
209
172
165
157
126
108
95
93
79
36
17
4
1
0
0
0
0
0
0
0
0
0
1
1
1
0
0
1
2
0
0
0
2
0
0
1
1
0
2
0
2
2
0
0
1
8
7
5
4
0
0
0
0
0
4
0
0
1
0
0
0
0
0
0
0
6
0
0
0
0
0
0
0
0
0
0
0
0
0
0
0
1
47
19
0
18
18
16
9
3
0
0
0
0
0
0
0
0
0
0
0
0
0
0
0
0
0
0
0
0
0
0
2
0
0
0
0
0
0
0
0
0
1
0
0
0
0
0
0
0
0
0
0
0
0
0
0
0
0
0
0
35
27
16
22
15
8
1
0
0
0
4
0
0
0
0
0
0
0
0
0
0
0
0
2
0
0
0
0
0
0
0
0
0
0
0
0
0
0
0
0
1
0
4
0
0
0
0
0
0
0
0
0
0
0
0
1
20
51
12
15
18
17
11
4
0
0
0
0
0
0
0
0
0
0
0
0
0
0
0
0
0
0
0
0
0
0
0
0
0
0
0
0
0
0
0
0
4
70
95
112
134
128
116
77
37
20
13
18
20
23
16
9
0
0
1
0
0
0
0
0
0
0
0
0
0
0
0
0
0
0
0
0
0
0
0
0
1
2
1
0
0
0
2
1
0
0
0
0
0
0
0
0
0
0
0
0
0
0
0
0
0
0
0
0
0
0
0
0
0
37
31
0
17
16
11
12
3
0
0
0
0
0
0
0
0
0
0
0
0
0
0
0
0
0
0
0
0
0
0
0
0
0
0
0
0
0
0
0
0
0
0
0
0
0
0
0
0
0
0
0
0
0
0
0
0
0
0
0
0
0
0
1
0
0
0
0
0
4
2
0
0
1
3
11
47
48
54
47
36
46
19
18
36
76
117
117
128
260
528
653
636
553
474
443
479
619
697
721
744
767
796
830
738
675
597
524
454
352
262
207
216
175
157
151
145
110
52
35
56
95
147
212
244
166
78
143
212
237
239
235
244
233
215
217
194
160
124
114
105
114
146
184
242
363
484
597
667
575
501
437
316
314
284
232
122
73
60
76
101
152
186
174
196
237
276
344
377
441
465
458
459
473
501
517
523
519
495
412
292
171
116
182
253
315
236
63
197
295
358
394
388
369
384
368
305
268
232
197
203
213
271
376
454
372
97
123
235
317
365
399
472
499
542
546
543
506
457
501
356
298
345
275
197
147
94
74
72
119
177
235
267
283
335
401
479
653
808
983
1131
1265
1421
1446
1451
1347
1204
1111
940
708
487
392
317
313
259
231
273
287
339
319
134
62
23
35
61
62
43
32
19
1
0
0
4
5
1
0
0
0
0
0
1
0
0
0
0
0
0
0
0
0
0
0
0
0
0
0
0
0
19
32
6
9
17
14
8
6
11
13
18
37
71
169
314
375
312
57
0
16
32
13
1
0
0
0
1
11
5
1
1
0
0
1
0
5
7
8
0
1
5
0
0
0
10
25
24
23
4
2
2
1
0
0
0
0
0
0
0
0
0
0
0
0
0
1
0
0
0
2
3
8
6
20
34
1
18
8
4
0
0
0
0
4
0
0
0
0
0
0
0
0
0
0
0
0
0
0
0
0
0
0
0
0
0
0
8
2
0
0
0
0
0
0
0
0
0
0
0
2
15
36
32
48
25
1
20
20
13
7
0
0
0
0
0
0
0
1
0
2
0
0
0
0
0
0
0
0
0
0
0
0
0
0
0
0
0
0
0
2
19
46
73
69
49
43
30
5
0
0
0
1
2
2
1
0
0
0
0
0
0
0
0
1
4
3
1
0
0
0
0
0
0
0
2
23
32
1
12
23
26
24
6
2
4
2
0
1
0
4
44
178
298
426
521
596
654
894
1333
1628
1570
1419
1266
1039
978
778
645
397
286
276
264
212
162
139
147
170
138
121
87
62
58
56
87
97
99
116
72
11
22
19
16
15
2
0
0
2
5
0
2
0
0
0
4
32
22
7
1
3
12
33
24
8
0
1
3
0
0
0
6
12
5
0
4
1
3
0
0
33
56
18
10
5
2
0
0
0
13
11
2
9
11
3
0
0
0
0
1
0
11
10
0
0
1
0
0
0
0
0
0
0
0
0
0
0
0
0
9
2
3
2
0
1
0
0
0
0
0
0
0
0
0
0
0
0
0
0
0
0
0
0
0
0
0
0
0
0
0
0
0
0
0
0
0
0
0
2
0
13
29
16
0
11
13
9
4
3
0
0
0
0
6
2
0
0
0
0
0
0
0
0
0
0
0
0
1
1
3
5
14
10
4
3
7
10
13
18
15
12
5
1
1
1
0
0
0
2
7
1
0
0
0
0
0
0
0
0
15
37
12
0
10
16
12
7
8
1
0
0
0
0
0
0
0
0
0
0
0
0
0
0
0
0
0
1
19
0
8
18
26
2
0
1
0
0
9
31
11
14
12
9
2
1
0
0
0
0
0
0
3
0
0
0
5
2
4
24
57
76
92
53
31
10
11
7
6
1
1
5
4
1
2
0
0
0
0
17
49
2
2
20
19
25
16
5
11
8
4
4
3
7
8
9
10
7
3
1
6
5
4
1
0
0
5
2
0
0
0
13
12
0
5
0
0
0
0
0
0
0
0
0
0
0
0
9
14
0
0
0
0
4
0
0
0
0
0
0
0
0
0
3
8
0
0
0
0
0
0
1
0
0
0
0
0
0
0
0
0
0
0
0
0
0
39
24
3
18
14
8
15
8
5
2
5
3
4
3
4
2
0
4
1
0
0
0
0
0
0
0
0
0
0
0
0
0
9
0
0
0
0
0
0
0
0
2
5
30
32
0
0
9
12
7
4
1
0
0
0
0
0
0
0
0
0
0
0
0
0
0
0
0
0
0
0
0
2
0
0
0
0
0
0
0
0
0
0
0
0
1
0
1
0
0
0
0
2
3
0
0
0
0
0
0
0
0
0
0
0
0
0
0
0
0
0
0
0
2
0
0
0
0
0
0
0
7
2
1
0
0
0
0
0
0
0
0
0
0
0
0
0
0
1
8
3
0
14
46
2
18
17
13
10
5
0
0
0
22
25
6
0
0
0
25
37
5
0
0
0
0
0
1
0
0
0
0
0
0
0
0
0
0
0
0
0
0
0
0
0
0
0
0
0
0
0
0
13
3
13
25
3
16
23
23
6
4
0
0
0
4
2
0
17
31
34
6
13
26
13
21
117
324
487
638
700
570
474
522
572
599
575
532
523
419
389
367
315
214
183
169
88
43
47
38
34
33
20
16
12
2
3
5
5
22
22
32
33
18
20
23
12
7
5
18
16
6
9
8
3
1
2
17
66
48
65
56
23
14
12
12
9
13
11
6
2
3
11
20
38
85
416
296
269
205
112
36
7
1
1
5
1
12
31
47
39
19
9
10
49
18
3
15
14
16
7
6
6
10
15
2
0
0
0
0
0
0
5
10
28
38
49
42
17
18
0
0
0
1
3
7
8
7
7
6
2
2
3
1
1
0
4
9
15
15
12
16
11
8
0
0
0
4
49
88
102
101
125
128
124
114
101
89
85
78
49
33
4
4
1
0
0
0
0
0
0
1
18
109
210
262
266
202
90
27
39
51
61
51
38
53
37
14
8
6
5
6
10
10
12
2
0
0
0
5
3
0
6
72
96
53
7
7
11
12
2
0
11
81
197
240
214
211
157
59
26
32
52
56
30
17
29
48
56
35
35
35
32
25
20
15
16
15
22
122
199
159
150
237
379
351
327
286
230
185
132
132
96
86
87
86
92
63
36
34
56
87
113
121
180
242
298
335
320
296
301
331
429
490
605
848
1142
1356
1507
1596
1776
2096
2207
2235
2127
1904
1667
1441
1342
1377
1473
1564
1655
1779
1828
1709
1570
1461
1310
1245
1176
1125
1109
1134
972
907
829
809
811
876
871
753
748
728
698
566
464
339
204
153
78
52
37
24
13
11
2
1
1
18
30
31
22
12
11
10
57
56
20
31
26
25
21
41
55
73
76
73
29
10
7
12
16
24
20
15
14
16
18
16
19
8
5
7
10
5
3
3
4
21
34
22
19
10
3
0
0
0
0
0
0
0
1
0
0
0
0
2
2
3
3
0
0
0
0
0
0
0
0
0
0
0
0
0
0
0
0
1
0
0
0
2
1
0
2
4
7
4
15
11
1
1
1
0
2
0
0
0
1
15
19
12
20
26
30
24
16
2
0
0
0
28
68
40
35
29
28
2
0
0
1
0
2
1
1
0
2
6
1
1
0
0
0
0
0
0
0
0
0
0
0
0
0
20
22
0
17
17
15
3
0
0
0
0
0
1
2
0
0
0
0
0
0
0
2
0
0
0
0
0
0
0
0
0
0
0
0
0
0
0
0
0
0
0
0
5
3
0
0
0
0
0
0
0
0
0
0
0
0
0
0
0
2
0
0
0
1
3
2
0
0
0
0
0
0
0
0
13
28
53
48
38
30
26
26
19
0
11
18
12
8
2
0
0
4
2
3
0
0
0
0
0
0
0
0
0
0
0
0
2
0
0
0
0
0
0
0
0
11
26
24
1
0
10
15
16
9
0
0
0
0
0
0
0
0
0
0
0
0
0
0
0
0
1
0
0
0
0
0
0
0
0
0
0
0
0
0
0
0
8
52
31
6
6
16
9
6
4
3
2
0
0
0
0
0
0
0
0
0
0
0
0
0
0
0
0
0
0
11
0
0
6
5
0
1
21
19
0
0
0
0
0
1
1
0
0
5
3
0
0
0
3
0
0
0
3
2
0
0
0
1
0
0
11
3
0
0
0
0
0
0
6
0
5
13
1
0
1
0
0
0
0
0
0
0
0
17
88
62
17
5
33
28
7
33
54
56
51
36
29
42
44
6
3
5
2
0
0
0
0
0
1
0
0
2
0
0
0
0
0
0
0
0
0
0
0
0
6
0
1
0
0
0
0
0
0
0
0
0
0
0
2
0
15
31
18
16
0
10
33
3
0
13
8
7
3
0
0
0
0
0
0
2
8
15
9
9
1
0
0
0
0
0
0
0
0
0
0
0
0
2
0
0
0
0
4
3
18
1
0
1
0
3
13
59
68
77
120
192
275
446
518
632
710
899
1206
1230
1382
1379
1117
736
642
580
416
564
504
420
287
103
73
70
55
45
95
55
9
8
9
26
109
141
115
116
59
2
11
24
34
9
1
14
32
14
15
8
4
4
3
0
1
0
0
1
6
3
0
0
0
1
52
32
0
11
14
13
6
2
1
0
1
2
3
5
7
8
3
1
4
9
61
71
125
68
24
5
13
24
44
44
41
22
17
21
35
52
76
74
54
34
16
6
3
4
23
26
13
0
0
1
0
0
9
15
18
5
15
10
2
2
15
18
40
54
42
49
52
68
92
103
86
74
66
42
62
53
50
51
81
75
56
33
19
9
3
7
6
13
25
50
35
29
23
22
20
27
26
35
45
45
58
66
67
92
81
60
45
24
21
9
12
9
5
11
19
25
22
23
15
12
10
0
4
2
2
5
15
17
22
38
25
5
8
8
0
0
0
0
5
10
33
39
43
26
30
28
37
60
96
130
172
238
264
263
236
175
100
26
24
66
93
97
99
132
177
172
154
146
111
116
111
88
80
82
122
156
172
164
127
48
8
38
73
104
123
87
48
5
11
48
72
85
70
29
6
1
1
3
4
3
3
27
71
80
103
85
65
51
14
4
26
58
85
99
74
46
39
14
0
22
77
97
91
60
43
31
20
30
38
64
100
17
2
9
40
27
30
45
40
20
7
1
10
12
10
10
6
1
0
1
0
0
0
0
0
0
0
0
0
0
1
4
0
0
0
1
2
0
2
18
18
23
17
21
20
13
2
1
8
17
23
25
29
32
27
11
9
3
0
0
0
0
0
0
16
25
22
10
23
29
18
12
8
10
18
20
24
21
10
3
5
11
2
2
2
0
1
1
1
2
0
0
0
0
1
4
5
8
3
0
26
26
4
4
16
11
10
7
2
2
4
7
1
0
0
0
0
0
2
3
3
1
0
1
0
0
0
0
0
0
0
0
1
4
4
1
0
0
0
0
0
0
0
0
0
0
0
0
0
0
0
0
3
3
1
0
0
0
1
14
34
44
26
13
17
13
12
14
10
7
6
1
0
0
2
3
0
0
0
1
13
11
2
2
3
11
10
0
13
27
28
15
3
0
0
0
0
7
13
8
3
37
87
57
1
8
35
40
13
2
10
24
12
0
15
30
22
8
2
4
22
17
1
0
0
1
37
84
45
4
33
51
42
5
15
61
75
10
48
113
120
98
38
6
24
23
9
9
50
81
90
173
311
390
526
593
584
372
46
186
204
82
16
74
61
11
2
22
11
3
1
4
11
5
3
13
59
204
323
434
428
403
339
485
555
622
648
688
761
754
446
296
393
466
364
245
140
58
24
2
0
1
5
14
15
1
0
28
29
13
3
3
2
1
0
0
3
0
0
0
0
0
0
0
0
0
6
34
136
281
484
620
678
708
588
369
128
21
130
169
183
162
145
127
154
179
123
48
169
139
311
569
715
830
831
876
829
742
589
426
278
160
67
54
56
98
151
138
96
27
24
49
42
33
233
509
513
300
93
103
101
3
50
92
87
42
12
8
26
14
2
0
0
16
41
84
127
160
169
133
90
66
69
105
142
123
79
78
120
170
280
451
547
584
811
753
528
304
127
32
8
0
0
8
7
2
0
8
60
169
258
472
616
812
762
789
984
977
1135
1281
1503
1461
1214
430
427
716
514
104
187
282
244
108
6
18
31
16
24
45
40
29
12
0
9
35
68
144
298
445
490
351
106
180
361
379
263
71
36
70
53
14
24
35
33
29
23
23
13
1
0
0
0
2
10
13
17
24
20
5
0
0
201
426
640
756
783
646
426
201
120
99
22
3
16
25
76
33
1
22
26
16
4
1
0
0
0
5
6
9
10
5
1
0
0
0
0
0
3
11
32
18
15
13
11
1
0
0
0
12
11
0
0
1
0
6
23
68
120
231
335
351
306
264
142
18
37
35
7
1
6
1
0
3
29
22
0
6
16
11
16
6
0
0
0
1
8
9
29
46
120
151
170
155
85
80
112
133
102
3
67
139
196
192
159
111
89
127
155
118
57
20
8
6
21
128
296
468
575
487
197
115
258
233
119
71
143
225
286
280
273
224
205
171
123
95
125
87
133
251
329
292
118
5
60
73
25
0
0
3
0
1
9
22
31
27
27
24
10
8
0
50
15
15
33
30
29
18
11
14
12
9
2
6
8
7
15
20
18
13
10
6
0
2
0
0
0
0
0
0
0
0
6
6
5
4
0
2
0
0
1
0
1
2
10
11
12
43
57
22
14
50
114
176
281
383
448
449
441
384
308
192
127
79
68
37
18
17
35
57
95
118
144
160
154
146
133
103
75
60
40
41
21
8
0
0
0
41
31
16
37
34
17
2
0
0
0
0
0
0
0
0
0
1
4
0
0
0
0
0
0
0
3
10
2
5
3
3
0
4
3
2
3
3
2
1
2
5
16
111
162
145
106
32
0
22
29
8
0
10
17
7
1
0
0
0
0
0
0
13
0
0
7
5
12
2
7
116
263
433
637
685
659
583
500
450
403
297
213
79
50
136
193
216
195
138
92
167
191
85
11
46
105
112
91
41
11
40
93
189
217
232
242
219
169
105
55
24
2
3
8
12
14
10
17
23
31
43
50
77
102
111
87
21
2
18
14
2
1
0
0
0
0
6
10
16
18
18
15
21
11
7
0
3
0
3
6
3
2
8
8
7
6
9
25
34
49
56
54
58
78
61
71
58
51
24
5
2
12
25
33
93
215
261
212
177
270
280
183
216
266
234
134
100
298
385
433
365
172
32
53
33
19
6
35
42
73
134
201
285
343
392
387
370
340
411
486
673
967
1246
1463
1129
697
126
551
664
732
770
820
811
794
811
841
895
933
931
816
710
647
660
799
789
629
217
315
328
311
174
68
38
8
5
10
32
37
19
17
102
131
169
221
168
161
133
85
30
5
6
17
14
19
36
64
89
120
189
309
357
345
360
372
397
384
336
281
268
239
213
193
174
186
191
190
187
195
204
430
636
670
516
122
317
409
434
431
466
452
374
331
275
226
213
210
186
167
149
121
108
75
57
53
51
49
60
57
58
49
105
281
390
381
312
59
37
62
35
14
21
6
6
8
0
0
0
0
5
19
34
31
20
10
5
9
32
56
141
220
255
345
376
396
376
336
282
231
160
87
43
34
27
23
25
56
134
74
4
47
162
200
246
255
179
94
41
34
54
69
69
71
93
104
83
71
49
40
38
30
71
152
144
111
30
22
79
120
150
137
142
128
145
148
138
110
86
56
45
18
14
16
39
78
228
262
150
38
3
4
4
0
0
0
3
0
0
0
0
1
0
0
0
0
0
34
39
0
11
6
6
2
0
1
1
1
0
2
0
0
10
76
198
338
420
465
443
360
161
48
7
5
13
8
2
5
7
2
0
5
27
34
28
21
11
4
0
0
3
2
1
0
6
37
87
109
144
199
217
252
314
309
281
178
30
64
111
102
29
13
36
110
142
151
137
99
94
86
100
127
196
286
394
495
533
493
393
256
133
60
19
18
44
129
239
298
294
194
36
5
19
17
40
306
533
677
630
503
315
274
197
143
151
170
185
192
188
186
169
162
159
172
189
207
204
218
212
190
116
113
153
192
226
205
225
220
201
170
149
130
103
74
60
67
78
118
155
252
328
349
287
175
65
4
6
18
34
88
222
411
589
625
560
504
459
347
109
307
353
382
389
424
489
516
503
482
461
462
446
332
94
361
441
445
431
387
321
271
250
232
200
174
137
106
108
93
91
67
58
44
35
52
58
21
6
16
12
9
4
0
0
0
0
4
6
3
0
0
1
1
0
0
2
11
10
20
31
35
39
162
236
227
188
123
111
89
46
16
13
23
34
43
16
1
2
8
4
0
4
7
8
123
256
331
364
389
387
366
204
68
43
26
23
15
0
4
20
13
6
19
47
49
31
5
0
5
11
18
25
38
71
172
287
341
348
270
151
23
1
5
1
0
2
3
3
2
0
1
1
1
0
0
0
0
0
0
1
11
90
186
228
292
335
349
431
506
569
667
722
751
821
806
842
775
718
1415
892
991
1196
1482
1826
2043
2193
2323
2361
2339
2230
2123
2011
1881
1821
1745
1615
1528
1472
1238
1146
995
852
787
655
545
358
196
147
125
75
38
55
51
20
30
18
16
15
2
0
0
1
1
0
0
0
0
0
2
17
22
26
32
26
55
97
147
169
185
188
205
208
225
180
158
88
115
68
34
13
8
14
26
21
19
23
31
26
41
11
2
11
14
12
10
17
21
28
36
41
27
30
33
43
29
22
10
15
19
14
3
3
5
6
11
8
14
11
14
14
17
17
12
8
7
1
0
3
0
0
0
0
1
5
8
11
9
6
11
15
9
15
12
3
4
6
5
7
6
16
30
24
33
32
34
6
9
8
14
28
27
21
22
8
7
8
10
7
6
6
4
0
0
0
0
0
22
34
2
0
0
11
6
7
9
19
46
62
85
160
76
75
71
80
80
126
196
238
266
311
291
319
250
152
70
19
8
31
54
79
160
213
220
178
124
46
26
14
19
10
3
0
1
4
8
4
10
10
5
5
12
21
53
45
57
96
81
47
68
36
25
13
5
0
0
0
0
0
4
57
38
9
29
23
23
10
4
2
0
0
0
0
0
1
2
2
3
8
7
21
12
23
32
67
100
138
194
228
260
276
310
300
221
141
67
27
4
7
10
10
10
1
0
0
0
0
0
0
0
0
0
0
0
18
29
3
9
14
12
6
2
0
0
0
0
0
0
0
0
0
0
0
0
0
0
0
0
1
0
0
0
0
0
0
0
0
0
0
0
0
1
1
0
0
5
2
0
1
0
0
0
0
0
0
0
0
0
0
0
0
0
0
0
0
2
1
5
7
8
7
5
37
22
0
5
16
13
9
16
16
1
1
0
0
0
0
0
0
0
0
0
0
0
0
2
1
0
0
0
0
0
0
0
0
0
0
0
0
0
0
0
0
0
0
0
0
0
0
0
0
0
0
0
0
0
0
0
0
0
0
0
0
0
0
0
0
0
0
0
34
24
0
12
16
11
4
1
0
0
0
0
0
0
0
0
0
0
0
0
0
0
0
0
1
4
17
63
141
212
243
255
248
291
265
239
213
185
186
170
141
93
59
54
42
66
130
193
255
281
263
352
351
286
142
40
27
16
12
19
16
12
6
8
12
17
21
30
51
178
103
143
204
263
247
176
90
16
0
0
0
4
9
8
4
1
0
0
0
1
0
1
2
0
0
0
0
1
2
1
0
0
1
5
0
0
0
0
0
0
3
9
1
0
3
12
9
5
0
0
0
0
0
0
0
0
0
0
0
0
0
0
0
1
0
0
0
0
3
1
0
0
0
0
0
0
0
0
0
0
0
0
20
33
8
0
10
14
8
8
1
3
5
6
0
0
0
0
0
3
11
19
20
24
30
35
41
62
80
94
106
102
98
48
28
17
15
38
125
203
259
279
300
298
298
272
246
221
207
186
95
54
40
38
27
33
85
82
34
0
0
0
0
0
17
50
56
39
33
15
2
1
1
0
0
1
2
0
0
0
0
0
0
0
0
0
0
0
0
0
0
8
25
27
25
16
7
1
1
0
0
1
0
0
3
2
7
22
38
17
10
21
12
4
7
13
9
3
4
0
2
5
1
0
3
15
16
16
14
14
3
0
0
0
0
0
0
0
0
0
0
0
0
0
0
0
0
0
0
1
0
0
0
0
0
0
0
14
32
11
0
24
69
139
192
221
246
269
260
222
174
174
191
284
403
488
587
676
691
590
500
464
414
512
512
405
257
105
54
74
90
107
125
130
139
137
160
172
219
238
250
267
264
256
203
168
158
123
97
83
53
38
34
33
24
23
16
27
12
3
44
99
171
205
259
289
267
152
21
97
140
117
102
118
182
253
313
301
288
253
188
145
135
216
327
439
559
678
683
579
291
57
68
71
32
5
7
5
0
3
5
9
8
1
0
0
0
0
0
0
0
0
0
2
0
0
2
15
38
72
109
138
181
213
224
260
296
346
307
205
64
142
138
65
25
104
175
274
314
330
298
274
269
285
277
244
175
49
28
83
65
39
3
0
9
22
26
12
1
0
0
0
0
0
0
0
0
0
0
0
0
0
6
17
38
61
89
104
135
189
258
294
360
395
397
369
297
223
159
127
125
121
119
147
202
272
299
282
194
70
1
4
10
10
12
4
0
0
3
16
13
1
0
0
0
0
0
0
0
0
0
0
0
0
0
0
0
0
0
4
6
0
0
0
0
0
0
0
0
0
0
0
0
0
2
6
1
0
5
33
73
101
102
96
68
34
23
8
9
22
19
57
130
194
255
303
351
307
235
122
40
0
9
6
1
0
25
21
0
13
12
20
34
64
79
88
58
37
21
25
42
95
124
151
162
172
186
164
106
11
43
143
108
33
14
47
34
6
1
20
30
49
23
2
4
7
14
37
35
0
75
261
433
560
557
422
167
17
95
119
81
18
0
0
0
0
0
4
8
6
2
1
0
1
1
4
15
84
228
417
513
567
555
505
400
296
252
208
182
148
117
214
301
242
55
20
20
49
55
27
6
1
1
3
3
5
6
3
2
1
1
0
0
0
0
0
0
0
0
4
1
0
0
0
0
0
0
1
0
0
2
1
0
0
0
0
0
0
0
0
0
13
31
6
0
9
15
11
9
2
0
0
0
0
0
0
0
0
0
0
0
0
0
10
23
5
2
5
8
16
9
14
3
0
0
0
0
1
0
0
0
0
0
0
0
0
0
0
0
0
0
0
0
1
0
0
0
0
0
0
0
1
3
0
12
46
9
0
6
11
14
14
6
3
0
1
0
0
1
3
10
23
28
40
41
46
34
17
12
4
7
2
9
17
38
55
70
74
64
64
59
49
46
54
170
205
165
101
14
2
21
12
1
0
0
0
0
4
0
0
1
1
0
0
0
0
0
1
2
1
0
0
0
0
0
0
0
0
0
0
0
6
52
11
0
10
14
17
13
12
8
13
17
2
2
12
6
1
0
1
0
0
3
0
0
0
0
0
0
0
0
3
0
0
1
7
11
18
14
6
0
0
0
4
14
37
122
195
199
172
59
0
22
57
116
169
206
235
230
219
206
117
46
3
4
6
5
0
0
9
7
4
1
0
0
2
6
20
14
6
3
0
0
0
40
13
1
16
21
28
23
32
30
11
8
4
2
6
5
1
0
1
5
9
4
7
8
11
14
24
24
12
0
25
19
1
0
2
17
27
36
40
17
7
0
0
0
0
1
9
9
12
15
7
0
0
0
1
9
27
76
146
181
177
169
132
42
2
47
66
20
6
26
28
5
40
118
159
164
155
156
174
210
240
271
276
263
270
270
242
216
214
204
210
278
276
332
309
266
150
30
22
26
10
8
4
2
1
0
2
11
97
177
178
57
40
121
162
170
142
86
47
20
5
1
0
0
0
5
155
348
660
949
852
663
447
320
388
362
229
316
314
245
245
251
307
341
329
262
167
57
13
13
28
15
16
21
30
34
23
5
0
0
9
55
136
300
494
604
586
593
351
438
453
190
33
27
26
107
124
52
317
377
334
138
321
478
509
486
442
312
243
373
401
395
119
211
368
413
418
478
456
434
370
273
185
209
321
433
440
294
181
393
445
452
439
385
345
314
276
297
329
361
381
360
348
329
242
145
40
42
129
175
240
270
289
322
367
392
447
393
434
377
317
245
173
114
57
22
33
15
1
12
16
6
4
2
1
2
5
2
16
27
35
70
187
294
424
575
675
778
869
973
1051
1125
1228
1156
1185
1157
1091
997
925
836
748
738
728
755
763
829
813
798
812
777
713
689
633
577
519
525
467
461
428
415
421
438
433
440
413
400
384
324
402
478
560
634
742
742
749
853
897
880
975
1023
1230
1389
1444
1319
1057
886
698
541
430
313
255
277
239
109
46
27
148
231
254
240
311
296
201
98
105
135
154
136
118
107
89
79
73
81
63
41
10
1
4
1
0
13
8
4
0
0
2
46
87
127
202
213
216
220
201
182
130
110
97
94
68
52
43
29
19
10
2
0
0
0
0
0
1
2
5
34
46
41
59
82
91
73
36
6
0
0
0
0
0
4
1
0
2
0
1
1
1
1
0
0
0
1
0
0
0
0
0
0
0
0
0
1
0
1
1
0
0
16
16
4
7
27
23
19
13
12
4
4
6
8
7
15
31
37
56
78
94
104
105
84
69
31
20
17
13
11
19
41
24
6
23
10
13
41
29
34
76
83
95
88
81
110
105
154
332
447
399
593
974
1201
1515
1568
1476
1305
1014
739
539
340
261
224
168
92
126
146
158
135
98
165
345
335
355
309
120
122
205
189
198
201
212
226
187
153
133
114
116
113
100
93
75
51
60
70
127
253
346
350
346
370
352
261
324
316
409
544
340
532
636
576
619
481
238
248
271
236
221
188
171
170
107
88
105
121
121
113
103
82
55
19
21
32
49
28
30
64
110
98
62
17
1
1
0
12
6
0
1
2
8
5
6
9
1
0
3
7
1
1
36
42
30
13
9
0
0
4
24
82
167
402
865
1067
1219
1028
610
378
422
549
614
650
539
408
316
375
550
908
1194
1429
2077
1771
1884
1904
1501
1536
1616
1594
1457
1422
1377
1048
1000
932
815
641
398
176
48
28
61
87
89
86
32
4
6
10
9
6
11
11
16
16
3
0
8
9
2
0
0
0
1
0
2
24
72
148
189
242
240
225
175
245
335
484
598
619
408
280
174
141
197
262
276
205
107
61
44
82
137
165
185
223
263
224
133
54
28
91
115
110
112
54
14
8
28
47
62
78
83
76
80
64
29
2
2
1
0
0
6
10
8
6
26
24
25
33
50
37
62
59
38
51
81
158
197
282
373
379
464
551
585
562
617
731
841
920
921
849
633
632
511
542
320
254
224
271
226
206
169
75
23
36
61
66
52
50
36
15
1
3
19
13
6
5
0
19
31
15
0
6
13
13
4
3
45
32
3
6
3
9
7
7
0
0
4
2
16
68
71
38
48
43
16
5
76
234
404
433
444
384
230
70
31
102
53
34
103
212
265
334
449
533
623
927
1092
1364
1520
1726
1507
1313
1347
1791
1854
1603
1677
1517
1150
1049
1086
1185
1628
1854
1808
1568
1275
956
783
975
973
785
497
310
316
290
236
196
147
101
78
72
91
137
176
151
171
162
168
154
262
468
704
843
928
890
1003
840
451
400
258
193
155
154
156
164
208
230
251
302
314
279
246
129
76
62
107
128
151
165
62
26
4
2
0
10
29
25
27
32
30
33
29
27
26
31
39
40
92
120
160
192
194
118
65
40
47
72
99
139
93
105
189
191
177
111
78
48
43
50
67
37
33
11
7
7
0
0
0
3
0
0
0
0
0
0
0
0
0
2
25
169
440
636
499
842
1126
1158
999
857
842
1276
2019
1564
925
522
700
844
983
1014
738
440
357
273
146
200
288
350
333
353
344
90
36
32
62
43
28
27
13
110
291
362
287
193
170
168
186
219
229
197
187
287
456
517
587
194
83
108
104
53
89
111
100
126
107
50
92
84
72
106
151
152
131
79
59
83
170
384
648
878
877
599
960
1348
1288
1074
723
197
747
548
194
834
1156
1353
1622
1964
2323
2425
2402
1992
2167
2543
2606
2570
2044
960
384
768
968
870
688
459
240
315
452
509
421
261
58
27
111
154
124
81
54
4
39
40
151
284
412
513
534
490
459
401
340
755
1033
902
1042
1137
839
270
284
301
207
184
254
252
226
293
398
494
496
444
372
300
270
172
340
261
368
456
447
356
259
214
211
163
96
85
91
110
150
195
218
200
128
52
34
31
45
67
126
179
180
163
97
63
71
72
94
107
96
57
48
70
113
152
186
214
227
205
151
79
11
11
10
4
0
0
0
0
0
0
0
0
0
3
20
73
220
394
663
736
535
218
609
913
1256
1467
1639
1596
1348
1048
901
636
495
376
308
237
204
143
63
13
25
52
136
187
195
243
328
443
620
871
1047
1187
1283
1462
1677
1914
1892
1866
1872
1917
1779
1404
1127
771
579
609
734
1008
925
762
592
380
169
46
37
60
56
63
54
59
44
31
13
8
7
8
62
165
355
588
947
1296
1378
1304
1168
1006
743
615
557
427
462
567
760
1082
1228
1182
1031
659
532
650
912
1083
1169
1125
957
756
608
452
278
169
84
53
41
38
19
11
16
19
24
30
13
7
7
6
7
17
51
62
54
41
16
10
5
9
14
11
5
7
13
13
0
35
107
121
106
81
70
53
38
9
0
0
0
0
3
17
64
114
168
194
197
128
75
24
3
24
14
4
1
0
1
2
4
37
15
6
54
102
124
77
48
82
50
4
2
3
15
19
12
3
3
4
14
25
30
103
148
195
181
189
223
231
186
169
195
134
166
177
147
98
132
167
168
163
178
145
40
7
6
10
19
38
35
32
19
5
4
0
0
12
16
23
26
15
9
5
5
2
38
109
108
68
35
32
66
56
41
10
7
39
97
137
163
132
76
34
7
2
2
0
0
34
42
8
10
17
11
37
49
36
6
0
0
0
0
0
0
0
0
0
0
0
0
0
0
0
0
13
36
35
11
0
0
0
0
14
50
79
91
83
54
33
40
41
20
59
98
86
47
78
101
83
82
69
64
67
51
32
12
0
1
4
0
0
0
1
0
0
1
0
0
0
3
9
15
20
13
21
40
36
27
18
27
58
146
237
332
465
546
1059
987
466
491
643
855
1018
1266
1399
1552
1778
1850
1866
1630
1466
1376
1347
1263
1218
1171
1096
1117
1165
1234
1202
1104
860
629
388
268
211
187
234
318
372
395
374
317
233
144
104
48
13
4
3
4
3
3
0
0
1
3
2
5
2
1
3
11
25
36
40
37
20
2
0
0
0
1
6
2
4
21
32
62
61
45
29
13
1
10
30
30
32
26
24
16
9
7
3
0
0
4
6
3
0
7
4
15
29
37
28
8
0
14
17
6
0
1
0
3
4
1
0
0
3
7
17
71
40
19
31
37
31
26
15
2
0
17
25
20
7
3
0
0
0
0
0
0
0
5
5
3
0
0
0
0
0
0
0
0
0
0
0
0
0
0
0
0
0
0
0
0
0
0
0
0
1
3
9
9
6
3
0
0
5
13
49
50
47
25
6
0
0
0
2
7
6
3
4
5
16
25
16
4
0
0
1
0
0
0
5
17
29
29
36
19
0
0
0
3
3
30
33
2
13
34
69
99
111
111
90
66
23
15
9
2
1
1
2
7
10
11
11
10
5
4
1
1
0
0
7
17
20
13
6
3
1
0
0
3
8
6
13
15
14
21
16
18
22
8
10
9
11
11
23
64
37
77
110
93
74
53
32
15
12
10
5
5
0
45
78
67
21
22
36
33
19
18
17
4
4
1
0
3
10
13
28
46
50
23
4
0
0
0
8
8
7
1
1
0
1
17
39
17
9
5
8
10
9
2
2
1
0
0
0
0
0
0
0
0
3
1
0
0
2
5
0
0
2
1
20
30
41
19
25
27
30
55
108
66
55
39
20
11
5
1
0
0
0
0
1
0
0
1
0
1
0
0
0
0
0
10
6
12
26
4
0
0
0
0
0
0
0
0
0
0
15
16
18
53
67
82
69
33
22
13
10
9
7
12
17
45
75
47
20
21
23
7
1
7
19
34
37
23
0
2
3
4
5
9
22
38
36
28
15
10
4
6
15
9
3
2
0
47
18
2
21
33
27
20
14
16
6
3
9
11
4
0
6
20
47
59
41
0
24
38
33
36
21
12
0
2
3
1
0
0
0
2
0
2
1
0
2
8
13
13
10
0
0
3
3
2
2
3
0
2
9
23
8
3
1
0
0
13
5
16
29
42
53
59
37
8
25
26
24
17
4
5
27
37
30
18
63
57
17
10
72
70
47
46
52
62
48
34
11
22
12
8
8
5
2
5
5
9
13
19
26
60
42
0
33
60
75
70
43
45
58
77
111
108
111
45
30
15
27
80
58
75
106
175
204
195
183
149
82
37
25
4
8
4
6
4
0
1
3
1
0
0
0
0
4
4
0
0
0
0
0
1
0
1
0
1
3
15
10
8
0
0
0
0
0
0
0
0
0
0
0
0
0
0
0
0
0
0
0
0
0
0
0
1
1
19
51
51
16
14
11
0
1
2
0
0
1
0
2
29
52
85
70
61
46
24
9
4
6
1
0
0
1
0
0
0
0
0
0
0
0
0
1
16
16
1
0
0
0
0
0
0
0
0
0
0
0
3
0
0
0
7
15
0
0
0
0
0
0
0
0
0
0
0
0
0
0
1
0
0
0
0
0
0
1
27
36
41
98
90
100
76
68
42
28
9
4
3
0
2
3
12
34
55
59
83
100
79
53
44
34
20
15
8
6
3
2
1
1
5
4
0
0
0
7
75
78
7
10
21
21
13
7
11
43
75
87
101
92
82
70
46
49
47
54
76
72
78
59
39
16
3
2
3
5
4
5
5
4
5
4
3
0
0
6
19
27
29
11
6
5
2
6
5
4
7
6
5
9
29
29
3
18
21
12
6
2
0
0
0
0
0
0
0
0
0
0
0
0
0
0
0
0
0
0
0
0
0
3
1
0
0
0
0
0
2
2
4
10
4
0
0
18
50
44
17
2
1
5
9
3
2
0
0
0
1
7
5
36
30
2
14
16
11
6
1
0
0
0
0
0
0
0
0
0
0
0
0
6
34
33
37
9
2
18
15
13
17
4
3
13
15
20
30
22
14
9
1
0
0
0
0
0
0
1
0
0
3
9
8
11
19
15
4
2
0
6
18
13
4
0
0
3
3
2
0
0
0
0
1
2
0
0
3
0
0
0
0
8
4
0
0
22
39
18
8
9
10
8
6
0
0
0
0
0
4
0
0
0
0
1
0
7
36
30
3
0
0
0
0
0
0
0
0
0
0
0
0
4
30
40
15
21
32
36
48
55
42
25
1
31
50
72
64
46
34
23
14
11
5
0
6
17
16
20
22
23
18
7
10
11
11
9
12
15
16
3
2
1
0
0
0
0
2
4
1
3
9
10
13
19
11
2
0
1
9
33
25
9
0
0
12
11
6
3
0
0
0
0
0
3
22
24
22
21
20
22
11
0
14
25
37
38
44
29
12
6
4
6
7
5
0
1
0
0
0
13
24
14
18
31
37
32
16
26
35
14
0
1
1
2
0
0
0
0
0
0
0
0
9
41
26
2
5
15
14
6
3
1
0
0
0
0
0
0
0
0
0
4
24
3
0
0
1
8
16
30
22
11
5
10
14
11
14
19
12
18
6
3
0
0
1
0
0
14
20
24
27
29
33
9
5
5
15
24
17
8
25
54
61
41
60
58
35
61
70
57
14
4
8
6
5
14
15
10
10
21
13
22
6
12
32
25
29
24
3
0
5
21
19
3
3
4
3
0
4
2
10
7
12
0
4
0
0
1
22
70
30
13
6
28
32
19
20
23
7
8
7
3
0
2
0
10
13
39
56
61
58
41
34
29
20
5
14
18
25
58
52
23
15
10
19
25
11
7
11
10
1
4
13
23
28
31
40
43
44
37
16
9
6
1
0
0
5
14
19
26
51
63
49
44
41
23
40
32
27
61
71
40
20
7
6
30
90
107
299
633
1015
1496
1841
2230
2107
2037
2190
2574
2736
2212
1954
1584
1189
722
193
398
519
600
623
668
726
798
786
784
876
1060
1127
1186
1412
1462
1520
1570
1443
1206
1053
1021
1188
1137
1114
1139
1034
735
675
614
455
261
155
99
130
182
206
283
386
538
730
875
1089
1189
1209
1127
959
849
684
572
512
494
419
356
328
254
224
193
172
100
57
20
4
0
1
8
187
85
87
121
120
189
537
1237
1804
1354
1261
1176
881
572
619
984
983
704
267
261
295
224
176
150
120
68
30
2
1
0
1
0
0
1
0
0
0
0
0
0
1
0
0
3
2
5
0
0
0
1
8
11
7
15
124
216
254
272
215
122
207
563
898
1049
953
965
922
1161
872
499
354
187
431
603
553
348
262
201
175
110
59
51
59
27
3
1
11
22
33
36
34
35
7
3
0
2
19
82
316
433
549
599
721
691
791
618
503
490
439
445
347
298
277
277
368
389
398
349
354
431
465
378
334
250
129
119
175
171
142
148
213
366
534
652
683
641
608
573
650
933
1083
862
602
698
1071
1552
1974
1978
1914
1913
1935
1661
1508
1394
1113
760
658
594
479
315
431
606
734
773
675
501
410
293
213
192
255
397
586
658
743
811
846
843
893
909
884
813
699
497
571
697
720
800
852
728
477
513
360
271
201
370
532
564
452
307
65
175
332
328
306
345
442
572
758
913
913
1022
1066
1061
1104
1078
1122
1091
1104
1082
1078
1039
1086
1226
1193
1307
1350
1354
1406
1351
1299
1185
2064
813
700
619
568
543
523
493
369
303
295
281
214
157
164
149
160
177
152
131
119
87
86
87
110
130
115
94
61
32
36
32
31
34
36
17
32
40
55
46
41
37
24
18
20
32
43
52
45
49
55
61
53
58
97
130
214
326
614
812
643
516
723
893
822
514
68
230
246
162
89
72
98
108
132
153
114
77
44
24
15
8
10
37
94
150
194
226
235
149
114
144
218
315
441
493
603
588
464
335
296
176
73
97
187
323
443
479
402
309
232
166
87
38
50
90
121
172
181
169
120
43
7
11
29
45
50
41
27
19
2
2
20
20
9
23
43
54
90
79
72
64
35
30
14
22
29
79
74
93
114
99
42
18
13
25
61
101
159
232
255
351
448
600
777
1153
1504
1731
1678
1746
1894
1582
2040
1985
2120
2263
2404
2312
2147
2041
1731
1687
1604
1452
1071
664
246
359
374
341
262
104
10
133
247
323
382
417
431
478
426
287
379
286
339
370
415
378
316
195
122
146
143
109
112
132
246
301
239
102
106
155
188
303
400
388
299
250
180
154
85
69
84
82
86
80
55
63
47
23
8
7
11
6
3
3
32
198
406
605
803
822
435
578
700
554
362
244
336
580
1058
1584
1780
1352
1099
1001
701
686
636
443
342
280
359
481
591
675
837
762
505
553
695
677
548
390
224
226
164
105
65
55
50
38
48
87
69
75
113
122
189
205
187
207
219
204
217
217
231
223
221
196
135
86
70
84
99
107
102
90
40
21
8
8
16
24
37
50
45
51
34
7
13
19
20
32
38
26
16
18
9
6
4
14
23
24
31
37
50
52
53
66
94
170
175
168
139
84
40
9
2
4
2
9
21
22
2
7
10
13
2
2
0
1
3
3
3
2
0
24
69
85
97
89
56
91
136
150
190
153
76
24
52
73
76
96
97
98
116
154
223
240
211
178
152
108
94
51
56
52
25
16
23
18
12
8
11
12
14
22
21
19
4
1
10
24
37
23
12
4
4
6
11
19
15
2
3
18
37
53
25
45
57
61
59
59
72
74
63
66
47
23
22
16
3
7
9
30
30
29
43
54
63
68
69
72
73
59
48
45
65
103
158
198
647
1190
1224
1118
1087
948
774
678
480
339
405
555
754
912
1150
1402
1260
1038
641
167
98
185
238
241
172
106
61
57
246
59
57
54
66
41
51
33
24
11
11
16
149
394
529
386
411
417
417
354
242
167
193
206
165
164
155
151
238
312
324
286
228
195
169
192
306
372
472
507
451
355
304
209
198
235
338
438
552
548
559
630
636
570
467
370
129
32
61
69
52
42
21
18
39
46
80
78
54
30
19
37
58
80
117
166
234
262
364
470
512
569
544
515
444
388
379
295
186
172
242
195
143
118
168
204
218
160
115
77
66
101
128
173
156
124
72
45
41
32
23
15
28
53
94
35
52
53
87
116
105
83
113
189
317
590
690
704
606
265
157
543
696
738
711
280
263
275
296
219
226
239
297
299
307
268
206
225
282
362
372
202
166
141
164
199
243
431
594
666
686
557
403
70
383
642
792
885
731
153
198
119
87
5
52
86
78
102
78
58
105
137
183
159
50
21
23
41
65
74
72
38
4
1
16
38
98
179
222
170
60
37
59
126
137
130
129
93
93
75
71
75
74
66
91
158
176
208
225
259
281
295
328
316
282
225
151
74
88
74
48
27
40
61
53
44
65
34
48
47
48
87
102
80
120
96
112
143
128
79
35
46
85
89
80
34
21
44
65
57
61
59
53
47
21
18
15
16
23
27
43
33
55
81
86
85
93
115
119
99
69
63
65
55
73
53
61
59
54
58
111
139
171
217
213
215
228
179
125
77
12
8
11
30
105
192
278
349
379
442
535
522
420
604
464
349
492
482
390
244
74
45
100
33
32
55
51
78
96
89
60
27
4
4
21
68
114
147
230
297
343
300
194
273
489
509
445
163
281
579
508
135
553
533
291
84
205
118
2
2
15
4
16
44
105
187
321
457
540
566
564
275
451
489
389
261
312
278
259
241
149
118
82
57
50
68
87
105
77
53
24
13
3
10
1
4
21
35
31
27
44
23
11
23
19
22
29
48
57
86
84
98
173
195
156
47
16
52
48
89
323
398
359
281
157
31
167
294
288
141
45
75
60
16
29
61
89
129
115
63
73
117
159
276
356
397
394
448
363
56
139
163
127
47
123
155
92
32
83
139
205
212
223
178
142
115
79
51
24
8
8
10
11
22
29
34
21
9
14
19
30
26
13
20
11
10
10
3
6
116
172
138
94
52
22
50
50
113
58
35
75
13
9
0
3
4
0
8
19
6
0
2
12
58
119
165
190
221
200
152
64
40
49
77
81
70
41
28
12
2
1
3
2
3
2
2
3
3
13
18
25
45
86
156
266
385
508
632
776
952
1126
1399
1576
1687
1483
1338
1361
1663
1661
1918
2205
2444
2366
1946
1356
1055
749
548
523
669
767
769
770
890
909
936
859
985
1075
975
823
654
517
328
413
440
431
322
209
149
134
139
76
17
4
0
0
0
0
0
4
4
2
10
24
17
2
11
5
1
11
7
9
50
51
5
0
5
16
19
2
0
0
1
0
7
5
10
6
4
11
11
3
2
5
3
0
1
0
6
7
3
1
0
0
0
0
0
1
1
23
152
255
243
102
8
0
0
0
2
5
12
16
64
72
40
15
2
0
0
0
8
33
27
26
35
7
0
1
9
5
7
21
30
34
13
5
4
4
24
41
36
19
13
31
50
33
8
33
29
9
0
0
2
0
0
0
0
0
1
0
0
0
0
0
0
0
0
0
0
0
0
0
0
0
0
0
0
0
0
1
25
24
14
0
0
0
6
15
13
1
0
0
0
0
0
0
0
0
0
0
0
0
0
0
13
31
21
11
65
106
124
128
118
121
65
4
0
0
3
13
7
19
60
66
42
9
0
0
0
0
0
0
0
0
2
3
12
21
20
1
0
2
4
16
33
32
21
19
13
1
0
1
15
26
12
15
15
33
37
2
8
30
53
55
46
49
55
57
46
42
55
50
37
18
3
2
5
25
46
60
52
57
51
42
65
95
143
177
179
90
25
17
22
6
11
24
14
5
17
44
62
39
9
0
2
4
6
44
38
14
6
13
8
4
9
18
20
3
2
3
6
9
9
26
38
17
1
11
7
9
2
0
2
2
0
0
0
0
1
0
0
1
2
1
0
0
1
3
5
2
3
3
16
14
3
0
0
0
0
0
0
0
0
0
0
0
0
0
0
0
0
0
0
0
0
0
0
0
0
0
0
0
0
0
0
0
5
0
1
8
10
38
49
16
2
2
4
15
18
17
7
0
1
0
0
0
0
0
0
0
0
0
2
0
0
0
0
0
1
2
1
15
29
15
0
1
11
9
10
7
4
0
0
0
0
4
9
21
27
32
30
34
17
3
2
0
0
0
0
10
0
0
0
0
1
12
8
8
7
2
0
0
1
0
1
0
0
0
2
0
1
7
8
21
59
68
34
50
43
38
39
39
31
30
28
19
9
2
1
1
0
0
2
2
1
4
6
6
0
0
4
27
50
60
19
0
7
10
10
5
0
1
0
0
6
9
14
19
10
5
2
0
0
0
51
27
0
22
19
9
4
0
0
0
0
0
0
0
0
0
0
0
0
0
0
0
0
0
1
0
0
5
0
0
0
0
0
0
3
0
0
0
0
0
0
0
0
0
0
0
0
0
0
0
0
0
0
2
0
0
0
0
2
12
44
13
3
16
19
40
30
3
0
4
0
0
0
0
0
0
0
0
0
0
0
0
0
0
0
0
0
0
0
0
0
0
0
0
0
0
0
0
0
0
0
0
0
11
32
3
16
16
57
192
254
361
555
645
734
822
764
774
997
1070
1024
898
748
587
448
374
286
229
198
194
177
155
108
56
13
2
0
4
12
7
3
31
50
52
47
30
16
14
52
28
0
12
16
16
22
28
78
168
213
182
101
5
30
40
22
5
0
1
1
1
0
0
0
0
0
0
0
0
0
0
0
0
0
0
0
0
1
0
2
3
0
1
0
0
0
0
0
0
0
0
0
0
2
6
10
5
0
0
0
0
26
44
68
231
362
373
195
183
96
12
47
15
29
60
10
37
27
30
19
14
6
31
14
20
20
15
8
20
10
20
14
0
0
0
0
0
0
16
47
80
107
120
93
71
33
15
14
7
10
7
13
5
0
1
0
0
0
5
10
10
4
3
4
0
0
0
0
0
0
0
0
0
0
0
1
0
0
0
0
0
0
0
10
21
26
3
0
5
8
4
3
5
13
8
2
1
0
0
0
11
21
13
0
2
7
12
11
20
13
7
18
34
40
43
21
9
11
9
1
1
1
3
1
0
0
1
0
0
0
0
1
1
0
3
22
73
72
35
12
7
5
2
3
3
3
2
0
0
0
11
18
13
5
3
2
4
7
2
1
5
4
11
6
0
0
0
0
4
34
42
69
133
186
285
336
386
468
491
559
628
648
657
643
666
751
881
1034
1047
851
608
411
309
254
209
182
212
232
274
228
180
150
92
89
70
90
82
24
54
83
124
82
37
44
44
23
10
1
0
0
1
0
0
0
3
1
0
1
0
0
0
5
11
41
70
61
65
82
95
105
105
96
66
18
3
13
29
25
11
37
51
40
30
30
35
54
54
58
73
63
25
50
42
14
18
21
17
0
2
6
18
15
8
10
19
13
5
3
4
9
13
11
2
0
0
0
2
6
12
14
8
1
0
0
0
0
4
28
30
7
16
13
7
4
2
0
0
0
0
0
0
0
1
0
0
0
0
0
0
0
0
0
0
0
0
0
0
0
0
0
0
0
2
6
13
8
20
21
33
53
92
135
143
148
137
92
49
24
11
4
1
0
0
0
1
1
0
0
0
8
16
12
10
10
5
0
0
0
4
33
42
25
9
4
1
1
0
0
0
0
0
0
0
0
0
0
0
0
0
0
0
0
0
0
0
1
1
2
23
31
16
22
26
21
7
9
7
5
6
0
0
0
0
0
0
0
0
0
0
0
0
0
1
2
2
0
0
0
0
3
7
7
5
4
0
2
10
12
9
3
0
1
0
0
0
2
7
10
12
6
14
16
13
5
10
6
0
0
0
3
6
24
25
0
4
14
11
3
2
0
0
0
0
0
0
0
0
0
0
0
0
0
0
0
0
0
0
0
0
0
0
0
0
0
0
1
0
0
0
0
0
0
0
0
0
0
0
0
0
0
0
0
0
0
0
0
0
0
0
0
0
0
0
28
24
0
12
10
12
6
1
0
0
0
0
0
0
0
0
0
0
0
0
0
0
0
0
0
0
0
0
0
0
0
0
0
0
0
0
0
0
0
0
0
0
0
0
0
0
0
0
32
28
0
12
9
12
6
0
0
0
0
0
0
0
0
0
0
0
0
0
0
0
2
2
0
0
0
0
0
0
0
0
0
0
32
31
0
10
15
12
7
3
1
0
0
0
0
0
0
0
0
0
0
1
0
0
0
0
8
9
9
8
4
0
0
0
0
0
10
13
0
0
0
0
0
0
0
0
0
3
0
1
4
6
0
0
2
3
0
0
0
0
0
0
1
0
0
0
0
0
0
0
0
0
0
0
0
0
0
0
0
0
0
0
5
6
3
0
0
0
0
0
0
0
0
0
0
0
0
0
0
0
0
0
0
0
0
0
0
0
0
1
0
0
0
1
0
0
0
2
4
5
3
5
0
0
1
25
22
0
16
24
19
7
0
1
0
0
2
5
44
2
0
0
0
0
0
8
9
7
7
7
3
0
3
3
3
10
12
23
18
6
5
0
0
0
1
2
0
0
6
0
0
0
0
4
0
0
2
0
0
0
5
13
15
59
25
7
19
21
13
8
0
4
1
0
0
0
0
0
0
0
0
0
0
0
0
0
0
1
0
0
2
0
0
1
0
2
1
0
2
2
1
0
0
0
0
0
0
1
0
0
0
2
1
2
0
3
2
0
2
5
0
3
5
5
13
23
63
113
174
233
317
458
593
597
603
642
640
609
516
660
892
1135
1434
1698
1851
1905
1969
2021
2098
2187
2299
2347
2444
2635
2655
2610
2537
2403
2055
1972
2208
2336
2395
2547
2698
2833
2860
2801
2695
2352
1793
1439
1239
1115
1128
1164
1180
1182
1134
1075
1115
1080
1057
1084
1127
1075
973
848
734
627
478
322
207
109
53
22
10
4
44
113
199
200
185
194
206
216
183
136
88
46
59
60
63
86
114
139
202
297
402
496
543
525
524
472
463
397
358
311
290
234
200
171
124
77
49
78
243
