416
645
362
105
114
95
658
883
1042
949
187
9624
327
381
375
452
524
599
746
925
1225
1546
1791
1958
2001
2033
2097
2219
2396
2479
2656
2632
2596
2477
2414
2254
2013
1780
1566
1362
1168
856
632
501
387
356
332
341
378
307
324
569
636
494
502
697
932
1178
1305
1359
1222
1107
1017
896
689
648
529
441
580
794
1015
1123
1217
1202
1111
1045
952
861
816
860
866
988
1030
1154
1289
1483
1550
1647
1746
1694
1517
1211
942
791
704
887
1254
1528
1601
1705
1812
1745
1508
1409
1275
1002
945
798
563
347
341
361
331
307
301
336
430
565
586
494
320
177
214
284
280
186
108
105
63
75
118
209
269
235
342
556
502
262
212
248
182
106
161
202
198
127
85
82
90
60
60
61
81
86
55
25
44
134
281
358
398
343
274
323
279
259
219
164
149
125
138
139
168
248
278
344
466
547
647
692
742
682
617
569
507
418
328
204
142
155
200
218
193
112
100
155
114
43
55
83
115
184
128
91
176
235
189
149
167
187
222
266
290
284
293
349
421
482
552
563
535
451
405
436
497
476
415
238
236
308
335
277
254
208
312
484
662
727
776
674
481
398
369
310
227
226
239
206
202
288
390
488
431
346
370
366
321
233
251
272
291
356
461
490
382
205
116
93
85
139
204
264
308
279
325
420
488
590
605
621
679
691
636
565
427
554
722
989
1201
1354
1554
1644
1549
1469
1458
1419
1280
1044
799
580
439
293
223
222
237
235
238
301
397
451
566
536
529
488
481
450
395
373
363
305
311
270
262
297
306
271
210
150
110
78
70
80
120
189
189
150
172
185
165
175
237
373
475
756
1027
1376
1219
1077
891
1302
1456
1581
1654
1783
1822
1824
1691
1364
1114
968
824
854
663
550
370
238
199
228
287
283
334
416
410
355
389
439
460
529
549
506
394
275
212
294
337
394
378
377
300
308
361
402
490
571
655
689
695
570
546
586
749
892
926
900
808
677
545
376
253
145
100
178
317
466
597
621
581
539
495
384
301
275
252
246
221
200
224
214
240
299
343
371
374
432
472
536
642
735
751
774
739
753
730
675
688
634
603
489
349
286
297
326
405
477
566
652
772
787
729
637
559
581
655
729
582
409
413
485
410
291
182
146
142
219
269
316
363
365
354
336
292
143
69
46
97
167
323
480
612
504
346
321
330
521
579
444
214
105
176
173
125
142
107
75
72
65
80
76
73
66
48
110
18
7
3
2
1
0
2
0
0
5
8
25
28
42
60
130
246
364
568
706
641
512
377
249
159
152
175
225
247
226
323
411
533
595
679
720
753
722
688
659
646
713
667
681
645
581
512
499
468
494
514
450
319
170
130
94
99
137
134
148
140
163
241
308
325
300
280
246
228
186
186
201
228
335
476
531
392
201
167
194
219
209
194
158
113
101
71
61
64
43
56
84
95
121
123
131
154
169
191
194
164
125
91
57
34
39
89
153
194
173
154
105
83
56
45
51
31
33
52
50
39
20
12
14
10
10
23
33
47
20
7
9
14
25
40
48
66
64
71
73
78
70
65
50
56
54
51
45
51
57
59
78
66
72
76
69
100
140
142
153
155
198
211
156
146
180
265
389
453
471
464
438
355
264
246
212
139
103
89
72
74
78
72
34
25
55
129
241
327
378
358
361
337
308
283
245
200
153
111
68
45
35
35
43
46
55
49
57
66
80
99
105
87
87
95
95
78
43
45
57
60
50
31
14
7
5
4
35
84
148
258
444
468
363
242
182
265
342
332
301
277
232
208
174
188
193
239
287
400
568
678
710
634
546
427
350
297
248
213
182
139
111
96
80
59
49
38
39
37
41
31
31
28
23
7
11
44
120
199
230
226
255
304
300
323
324
322
311
276
280
272
267
303
354
381
394
362
326
275
234
232
257
235
208
177
108
71
59
57
50
35
34
58
65
71
71
143
207
392
603
828
1104
1257
1468
1764
2059
2380
2783
2836
2778
2637
2219
1623
1212
876
730
736
910
1120
1178
1184
1211
1234
1203
1227
1251
1307
1331
1345
1309
1286
1148
1037
975
1050
1326
1697
2018
2285
2179
1892
1751
1559
1384
1046
715
495
375
432
442
408
268
139
69
93
56
24
23
35
70
108
157
179
156
192
205
226
285
337
395
379
387
418
445
490
506
506
456
438
393
342
360
398
324
302
237
197
170
159
130
138
157
203
263
225
199
239
274
217
191
165
160
136
95
105
97
61
47
45
47
60
61
99
110
124
119
122
119
98
104
122
149
178
210
207
197
149
107
91
88
99
100
98
113
136
131
150
176
204
283
296
331
346
346
368
393
446
502
552
587
630
684
735
716
741
717
722
733
763
757
785
729
724
710
664
589
622
575
556
534
569
575
619
681
716
765
847
861
926
1615
972
961
964
817
663
579
567
563
559
470
449
483
525
549
490
379
290
224
187
175
177
202
224
205
205
233
189
103
67
50
79
131
154
142
109
109
94
104
73
65
40
26
23
18
7
3
2
1
0
4
4
7
3
2
7
7
75
90
34
24
29
32
39
40
40
45
38
45
75
80
67
62
52
29
20
34
25
32
35
23
48
56
58
82
80
80
75
107
91
81
73
82
88
110
133
144
134
118
102
81
35
69
56
74
109
137
166
201
209
204
173
153
185
205
251
227
220
208
221
251
226
191
195
192
214
208
189
164
197
171
157
178
222
372
417
421
377
421
455
455
438
404
389
343
277
260
196
160
130
120
80
54
52
55
50
56
58
69
57
40
20
33
46
75
73
73
74
51
35
33
25
29
36
46
68
129
169
176
195
165
126
134
110
101
92
86
76
76
81
76
85
38
46
46
51
38
23
16
30
22
23
37
120
166
175
270
339
366
362
314
303
262
227
166
169
157
134
91
111
102
120
81
63
42
72
149
202
230
295
269
249
242
248
218
180
118
79
58
26
14
236
102
170
183
187
223
259
259
276
322
318
310
290
248
199
199
254
337
467
576
573
517
424
382
294
198
166
221
357
529
580
718
896
899
737
623
600
543
517
543
525
531
501
532
500
498
561
607
659
836
954
1031
1130
1236
1383
1430
1434
1514
1600
1548
1443
1361
1235
1146
1070
1040
1061
1138
1264
1394
1522
1456
1395
1414
1466
1530
1518
1472
1390
1281
1277
1331
1360
1274
1039
884
854
849
929
891
842
760
578
422
331
249
151
211
160
161
431
662
727
842
787
773
753
635
617
593
542
471
433
485
552
606
683
791
799
842
723
676
544
460
447
462
559
680
863
991
1193
1401
1634
1831
1944
1889
1919
2038
2076
1981
1912
1863
1764
1624
1480
1374
1172
931
616
360
198
177
285
442
755
1073
1347
1544
1403
1172
1035
980
1016
1080
1253
1407
1613
1709
1734
1735
1657
1583
1515
1418
1193
881
727
745
766
678
562
536
447
300
213
224
291
407
601
920
1306
1552
1509
1449
1510
1660
1871
1949
1994
1966
1859
1700
1467
1276
1111
986
805
572
456
314
271
258
346
400
455
513
553
620
708
817
873
968
1046
1061
1056
1036
937
941
867
832
710
627
591
441
331
237
201
203
235
263
225
233
294
350
327
315
341
356
382
391
369
327
337
407
431
442
480
536
579
1002
511
495
496
435
372
257
153
61
58
88
124
179
170
184
164
154
151
142
155
158
140
133
122
105
109
94
108
94
104
85
80
80
83
86
83
61
54
68
88
120
232
323
394
404
430
519
573
575
530
475
502
412
385
304
277
245
231
253
233
228
194
169
186
205
301
371
420
511
603
695
720
749
821
875
818
797
731
664
547
474
362
306
240
201
161
144
155
138
110
91
104
120
193
358
487
528
574
591
549
543
530
426
307
262
276
298
316
395
458
451
393
373
391
392
386
365
303
240
148
75
34
36
36
78
127
173
262
375
439
430
368
299
320
329
314
317
309
294
262
213
172
161
186
256
272
201
140
61
63
68
77
86
77
92
102
85
84
63
72
81
73
60
40
32
15
30
43
71
199
348
518
667
833
827
758
705
726
837
970
1041
1068
1077
1000
948
823
704
672
583
524
473
464
432
434
470
462
459
406
355
339
356
360
366
369
357
288
241
264
364
434
387
323
219
99
110
242
365
463
567
582
448
314
240
219
176
157
173
275
373
468
557
616
579
549
565
595
567
486
379
303
212
135
114
135
181
245
363
344
254
238
393
453
354
230
110
77
89
116
115
101
194
304
268
181
107
213
360
541
632
635
671
741
785
825
976
1112
1200
1253
1349
1421
1458
1482
1481
1476
1406
1329
1206
1044
913
781
702
594
511
375
246
164
104
63
35
19
30
27
21
4
5
12
11
13
49
105
149
183
182
239
306
357
408
503
559
589
589
579
554
536
485
453
360
334
323
292
257
203
198
181
141
132
219
336
362
360
298
164
84
95
155
168
180
157
138
106
107
99
138
199
344
483
547
539
456
309
228
217
247
349
414
460
524
579
501
424
301
220
222
290
339
375
408
372
349
406
438
398
350
371
411
483
470
469
480
450
414
281
153
129
217
245
234
198
234
201
140
89
108
143
223
339
413
439
441
391
356
312
232
193
166
151
108
102
69
40
33
21
18
64
130
201
321
464
592
679
717
719
690
585
455
281
181
119
79
87
89
125
123
118
118
142
176
181
189
157
119
109
106
114
132
170
178
184
193
171
136
118
84
92
122
178
167
148
166
204
204
211
262
255
229
243
245
256
236
243
268
230
196
95
13
24
38
53
18
20
22
29
44
41
29
20
27
34
55
109
344
142
124
132
136
128
118
96
72
55
31
11
8
4
2
23
67
116
204
164
147
135
111
90
124
172
219
272
374
559
607
628
632
498
473
325
623
887
601
446
228
221
271
171
131
65
54
65
34
47
56
55
60
28
14
10
2
2
4
9
10
9
23
24
41
68
85
109
93
70
29
51
50
42
39
40
37
46
49
49
54
64
61
59
62
63
85
91
93
89
100
142
227
305
370
349
367
375
355
301
282
205
218
160
131
116
124
142
131
124
144
99
78
40
31
38
54
36
23
11
29
38
46
71
96
171
235
293
280
219
211
300
304
266
180
133
119
207
207
167
141
107
123
222
194
123
117
155
143
107
102
77
71
62
70
94
97
70
50
50
36
34
40
24
33
27
24
14
35
51
59
34
33
24
20
17
16
39
71
88
98
192
363
664
814
1173
1390
1430
1197
1106
1352
1755
2040
2305
2107
1871
1581
1271
1388
1592
1937
2015
1802
1607
1325
1329
1288
1314
1213
1078
788
447
334
512
774
982
1081
1176
1193
1046
911
712
660
596
576
476
313
286
430
583
671
612
488
366
331
281
220
293
375
421
504
564
719
862
895
902
730
577
528
551
517
294
251
295
354
460
539
590
504
421
317
257
219
193
199
192
136
192
203
242
344
440
574
603
603
528
396
294
253
217
206
260
387
491
490
473
395
395
342
265
226
201
149
124
144
147
182
197
151
133
127
112
105
91
70
52
49
67
76
81
56
43
29
40
117
224
388
590
760
863
819
751
628
492
306
286
251
179
111
106
261
545
987
1653
1967
1895
1392
1100
1459
1907
1648
689
355
707
1122
1392
1559
1726
2023
2250
2526
2751
2647
2497
2544
2498
2173
2063
2133
2214
2294
2242
2182
1933
1686
2273
2712
2823
2504
2104
1702
1512
1486
1543
1653
1635
1502
1600
1339
1217
1324
1502
1778
1936
2069
2116
1973
2166
2265
1851
1584
1477
1429
1285
1222
1045
950
787
623
542
427
327
281
215
132
171
241
273
269
244
227
217
245
260
235
201
159
155
141
125
134
109
153
235
390
549
685
807
876
986
1097
1306
1462
1557
1645
1670
1551
1379
1238
1070
1015
778
586
705
835
1004
1177
1352
1433
1400
1303
1378
1356
1262
1304
1272
1200
1193
1093
955
921
807
710
669
666
566
500
525
503
586
639
654
673
731
798
823
860
804
731
708
688
654
517
375
197
179
192
186
171
195
165
207
194
181
215
217
286
353
345
381
697
349
355
372
355
361
325
240
149
80
38
23
19
21
55
117
195
259
321
323
373
296
238
181
198
212
200
145
101
75
89
70
71
88
133
192
290
365
426
445
450
441
449
667
623
338
321
289
241
181
154
179
212
267
294
207
218
352
583
770
832
631
675
920
1247
1522
1495
1459
1221
1056
1091
1038
898
651
736
813
844
913
966
774
698
647
649
603
465
280
164
116
125
156
159
142
147
133
88
57
74
77
64
47
70
74
47
33
54
77
170
230
299
372
424
507
592
624
676
718
734
706
654
603
538
450
446
433
376
332
315
337
593
715
711
892
982
882
879
965
932
835
717
697
664
702
632
505
457
428
330
307
207
174
279
375
370
346
318
285
247
227
200
153
137
163
186
207
189
227
291
321
317
335
368
430
471
456
399
560
1231
1630
1765
1577
1392
1207
1067
929
662
613
527
395
446
577
707
733
617
585
565
555
609
644
565
503
477
765
1088
1009
737
682
980
1061
1090
996
790
677
615
612
634
606
486
347
324
321
337
413
495
520
509
460
453
481
470
468
554
564
488
368
242
130
101
136
109
57
64
108
117
122
84
50
73
112
113
96
54
24
19
17
60
131
147
181
447
612
563
276
557
996
1328
1465
1248
929
634
480
426
401
432
468
544
566
936
1245
1407
1356
1310
1107
827
1276
1656
1815
1603
977
1599
1973
1876
1385
1035
795
1058
1566
1670
1588
1289
990
880
705
667
675
677
648
501
304
377
432
537
682
941
1185
1451
1680
1942
1945
1991
1743
1575
1713
2046
2112
2061
2122
2262
2098
1970
2017
2118
2173
1997
1706
1884
1829
1940
1986
2110
2203
2195
2035
1993
1824
1633
1336
1078
1027
1145
1206
1284
1340
1325
1184
880
518
347
444
450
410
329
358
387
440
617
684
581
379
273
325
438
530
560
593
682
707
747
762
787
795
799
836
838
846
749
597
570
476
444
439
428
346
335
461
552
656
764
743
750
713
587
505
445
435
364
294
314
366
448
533
546
547
573
541
555
550
560
580
576
657
697
717
606
523
522
531
572
593
680
873
892
1004
1278
1390
1079
1082
1378
1453
1214
885
759
875
879
886
756
616
534
463
337
266
250
319
328
385
474
444
443
514
549
591
602
599
533
496
443
420
364
320
269
232
202
162
105
79
26
9
16
47
89
122
139
170
237
252
295
353
393
412
469
524
505
512
495
506
489
459
413
390
335
274
493
121
68
37
91
197
338
477
707
877
935
1133
1303
1347
1460
1548
1640
1769
1813
1831
1650
1439
1280
1224
1032
776
608
463
418
347
461
828
1164
1428
1533
1466
1235
1009
834
922
978
1120
1344
1392
1517
1542
1396
1393
1394
1383
1303
1241
1151
1228
1209
1125
969
817
678
509
377
228
166
184
250
340
503
662
817
1084
1185
1214
1276
1551
1694
1442
1101
1068
828
495
464
730
844
893
964
1064
1038
985
892
953
927
738
606
454
345
263
215
206
245
226
157
107
182
305
514
637
686
664
536
436
338
260
274
312
375
465
642
1073
1614
1910
2152
2496
2757
2937
3432
3382
2924
2526
2116
1567
1300
1064
1020
1091
1128
1308
1332
1229
1314
1352
1267
1258
1305
1366
1454
1627
1707
1822
1827
1937
1899
1907
2050
2342
2560
2758
2832
2785
2490
2458
2341
2131
1901
1706
1589
1582
1783
2149
2236
2430
2646
2614
2533
2327
1977
1734
1539
1368
1213
1036
853
671
601
590
533
511
430
423
524
801
1039
1113
1089
929
743
605
458
417
417
395
355
273
254
284
271
338
409
472
514
544
623
778
879
1021
1167
1317
1394
1443
1384
1414
1363
1313
1299
1352
1481
1494
1356
1317
1279
1314
1340
1226
1095
1070
944
863
824
783
738
747
761
749
696
634
609
647
516
478
419
435
446
441
516
628
590
454
292
198
301
365
376
381
453
597
652
701
707
756
737
665
608
540
531
462
410
335
332
376
352
319
272
282
291
316
275
215
207
209
190
222
230
236
226
225
237
305
437
657
1000
1248
1364
1291
1242
1130
1043
1105
1261
1254
1389
1486
1529
1677
1775
1849
2012
2071
1846
1624
1599
1515
1393
1118
781
348
160
124
223
550
657
615
640
717
804
842
831
785
749
750
884
1076
1127
1160
1195
1239
1275
1218
1123
1013
927
867
843
881
778
750
712
599
606
650
651
694
670
566
574
696
784
882
1039
1085
1100
802
635
718
721
626
548
477
391
592
835
1209
1598
2186
2843
3317
3154
3037
3513
3846
3985
3968
3885
3545
3395
3255
2814
2297
1852
1538
1499
1572
1599
1587
1520
1620
1622
1653
1552
1359
1291
1432
1471
1450
1534
1612
1566
1469
1476
1537
1223
829
673
643
844
1132
1412
1466
1236
1176
1123
1129
1248
1211
1210
1173
1327
1651
1869
2000
2072
2134
2256
2309
2234
2146
2128
2098
2072
1898
1729
1451
1254
1073
898
769
701
647
605
740
1070
1146
1060
870
968
1394
1691
1867
1829
1732
1756
1741
1611
1367
1150
903
890
1090
1212
911
854
1126
1310
1335
1651
1932
2124
2129
1802
1594
1288
1105
1344
1663
1989
2123
2199
2229
2263
2280
2173
2174
3150
1686
1410
1043
723
512
444
517
656
772
841
980
1061
975
957
1009
1059
1109
1197
1296
1396
1479
1575
1649
1736
1830
1827
1902
1977
2042
2108
2065
1962
1855
1777
1610
1469
1383
1240
1074
873
672
542
512
477
415
358
260
175
163
216
321
448
474
402
296
178
74
38
30
53
125
178
285
408
386
306
259
243
277
350
476
625
781
1188
1871
2321
2576
2734
2474
2092
1802
1599
1653
1846
2080
1948
1651
1666
1825
1976
1960
1779
1512
1394
1519
1696
2197
2708
3032
3185
2983
2793
2491
2498
2424
2350
2269
2137
2421
2654
2683
2402
1973
1730
1644
1698
1754
1889
1924
2082
1989
1929
1674
1245
954
972
914
807
778
677
517
677
804
916
938
832
700
606
431
294
340
461
625
807
959
927
980
1112
1274
1455
1432
1435
1319
1262
1313
1474
1606
1738
1695
1535
1306
1252
1234
1241
1170
1155
1013
894
798
833
883
792
693
636
594
552
659
807
844
964
1018
994
1038
1121
1254
1345
1362
1370
1571
1885
2047
1928
1648
1406
1022
956
869
791
769
852
838
754
839
931
1031
1113
1239
1284
1274
1261
1291
1269
1280
1457
1436
1324
1276
1149
1139
1174
1181
1323
1439
1458
1314
1103
852
707
715
742
820
952
957
761
513
440
474
527
585
642
692
744
837
893
923
991
1074
1163
1125
1129
1057
1131
1264
1478
1556
1488
1390
1414
1801
2043
2128
2144
2107
1934
1718
1699
1779
1662
1349
1120
1418
1648
1676
1894
2131
2285
2096
1793
2056
2473
2408
2062
1815
1880
1874
1646
1193
1153
1278
1280
1318
1329
1359
1386
1325
1183
906
731
726
849
917
952
829
534
361
312
291
354
396
366
317
356
364
382
405
422
432
391
304
242
185
196
209
350
497
611
696
765
825
875
804
753
667
584
480
462
428
475
528
611
622
621
628
668
614
652
1223
1261
781
715
625
562
627
621
688
736
738
697
816
1066
1263
1477
1649
1748
1762
1774
1962
2155
2449
2499
2500
2097
1904
1533
1362
1290
1215
1201
1243
1207
1198
1361
1513
1730
1803
1619
1541
1382
1185
771
376
196
174
182
188
179
180
175
180
226
244
228
212
233
231
207
190
165
134
153
206
261
284
292
320
262
252
215
241
294
435
631
816
1110
1421
1754
1998
2095
2551
2606
2764
2645
2577
2185
2114
2258
2040
1537
1252
1297
1419
1622
1408
1245
890
722
855
1062
976
721
710
770
914
1022
1181
1296
1266
1188
1014
830
668
614
492
396
278
188
170
211
313
461
495
541
540
600
661
684
695
689
638
605
611
645
622
676
798
851
742
557
459
452
371
279
185
94
119
182
189
201
185
264
124
90
67
31
11
31
47
82
126
144
158
171
176
162
171
163
118
89
62
50
38
7
8
18
26
48
46
58
114
125
142
182
199
210
206
154
130
104
80
61
38
14
3
4
1
1
0
3
8
0
2
5
14
28
58
153
298
445
610
681
826
988
1248
1302
1235
1169
1117
1126
1097
1040
1045
1012
1011
1160
1358
1686
1835
2106
2278
2550
2766
2804
2674
2403
2204
2012
1671
1419
1256
1001
794
600
598
659
705
675
783
823
938
978
857
759
645
538
479
413
379
446
523
577
651
757
710
545
345
336
281
198
130
121
344
425
497
618
675
718
696
622
573
476
395
367
491
642
786
719
798
664
406
227
189
201
269
299
271
272
226
170
174
202
301
417
518
533
455
514
508
536
550
549
446
254
303
412
470
356
333
384
338
290
249
200
177
143
100
66
75
93
115
155
129
151
148
218
320
445
586
747
915
1132
1415
1525
1609
1608
1494
1317
1292
1282
1295
1264
1251
1225
1151
1123
1351
1528
1675
2103
2150
2547
2476
2094
1702
1241
1053
854
678
630
838
920
1012
876
663
599
595
563
563
637
709
695
526
324
161
87
82
105
181
489
859
1159
1274
1283
1008
598
299
234
216
180
173
195
204
166
177
170
203
205
262
343
442
486
467
492
447
292
146
104
223
407
618
704
632
477
306
234
238
522
760
785
551
258
254
257
277
279
197
124
113
100
147
306
826
1526
2029
2324
2375
2287
1979
1628
1267
1126
1127
1129
1102
976
927
738
740
661
676
895
855
737
629
596
544
456
470
471
387
326
291
377
480
567
540
479
541
787
1004
1098
1221
1411
1647
1841
1945
2028
1980
1820
2158
2339
2260
2082
2278
2182
1986
2020
2201
2463
2944
3479
3708
3637
3640
3845
3647
3114
2373
2337
2342
1846
1151
1021
810
836
1008
1369
1364
1212
1139
1117
1053
896
767
802
910
1126
1229
1194
1214
1200
1032
833
475
449
502
503
314
252
421
502
561
664
890
1159
1488
1971
2289
2479
2561
2872
3150
3477
3672
3714
3641
3313
3055
2884
2829
2891
2952
3558
4177
4075
3782
3296
3041
2992
2718
2305
1637
1168
1621
1820
1786
1556
1266
1157
1347
1449
1443
1309
1242
1180
1343
1604
2019
2535
2920
2977
2797
2283
1602
980
643
610
598
446
296
192
235
183
134
118
103
85
220
544
741
849
951
907
828
783
843
707
803
862
729
532
428
575
772
1061
1290
1625
2126
2430
2303
2439
2569
2509
2011
1840
1701
1692
1657
1833
1897
1784
1774
1499
1272
1140
1027
1034
1088
1110
1043
1407
823
1027
1274
1450
1498
1230
856
532
528
524
414
351
506
698
904
1131
1280
1341
1489
1699
2003
2107
2116
2216
2266
2099
1924
1524
1299
1114
897
825
830
780
661
643
642
722
790
733
585
520
416
417
451
506
542
562
658
770
794
848
961
1033
1197
1233
1080
837
519
497
670
834
827
851
834
847
851
1001
1041
1018
971
964
904
770
675
831
989
1205
1411
1584
1881
2244
2763
3202
3187
2812
2226
1660
1107
725
770
1138
1296
1498
1726
1931
1851
1581
1388
1340
1365
1404
1364
1458
1511
1659
1995
2362
2799
2914
3035
2775
2365
1888
1392
809
633
699
822
1010
910
891
861
880
834
836
845
925
1053
1137
972
811
718
872
1088
1106
1092
965
720
525
502
548
566
531
463
436
407
441
438
464
411
386
316
198
82
33
52
114
187
256
336
390
420
399
440
403
386
347
356
358
402
467
504
585
679
940
1482
2130
2500
2755
2703
2822
3013
2816
2468
2189
1682
1331
1031
685
456
281
314
303
194
272
370
454
530
542
544
574
516
385
294
287
417
618
773
796
720
670
735
945
1077
1111
999
790
662
530
445
412
386
356
370
345
289
268
191
89
32
135
204
164
112
54
78
192
332
440
428
436
416
478
544
538
457
362
379
357
388
427
513
595
652
720
705
580
454
356
405
544
578
515
371
281
266
271
370
446
620
739
788
735
595
546
588
675
714
671
521
472
368
253
221
189
193
216
216
243
308
301
296
299
281
288
275
229
224
276
286
311
275
231
243
355
425
530
609
732
819
910
987
1026
1129
1417
1722
1975
2187
2311
2224
2314
2106
2403
2169
1769
1491
1277
1162
1235
1232
1153
1119
1080
1175
1443
1782
2114
2348
2456
2309
2026
1671
1334
1144
1208
1458
1466
1556
1667
1608
1548
1426
997
672
590
670
1083
1674
2528
3130
3563
3455
3148
2755
2338
1915
1577
1361
1177
1155
1091
1059
1026
983
1201
1877
2083
2347
2553
2445
2643
2097
1695
1021
806
789
537
582
763
822
900
805
782
685
539
632
830
810
631
507
509
475
473
502
486
568
567
464
402
264
190
113
124
182
237
222
198
221
313
330
302
225
191
303
358
278
219
175
249
386
475
461
470
456
289
201
186
173
188
204
136
84
105
170
180
162
232
359
539
705
872
927
1030
1073
971
873
659
498
352
239
143
44
118
199
283
342
444
466
343
310
267
236
231
111
175
248
228
253
259
242
247
326
384
467
426
545
495
425
282
255
388
491
680
808
771
585
507
311
508
253
232
226
226
245
237
180
145
145
169
154
171
138
180
252
306
327
305
297
296
444
585
703
748
782
745
695
626
456
407
317
307
298
314
424
561
803
1058
1313
1496
1558
1721
1884
2109
2215
2319
2336
2221
2161
2104
2030
2057
2106
2198
2320
2518
2791
2943
3009
3170
3402
3414
3125
2986
2950
2990
2999
3038
2950
2719
2442
2190
1910
1644
1334
1074
757
471
264
158
147
178
312
407
626
987
1344
1530
1693
1733
1780
2012
2193
2352
2474
2534
2681
2842
2970
3174
3285
3337
3419
3370
3330
3350
3345
3212
3055
2841
2735
2651
2512
2344
2141
1933
1817
1763
1828
1874
1915
1789
1452
1159
1098
1160
1213
1356
1548
1614
1605
1403
1258
1488
1792
1649
1248
792
767
634
554
757
873
780
668
658
610
644
729
1811
588
610
946
981
824
698
667
694
722
689
565
431
342
315
303
249
172
461
652
627
390
406
523
552
609
646
646
619
529
690
786
880
1016
1225
1607
2061
1713
1334
781
698
754
695
609
595
565
462
288
162
140
231
245
245
224
208
226
223
272
344
443
530
533
682
764
904
967
1052
1184
1202
1224
1214
1195
1241
1286
1331
1401
1677
2129
2621
2982
2703
2220
2056
1725
1397
1040
928
699
452
372
349
349
367
397
443
377
391
445
477
493
553
530
537
576
672
795
850
916
950
942
910
898
841
761
634
546
451
327
280
544
694
819
729
630
571
502
460
435
390
452
524
472
418
384
335
330
235
128
78
135
300
421
527
680
777
770
731
644
572
439
295
266
261
283
298
252
199
137
105
107
98
42
40
31
27
30
21
12
21
57
56
45
52
109
145
205
259
304
309
326
332
314
301
280
275
239
166
137
243
369
472
428
397
357
316
218
135
93
101
98
109
102
98
103
131
124
101
146
241
340
374
343
266
212
189
171
118
105
87
69
114
187
228
230
239
266
211
111
71
92
51
65
139
252
390
471
484
493
442
357
201
61
21
41
69
54
82
108
143
175
175
114
82
62
51
70
73
90
108
144
165
188
219
265
302
356
386
415
451
493
506
570
617
543
521
476
339
274
315
364
349
344
296
307
293
302
426
509
552
549
560
577
566
456
438
496
655
980
1281
1410
1329
1251
1233
1322
1573
1662
1562
1427
1118
691
639
862
1023
1144
1198
1278
1258
1122
962
924
937
824
595
585
720
777
800
693
658
557
404
321
265
256
254
170
154
304
393
419
399
347
317
349
461
492
546
570
589
556
935
441
475
499
517
496
413
322
227
170
127
115
165
200
173
171
129
116
139
154
182
149
137
116
93
95
109
99
73
39
19
4
5
42
97
178
166
87
45
79
130
134
180
239
249
238
194
128
82
13
12
5
1
2
2
6
4
0
2
1
0
0
0
6
12
16
16
11
4
0
0
0
0
0
0
0
0
0
0
0
0
0
0
0
0
0
0
0
0
0
0
0
0
0
0
0
0
0
0
1
5
2
4
5
13
11
21
27
24
20
12
22
36
41
20
23
11
9
4
0
2
0
0
0
0
0
0
0
2
2
13
14
10
7
0
1
3
13
13
8
17
7
6
7
3
1
1
1
0
0
2
0
0
0
0
0
1
20
32
36
25
16
20
19
27
18
11
5
3
2
1
0
3
4
4
7
6
8
4
0
1
1
1
0
0
0
0
0
0
0
0
0
0
0
0
0
0
0
0
0
0
0
0
0
0
0
0
0
2
0
1
0
0
0
1
1
1
0
0
1
0
0
0
0
0
0
0
3
41
106
259
454
561
609
582
750
894
882
738
565
382
238
162
222
390
704
879
959
944
930
989
1293
976
923
595
424
728
703
911
1227
1506
1707
1596
1218
986
705
377
232
148
217
244
341
412
541
901
1302
1466
1373
1211
1229
1082
768
535
275
172
405
599
807
1100
1198
1425
1398
1159
943
764
667
526
472
420
403
427
455
402
336
231
307
405
646
807
1012
1069
1101
998
777
527
381
543
910
1269
1424
1352
1321
1362
1360
1339
1079
706
423
247
187
206
206
183
208
208
247
338
477
524
570
634
787
861
915
852
764
682
591
462
355
185
126
121
125
171
182
214
224
216
218
252
297
322
357
383
403
387
370
331
296
270
263
272
245
278
325
351
243
221
416
630
721
816
883
958
999
1033
1010
982
965
891
841
882
875
880
750
809
796
848
813
770
707
636
566
462
359
268
207
247
301
321
389
521
670
861
1047
1220
1333
1443
1477
1561
1546
1410
1247
1144
1075
1000
838
627
464
390
365
346
294
268
194
139
95
105
111
163
234
345
381
420
450
510
498
520
498
490
483
481
399
367
302
268
224
163
157
115
109
103
140
154
130
143
169
170
188
169
155
163
182
200
221
223
227
246
233
211
201
210
203
181
160
144
197
248
317
418
488
565
629
674
707
637
500
336
197
479
335
278
177
99
103
76
51
39
23
19
17
18
4
0
7
11
30
53
36
74
154
173
156
174
164
155
146
155
149
115
80
58
42
53
68
108
129
132
65
65
55
102
89
88
94
79
62
72
112
138
198
190
187
227
229
220
227
152
106
59
41
34
19
8
7
6
9
20
32
15
14
38
97
161
285
404
542
689
786
916
1052
1155
1290
1331
1347
1374
1320
1296
1194
1082
970
789
629
470
324
185
77
30
9
59
198
353
499
718
891
1053
1258
1436
1611
1728
1844
1875
1904
1861
1853
1759
1666
1547
1315
1097
869
666
432
204
126
208
438
709
1025
1282
1528
1664
1837
1979
2097
2120
2077
2081
2081
2013
1962
1824
1605
1357
1146
875
599
311
173
151
271
500
768
994
1222
1415
1602
1718
1837
1917
1942
2067
2069
2133
2125
2116
2012
1832
1637
1325
1026
919
1243
1557
1807
2085
2298
2499
2562
2662
2626
2577
2616
2572
2443
2337
2291
2191
2223
2133
1984
1906
1859
1863
2004
1744
1427
1201
1241
1336
1497
1590
1706
1786
1855
1920
2021
2113
2164
2243
2301
2382
2343
2347
2365
2401
2429
2357
2249
2099
1882
1816
1631
1505
1115
936
895
892
1012
1038
1075
1174
1390
1591
1729
1743
1706
1678
1664
1744
1694
1730
1784
1934
2169
2420
2751
2787
2515
2058
1415
1220
1490
1340
1200
947
739
887
1002
1175
1466
1605
1730
1829
1873
1767
1817
1889
1893
1824
1701
1621
1720
1857
1854
1854
1896
1957
1714
1394
1245
1202
885
552
263
341
612
856
994
1036
1098
1155
995
964
954
1069
1115
969
864
1063
1216
1367
1339
1568
1658
1582
1421
1161
910
724
624
545
457
325
229
252
268
298
331
365
422
419
382
553
636
700
572
664
826
905
844
581
318
327
302
272
222
189
173
160
212
373
468
444
425
454
471
424
458
551
620
664
697
713
552
528
451
463
516
472
366
289
220
164
166
134
96
114
134
152
144
154
153
187
165
124
62
37
43
24
6
3
15
29
41
32
11
5
5
27
86
138
183
177
190
238
249
193
263
299
357
383
410
391
379
443
475
610
670
813
989
1136
1227
1280
1249
1182
1144
995
892
854
830
711
518
485
725
971
1314
1671
2271
2968
3639
4013
3926
3894
3790
3675
3685
3380
3022
2551
1963
1616
1599
1615
1562
1386
1521
1815
1940
2028
1721
1178
2550
2234
2331
2131
1858
1617
1370
1104
1026
1254
1642
2026
2423
2770
2800
2619
2462
2660
2792
2982
3110
3054
3036
3030
2799
2259
1941
2198
2607
2706
2985
3076
2642
1997
1898
1642
1414
1267
1109
1039
1290
1247
1409
1403
1399
1216
1177
1790
956
952
717
447
267
266
404
403
415
314
199
151
173
183
244
298
344
381
369
353
373
463
656
862
898
1042
1186
1532
1806
2085
2127
2254
2198
2033
1989
1691
1521
1537
1684
1621
1378
1186
985
922
663
567
807
1091
1252
1276
1261
1235
1139
1406
1522
1702
1722
1761
1540
1326
1128
840
916
1134
1331
1536
1579
1417
1469
1585
1504
1646
1688
1710
1827
1699
1497
1193
953
696
835
966
1048
1016
1050
1169
1509
1878
1860
1878
1639
1427
1366
1212
1070
1239
1355
1604
1828
2240
2084
2037
1751
1480
1462
1291
964
741
598
486
445
460
586
778
951
1189
1569
1858
2043
2155
1942
1773
1532
1390
1402
1422
1426
1337
1208
1036
888
871
905
1045
1210
1071
848
759
709
465
701
797
757
709
862
720
515
377
439
503
651
707
747
695
429
512
662
755
788
744
602
809
554
675
667
730
958
1245
1331
1016
831
633
380
229
273
536
610
511
378
592
652
805
1101
1126
916
542
773
1190
1185
998
915
1035
812
658
989
1156
978
749
380
302
112
245
352
333
236
167
202
262
279
214
140
289
391
431
393
340
220
86
157
257
263
383
528
726
1024
1378
1783
2140
2428
2485
2240
1267
975
1358
1510
1607
1727
1689
1500
1643
1706
1738
1697
1749
2038
2261
2394
2612
2554
2504
2249
1996
2167
2256
2241
2095
2152
2136
2037
1939
1762
1633
1662
1978
1940
2236
1817
1600
1283
983
839
868
996
1278
1457
1509
1551
1517
1510
1481
1958
2412
2821
3133
3114
3033
2837
2739
2540
2384
2153
2196
2150
2107
2074
2024
1892
1925
2349
2529
2446
2411
2202
2063
2162
2342
2435
2465
2625
2775
2883
2843
2746
2387
1841
1352
1174
1537
1856
2017
1979
1707
1449
1623
1720
1729
1694
1648
1526
1597
1738
1783
1832
2131
2490
2721
2613
2397
2224
2023
1794
1551
1356
1184
1195
1190
1117
1027
1012
981
979
990
987
1015
1096
1198
1196
1181
1184
1140
1244
1321
1381
1386
1402
1248
1098
869
620
451
587
793
1011
1253
1394
1623
1704
1823
1916
1953
1957
1938
1824
1815
1698
1583
1427
1322
1069
966
810
715
671
632
572
542
497
447
377
325
183
113
59
45
52
39
34
29
21
19
21
14
7
4
6
5
3
6
5
8
11
23
38
31
21
24
24
29
41
50
43
47
43
62
77
104
118
131
157
182
225
246
238
211
176
179
166
161
150
136
125
99
108
126
165
156
157
156
193
212
197
177
172
156
119
78
34
21
14
10
5
3
22
51
90
136
215
243
242
258
298
344
394
412
437
443
439
445
441
419
443
406
417
396
399
385
421
438
457
932
506
523
577
655
710
734
813
897
1019
1090
1152
1180
1320
1515
1882
2114
2893
3508
4094
4329
4169
4027
3905
4173
4162
3867
3453
2862
2179
1704
1382
1173
1058
1024
1015
981
978
942
951
1019
1061
1050
1135
1113
1128
1159
1081
1083
1067
1128
1109
1004
912
831
793
765
754
864
1045
1373
1839
2232
2602
2678
2809
2661
2730
2562
2634
2435
2042
1610
1299
980
813
740
740
644
769
803
534
358
271
353
484
618
624
468
309
183
139
151
134
112
70
63
80
90
94
58
25
0
5
18
14
9
0
0
6
4
1
1
0
0
0
0
0
0
2
4
10
5
1
4
1
1
3
2
1
1
0
1
1
2
5
9
4
0
2
2
12
17
27
65
120
193
294
372
346
280
268
334
308
285
332
428
523
518
376
241
163
132
131
122
141
156
206
225
183
175
246
318
423
564
615
650
590
625
702
831
917
1046
1134
1233
1234
1332
1493
1551
1695
1836
1968
2159
2306
2347
2194
2017
1948
1890
1796
1643
1435
1347
1291
1084
850
653
589
460
437
516
609
683
671
743
798
768
708
1008
1216
1120
820
576
489
522
674
857
1033
1108
1063
852
686
507
370
330
257
186
103
140
159
161
151
213
423
691
844
921
919
906
884
850
746
661
619
526
383
270
232
228
256
382
298
208
319
409
319
266
207
152
90
27
27
67
108
130
170
240
415
672
830
816
634
568
743
895
977
976
985
1058
1083
1124
1013
996
868
731
673
586
521
494
463
408
339
268
225
256
283
348
526
722
928
1124
1282
1461
1506
1581
1556
1526
1433
1331
1242
1144
989
1321
1946
2489
2619
2354
2296
2210
1972
1869
1874
1785
1644
1574
1677
1778
1990
2200
2063
1945
2069
2486
3014
3803
4448
4643
4512
4083
4096
3992
3647
3152
2816
2834
2912
2651
2526
2168
1742
1440
1137
1332
1586
1821
2088
2069
1981
1982
1906
1776
1659
1719
1932
2284
2737
3067
2880
2594
2316
2172
1833
1793
1776
2181
2612
2778
2685
2339
2150
2036
1971
1952
1778
1790
1571
1526
1443
1273
1236
1261
1160
1067
1123
1126
1096
1059
995
933
1127
1170
1031
1086
1089
1039
1056
1117
1207
1281
1426
1634
1833
1832
1760
1736
1626
1537
1480
1400
1356
1314
1379
1443
1473
1581
1621
1681
1668
1535
1298
1143
1122
1094
1028
866
715
706
662
665
654
634
557
521
531
607
750
924
1094
1108
1071
1075
1204
1264
1296
1289
1267
1096
874
905
1002
1071
1094
1010
969
1125
1432
1706
1964
2303
2511
2477
1846
1215
661
954
1132
1146
1605
1651
1636
2188
2200
1619
1163
1436
2197
2781
3163
3037
2876
3328
1714
1678
1524
1088
600
757
1021
1101
1238
1191
1140
821
529
377
446
649
727
810
851
917
850
784
722
641
630
486
372
305
555
887
1161
1235
1279
1244
1085
890
672
522
412
299
264
243
214
193
244
264
281
217
120
102
187
328
370
329
291
251
266
263
247
264
260
243
253
304
337
394
441
430
432
503
629
784
967
1109
1184
1180
1116
1008
818
606
382
277
403
583
913
1199
1323
1436
1475
1369
1236
974
681
429
268
341
422
461
525
563
627
618
534
492
359
230
109
54
119
242
398
553
733
947
1154
1193
1160
989
770
758
747
903
1023
1256
1607
1831
2006
1922
1573
1579
1698
1623
1550
1480
1436
1329
1353
1364
1397
1392
1338
1300
1250
1146
975
795
702
571
448
346
276
232
264
337
366
404
432
450
484
557
498
486
440
375
276
172
99
92
85
99
127
144
142
127
102
97
92
74
108
202
289
442
561
680
740
779
748
537
319
237
329
401
313
163
62
95
98
85
64
86
153
200
259
304
314
252
240
209
245
278
283
354
373
397
408
406
417
482
561
570
522
465
443
362
346
357
439
559
596
799
1246
1754
2148
2295
2392
2479
2154
1825
1440
1134
1150
1129
1407
1660
1759
1563
1380
1253
981
970
839
777
773
765
766
971
1084
550
633
946
1187
1477
1798
1893
1804
1556
1130
852
898
818
654
780
868
987
921
986
974
886
790
637
397
275
166
176
244
234
189
218
328
467
565
745
814
734
584
631
963
1009
885
657
440
339
488
649
796
765
678
504
425
580
547
522
573
672
595
490
366
267
224
221
179
137
121
117
114
101
106
105
96
135
220
354
425
599
726
1146
1426
1668
1411
1227
907
655
494
398
266
261
313
353
398
426
407
425
455
447
409
496
700
929
1134
1137
925
761
483
306
543
612
563
428
305
186
169
245
297
305
317
287
250
241
271
305
316
338
328
335
330
310
282
321
291
254
198
140
269
392
471
590
635
710
813
989
1322
1720
1994
2098
2093
1663
1327
886
714
625
438
422
343
519
658
784
772
788
820
844
828
875
956
1151
1290
1308
1364
1385
1380
1287
1086
916
738
793
878
832
715
582
420
290
290
417
487
419
293
168
168
153
117
127
179
153
157
188
239
234
189
208
300
371
445
485
462
429
384
363
314
249
202
176
96
55
27
11
11
0
2
5
9
53
197
376
453
369
302
290
307
182
81
67
115
201
203
179
116
200
604
909
1098
1851
1070
1276
1264
1291
1327
1406
1416
1407
1367
1239
1067
999
1199
1452
1690
1870
1945
1927
1849
1807
1602
1468
1340
1239
1315
1696
1798
1905
1773
1561
1356
1129
927
685
491
409
504
526
500
434
355
396
346
252
290
562
906
1372
1823
2250
2469
2542
2349
2010
1599
1362
1192
1160
1185
1079
978
876
740
450
209
129
375
586
718
700
540
454
574
745
814
870
846
885
910
1106
1450
1725
1858
1828
1906
1834
1676
1584
1695
1737
1781
1743
1656
1491
1487
1701
2050
2204
2215
1510
1308
1696
1757
1837
2162
2451
2660
2773
2461
2226
2256
2229
2080
1765
1601
1329
1044
1083
1113
1111
1152
1295
1511
2177
2677
2843
2902
2805
2814
2975
3201
3242
3292
3289
2907
2406
1852
1628
1760
1635
1389
1744
1985
2151
2378
2515
2550
2355
2254
2311
2381
2436
2411
2397
2411
2464
2501
2463
2436
2382
2249
2325
2371
2523
2674
2591
2442
2314
2189
2223
2348
2322
1681
1099
1452
2345
3038
3607
3972
4097
3698
3983
3265
2776
2226
1581
1180
873
518
289
310
400
506
572
551
685
862
941
980
1020
975
914
731
535
304
313
270
185
199
195
235
214
225
203
226
312
407
540
667
808
886
942
1074
1502
1986
2143
2309
1829
1242
1028
1110
960
777
381
376
293
221
356
344
212
326
629
887
1190
1243
1350
1556
1912
2119
2255
2442
2380
2133
2242
2391
2524
2261
2036
1818
1485
1077
830
1067
1355
1435
1536
1588
1587
1536
1489
1337
1158
1036
1272
1492
1650
1809
1851
1884
1999
1928
2053
2060
2082
1996
1896
1734
1545
1333
1173
1071
1114
1194
1153
1014
928
858
802
697
608
623
633
680
762
760
700
653
535
425
368
389
567
648
432
265
396
626
642
685
687
731
806
905
961
1100
1341
1612
1768
1786
1700
1513
1411
1243
1212
1289
1460
1507
1442
1286
1157
798
690
734
603
524
662
747
978
1310
1430
1220
845
857
877
885
742
665
461
520
737
936
1137
1086
890
690
662
714
702
556
425
382
453
708
763
714
779
1011
1271
1464
1614
1523
1308
1116
1292
1456
1631
1608
1685
1620
1601
1502
1494
1324
1082
1157
1431
1700
1848
2454
3115
3581
3660
3393
2888
2784
2739
2458
2599
3035
3192
2923
3277
3795
3374
2840
2348
1903
1621
1373
1243
1228
1136
912
751
668
455
401
502
709
960
1092
1136
1152
1137
1084
1057
912
873
882
962
1090
1236
1274
1276
1263
1138
1032
895
784
692
722
882
1147
1347
1285
1165
981
837
687
646
568
484
582
641
559
495
492
467
439
420
599
974
1269
1319
1221
893
783
685
377
406
530
797
872
764
748
826
965
1005
821
654
338
115
54
60
94
84
71
60
53
223
100
90
48
30
37
27
33
132
254
299
218
185
401
761
1031
1459
1969
2277
2436
2468
2452
2431
2246
2251
2380
2285
2105
1965
1930
1884
2115
2193
2145
1706
1249
1233
1171
1189
864
394
633
747
672
695
908
1138
1407
1541
1145
912
838
976
1064
1028
1070
1068
974
753
698
779
861
774
816
830
892
1009
979
1053
1101
1289
1424
1350
1347
1443
1548
1716
1835
1829
1814
1833
1680
1397
1189
966
786
614
363
268
387
632
1004
1511
1942
2038
1972
1993
1972
2011
1962
1799
1806
2001
1788
1301
1493
1524
1534
1544
1405
1198
992
943
980
1530
1562
1401
1345
1284
1490
1578
1460
1415
1390
1555
1771
2134
2178
1929
1255
1276
1560
1818
1981
2138
2112
2111
2085
2173
1905
1791
1557
1691
1783
1674
1612
1426
1263
1608
2129
2282
2099
1761
1986
2066
1726
1485
1435
1808
1805
1640
1679
1675
1666
1808
1991
1994
1660
1223
737
479
478
362
288
335
402
681
931
1125
1173
1202
1105
907
981
932
807
655
623
807
944
924
855
694
543
485
613
882
1142
1285
1425
1543
1655
1790
1997
2140
2161
2113
2016
1876
1694
1477
1324
1222
1172
1133
1105
1135
1113
1331
1619
1978
2406
2113
1854
1376
1053
784
564
454
411
329
274
253
236
252
349
477
604
691
776
756
793
832
915
1030
1020
1043
1026
954
978
940
994
965
778
664
902
997
1089
1015
1262
1458
1420
1518
1731
1954
2222
2256
2499
1849
1504
1383
1042
679
229
365
544
606
683
737
624
488
423
421
417
389
307
265
260
296
323
290
298
297
249
209
168
106
61
58
64
63
52
62
98
129
162
196
243
282
323
382
397
442
499
590
673
664
628
517
508
631
791
858
830
806
877
855
717
625
696
1059
1376
1741
2029
2306
2386
2477
2554
2638
2554
2291
1985
1675
1538
1556
1663
1636
1550
1600
1640
1935
2250
2590
2794
3000
2863
2629
2308
1889
1649
1491
1206
1029
718
804
947
1149
1278
1331
1394
1648
1543
1339
1207
946
784
975
857
755
862
817
612
474
500
650
797
781
729
658
595
665
800
932
865
807
828
880
939
1030
1027
960
1015
951
841
876
815
825
999
1181
1409
1594
1620
1505
1511
1681
1758
1570
1318
1147
1001
819
683
732
939
1210
1404
1568
1760
1869
1936
1920
2124
2282
2326
2324
2250
2097
1991
1808
1535
1323
1086
858
637
495
426
328
374
431
422
434
473
536
563
575
666
787
769
785
830
839
777
619
663
768
884
858
810
763
696
529
402
595
862
1188
1415
1218
905
1238
1648
1714
1749
1575
1532
1643
1998
2193
2150
1978
1885
1788
1640
1474
1239
1074
1016
959
778
655
611
1026
582
581
586
619
560
530
598
690
662
691
714
790
803
780
817
866
950
1079
1196
1286
1386
1600
1841
2100
2334
2404
2249
2083
1846
1612
1527
1394
1223
1041
926
865
747
612
496
386
306
279
333
407
496
615
656
612
611
481
339
410
532
562
613
622
649
692
1729
579
515
432
353
353
373
377
374
376
548
759
1221
1608
1907
1987
2114
2322
2792
2931
2928
2850
2789
2457
1827
1342
1411
1468
1567
1681
1861
2081
2227
2426
2563
2460
2245
1744
1497
1435
1526
1575
1649
1716
1688
1720
1873
2161
2520
2875
2837
2593
2549
2353
2439
2043
1812
1622
1492
1451
1507
1371
1251
1223
1075
1040
923
888
920
993
1046
1362
1710
2232
2489
2447
2306
2281
2323
2330
2251
2090
1866
1730
1744
1871
2051
2206
2327
2577
2940
3371
3499
3213
2817
2585
2471
2291
1910
1049
846
1340
1530
1691
1768
1753
1624
1445
1273
1292
1342
1473
1784
2166
2340
2198
2364
2374
2605
2929
3014
2740
2623
2053
1810
1551
1319
1553
1878
2082
2129
2003
1886
1734
1513
1237
851
855
948
951
932
982
948
1187
1468
1667
1777
1894
1800
1734
1488
1336
1338
1316
1417
1491
1550
1594
1522
1466
1285
1024
721
531
423
516
663
781
805
752
720
704
643
626
611
682
673
706
682
707
743
745
743
698
715
700
699
641
528
444
413
341
324
334
324
223
134
73
42
49
64
96
127
150
146
150
145
165
166
200
247
284
253
203
132
112
90
108
190
317
391
582
1121
1705
2373
3120
3843
4298
4093
3663
3231
2784
2470
2139
1942
1739
1325
1429
1541
1844
1869
1791
1535
1394
1396
1493
1865
2080
1950
1844
2054
2247
2310
2207
1955
1769
1560
1577
1796
2107
2114
1981
1955
2174
2654
2719
2337
1783
1558
1859
2268
2504
2581
2613
2804
3040
3188
2746
2360
2052
1673
1625
1728
1430
1449
1554
1266
1228
1268
1297
1267
1110
1092
982
847
588
494
552
843
1049
1280
1422
1305
1072
804
398
386
446
492
588
526
369
338
475
537
633
695
702
619
543
451
314
122
106
353
337
337
470
487
526
485
488
369
418
413
395
252
169
136
150
238
300
217
92
32
57
52
82
128
171
231
217
214
246
346
501
673
736
729
714
685
569
458
330
321
299
305
294
223
178
121
71
69
54
47
49
56
41
46
34
37
14
16
23
7
5
3
1
0
1
1
10
54
54
16
50
108
186
233
312
339
413
443
469
432
438
412
351
323
293
255
245
282
223
187
93
80
30
23
11
23
12
4
3
13
8
4
4
14
10
2
2
3
2
3
1
0
0
1
0
5
40
0
9
56
143
194
250
269
324
419
558
738
854
1004
1088
1103
1143
1220
1186
1170
1124
1326
1466
1534
1379
1202
999
755
592
495
503
555
640
610
595
703
759
736
679
629
607
561
579
457
383
349
317
314
345
332
332
295
293
320
279
248
221
296
331
339
384
537
634
658
588
528
469
375
386
405
386
421
436
479
520
501
460
419
409
369
289
253
203
99
58
35
25
32
26
25
22
11
10
13
41
104
134
163
191
211
212
158
122
95
80
74
95
89
59
47
21
21
23
11
15
27
49
76
79
76
59
52
47
40
34
39
78
184
263
314
287
254
252
218
213
201
209
206
227
245
259
269
218
179
112
44
55
137
248
400
469
536
589
636
665
658
545
362
295
328
366
396
447
526
560
536
526
481
444
361
261
149
118
78
59
39
6
18
21
29
22
37
52
44
55
53
59
69
65
74
103
144
165
199
191
203
186
163
122
117
122
108
88
63
39
36
64
65
67
54
54
59
64
51
50
40
43
33
30
38
73
89
90
84
57
35
21
12
8
4
7
21
17
11
15
31
84
152
182
184
157
132
88
71
57
41
22
9
16
33
22
18
19
20
12
8
7
6
1
3
5
3
2
1
3
3
2
4
3
2
0
1
0
0
10
16
2
2
7
9
5
1
0
0
0
0
0
0
0
0
1
0
2
11
19
37
38
32
46
52
51
49
42
63
67
96
107
105
100
67
41
55
84
166
298
443
641
814
943
956
911
841
837
813
767
694
705
774
820
968
1080
1338
1581
1779
1836
1765
1762
1798
2019
2083
2053
2121
2045
1941
1972
2062
2333
2446
2385
2389
2385
2521
2505
2164
1536
1229
1511
1496
1296
878
459
403
596
637
586
569
549
539
550
519
355
253
247
230
266
315
450
627
652
632
509
431
485
528
554
595
557
533
537
458
380
272
127
48
41
33
29
27
38
48
46
65
103
165
266
406
715
1173
1692
2147
1932
1684
1381
1713
2054
1819
1355
1224
1722
2209
2739
3442
3417
3758
3803
4128
3759
3355
2798
2374
2047
1951
1625
1556
1361
1237
1130
940
883
1656
1920
1992
1838
1435
1556
1793
2094
2419
2510
2380
2086
2089
2180
2162
2049
1845
1602
1323
1527
1716
1765
1926
1858
1503
1112
822
980
1333
1525
1607
1699
1729
1498
2317
2865
3106
2804
2797
2185
1869
1509
1175
978
833
1066
1611
1915
1851
1937
1518
1044
945
1016
827
717
609
597
641
606
745
1777
1411
1503
1720
1334
1359
1912
2095
1432
1337
1498
1284
1240
1435
1691
1918
2149
2115
1558
982
837
995
1133
1019
704
948
1147
1257
1086
831
742
603
471
342
349
410
268
146
118
135
228
243
256
363
426
493
545
461
399
358
311
207
156
111
78
69
76
90
120
159
168
181
152
141
117
114
110
140
172
174
184
182
172
166
136
110
81
69
49
46
34
28
33
41
51
67
63
45
36
14
8
1
2
3
5
0
0
1
0
0
0
0
1
4
0
0
0
1
0
2
8
10
9
11
30
65
92
87
60
42
33
33
65
60
43
36
35
85
132
145
149
108
53
47
20
16
25
25
34
41
56
41
22
9
0
4
0
1
4
5
33
65
181
230
146
103
99
60
40
26
28
29
25
18
21
13
10
9
7
10
16
55
109
161
244
218
169
66
27
11
9
14
32
37
66
80
90
132
180
262
382
417
416
334
169
97
109
105
114
95
125
204
282
317
348
364
333
277
187
112
50
28
19
19
21
15
10
7
12
7
11
10
12
18
16
4
8
8
8
1
1
0
1
6
7
11
17
6
3
1
3
6
8
45
55
66
65
103
136
175
174
181
139
103
79
41
48
69
74
78
70
38
38
30
29
35
59
73
88
117
149
171
169
177
166
170
135
124
121
137
176
202
217
179
139
88
36
39
39
68
82
87
45
50
58
59
35
31
21
19
11
25
29
27
35
59
63
56
51
54
75
69
74
60
64
55
59
56
63
69
104
116
121
58
14
2
2
2
0
0
1
1
0
4
16
15
22
26
36
25
34
28
71
220
487
826
864
890
755
671
624
631
560
485
439
393
276
201
153
167
209
239
588
329
492
618
651
612
605
490
526
634
783
853
833
805
1185
1422
1611
1683
1674
1618
1617
1825
2149
2350
2498
2394
2176
1966
1483
1783
2048
1835
1422
1365
1341
1375
1533
1845
2073
2225
2276
2206
2197
2297
2221
2104
1948
1732
1748
1837
2057
2228
2155
2259
2247
2291
2153
2006
1712
1547
1595
1904
2023
1984
1873
1502
1134
841
1096
1416
1555
1672
1899
2203
2419
2553
2683
2828
2960
3007
3050
3110
3059
2911
2786
2713
2629
2602
2561
2648
2743
2999
3152
3415
3495
3452
3135
2817
2776
2646
2450
2224
1935
1760
1683
1558
1338
1157
878
670
631
723
851
950
873
723
467
239
106
107
260
588
725
569
415
395
327
271
272
180
156
166
162
104
63
63
40
27
56
4
25
95
253
366
383
425
375
344
235
219
247
284
248
254
253
265
261
270
236
219
207
182
169
187
196
174
159
137
102
74
55
28
10
5
16
37
52
82
90
128
159
193
238
320
367
440
581
724
968
916
714
630
739
937
1129
1398
1425
1406
1473
1575
1455
1270
1076
1065
1176
1254
1297
1209
1087
1099
1086
1124
951
852
826
1216
1525
1796
1689
1538
1334
1125
901
795
888
817
720
516
259
204
533
770
889
874
880
880
817
830
830
847
791
723
650
623
591
559
491
446
394
325
240
134
73
8
61
122
226
283
333
321
333
349
313
331
327
315
298
299
268
244
229
194
144
118
161
194
203
279
357
424
405
363
348
376
508
593
697
790
670
644
780
822
844
799
826
838
866
924
1003
1186
1414
1634
1741
1858
1999
2045
2000
1774
1626
1579
1602
1631
1607
1435
1151
841
721
766
716
764
868
882
948
907
969
1016
979
904
857
836
791
743
679
615
554
492
540
624
735
643
540
288
220
398
517
626
663
701
746
715
666
613
580
560
530
496
493
453
403
418
427
412
326
154
87
134
136
140
157
128
98
81
75
102
79
55
38
22
16
35
113
166
206
182
102
237
309
248
199
376
398
206
224
560
750
739
498
214
186
270
238
186
98
122
203
245
256
224
170
131
171
224
233
242
251
302
359
335
173
93
188
227
218
173
115
119
98
103
100
99
80
54
29
35
48
53
62
74
70
57
54
41
48
47
33
1
2
25
34
48
39
32
46
50
39
16
1
2
0
3
20
19
28
14
13
11
15
21
23
31
52
43
31
28
10
0
1
6
39
144
210
202
248
367
499
602
693
701
631
497
390
277
154
80
70
92
106
88
80
64
99
111
233
512
596
596
543
473
405
330
274
244
223
218
212
172
131
118
96
68
37
23
26
36
57
108
119
154
192
174
114
74
42
28
40
48
42
28
18
14
19
26
34
46
44
37
21
33
61
113
190
196
167
150
173
246
470
904
1315
1721
1960
1987
1722
1503
1323
1185
1212
1324
1466
1531
1527
1714
1912
2422
2930
3238
3646
3580
2923
2447
2214
1940
1473
968
715
543
669
839
1034
1297
1522
1502
1411
1241
1170
1401
1500
1303
1064
1081
1251
1137
948
658
460
359
363
482
614
635
645
586
953
1203
1339
1304
1248
1262
1376
1519
1735
2115
2487
2494
2182
1854
2018
1810
1590
1844
1913
1837
1777
1851
1872
2037
1871
1676
2763
1604
1582
1398
971
788
744
567
733
805
818
851
910
981
931
890
807
882
969
857
785
729
675
508
363
257
215
192
215
230
108
56
125
149
135
158
169
265
332
348
466
438
492
439
343
285
239
223
214
288
385
453
581
629
584
446
375
373
324
257
209
126
143
124
108
91
69
54
66
38
59
127
167
130
40
40
69
46
57
52
52
47
44
50
67
84
130
156
187
199
226
260
331
441
546
547
499
491
413
352
358
342
387
433
545
608
673
778
880
803
620
406
255
138
176
185
168
106
54
60
80
115
109
74
33
16
21
35
43
40
38
41
82
62
37
22
38
67
44
25
30
25
35
35
31
36
41
42
46
50
47
59
77
98
113
143
148
181
146
164
136
102
68
44
21
12
8
4
5
11
42
106
185
342
573
980
1369
1850
2225
2325
2202
2331
2621
2898
3109
3177
3260
3010
2867
2550
2169
1872
1660
1489
1193
943
714
633
661
746
1028
1250
1341
1683
2361
2966
3541
3611
3003
2240
2269
2454
2407
2628
2900
3024
3003
2779
2783
2640
2493
2291
1786
1272
969
1179
1488
1669
1696
1547
1467
1747
2029
2270
2413
2574
2414
2175
2037
1943
1818
1522
1271
1016
720
391
194
111
178
354
546
623
726
779
926
940
1071
1062
1075
1115
1101
1104
1043
928
900
850
911
942
929
933
889
880
838
785
674
485
221
56
51
51
38
82
193
303
381
402
382
390
351
345
312
344
339
299
274
183
115
83
84
67
82
106
106
100
91
84
87
78
71
82
78
113
146
186
200
219
183
164
155
103
64
28
18
13
9
18
22
16
3
0
2
0
0
0
0
5
2
0
0
0
4
2
3
17
24
37
46
89
74
58
73
49
20
33
32
38
30
43
48
49
47
59
48
32
35
30
41
29
44
53
77
65
60
43
27
20
11
7
3
1
0
0
0
0
0
0
0
0
0
0
0
0
0
0
0
0
0
1
2
3
1
6
7
2
1
3
1
3
0
0
0
1
0
1
6
15
22
26
37
27
36
38
64
72
73
103
101
118
128
135
118
103
90
111
103
120
107
103
117
108
114
114
137
140
144
211
228
263
316
429
477
588
653
771
842
968
999
1108
1124
1233
1225
1196
1185
1118
1128
1033
1053
1014
937
907
838
691
600
518
412
353
270
192
129
77
21
8
2
9
61
105
252
335
394
501
575
652
749
804
885
927
1007
1073
1144
1163
1931
1196
1236
1249
1294
1305
1316
1314
1287
1255
1153
1025
927
946
1087
1150
1217
1261
1406
1684
1887
2018
2174
2460
2540
2772
2819
2535
2393
2323
2042
1615
1187
1204
1100
1210
1095
946
1226
1475
1793
1763
1343
873
856
1005
952
853
921
729
984
1072
1195
1329
1575
1728
1774
1279
1107
779
793
781
734
513
244
336
460
492
607
667
771
913
1170
1360
1503
1613
1377
1027
876
903
968
908
927
969
979
938
825
857
1127
1369
1481
1419
1299
1242
1045
1157
1185
1246
1244
1157
1027
1014
1063
1182
1237
1245
1039
693
397
231
177
172
217
220
202
172
141
120
104
73
53
80
148
292
514
635
742
840
873
873
762
635
459
302
189
139
153
207
190
168
192
248
379
484
519
513
491
451
399
290
189
98
46
23
13
19
20
18
19
9
7
19
55
99
112
342
372
128
93
72
69
63
40
20
5
2
8
9
12
20
15
42
71
81
80
91
81
74
60
34
24
8
1
0
1
1
0
0
0
1
0
1
0
0
0
0
0
0
0
0
0
0
0
0
0
0
0
1
0
7
7
7
6
4
3
8
8
9
10
10
6
1
0
0
0
1
0
0
0
0
0
0
0
0
0
0
0
0
0
0
0
0
0
0
0
1
0
0
0
0
0
0
0
0
0
0
0
0
0
0
0
0
0
0
0
1
5
33
53
168
396
538
588
618
644
740
915
968
1226
1539
1673
1891
1751
1863
1867
1899
1775
1640
1481
1262
1078
930
753
654
717
755
651
539
588
609
438
298
271
377
485
537
735
634
577
538
586
561
603
610
607
555
424
531
522
469
444
480
617
687
734
814
980
1151
1191
1239
1295
1321
1366
1297
1198
1000
900
824
744
766
769
753
661
605
590
567
607
536
375
217
98
55
59
64
122
269
401
536
552
550
531
499
464
431
353
280
176
157
175
305
511
729
849
860
747
560
698
860
783
530
444
371
273
289
286
297
354
382
340
240
162
181
184
180
176
225
444
557
513
342
187
285
355
336
277
217
169
153
179
218
223
194
159
107
178
255
237
229
196
173
281
395
492
511
539
601
592
620
689
672
626
612
690
715
776
810
793
707
784
983
1160
1096
1001
714
574
564
562
505
386
377
583
748
805
714
659
727
719
675
586
521
498
540
586
601
559
633
692
782
884
983
893
973
1056
1042
1116
1021
919
848
810
751
624
537
455
330
281
222
184
145
146
167
540
481
646
831
938
947
920
848
978
1048
1052
850
570
459
388
380
365
270
191
148
133
249
423
471
455
445
415
404
277
216
311
458
570
695
761
746
640
445
405
353
327
281
324
404
379
368
325
273
231
195
194
261
342
332
299
264
228
210
229
257
291
267
263
310
329
315
266
217
214
204
262
346
428
461
455
403
310
368
477
490
451
462
270
113
198
230
287
302
328
353
444
582
693
774
777
808
833
837
831
964
1153
1349
1459
1395
1231
1011
674
342
219
232
343
508
745
934
986
931
912
857
755
900
1037
1100
1228
1311
1334
1185
1060
920
743
680
635
556
541
464
406
412
464
403
323
337
365
326
417
466
497
440
389
423
613
592
479
387
259
181
263
283
273
233
141
123
109
121
120
140
218
305
345
436
454
400
340
361
573
757
780
811
679
547
658
673
640
656
696
676
655
636
655
622
576
605
565
540
526
472
455
415
397
351
330
339
365
358
298
242
189
132
157
171
168
156
153
168
161
236
267
236
251
219
203
175
112
86
131
175
197
166
124
149
125
133
194
267
398
620
978
1773
2740
3345
3218
1884
994
1381
1091
864
862
1111
1200
1002
1145
1355
1328
1119
810
777
832
786
571
452
524
288
502
630
738
699
535
460
443
456
556
628
560
446
441
438
437
468
453
385
455
669
819
722
597
656
633
570
431
373
326
291
275
256
247
222
245
218
206
210
122
97
86
86
94
77
47
15
10
16
29
27
23
65
152
220
255
338
442
489
471
481
468
405
399
396
338
269
211
160
103
55
67
97
90
85
90
82
84
64
72
79
102
121
159
208
225
257
318
440
550
599
776
864
952
892
1022
934
770
684
579
469
480
383
632
756
738
684
574
315
391
389
341
352
386
231
269
430
515
697
664
537
413
238
151
217
284
362
405
369
312
486
637
611
601
648
690
708
765
623
470
589
1026
1353
1468
1480
1657
1854
2247
2666
2799
2543
2006
1308
744
504
537
639
696
649
507
383
428
729
1069
1328
1469
1519
1553
1516
1576
1669
1709
1755
1841
1929
1887
1804
1742
1868
2140
2380
2583
2634
2622
2569
2684
2729
2820
2714
2658
2554
2380
2205
2078
1935
1800
1642
1562
1511
1390
1305
1245
1194
1091
1052
1115
1111
1093
1040
940
841
645
600
567
588
637
683
740
607
330
370
639
942
1278
1442
1517
1663
1773
1857
2047
2106
2217
2294
2419
2534
2630
2543
2403
2464
2563
2673
3856
2528
2466
2409
2353
2292
2136
1878
1632
1374
1334
1558
1696
1772
2018
2301
2576
2742
2889
3042
2927
2963
2933
2835
2655
2423
2259
1985
1666
1526
1523
1467
1362
1256
1153
1066
959
778
795
865
834
758
667
624
579
571
545
584
552
484
450
461
529
451
529
605
617
580
558
553
576
554
454
350
264
525
624
614
538
464
466
444
396
399
418
454
448
470
722
863
914
924
879
790
611
607
629
705
785
722
556
648
790
842
842
791
759
713
588
507
474
447
432
302
396
528
538
539
539
453
349
232
189
179
183
218
338
419
414
371
334
304
279
228
216
206
164
169
353
466
527
504
460
426
344
244
151
89
152
169
252
223
234
329
446
669
791
887
546
653
1403
1744
1667
1250
873
648
518
664
767
589
497
404
510
572
702
722
615
396
196
275
321
360
409
552
532
514
479
514
477
391
246
187
82
162
157
109
89
137
162
144
56
63
80
101
119
99
83
77
76
72
60
52
50
48
119
242
284
362
607
873
1328
1778
2225
2576
2759
2757
2737
2518
2223
2127
2559
2851
2713
2456
2152
1823
1558
1395
1325
1201
1177
1334
1701
1860
1871
1840
1874
2063
2224
2400
2596
2774
2658
2478
2174
1910
1667
1461
1341
1443
1619
1708
1836
2101
2203
2183
2036
2005
1957
1775
1697
1475
1292
1071
854
830
841
955
910
940
896
862
750
718
808
898
1052
1447
1651
1741
1853
1712
1758
1956
2205
2530
2891
3183
3208
3072
2650
2141
1650
1339
1171
1179
1109
1058
1066
1062
1088
1110
1213
1466
1729
2074
2281
2435
2134
1778
1786
1638
1731
1724
1589
1821
2035
2314
3031
3209
3373
3469
3428
3376
3206
2731
2207
1638
1659
1723
2175
2358
2162
1682
1664
2034
2296
2611
2842
2837
2627
2345
2148
2118
2024
1852
1570
1308
1174
980
797
915
1083
1149
1079
805
933
1378
1290
1117
1055
1164
1237
1105
890
581
391
450
503
474
443
386
311
295
224
140
87
57
71
100
117
115
124
123
176
239
251
260
230
150
71
75
110
164
157
157
182
249
332
396
459
406
412
401
321
202
255
357
480
552
582
510
566
864
1156
1431
1734
1959
1971
1786
1575
1261
982
919
904
1092
1219
1556
1732
1631
1629
1775
1966
1843
1518
1335
1530
1674
1870
1990
1697
1595
1561
1539
1421
1296
1045
1136
1165
1047
803
898
1102
871
601
601
669
882
1060
1147
1113
1043
851
742
853
996
1141
1198
1893
1789
1041
1071
1233
1407
1640
1784
1861
1875
1706
1428
1190
1506
1716
1802
1788
1811
1602
1733
1681
1590
1456
1366
1255
1157
1034
837
604
503
480
514
1032
474
292
147
155
134
65
138
238
306
381
404
494
911
1191
1221
1242
1197
1019
954
912
820
761
698
489
307
276
394
548
605
583
598
704
778
729
712
608
430
251
196
214
179
149
145
221
284
341
383
406
394
335
280
245
241
236
205
180
159
157
131
88
78
81
139
248
325
252
213
178
193
261
267
252
242
193
141
87
84
91
146
209
256
321
364
401
466
485
379
189
199
327
369
318
212
103
59
76
149
219
322
409
453
568
667
792
967
1289
1655
1914
2172
2473
2675
2891
3398
3734
3946
4106
4137
3931
3806
3734
3708
3619
3527
3521
3626
3721
3900
3965
3807
3587
3527
3552
3579
3526
3498
3359
3108
2785
2526
2308
2185
1955
1717
1506
1362
1064
837
768
715
628
661
865
1197
1636
2192
2791
3747
4210
4239
4224
3908
3883
3777
4079
4122
4058
3823
3716
3760
3870
3949
4040
3947
3746
3436
3201
3093
3138
3160
3308
3295
3164
3081
2865
2749
2719
2837
2833
2873
3012
3070
3063
2826
2508
2112
1819
1547
1250
870
511
675
878
898
760
572
457
301
234
196
177
175
283
351
370
315
288
285
302
306
258
214
204
188
123
113
88
69
48
51
91
114
154
153
138
99
98
69
55
60
83
150
198
207
200
271
333
383
416
422
439
396
377
351
337
347
313
280
211
133
66
21
10
4
12
4
0
1
12
24
26
45
59
35
15
11
4
1
11
27
32
31
26
26
8
8
8
10
2
2
0
1
6
3
0
0
1
0
1
0
0
0
0
0
0
0
0
0
0
1
7
10
11
34
47
66
81
110
219
354
311
256
160
86
78
90
100
149
181
209
214
221
199
211
178
153
124
125
66
31
15
7
1
0
1
7
10
12
15
31
123
351
635
920
1051
1184
1297
1346
1363
1362
1396
1400
1351
1299
1368
1502
1705
1788
1769
1712
1568
1612
1547
1658
1819
2069
2242
2154
2138
1996
1877
1900
2002
1894
1897
2035
2281
2473
2470
2350
2230
2111
2059
2135
2319
2451
2464
2379
2241
2092
1935
1583
1150
907
752
748
1017
1127
904
751
648
553
657
941
1077
1240
1291
1269
1260
1334
1393
1501
1827
2155
2342
2439
2403
2466
2519
2588
2637
2676
2778
3016
3129
3191
3333
3460
3637
3719
3722
3679
3621
3390
3327
3289
3199
3184
3164
3213
3199
3228
3276
3386
3394
3190
2622
2045
1688
1747
1972
2232
2289
2399
2495
2494
2425
2255
2115
2136
2249
2332
2341
2305
2327
2278
2239
2205
2125
1951
1907
1875
1883
1878
1762
1566
1496
1302
1116
854
702
580
548
416
303
298
411
482
642
861
1643
959
925
831
790
820
871
951
863
832
977
1245
1461
1559
1594
1653
1738
1840
1949
2035
2151
2179
2338
2570
2880
3225
3542
3902
4316
4653
4824
4963
4999
5045
5015
4843
4746
4681
4770
4908
5111
4600
3891
3588
3425
3071
2525
2180
1817
1581
1595
1676
1636
1405
1056
935
895
861
726
635
587
553
560
679
786
923
1065
1157
1221
1162
1170
953
867
807
746
641
454
338
335
340
398
628
872
1003
1199
1613
1990
2401
2806
2807
2461
2185
1851
1607
1531
1516
1577
1483
1348
1153
990
728
660
633
615
572
591
537
452
307
203
222
340
407
410
415
406
424
404
495
616
662
645
608
630
649
651
595
575
533
411
321
305
395
569
670
708
674
574
445
364
326
275
264
255
274
251
313
301
242
188
170
131
102
64
20
3
1
0
0
8
13
10
9
3
1
0
0
0
0
0
0
0
0
1
0
0
0
0
8
43
77
161
205
236
224
203
173
121
88
41
12
4
0
0
0
0
0
1
0
0
0
0
2
0
1
1
0
0
0
2
3
4
1
1
0
0
0
1
0
0
0
0
1
3
3
0
0
0
2
0
0
0
1
8
3
0
0
0
0
1
0
1
2
9
31
32
26
8
3
0
0
5
26
51
74
110
160
170
154
157
139
95
53
38
18
8
0
0
0
4
10
11
22
16
7
1
0
0
12
23
26
36
32
32
65
69
69
78
73
66
63
48
35
28
55
88
104
87
106
114
96
73
72
83
53
38
32
25
52
113
178
248
371
569
584
587
732
793
795
1070
1434
1706
1793
1973
2452
2922
3470
3482
3411
3252
2912
2445
2028
1762
1456
1146
946
939
1156
1427
1642
1793
2050
2184
2623
2819
2530
2152
2153
1896
1644
1583
1732
2161
2433
2459
2175
2081
2122
2051
2005
1960
1580
1131
803
994
1219
1424
1574
1618
1675
1775
1876
1858
1813
1614
1590
1584
1531
1364
1225
1061
921
680
422
322
276
265
438
547
434
366
485
635
636
610
590
644
687
764
774
830
833
773
477
186
136
147
241
422
611
740
878
999
1126
1240
1250
1224
1183
1208
1202
1303
1299
1219
1053
875
673
547
516
487
469
407
318
230
144
68
40
33
59
86
160
249
339
439
491
469
439
430
467
530
587
559
464
392
299
274
276
232
137
66
133
152
120
66
99
94
116
210
277
340
296
265
248
260
243
218
159
134
90
81
70
85
78
53
31
10
9
15
24
15
13
4
5
1
1
5
7
14
10
63
41
76
158
354
722
1027
1233
1460
1875
2086
2315
2324
2133
2011
2164
2338
2268
2132
1799
2248
2314
2298
2344
2358
2102
1899
1773
1482
1121
808
672
768
1031
1314
1581
1729
1662
1464
1329
1057
868
684
518
554
690
978
1149
1314
1226
1162
936
592
598
867
665
422
364
293
244
211
213
260
375
473
481
377
170
76
219
490
720
988
1288
1536
1592
1575
1502
1519
1431
1225
1162
1144
1332
1404
1433
1517
1263
984
762
767
773
767
732
738
801
1151
1318
1340
1413
1322
1119
1005
871
709
535
419
394
578
738
801
889
967
930
935
941
1082
1307
1401
1398
1388
1417
1339
1167
969
528
407
607
1187
1449
1372
1018
1028
1228
1436
1681
1561
1149
746
501
492
540
670
854
990
1076
1035
972
771
631
468
345
318
415
516
627
839
818
700
565
455
345
248
218
247
346
514
547
430
208
58
68
98
129
189
231
313
479
488
587
657
634
491
331
189
154
187
319
412
508
433
290
162
102
80
84
115
177
251
273
288
345
367
403
327
286
359
442
527
509
477
395
301
168
86
43
36
26
29
11
0
0
0
2
8
23
33
24
24
30
38
35
61
134
400
697
756
519
487
596
622
585
624
680
592
428
259
141
142
128
90
61
38
12
4
0
0
0
1
0
7
31
45
88
128
223
329
406
532
687
811
1899
971
893
874
777
635
484
372
293
257
127
62
11
8
17
18
16
26
69
113
109
100
114
120
80
80
43
19
23
10
2
1
8
10
9
17
29
44
42
49
75
62
60
42
30
41
53
62
51
70
86
89
88
67
59
54
41
45
49
53
41
36
20
9
45
47
49
43
93
214
304
372
375
320
284
214
145
91
71
85
112
104
118
102
95
102
93
101
100
118
83
69
96
83
78
47
40
8
0
2
2
7
4
1
1
2
1
0
0
0
2
38
175
366
509
428
321
197
85
98
87
79
104
132
98
29
28
23
22
17
18
26
42
68
108
165
232
456
647
742
660
512
311
112
99
71
118
114
41
26
151
314
435
488
530
548
517
457
456
413
354
317
279
217
147
165
241
336
275
238
251
237
181
89
39
37
24
40
50
45
48
51
53
51
34
33
28
24
19
6
6
5
1
0
0
0
0
0
0
0
0
0
0
0
0
0
0
1
1
9
10
25
45
61
86
113
138
172
164
147
156
167
202
246
224
192
202
195
191
423
157
231
285
302
317
278
188
118
85
88
113
163
204
274
349
396
435
461
499
541
634
728
823
875
890
876
847
797
739
585
529
411
321
187
81
77
90
127
164
206
248
262
243
270
335
358
457
514
553
584
614
633
692
702
767
726
683
592
487
453
460
452
478
530
550
544
469
357
243
174
140
205
355
507
593
605
603
471
431
365
219
130
104
88
96
91
134
152
150
119
63
28
9
4
4
0
0
0
0
0
0
0
0
2
15
50
132
245
278
253
487
602
548
336
147
97
150
99
58
73
69
102
162
151
104
83
86
83
75
136
246
383
444
464
491
472
441
415
473
583
693
833
924
1062
1133
1260
1373
1453
1538
1507
1561
1548
1513
1441
1347
1251
1184
1110
1016
923
795
617
337
71
24
136
428
711
976
1091
1167
1246
1258
1384
1464
1546
1558
1628
1665
1571
1399
1207
1075
925
761
573
389
197
135
269
427
537
643
750
848
1004
1017
1179
1269
1324
1329
1318
1345
1341
1353
1380
1292
1219
1093
1005
802
586
298
132
74
43
126
331
540
619
659
762
987
1131
1321
1434
1564
1581
1553
1535
1479
1386
1386
1228
1120
988
832
668
520
322
203
122
89
70
97
103
158
288
425
534
680
759
822
928
949
1010
1012
967
886
800
670
551
331
154
28
9
37
212
417
588
702
805
916
1029
1151
1136
1239
1294
1300
1381
1374
1421
1393
1344
1275
1144
1024
839
640
397
204
119
93
218
411
637
882
1083
1218
1388
1480
1618
1738
1713
1712
1699
1719
1668
1579
1513
1442
1387
1296
1071
868
603
469
429
479
586
587
808
1016
993
934
970
1126
1246
1361
1401
1495
1449
1408
1361
1408
1594
1780
1955
2040
2030
2161
2190
2257
2320
2400
2397
2153
1737
1448
1261
1066
1064
966
945
920
916
755
552
470
453
412
418
416
398
288
219
258
274
303
340
358
381
404
467
573
725
975
1218
1437
1497
1408
1347
1162
990
769
709
529
446
393
370
360
405
351
209
116
77
90
104
146
179
186
225
237
200
158
103
76
38
6
3
13
62
150
321
530
761
936
1219
1424
1567
1604
1506
1315
1051
848
729
735
848
968
1011
1012
957
1002
1080
1167
1256
1273
1331
1408
1370
1030
606
427
482
636
656
500
266
100
99
170
141
84
94
287
479
573
609
651
660
639
655
628
619
604
516
358
128
225
765
1109
1314
1446
1603
1628
1679
1777
1867
1916
2034
1915
1802
1698
1412
982
637
409
201
45
46
234
430
649
886
1062
1133
1234
1177
1203
1925
1237
1301
1379
1349
1338
1220
1171
1117
998
816
524
287
197
305
660
991
1179
1229
1103
1022
996
978
1002
1082
1111
1090
1133
1125
1018
907
831
840
859
692
464
415
450
473
671
943
1245
1525
1683
1813
1837
1747
1732
1627
1504
1339
1239
1251
1226
1056
819
645
449
325
455
653
671
717
731
825
935
1146
1282
1464
1664
1729
1902
1960
2020
2183
2206
2080
1921
1794
1699
1659
1670
1738
1894
1887
1899
1949
1954
1834
1723
1644
1542
1444
1419
1395
1333
1358
1417
1312
1090
887
727
578
527
598
723
827
1016
1195
1082
1153
1387
1577
1406
1093
707
479
396
291
284
384
605
697
718
655
529
404
244
216
178
175
150
174
217
221
233
263
294
295
297
303
303
297
314
269
275
272
236
217
139
93
104
108
149
194
239
218
181
187
195
175
183
183
201
227
250
251
265
280
257
247
242
266
253
193
149
109
78
55
26
4
3
0
4
0
0
1
4
6
9
12
3
1
1
4
1
11
20
0
10
18
18
23
33
43
45
47
49
51
78
82
154
238
342
417
452
623
701
698
701
768
824
888
842
816
763
679
565
497
342
182
61
21
13
40
123
239
366
497
654
734
806
884
948
996
1027
1013
966
923
894
775
685
527
251
25
5
40
202
406
573
600
696
722
704
712
632
592
506
461
367
233
165
92
88
82
96
100
133
174
143
108
77
51
59
93
135
163
154
168
117
93
60
31
11
26
30
40
49
59
74
67
38
44
41
32
63
170
347
427
326
182
114
133
208
292
156
262
284
220
95
52
116
97
43
29
40
53
34
31
49
70
117
214
460
733
975
1242
1467
1702
1906
2081
2075
2030
1929
1853
1852
1908
1956
1884
1760
1764
1888
2012
2092
2153
1909
1867
2057
2218
2312
2397
2390
2375
2243
2079
1993
1885
1818
1775
1730
1597
1540
1499
1417
1387
1406
1340
1150
1144
1148
1213
1207
919
957
1261
1506
1438
1382
1357
1206
922
817
841
689
744
852
980
920
930
988
1034
960
1436
1705
1595
1295
1095
1265
1625
1943
2312
2615
2699
2312
1884
1497
1362
1381
1137
732
469
547
685
800
868
845
1073
1202
1240
1434
1586
1492
1510
1509
1396
1495
1853
2267
2444
1757
1205
853
600
410
507
408
362
298
274
263
219
182
185
257
318
315
261
268
289
239
228
379
507
481
378
350
223
97
76
80
106
142
88
119
518
668
526
256
216
679
1236
1652
1911
2156
2327
2421
2381
2304
2096
1936
1627
1388
1047
721
349
28
8
182
565
824
1729
1276
1519
1607
1658
1673
1603
1615
1565
1550
1495
1429
1368
1337
1253
1236
1097
940
683
506
384
246
201
145
71
15
5
11
104
140
145
107
79
95
64
53
51
46
48
98
166
185
181
146
96
93
87
62
62
36
24
30
31
23
19
5
1
2
4
10
9
10
16
8
8
3
1
0
0
1
2
3
3
9
23
11
0
9
45
144
251
393
485
531
579
570
542
513
608
785
765
699
675
688
517
257
82
27
13
7
19
69
110
109
175
306
430
515
610
623
600
533
513
495
473
396
355
308
303
346
386
416
439
386
365
319
230
148
61
32
4
0
2
16
44
78
76
85
94
92
140
177
195
212
251
236
180
171
181
192
178
163
165
159
174
243
293
355
428
443
419
430
423
408
362
261
203
163
92
29
20
11
17
26
24
24
23
24
39
45
49
70
274
502
641
771
850
959
1013
1052
1064
1088
1097
1093
1040
970
898
758
643
497
375
298
208
193
221
296
280
277
270
194
139
125
127
155
217
326
416
463
477
438
367
268
193
127
89
50
45
82
122
165
231
314
383
460
606
746
931
990
1042
989
883
656
405
235
130
50
11
18
16
22
43
108
230
404
480
531
584
630
664
691
655
625
582
538
487
473
462
414
307
232
155
140
163
166
156
124
99
101
109
77
73
58
58
44
48
57
64
67
52
36
11
2
0
1
4
1
30
115
251
402
536
600
605
582
483
376
277
167
73
21
1
1
2
3
5
6
3
4
6
24
73
229
402
388
544
753
538
434
383
349
473
546
541
533
522
471
512
664
923
1057
1115
1011
1080
1103
1100
1125
1352
1452
1525
1567
1892
2203
2318
2034
1480
1124
1150
1227
1170
1005
1061
1293
1587
1797
1963
1881
1507
1283
1394
1462
1355
1133
895
692
523
440
503
530
518
483
446
304
233
137
152
173
188
222
229
332
496
624
731
837
907
870
856
802
756
844
833
849
934
961
982
956
940
945
883
812
723
611
522
423
316
274
233
159
130
76
64
72
122
205
236
321
374
402
441
485
540
558
579
571
595
591
602
529
489
431
470
583
707
682
665
541
469
372
381
418
421
422
484
577
622
663
706
757
951
1135
1296
1353
1451
1485
1500
1422
1337
1373
1357
1332
1391
1401
1489
1558
1660
1804
1911
1927
1946
1838
1724
1599
1441
1267
1079
1037
1052
1088
1001
951
797
688
523
387
306
240
160
79
20
11
100
62
95
147
273
446
574
698
882
1075
1056
1279
1479
1829
2239
2571
2902
3222
3458
3729
4023
4039
3874
3789
3709
3567
3364
3065
2833
2592
2473
2373
2171
2162
2064
1928
1706
1521
1567
2009
2380
2630
2495
2348
2627
2417
2082
1723
1431
1200
1163
1272
1532
1939
2237
2320
1991
1561
1550
1533
1254
925
857
909
850
866
841
750
564
534
787
919
929
953
886
831
728
557
436
476
481
344
341
532
790
963
1022
1009
981
940
891
784
763
684
604
507
513
460
367
218
78
41
72
131
216
310
357
345
324
284
219
151
108
57
23
9
7
13
7
3
17
30
60
101
124
143
161
154
119
104
53
57
44
27
15
8
1
4
5
5
2
2
2
1
3
12
9
7
10
1
0
4
7
0
0
1
0
0
1
0
1
7
1
0
0
0
0
18
41
69
82
73
83
127
202
219
234
212
220
206
202
197
205
157
79
66
59
67
46
24
17
3
0
0
2
7
5
1
2
3
8
14
20
20
32
50
79
50
35
14
14
22
17
5
0
0
0
0
0
0
0
0
0
0
0
0
0
0
0
0
0
0
0
0
1
6
6
2
1
6
7
10
16
14
14
14
26
16
13
9
14
3
15
16
12
8
3
4
3
9
4
1
0
0
0
0
0
0
0
0
0
0
0
0
0
0
0
0
0
0
20
20
15
24
32
42
38
59
64
70
65
57
53
42
41
30
8
1
0
0
0
0
0
0
0
0
0
1
2
4
3
2
2
2
3
3
1
4
5
5
2
6
2
2
1
1
0
0
0
0
0
0
0
0
0
0
0
0
0
0
0
0
0
0
0
0
0
0
0
0
0
1
0
0
0
0
0
0
0
0
0
0
0
0
0
0
0
0
0
0
0
0
0
0
1
0
1
6
4
16
10
17
18
29
25
8
13
8
6
0
0
0
0
0
0
0
0
0
0
0
0
0
0
0
0
0
0
0
0
0
0
0
1
0
0
0
0
0
0
0
0
0
0
0
0
83
192
295
386
521
644
660
607
951
1224
1498
1771
2012
2211
2344
2246
1964
1838
1904
2440
2835
3142
3064
2763
2323
1914
1822
1615
1502
1283
915
684
603
409
206
147
122
95
96
280
823
1451
1822
2198
2437
2533
2638
2386
2464
2483
2068
1713
1452
1350
1388
1383
1690
2057
2191
2525
2620
2980
3364
3403
3319
2975
2577
2302
1933
1986
1867
1798
1963
2281
2283
2755
1241
974
893
998
1134
1165
1128
1029
833
800
939
1275
1635
1764
1811
1841
1870
2088
2496
2861
2580
2268
2003
2271
2560
2561
2182
1904
1973
2200
2678
2996
2938
2661
2530
2373
2637
2644
2496
2224
2530
2873
3225
3337
3385
3362
3277
3179
3085
2968
2902
2731
2430
1860
1253
794
518
440
417
371
325
330
480
968
1487
1669
1654
1476
1206
987
799
598
409
442
654
913
1175
1358
1427
1413
1314
1152
1117
1067
971
941
784
606
420
331
259
249
417
685
949
1201
1346
1612
1750
1923
2358
2774
2915
3134
3057
2841
2560
2065
1651
1898
2161
1963
1611
1400
1591
1606
1350
981
1263
1372
1336
1339
1319
1466
1633
1966
2049
2255
2249
2097
1903
1661
1723
1597
1543
1632
1438
1212
1200
1201
1089
1129
1400
1517
1304
860
628
452
535
617
600
626
457
315
332
380
379
415
462
454
423
337
366
629
819
793
653
536
456
410
391
453
676
904
1044
1058
1035
1082
1138
1197
1223
1182
1040
922
858
868
905
845
1545
2398
2162
2262
2509
2570
2784
2630
2322
1972
1883
1780
1749
1896
1675
1726
1424
1593
1654
1602
1371
1068
871
746
646
609
609
583
522
415
342
375
422
474
505
586
731
977
1188
1428
1577
1562
1424
1108
835
650
363
227
326
316
301
332
351
341
330
328
297
246
148
23
49
175
293
372
435
464
460
464
435
406
407
411
424
398
397
458
536
510
449
275
397
761
1124
1717
2331
2504
2297
2040
1822
1821
1605
1301
1132
1023
1017
961
857
786
739
596
540
465
361
362
642
885
1129
1307
1269
1262
934
854
738
542
341
143
103
130
177
172
183
158
154
243
337
329
335
411
516
583
573
548
629
922
1436
2112
2338
2027
2048
2654
2865
2762
2487
2358
2409
2261
2084
2117
1978
1771
1554
1281
1082
861
787
788
774
727
785
786
823
893
1049
1091
1077
1148
1166
1098
854
648
534
506
430
434
466
480
506
506
529
657
775
950
974
921
801
611
546
468
722
617
289
269
264
327
386
385
291
274
280
232
187
216
281
309
364
379
382
329
293
263
240
218
309
377
452
411
302
212
206
279
300
279
284
235
224
256
342
327
276
190
192
197
198
209
195
197
200
163
161
149
143
111
102
68
56
63
51
43
28
6
2
19
33
38
50
61
72
75
69
58
50
35
18
48
150
275
544
838
1388
1855
1983
2675
2475
2316
2229
2578
2674
2299
2001
1377
1156
1533
1880
2125
2052
1661
1429
1207
875
664
535
397
311
258
188
211
264
327
402
489
538
552
586
630
643
664
680
761
846
844
733
417
1184
1751
2164
2073
1782
1624
1272
945
1250
1538
1309
1300
1515
1435
1057
744
617
495
989
1125
1226
1147
1170
1166
1120
1008
909
800
713
884
1442
1753
1705
1157
901
1580
1517
1139
1010
1051
1077
1088
1093
1020
926
874
864
787
714
749
791
676
1086
1491
1999
2220
2592
2617
2162
1691
1290
938
556
365
356
387
659
854
646
435
858
878
824
777
749
614
389
143
402
494
414
338
407
507
503
430
251
272
366
385
337
264
213
192
270
431
565
671
648
593
480
418
382
341
302
277
256
229
172
121
31
12
16
36
50
65
142
203
284
355
378
434
453
489
484
501
525
643
782
942
1137
1261
1251
1228
1407
1615
1914
2096
2042
1970
1589
1306
1200
912
630
536
451
387
321
261
275
301
354
332
253
243
283
304
275
271
273
295
403
462
514
496
420
275
183
135
108
102
140
174
244
370
506
602
563
510
438
406
505
604
730
938
980
1147
1273
1286
1205
1068
730
400
352
671
999
1285
1427
1655
1722
1960
2116
2075
2002
1815
1675
1405
1152
847
453
172
51
83
158
253
279
354
490
691
740
756
661
628
465
480
419
382
385
348
358
382
439
496
583
758
989
1219
1182
1200
951
1332
2233
2993
2429
2469
2338
2077
1754
1366
1179
1184
1023
907
795
838
1092
1291
1505
1641
1675
1654
1636
1663
1658
1765
1765
1761
1908
2025
2074
2040
2036
2057
1993
1887
1908
1781
1740
1678
1658
1563
1450
1216
1043
704
456
426
461
550
544
469
344
218
331
608
956
1277
1488
1508
1295
1179
1344
1622
1981
2088
2196
2199
2390
2569
2445
2392
2081
1740
1756
1981
2288
2554
2982
3165
3003
2910
3034
2941
3075
3194
3207
3139
3305
3463
3641
3729
3351
3364
3208
3051
2753
2435
2087
1778
1516
1358
1216
1193
1125
1417
1688
1600
1302
1140
1198
1024
858
924
1102
1177
1113
1039
919
850
788
884
849
710
583
467
310
212
264
233
220
187
237
326
430
645
1342
1793
1894
1545
1423
1874
2496
2852
3096
2862
2639
2472
2231
1975
1962
2140
2105
1947
1880
1498
1164
1329
1509
1766
1917
2244
2610
2934
2995
2952
2798
2651
2521
2502
2493
2682
2966
3017
2978
2993
2874
2604
2386
1989
1051
1411
1594
1133
923
814
1353
1305
791
706
920
1010
1033
829
627
794
878
970
1069
1003
992
955
707
390
356
587
749
885
1066
1275
1591
1638
1674
1533
1489
1386
1240
870
590
271
129
130
237
517
731
807
937
1095
1199
1183
1033
902
773
627
517
462
277
159
101
108
141
148
124
106
116
111
113
94
91
53
31
42
38
18
6
3
14
78
131
444
126
123
148
153
185
207
283
338
450
509
584
662
721
704
599
460
380
581
570
576
444
363
259
100
121
212
280
353
414
454
482
511
540
689
752
838
934
862
649
565
589
624
646
700
770
769
780
732
704
681
633
568
472
405
343
340
326
325
296
270
258
290
338
367
394
400
387
347
282
250
222
197
144
98
84
92
83
66
83
120
177
251
316
354
349
298
171
191
228
234
173
113
72
32
24
64
107
130
137
138
143
154
149
147
146
148
138
124
115
135
191
262
339
396
414
403
397
376
306
184
428
744
1002
1166
1372
1644
1646
1759
1864
2175
2511
2948
2843
3093
2952
2805
2627
2988
3413
3735
3341
2289
1838
1401
1284
1023
431
631
560
506
658
648
430
536
957
1222
1239
1246
1349
1414
1447
1287
1003
721
624
848
1251
1642
2030
2291
2352
2266
2077
1972
1799
1656
1509
1325
1161
1003
856
714
574
430
354
363
422
458
360
240
105
38
18
7
8
2
4
3
0
4
4
4
8
16
39
118
207
462
751
894
1001
1034
1167
1118
1036
1160
1278
1170
1031
1083
1183
1127
952
784
631
473
386
264
140
167
253
349
514
604
556
635
633
591
581
562
612
497
245
127
166
383
772
1039
1348
1488
1574
1279
965
649
428
285
296
224
255
323
352
467
472
549
604
564
458
259
371
597
620
429
313
379
527
437
304
348
509
629
598
554
443
320
206
269
518
761
1060
1075
843
748
701
606
515
399
282
240
144
103
91
97
97
98
140
191
242
276
346
438
561
622
634
639
654
572
528
444
360
349
286
251
203
189
183
142
98
42
14
3
0
5
9
18
27
59
98
128
156
136
159
275
449
567
647
658
606
614
511
331
158
53
15
38
52
36
28
28
16
18
35
75
134
214
226
203
122
60
18
1
2
0
0
0
0
0
0
0
0
2
2
0
0
0
0
0
0
0
0
0
0
0
0
0
0
0
0
0
0
0
0
0
0
0
0
1
0
1
7
26
23
16
6
6
24
10
0
11
26
44
50
79
128
173
191
173
128
113
98
70
66
56
47
39
33
22
13
8
6
2
0
0
0
0
0
0
0
2
6
34
51
46
50
32
16
7
5
0
0
0
0
0
0
0
0
1
7
6
0
9
6
3
0
0
0
14
37
75
201
381
328
228
211
248
303
372
373
348
351
312
249
228
245
305
532
777
936
1099
1120
1878
1035
991
1029
1153
1230
1253
1312
1390
1530
1769
1964
2161
2226
2342
2402
2424
2485
2629
2794
2896
3024
3200
3415
3645
3752
3997
4280
4563
4685
4788
4947
5071
5152
5196
5261
5252
5334
5265
5269
5140
5061
4989
4859
4779
4559
4350
4050
3556
2682
2061
2062
2410
2561
2665
2647
2478
2067
1905
1631
1148
801
786
971
1342
1666
1971
2183
1998
1680
1405
1383
1475
1491
1144
927
1158
1425
1426
1290
1713
1893
2030
2019
1648
1004
879
1160
1270
1074
846
727
634
383
283
300
367
443
544
619
609
640
676
781
819
824
981
1302
1173
744
394
362
278
309
410
270
125
64
69
84
172
496
895
1179
1361
1285
1266
1100
896
664
288
56
32
24
27
121
286
519
714
863
860
842
603
334
230
159
60
31
27
26
23
17
28
31
40
43
39
85
192
233
193
104
31
11
24
13
12
29
50
123
159
210
217
219
171
132
69
42
20
2
11
0
1
0
1
0
1
0
0
6
19
26
34
53
66
73
65
44
53
33
27
31
10
4
0
1
1
4
15
21
60
112
220
347
505
610
501
432
436
470
651
873
987
1048
1165
1138
1479
1953
2262
2320
1871
1528
1311
1270
1185
665
438
440
443
114
120
177
339
459
461
421
391
426
544
815
920
746
396
682
830
930
1066
1148
1031
898
903
987
1317
1337
1392
1505
1368
1219
1206
1145
1028
854
772
744
756
815
925
1101
1093
1107
995
870
868
1048
981
944
1101
1145
1066
776
495
562
652
635
750
1001
1109
1228
1443
1626
1678
1742
1631
1637
1499
1487
1447
1284
1071
794
740
635
545
562
478
340
124
98
78
26
11
13
14
15
15
27
38
48
68
87
108
107
136
155
158
215
204
162
112
73
40
38
50
114
261
403
522
573
566
488
383
271
138
45
5
4
2
19
55
41
56
49
61
86
139
140
127
112
97
68
72
90
83
103
91
81
59
44
23
14
8
7
2
0
0
0
0
0
2
1
0
1
2
6
7
9
18
11
12
20
21
33
36
35
37
24
16
10
2
6
3
6
2
0
1
2
3
0
0
0
0
0
0
0
0
0
0
0
0
0
0
0
0
0
0
0
0
0
0
0
0
0
11
2
0
0
0
0
0
20
30
40
103
159
226
251
272
269
235
194
156
110
70
46
18
0
0
0
1
0
0
7
15
15
9
1
0
10
17
35
55
80
153
245
324
389
406
388
356
269
206
154
148
109
114
132
218
293
407
604
1712
1164
1300
1420
1719
2020
2360
2684
3056
3498
4002
4471
4911
5277
5448
5343
5133
5037
4843
4738
4575
4394
4151
3991
3789
3605
3408
3298
3257
3137
3074
3041
2939
2870
2677
2246
1568
1094
1040
962
896
632
587
565
531
615
788
1040
1198
1288
1258
1241
1081
947
875
652
439
287
218
209
148
110
79
105
95
52
98
388
735
971
1046
1115
1155
1108
1107
1078
1071
1060
1072
1038
1055
1027
992
929
748
642
497
293
131
17
0
0
25
102
250
438
587
690
773
771
798
757
659
549
443
331
232
132
67
32
20
30
71
63
82
105
91
58
15
3
3
10
8
13
8
3
2
0
0
0
0
0
0
0
0
0
0
0
0
0
0
0
0
0
1
7
14
10
4
9
18
21
23
29
27
24
16
10
5
2
0
0
0
0
5
24
13
0
7
7
5
1
0
0
0
2
0
0
0
0
0
0
0
0
0
0
0
0
0
0
2
8
18
17
15
17
21
13
6
1
0
0
0
0
0
0
0
0
0
0
0
0
3
16
28
27
21
33
20
27
21
19
27
26
15
4
0
0
0
3
6
50
131
192
293
338
377
405
383
344
281
208
145
99
51
68
94
158
191
160
79
35
6
18
41
119
169
261
307
348
347
340
295
249
181
136
92
66
28
3
3
5
11
12
10
28
40
60
62
79
67
90
143
214
276
389
479
506
526
520
499
523
590
686
787
781
681
568
535
744
812
644
491
341
426
512
381
492
424
314
289
283
313
464
473
431
177
267
479
778
984
1034
897
896
648
586
843
829
699
498
299
304
319
349
683
1117
1094
1086
1280
1518
1576
1305
1301
1303
1264
1252
1332
1583
1760
1666
1527
1308
1008
906
863
810
682
502
320
142
83
65
46
50
103
158
188
178
174
134
100
40
31
56
56
56
42
38
53
31
57
106
133
155
107
42
70
89
133
141
162
191
197
234
240
324
407
537
663
729
817
863
767
782
739
606
442
359
232
176
167
197
291
328
375
451
571
591
632
685
800
862
916
949
1005
934
1163
1380
1295
1083
1180
1398
1678
1923
1580
1134
1316
1453
1511
1432
1372
1412
1604
1710
1619
1416
1084
956
914
1012
949
832
741
769
844
707
622
515
838
1169
1400
1309
1164
1070
1149
976
938
1045
911
829
1160
1477
1725
1873
2056
2237
2451
2726
3089
3415
3733
4002
4310
4476
4563
4537
4564
4570
4515
4364
4148
3866
3658
3430
3212
2920
2614
2103
1762
1756
2769
1121
1284
1310
1185
940
554
420
396
259
181
206
193
249
350
356
312
386
342
268
566
778
693
456
307
323
400
496
619
722
856
898
989
1028
953
960
923
815
863
885
798
810
714
603
425
290
155
31
1
2
0
0
2
5
60
155
397
757
984
1204
1260
1205
1147
859
677
782
923
1047
1035
824
616
297
113
129
147
177
182
192
154
106
41
14
47
10
23
19
8
8
2
0
0
0
0
0
0
0
0
5
6
2
0
0
5
13
26
41
37
16
4
0
1
3
4
1
1
7
4
18
55
123
219
308
388
321
238
221
211
193
157
129
115
112
107
91
62
47
32
14
2
2
0
1
9
18
22
32
33
28
22
13
18
34
7
12
12
5
3
1
0
0
0
0
0
0
0
4
10
3
22
54
131
248
607
1172
1586
2043
2324
2414
2326
2301
2517
2695
2672
2480
2225
1841
1482
1251
1286
1364
1591
2014
2516
2637
2674
2702
2677
2671
2609
2698
2813
2566
2352
2671
3039
3255
3448
3480
3458
3442
3272
3046
2525
2023
1689
1394
1231
1195
1121
1307
1585
1428
1364
1377
1387
1178
950
976
1068
987
863
719
684
620
614
620
575
478
380
403
362
346
279
235
209
168
156
123
69
26
25
6
8
10
10
36
45
19
3
3
2
0
0
1
0
3
2
2
4
0
1
0
0
3
6
19
22
28
38
44
62
68
88
105
148
148
166
134
117
131
100
103
87
72
49
32
26
19
18
13
6
6
4
0
0
1
4
0
3
2
0
0
2
2
0
0
0
0
0
0
0
0
0
0
0
0
0
0
0
0
0
0
0
0
0
0
0
0
0
0
0
0
0
0
0
0
0
3
8
23
112
286
591
915
1189
1503
1845
2234
2313
2340
2118
2036
1570
1312
965
741
527
431
315
263
250
204
166
144
116
108
86
60
58
37
25
24
36
48
81
86
67
78
116
181
205
169
139
130
123
85
117
176
154
194
195
175
133
119
173
316
553
721
848
998
1413
1767
1982
2224
2081
1700
1366
100217
0
0
0
0
0
0
0
0
0
0
0
0
0
0
0
0
0
0
0
0
0
0
0
0
0
0
0
