224
622
598
248
631
604
537
528
790
3392
169
256
314
314
312
320
340
340
389
429
471
498
601
846
1010
943
695
506
308
147
87
74
65
28
4
2
12
23
37
72
113
148
175
149
131
124
131
121
101
71
44
37
36
68
107
177
206
217
227
265
320
324
303
281
228
169
88
44
39
36
21
13
7
16
33
53
57
31
12
6
6
7
31
9
6
9
13
32
39
85
70
109
162
266
289
216
140
82
52
36
35
50
38
37
25
27
20
17
25
68
104
119
109
100
93
95
60
23
26
37
0
24
18
0
4
7
37
69
114
137
176
143
137
82
59
66
43
51
54
58
54
67
92
108
142
165
156
148
179
175
173
162
168
123
98
70
56
53
31
9
8
2
0
7
14
17
19
19
14
9
13
9
13
28
13
1
11
22
11
19
18
17
8
8
10
32
55
108
150
159
194
190
214
220
264
270
281
266
302
366
382
398
362
295
280
211
138
97
56
21
2
10
4
0
0
0
2
0
0
0
0
0
0
0
0
0
0
0
0
0
1
8
50
147
244
259
204
171
353
470
441
400
409
394
464
526
621
724
830
864
902
877
784
666
556
483
465
393
378
276
169
100
59
28
9
19
15
7
2
0
2
2
0
0
0
0
0
1
0
0
0
0
0
0
0
0
5
5
19
50
84
98
128
156
209
214
259
262
256
225
189
166
192
158
126
109
74
64
60
53
60
70
81
109
126
82
71
71
67
58
56
45
22
22
32
37
37
59
102
160
206
247
274
274
287
309
320
304
309
303
325
319
328
309
295
266
240
172
121
118
81
48
49
51
0
10
9
17
17
37
103
117
147
179
187
227
238
265
247
239
240
198
121
50
38
29
3
0
0
0
11
2
1
0
0
0
1
0
6
5
7
38
29
21
19
37
38
46
34
49
108
125
144
187
199
203
215
212
218
178
163
147
125
94
64
40
39
34
17
10
2
1
0
0
0
0
2
1
27
19
3
8
9
7
2
0
0
2
0
0
1
2
0
5
7
5
2
6
0
1
2
0
4
9
3
6
6
7
17
26
42
42
19
34
44
3
19
12
10
7
16
30
11
10
7
2
13
26
11
2
2
3
9
7
0
0
0
8
19
45
69
98
137
163
191
183
162
131
104
106
82
33
21
9
10
16
68
62
82
236
95
82
71
46
32
24
12
0
0
0
3
0
0
0
0
0
0
0
1
0
4
2
2
25
41
13
21
63
100
133
139
192
274
356
433
464
427
370
316
275
220
157
113
85
85
101
166
218
229
255
278
360
453
461
488
461
419
342
284
195
104
10
0
4
64
97
122
123
124
122
125
115
153
203
228
233
232
216
199
189
137
149
156
136
123
108
116
111
75
51
52
38
12
10
12
10
28
38
22
12
16
37
27
3
0
0
2
8
3
0
0
0
0
0
0
0
0
0
7
3
0
2
4
2
2
2
0
0
0
1
9
21
16
15
5
5
7
6
0
0
0
0
4
4
5
13
19
39
48
39
17
0
6
27
25
12
0
1
0
0
0
1
4
43
77
72
23
19
26
31
22
10
6
9
5
9
7
4
10
19
19
11
10
9
18
39
46
62
52
80
128
92
28
0
11
52
101
94
72
59
32
4
0
0
6
5
1
11
39
20
13
4
0
2
16
13
6
0
11
19
30
17
10
16
18
18
20
18
57
90
128
123
101
75
62
79
88
88
88
58
49
28
11
0
0
0
0
0
0
0
0
0
0
0
0
0
4
0
0
1
1
2
1
0
1
0
0
0
0
0
0
0
0
0
0
0
0
0
0
0
0
0
0
0
0
0
0
0
0
0
0
0
0
0
0
0
0
0
0
0
0
0
0
0
0
0
3
15
5
0
3
2
0
1
0
0
1
0
0
0
0
0
0
0
0
0
1
4
11
4
1
1
0
0
0
0
0
0
0
0
0
0
0
0
0
0
0
0
0
0
0
0
0
0
0
0
0
0
0
0
0
0
0
0
2
31
54
64
67
64
42
36
12
2
11
22
38
63
128
149
126
99
64
55
44
100
123
161
203
182
162
149
125
96
78
105
192
122
31
67
52
40
140
82
39
69
98
118
210
224
252
255
251
216
248
230
267
253
267
259
245
239
248
251
217
180
141
116
98
114
92
91
128
167
187
154
119
109
88
79
60
52
100
113
162
205
241
267
294
298
292
301
344
379
417
577
518
393
464
556
622
673
620
586
566
545
523
500
532
527
388
331
301
298
203
264
409
550
610
677
706
710
721
684
692
730
757
767
838
874
958
933
886
890
854
874
844
748
646
926
412
298
242
186
107
35
22
35
108
195
273
298
317
331
305
303
296
276
271
256
233
202
196
203
207
209
208
176
191
144
155
113
70
38
18
9
6
7
26
65
72
121
189
281
289
281
318
307
315
278
251
207
155
47
3
3
1
4
10
5
9
3
3
4
3
6
34
14
8
39
37
41
40
22
6
9
18
13
28
17
7
3
3
12
15
16
9
25
23
19
13
16
4
7
4
10
3
10
27
20
13
3
52
36
24
22
30
21
14
18
18
15
10
4
3
2
5
16
22
1
3
2
8
17
7
0
0
2
8
7
1
2
10
15
18
5
0
17
76
67
32
33
16
15
7
5
5
2
1
1
0
0
8
15
56
58
66
115
132
153
216
217
196
215
196
197
198
173
176
196
215
216
234
241
222
205
186
177
173
181
190
221
238
290
243
186
98
36
26
2
2
8
10
74
84
121
159
193
191
231
229
240
162
75
40
3
0
3
3
2
6
2
7
4
19
37
48
77
86
127
142
121
162
170
198
138
77
41
25
7
8
20
32
40
21
17
4
14
4
2
16
47
69
101
135
188
224
247
242
301
283
321
396
414
490
536
542
499
466
405
366
340
298
289
255
220
202
168
137
123
122
105
62
50
77
91
58
64
102
120
128
159
152
156
185
201
207
192
193
176
164
141
111
102
57
40
41
20
7
22
21
16
0
0
0
2
2
1
3
1
0
0
0
21
49
4
5
21
30
36
7
0
0
0
0
1
2
1
0
0
0
0
0
9
10
0
4
6
13
7
17
16
46
85
102
109
110
102
101
79
68
29
11
1
0
0
0
0
0
0
0
0
0
0
0
0
0
0
0
0
0
0
0
0
0
0
0
0
0
0
0
0
0
0
0
1
0
0
0
1
0
0
0
0
0
0
0
0
0
0
0
0
0
1
13
19
13
1
0
0
0
0
0
0
1
0
1
0
1
5
1
18
37
37
5
16
10
12
5
1
0
0
0
0
2
1
4
3
18
8
12
6
13
17
20
24
23
11
8
7
12
14
23
12
10
11
14
14
16
11
12
17
10
11
10
9
16
8
24
40
32
51
90
140
160
206
237
274
269
287
257
252
217
179
150
126
78
52
20
23
18
27
27
87
164
325
515
727
693
790
498
485
633
920
1180
1236
1277
1385
1425
1495
1611
1854
1793
1795
1656
1433
1155
1087
916
967
854
942
1067
1125
1070
1063
885
764
575
548
520
432
422
355
296
235
194
157
150
175
149
105
67
76
133
175
175
177
152
115
146
163
161
142
93
49
63
65
60
85
128
262
322
340
393
476
474
383
286
188
174
237
311
377
402
280
178
89
59
55
39
47
61
124
203
306
419
611
766
882
975
988
876
627
610
1251
1697
2024
2101
1949
1662
994
574
327
901
1110
1408
1458
1521
1618
1561
1246
645
514
898
1249
1207
1129
1283
995
834
572
454
600
813
1070
1177
1504
1659
1262
636
784
1047
1327
1375
1302
1107
969
622
797
1000
1118
1396
1432
1089
1034
1195
1418
1437
1350
1427
1499
1476
1400
1208
1032
950
770
648
552
405
267
195
137
88
116
310
548
845
1203
1397
1355
1234
1049
774
745
749
858
667
548
214
254
348
376
408
400
344
348
415
541
584
545
482
392
317
241
196
208
165
128
78
91
115
128
126
140
144
88
45
38
45
67
71
92
92
67
62
66
38
38
49
19
14
17
27
44
50
38
44
73
66
64
52
42
52
98
141
170
185
192
181
156
173
173
150
129
131
177
154
88
66
88
30
34
47
51
32
4
4
3
7
7
6
11
20
22
46
142
584
1300
1672
1427
1418
1235
1459
1301
898
611
420
429
351
219
232
340
404
442
522
493
437
406
267
252
364
406
414
439
375
342
568
756
868
1025
1035
883
614
458
343
259
212
183
107
69
113
144
190
267
309
272
185
103
61
74
67
67
53
30
30
32
113
200
345
547
748
771
736
570
319
95
49
76
93
75
54
45
58
95
90
35
25
43
57
53
49
72
98
86
81
101
113
155
131
114
87
85
53
26
13
8
6
3
4
9
18
13
26
24
23
33
131
303
454
511
480
446
342
223
135
86
66
50
40
22
11
11
9
5
14
15
21
22
26
23
16
17
5
8
21
18
13
15
41
43
49
59
75
84
85
106
115
123
118
116
63
45
36
28
32
33
10
5
13
16
18
14
16
16
18
17
8
5
6
8
15
19
22
39
30
14
13
15
17
15
15
11
11
10
15
14
17
20
25
19
17
7
3
3
9
9
26
22
29
17
8
27
51
34
16
17
33
49
53
45
33
16
5
0
0
1
7
5
5
8
13
31
83
156
214
231
224
470
285
235
191
224
240
244
177
123
106
71
58
70
68
52
39
46
52
30
46
32
43
63
26
32
16
9
13
52
99
83
116
213
233
216
127
64
44
40
79
86
60
71
59
46
63
68
64
112
162
155
141
106
90
48
20
9
6
8
34
50
51
74
86
49
116
111
77
126
182
259
337
405
386
333
302
309
332
276
248
234
226
118
65
34
19
34
85
48
32
69
198
364
518
821
1031
1099
884
912
988
1017
1236
1102
859
657
506
320
286
347
359
359
365
395
444
460
438
441
409
409
430
424
448
386
322
284
188
147
126
70
30
26
18
33
56
92
86
84
76
84
87
106
73
27
21
27
24
34
46
58
68
74
68
93
87
106
98
104
114
89
64
72
94
94
147
168
208
188
174
166
158
198
285
283
320
342
336
314
341
347
323
276
248
244
157
163
188
150
131
106
76
48
61
76
78
39
30
29
6
1
6
20
15
16
23
19
6
10
12
14
19
90
102
112
110
79
94
80
74
65
60
77
103
183
298
369
380
389
306
231
192
235
244
241
240
204
183
168
157
92
97
70
61
68
90
102
147
178
168
145
147
77
32
18
8
6
9
14
9
31
38
38
28
11
3
1
3
5
14
27
16
17
41
49
49
38
40
51
38
30
16
11
9
10
13
10
9
3
0
3
5
8
7
9
12
0
0
0
1
5
5
11
15
11
8
14
7
15
7
6
6
7
33
6
0
3
2
6
6
9
15
15
15
21
21
18
24
12
15
14
8
10
11
4
4
0
2
5
1
1
1
0
1
10
23
31
19
11
3
4
2
1
5
11
22
23
14
3
2
0
0
0
0
1
0
1
3
2
10
9
7
3
3
2
1
6
4
31
58
131
255
330
308
216
130
57
20
9
4
3
1
1
4
10
15
12
5
5
19
29
24
17
5
2
12
18
16
22
15
11
26
76
100
95
58
43
30
36
35
99
103
112
94
47
35
36
24
33
41
39
33
26
40
46
34
55
46
53
93
97
65
46
29
28
41
32
11
4
2
6
4
7
1
0
3
21
33
17
5
5
6
31
21
15
61
98
84
95
101
101
101
124
111
111
90
107
111
107
96
54
45
43
50
51
39
22
17
17
49
29
22
23
40
34
22
14
14
25
40
45
37
104
84
81
18
13
27
76
57
26
35
65
51
38
42
53
89
135
123
108
98
53
32
34
41
40
32
22
15
10
10
11
7
7
3
2
9
7
25
36
39
49
91
76
63
52
104
123
119
133
123
70
21
31
21
13
15
29
61
96
108
82
41
24
35
42
29
21
9
11
45
57
62
91
111
106
54
24
10
18
9
9
4
5
9
16
33
31
31
23
33
28
18
17
18
16
13
8
8
6
5
4
24
18
0
3
7
4
2
0
0
2
5
20
21
12
2
0
0
0
10
22
15
15
13
5
11
7
2
15
60
103
182
256
273
194
115
57
49
14
22
57
89
129
179
197
214
240
244
210
179
158
113
108
123
122
119
122
125
125
82
56
41
146
257
204
274
290
281
284
299
312
316
325
321
285
249
186
132
69
77
107
142
104
71
57
59
39
56
54
62
79
64
92
84
72
64
65
64
46
22
56
63
140
217
221
177
192
149
181
129
35
21
74
91
104
123
110
83
74
69
54
46
55
75
81
55
60
52
87
153
220
253
276
281
298
283
274
264
310
405
450
426
358
258
195
145
121
162
190
191
153
107
84
97
104
109
142
115
40
115
226
284
274
237
161
104
55
32
17
15
19
38
83
123
95
23
36
99
150
211
251
224
161
101
93
142
120
81
52
58
39
40
40
56
55
34
22
40
36
17
0
21
80
137
136
169
135
66
29
27
13
18
31
33
75
90
76
43
34
26
33
14
33
60
61
75
118
172
203
307
376
459
558
722
786
869
928
938
952
942
864
774
677
583
492
437
368
354
327
296
266
251
266
290
317
328
343
372
366
359
314
338
323
318
282
273
278
228
162
73
37
21
11
7
35
62
74
99
116
115
128
135
159
186
205
216
249
310
353
388
422
490
523
560
560
564
550
581
635
680
668
681
642
559
538
445
429
392
367
353
358
335
289
272
256
257
260
253
229
243
210
209
218
243
228
239
306
346
337
328
317
274
254
272
317
348
336
304
298
262
198
199
188
202
194
181
194
178
172
207
235
239
307
370
348
335
385
408
333
285
263
294
276
249
214
195
202
162
130
79
37
21
10
46
30
14
20
21
27
58
44
35
66
70
43
29
26
5
6
11
32
27
14
7
13
42
55
54
31
20
38
4
3
16
22
33
50
62
54
44
22
23
33
16
16
21
15
8
10
14
7
6
14
40
81
142
210
279
314
365
363
447
462
429
309
179
74
34
31
18
4
3
4
8
11
12
4
2
3
2
8
5
11
13
23
30
25
25
42
39
61
71
118
111
83
57
32
27
40
93
126
173
177
201
213
188
103
100
126
90
24
12
58
69
96
154
125
143
146
34
4
4
61
56
29
3
5
15
24
26
13
2
13
37
29
10
6
8
24
47
106
139
142
200
240
283
273
157
43
45
116
139
95
62
24
51
59
66
35
13
12
5
7
7
9
11
4
2
1
7
7
0
1
0
2
2
6
10
11
8
6
12
26
43
57
78
132
183
199
175
153
111
58
32
18
15
16
12
1
0
6
3
6
86
214
139
144
289
402
463
391
255
200
238
299
300
279
218
171
122
124
130
86
64
128
200
174
134
194
220
204
172
153
208
224
192
179
160
138
172
192
189
220
222
217
239
259
284
276
273
264
251
243
227
196
177
191
161
164
184
145
120
82
63
73
64
62
89
57
22
34
43
46
31
18
12
19
41
23
64
52
77
97
58
56
34
80
82
77
74
65
51
45
9
6
1
0
0
2
0
1
3
7
8
3
0
0
0
2
8
9
7
9
4
0
0
1
0
0
0
0
0
1
0
0
0
1
1
0
0
0
0
0
0
0
5
31
26
5
3
23
28
0
9
4
4
12
6
9
29
16
13
19
57
57
13
41
19
14
8
4
10
18
15
56
73
17
25
8
21
43
60
70
78
112
135
176
219
220
245
263
256
249
192
116
70
135
238
301
387
527
663
827
980
1136
1238
1301
1362
1384
1464
1497
1400
1379
1337
1282
1227
1123
1025
897
777
616
480
380
291
203
113
113
152
142
231
314
376
429
527
588
633
666
712
703
688
771
814
809
731
730
751
723
702
668
625
577
567
485
446
411
351
222
174
109
53
41
18
6
3
3
0
6
12
19
45
61
95
112
150
119
117
53
47
46
19
15
15
10
23
65
104
163
202
185
95
43
24
44
62
104
159
178
205
181
163
120
52
17
11
9
12
10
32
36
45
62
47
55
58
29
15
22
9
3
18
28
52
54
51
38
4
21
37
31
13
24
45
56
85
158
196
183
159
199
215
354
108
73
48
54
73
101
118
154
164
186
262
380
345
268
237
295
304
362
443
430
383
380
319
292
247
214
197
142
64
39
51
29
14
10
2
10
18
22
16
16
20
45
122
174
240
238
247
205
155
130
140
172
219
227
166
147
115
157
232
252
279
266
173
126
78
32
22
33
43
42
28
9
4
3
2
3
20
24
44
61
88
133
127
102
44
31
26
17
13
9
8
1
2
2
4
8
9
0
2
7
9
10
19
31
30
25
10
30
33
18
25
21
18
12
14
8
4
7
15
45
45
71
86
105
163
241
273
307
298
314
271
219
195
166
142
122
114
127
157
151
133
142
139
144
125
127
96
50
20
12
3
2
38
100
190
253
268
313
369
432
516
542
635
700
736
763
751
705
662
642
565
541
481
443
390
353
317
275
204
144
51
17
14
10
3
45
96
154
195
227
262
271
259
303
275
290
273
251
236
241
249
255
267
237
204
192
170
146
121
90
72
74
78
118
136
165
171
193
206
176
161
186
171
187
220
228
239
221
241
231
242
239
235
243
246
245
232
224
207
192
160
135
85
39
20
7
1
3
33
74
78
75
91
125
98
70
113
129
196
203
227
232
243
253
245
205
157
117
89
63
27
3
0
1
0
0
0
7
10
13
6
9
12
20
11
3
6
48
55
91
198
385
418
332
214
88
25
13
2
0
0
0
0
6
17
29
49
78
77
94
91
89
63
32
5
0
1
4
2
0
0
0
0
0
7
13
7
7
17
18
7
7
15
63
137
216
265
292
251
160
41
41
65
94
105
128
123
138
137
144
128
96
74
52
40
32
16
24
52
80
107
161
224
258
247
222
207
141
88
42
28
12
8
4
1
4
7
7
10
27
47
73
83
78
69
58
73
106
115
139
136
110
84
82
78
77
55
39
43
57
61
64
65
44
23
9
4
4
12
31
60
111
156
152
180
184
156
172
149
99
69
79
80
111
104
79
35
20
8
0
1
5
10
9
3
1
0
6
19
46
80
94
83
69
58
57
42
10
6
0
3
17
28
41
26
28
26
25
11
8
1
1
0
2
3
1
1
2
2
1
0
0
5
6
5
2
20
38
18
19
49
29
30
24
41
87
137
137
112
94
67
68
46
31
29
37
32
52
73
191
86
99
94
87
97
147
209
231
228
301
353
433
408
426
379
325
270
250
184
154
130
139
145
392
190
170
121
127
151
159
210
217
165
248
301
403
439
266
213
209
305
315
251
197
155
114
133
130
152
189
169
156
146
85
24
10
31
25
3
12
36
19
14
21
20
23
32
16
43
128
158
251
302
172
139
188
212
229
91
150
143
174
190
105
35
16
15
25
16
31
24
38
41
83
75
45
41
80
127
172
204
182
143
202
304
350
354
338
313
257
265
201
205
186
139
122
180
183
224
206
135
99
125
175
194
197
203
208
233
281
312
285
286
329
336
360
322
289
270
262
235
262
274
304
305
308
348
441
469
430
376
366
399
319
295
325
338
365
369
431
394
372
395
336
310
265
182
161
149
132
84
69
44
44
24
10
10
9
9
8
10
4
10
5
2
7
8
0
0
8
12
14
18
27
31
34
30
36
20
40
46
30
17
2
0
18
17
4
12
11
9
17
38
46
64
85
111
128
165
151
118
158
182
177
194
299
350
305
279
335
249
170
143
126
110
97
75
113
128
174
200
182
152
177
149
146
128
103
93
84
115
126
165
174
127
103
104
93
46
7
3
27
19
0
2
7
4
6
7
0
0
0
0
0
7
100
245
180
219
287
343
380
452
483
522
598
673
696
703
606
530
439
365
318
267
241
165
104
37
6
7
62
222
310
298
228
225
171
98
35
56
70
85
100
121
166
201
200
201
187
199
188
201
186
191
198
181
167
144
119
81
79
89
89
78
84
100
98
34
16
18
22
22
12
13
25
11
24
45
65
72
49
26
10
13
22
20
8
14
37
67
62
62
67
74
74
86
71
55
34
23
14
5
3
0
0
0
0
6
0
0
0
7
8
2
2
6
19
21
12
8
1
2
9
18
30
93
176
110
74
128
166
202
241
211
158
121
112
75
92
92
89
99
93
87
76
86
88
68
95
89
55
40
13
7
4
9
5
1
6
4
14
33
11
59
34
58
77
73
110
129
153
155
170
217
242
263
309
326
305
314
395
490
647
797
921
987
1008
933
875
742
600
535
435
355
285
199
107
23
3
0
3
19
49
89
99
131
150
148
164
153
177
186
219
211
213
215
214
192
187
192
201
172
195
220
213
202
193
199
462
258
380
463
545
544
566
518
442
346
305
225
196
207
198
202
229
223
241
250
231
189
160
115
87
89
82
69
76
58
23
12
3
9
25
31
22
4
0
1
0
0
0
0
1
1
11
10
8
5
3
2
0
0
4
9
17
18
16
21
22
17
24
37
51
84
71
69
77
57
35
10
34
82
74
31
14
17
15
7
9
13
5
2
16
31
53
79
104
141
143
144
174
163
125
95
122
186
189
109
96
100
125
136
99
56
18
6
9
19
20
28
14
1
0
0
21
34
14
11
15
11
0
0
1
0
0
0
0
7
18
28
45
63
57
43
16
8
5
13
26
21
21
17
17
5
11
17
22
39
57
71
90
123
148
130
111
84
103
194
206
146
114
165
266
248
220
282
319
271
252
249
296
381
509
502
477
467
472
436
399
336
230
243
322
308
284
265
216
167
128
110
148
166
171
235
276
271
282
279
282
296
257
223
149
55
96
201
256
250
142
71
266
293
303
350
338
271
186
153
158
137
113
71
59
38
22
36
30
32
28
2
4
0
0
1
14
23
18
1
0
3
5
5
6
22
43
64
66
33
17
47
55
53
55
48
24
0
0
1
2
11
14
8
9
19
43
87
104
106
112
140
170
200
193
187
136
96
98
77
121
204
270
307
304
305
304
274
261
238
210
212
232
236
270
224
126
124
195
188
205
242
313
313
259
155
112
89
43
122
158
161
169
108
73
56
42
31
31
24
16
20
25
25
20
10
15
28
53
52
74
69
37
21
66
144
183
171
174
194
211
248
258
247
239
270
205
169
178
154
166
139
108
71
50
50
43
39
29
27
33
25
28
29
40
30
32
28
22
14
17
21
16
15
14
16
29
24
11
15
20
45
41
54
73
112
142
111
82
71
59
73
126
134
113
93
87
113
174
150
142
114
77
55
42
49
30
15
16
16
9
5
5
13
33
24
16
37
16
10
6
2
5
7
0
4
14
4
1
2
13
16
5
0
0
7
12
6
1
3
1
2
5
9
8
5
3
3
2
2
1
1
0
2
8
0
0
1
17
28
33
53
83
84
31
14
5
10
9
2
8
21
14
4
9
31
68
141
200
239
254
270
294
271
292
323
419
581
650
699
690
645
565
471
460
407
397
356
290
217
304
40
17
7
3
1
4
3
4
3
0
0
1
15
21
79
107
106
105
106
129
151
130
107
94
68
51
33
33
25
11
12
6
5
9
11
10
21
22
34
62
78
93
69
40
17
10
1
43
27
22
14
13
6
5
10
3
6
3
3
9
12
13
1
3
5
5
3
5
11
30
44
38
19
14
12
16
24
1
2
3
2
13
15
16
10
5
0
5
4
5
4
0
3
0
0
0
0
0
0
0
0
4
7
30
50
77
145
117
102
99
94
104
98
83
54
43
22
37
29
31
79
226
281
216
105
88
104
34
3
15
12
19
7
37
10
1
0
0
0
1
0
3
14
10
26
36
27
17
13
10
18
35
27
34
33
12
10
18
32
40
30
45
90
128
134
130
97
69
59
63
83
138
195
219
212
214
184
170
96
26
22
11
9
8
0
22
29
34
49
51
33
42
23
9
7
13
29
56
55
38
13
17
36
30
46
22
28
47
44
53
48
41
23
6
6
70
141
278
371
422
387
347
233
111
35
12
17
9
9
35
36
32
29
19
22
16
7
7
1
0
0
0
0
4
9
9
2
6
6
1
0
0
0
0
0
1
0
17
23
23
28
36
27
8
6
5
9
8
27
38
10
7
71
39
94
143
101
35
31
8
21
20
2
2
16
1
2
0
0
4
6
11
20
5
0
0
1
3
1
4
10
28
39
34
89
174
280
387
420
404
346
181
85
71
128
201
138
69
20
24
58
113
166
173
193
116
15
11
15
35
73
105
90
38
11
2
3
48
79
102
66
11
0
11
24
24
17
9
1
3
19
13
5
0
10
29
68
98
147
71
21
28
16
16
14
16
15
3
56
23
25
31
16
9
3
1
2
0
4
21
13
20
14
15
29
42
248
42
31
18
13
4
1
2
8
9
17
10
0
4
10
8
7
0
1
4
21
28
40
49
43
39
35
31
36
23
21
20
13
8
23
20
6
8
8
28
33
19
10
23
30
16
2
2
2
7
21
30
29
30
23
18
16
24
26
6
3
1
0
1
1
5
1
2
2
2
0
0
0
24
5
4
12
96
193
200
187
137
41
19
29
112
198
296
315
283
240
193
128
109
73
47
56
75
82
69
43
18
15
7
7
7
10
16
36
84
102
112
73
418
188
252
271
280
252
190
132
114
143
192
264
362
351
319
275
196
149
85
15
1
11
26
38
42
87
86
75
62
38
21
8
4
5
0
0
27
51
63
68
91
64
38
1
9
54
141
176
179
140
161
213
263
263
325
405
501
626
786
751
790
802
744
604
398
367
356
385
475
616
753
825
831
746
535
355
146
100
63
52
57
70
162
212
212
181
126
139
151
182
181
174
162
134
109
104
135
130
142
142
112
130
97
70
55
72
49
40
41
24
17
19
13
6
5
2
0
0
0
0
0
0
0
4
1
0
1
3
9
0
0
5
7
1
1
0
0
0
0
0
0
0
0
1
0
2
3
7
3
9
9
9
16
18
12
4
4
1
1
0
0
8
2
5
4
1
0
0
0
0
1
0
0
0
0
0
0
0
0
0
0
0
0
0
0
0
0
0
1
4
24
44
27
29
46
94
92
44
1
9
30
76
125
112
91
64
52
61
86
66
64
42
20
32
54
76
123
119
55
37
61
71
73
103
105
129
151
190
231
233
218
202
221
182
139
105
78
43
46
46
37
12
0
0
12
44
66
157
186
264
300
328
289
231
163
140
125
128
104
85
79
67
77
39
19
46
77
57
12
7
5
2
3
1
0
1
5
10
25
35
19
7
15
3
0
4
3
0
0
0
0
0
0
1
1
1
4
5
6
9
22
25
21
13
19
30
29
39
37
39
50
68
119
277
580
719
732
680
581
373
198
100
63
44
61
60
41
25
33
32
27
6
10
20
15
8
12
7
4
15
15
9
18
41
33
27
25
29
23
2
2
7
4
7
36
66
49
33
22
14
6
1
1
0
0
1
6
6
11
5
1
4
21
32
29
18
16
12
8
24
19
4
2
1
0
0
0
2
9
12
10
14
21
21
20
18
14
6
0
0
0
10
34
28
18
31
45
56
73
58
22
5
25
34
6
1
1
1
2
7
2
0
2
8
13
8
1
0
0
0
2
5
4
1
3
16
75
147
196
266
295
286
283
273
257
200
147
82
76
50
50
41
66
66
69
311
495
481
328
126
106
322
528
607
624
611
615
588
400
202
406
642
663
520
265
194
329
432
427
315
260
232
205
132
107
119
118
126
162
176
199
141
58
44
44
30
12
16
37
44
80
36
28
44
81
116
131
166
124
50
54
277
510
674
640
477
281
347
393
319
141
109
162
223
144
90
76
102
120
121
113
90
107
128
118
81
57
17
31
55
69
55
38
18
12
24
25
25
14
22
27
27
19
21
29
33
72
115
74
39
6
21
30
56
97
69
42
21
7
4
17
24
25
27
18
12
1
4
5
3
3
0
1
1
1
1
7
21
19
22
4
5
21
20
4
0
6
13
70
86
74
48
49
64
56
46
39
60
65
64
49
39
22
35
20
0
5
17
26
9
10
14
1
0
0
1
7
2
1
6
5
1
0
0
9
21
15
20
8
18
9
8
6
1
0
9
11
15
9
23
10
14
13
19
23
13
9
3
1
2
2
0
5
4
9
2
2
4
1
6
4
0
2
3
0
1
0
0
0
1
16
27
0
4
19
30
61
58
43
13
0
7
18
10
4
0
5
10
7
11
10
29
42
31
33
72
118
165
138
112
88
129
145
33
21
36
70
74
103
92
71
110
78
68
88
96
98
86
53
62
70
57
38
38
29
21
34
27
31
24
29
24
38
19
9
7
0
6
1
13
7
5
7
6
11
13
23
18
29
13
22
14
5
2
0
1
0
0
0
0
0
24
19
3
1
10
7
6
19
31
31
32
40
28
16
1
3
0
0
1
7
5
2
0
9
19
15
13
15
16
31
46
48
43
44
26
12
0
0
1
3
8
17
47
110
184
284
397
475
516
453
403
280
236
200
163
87
46
44
39
37
41
47
63
95
125
142
196
287
330
404
476
550
598
727
827
987
1114
1219
1264
1270
1206
1172
1138
1095
1014
934
729
500
367
350
332
311
329
351
324
255
145
100
107
98
101
82
63
74
72
48
72
63
67
50
33
53
48
39
37
35
47
53
79
120
134
195
253
310
337
324
294
310
342
311
306
340
363
487
695
835
921
900
890
785
570
462
309
187
99
79
45
18
14
13
36
22
12
19
38
21
19
26
22
18
34
16
9
31
30
8
6
4
6
1
2
0
0
1
1
0
6
25
20
39
55
94
208
316
434
602
974
1378
1711
1861
1881
1890
1614
1364
1069
821
685
526
314
167
112
44
18
39
83
74
49
39
56
98
139
147
68
16
122
116
78
4
114
199
276
348
426
475
670
989
1210
1616
2217
3838
2651
2152
1687
1301
812
365
227
244
250
285
339
295
221
163
145
128
136
150
229
321
409
510
567
533
568
581
647
624
637
645
657
616
620
573
560
563
548
461
402
387
256
148
76
55
47
46
38
33
21
37
70
144
168
132
179
247
282
259
207
179
155
127
78
61
27
36
26
32
28
7
21
50
56
64
71
101
171
175
171
134
116
72
46
17
7
8
14
5
5
6
11
11
35
53
30
22
6
1
5
11
5
5
6
1
0
2
10
10
20
32
23
33
37
38
35
20
23
21
25
29
41
74
101
144
277
347
377
371
326
255
158
82
50
38
30
21
22
17
13
20
22
22
17
17
16
14
9
6
16
14
29
40
83
171
323
414
429
392
296
209
78
42
26
15
14
8
2
3
5
4
11
27
27
19
12
8
42
83
31
10
15
76
124
97
59
33
18
42
136
165
140
66
83
170
155
111
41
31
70
143
176
183
162
130
140
173
128
62
43
46
70
74
65
65
58
62
65
16
19
52
29
11
10
10
7
8
9
13
39
48
38
22
10
21
33
29
27
30
15
28
31
26
37
54
58
66
81
95
322
261
72
53
50
34
32
21
11
20
24
13
10
2
1
9
10
8
1
0
1
6
15
12
3
4
2
2
0
10
6
3
1
20
46
51
70
85
53
9
0
0
0
0
7
37
75
24
37
44
56
62
61
54
68
72
73
72
84
113
137
176
243
292
352
425
481
506
441
404
366
315
316
290
289
265
240
256
247
217
190
160
158
162
166
167
199
208
232
236
274
306
249
245
231
203
151
89
63
49
44
123
86
28
51
29
32
23
16
23
9
5
9
7
0
0
2
0
0
0
0
0
0
0
0
19
59
88
114
153
135
76
50
52
62
46
42
48
46
43
20
7
10
28
66
50
21
12
22
24
12
18
23
35
48
68
78
88
76
58
20
6
0
0
1
3
9
37
46
41
112
193
198
121
35
3
46
181
260
251
247
276
305
279
220
101
15
4
3
13
40
76
70
47
44
55
51
47
36
21
19
9
5
5
8
21
26
14
2
1
0
0
0
0
1
4
1
0
2
2
0
3
4
6
4
11
19
28
23
23
24
33
26
28
28
34
139
246
302
295
195
66
41
146
352
534
621
599
523
406
181
133
49
118
181
214
217
154
109
77
31
6
0
0
8
60
63
71
48
21
8
4
4
16
47
69
80
79
71
70
46
19
21
21
68
89
159
148
165
163
125
80
60
42
32
27
15
7
21
39
40
34
17
10
16
16
8
19
13
15
15
26
28
19
6
2
1
0
10
50
7
1
11
15
18
24
14
20
20
13
3
0
0
1
6
8
4
11
0
3
0
0
0
0
0
0
4
46
217
398
516
527
499
399
360
390
586
720
746
909
924
853
897
834
714
579
524
370
219
89
65
50
86
145
204
324
417
369
300
234
208
146
78
57
35
11
3
17
23
36
32
31
17
10
1
5
12
7
7
9
11
17
22
27
20
19
17
12
2
4
3
10
68
106
104
70
20
1
14
6
12
15
27
39
44
36
26
20
6
12
4
3
3
9
14
13
2
10
14
0
4
4
0
1
1
7
9
11
4
18
39
33
23
23
19
23
12
24
38
40
22
36
21
19
16
14
9
17
17
8
3
5
5
8
9
14
8
15
8
5
27
13
0
0
0
2
11
16
17
9
10
12
5
6
21
50
34
54
64
72
78
58
14
12
34
110
148
131
44
15
15
12
21
26
27
11
3
1
0
3
13
21
23
17
4
0
0
1
0
3
11
7
5
2
0
0
2
13
50
40
22
22
14
0
3
0
3
5
3
2
1
10
1
2
8
5
12
11
0
13
28
28
25
48
34
27
17
18
28
35
17
8
1
5
16
17
2
1
12
20
10
1
1
9
33
31
9
7
0
0
8
7
8
2
0
0
2
4
0
3
1
9
13
4
2
0
0
5
11
15
0
0
0
2
5
4
5
0
5
5
1
1
5
9
3
2
2
4
5
5
2
3
2
17
21
1
0
1
4
10
14
5
2
0
0
0
1
2
14
17
21
27
24
35
17
27
47
35
20
38
48
24
21
23
16
11
18
16
9
9
84
182
184
270
364
413
346
283
177
120
105
44
5
36
82
44
39
43
55
28
36
56
17
5
17
32
18
9
9
46
103
51
22
261
359
269
74
31
113
139
110
21
24
46
118
163
237
280
260
173
123
107
82
27
16
12
7
4
0
0
2
2
1
1
0
0
0
0
1
0
1
0
0
0
0
0
0
0
0
2
0
4
0
0
0
5
3
3
6
2
0
6
4
4
2
3
6
2
3
7
0
3
0
1
0
0
0
0
0
0
0
0
1
1
1
2
3
2
0
0
0
0
0
0
1
2
2
24
31
21
4
0
0
6
21
44
34
12
3
6
7
18
14
4
8
12
28
36
39
24
12
6
6
1
7
13
6
2
32
10
5
9
20
20
14
28
20
8
8
3
0
0
0
0
0
0
0
3
26
34
35
29
11
13
9
12
10
12
6
8
5
5
3
1
0
0
0
2
1
4
18
29
41
47
49
50
60
47
38
28
30
30
35
26
23
24
28
27
32
34
45
56
31
30
55
70
94
96
97
51
22
30
121
186
186
167
142
103
99
140
159
113
82
28
13
20
45
45
28
30
62
112
241
411
515
504
343
373
538
648
608
540
525
535
474
437
348
265
196
126
69
7
6
21
70
96
154
211
270
294
305
335
312
261
158
108
101
114
109
117
123
120
82
34
25
32
35
13
22
51
56
45
28
27
35
49
39
33
75
100
154
194
195
192
181
170
163
173
212
205
189
149
121
156
260
354
367
381
341
326
275
237
263
253
216
207
209
208
201
211
221
253
263
247
276
318
358
377
399
401
404
378
440
450
425
386
269
214
185
127
97
86
82
67
79
100
143
186
257
311
355
389
346
300
244
206
181
191
175
204
253
282
262
315
323
339
313
287
241
270
311
305
294
237
167
98
47
22
16
3
1
4
18
46
103
212
227
159
92
70
66
59
68
83
91
96
78
52
45
19
2
1
0
0
11
6
0
38
82
91
205
498
912
1408
1688
1600
1561
1335
1245
1078
1016
896
795
612
643
820
913
850
1156
1435
1372
1162
911
972
1177
1201
1165
919
543
243
366
491
549
617
708
669
616
583
524
507
462
486
584
705
849
969
971
928
754
659
638
804
1098
1096
1053
934
1549
1718
1682
1456
1162
860
1335
1754
1942
1945
1723
1478
1295
1095
851
729
627
540
580
550
442
409
416
469
518
549
687
857
974
1115
1196
1307
1343
1460
1578
1556
1380
1179
1326
1369
1416
1368
1055
757
524
390
410
336
252
257
288
334
412
467
424
306
147
90
90
85
61
51
51
35
9
16
104
173
165
157
158
212
192
135
156
186
199
126
93
63
49
63
98
176
222
201
179
107
68
23
6
6
10
16
13
57
8
22
64
209
374
457
436
465
389
316
241
102
48
276
475
1366
661
543
530
436
311
265
272
267
209
131
44
15
21
7
15
47
34
21
67
93
40
13
17
32
35
23
14
13
18
36
42
17
17
19
36
74
106
82
13
84
174
125
124
230
307
269
196
209
219
161
42
42
77
69
31
15
27
60
50
22
4
15
19
12
11
24
33
16
11
8
11
14
25
18
13
5
6
1
8
5
15
17
19
15
17
12
41
106
131
152
146
187
182
219
658
273
361
414
500
560
802
935
966
723
425
325
313
290
227
241
176
121
146
167
228
186
183
173
171
190
207
207
211
225
292
430
422
369
401
436
418
389
386
404
377
466
527
558
527
471
418
348
242
242
192
177
153
146
110
96
94
64
64
68
97
136
288
332
325
306
357
405
406
446
451
393
378
448
545
549
492
440
364
312
252
210
213
236
230
204
191
121
57
38
57
40
77
156
240
295
288
245
238
315
476
660
938
1283
1855
2170
2312
2212
1884
1555
1142
898
756
558
328
243
210
152
85
81
141
151
137
153
46
49
136
197
193
227
286
372
371
536
805
1125
1465
1740
1938
2032
1994
1896
1686
1420
1162
934
724
683
535
309
289
342
312
209
205
291
426
510
620
682
599
496
350
316
345
289
210
199
215
239
288
259
249
260
308
353
363
420
528
565
565
413
329
443
432
380
256
299
220
166
292
293
226
162
140
90
67
47
62
109
104
93
106
146
181
73
40
37
24
48
36
34
15
8
24
61
85
91
96
63
92
171
94
40
43
52
65
19
7
5
6
47
101
147
140
124
177
225
200
227
262
240
228
219
189
193
147
159
159
126
145
163
187
171
109
102
80
97
89
57
26
78
101
28
23
49
15
2
1
5
7
10
5
12
3
2
0
0
5
0
2
3
55
103
177
237
281
301
377
474
493
466
492
453
332
200
167
199
239
273
385
529
670
441
179
157
135
142
125
121
101
126
118
92
64
23
16
4
4
0
3
8
13
18
33
51
52
79
108
113
112
117
159
208
229
239
228
240
202
143
129
116
108
114
121
117
119
123
121
91
71
75
83
77
70
50
26
36
53
55
44
58
98
111
58
71
84
114
105
134
166
236
269
335
409
436
390
321
261
236
166
96
114
100
59
45
16
18
37
121
75
114
209
306
349
349
279
300
289
274
224
70
73
54
50
103
105
70
58
67
79
63
42
34
10
7
9
10
4
0
4
4
6
26
62
121
131
132
118
64
40
40
32
38
77
70
38
12
7
5
10
21
22
9
31
41
31
41
25
45
44
31
23
22
29
14
1
1
4
5
4
2
2
10
7
4
9
20
25
34
51
47
64
70
76
77
73
57
40
38
19
11
13
12
9
5
1
1
0
4
10
10
4
10
16
0
2
0
1
7
38
95
114
200
377
468
479
311
159
82
58
25
25
57
42
17
15
58
104
174
220
285
295
298
398
574
679
858
1059
1166
1075
798
1116
1351
877
191
592
776
686
361
534
990
690
219
407
416
319
224
389
562
295
271
402
421
343
212
362
560
334
227
102
40
67
83
70
55
60
60
54
35
19
27
3
2
18
42
90
108
121
162
202
228
253
272
313
271
216
170
153
154
170
188
191
220
283
279
249
155
163
269
347
339
278
106
23
22
21
78
75
23
2
6
22
4
7
2
4
1
1
1
17
35
40
29
22
22
24
34
40
24
1
1
1
3
0
0
1
8
4
2
4
7
4
7
19
35
44
30
26
29
33
42
34
14
5
0
1
0
18
42
29
18
20
19
25
42
34
24
73
121
190
236
236
203
179
156
164
153
145
154
168
240
326
459
558
685
791
862
911
879
823
795
757
706
607
554
422
317
219
140
100
172
210
259
250
244
243
292
338
373
368
392
354
237
321
307
354
407
413
529
479
579
650
543
603
557
504
569
657
697
684
737
611
585
576
482
442
393
389
419
408
387
401
410
389
355
388
373
316
351
399
364
344
333
299
289
352
358
298
132
82
235
325
405
481
529
672
1055
1393
1628
1756
1724
1421
1280
2306
2625
2921
2592
2154
1192
562
902
1516
1983
2031
2094
1976
1476
669
1262
1533
1700
1666
1451
1140
842
566
436
709
655
611
537
470
693
957
1153
1303
1384
1340
1276
1103
942
814
698
577
415
315
247
240
208
153
83
102
160
247
353
434
512
587
805
914
1240
1484
1604
1615
1426
1203
1295
1165
1212
1025
760
638
385
233
194
195
130
83
107
199
248
239
213
160
121
121
129
167
149
121
117
76
46
9
5
13
49
93
108
127
135
142
117
113
84
66
57
30
25
50
64
52
48
56
72
106
160
189
250
119
125
101
63
47
36
23
28
25
41
29
41
45
45
52
82
112
148
125
132
137
127
143
164
94
89
74
52
64
51
15
18
33
102
205
227
172
79
52
60
117
134
100
88
100
80
82
99
65
47
37
19
15
15
6
49
95
95
65
47
27
24
30
51
79
77
103
70
101
117
129
165
229
243
212
317
320
305
233
104
114
163
148
112
108
77
75
68
67
145
159
145
50
17
37
56
55
38
19
36
28
31
36
45
48
37
18
1
18
13
11
2
2
12
5
2
13
8
22
71
70
54
21
7
34
34
21
25
10
13
44
41
19
43
31
37
26
40
56
69
70
80
64
65
76
85
116
144
188
218
223
151
104
35
75
155
101
78
54
53
61
57
3
9
3
2
6
13
9
25
10
7
17
40
78
125
165
181
176
179
149
183
269
382
490
616
664
704
726
686
635
616
550
449
338
175
58
99
200
270
335
395
407
435
391
275
186
211
240
294
339
350
392
420
442
354
332
380
400
434
453
454
460
434
521
659
611
485
509
569
580
554
561
512
487
497
476
452
336
214
122
72
214
343
453
482
521
542
575
633
670
671
651
643
635
625
584
526
472
424
323
243
134
98
69
83
79
72
66
51
34
38
49
120
327
752
1200
1366
1469
1369
1135
806
500
238
76
230
327
283
238
235
209
257
279
272
202
185
199
236
223
163
72
76
107
92
34
5
43
50
41
18
17
4
2
15
29
19
2
0
5
10
17
21
19
21
28
14
6
4
18
16
14
8
13
19
6
1
6
21
16
34
59
73
115
150
181
218
190
166
151
98
122
69
55
54
54
51
39
35
37
32
22
17
20
16
24
49
13
47
59
13
17
15
21
7
6
6
13
29
33
23
13
10
8
9
29
11
11
15
4
0
0
0
5
10
9
8
2
5
8
13
7
7
6
18
53
4
9
4
16
31
14
9
8
8
6
4
3
0
4
0
5
3
0
3
1
0
4
0
0
0
13
57
24
1
7
10
6
4
5
4
7
4
6
9
17
14
11
8
1
2
6
31
22
16
27
7
41
11
8
14
11
8
13
16
9
13
5
0
1
0
0
0
0
0
0
0
0
1
4
6
1
2
33
177
331
469
607
633
637
473
298
264
186
215
266
341
372
344
285
409
294
367
392
489
537
531
458
293
194
104
49
32
104
159
214
222
184
156
165
198
160
106
77
65
72
86
73
52
34
29
25
48
101
152
216
314
450
613
747
818
859
724
550
424
308
190
147
141
124
67
12
0
1
18
43
26
13
10
25
93
150
175
187
177
161
160
138
10
33
81
60
22
52
112
125
127
118
235
347
350
377
303
212
149
51
73
140
169
199
197
165
176
141
115
84
72
47
40
37
35
36
40
31
39
31
32
28
15
13
5
0
2
4
2
0
0
1
1
9
30
76
109
102
123
129
136
132
143
158
146
104
47
139
256
270
192
239
353
406
332
251
281
506
504
372
513
314
340
147
255
308
310
340
408
438
411
348
228
324
341
297
379
528
374
469
570
401
352
349
270
287
244
187
49
43
148
144
78
24
2
4
17
21
63
66
37
20
12
2
10
40
221
294
330
357
352
356
398
344
313
412
470
458
447
370
289
221
172
189
239
225
149
101
106
91
81
114
65
34
35
35
60
79
70
73
101
121
108
57
49
77
99
76
28
13
27
50
70
66
66
78
80
71
71
59
83
120
179
239
287
341
408
389
451
391
231
270
283
280
211
193
128
147
133
80
70
62
40
30
30
23
18
24
24
12
2
0
0
1
0
2
0
4
1
1
3
0
0
4
3
0
0
0
0
0
0
1
0
0
2
17
46
99
172
197
202
195
176
112
40
95
69
57
47
33
38
23
23
25
28
29
27
24
15
6
8
6
9
6
3
2
2
2
3
0
0
0
4
0
0
0
2
0
3
2
2
14
11
3
0
0
0
0
0
0
0
0
0
0
0
0
0
0
4
1
0
0
0
0
0
0
0
0
0
1
6
22
34
69
77
57
31
35
21
8
0
7
17
34
59
53
25
14
0
0
0
0
0
3
22
23
7
2
9
12
18
15
7
8
11
14
4
10
12
11
8
1
22
22
3
8
13
7
5
3
9
16
17
1
23
21
17
5
0
6
11
2
0
15
18
19
15
9
2
41
71
119
136
127
129
108
115
136
65
50
83
100
111
96
88
91
108
112
104
95
77
85
130
176
209
232
198
176
172
124
126
168
216
198
87
6
3
6
73
166
236
257
228
141
87
114
138
161
183
178
158
161
150
160
437
314
320
302
280
278
288
230
180
182
158
156
103
76
160
212
273
265
244
192
179
161
212
282
348
456
483
544
707
852
917
923
864
762
658
620
582
529
450
388
359
253
94
251
379
481
530
463
378
666
857
996
1033
956
798
607
505
467
437
445
421
381
342
311
303
314
355
360
344
229
77
96
256
540
681
646
567
318
256
215
217
146
74
61
66
143
320
434
402
448
355
236
108
105
140
161
114
136
214
255
283
367
438
497
504
452
433
458
566
626
490
326
197
192
211
205
142
169
152
126
112
85
76
64
86
76
63
60
55
36
16
62
56
53
65
85
115
131
114
107
118
157
147
180
217
215
252
246
251
242
180
116
253
423
448
368
282
150
139
165
178
163
153
67
38
50
74
56
51
28
9
39
48
86
118
126
157
218
236
229
169
140
122
101
120
111
137
120
83
83
87
99
55
38
32
21
2
0
0
0
0
24
138
187
149
116
83
43
36
62
68
91
75
68
25
14
9
4
3
3
8
14
15
14
17
17
1
0
2
8
26
35
35
19
10
11
3
1
3
2
13
35
71
81
69
76
135
186
116
56
125
232
234
289
421
634
857
1130
1151
940
903
886
908
734
905
1025
892
756
598
501
272
344
524
681
726
725
766
751
587
353
134
74
78
116
88
65
52
11
8
4
9
29
57
58
62
44
32
22
8
6
0
1
1
0
3
4
4
6
4
1
1
2
8
3
1
0
4
8
15
22
12
7
8
12
14
30
62
59
85
91
73
51
40
55
105
106
82
58
33
12
2
16
8
0
1
5
115
265
574
797
1065
1052
1027
949
876
792
559
287
268
366
349
304
201
151
104
62
57
147
294
467
519
502
467
406
328
330
257
93
45
76
113
94
85
43
66
204
235
185
141
94
105
136
167
184
125
2
62
105
122
145
168
240
328
366
355
298
296
270
275
243
331
475
513
509
387
288
148
47
75
87
106
202
270
245
169
160
195
164
93
14
3
14
15
17
19
24
31
69
55
14
39
25
10
10
9
41
100
217
260
313
293
242
184
118
16
3
8
17
46
38
27
35
22
31
32
23
17
27
43
30
47
67
57
60
78
132
134
95
94
87
122
188
290
369
338
283
203
239
215
144
138
241
211
181
88
27
48
77
19
73
285
62
100
123
118
159
152
119
79
40
67
64
46
91
159
119
66
3
1
2
9
12
30
38
54
50
52
77
106
118
145
177
175
173
171
156
110
70
47
26
18
7
7
9
9
10
17
30
34
55
69
38
20
21
13
5
0
2
3
0
0
0
0
0
0
0
0
0
0
1
0
15
74
167
158
168
138
105
75
36
36
28
48
85
85
82
65
30
1
2
0
4
0
1
1
0
2
1
4
8
12
2
3
16
11
41
79
109
82
52
42
23
13
26
43
49
37
17
5
2
4
13
12
27
44
69
91
91
73
14
2
5
1
0
0
1
13
18
20
18
26
26
24
13
11
0
0
3
9
6
5
2
2
3
0
3
0
1
6
27
45
77
55
40
34
85
173
205
117
37
20
15
56
56
23
10
0
7
24
9
4
4
5
2
1
0
0
0
0
5
9
2
2
3
9
17
62
87
125
166
166
148
124
136
162
172
200
291
332
292
267
255
253
248
241
193
110
73
39
16
1
0
10
14
25
29
8
19
23
50
54
54
97
154
210
245
272
315
352
380
399
419
404
444
516
633
838
924
820
792
748
733
608
472
218
157
201
195
198
146
65
26
33
90
107
112
70
35
13
3
2
2
0
14
26
12
5
20
34
67
137
202
236
230
246
263
296
338
357
384
428
449
469
425
456
468
491
478
473
469
452
417
427
396
381
384
483
577
614
616
469
284
184
140
138
142
148
136
97
140
175
150
190
208
201
136
163
192
207
197
169
131
108
81
50
23
78
78
19
6
8
10
1
3
0
0
0
0
0
0
2
6
5
6
3
4
0
0
0
0
0
0
0
0
0
0
0
0
29
34
3
1
8
9
6
2
1
0
0
0
0
1
0
0
1
4
4
8
5
3
4
3
2
4
4
0
0
1
1
0
0
1
6
2
0
0
0
0
7
24
22
13
14
22
43
59
49
32
54
95
153
198
301
514
683
849
819
754
501
426
427
395
398
359
270
227
211
198
264
323
346
356
280
126
39
36
54
31
36
40
51
75
111
118
125
134
141
170
156
130
96
82
53
45
60
74
52
27
8
16
27
14
23
37
39
40
45
35
27
33
24
34
65
84
91
94
78
56
38
31
34
15
15
13
14
29
30
29
20
17
0
12
23
19
39
28
32
66
98
98
107
46
55
29
27
31
29
25
33
51
68
87
73
52
38
49
37
17
12
6
6
14
15
1
4
1
3
0
2
4
0
1
6
10
4
7
5
3
0
0
2
6
7
12
38
139
241
319
392
443
440
425
372
250
114
61
74
59
26
55
113
97
81
89
88
152
203
234
223
255
326
505
487
502
620
595
516
384
144
66
193
196
189
139
69
35
52
82
113
181
255
203
107
98
78
74
68
97
60
68
45
72
59
44
113
320
529
565
556
500
430
333
348
291
296
335
288
129
132
185
266
242
248
263
287
332
405
447
437
445
557
581
539
537
590
602
627
458
282
197
226
252
294
401
521
687
817
920
952
957
947
901
861
734
470
282
174
74
69
89
71
58
87
88
78
24
4
6
1
1
2
5
11
33
36
29
53
77
88
84
77
50
61
40
35
9
11
4
9
5
1
2
4
7
8
8
6
16
31
68
132
204
315
367
470
613
626
611
597
569
565
501
458
445
429
340
225
64
9
23
26
20
26
17
12
10
22
30
13
24
69
191
296
294
279
229
151
49
3
6
9
11
21
20
39
48
39
34
15
2
18
24
30
24
44
106
152
109
127
37
28
48
61
49
56
58
63
60
65
66
92
84
106
87
89
69
44
25
29
33
29
20
31
54
58
70
62
64
88
128
153
208
249
234
245
233
168
67
68
98
90
77
260
402
460
492
394
288
229
272
339
383
416
480
493
503
531
576
570
582
571
565
551
480
440
369
255
199
97
79
100
122
135
98
113
100
74
70
90
63
70
48
44
36
18
33
43
35
48
108
152
132
92
75
46
45
22
11
0
1
1
0
22
16
33
24
26
17
33
27
16
119
133
94
40
29
22
45
28
22
41
6
10
16
27
33
38
27
13
18
6
2
10
12
7
4
0
4
2
6
16
7
5
1
0
1
0
12
77
151
234
296
366
379
364
392
402
342
242
158
80
59
30
15
38
14
1
4
25
37
47
60
44
33
35
23
4
1
0
0
0
0
0
3
15
10
7
2
3
11
15
8
4
11
20
21
20
19
7
6
21
31
43
58
66
71
106
123
196
355
517
630
573
395
253
181
234
422
599
754
788
754
692
579
446
363
397
411
411
413
636
260
255
264
289
279
261
254
229
220
172
128
115
113
95
95
99
94
113
123
128
125
186
188
200
214
197
155
109
80
80
64
41
32
24
24
26
34
22
12
16
31
42
29
17
20
8
5
21
61
112
111
105
130
164
223
274
346
410
470
475
496
492
488
463
396
350
317
278
168
82
84
129
111
52
60
113
140
169
179
173
167
219
227
202
163
151
139
106
65
30
43
47
41
35
29
12
19
32
24
41
70
100
114
116
141
119
75
54
28
8
7
3
4
23
27
26
34
33
58
94
86
110
110
97
74
31
7
19
39
25
9
3
3
6
8
17
21
21
13
6
3
5
2
0
11
15
23
45
59
60
75
77
64
69
60
40
56
64
47
47
40
24
19
22
42
71
116
129
133
149
173
196
197
224
260
293
298
309
312
296
256
266
241
221
181
117
76
49
25
14
2
1
14
55
115
174
272
312
255
206
114
57
64
105
104
71
42
23
17
37
60
78
131
176
241
327
335
376
346
287
258
210
183
164
148
129
105
79
83
71
97
128
154
122
80
72
59
64
97
125
138
145
181
202
172
197
146
123
120
142
195
169
128
94
67
40
56
84
142
214
195
163
108
51
30
33
35
39
42
58
50
40
49
74
96
91
88
54
61
93
127
147
103
37
64
111
101
69
45
17
17
20
31
22
32
42
34
25
20
17
8
3
3
10
41
96
97
83
116
118
107
133
91
47
20
66
56
59
54
30
13
14
3
2
31
35
29
41
52
96
108
170
198
153
52
77
153
163
81
10
12
20
33
39
52
60
58
31
14
21
26
10
8
33
49
52
26
12
20
19
18
18
36
34
16
12
5
6
9
17
14
2
20
23
10
22
79
138
226
326
346
378
538
614
632
621
589
569
515
432
347
267
187
144
40
11
10
26
49
87
95
99
116
96
77
78
76
72
78
106
106
94
106
100
100
100
123
119
105
110
118
101
80
80
76
69
30
13
10
22
40
87
96
99
88
55
46
47
39
32
21
19
21
4
0
0
0
0
0
0
1
2
0
0
3
6
7
14
33
34
27
26
31
25
13
5
4
7
8
19
39
62
87
93
71
64
58
26
9
15
9
28
48
27
18
11
9
5
2
3
3
1
1
1
8
6
4
3
7
26
3
0
10
22
32
34
12
11
12
10
6
10
8
25
18
56
42
65
98
153
164
233
267
263
295
231
129
41
0
28
62
115
150
189
211
191
78
15
49
44
58
70
93
90
43
12
6
8
20
97
122
80
21
5
27
65
77
120
80
46
15
31
17
22
46
31
7
14
21
49
28
13
38
31
42
30
26
57
62
45
77
85
84
79
51
67
63
57
53
56
74
58
75
76
75
62
82
36
28
21
30
39
32
33
22
7
0
0
9
3
0
0
1
1
0
5
14
22
39
50
179
338
419
454
544
598
723
801
826
760
679
786
830
858
928
972
954
897
853
795
785
780
753
792
1359
1579
1242
889
559
565
560
452
353
384
370
345
390
427
430
384
210
28
81
107
52
34
32
41
68
98
122
191
316
393
406
372
285
157
157
209
108
84
122
139
143
159
209
273
235
237
301
382
402
426
439
428
437
753
242
233
385
422
419
384
295
219
158
166
152
172
194
243
286
270
228
227
180
66
59
81
186
233
337
612
649
593
346
278
168
141
96
45
19
6
2
1
7
34
8
7
14
16
26
14
6
1
0
0
0
0
0
0
6
0
0
0
2
8
8
9
8
7
16
17
6
6
4
8
2
5
8
4
3
4
2
1
0
0
0
0
0
0
0
0
0
0
0
0
0
0
0
0
0
0
0
0
0
0
1
4
6
7
17
18
16
18
7
2
2
3
0
3
1
1
0
0
0
0
0
0
0
0
0
0
0
0
0
0
0
0
0
1
1
0
0
2
6
3
9
20
24
37
56
122
193
279
302
264
210
248
337
327
330
278
249
276
189
160
252
363
466
376
186
101
196
255
174
77
57
90
67
192
267
230
150
54
34
60
81
102
147
134
91
34
12
7
16
29
56
53
35
9
6
8
5
3
0
1
2
0
0
0
2
1
3
7
11
10
4
0
0
0
1
4
76
161
293
379
426
405
275
173
79
28
8
1
0
0
0
0
3
0
0
0
0
0
0
0
0
0
0
0
0
0
0
0
0
0
0
0
0
0
0
0
0
0
0
0
0
0
0
0
7
12
17
15
20
21
17
16
16
13
14
41
230
608
870
1047
1181
1269
1471
1605
1544
1460
1284
967
702
464
189
120
112
145
220
225
255
285
293
269
306
465
194
127
272
384
427
521
516
510
652
745
783
791
817
901
876
828
764
689
630
539
444
320
226
148
107
102
120
162
204
281
370
546
903
1380
1657
1698
1669
1597
1681
1693
1592
1691
2009
2120
2194
2171
2116
1885
1640
1467
1330
1039
767
623
744
898
1170
1447
1684
1867
2370
2574
2561
2548
2697
2612
2492
2459
2443
2409
2294
2286
2198
1945
1510
1371
1304
1304
1174
1109
1074
931
917
807
761
706
670
580
515
407
265
202
153
104
101
71
62
119
150
124
46
16
5
27
69
86
67
90
109
127
164
192
218
241
299
357
458
558
581
571
521
503
479
438
376
317
150
117
80
46
61
88
68
75
75
83
56
43
48
78
74
82
82
49
27
140
230
279
350
343
353
332
297
254
264
293
288
274
249
207
165
132
108
84
76
64
81
99
115
99
88
81
79
80
65
52
42
33
44
49
51
52
67
62
79
77
91
103
127
142
152
192
208
222
199
172
153
108
63
14
45
164
307
359
374
305
268
203
74
18
8
7
9
24
29
30
20
17
32
29
18
18
10
7
10
13
19
17
13
3
0
0
11
29
22
14
9
9
3
3
4
2
0
2
0
0
0
0
0
1
0
2
1
5
4
0
0
0
6
18
17
11
6
4
10
27
35
29
16
4
5
7
21
29
19
17
3
0
0
0
8
26
26
11
0
30
85
27
38
107
127
186
224
314
380
362
296
210
152
91
51
16
18
51
67
99
115
72
50
24
10
5
8
12
22
9
5
11
28
8
4
4
3
7
14
9
12
14
11
13
10
13
14
12
4
2
3
3
11
13
17
18
29
25
28
19
8
1
2
8
7
5
0
30
123
198
234
242
217
192
146
73
66
96
108
90
38
8
4
7
4
3
21
100
157
168
124
43
60
57
42
31
15
6
16
30
50
41
44
51
51
68
77
100
105
106
85
99
55
16
11
24
30
40
32
56
142
218
269
302
275
189
86
87
186
412
520
501
479
453
366
293
266
199
136
138
166
184
191
194
157
114
74
55
33
10
37
66
53
45
32
31
97
216
321
354
404
484
515
547
552
544
516
493
433
400
302
224
183
177
142
108
90
58
26
17
6
4
2
5
14
17
3
4
8
5
13
25
30
68
180
280
274
189
93
16
13
27
30
42
51
58
48
50
86
133
177
197
185
399
169
201
326
496
699
840
911
809
657
547
497
477
423
449
427
409
318
230
136
99
112
82
57
53
67
57
54
92
138
171
135
163
223
255
295
379
482
560
485
347
188
60
87
85
78
77
73
97
108
98
63
41
31
15
2
7
51
132
222
336
455
532
604
491
316
343
335
419
526
526
435
343
287
278
342
462
533
683
762
748
654
507
361
293
237
166
107
54
46
47
67
95
132
145
152
139
91
94
87
132
141
184
164
127
74
59
65
73
130
173
160
159
163
119
50
20
59
121
174
224
247
230
185
118
88
82
155
318
450
447
351
232
126
105
138
156
192
217
209
198
220
222
311
314
226
181
143
81
46
164
318
465
615
684
627
572
512
527
531
566
569
480
356
375
369
415
463
436
446
402
231
139
126
163
134
103
67
66
74
84
77
68
83
103
97
31
67
88
36
6
19
40
45
89
191
215
191
142
122
47
19
35
50
31
32
54
68
68
50
56
75
74
43
47
52
42
12
5
32
39
79
80
12
6
33
58
73
72
107
154
291
496
717
1018
1121
962
674
476
412
361
414
519
724
871
874
739
488
317
398
502
512
468
374
331
188
158
306
360
354
377
317
209
178
73
111
252
287
382
383
393
314
265
281
441
508
412
178
169
190
230
356
415
479
454
324
343
313
260
116
24
21
32
18
34
31
33
34
37
45
61
38
26
28
64
75
55
28
1
22
5
6
32
31
14
9
8
16
21
20
26
19
9
8
5
0
0
0
4
4
13
5
1
5
1
1
1
0
0
3
16
18
27
51
36
24
2
33
80
116
131
200
338
427
471
466
470
445
414
345
272
368
402
392
353
302
228
182
177
102
123
180
148
120
117
120
115
136
147
144
138
116
104
100
134
163
81
88
77
73
41
46
57
50
45
52
54
54
27
21
32
55
54
46
49
26
33
18
20
8
18
12
4
9
38
40
19
5
9
16
12
15
77
103
110
111
109
117
165
206
233
234
218
227
234
218
177
165
179
163
114
87
59
53
46
32
46
39
28
24
12
11
12
8
12
5
18
36
63
70
78
70
48
28
22
20
13
17
19
18
20
41
52
44
63
60
88
116
51
51
82
104
112
162
256
292
333
385
428
311
244
153
68
81
91
81
61
44
17
27
69
27
35
39
43
48
42
33
17
21
38
60
73
63
45
18
12
38
33
31
32
27
22
18
12
6
3
9
12
13
8
5
4
7
12
36
26
23
25
10
16
24
51
42
23
21
29
52
48
38
28
47
71
42
8
2
4
15
19
10
4
18
26
31
28
27
19
19
25
48
81
98
101
125
133
120
134
149
172
157
156
142
158
146
117
103
104
101
92
133
198
293
393
527
649
856
1025
1214
1376
1607
1750
1554
1311
1345
1565
1496
1221
925
726
581
595
628
716
819
957
1079
1240
1406
1597
1745
1764
1717
1648
1712
1600
1493
1241
1107
1184
1123
1123
1122
1090
1083
1029
976
930
887
772
680
623
519
467
383
309
204
128
69
26
11
16
43
93
129
150
174
231
252
245
262
276
276
296
277
303
324
389
365
234
198
225
292
220
122
84
64
19
20
62
68
111
185
205
156
129
112
95
128
186
206
217
175
136
97
89
13
11
24
11
21
36
28
3
7
10
0
0
0
0
2
1
1
0
0
0
0
0
0
0
0
4
7
11
19
12
3
2
7
10
0
1
1
2
5
12
13
17
16
9
16
7
10
2
6
7
4
4
4
6
4
7
1
6
4
5
6
18
32
27
43
56
98
130
134
157
185
214
225
220
225
194
198
204
226
243
261
256
253
231
191
176
182
205
229
275
329
367
380
363
363
332
338
299
235
198
198
147
126
111
95
45
19
9
13
17
27
34
61
91
126
172
292
415
625
729
838
860
903
969
973
962
955
863
748
666
594
666
719
782
796
792
758
760
690
619
561
453
364
290
231
225
292
334
478
729
1037
1388
1832
2116
2164
2178
2156
1827
1507
1269
1065
919
904
900
967
1051
1135
1329
1464
1630
1803
1964
2189
2241
2239
2106
1975
1778
1595
1404
1297
1259
1261
1293
1281
1239
1270
1434
1634
1809
1925
1960
1979
2125
2110
2108
2125
2081
2133
2044
2099
2041
1963
1907
1718
1442
1187
934
772
587
385
274
225
213
251
285
272
248
261
294
325
366
329
404
557
663
688
795
637
523
484
433
356
270
173
78
35
16
42
53
72
72
98
132
158
131
111
77
66
76
93
67
37
14
3
7
6
2
9
14
14
29
33
44
70
85
73
86
88
76
87
73
59
49
74
82
41
44
41
39
13
11
18
27
51
68
82
114
122
177
203
190
148
99
83
50
35
26
16
41
59
80
87
81
60
166
21
4
3
11
8
0
0
1
17
18
2
0
0
1
0
5
0
0
0
0
0
5
12
6
3
8
33
33
18
8
1
8
19
56
80
63
26
3
34
67
73
72
78
52
12
7
13
0
0
1
1
0
11
37
36
45
36
40
25
10
25
13
4
6
3
16
20
15
16
8
4
7
22
21
17
27
35
60
54
33
3
3
9
9
11
3
2
0
3
31
44
30
24
6
7
9
42
11
0
2
5
15
23
31
2
11
2
0
3
2
1
14
31
24
12
17
8
4
8
44
65
6
1
4
2
2
4
23
27
50
41
3
14
20
14
11
6
12
0
0
9
26
28
12
0
5
5
4
1
0
0
0
0
3
14
11
19
4
21
54
28
6
2
1
15
181
437
666
1144
1661
2018
2228
2289
2207
1974
1529
1221
932
685
569
500
466
489
577
616
571
557
493
550
578
691
717
793
946
1247
1457
1774
2197
2380
2072
1540
1056
811
636
496
363
222
103
91
75
95
83
84
84
74
65
53
46
72
160
203
262
153
144
93
25
15
29
58
95
76
20
8
5
0
0
0
10
8
5
22
28
19
23
12
1
0
2
3
28
20
19
37
20
9
30
50
67
48
5
19
36
3
2
0
0
6
16
24
51
45
14
10
18
23
18
4
7
4
2
11
26
16
40
165
277
352
316
122
95
53
57
52
21
32
50
17
0
7
21
7
0
25
21
3
0
7
17
38
46
9
0
7
11
17
14
1
3
25
25
12
13
12
7
8
4
13
17
12
15
27
20
31
34
72
45
32
34
21
21
5
1
5
0
0
1
1
1
1
4
2
3
0
5
0
2
1
0
0
3
18
4
4
0
0
1
2
5
3
11
44
21
14
8
9
16
20
16
43
9
18
11
9
14
19
13
6
0
0
1
2
1
1
3
0
1
3
0
3
5
2
2
5
0
0
0
0
0
0
0
0
0
0
0
0
0
0
0
0
0
0
0
4
30
37
53
40
37
17
14
2
1
1
0
5
23
38
55
38
92
149
173
178
182
181
168
135
86
45
23
15
20
10
19
13
10
14
19
35
26
17
27
29
33
64
85
92
88
54
58
40
10
31
62
18
39
12
40
86
134
158
197
209
185
158
139
159
194
204
186
213
213
238
242
227
236
249
234
199
386
125
124
128
118
88
40
26
25
29
23
14
13
5
13
12
5
5
13
11
4
5
12
5
4
16
24
13
16
9
9
21
62
84
76
40
45
49
83
111
125
130
147
150
167
161
142
133
121
126
97
54
50
54
55
55
55
42
42
53
63
47
54
79
86
171
218
271
278
248
237
241
253
252
236
163
116
62
27
22
54
86
90
69
48
67
86
81
48
29
23
31
26
14
7
12
37
90
97
126
156
156
161
219
195
175
140
157
133
138
143
178
187
143
120
61
36
15
13
11
5
7
14
10
0
1
4
2
0
0
1
2
0
0
0
0
0
0
5
1
2
0
0
3
10
10
0
0
0
2
2
6
5
11
9
4
4
28
91
189
366
512
603
640
604
520
415
297
218
154
118
99
68
52
56
61
93
91
100
103
131
132
72
37
118
158
182
151
96
26
82
99
111
72
60
95
99
71
45
80
134
141
149
204
308
456
549
621
621
549
408
280
122
64
37
35
34
29
33
66
97
117
112
115
80
69
78
74
81
87
75
145
217
220
152
109
146
202
313
319
285
330
308
267
259
227
186
177
182
175
125
130
158
156
149
141
105
73
49
28
35
20
33
25
31
46
50
45
40
54
84
88
111
123
132
119
115
126
122
122
95
82
80
72
65
59
45
25
20
24
33
44
41
33
46
53
27
68
114
134
84
64
76
75
50
74
109
99
62
36
11
2
3
6
25
33
27
26
81
96
53
29
30
29
55
41
13
7
6
4
5
5
2
2
2
3
1
0
0
0
0
0
6
6
9
23
29
46
101
149
190
214
195
170
218
216
176
120
82
104
117
111
101
89
52
33
31
34
37
24
1
0
3
3
6
5
0
2
42
59
68
30
20
22
27
37
52
57
77
54
7
5
42
71
90
87
95
80
59
23
4
3
39
71
69
57
40
39
82
101
105
88
111
118
100
111
135
155
150
128
118
128
323
348
201
220
196
198
202
181
168
176
191
184
184
162
149
116
119
139
150
144
142
120
110
100
82
66
77
72
32
20
17
12
26
36
49
140
232
341
369
384
355
354
327
241
197
140
136
209
230
216
206
171
165
162
163
140
149
169
180
199
152
97
62
41
37
36
55
97
119
106
85
61
69
64
77
112
121
111
277
123
112
85
54
27
13
4
13
8
2
4
25
38
38
41
46
46
39
22
13
23
10
14
10
3
3
8
9
3
3
3
2
3
2
4
1
39
81
70
39
124
156
120
98
43
66
83
61
94
66
50
61
93
88
150
187
116
71
104
142
115
124
131
84
59
57
44
56
70
79
72
47
17
8
11
13
13
10
14
55
50
184
370
450
424
446
504
595
751
927
1023
1099
1096
1051
1044
1034
941
876
750
729
697
697
720
745
723
734
722
703
570
514
513
508
427
360
300
216
141
79
105
159
223
218
217
247
300
362
439
479
531
575
664
711
768
814
869
858
854
793
741
738
717
694
725
765
829
762
719
754
791
858
841
804
714
707
629
606
589
528
465
341
259
199
139
106
93
69
32
19
36
60
74
61
50
31
35
90
144
157
157
171
190
185
176
186
196
184
184
176
206
218
189
212
198
134
151
139
109
74
46
34
15
10
6
7
2
2
0
8
5
2
2
0
0
13
16
8
2
0
0
3
11
29
13
0
17
29
8
6
4
8
11
3
4
2
13
47
22
17
9
9
4
6
3
8
3
16
10
14
11
0
5
4
2
5
0
0
2
3
8
3
0
4
2
2
11
12
10
6
2
1
6
5
4
4
3
3
20
16
10
20
10
2
2
2
8
2
6
6
3
0
0
0
0
0
0
0
3
11
11
8
8
8
4
6
11
5
2
3
7
3
0
4
0
0
0
0
0
0
7
70
119
180
247
264
252
187
101
68
48
19
10
1
1
0
0
0
0
0
6
5
0
3
0
2
0
1
0
3
5
9
20
24
7
2
6
3
5
14
4
0
1
4
0
0
0
1
0
8
6
9
20
18
11
17
13
6
5
10
4
2
2
6
5
10
1
0
0
0
0
2
3
1
0
0
0
0
0
0
0
0
0
2
2
7
6
17
29
22
37
42
41
29
31
26
10
14
8
35
14
9
15
8
6
5
5
10
1
3
0
0
1
0
0
0
0
1
2
3
9
4
0
8
7
5
0
0
0
0
0
0
0
0
0
0
0
0
0
0
0
0
0
0
0
0
0
0
6
23
29
39
25
2
1
1
0
1
2
2
3
0
0
0
0
1
0
0
0
0
4
3
5
3
6
2
5
5
8
7
12
70
8
3
2
8
4
17
64
205
311
355
339
275
153
59
22
1
1
4
14
12
7
4
12
21
12
5
1
0
3
7
1
2
2
0
0
0
1
5
6
11
16
19
12
0
4
1
0
0
0
0
4
21
43
78
40
7
8
8
6
8
14
29
42
40
34
15
6
3
6
18
26
32
35
39
49
55
47
52
58
72
49
44
43
41
27
23
29
19
4
2
4
1
1
1
0
0
0
0
0
0
0
1
9
49
75
117
147
157
164
174
121
71
34
23
4
0
2
0
0
0
0
0
12
8
2
0
0
0
0
0
0
0
0
0
0
0
0
0
0
0
0
0
0
0
0
0
0
0
0
0
0
0
0
0
0
0
0
0
0
0
0
1
4
0
0
0
2
7
8
7
0
0
0
0
0
0
0
0
0
0
0
0
0
0
8
14
0
0
1
0
0
0
0
0
0
0
0
0
0
0
0
0
0
0
0
0
0
0
0
0
4
18
71
85
27
3
59
124
40
11
31
34
57
21
10
56
72
28
31
5
6
5
0
3
6
1
0
0
0
0
0
0
0
0
3
2
0
0
2
0
0
2
1
0
0
0
0
0
0
0
0
0
0
1
0
0
0
1
0
3
4
0
0
1
1
1
2
1
4
0
0
0
0
0
0
0
0
0
0
0
0
0
0
0
0
0
0
0
0
0
0
0
0
2
2
2
4
14
21
15
15
20
25
34
40
48
38
29
21
13
10
11
7
5
1
1
0
0
0
0
0
17
58
100
159
149
122
71
34
13
3
0
0
0
2
0
5
1
0
1
2
3
0
1
0
3
4
2
4
0
6
3
0
0
0
0
0
0
1
1
0
0
0
11
15
32
38
39
20
11
3
5
6
14
22
24
21
13
5
2
3
2
0
0
2
1
2
1
1
1
0
2
6
6
9
4
5
28
18
2
15
23
18
13
8
7
3
3
0
4
0
1
1
0
1
0
2
2
3
3
11
6
7
4
5
13
3
1
0
0
0
0
0
0
6
20
11
2
9
21
54
137
237
270
269
226
181
148
110
122
83
51
21
19
14
15
15
15
10
11
31
63
100
149
205
236
235
267
292
289
321
332
231
148
30
11
28
56
27
29
31
65
146
167
143
102
113
98
51
93
59
97
117
62
23
35
23
16
9
4
2
1
0
0
1
5
7
13
10
17
38
57
44
17
9
21
25
51
67
61
42
47
60
62
79
27
20
24
12
11
6
5
5
4
4
6
9
44
106
158
199
230
219
165
109
61
22
2
0
4
16
25
31
27
39
59
82
74
67
60
69
80
125
99
81
22
1
4
7
4
1
0
1
0
0
0
0
0
0
3
4
6
10
2
6
1
7
29
5
11
72
100
104
96
59
95
111
28
0
3
5
10
5
7
6
2
0
0
9
10
1
0
0
3
6
5
4
0
1
1
3
3
0
0
0
7
23
41
37
43
26
31
18
14
21
26
21
29
37
46
76
133
167
229
229
175
100
87
210
341
457
474
389
310
228
89
25
52
145
232
250
200
141
57
8
9
16
28
26
12
19
30
21
15
5
1
5
12
13
25
16
24
49
67
71
58
45
27
16
29
50
56
34
37
47
26
50
62
72
47
21
21
66
113
141
122
141
150
133
87
108
172
139
69
79
75
51
91
137
136
100
53
21
33
26
1
8
41
71
66
36
3
20
17
46
125
62
42
24
31
53
108
92
66
70
61
51
38
49
26
6
1
8
5
56
50
46
23
3
39
113
115
87
96
59
9
29
33
21
14
16
7
2
15
76
0
0
3
4
0
0
0
0
0
0
0
0
3
18
7
1
15
49
139
191
230
300
372
417
485
468
444
493
474
437
372
274
158
95
157
217
269
320
354
343
349
374
317
254
144
157
169
46
18
28
19
19
33
37
24
22
51
18
5
39
40
13
10
29
28
4
7
10
15
13
14
31
64
101
146
137
83
60
57
57
63
61
41
16
30
66
44
27
12
37
43
52
76
59
62
42
28
26
87
44
13
10
32
51
67
47
21
31
89
212
162
221
341
316
224
240
166
106
102
80
62
60
62
61
46
52
58
36
12
7
13
38
42
36
34
37
38
39
59
75
37
36
6
9
7
11
17
25
2
5
0
1
6
6
13
8
5
15
31
23
4
4
15
19
99
116
91
64
79
119
119
84
23
20
41
96
151
153
89
58
49
79
70
30
18
11
29
49
46
10
35
12
39
43
98
173
237
275
237
165
128
102
66
47
38
26
38
36
24
25
19
10
6
10
19
0
0
13
15
14
12
11
1
0
2
4
9
15
6
1
0
0
0
0
5
6
2
2
0
1
12
8
9
12
6
6
5
14
18
20
19
5
9
1
0
0
1
1
0
2
1
1
1
2
3
0
0
0
0
0
0
0
6
19
33
19
11
12
20
7
1
0
0
3
46
70
42
16
19
44
84
87
115
187
211
238
214
140
98
65
44
21
19
20
19
22
21
11
7
7
5
5
2
8
8
7
8
16
26
11
11
28
19
18
7
41
70
62
42
29
27
39
47
27
14
5
0
0
2
0
0
2
0
0
0
0
0
0
0
0
0
0
0
0
0
0
59
231
299
310
220
71
90
284
471
568
527
292
84
142
212
117
59
132
213
252
189
148
82
135
202
161
114
91
120
111
74
44
24
40
60
38
24
13
40
72
55
17
23
61
98
116
65
21
9
26
112
142
58
7
40
82
73
36
2
0
14
9
3
13
22
34
55
62
46
30
24
97
231
313
414
500
577
608
588
478
470
423
345
276
232
217
176
105
73
35
75
102
88
88
92
111
125
140
136
122
198
313
475
611
648
623
566
501
433
280
211
177
135
135
114
36
13
20
30
30
22
11
13
10
1
1
10
26
31
21
10
3
13
16
23
42
35
41
21
23
27
15
7
3
4
15
47
106
142
185
183
157
152
146
120
94
59
42
41
65
66
58
35
16
1
0
0
0
0
5
7
10
9
23
33
39
54
68
83
100
124
109
130
97
91
88
64
38
18
6
1
1
0
0
0
0
0
0
0
0
0
0
0
0
0
0
0
0
0
0
0
1
2
10
11
12
8
13
30
53
53
39
28
13
1
3
3
19
13
16
17
1
0
2
2
3
9
13
29
28
32
35
19
7
0
4
0
3
3
8
3
4
5
5
41
62
28
1
3
6
6
8
3
5
9
22
39
56
38
62
50
55
67
54
53
48
36
46
33
27
17
14
5
19
19
8
2
7
10
14
17
8
7
2
5
4
5
0
0
0
0
0
0
0
0
0
0
1
9
33
61
55
51
48
36
55
39
30
26
15
8
8
3
0
5
14
16
3
0
0
1
0
2
7
1
2
11
20
30
53
74
43
44
40
40
46
56
78
99
120
134
113
97
99
95
88
60
56
154
61
48
31
34
41
48
17
17
20
30
14
15
10
11
18
11
1
2
3
1
0
3
8
27
55
42
28
26
40
45
69
55
55
33
6
26
22
9
9
7
12
17
10
9
13
10
8
13
19
12
22
12
13
5
3
6
6
6
2
1
12
21
0
1
6
7
3
0
0
15
8
2
0
0
3
0
0
1
5
4
1
0
0
2
10
14
1
0
0
9
11
15
15
11
8
10
1
0
0
0
0
2
0
0
1
0
0
2
1
2
1
2
2
1
0
0
0
0
0
7
5
16
13
4
7
19
35
60
28
10
18
23
9
4
6
12
9
6
1
0
0
7
39
74
44
2
0
19
97
114
96
47
1
0
9
7
2
0
0
1
1
11
13
14
9
8
15
19
16
16
24
31
19
0
0
11
18
22
13
5
4
5
0
1
6
12
16
8
8
7
12
5
1
1
2
5
2
1
1
1
0
0
1
6
1
5
9
8
12
10
9
8
7
46
12
2
4
2
1
1
0
0
6
8
12
2
0
0
3
4
2
0
3
5
4
4
4
4
0
0
0
1
3
2
4
0
0
0
0
0
0
0
0
0
0
1
0
0
1
0
0
0
0
0
0
0
6
9
2
1
4
19
54
103
95
34
4
0
1
1
4
15
24
26
2
1
0
0
4
5
3
0
1
4
4
8
4
15
44
14
32
20
15
18
11
31
71
32
5
2
4
5
2
0
1
0
0
0
0
0
4
4
1
1
1
6
9
12
5
0
3
5
1
0
0
0
0
1
1
0
0
0
0
4
1
0
0
1
8
8
16
64
76
46
70
63
52
37
34
39
42
50
59
66
30
22
37
38
30
17
19
14
16
21
11
1
2
13
24
6
1
1
3
11
12
4
0
0
0
0
0
0
0
1
1
0
2
18
24
16
1
14
4
19
34
11
0
2
9
1
6
9
11
1
3
21
9
6
2
6
14
20
14
11
7
0
0
8
1
13
29
1
0
0
0
0
0
0
0
0
2
0
14
16
5
5
18
15
1
2
19
13
2
3
9
5
4
0
0
0
0
5
18
16
12
16
75
244
400
544
602
549
480
440
462
432
354
227
91
89
76
37
27
15
11
57
77
43
50
36
21
20
14
13
43
51
50
56
58
155
62
70
71
83
65
57
63
58
45
31
26
14
14
12
8
13
10
13
20
6
9
7
8
8
12
12
9
41
61
34
59
93
135
184
344
574
692
706
692
693
657
668
622
584
549
504
444
417
372
300
275
320
373
469
554
618
718
532
413
325
345
335
288
210
205
207
189
149
93
51
39
19
7
4
0
0
0
0
0
0
0
4
6
14
18
19
16
15
9
9
16
17
14
1
1
2
11
9
16
34
78
93
109
102
102
135
150
170
176
148
95
54
29
10
1
2
1
10
20
22
30
19
9
1
2
5
0
0
0
0
2
6
15
40
27
9
5
7
11
20
30
59
63
28
37
60
76
81
37
30
48
60
44
39
36
36
18
8
4
3
2
0
0
2
1
0
0
0
0
0
0
0
0
0
0
1
0
0
0
0
0
1
5
8
4
8
19
20
29
32
42
75
110
84
52
35
25
22
43
48
102
134
215
289
311
300
250
190
173
142
150
154
174
151
136
130
106
102
76
46
37
38
19
5
10
27
31
13
0
1
0
0
1
2
1
3
16
12
7
14
18
22
23
33
34
30
5
20
14
5
0
3
5
3
5
0
0
0
0
0
0
4
9
12
13
11
6
23
23
9
10
12
28
41
41
54
57
23
7
17
7
0
1
3
4
9
14
10
3
5
3
0
4
0
2
1
0
6
12
5
12
4
6
13
20
23
20
12
4
2
0
0
0
0
1
0
1
0
0
0
0
0
0
0
9
5
0
7
10
23
24
19
24
33
42
53
52
30
4
2
25
26
4
1
6
7
5
1
0
3
1
7
8
19
24
5
7
1
5
5
2
5
2
0
3
5
10
15
13
2
0
5
15
11
6
5
0
1
1
7
8
12
33
5
8
28
42
29
12
6
3
6
2
6
5
0
3
1
0
6
15
12
7
1
1
2
3
7
10
15
4
0
0
1
3
11
10
17
19
9
5
5
3
0
0
0
0
0
0
0
0
3
10
13
15
18
18
14
1
4
15
11
22
90
258
540
896
1098
1065
1038
871
794
655
445
371
313
327
264
190
125
126
135
113
66
58
122
169
182
136
60
21
23
103
170
251
316
297
332
379
449
402
384
230
74
63
135
156
194
245
300
358
387
424
401
381
350
317
327
305
402
172
92
50
63
116
196
280
336
469
541
507
503
466
330
199
93
97
114
112
110
111
131
222
388
401
394
334
214
176
186
155
120
131
105
77
12
5
29
165
174
73
49
51
62
63
33
15
26
69
77
76
57
21
32
39
31
58
86
124
168
174
181
403
673
884
929
943
811
817
695
429
186
129
130
136
129
136
123
127
86
89
72
62
47
68
41
37
38
17
1
0
0
3
19
23
22
0
1
0
2
3
1
1
3
30
63
131
172
161
162
209
251
105
41
88
129
86
20
32
23
23
80
55
6
9
15
6
0
3
1
5
11
7
2
4
7
12
2
1
5
1
5
18
19
40
36
24
19
21
51072
0
0
0
0
0
0
0
0
0
0
0
0
0
0
0
0
0
0
0
0
0
0
0
0
0
