272
423
595
852
1072
675
137
103
242
457
2302
1316
1293
1375
1909
21691
74
35
92
81
86
126
286
566
329
211
258
514
650
734
791
799
898
875
800
726
741
835
1200
1490
1422
1296
1333
1845
2351
2466
2101
1222
831
599
921
1183
884
682
744
454
269
537
786
722
545
496
533
673
768
619
495
617
890
1062
1225
1354
1535
1581
1711
2029
2350
2759
3080
3446
3733
3942
4060
3839
3051
2771
3203
3667
3900
3895
3704
3415
3343
3440
3319
3123
3062
2984
2845
2748
2448
2010
1398
1385
1787
2630
3046
3181
3231
3178
3329
4189
5146
5351
5224
4574
3929
3279
2599
2395
2505
2292
2034
2102
2485
2600
2502
2265
2250
2066
1780
1440
956
412
212
215
313
469
484
447
357
241
166
103
95
128
188
228
216
213
219
203
192
205
229
271
311
327
317
362
404
457
427
435
450
418
382
376
321
283
262
215
140
93
55
31
28
15
5
1
2
0
1
1
3
1
1
1
0
0
4
3
3
1
2
0
0
0
0
0
0
0
5
41
102
216
345
459
487
452
367
263
179
176
162
135
163
152
154
132
147
126
94
64
45
39
25
11
4
1
11
14
8
9
4
5
8
1
0
0
0
2
4
1
0
0
1
3
2
10
37
90
194
385
671
843
872
869
762
843
858
1015
1044
972
970
1022
1078
1061
990
871
894
908
825
746
655
629
569
496
367
267
203
129
106
62
62
61
47
27
12
15
6
5
4
6
3
0
0
0
4
1
6
1
3
3
2
3
2
1
4
0
0
1
1
0
0
0
0
0
0
0
0
0
0
0
0
0
0
0
0
0
0
0
0
0
0
0
0
0
0
0
0
0
0
0
0
0
0
0
0
0
0
0
0
0
0
0
0
0
0
0
0
0
0
0
0
0
0
0
0
0
0
0
0
0
0
1
3
0
1
17
7
0
0
4
1
0
7
3
0
7
12
15
7
1
0
0
0
0
0
0
8
12
2
0
1
8
1
0
0
2
0
0
0
0
1
0
0
0
0
0
0
0
0
0
0
0
0
0
0
0
0
0
0
0
0
0
0
0
0
0
0
0
0
1
0
0
1
18
52
50
32
88
107
43
18
66
46
11
122
207
135
88
139
152
48
39
151
163
61
91
163
73
17
47
50
26
42
29
2
25
30
10
33
61
8
18
41
34
2
25
42
17
21
27
5
0
19
8
0
5
0
0
9
8
1
0
0
0
2
0
0
0
2
2
3
37
1
11
12
31
55
95
159
225
296
357
415
535
615
760
898
1055
1206
1319
1536
1737
1919
1994
1944
1800
1587
1480
1355
1018
534
346
461
739
916
1134
1518
2095
2695
3244
3650
3960
4008
4190
4105
4026
3790
3430
3186
2874
2626
2158
1767
1721
1755
1459
1076
754
624
477
391
371
440
402
371
409
575
613
495
372
274
230
241
344
396
305
337
345
255
188
107
75
61
32
28
6
0
0
0
0
0
0
0
0
0
0
0
0
0
0
0
0
0
0
0
0
0
0
0
0
0
1
1
0
1
2
1
6
26
22
10
11
11
14
24
21
24
23
31
43
30
22
29
44
48
40
15
11
13
12
11
12
4
3
3
3
1
0
0
0
2
21
81
145
185
176
151
101
71
54
51
43
24
29
48
48
59
48
36
21
15
12
3
4
1
5
9
3
0
4
5
5
3
0
0
2
10
12
5
7
18
32
11
5
4
3
0
0
4
0
0
0
0
0
1
0
0
0
0
0
0
0
0
0
0
0
0
0
0
0
0
0
5
26
19
0
0
5
7
4
1
0
2
6
4
1
6
2
0
5
0
0
0
5
25
25
86
187
383
654
1034
1176
1215
1555
2049
2470
2511
2191
1896
1687
1452
1347
1209
991
849
672
430
288
232
214
228
176
98
69
106
185
311
454
613
694
711
717
593
466
357
259
194
128
67
25
12
9
13
8
61
88
84
36
16
21
18
32
34
11
13
11
8
42
54
44
19
5
20
18
11
3
5
0
1
0
0
0
0
0
0
0
0
0
0
0
0
0
0
0
0
0
0
0
0
0
6
7
5
0
0
1
0
0
8
5
0
25
31
11
6
12
6
0
0
0
0
0
0
0
0
0
2
0
1
0
19
23
27
30
16
13
19
37
150
357
504
589
615
648
773
988
1135
1152
1005
713
490
331
168
79
38
31
30
29
20
41
60
90
94
91
71
57
49
72
66
70
120
158
196
233
241
235
219
165
112
93
97
140
190
229
265
303
348
381
394
293
111
33
23
40
85
63
45
42
32
37
16
4
4
2
0
0
0
0
0
0
0
0
6
14
5
0
7
7
2
0
0
0
0
0
0
0
0
2
0
17
12
0
5
8
7
3
11
7
4
6
2
5
2
2
3
1
1
4
11
0
3
0
0
0
0
0
2
0
0
1
0
6
6
0
0
6
0
7
1
4
7
0
0
0
0
0
0
1
0
4
0
0
1
0
0
0
3
17
6
0
0
0
0
0
0
5
6
3
0
4
7
1
2
1
0
0
0
0
0
0
0
0
0
0
0
0
0
0
0
0
0
0
0
0
0
0
2
18
12
0
12
7
4
2
0
0
0
0
0
0
0
0
0
0
0
0
0
0
0
0
0
0
0
0
0
0
1
0
0
0
0
0
0
0
0
0
0
0
3
18
41
67
73
76
45
17
3
1
0
1
0
2
3
3
1
3
2
1
1
0
0
0
0
0
0
0
0
0
0
0
0
0
0
1
0
1
0
0
0
0
0
0
0
0
0
0
0
0
0
0
0
1
2
1
2
1
2
5
8
26
31
10
21
21
14
8
3
0
0
0
0
0
0
0
0
0
0
0
0
0
0
0
0
0
0
0
0
0
0
0
0
0
0
0
0
0
0
0
0
0
0
0
0
0
0
0
0
0
0
0
0
0
0
0
0
0
5
19
0
6
1
0
0
0
0
0
0
0
0
0
0
0
4
2
0
0
0
0
0
0
0
0
0
0
0
0
0
0
0
0
0
0
0
0
0
0
0
0
0
0
0
0
0
0
1
1
0
0
0
0
0
0
0
0
0
0
0
0
0
0
0
0
0
0
0
0
16
12
0
1
4
8
2
0
0
0
0
0
0
0
0
0
0
0
0
0
0
0
0
0
0
0
0
0
0
0
0
0
0
0
0
0
0
0
0
0
0
1
0
1
0
0
0
0
0
0
0
0
0
0
0
0
0
0
0
0
0
0
0
0
0
0
0
0
0
0
0
0
0
0
0
0
0
0
0
0
0
0
0
0
0
0
0
0
0
0
2
0
0
0
0
0
0
0
0
0
0
0
0
0
0
0
0
0
0
0
0
0
0
0
0
0
0
0
0
0
0
0
0
0
0
0
0
0
0
35
61
38
27
18
31
96
269
485
653
746
730
660
599
581
514
476
381
315
265
203
153
111
83
56
48
12
18
2
2
8
36
59
89
117
166
161
191
209
250
234
267
295
288
272
298
332
408
487
455
468
633
844
1150
1378
1512
1505
1554
1481
1263
943
397
126
224
379
351
173
71
99
139
345
686
979
1089
987
708
410
44
223
280
248
157
88
13
9
29
43
9
12
19
7
10
8
6
7
11
10
7
6
20
48
37
34
57
84
108
98
32
10
0
0
5
9
7
9
7
1
9
12
14
10
8
8
2
3
13
18
11
6
2
1
7
9
6
0
1
7
9
16
13
8
4
5
11
3
1
2
10
9
3
2
2
2
1
0
0
1
0
0
1
3
4
6
8
7
3
0
2
2
4
1
3
1
3
3
1
0
1
4
60
106
74
19
0
6
12
28
29
18
25
11
6
6
5
2
0
0
0
0
1
0
0
0
0
1
0
0
0
0
0
0
0
0
0
0
0
0
0
0
0
0
2
4
1
0
0
0
0
0
0
0
0
4
0
0
2
3
26
29
33
28
8
0
0
4
7
10
6
2
0
0
0
0
0
3
0
0
0
13
17
15
14
7
4
0
0
1
0
0
0
0
0
0
10
19
14
3
5
10
3
0
17
133
335
430
542
686
861
961
1039
1018
970
1019
1184
1339
1208
945
758
701
674
525
323
190
186
169
102
55
28
26
32
65
75
115
234
296
279
261
205
51
30
31
36
29
12
6
1
4
6
8
3
4
3
2
6
22
82
109
120
167
162
168
215
260
232
98
1
1
8
33
60
50
46
23
6
3
3
1
3
19
17
23
19
14
4
1
0
1
9
30
91
157
253
323
361
387
381
333
250
177
97
49
17
3
0
0
0
0
1
0
0
8
12
0
5
6
6
2
2
0
5
7
4
6
6
2
0
2
2
0
0
0
0
0
0
1
0
6
11
28
42
47
59
56
46
16
7
7
5
2
8
2
0
0
0
0
1
0
0
0
0
0
0
0
0
0
0
0
0
3
11
79
299
398
376
329
114
145
245
156
74
46
12
6
10
9
1
1
1
2
2
1
0
0
4
23
17
0
7
7
8
44
131
188
216
291
271
239
161
45
14
38
39
40
28
18
10
5
1
1
1
0
0
0
0
1
2
1
1
1
0
0
0
0
0
0
0
7
7
1
6
3
0
0
0
0
0
0
0
0
0
0
0
0
0
2
4
1
1
2
0
0
1
0
1
2
0
0
1
0
0
0
0
0
0
0
0
0
0
0
0
0
0
2
10
18
26
32
21
28
38
39
27
12
7
2
1
10
12
17
23
29
28
19
5
0
0
24
66
297
706
1069
1397
1881
2104
2031
1793
1420
1408
1495
1204
874
755
521
360
130
29
46
56
29
38
43
32
54
38
5
16
5
4
12
62
437
957
1349
1711
2324
2675
3051
3422
3565
3431
2984
2578
1924
1238
735
650
560
492
477
362
225
332
388
329
206
133
103
114
171
212
193
146
158
314
498
631
753
692
677
616
640
713
702
374
175
453
759
618
564
468
526
649
540
356
411
491
596
664
648
573
569
401
247
220
248
128
262
282
207
146
102
87
203
421
588
697
776
866
1052
1142
1082
1015
772
789
927
1168
1229
1135
1223
1190
702
251
162
391
704
265
353
737
819
519
453
522
733
718
542
490
860
1082
1022
898
904
1032
1118
963
549
149
108
322
646
733
666
243
126
669
864
746
499
482
486
529
583
516
576
713
795
614
332
187
280
327
306
160
98
153
201
233
295
335
357
88
36
71
144
190
182
120
145
102
38
58
111
456
660
628
509
633
780
1247
1705
1901
2131
2043
1415
855
647
537
834
1150
1295
1505
1572
1647
1652
1684
1529
1006
408
198
289
268
219
210
333
421
372
230
140
85
131
69
24
67
85
104
94
96
144
303
571
889
1081
1077
875
611
449
357
671
823
770
517
150
110
202
321
396
460
472
443
381
367
324
313
302
243
278
286
239
156
61
39
26
25
15
7
7
12
13
12
7
4
9
24
86
192
287
297
236
189
145
24
18
40
172
291
339
353
275
127
63
13
59
55
12
13
24
18
46
84
109
86
88
137
123
39
9
16
49
64
22
4
4
2
5
3
0
0
0
0
5
28
50
7
33
94
63
11
54
162
94
57
112
51
10
38
68
29
18
71
60
3
26
72
29
34
91
112
32
26
75
123
40
40
103
66
17
62
34
35
91
116
16
48
78
21
22
59
70
26
27
54
26
15
112
162
52
27
152
137
112
89
99
305
307
174
44
23
10
9
31
21
3
39
37
20
9
13
29
38
47
87
135
142
172
198
199
188
174
106
94
82
87
56
46
19
9
8
12
12
8
10
6
5
15
11
12
10
0
0
0
0
0
0
1
2
5
1
5
6
6
8
6
8
13
17
16
5
5
7
3
2
37
31
7
1
0
0
0
0
0
0
0
0
0
0
0
3
5
5
4
1
1
2
5
8
4
1
1
0
2
1
0
0
0
0
9
6
6
1
2
4
6
8
7
11
12
8
8
9
6
3
2
3
3
2
2
2
1
0
1
2
0
4
0
2
0
0
0
0
0
0
0
0
0
0
0
0
0
0
0
0
0
0
0
0
0
0
0
0
0
0
0
0
0
0
0
0
0
0
0
0
0
0
0
0
0
0
0
0
3
4
6
4
4
0
0
0
0
0
0
0
0
0
0
0
0
0
0
0
3
0
0
0
0
0
0
0
0
0
0
0
0
0
0
0
0
0
0
0
0
0
0
0
0
0
0
0
0
0
0
0
0
0
0
0
0
0
0
0
0
0
0
0
0
5
47
65
35
41
86
82
35
6
20
39
15
1
4
6
0
6
15
3
9
61
88
24
28
41
45
88
82
44
77
102
121
42
6
53
54
26
43
64
16
27
69
46
23
54
73
50
31
40
37
14
38
41
20
27
33
42
20
21
32
17
9
14
16
11
12
15
0
2
9
2
0
2
13
1
0
1
1
0
0
1
0
0
2
3
5
8
13
12
10
11
7
4
1
0
0
0
0
0
0
0
0
0
1
3
1
2
4
8
10
9
7
7
7
12
10
15
19
20
25
41
43
32
32
29
29
33
38
39
30
28
19
17
13
11
10
3
1
0
0
0
0
0
0
0
0
0
0
4
10
12
27
32
47
57
64
63
66
107
127
99
98
83
63
51
144
114
24
9
4
3
4
5
0
2
0
0
0
0
0
0
0
0
0
0
0
0
1
3
2
8
10
13
34
36
40
26
30
10
1
0
0
0
0
0
0
0
0
0
0
0
0
0
0
0
0
0
0
0
0
0
1
0
2
1
0
1
0
0
0
0
0
0
0
0
0
5
2
5
72
102
60
1
16
39
10
1
4
1
9
19
12
0
0
2
0
0
0
0
0
0
0
0
0
0
0
0
0
0
0
0
0
0
0
0
0
0
0
10
9
6
57
52
2
3
1
2
19
1
0
9
2
0
1
3
2
0
1
0
0
4
4
0
0
0
0
0
0
0
0
0
0
0
0
0
0
0
0
0
0
0
0
0
0
0
0
0
0
0
0
0
0
0
0
0
0
0
0
0
0
0
0
0
0
0
0
0
0
1
0
0
1
1
22
0
1
0
0
0
0
0
0
0
0
0
0
0
0
0
0
0
0
0
0
0
0
0
0
0
0
0
0
0
0
0
0
0
0
0
0
0
0
0
0
0
0
0
0
0
1
0
0
0
0
0
0
0
0
0
0
0
0
0
0
0
0
0
0
0
0
0
0
0
0
0
0
0
0
0
0
0
0
0
0
0
0
0
0
0
0
0
0
0
0
0
0
0
0
0
0
0
0
0
0
0
0
0
0
0
0
0
0
0
0
0
0
0
0
0
0
0
10
73
121
89
7
38
102
122
14
55
121
90
2
47
123
136
35
36
125
138
53
18
61
101
47
10
55
96
67
3
16
41
60
14
6
39
52
7
11
34
80
65
2
36
81
66
6
6
41
85
67
13
34
48
35
26
11
7
16
5
4
11
5
2
5
9
4
0
1
6
3
0
0
0
1
1
1
5
6
22
79
148
212
239
255
451
707
1079
1352
1538
1617
1568
1541
1616
1712
1878
1990
1953
1851
1822
1768
1368
978
711
450
324
213
125
69
51
44
7
4
4
13
16
22
38
42
50
59
109
255
406
479
384
309
538
703
666
685
716
661
618
721
856
947
1082
1240
1479
1725
1972
2082
2138
2027
2124
2191
2229
2354
2450
2603
2602
2376
2018
1480
877
517
952
1346
1606
1970
2364
2735
3353
3454
3406
3074
2509
2247
2164
1924
1833
1719
1314
669
249
281
421
541
547
461
340
210
133
123
82
129
356
486
724
852
921
839
555
208
157
301
585
645
499
327
286
277
238
209
269
318
393
501
566
575
557
437
240
151
119
70
36
17
6
1
7
26
38
40
63
89
113
170
193
186
180
334
558
526
613
815
1011
1013
765
419
115
1
19
110
112
71
42
40
89
101
42
97
260
413
620
916
1076
1181
997
744
455
203
14
23
86
144
126
87
53
43
45
31
6
2
1
1
2
4
11
20
24
18
12
6
16
18
31
24
68
183
282
420
428
270
331
468
494
459
415
406
349
478
646
816
1054
1242
1264
965
495
286
325
475
575
484
231
46
16
8
24
40
68
152
272
423
561
618
627
567
469
347
239
107
57
51
104
202
339
441
511
566
575
520
505
608
685
849
983
1009
1070
1096
1063
963
841
746
739
836
954
989
905
749
829
1049
1204
1154
1128
1018
1099
1144
1176
1061
928
683
174
30
122
227
302
235
137
65
40
81
6
4
2
5
11
10
14
9
10
8
0
9
11
9
8
16
9
10
3
0
5
2
7
12
18
16
17
17
16
2
1
3
10
21
16
6
0
0
1
11
18
34
35
40
20
16
10
0
0
0
0
0
0
0
0
0
0
0
0
0
0
0
0
0
0
0
0
1
3
4
11
19
28
23
44
51
67
84
84
107
85
61
62
38
32
15
12
8
3
19
31
19
6
2
2
1
3
4
1
3
18
22
23
39
50
65
63
51
30
11
5
3
0
0
1
6
10
16
10
6
0
2
2
58
108
59
20
91
127
105
29
169
519
756
826
1051
1553
1845
1992
1950
1939
1806
1656
1737
1633
1422
1282
1242
985
685
584
618
785
889
954
972
979
1034
1120
977
717
599
638
658
587
511
373
665
1346
1818
1757
1402
770
910
1570
2053
2402
2570
2591
2385
2188
1926
1676
1113
736
1279
1756
2048
2016
1958
1870
1660
1589
1745
1756
1620
1670
1880
2130
2137
1822
1203
1163
1118
966
1017
840
830
832
1012
1056
931
993
1266
1459
1644
1625
1578
1749
1633
1501
1526
1617
1677
1543
1398
1266
1223
1306
1381
1224
970
655
790
1132
1162
792
472
617
748
760
713
720
527
428
412
402
354
328
93
121
245
196
57
121
289
517
759
828
819
784
883
838
642
543
737
1120
1318
1308
1387
1489
1502
1629
1707
1567
1595
1470
1381
1513
1430
1243
1008
1044
1153
1076
844
607
454
348
318
255
153
87
65
54
31
37
56
53
42
38
23
6
1
1
6
8
5
5
4
0
10
16
13
13
0
10
20
14
7
1
0
1
17
31
22
1
0
1
0
0
0
0
0
0
11
12
4
0
0
0
0
0
0
0
0
2
19
9
10
4
0
0
0
0
0
0
0
0
0
0
0
0
0
0
0
0
1
1
0
0
0
0
0
0
0
0
0
0
2
13
29
72
110
180
257
381
605
641
657
714
634
629
554
444
357
303
311
399
452
430
348
240
132
82
94
100
130
157
196
240
412
552
614
544
445
325
264
380
399
416
456
479
423
332
242
214
232
235
264
236
276
288
298
286
309
294
285
236
169
104
84
104
121
135
153
118
83
64
36
17
13
8
3
4
4
9
19
27
64
117
108
57
33
24
12
7
1
7
1
53
242
326
383
391
356
439
486
426
346
258
149
109
158
188
167
121
77
56
33
18
17
14
30
88
189
239
277
240
361
130
128
154
188
228
213
219
180
163
161
150
147
144
161
168
162
145
117
64
24
8
0
2
15
197
525
829
1095
1408
1458
1434
1457
1149
860
665
440
317
319
288
234
148
142
364
723
1335
1910
2263
2936
3247
3434
3506
3043
2157
1338
1048
2031
3017
3466
3652
3524
3368
2701
2305
1931
1540
1026
732
535
401
188
145
217
422
533
623
657
696
742
726
679
580
483
342
222
179
149
145
123
120
55
15
7
4
3
2
13
29
70
127
191
251
317
375
465
500
528
501
486
436
343
233
181
115
69
45
26
9
3
0
0
0
2
30
78
139
196
280
363
261
223
202
210
317
419
605
795
847
823
709
490
531
578
533
556
727
692
696
690
601
463
319
253
281
244
198
111
57
21
13
11
3
7
18
9
6
10
40
84
150
176
138
169
224
300
467
594
683
718
741
562
412
219
206
245
377
415
412
447
611
837
996
1060
1212
1172
1113
963
752
472
310
303
294
316
265
151
46
94
105
64
19
6
3
7
6
44
109
91
87
200
250
165
101
93
72
77
70
82
108
120
123
157
142
177
156
205
208
193
173
111
416
160
150
161
139
107
114
92
75
74
61
61
57
62
67
82
111
114
141
175
220
266
324
395
448
454
486
463
426
369
398
432
426
423
367
320
307
296
281
334
346
360
293
188
63
43
172
282
342
317
284
266
286
275
275
266
198
120
96
92
124
134
110
47
1
3
63
117
143
184
228
267
182
124
371
578
701
698
550
342
239
295
416
425
365
206
24
20
22
18
0
0
0
16
21
6
0
0
0
0
5
22
1
4
21
30
14
75
149
193
193
180
157
128
109
102
103
117
97
69
70
44
26
36
62
80
117
174
218
247
253
249
217
211
261
323
283
165
104
90
71
94
132
242
309
331
271
194
155
231
335
478
738
1018
1253
1040
825
485
448
448
286
277
307
266
213
252
282
264
261
344
734
1570
2260
2552
1884
740
620
1000
1118
910
461
271
235
342
338
244
86
23
13
48
61
30
16
19
5
14
8
2
3
0
0
0
1
3
0
0
22
26
17
23
22
17
23
31
21
18
17
8
15
24
21
11
3
5
3
1
0
0
0
0
2
1
3
1
0
0
0
0
0
0
0
0
0
13
139
408
658
710
673
508
186
182
238
340
443
374
287
244
258
224
216
314
135
113
54
43
32
56
84
83
83
66
38
20
9
18
20
35
36
36
41
26
23
47
68
56
22
7
2
6
15
11
3
5
16
8
11
18
17
17
28
46
41
27
18
5
4
2
0
4
11
18
24
23
16
3
0
0
0
0
0
0
0
0
0
0
0
0
8
5
0
1
1
0
0
0
0
0
0
0
0
0
0
0
0
11
17
8
2
0
16
16
1
0
4
2
1
6
71
92
31
25
19
5
11
15
3
16
17
9
5
5
7
0
0
1
2
5
24
43
29
18
17
20
10
5
1
3
3
0
5
3
0
0
1
10
58
154
222
234
295
345
386
408
464
560
639
646
568
527
443
407
359
323
282
223
197
159
126
122
108
115
93
84
46
19
3
2
1
19
48
86
109
136
177
198
216
247
297
340
420
489
558
598
617
610
597
562
534
537
483
472
434
380
353
363
389
409
478
540
591
667
711
749
841
895
878
915
890
848
702
564
460
348
249
157
83
35
51
81
132
183
213
246
232
219
240
216
192
189
155
133
115
89
59
29
12
5
1
2
11
36
107
255
371
404
317
199
276
491
654
786
748
765
1014
1444
1653
1603
1607
1590
1447
1287
1119
773
491
308
361
413
413
347
296
219
161
109
41
3
8
42
73
92
67
69
81
79
82
103
123
119
114
85
39
11
5
7
2
0
7
21
6
3
1
0
0
0
5
24
45
99
145
187
242
307
331
306
260
254
210
177
137
115
108
128
169
184
210
244
316
380
368
379
363
316
256
223
230
237
229
214
192
168
150
143
115
205
376
538
584
528
507
469
517
544
447
405
313
215
115
61
42
18
25
65
99
103
90
77
67
61
26
22
25
30
36
54
71
74
116
143
172
236
278
295
305
241
228
281
444
595
571
592
527
499
764
1078
1291
1482
1732
1950
2083
2111
1760
1317
1160
1128
1021
973
854
967
979
984
882
802
779
828
693
750
727
905
1115
963
850
784
608
556
510
455
346
263
299
310
295
323
405
349
382
489
757
1208
1598
1934
1909
1669
1657
1544
1467
1548
1571
1673
1656
1411
1280
1100
941
973
1079
1258
1264
1077
830
610
483
472
639
647
499
343
149
102
129
128
113
82
64
71
87
131
262
440
591
750
860
905
815
912
1146
1264
1371
1815
2288
2280
1967
1396
1327
1212
2068
2697
3114
3045
2802
2606
2455
4083
3159
2673
2602
2174
1238
406
329
491
592
838
1175
1355
1648
2126
2872
3249
3244
2912
2608
2260
1805
1904
1913
1458
1660
1890
1770
1663
1807
2160
2395
2342
2206
1857
1708
1631
1574
1308
1100
1111
1253
1449
1704
1892
1995
2245
2603
2477
2657
2777
2856
3122
2221
1287
1285
1024
313
883
1582
1836
2019
2098
2011
1540
1256
888
525
162
186
308
393
622
815
1189
1563
1518
1408
1485
1516
1349
1086
1136
1133
1074
910
688
791
799
796
727
918
1148
1302
1364
1251
1129
814
565
331
277
238
176
110
59
54
55
40
48
48
42
26
12
2
5
10
22
42
27
54
53
111
104
120
121
153
171
146
176
179
166
134
91
101
69
36
17
8
0
0
0
0
3
0
0
0
0
5
5
11
12
7
3
1
5
2
6
10
21
70
248
597
1091
1270
1336
1131
1006
1009
1240
1259
1165
1075
1113
1091
997
865
860
779
616
634
667
632
649
744
745
724
570
414
417
382
383
387
470
579
730
922
1085
1214
1283
1279
1262
1218
1206
1166
1259
1342
1399
1556
1662
1611
1470
1130
649
400
956
1082
954
347
160
377
179
152
232
306
206
133
162
176
46
72
201
170
37
43
85
27
55
129
87
18
72
102
51
49
69
26
20
51
36
42
48
49
5
21
68
66
89
109
25
27
68
80
12
17
82
173
214
252
304
298
316
378
437
520
487
499
514
522
617
650
604
565
524
437
359
285
217
164
97
60
41
42
42
26
19
11
4
8
21
20
32
43
36
38
38
25
10
3
0
1
2
0
0
0
3
0
0
1
0
0
0
0
0
3
1
4
7
4
28
200
561
1289
1973
2386
2572
2686
2777
2811
2800
2855
2671
2495
2401
2399
2207
2106
1825
1841
1794
1711
1684
1222
532
323
238
302
518
604
522
428
327
173
102
119
138
141
196
237
175
259
414
531
672
768
1009
1241
1466
1769
1867
1828
1671
1361
1035
952
734
731
596
463
440
631
902
942
795
720
812
870
1050
1109
1117
813
448
356
538
820
1002
1105
1207
1063
792
288
588
1081
1429
1623
1526
1146
563
380
702
1065
1185
1250
1037
805
521
309
362
459
513
622
718
683
515
370
264
237
308
330
393
427
554
616
685
594
509
387
251
118
95
129
148
87
36
25
18
21
24
79
137
116
57
30
55
90
120
109
110
74
43
35
20
37
40
29
9
0
3
8
13
43
62
69
26
22
38
72
76
32
17
7
3
3
5
22
38
17
15
2
14
35
73
3
0
0
6
19
24
8
5
4
5
6
3
1
2
3
1
2
6
3
1
0
0
0
0
0
0
0
1
2
0
0
0
0
0
1
2
0
6
31
50
64
51
23
4
0
0
10
6
0
1
0
0
0
0
0
0
0
0
0
0
0
0
0
0
0
0
0
0
0
0
0
5
5
6
7
7
0
4
2
0
0
0
0
0
0
0
0
0
1
28
93
160
262
356
490
615
680
738
822
920
909
897
783
747
687
679
689
782
868
820
729
556
402
280
207
344
479
474
515
621
631
684
714
678
677
610
571
504
432
397
426
550
613
648
634
521
379
274
205
120
78
37
24
43
58
43
38
23
9
6
3
19
55
69
54
11
0
16
32
18
12
8
4
27
62
335
522
544
462
219
56
66
53
48
55
60
48
66
108
169
269
414
566
698
879
1088
1363
1669
1902
2049
2181
2340
2078
1828
1423
1036
711
468
504
685
934
1245
1475
1443
1467
1296
1077
980
845
773
651
626
522
376
188
255
385
321
248
175
94
40
61
89
66
40
42
70
66
81
85
62
67
68
55
66
57
70
111
122
119
119
97
55
51
46
98
161
232
173
152
118
118
108
113
101
105
99
94
101
75
74
102
110
151
134
105
156
335
544
587
479
349
216
210
291
296
324
369
396
388
422
431
410
400
384
347
320
302
314
303
301
300
288
276
240
205
177
157
144
132
125
109
85
76
48
44
39
28
29
36
29
13
8
0
0
5
5
5
1
0
0
0
0
0
1
6
11
18
48
140
269
384
466
531
557
605
601
614
590
579
592
603
560
650
712
736
648
525
520
519
538
577
604
596
654
795
887
991
968
932
1028
1165
1167
1190
1264
1325
1436
1614
1780
2087
2361
2456
2484
2571
2499
2359
2563
2853
3198
3066
3067
2983
2977
2951
2866
2613
2198
1800
1484
1270
915
646
425
284
111
48
15
21
70
134
265
454
677
965
1222
1572
1823
2138
2460
2746
3063
3380
3641
3821
3878
3803
3705
3653
3608
3535
3211
3018
2962
2859
2715
2698
2710
2561
2324
1894
1622
1448
1413
1322
1147
971
896
860
841
681
622
601
675
724
733
593
478
509
542
598
680
668
671
632
520
388
326
347
330
282
265
262
196
219
291
273
217
223
306
342
241
301
439
355
196
155
113
231
335
339
203
184
184
124
180
264
196
176
246
293
228
83
114
155
76
73
141
110
145
320
316
129
449
954
666
111
348
495
137
335
737
456
405
869
920
838
1224
1157
949
1214
1516
1538
1517
1550
1357
1346
1501
1602
1523
1548
1527
1187
1271
1606
1451
1149
982
863
708
820
921
590
301
268
254
596
664
309
104
82
125
329
512
303
145
171
215
265
373
383
291
227
211
252
291
346
327
308
294
338
336
309
301
257
174
121
103
96
90
76
87
82
65
65
89
87
96
79
89
57
37
37
36
41
35
49
75
86
83
85
65
79
86
89
77
71
76
55
48
17
7
7
14
18
9
13
1
0
0
1
11
45
21
26
21
0
0
3
6
1
0
0
0
0
0
0
0
0
0
0
0
4
18
31
20
12
10
8
4
3
4
5
4
0
1
0
1
0
0
0
0
0
0
0
0
0
0
0
0
0
0
0
2
3
31
82
139
216
302
472
814
1019
1282
1483
1881
2042
2121
1956
1742
1562
1508
1586
1422
1219
1111
1096
979
949
1075
1196
1198
1062
815
591
314
167
269
348
233
205
171
197
329
429
228
230
373
539
386
278
516
601
691
542
417
428
417
435
527
574
506
525
468
385
273
174
180
156
129
106
75
58
48
55
66
91
71
65
47
46
53
62
50
40
23
17
15
16
38
65
82
100
114
103
97
75
44
14
5
1
0
0
0
5
11
4
1
2
7
4
4
0
2
3
0
2
22
35
52
30
22
10
17
21
11
25
44
47
43
15
20
22
32
17
1
0
2
1
0
2
0
3
8
6
11
42
212
354
480
498
635
692
756
771
654
509
358
313
299
305
237
240
262
226
156
147
136
101
88
116
126
138
187
184
183
205
161
139
59
15
13
10
32
164
216
196
222
464
644
784
889
907
1210
1638
1886
2108
1850
1480
1219
1011
954
1033
1084
1086
1148
1205
1194
1161
1157
1124
1094
950
918
893
782
871
781
553
581
686
813
732
509
243
102
83
61
14
38
156
334
524
646
675
660
528
404
322
290
288
291
330
361
415
448
463
516
558
593
667
806
945
1162
1510
1632
1685
1631
1411
1259
1339
1385
1343
1294
1200
1236
1249
1069
856
757
685
686
664
617
678
711
851
901
782
327
526
643
590
435
302
164
75
35
37
54
55
59
75
23
10
41
43
25
41
49
53
14
34
53
55
65
60
75
74
67
106
152
161
164
163
159
139
111
90
82
74
84
90
93
122
134
120
103
110
266
116
214
284
363
489
395
286
273
244
167
104
50
31
24
21
6
1
8
17
12
20
18
15
17
36
18
24
13
82
330
556
731
858
768
739
602
533
470
445
471
473
515
606
544
506
446
343
255
182
133
98
65
72
61
114
176
254
291
322
371
379
360
362
342
293
273
218
164
127
80
25
6
7
8
7
11
11
14
25
24
9
3
0
6
24
56
88
240
403
547
710
874
1093
1128
1228
1263
1205
1235
1780
2086
2284
2486
2391
2346
2285
2171
2192
2298
2077
1601
1313
1308
1433
1378
1192
882
715
587
552
423
400
534
779
1047
1449
1736
1661
1555
1847
2271
2520
2673
2488
2349
2215
2247
2076
1938
1818
1853
1536
1520
1464
1352
1284
1084
974
1038
1161
1443
1781
1950
2218
2488
2539
2523
2290
2055
1774
1595
1348
1040
838
665
723
599
475
410
374
230
97
240
429
462
444
362
253
245
219
242
240
262
271
227
184
130
94
81
78
67
42
38
29
27
43
77
105
137
160
182
245
346
525
585
659
671
658
609
613
658
633
593
532
428
314
255
234
249
217
150
103
111
154
120
79
111
73
50
32
51
132
186
173
132
162
251
310
336
375
400
347
319
322
322
297
249
169
151
152
146
145
151
136
223
401
535
631
753
923
1092
1193
1224
1152
1077
1030
950
868
912
707
573
582
672
676
680
791
846
901
901
833
842
906
906
841
961
1137
1232
1258
1174
1050
991
882
741
624
391
97
53
275
366
416
488
574
666
792
853
731
607
448
434
506
562
567
567
515
446
432
561
836
1017
1020
1094
1063
988
1003
863
878
900
832
740
597
468
482
470
403
349
291
234
272
298
300
301
245
197
111
45
52
104
124
52
19
27
16
24
33
37
28
6
1
1
3
0
0
1
5
3
0
2
0
0
0
0
0
0
0
0
0
0
0
0
8
58
185
395
784
1276
1680
2166
2472
2647
2675
2448
2164
2522
2146
1803
1307
1094
903
731
671
541
590
1097
1468
1786
2308
2646
2539
2079
1542
1619
1979
1990
1181
1813
2783
2945
2698
2667
3003
3091
2857
2641
2399
2198
2318
2736
3125
3027
2000
1724
1712
1639
1543
1783
1777
1673
1427
1321
1077
850
506
265
533
943
1272
1430
1518
1566
1536
1356
1358
1275
1161
848
909
970
793
588
528
497
489
595
650
721
853
911
985
1177
1547
1700
1419
1198
972
941
962
946
874
814
827
759
753
906
1343
1332
1290
1403
1441
1468
1554
1498
1277
1036
946
878
880
792
681
622
596
1270
997
1169
1116
881
668
599
433
358
455
528
495
426
495
525
538
556
612
593
540
457
356
223
131
102
105
84
87
75
46
5
0
0
0
0
0
0
0
0
0
0
0
4
0
2
0
0
0
0
0
0
0
0
0
0
0
3
14
3
0
17
12
1
1
8
12
0
35
90
68
16
18
81
90
4
38
102
80
33
55
40
3
51
99
64
28
62
45
0
36
79
59
19
107
61
14
27
46
39
10
3
35
50
6
19
72
60
17
13
52
88
40
36
90
106
77
37
30
77
90
30
54
93
42
41
63
65
30
41
68
72
46
11
27
76
70
41
40
91
89
56
39
61
124
116
72
66
76
64
60
46
50
73
54
14
10
1
2
5
12
5
1
10
10
8
1
0
6
8
3
2
17
18
8
3
13
35
26
0
7
29
34
18
12
39
61
6
16
44
47
22
11
23
46
14
2
28
16
10
7
17
34
8
16
49
89
83
58
62
86
81
104
149
126
57
17
23
18
6
50
127
253
331
328
269
225
190
211
201
201
208
221
229
233
237
257
265
288
281
276
264
250
238
196
156
140
103
67
56
52
32
8
1
0
0
1
0
2
1
4
1
8
39
93
187
325
470
538
523
463
406
370
348
342
320
293
256
195
159
123
101
92
131
182
226
240
231
185
169
141
131
137
111
89
75
60
40
27
15
13
12
2
18
20
11
19
65
124
180
286
434
753
979
983
1150
1387
1398
1487
1253
1321
1587
1993
1968
1510
1247
1382
1747
2629
3059
2963
2808
2415
2512
2661
2517
2534
2179
2009
1886
2048
1805
1581
1139
856
893
829
687
670
644
564
415
261
199
214
337
293
215
150
12
66
84
129
107
50
20
6
16
32
18
0
8
10
0
0
1
20
23
19
14
2
4
4
0
1
0
0
0
0
0
9
2
0
1
3
5
0
0
0
0
0
0
0
0
0
0
0
0
1
0
0
0
0
19
4
4
7
1
1
6
3
2
1
0
2
4
1
0
0
0
0
0
3
26
12
18
13
2
4
1
8
16
5
1
0
0
4
14
42
229
524
846
950
989
1289
1790
2197
2151
2134
1989
1990
2172
2556
2447
2065
1955
1767
1407
949
456
267
417
648
705
866
1137
1397
1663
1692
1786
1691
1397
1062
848
784
796
664
623
591
472
681
604
454
488
461
423
292
96
42
276
456
721
365
315
173
24
42
48
17
27
9
8
13
8
12
31
30
15
1
4
29
52
67
92
97
92
65
31
21
45
58
76
74
61
34
31
17
9
5
10
16
21
36
33
59
89
167
195
166
174
139
216
247
214
177
133
126
175
209
226
239
201
120
86
170
374
781
1131
1359
1636
1737
1789
1980
2028
1967
2015
2116
2039
2125
2066
2354
2508
2899
3430
3842
3614
2931
1867
1564
2321
3081
3594
4020
4126
3946
3361
2944
2849
2182
1631
1576
1807
2010
2049
1943
1615
1489
1354
1076
803
961
1068
1165
1400
1398
1170
1289
1420
1503
1633
1853
2008
1960
2445
2747
2619
2495
2378
2067
1777
1814
1719
1662
1587
1586
1671
1632
1563
1301
1089
971
920
797
735
800
915
960
989
917
742
435
128
537
1018
1137
1110
960
684
406
259
503
714
814
837
808
718
531
231
16
194
518
685
661
599
554
353
79
212
337
310
268
254
227
118
101
172
294
303
220
154
50
217
379
369
328
297
311
246
521
869
1082
1258
1346
1541
1852
2131
2586
2870
2936
2812
2483
2293
2102
2331
2218
1897
1186
816
803
844
938
1002
866
816
1001
1320
1581
1600
1635
1588
1533
1487
1473
1603
1384
1205
986
1011
1107
1091
1092
1140
1119
1088
1030
1168
1375
1554
1559
1591
1784
1801
1768
1702
1584
1531
1617
1671
1653
1598
1590
1515
1231
1032
1052
971
893
790
518
261
167
208
419
748
1174
1709
2154
2548
2811
2931
2634
2198
2007
2188
2305
2281
2246
2073
1965
1775
1567
2215
3005
3247
3175
3028
2669
2208
1682
1416
1558
1857
1917
1567
1883
2160
2610
2875
3263
3490
3275
3888
3872
3967
4288
3730
3120
2622
2639
2919
3181
3416
3492
3570
3009
1788
1090
793
584
482
705
1264
1830
2198
2200
2018
1753
1781
2051
2478
2827
2714
2585
2718
2828
2835
2493
2313
2124
2140
1730
1162
906
623
571
714
885
936
868
848
756
762
706
707
708
635
451
269
241
298
339
377
363
310
287
262
202
129
6
57
138
165
176
174
168
152
115
87
20
8
38
58
107
133
145
141
132
125
118
111
79
50
39
80
163
371
597
816
1155
1432
1665
1982
2128
2206
2470
2509
2379
2222
2186
1920
1854
1706
1241
782
568
360
307
236
96
66
89
135
101
68
18
4
13
49
114
151
136
128
90
52
45
41
16
11
21
21
16
10
13
17
13
15
14
10
4
3
0
0
7
0
2
13
8
6
30
165
268
282
238
374
592
850
1053
1434
1498
1313
1249
1017
556
222
154
244
328
294
281
237
188
158
113
87
52
31
22
22
51
127
207
397
139
61
28
33
32
25
21
12
24
42
52
55
55
75
78
105
94
83
73
64
51
33
31
33
40
52
51
90
110
155
160
228
204
218
206
169
169
143
157
153
170
193
197
263
429
647
742
699
428
339
269
208
164
113
141
156
153
135
96
149
418
869
1210
1623
1846
2022
2146
1878
1431
1103
909
789
800
788
703
670
588
450
372
323
303
256
238
149
44
19
21
27
23
60
93
117
102
52
27
14
24
32
31
33
33
104
330
542
673
664
760
867
935
896
832
782
710
613
604
585
724
964
1115
1092
880
853
743
671
699
638
522
414
357
230
147
109
78
68
56
70
101
118
131
184
260
233
148
56
41
100
285
472
642
770
868
975
919
891
897
844
684
639
704
679
809
926
827
563
531
529
566
552
413
228
105
89
59
53
32
33
35
27
22
20
44
81
131
123
112
96
81
71
60
58
39
41
26
33
36
46
17
23
43
136
411
610
702
775
899
872
695
417
387
609
842
988
1017
903
652
452
363
355
266
122
79
100
84
66
25
14
3
4
5
9
4
5
2
0
0
0
17
16
25
25
12
18
19
23
25
80
96
94
72
43
47
84
71
54
39
32
24
24
27
40
27
25
29
13
0
9
23
25
266
753
1175
1471
1519
1589
1706
1680
1472
1294
1111
968
984
978
936
998
1044
1068
1180
1256
1465
1053
664
311
466
562
454
336
156
89
68
53
39
16
0
0
1
0
0
0
0
3
7
0
0
1
0
1
0
0
0
0
0
0
0
0
0
0
1
3
3
1
0
0
0
0
0
0
0
0
0
0
0
0
0
0
0
0
0
0
1
1
1
3
0
0
5
7
38
61
96
123
190
223
309
460
569
576
421
218
7
86
144
149
54
39
105
168
137
106
117
182
246
218
92
58
105
131
166
188
208
170
141
117
150
166
167
179
133
127
64
52
54
64
54
51
60
53
35
25
17
7
18
16
25
24
19
5
13
8
1
0
10
36
87
130
154
153
116
41
7
2
3
13
12
9
5
5
7
25
69
94
76
57
109
98
60
59
129
175
233
372
348
262
214
260
380
433
389
228
124
352
435
242
206
608
950
1211
1322
1281
1162
995
1034
872
931
1088
986
601
163
395
418
344
218
161
107
54
90
145
144
141
156
190
208
232
225
221
319
459
629
723
794
1053
559
426
377
211
160
152
216
296
297
291
259
198
151
84
23
2
2
12
33
139
193
127
76
50
33
33
25
9
7
6
8
14
22
17
39
62
69
68
59
40
14
9
2
0
0
0
0
2
3
4
1
0
0
0
0
0
0
0
0
0
0
0
0
0
0
0
0
0
0
0
0
0
0
0
0
0
0
0
0
0
0
0
0
0
0
0
0
0
0
0
0
0
0
0
0
0
2
2
7
11
50
76
90
78
52
99
108
67
54
20
17
82
113
99
40
91
126
84
43
20
43
110
123
70
43
140
151
107
60
31
28
65
109
118
69
31
90
148
146
101
45
23
13
4
6
17
14
9
6
7
14
5
2
4
3
4
3
2
1
0
0
0
7
16
5
0
4
2
0
0
0
2
3
8
3
1
0
10
14
11
8
8
11
11
9
6
4
1
0
0
1
0
1
1
0
1
1
2
1
1
1
0
0
3
16
21
8
13
11
3
0
0
0
0
0
6
8
1
0
0
0
0
0
0
0
0
0
0
0
0
0
0
0
0
0
0
0
0
0
0
0
0
0
0
0
0
0
0
0
0
0
0
0
0
0
0
0
0
0
10
8
2
79
229
462
741
1007
1174
1384
1331
1246
1065
849
747
639
627
606
731
977
1303
1619
1937
1935
1647
1420
1043
802
770
715
538
417
416
437
433
411
368
321
262
192
122
73
52
47
46
50
41
38
27
8
3
1
0
0
0
0
4
41
146
313
353
381
413
417
410
412
448
420
386
324
306
203
115
80
84
66
41
42
39
14
7
15
7
1
4
3
1
0
2
4
9
10
11
8
12
5
0
0
0
1
0
0
0
7
58
103
180
251
297
348
202
150
283
306
261
217
135
66
27
4
7
3
0
0
0
1
1
2
8
4
27
42
76
105
92
35
40
107
106
36
7
0
0
0
0
9
19
25
21
22
34
37
18
3
0
14
13
4
3
4
2
1
3
7
1
0
1
2
1
0
1
0
0
0
0
0
0
0
1
1
0
0
0
0
0
0
0
0
0
0
0
0
0
17
54
57
46
22
21
66
91
126
107
0
84
121
81
24
14
38
44
53
22
5
12
13
9
57
140
174
239
364
476
409
421
324
336
429
535
673
734
714
730
714
717
682
603
447
298
174
148
12
8
11
17
47
171
496
840
1001
1229
1284
1334
1595
1568
1427
1343
1210
1102
1088
935
740
564
451
392
330
338
317
254
186
127
131
171
193
177
205
212
153
167
188
222
289
473
645
652
479
230
131
161
328
712
1051
1134
712
198
127
161
225
168
88
55
43
26
21
46
63
54
59
42
28
29
23
18
6
12
36
63
48
9
3
13
21
14
1
2
0
0
1
0
0
0
0
0
0
3
6
10
20
48
104
145
141
174
235
304
376
467
562
602
598
615
601
516
521
484
442
359
303
239
181
113
73
37
8
1
7
1
0
0
0
1
4
0
0
0
0
0
0
0
0
37
79
61
4
0
75
152
111
26
59
36
27
42
13
47
99
14
14
60
78
61
55
89
90
100
147
174
150
165
292
391
760
1233
1480
1396
1327
1308
1423
1391
1080
653
549
546
702
921
1070
1160
1239
1313
1376
1505
1277
1061
1122
1051
1112
1153
1020
967
973
1091
1346
1571
1656
1795
1928
1849
1880
2030
2261
2433
2430
2235
1893
1719
1558
1716
1980
1833
1389
1127
1043
1011
997
1120
821
787
830
683
510
408
315
235
112
25
19
67
188
216
141
62
20
0
0
11
1
2
2
4
28
17
7
15
36
40
179
716
1284
1769
1983
1934
1867
1377
996
1094
1529
1428
1245
1733
2647
3202
3450
3707
3717
3420
3512
2961
1624
763
1478
2379
2562
2580
1673
965
994
1208
1896
2253
1128
857
785
532
372
188
92
80
35
20
4
9
12
20
37
18
24
12
6
6
20
27
46
61
73
85
72
63
20
7
3
1
18
41
56
72
89
70
49
33
9
15
123
446
1001
1229
1178
901
677
692
788
847
878
806
823
793
785
758
753
771
837
825
870
872
830
731
681
725
709
512
307
224
161
156
137
133
110
70
22
6
29
35
31
20
6
7
20
24
30
29
18
20
9
14
4
0
0
0
0
0
0
0
0
0
2
38
70
42
57
8
50
266
419
544
639
683
705
733
775
743
714
689
546
739
931
877
735
631
399
239
336
337
331
291
266
367
360
168
18
79
68
44
6
16
59
61
12
75
92
17
28
87
62
21
87
140
209
272
392
528
726
819
904
907
873
894
829
765
641
525
463
369
309
375
556
664
733
731
618
412
232
139
193
206
166
157
136
156
185
225
262
144
333
463
458
446
350
258
113
179
286
348
418
509
672
739
827
921
776
660
704
662
389
315
377
457
461
410
315
194
58
54
178
270
300
339
326
293
297
300
286
288
263
341
621
1158
1761
2327
2743
2874
2123
2209
2493
2502
2355
1807
1722
1523
1353
861
930
1145
1022
561
577
628
515
294
260
219
151
115
187
197
167
122
176
197
90
30
41
35
30
25
9
7
3
8
8
3
3
8
4
4
3
2
0
0
0
0
0
0
0
0
0
0
0
0
0
0
0
0
0
0
0
0
0
0
0
0
0
0
0
0
0
0
0
0
0
0
0
4
2
0
0
0
2
2
4
0
0
0
0
0
0
0
0
0
0
0
0
0
0
0
0
0
0
0
0
0
0
0
0
0
0
0
0
0
0
0
0
0
0
0
0
0
0
0
0
0
0
0
0
0
0
0
0
0
0
0
0
0
0
0
0
0
0
0
0
0
0
0
0
0
0
0
0
0
0
0
0
0
0
0
0
0
0
0
0
0
0
0
0
0
0
0
0
0
0
0
0
0
0
0
0
0
0
0
0
0
0
0
0
0
0
0
0
0
0
0
0
0
0
0
0
0
0
0
0
0
0
0
0
0
0
0
0
0
0
0
0
0
0
0
0
0
0
0
0
0
0
0
0
0
0
0
0
0
0
0
0
0
0
0
0
0
0
0
0
0
0
0
0
0
0
0
0
4
7
3
3
15
29
46
61
120
191
279
354
365
330
303
292
295
321
363
338
309
279
250
195
137
110
51
24
7
1
0
0
5
13
15
27
48
86
161
211
198
221
234
130
78
86
176
207
233
306
293
171
50
46
57
37
34
62
117
105
72
66
49
20
14
21
62
59
47
27
5
2
14
30
19
15
30
73
108
132
124
187
242
262
482
722
751
739
798
698
667
928
1126
1717
2174
2552
2976
3114
3377
3324
3367
2888
2668
2219
1897
1762
1606
954
587
520
681
962
1087
1336
1638
1703
1966
2299
2767
3356
3722
4032
4223
4578
5151
5288
5233
5311
5368
5183
4993
4684
4285
3893
3703
3590
3383
3325
3190
2855
2595
2319
2095
1943
1968
1678
1328
1182
1410
1602
1696
1739
1643
1294
1044
912
759
620
743
870
983
1797
2349
2022
2358
2600
2946
3202
3066
2893
2857
2971
3039
3084
3315
3397
3741
3967
4129
4548
4946
5065
5026
5077
5163
5257
5015
4751
4136
3693
3308
3056
2808
2542
2178
1842
1457
1056
684
455
317
210
133
81
64
55
92
188
320
468
449
423
422
447
1381
902
1158
1505
1760
1949
2028
2050
1803
1855
1971
2009
2008
2184
2194
1838
1820
1800
1598
1482
1232
1046
1013
1091
952
930
834
661
487
342
361
612
923
1109
1200
1279
1266
1159
1021
950
920
733
588
677
587
444
300
194
124
91
80
34
21
11
18
19
12
15
7
17
28
31
53
66
62
42
25
0
0
0
0
0
0
0
0
0
1
1
3
0
0
0
0
0
0
0
0
0
0
0
0
0
0
0
0
0
0
0
2
4
2
3
1
1
3
3
4
2
0
0
0
0
1
1
4
1
3
0
0
0
0
0
0
0
0
0
0
0
0
0
0
0
0
0
0
0
0
1
3
5
3
7
6
5
10
3
16
10
4
7
3
4
4
4
2
0
0
0
0
0
0
0
0
0
0
0
0
0
0
0
0
0
0
0
0
0
0
0
0
0
0
0
0
0
0
0
0
0
0
0
0
0
0
0
0
0
0
0
0
0
0
0
7
10
14
12
2
0
12
15
6
2
1
4
3
4
5
3
3
0
0
3
3
0
0
1
3
1
3
0
0
0
0
0
0
1
1
1
0
0
0
0
0
0
0
0
0
0
0
0
0
0
0
0
0
0
0
0
0
0
10
20
45
72
95
198
325
528
729
946
1075
1256
1297
1363
1386
1346
1260
1131
976
740
599
458
355
255
209
161
102
51
47
29
20
26
34
50
58
67
69
73
79
73
60
50
59
98
130
132
132
117
113
107
136
241
320
396
564
681
814
958
1073
1174
1223
1229
1355
1267
1144
803
463
408
291
198
179
191
119
67
55
50
71
67
58
135
283
411
448
344
385
503
676
843
849
804
837
966
1107
1051
948
859
779
777
715
713
671
628
607
572
539
496
414
392
343
264
210
167
120
73
39
22
18
15
12
3
3
3
0
1
0
4
7
2
0
2
0
1
1
3
1
1
0
1
0
1
0
0
0
0
0
0
0
0
0
0
0
0
0
0
2
0
1
0
2
1
11
18
7
18
17
17
19
26
16
17
31
36
25
19
26
13
19
6
10
2
4
1
0
3
26
66
159
258
332
352
382
357
258
185
184
221
247
323
391
488
600
652
740
752
770
793
808
785
718
706
629
599
562
516
445
381
322
278
219
168
144
95
44
21
6
5
0
0
0
0
0
0
0
0
0
0
0
0
0
0
1
0
0
0
2
3
0
0
0
0
0
6
28
22
2
1
0
0
0
0
0
3
22
36
22
10
7
18
24
12
0
2
1
1
0
9
24
23
0
4
10
13
4
1
10
7
0
0
1
0
0
0
4
7
37
107
105
80
60
42
32
36
42
50
72
53
35
55
96
71
69
60
27
23
11
14
11
36
47
74
98
79
48
43
58
87
110
101
88
74
93
104
86
70
75
66
67
65
29
23
22
24
9
8
8
6
0
0
0
0
6
13
11
0
7
5
0
0
0
0
4
1
0
3
0
0
1
2
14
6
2
1
6
16
9
8
3
10
34
20
9
5
0
0
1
0
5
6
4
1
0
0
0
0
0
0
0
0
2
5
7
9
4
4
2
4
0
10
15
2
13
8
1
6
10
2
0
7
5
5
0
0
0
0
0
0
0
0
0
0
0
0
0
0
0
2
3
1
0
0
0
0
0
0
5
8
2
0
3
5
0
0
0
0
0
0
0
0
0
0
0
0
0
0
0
0
1
2
0
1
0
1
0
1
1
12
17
8
32
22
9
24
60
41
0
11
12
13
12
19
25
24
31
65
80
67
33
34
28
40
48
46
43
13
12
39
68
101
125
145
139
137
145
175
231
331
365
379
413
474
542
652
756
758
722
801
961
1045
1091
1271
1334
1384
1417
1390
1388
1355
1450
1271
1200
1149
1407
1477
1727
1921
2029
2066
1950
1865
1702
1727
1628
1530
1362
1312
1134
866
680
518
366
230
144
63
58
77
97
94
65
27
17
18
28
98
187
280
359
477
583
630
714
748
799
766
631
586
538
497
590
722
841
1018
1200
1259
1195
1384
1706
2115
2281
2203
2072
1623
1225
636
433
320
136
60
92
91
58
46
28
47
26
35
47
26
12
42
71
64
41
13
5
1
0
7
30
58
78
50
22
31
34
19
27
22
27
15
17
49
58
56
26
6
33
69
110
139
110
65
26
31
55
93
106
114
138
140
100
104
105
115
217
392
690
1177
2022
2664
3200
3554
3309
2739
1815
1319
1546
1636
1331
1153
1033
1252
1202
1081
1134
1104
1017
966
972
1039
1151
1255
1433
1518
1444
1398
1447
1485
1553
1314
1064
1015
1218
1398
1576
1812
1892
2104
2125
2138
2142
2188
2269
2241
1970
1666
1438
1203
855
786
937
968
1005
865
661
422
260
165
231
326
462
619
783
994
1162
1403
1684
1821
1906
1895
1971
2097
3281
1593
977
637
565
911
1264
1429
1397
1091
961
1268
1245
1006
895
687
655
767
712
654
441
253
180
347
521
669
616
597
476
434
684
1051
1288
1268
1118
1093
846
454
201
592
948
786
188
340
392
293
387
695
998
1194
1160
943
713
371
272
423
595
852
1072
675
137
103
242
457
778
1181
1316
1293
1375
1909
2471
2888
3115
3612
4207
4230
3370
3190
3516
2987
3058
3063
2862
3144
3677
3792
3536
3013
2892
2828
2523
2251
1843
1478
1446
1320
1137
1115
1079
1018
972
692
411
333
304
393
494
541
535
500
383
214
97
174
196
185
207
309
535
1094
1899
2223
2132
2204
3093
3210
3054
3688
3596
3223
3095
3081
2942
2683
2604
2618
2412
2142
1663
1390
1277
1409
1310
1082
1309
1602
1639
1072
722
1498
1743
1538
1147
953
1035
876
608
449
338
267
230
193
240
204
231
277
159
61
51
28
15
9
19
16
54
54
44
46
36
29
14
12
6
34
36
11
2
2
7
8
18
11
0
17
26
10
2
0
0
0
5
13
11
3
0
4
8
7
4
0
0
1
4
1
1
2
1
6
1
0
0
0
0
0
0
0
0
0
0
0
0
0
3
15
19
8
1
0
0
0
0
9
31
14
0
0
0
0
1
3
0
0
0
1
5
1
4
8
14
6
1
1
2
1
1
0
0
0
0
0
3
13
0
7
23
17
1
24
19
0
1
23
39
4
8
29
24
8
0
0
7
0
8
45
59
52
32
10
3
2
0
0
0
0
0
15
0
20
23
9
3
1
0
6
0
1
9
14
4
4
6
11
9
5
0
0
8
14
3
0
0
3
3
3
18
33
24
0
1
0
4
2
0
0
3
6
20
10
1
4
13
4
4
6
6
0
0
6
4
0
0
7
4
0
1
3
4
0
0
4
6
0
0
0
0
46
0
0
0
0
0
0
3
0
0
0
0
0
3
5
1
0
1
19
20
1
0
8
0
3
2
1
3
0
11
34
35
6
9
38
31
12
0
0
0
0
0
0
0
0
0
0
0
0
0
0
0
0
0
0
0
0
9
10
16
25
0
13
10
1
5
15
5
0
3
0
1
0
0
0
0
0
0
3
0
0
12
18
1
2
23
79
166
242
366
489
580
611
656
698
696
637
647
624
505
469
377
299
193
87
24
7
0
3
8
17
6
11
29
41
58
68
54
41
42
31
24
10
9
8
15
0
0
0
0
0
0
0
0
0
0
0
0
0
0
0
0
0
0
0
0
0
0
0
0
0
0
0
0
0
0
0
2
1
1
0
0
0
2
5
1
0
0
0
0
0
0
0
0
0
0
0
0
4
3
3
2
0
0
0
0
0
0
0
0
0
0
0
0
0
0
0
0
5
7
2
0
1
5
9
12
12
1
10
11
6
0
0
0
0
0
8
7
1
22
16
3
0
3
4
2
0
0
1
5
4
0
3
8
7
2
0
0
0
0
0
0
0
0
0
0
1
0
0
0
0
0
0
0
0
0
0
0
0
0
0
0
0
0
0
0
0
0
0
0
0
0
0
0
0
0
0
0
0
0
0
0
0
0
0
0
0
0
0
0
0
0
4
0
0
0
0
1
0
0
0
4
4
0
0
0
2
3
1
0
0
0
0
0
0
0
0
0
0
0
0
0
0
0
0
0
0
0
0
0
0
0
0
0
0
0
0
0
0
0
0
0
0
0
0
0
0
0
0
0
3
8
3
1
0
1
2
2
0
0
0
0
0
0
3
4
0
0
1
2
4
0
0
0
0
0
0
1
0
0
0
0
0
0
0
0
0
0
2
0
0
0
0
0
1
0
0
0
0
0
0
0
0
0
0
0
0
0
0
0
0
0
0
0
0
0
0
0
0
0
0
0
0
0
0
0
0
0
0
0
0
0
0
0
0
0
0
0
0
0
0
0
0
0
0
0
0
0
2
2
1
0
0
1
4
3
0
0
1
4
2
0
0
6
5
0
2
8
11
10
2
1
0
0
0
0
0
0
0
0
0
0
0
0
0
0
0
0
0
0
0
0
0
1
2
0
1
0
4
7
3
0
0
0
0
0
0
0
0
0
0
0
0
0
0
0
0
0
0
0
0
0
0
1
3
0
0
0
5
7
0
0
0
0
0
3
3
1
0
6
6
3
0
0
0
0
1
0
0
1
0
0
1
1
0
0
0
1
0
0
0
0
1
1
0
0
0
0
0
0
0
0
0
0
0
0
0
0
0
0
0
1
2
0
0
2
0
0
0
0
0
0
0
0
33
183
516
1105
1768
2384
2688
2749
2677
2774
2670
2492
2324
2205
2041
1814
1494
1231
1212
945
848
630
660
720
687
598
611
871
1033
882
576
1613
1332
1199
1016
940
914
881
869
988
987
1078
1135
1142
1099
1088
1153
1175
1192
1328
1278
1383
1906
2263
2615
2761
2802
2751
2531
2205
2023
1589
1208
1158
984
760
439
169
75
121
156
173
215
219
128
99
108
110
122
184
246
337
341
292
173
67
41
33
29
14
10
6
3
27
77
107
67
30
6
7
11
27
45
41
20
11
9
14
27
39
70
96
69
35
43
47
35
31
44
59
33
8
1
3
3
11
94
141
138
91
56
70
74
66
47
52
15
20
26
13
10
10
5
6
7
7
8
10
14
24
34
32
28
52
24
25
43
99
102
65
18
19
26
55
91
297
801
1362
1823
2123
2030
1604
1314
1088
728
386
123
84
171
128
18
10
10
11
3
0
0
0
0
2
0
2
0
0
0
0
3
15
11
4
0
0
1
2
7
4
2
0
0
0
2
2
0
2
0
0
3
1
1
2
2
0
0
0
0
1
1
0
0
0
0
0
0
0
0
0
0
0
0
0
0
0
0
0
0
0
0
0
0
0
0
0
0
0
0
0
0
0
0
0
2
0
0
0
0
0
0
0
0
0
1
32
55
28
4
0
1
5
13
8
29
48
24
12
9
15
34
41
31
31
172
144
10
40
20
12
19
40
19
30
32
13
16
44
33
25
41
23
8
4
7
9
2
41
76
17
14
18
2
0
2
4
3
4
1
0
2
2
7
0
3
4
7
23
29
6
14
7
10
8
24
17
38
35
10
11
3
1
3
2
3
1
0
2
1
0
0
0
0
0
0
0
0
0
0
0
0
0
0
0
0
0
0
0
0
10
3
1
4
4
6
0
0
0
0
0
0
0
0
0
1
0
6
10
13
7
5
2
0
0
0
2
0
0
7
12
0
1
0
4
1
0
1
0
1
0
1
0
0
0
0
3
0
0
0
0
1
0
0
1
6
4
0
6
8
5
2
0
0
10
0
3
3
0
0
0
0
0
0
0
0
0
0
0
0
0
10
20
16
6
0
3
2
0
0
0
1
0
0
0
0
1
2
0
0
0
0
0
0
0
0
3
6
7
5
2
0
0
0
0
1
4
2
0
0
6
5
8
8
11
4
5
2
6
14
3
4
3
0
0
0
1
1
1
5
4
0
2
0
0
0
0
0
1
0
0
0
0
0
2
2
18
0
0
0
0
0
0
9
11
0
13
18
4
0
0
0
1
11
12
0
6
3
1
0
7
9
1
8
10
2
0
0
1
4
2
4
6
0
5
3
0
0
0
1
3
0
1
2
0
3
11
7
1
6
6
0
0
0
0
0
1
0
0
0
0
0
0
0
0
0
0
0
0
0
0
0
0
0
0
0
0
0
0
0
2
1
0
0
0
0
0
0
0
0
0
0
0
0
0
0
0
0
0
0
0
0
0
0
0
0
0
0
0
0
0
0
0
0
0
0
0
0
0
0
11
46
19
6
2
19
31
13
1
13
6
1
4
16
12
0
10
16
0
2
26
53
22
0
27
46
17
8
19
12
0
11
15
8
0
31
52
21
5
36
51
17
0
12
34
11
0
12
13
0
1
32
35
2
12
47
63
25
7
31
48
18
14
58
53
21
39
62
22
7
22
17
12
29
46
36
10
10
53
104
46
6
0
7
9
5
3
1
0
0
0
0
0
0
0
0
0
0
0
0
0
3
20
29
53
77
85
105
122
105
88
66
59
45
30
13
14
8
4
2
2
2
1
0
0
0
2
3
4
1
0
0
0
0
0
0
0
0
0
0
0
0
0
0
0
0
0
0
1
0
1
0
0
0
0
0
0
0
0
0
0
0
0
0
0
0
0
0
0
0
0
7
25
9
0
7
2
0
0
0
0
0
0
3
36
110
199
250
227
177
113
66
46
56
41
33
27
28
16
16
11
5
4
3
3
3
1
1
0
1
6
31
99
177
230
219
158
94
87
63
56
42
39
48
42
50
53
53
52
34
23
14
13
9
6
0
0
3
4
6
5
2
2
1
0
0
0
0
0
0
0
0
0
3
4
4
7
2
0
0
0
0
0
0
0
0
0
0
0
0
0
0
0
0
0
0
0
0
0
0
0
0
0
0
0
0
0
0
0
0
0
0
0
0
0
0
0
0
0
0
0
0
0
0
0
0
0
0
0
0
0
0
0
0
0
0
0
0
0
0
0
0
0
0
0
0
0
0
0
0
0
0
12
27
34
20
57
90
205
362
478
519
462
394
319
320
286
268
169
105
86
55
45
23
13
6
1
0
0
0
1
1
1
4
6
7
2
1
0
0
0
1
0
1
1
0
3
0
0
0
7
2
2
5
4
2
0
0
0
0
0
1
0
0
0
1
2
0
1
0
0
5
4
1
0
0
0
0
0
1
2
1
4
7
2
4
3
2
11
27
26
50
142
164
82
259
535
402
126
30
65
124
235
274
193
115
67
55
105
182
243
323
347
327
334
434
456
278
199
224
163
128
123
148
249
340
301
204
203
261
271
245
228
199
156
171
219
255
309
294
278
256
239
274
296
258
203
146
135
165
181
493
762
878
884
1037
1048
1205
1355
1561
1883
2111
2218
2669
3117
2998
3039
2491
2707
2675
1867
1347
1301
1242
1220
1339
1354
1183
1120
1147
1091
1087
1115
1341
1723
1767
1520
1009
898
890
860
896
1054
1114
1032
808
568
502
457
518
752
921
746
432
207
166
277
175
123
174
298
458
504
384
353
336
375
330
238
279
368
357
98
197
200
261
417
235
148
610
877
937
879
745
576
392
94
77
179
251
210
172
173
182
119
104
101
8
2
1
52
159
272
266
281
514
649
529
567
616
695
787
828
923
956
902
553
135
328
587
704
706
462
269
150
148
130
72
170
147
185
228
86
38
45
35
9
20
11
9
18
38
48
30
27
34
72
177
279
280
194
72
31
67
177
384
434
439
597
1010
1722
2548
3102
3473
3657
3773
3030
2834
2279
1908
1567
1422
1162
792
667
630
490
309
198
154
198
325
480
693
1007
1027
603
199
460
793
1098
1286
1504
1724
1719
1922
1869
1852
1991
2064
2179
2270
2268
2160
1981
1567
1394
1347
1262
1198
1050
756
710
598
565
572
606
525
332
223
466
906
1113
1187
1065
774
311
157
195
405
807
1111
1272
1502
1746
1860
1882
2220
2367
2296
2173
1973
1883
1607
1427
1344
1203
1124
1009
984
863
713
400
369
215
47
125
257
226
183
79
32
25
29
53
93
90
105
75
66
108
224
276
353
370
298
236
146
131
199
336
366
251
189
108
48
64
128
151
157
188
229
107
52
86
133
281
330
362
384
428
350
291
259
153
122
144
150
146
192
210
235
257
313
281
237
186
102
135
141
197
272
228
189
34
15
23
8
23
33
83
153
179
157
119
125
202
373
662
833
816
762
571
291
67
8
57
37
17
1
0
1
16
44
53
42
21
8
0
0
3
5
4
4
1
2
1
5
1
4
1
0
0
0
0
0
0
7
3
0
0
0
0
0
0
0
0
0
0
0
0
0
0
0
0
0
9
11
1
1
6
5
4
0
0
0
0
5
4
0
0
0
0
0
0
0
0
9
13
1
0
5
5
2
0
0
0
0
0
0
0
0
0
0
0
0
0
0
0
2
12
28
38
44
46
38
41
37
40
60
74
104
121
132
141
144
133
104
97
70
52
38
38
37
30
20
14
8
0
0
0
0
0
0
0
0
0
0
0
0
0
0
0
0
0
0
0
0
0
0
0
0
0
0
0
0
2
11
15
13
3
1
6
15
7
1
0
0
4
3
4
9
20
18
7
2
0
4
13
16
17
31
52
67
76
107
142
151
138
118
91
77
60
68
52
56
48
35
30
19
14
17
12
9
7
3
0
0
2
0
1
0
0
0
0
4
2
4
3
2
1
1
0
0
0
0
0
0
0
0
0
1
0
0
0
0
0
0
0
7
8
1
0
3
1
0
0
0
0
0
0
0
0
0
0
0
0
0
0
0
0
0
0
0
0
0
0
0
0
0
0
0
0
0
0
0
0
0
0
0
0
0
0
0
0
0
0
0
0
0
0
0
0
0
0
0
0
0
0
0
0
0
0
0
0
0
0
0
0
0
0
0
1
0
0
0
0
0
0
0
0
0
0
0
0
0
0
0
0
0
0
1
0
1
1
0
0
0
0
0
0
0
0
0
0
0
0
0
0
0
1
2
12
24
23
43
44
48
62
66
97
121
159
191
202
148
106
73
42
14
1
0
0
0
1
0
0
0
0
0
0
0
0
0
0
0
0
0
0
0
0
1
0
0
0
0
0
0
0
0
24
65
50
8
3
6
26
26
9
1
1
2
2
4
17
25
9
0
4
3
4
1
2
4
6
11
6
9
23
33
54
82
93
119
153
146
120
117
113
82
71
58
40
25
11
1
0
0
4
0
0
1
0
0
4
0
0
0
0
1
0
0
0
0
0
0
0
0
0
0
0
0
0
0
0
0
0
0
0
0
0
0
0
0
0
0
0
0
0
0
1
0
0
0
0
0
0
0
0
0
0
0
0
0
0
0
0
0
0
0
0
0
0
0
0
0
0
0
0
0
0
0
0
0
0
0
0
0
0
0
0
0
0
0
0
8
10
0
3
1
0
0
0
0
0
0
0
0
0
0
0
0
0
0
0
0
0
0
0
0
0
0
0
0
0
0
0
0
0
0
0
0
0
0
6
86
114
82
12
2
4
12
18
16
0
0
6
48
20
39
84
113
91
79
97
139
200
224
289
303
359
429
530
608
703
756
840
904
899
953
1031
1040
1018
941
801
580
452
331
239
190
147
113
112
86
50
25
13
3
1
30
82
73
65
194
362
504
474
342
235
211
234
274
231
264
260
293
207
145
107
108
137
144
179
147
150
155
149
114
56
42
38
18
9
5
7
4
0
0
0
0
2
6
10
16
35
51
37
38
22
9
3
4
11
9
4
1
0
1
0
1
0
0
0
0
1
0
0
0
0
0
0
0
0
0
0
0
0
0
0
0
15
79
120
151
148
123
95
86
89
68
63
60
65
51
57
57
56
42
20
14
14
22
14
7
15
4
2
7
2
4
35
97
146
169
149
114
92
82
76
43
35
38
32
36
31
14
5
9
15
8
23
12
6
15
21
23
17
20
5
0
23
15
3
29
21
8
3
8
10
17
12
5
0
14
26
35
7
3
2
5
10
0
0
4
3
1
1
1
0
0
0
0
0
0
0
0
0
0
0
0
0
0
0
0
0
0
0
0
0
0
0
0
0
0
0
0
0
0
0
0
0
0
0
0
1
0
2
1
7
8
10
7
4
0
1
1
0
0
1
1
0
0
0
0
0
0
0
0
0
0
5
3
5
28
29
19
56
75
127
170
226
227
220
200
175
131
159
116
52
29
97
37
42
114
143
106
92
8
11
63
20
1
66
5
4
36
34
102
229
33
27
82
9
68
425
181
62
401
683
335
151
455
946
611
300
636
961
841
779
927
921
747
829
962
1042
1064
1162
1034
885
985
1025
844
1169
1461
1478
1465
1490
1467
1955
2826
3381
3778
3811
3826
3247
2831
2462
2042
1437
1590
2598
3099
3153
3171
3337
3458
3626
3827
3985
4302
4540
5248
5923
5944
6623
7572
8231
8160
8146
8058
7894
7691
7706
7302
6775
6491
5971
5343
5508
5492
5430
5284
5301
4752
3835
3295
2663
2233
2126
2103
2422
2229
2114
2662
2972
3091
2818
2433
1818
1066
938
1390
1546
1089
662
857
1185
1331
1462
1556
1726
1922
1807
1803
1890
1977
1852
1698
1609
1465
1157
697
814
1176
1766
2297
2610
2953
2875
2862
3203
3754
4395
4817
5114
5305
5228
5377
5526
5507
5187
5778
6283
6423
6367
6240
6065
6134
6332
6349
6301
6175
5997
5840
5557
5252
6640
3710
3682
3507
3371
3391
3303
3036
2950
2857
2639
2415
2360
2056
1644
1324
1206
1244
1203
1182
1100
965
946
945
904
878
796
734
682
663
704
1072
1347
1213
714
284
238
311
565
696
886
808
708
714
745
689
593
596
600
754
896
938
969
1008
1059
965
927
970
946
904
719
540
439
266
177
138
106
133
358
517
645
806
947
1284
1615
2067
2523
3017
3500
3749
3874
3862
3794
4262
4701
5374
5509
5462
5209
4670
4334
3458
2746
2264
2212
2397
2070
1670
1269
1030
857
668
605
565
428
308
212
270
457
586
635
394
96
82
63
40
48
48
39
16
9
17
10
14
13
10
5
5
19
15
14
17
20
25
17
26
49
79
104
178
194
230
268
311
359
413
429
501
532
554
555
547
555
537
521
535
534
488
517
437
425
440
462
396
366
380
355
285
199
147
167
207
208
248
235
191
143
79
18
8
5
14
17
8
4
4
2
3
11
28
49
49
85
86
96
120
177
245
291
346
387
369
475
531
670
849
1071
1422
1738
2130
2468
2694
2883
3058
3126
3226
3285
3348
3323
3292
3086
2880
2596
2454
2267
2088
1821
1637
1325
1045
740
367
56
69
312
675
954
1192
1311
1398
1504
1493
1408
1350
1292
1213
1133
1041
1017
986
1041
1005
1015
1005
1038
1016
1023
952
856
712
575
402
269
207
147
104
76
57
78
71
49
65
40
61
70
70
81
82
78
75
94
116
149
143
114
105
108
82
75
64
107
185
249
360
467
630
826
981
1152
1231
1267
1312
1280
1291
1355
1259
1249
1235
1223
1160
1166
1056
989
905
824
764
690
625
588
526
564
539
531
498
494
497
470
474
429
402
413
387
341
356
323
281
272
329
373
501
785
987
1076
1029
800
493
242
84
43
27
35
37
53
96
174
234
403
614
806
952
1019
1116
1099
1271
1355
1438
1370
1190
1033
1030
958
855
769
593
477
283
176
52
12
5
4
11
38
98
216
328
396
456
593
655
740
920
1012
801
576
526
508
532
566
607
497
417
313
301
265
203
175
128
139
113
143
143
118
126
113
110
116
146
213
291
387
440
468
531
601
627
714
849
884
888
878
905
856
851
820
809
824
818
800
801
765
646
587
492
394
287
212
159
63
27
14
1
1
0
0
0
4
12
16
35
37
63
67
104
69
109
89
99
118
128
108
120
148
125
132
114
107
103
84
41
21
11
9
3
1
0
0
0
0
0
0
7
42
66
24
13
54
63
3
26
113
21
81
119
10
8
31
8
5
21
16
0
0
0
0
0
0
6
0
0
1
0
0
2
0
7
12
1
0
17
35
59
147
198
279
341
431
522
540
498
430
381
354
321
292
229
224
164
132
91
71
36
18
9
5
3
2
1
7
1
0
1
9
12
16
11
21
15
23
18
13
18
8
9
1
8
6
1
0
5
5
0
6
10
6
1
0
0
2
6
1
1
0
0
6
0
1
19
9
0
9
10
3
0
0
0
0
0
0
7
0
0
5
2
0
0
0
0
0
0
0
0
0
0
0
0
0
0
0
0
3
16
14
1
0
15
12
2
0
1
2
0
0
0
0
0
0
0
0
0
0
0
0
0
0
0
0
0
3
16
4
0
5
4
0
0
0
2
0
0
0
0
0
0
0
0
0
0
0
0
0
0
0
0
0
0
0
0
0
0
2
1
3
3
4
2
0
1
1
3
3
18
9
0
0
6
7
2
2
1
7
0
9
2
3
5
2
9
9
11
2
8
5
8
8
14
9
8
2
10
7
6
4
0
0
0
0
0
0
0
0
0
0
0
0
0
0
0
0
0
0
1
0
4
1
6
2
8
2
3
1
3
0
0
1
0
1
0
0
0
0
0
0
8
4
0
2
7
2
0
0
0
11
12
0
0
0
12
35
10
40
35
79
132
121
176
219
280
326
346
358
378
407
425
430
419
444
456
514
566
530
505
513
527
484
404
349
358
256
180
114
86
46
48
48
32
5
9
5
5
2
5
1
0
0
5
8
7
12
3
13
0
2
3
3
4
3
2
0
1
3
3
4
3
6
1
0
4
4
4
4
1
1
3
11
5
8
3
3
3
3
5
6
2
7
11
25
51
55
62
72
54
77
57
59
47
39
27
23
29
26
38
51
55
67
68
90
97
111
125
142
190
310
407
642
734
961
887
339
297
448
662
918
1119
1106
1119
1154
1204
1192
1088
1107
1086
1149
1234
1274
1111
933
791
657
610
507
367
304
200
83
46
79
129
176
153
137
149
184
230
248
297
362
463
533
612
659
717
751
787
848
904
943
1160
1328
1209
1076
822
680
737
777
915
1019
979
727
547
447
362
352
427
595
1227
1624
1104
501
347
301
249
235
212
176
149
154
91
119
147
265
300
349
341
342
314
252
289
368
395
1091
473
494
463
431
366
282
198
214
213
208
197
186
134
96
59
46
35
41
73
120
135
178
184
232
276
239
120
24
29
115
169
120
53
17
16
26
35
52
48
58
61
85
58
71
72
67
72
65
78
103
107
101
109
116
159
193
179
106
74
140
153
96
42
31
22
34
40
28
24
27
25
35
36
49
44
59
56
37
34
26
10
2
0
0
0
0
0
0
0
0
0
0
0
0
0
0
0
0
0
0
0
0
0
1
0
0
0
1
0
2
2
6
4
9
6
8
15
23
44
113
234
445
688
866
1109
1324
1569
1895
2321
2579
2468
2526
2681
2645
2242
2001
1794
1749
1292
1189
1299
1365
1416
1815
1802
1547
1226
877
738
806
810
714
696
680
776
1424
1495
998
1194
1319
1375
1459
1799
2176
2574
2585
2372
2021
2124
2092
2019
1652
1458
1395
1168
944
597
483
374
215
196
225
199
102
33
20
19
19
24
36
64
123
223
338
411
511
558
549
454
475
446
523
492
552
545
547
564
513
543
519
469
423
394
334
305
283
258
240
154
94
58
22
44
52
41
18
8
12
10
14
23
45
66
85
121
146
203
227
309
289
308
302
335
347
357
353
339
333
299
250
229
190
170
133
89
53
23
9
5
4
6
6
1
12
1
0
1
0
1
6
3
18
14
8
19
39
64
94
114
153
128
178
220
213
222
214
219
250
291
273
283
327
378
441
477
554
635
654
722
782
787
803
842
799
810
759
772
734
641
581
572
454
398
338
283
215
153
140
112
79
44
28
12
13
9
8
5
17
17
6
0
0
1
3
4
4
4
2
0
1
0
0
0
0
1
0
0
1
7
14
21
20
36
36
50
74
102
123
160
214
227
238
262
318
335
369
489
512
539
616
626
607
653
659
731
761
787
739
624
473
342
240
159
127
76
83
93
101
115
121
111
88
144
185
220
324
454
679
1032
1302
1421
1361
1361
1609
1799
1799
1819
1777
1764
1825
1915
1795
1637
1478
1358
1252
1038
771
599
544
521
509
438
357
294
281
269
216
150
68
39
57
49
50
54
52
25
24
12
9
12
29
16
7
0
0
2
13
11
17
47
107
173
227
247
323
397
442
535
648
754
947
1058
1179
1219
1276
1395
1551
1587
1610
1486
1468
1294
1251
1118
981
815
592
352
282
403
627
779
834
829
812
755
693
590
499
315
181
175
233
449
509
416
345
325
638
309
434
525
319
203
155
167
171
133
98
60
55
45
60
96
82
78
215
463
767
879
666
303
95
173
309
410
555
897
1253
995
859
967
630
480
398
181
105
65
27
6
13
35
58
98
128
180
192
216
225
235
220
271
230
221
228
252
204
208
200
181
138
147
137
116
81
76
68
53
50
49
65
55
52
40
16
12
18
7
13
13
9
4
6
5
1
3
1
4
2
1
2
1
0
1
0
0
0
0
0
0
0
0
0
0
0
0
0
0
0
0
0
0
0
0
0
1
0
19
13
0
0
5
11
6
0
0
0
0
0
0
0
2
0
0
0
0
0
0
2
2
1
0
0
0
0
0
0
0
0
0
0
0
0
0
0
0
0
0
0
0
0
0
0
0
0
0
0
0
0
0
0
0
0
0
0
0
0
0
0
0
0
0
0
0
0
0
0
0
0
0
0
0
0
0
0
0
0
0
0
0
0
0
0
0
0
0
0
0
0
0
0
0
0
0
0
0
0
0
0
0
0
0
0
0
0
0
0
0
0
0
0
0
0
0
0
0
0
0
0
0
0
0
0
0
0
0
0
0
0
0
0
0
0
0
10
14
0
9
5
2
0
0
0
0
0
0
0
0
0
0
0
0
0
0
0
0
0
0
0
0
0
0
0
0
0
0
0
0
0
0
0
0
0
0
0
0
0
0
0
0
0
0
0
0
0
0
0
0
6
0
0
0
0
0
0
0
0
0
0
0
0
0
0
0
0
0
0
0
1
3
9
23
44
112
178
237
259
254
207
148
97
55
33
15
5
0
0
0
0
0
0
0
0
1
1
4
6
13
19
35
68
114
136
161
180
173
136
97
62
44
25
13
6
0
0
0
3
0
0
0
0
1
5
0
0
0
2
0
0
0
0
1
0
2
0
0
0
0
0
0
0
0
0
1
0
0
0
0
0
0
0
0
0
0
0
0
0
0
0
0
0
0
0
0
0
0
0
0
0
0
5
16
0
1
5
2
0
0
0
0
0
0
0
0
0
0
0
0
0
0
0
0
0
0
1
0
1
3
9
18
51
135
178
185
186
144
112
69
36
23
12
5
1
0
0
0
0
0
0
0
0
0
0
0
0
0
0
1
0
0
2
0
0
0
0
0
0
0
0
0
0
0
0
0
0
0
1
0
0
0
1
0
0
0
0
0
0
0
0
0
0
0
0
0
0
0
0
0
4
12
29
61
86
98
68
51
25
12
5
0
1
5
8
3
1
0
0
5
24
23
22
15
7
36
177
346
202
39
12
19
59
120
106
95
77
61
81
85
120
98
116
106
29
16
14
11
41
20
28
124
47
13
37
55
130
199
170
148
186
196
256
247
133
113
339
291
231
274
195
383
834
830
467
263
300
190
153
233
300
256
199
190
186
226
258
465
493
260
202
106
64
80
176
170
109
25
6
4
4
0
2
4
18
12
6
2
7
18
34
85
223
213
138
77
61
51
29
22
7
17
26
22
10
2
1
6
9
10
6
3
4
2
8
5
5
8
9
4
2
8
13
12
12
4
14
11
14
18
19
27
21
22
13
6
4
4
10
20
19
18
13
9
8
8
16
5
8
16
15
3
5
1
0
0
0
0
0
0
0
0
0
0
0
0
0
0
0
0
17
32
11
12
20
8
4
3
2
9
19
31
52
49
41
30
10
0
18
22
32
10
14
39
95
109
149
186
243
317
389
677
1103
1384
1377
1663
2039
2079
2045
2043
1799
1818
1800
1571
1645
1599
1680
1513
1225
1135
949
754
531
506
523
528
541
538
579
630
701
766
787
824
947
985
1022
1068
1050
1008
952
738
606
433
360
341
332
301
247
151
106
65
26
22
29
31
209
302
239
145
116
199
262
376
459
499
455
497
564
521
487
539
711
796
716
698
668
633
429
200
282
263
298
333
296
237
214
185
194
184
275
387
452
438
381
303
313
444
633
604
546
475
477
452
444
450
401
334
268
213
194
226
343
422
503
536
582
535
431
333
291
267
252
212
178
124
121
157
209
233
280
286
242
154
168
203
180
141
83
23
28
44
35
26
8
7
4
5
9
32
44
58
85
148
229
327
391
408
429
412
379
377
355
388
352
334
302
301
323
446
673
826
1009
1028
1124
1272
1306
1360
1246
1154
1013
823
595
668
608
412
382
616
814
873
892
877
867
833
694
583
701
849
730
667
672
689
525
286
129
48
36
14
15
14
23
41
43
28
21
25
20
27
20
18
15
35
31
28
14
10
2
14
10
15
100
124
106
53
23
21
23
22
17
5
0
7
32
142
242
173
84
9
7
3
68
36
119
152
203
187
191
189
175
233
256
232
209
168
183
235
278
309
316
227
154
130
153
151
139
132
135
136
131
163
200
233
223
154
72
17
1
19
18
30
71
148
130
99
99
160
202
242
250
276
307
355
420
408
326
274
281
227
162
123
47
9
6
65
74
64
58
31
10
4
2
0
1
0
1
5
26
67
123
133
169
212
224
542
29
0
6
70
163
231
271
227
39
0
22
38
41
38
27
7
4
0
8
11
24
71
96
110
143
118
76
47
7
4
8
11
16
19
22
52
117
220
303
374
360
282
225
170
85
56
118
243
337
451
501
548
578
544
475
369
199
168
370
550
764
883
942
944
810
619
367
196
75
47
49
72
108
195
242
332
421
335
270
178
134
86
69
88
171
303
560
593
622
671
799
722
679
460
286
182
142
92
100
135
141
139
128
149
225
411
520
575
611
541
513
448
408
280
159
42
10
2
7
9
9
15
1
0
3
1
12
12
9
13
13
46
74
99
82
52
46
24
15
12
6
6
5
17
22
25
2
10
12
13
5
14
2
0
7
35
47
30
8
7
17
10
4
0
1
0
2
0
0
7
18
14
11
13
13
12
6
1
1
0
0
0
1
2
1
0
0
1
0
0
0
0
0
0
0
0
0
0
0
0
0
0
0
0
0
0
5
6
2
2
2
1
0
0
0
0
0
0
0
0
0
0
0
0
0
0
0
0
23
17
14
46
157
205
191
135
35
0
2
1
2
10
26
19
6
4
3
3
3
5
22
22
22
3
1
4
0
1
0
0
0
4
16
1
0
0
0
0
14
51
57
76
79
77
45
11
3
3
10
17
49
36
24
36
29
2
0
0
0
0
8
22
46
41
38
28
0
0
0
0
0
2
5
53
89
107
82
37
0
0
4
6
1
0
2
8
1
3
2
1
0
2
0
7
44
87
75
32
2
1
8
7
1
0
0
0
1
1
3
16
59
76
115
150
205
179
105
77
48
24
23
9
0
2
0
2
3
5
3
7
6
12
37
43
63
45
40
18
15
16
16
4
4
5
8
13
10
3
1
4
2
1
8
14
36
24
32
47
80
113
167
195
242
274
288
271
487
811
933
1114
1220
1251
1345
1439
1510
1656
1804
1994
2127
2199
2325
2236
2145
2077
2013
1894
2355
847
648
541
386
265
172
110
170
370
688
986
1136
1230
1222
1234
1297
1419
1630
1595
2183
2972
3875
4547
5200
5789
6021
5401
4492
3283
1764
498
1346
2055
2339
2449
2345
2225
2149
1984
1753
1380
1052
705
488
379
306
307
267
168
101
89
142
191
135
137
110
75
34
54
104
113
164
159
101
62
27
15
43
83
81
82
111
156
194
239
237
195
146
108
47
30
20
9
22
22
28
37
31
16
28
70
100
141
159
181
184
136
155
177
265
304
335
375
428
385
297
211
110
63
46
21
1
0
1
0
0
0
0
1
2
2
0
0
0
0
0
0
1
3
4
4
6
8
9
10
14
7
11
15
6
8
3
2
9
8
8
5
1
2
1
2
0
0
0
0
0
0
0
0
0
0
0
0
0
0
0
0
0
0
0
0
0
0
0
0
0
0
0
0
0
0
0
0
0
0
0
0
0
0
0
0
0
0
0
0
0
0
0
0
0
0
0
0
0
0
0
0
0
0
0
0
0
0
0
0
0
0
0
0
0
0
0
0
0
0
0
0
0
0
0
0
0
0
0
0
0
0
0
0
0
0
0
0
0
0
0
0
0
0
0
0
0
0
0
0
0
0
0
0
0
1
0
0
0
0
0
0
0
0
0
0
0
0
0
0
0
0
0
0
0
0
0
0
0
0
0
0
0
0
0
0
0
0
0
0
1
0
0
0
0
0
0
0
0
0
0
0
0
0
0
0
0
0
0
0
0
0
0
0
0
0
0
0
0
0
0
0
0
0
0
0
0
0
0
0
0
0
0
0
0
0
0
0
0
0
0
0
0
0
0
3
5
1
0
0
2
8
40
85
96
88
60
66
59
106
200
194
288
544
790
1012
1270
1425
1382
1081
983
1004
1062
1415
1636
1566
1119
971
1032
1047
1061
1092
1144
1253
1309
1301
1353
1517
1682
1817
2088
2403
2519
2494
2235
1745
1476
1486
1498
1473
1350
1224
1149
1062
811
615
509
557
673
681
772
768
611
494
408
540
735
851
864
1029
1078
1051
979
762
638
526
511
553
568
572
494
443
456
498
525
376
314
292
259
240
202
215
228
198
137
158
179
278
422
426
386
355
391
616
956
1304
1277
1099
958
894
931
1011
935
802
593
509
377
264
149
110
152
323
701
1165
1287
1195
1180
1246
1550
1866
1864
1512
1208
1053
1243
1766
1711
1200
824
623
920
1504
1822
1780
2480
521
546
828
1075
1137
884
676
527
468
684
1343
1711
1649
1402
1305
1138
1006
1235
1358
876
434
392
386
314
343
510
432
301
204
254
375
486
535
599
674
815
933
1022
1113
1129
1045
995
680
129
396
381
118
53
116
119
83
83
97
83
110
118
119
133
155
197
215
225
210
210
150
122
124
175
249
333
295
255
245
247
327
362
447
444
510
511
510
472
468
390
321
295
241
190
161
151
125
108
135
121
123
128
130
166
144
113
94
69
34
17
8
11
11
11
5
5
3
14
28
58
64
112
138
164
165
198
247
295
288
266
221
177
141
88
144
251
268
126
92
70
120
160
161
155
171
181
152
120
104
109
113
73
77
67
22
48
66
72
102
139
208
247
291
344
344
326
248
199
179
254
453
428
289
127
18
40
66
17
0
1
1
5
16
26
45
76
99
106
129
177
223
204
190
169
188
170
142
108
105
93
83
68
37
38
38
51
61
54
52
55
65
75
95
85
78
80
99
107
92
70
71
80
84
78
78
63
53
36
28
13
16
13
10
8
5
9
2
8
11
18
13
20
16
29
25
19
29
15
22
14
16
19
24
32
37
48
45
48
58
48
39
26
12
7
2
0
0
0
0
0
0
0
1
2
3
10
7
8
17
20
28
36
43
46
45
58
68
103
92
89
69
64
56
59
59
47
43
34
33
28
17
20
21
19
12
15
12
5
3
1
0
0
0
0
0
0
0
0
0
0
0
0
0
0
0
0
0
0
0
0
1
1
0
1
3
2
12
7
4
8
16
6
12
7
10
21
27
28
46
75
90
104
113
210
390
657
1021
1378
1742
2198
2435
2587
2668
2668
2585
2463
2368
2250
2085
1866
1555
1334
1141
1066
1118
1255
1310
1116
722
391
565
691
742
752
642
575
547
592
675
588
393
220
134
69
50
63
91
121
158
227
266
343
387
439
467
512
506
459
378
299
278
223
211
249
190
80
77
115
160
253
384
516
615
569
365
307
343
373
426
602
704
660
573
630
657
622
688
716
823
972
1036
993
885
693
644
821
941
1005
984
1061
1192
1200
1199
1132
1076
1079
1156
1216
1168
849
699
947
995
1158
1315
1174
1010
965
869
736
556
547
771
946
430
214
379
575
819
1152
1623
2206
2236
1403
1045
1393
1647
1727
1385
990
838
878
1133
1119
254
482
873
771
614
347
332
310
327
249
260
936
566
586
336
231
379
419
404
456
459
1222
849
243
362
594
677
529
371
295
214
142
68
89
274
431
388
311
260
219
118
96
145
195
154
147
124
113
123
147
364
476
402
252
164
138
103
32
27
7
12
14
15
23
33
66
96
124
142
128
124
108
121
111
79
43
31
33
72
95
101
98
95
102
127
130
79
35
22
24
17
32
44
18
6
73357
73208
0
0
0
0
0
0
0
0
0
0
0
0
0
0
0
0
0
0
0
0
0
0
0
0
0
