0
3
0
0
0
0
0
0
0
0
12
0
0
0
0
20149
918
874
1013
1253
1468
1624
1598
1451
1284
1202
1123
1172
1245
1424
1535
1687
1798
2048
2313
2547
2770
3132
3371
3782
4207
4464
4647
4792
4831
4919
5128
4925
4673
4796
4932
5007
4886
4718
4732
4693
4667
4649
4471
4249
4269
4376
4266
4014
3530
2923
2293
1635
1207
916
819
1111
1455
1781
1660
1924
1508
1934
1370
1485
1436
1403
1265
879
937
1090
1154
1291
1268
1005
822
676
609
543
440
387
450
512
677
716
709
707
699
781
913
1146
1195
1195
961
779
650
622
567
536
833
797
588
582
576
591
544
458
335
186
180
193
178
258
359
366
417
532
607
727
690
640
715
743
874
987
1077
1170
1304
1320
1436
1514
1535
1488
1401
1444
1522
1439
1166
998
1080
1333
1640
1892
2102
1399
1102
1138
1024
764
490
337
212
280
299
212
248
403
570
532
667
597
659
745
504
479
558
592
568
573
664
683
747
824
825
782
682
646
521
473
407
340
245
232
259
278
335
282
271
279
290
299
326
301
239
179
204
327
595
769
851
723
317
725
1513
1649
1188
643
476
628
581
280
86
63
188
325
457
500
387
255
558
552
64
562
642
478
111
72
111
94
68
70
74
64
41
54
91
132
143
99
78
85
145
285
378
488
509
563
534
490
406
292
224
133
93
82
82
78
115
157
194
200
253
342
395
536
738
991
1260
1426
1240
1078
1633
1987
1931
1853
1915
1879
1450
838
665
807
863
885
848
726
536
370
171
74
55
55
64
78
114
139
156
164
144
82
65
68
55
42
28
24
39
56
82
97
125
142
105
79
67
64
72
94
101
110
136
166
167
173
140
117
132
149
179
164
185
239
205
241
273
270
248
116
175
226
262
275
262
416
516
495
483
440
338
297
329
310
317
283
251
366
294
144
152
183
136
103
80
82
82
86
80
108
134
170
190
232
274
331
421
524
646
675
729
766
825
710
871
1380
1540
1369
1117
1471
1981
1139
509
721
957
1015
1107
1520
1656
1602
1494
1677
2749
3180
2777
1942
1510
1141
931
792
702
653
704
711
617
474
272
196
136
119
96
91
85
105
135
228
259
282
284
267
277
300
308
403
507
675
854
1102
1271
1446
1637
1813
1902
1941
1879
1754
1683
1705
1619
1501
1293
1142
1039
985
911
769
668
627
533
572
539
518
512
522
488
519
692
887
1176
1695
2092
2583
3227
4044
4881
4958
4699
4144
3655
2976
2465
1970
1463
1498
1497
1649
1584
1324
1045
921
635
410
611
777
802
876
911
852
656
479
500
398
324
666
172
119
85
61
40
54
72
139
222
234
227
244
289
284
212
133
181
370
396
424
382
346
270
145
85
59
35
33
49
60
90
106
111
120
145
217
215
121
75
48
34
21
8
8
14
25
46
99
138
139
90
43
33
17
24
41
43
30
10
8
7
26
65
86
88
84
79
65
45
45
56
50
66
101
146
189
220
228
199
175
102
48
22
19
20
15
16
16
53
97
88
77
87
81
50
32
14
2
2
0
0
0
6
11
9
16
7
1
2
6
2
2
5
1
9
9
14
15
19
15
11
9
14
13
11
15
10
14
15
17
36
40
33
26
29
25
20
12
6
0
3
9
8
7
8
19
17
15
7
2
3
2
4
8
12
14
15
14
17
12
18
21
18
17
15
8
4
5
6
17
64
134
238
355
433
602
877
1093
1229
1554
1689
1618
1429
1171
788
492
700
1159
1452
1463
1178
863
673
609
513
422
340
397
458
457
422
405
362
281
273
358
519
611
652
618
635
676
755
804
918
950
963
962
848
1088
1084
1042
925
877
779
660
671
491
508
406
278
291
591
665
1054
1765
1951
1512
700
702
822
696
631
517
567
648
766
853
1003
1165
1359
1449
1381
1346
1547
1533
1367
1209
1244
1248
1221
1199
793
611
719
356
454
522
523
450
427
475
624
805
973
1113
1070
1133
1166
1368
1236
939
921
878
717
565
431
351
417
482
493
466
310
186
123
130
188
214
158
103
61
74
52
20
7
39
101
133
154
189
228
279
299
340
319
338
318
299
510
783
976
1102
1109
1308
1277
1139
977
815
776
801
839
935
1122
1226
1242
1170
1175
1068
912
805
703
521
375
264
202
186
178
138
105
111
133
155
180
283
319
370
432
508
503
341
598
976
1608
2031
1857
1510
830
409
109
116
153
169
141
171
169
163
136
80
32
45
113
196
314
412
630
774
841
1013
1157
1260
1235
1190
932
636
422
412
695
821
830
668
357
577
550
636
580
497
287
494
563
795
857
851
748
384
253
369
466
449
403
368
358
313
259
234
204
198
188
192
167
129
113
87
94
109
115
71
59
50
44
16
14
28
27
43
64
75
85
119
137
138
159
205
242
214
231
231
248
377
491
614
521
502
557
438
780
1100
795
448
286
206
214
221
184
185
231
224
223
277
394
505
615
598
492
553
660
763
816
715
632
690
822
869
834
747
890
900
801
690
525
596
242
239
191
152
134
109
130
205
256
277
292
257
187
101
37
13
5
8
3
9
7
20
16
8
11
21
31
8
0
1
6
10
0
5
7
5
3
1
1
1
1
3
10
24
43
34
28
22
22
49
166
498
742
877
799
453
717
1142
1365
1379
1096
511
279
373
340
288
253
128
58
61
111
155
199
206
257
264
286
348
340
366
329
322
294
284
223
186
151
97
141
299
527
811
1039
1324
1462
1506
1579
1718
1670
1639
1504
1294
1110
634
1122
1597
2095
2832
3524
3491
2869
1594
1031
1109
1125
1047
880
653
445
355
278
199
123
160
202
235
161
92
65
137
214
155
110
87
107
124
117
115
123
142
155
145
161
183
218
253
310
310
268
199
176
143
132
124
180
412
682
853
1026
1079
1108
1041
1025
1011
824
632
536
566
832
1064
1088
1062
1012
964
922
893
950
1029
1118
1146
1272
1298
1052
775
907
1202
1402
1545
1540
1616
1479
1098
629
758
931
1087
1119
1138
1158
1073
910
797
799
842
943
1048
1103
1234
1265
1241
1182
1171
1201
908
905
800
778
795
788
694
499
406
298
248
296
228
181
134
116
144
165
181
253
331
393
762
394
396
324
276
199
148
103
62
72
47
34
40
28
6
1
0
11
15
0
0
4
4
0
0
0
0
0
0
0
0
7
6
1
1
2
5
9
4
0
0
0
0
0
0
0
0
1
0
0
0
0
0
0
0
0
0
1
0
0
0
0
0
0
0
0
0
0
0
0
0
0
0
0
0
0
0
0
0
0
0
0
3
0
6
25
147
282
611
886
1094
1270
1438
1540
1479
1248
1144
989
747
877
1126
1355
1582
1263
1321
1525
1548
1367
1115
884
567
618
630
771
1018
752
445
362
314
232
115
67
62
41
50
60
78
91
95
30
18
27
46
77
116
106
84
65
41
31
27
50
68
77
112
156
185
180
194
182
149
85
46
13
1
7
6
6
9
12
24
22
36
36
45
53
44
29
30
41
49
54
63
67
37
11
46
112
213
321
468
629
735
720
522
231
44
28
7
17
13
9
40
59
91
78
52
51
55
65
69
76
77
69
53
44
10
0
1
0
2
8
10
38
74
57
66
51
48
43
35
25
26
7
9
6
4
5
4
7
2
3
0
7
19
35
45
31
37
44
29
14
5
7
9
5
5
1
2
11
25
52
103
114
133
169
165
179
136
130
97
76
58
106
654
486
652
749
830
847
820
703
583
470
301
202
117
105
93
77
61
41
24
27
13
11
12
19
19
17
15
39
37
40
33
31
36
40
19
7
7
4
3
5
3
4
4
8
9
11
12
6
6
3
4
2
5
25
17
1
12
20
14
5
1
0
0
0
0
0
2
0
0
0
0
0
0
0
0
0
0
0
12
45
100
127
164
215
274
253
330
451
582
603
475
514
889
868
761
812
814
759
652
547
418
397
423
358
333
311
372
442
556
630
704
771
916
1072
1133
1080
869
765
779
797
852
726
550
324
176
230
497
658
779
871
927
965
963
944
921
844
802
707
530
366
202
127
60
45
176
319
375
360
334
308
265
198
170
150
150
122
106
70
62
41
38
31
24
54
169
239
308
335
353
344
312
370
490
755
1213
1555
1764
1845
1655
1661
1451
1338
1429
949
534
555
471
442
348
267
139
107
102
139
190
232
255
240
192
133
102
120
111
108
112
144
200
209
210
205
207
206
179
176
178
262
412
475
506
527
634
929
1183
1097
1137
1267
1654
1942
2021
1718
1488
1344
1116
843
820
1247
1511
1298
1351
1569
1934
1967
1925
1553
1156
920
1040
1107
1041
695
440
365
344
492
683
775
793
856
997
1113
1183
1037
983
889
816
855
729
559
305
227
355
447
497
508
432
401
372
370
336
140
61
187
205
223
345
401
386
398
373
335
359
444
483
458
383
313
237
205
190
196
152
156
298
497
813
1234
1502
1689
1840
1869
1384
1052
902
757
666
631
625
682
696
638
616
485
407
332
291
321
493
830
819
837
781
484
232
530
581
543
421
326
306
361
399
425
371
307
332
412
448
425
306
241
229
265
352
348
295
289
224
228
258
278
303
331
385
382
363
337
316
256
181
169
142
134
100
72
81
105
150
133
132
163
200
212
234
203
143
114
95
101
121
133
131
142
126
126
103
102
110
120
122
123
143
145
127
89
50
20
27
37
61
98
196
266
304
293
237
234
339
516
631
665
671
662
649
586
419
217
190
195
181
173
159
162
135
134
148
188
163
60
38
28
43
42
36
35
39
35
37
32
86
213
445
713
1002
1305
1348
1196
1040
934
773
589
479
396
343
251
194
175
154
173
239
298
369
394
427
436
475
461
505
433
446
450
531
545
584
633
646
689
661
569
488
336
226
136
77
18
15
21
7
9
9
12
120
66
45
53
104
123
106
95
81
81
75
104
131
149
138
134
120
79
54
36
24
22
19
6
6
4
0
0
0
0
0
1
8
54
328
655
1003
1416
1562
1380
1153
1023
1010
1256
1530
1723
1949
1731
1222
493
620
773
747
582
391
309
354
349
334
394
329
230
159
126
153
161
156
105
55
37
24
5
0
2
11
17
14
11
24
10
14
12
9
6
0
0
0
3
1
9
18
15
9
3
2
6
15
30
40
29
41
50
83
79
56
17
10
9
6
11
8
11
19
20
12
12
4
1
0
4
8
12
10
2
4
5
44
156
758
1411
1796
2245
2518
2526
2433
2486
2291
1981
1640
1455
1372
1252
1069
1214
1387
1634
1964
2329
2474
2412
2333
2119
1917
1711
1450
1321
1184
1281
1092
1106
1121
1001
851
575
713
757
705
615
569
547
495
400
444
572
199
343
463
507
580
675
816
886
911
1156
1323
1328
1152
1053
1064
1099
1071
936
685
402
254
274
345
420
474
504
432
292
329
683
759
705
624
790
1040
1256
1405
1618
1780
1798
2093
2308
2502
2822
2688
2484
2185
2026
2081
2847
3487
3904
3968
3405
2544
1739
1397
1505
1767
1900
1819
1725
1642
1687
1726
1728
1688
1684
1658
1592
1473
1368
1217
1038
878
793
717
628
599
564
629
901
1069
1056
771
712
474
446
501
483
401
271
161
158
196
271
316
365
320
285
264
271
243
225
294
258
297
342
272
253
249
141
139
172
178
216
197
168
115
72
71
84
65
61
57
61
85
75
59
27
20
33
74
116
165
153
120
92
142
187
227
297
382
400
423
576
701
687
596
587
462
244
190
314
358
361
339
367
393
404
418
482
674
1048
1406
1587
1623
1534
1469
1403
1255
1129
1014
705
457
334
240
185
120
101
131
142
83
81
225
405
632
925
1168
1483
1779
1996
2111
2220
2303
2304
2158
1902
1558
1234
1010
645
336
238
191
148
203
442
676
466
179
291
293
219
207
184
147
126
88
49
50
77
90
84
59
29
49
120
281
432
523
608
729
921
961
1065
1014
1016
969
882
824
1152
1534
1771
1383
959
697
471
337
176
105
67
47
69
94
80
106
177
178
150
137
135
105
184
417
660
782
913
933
794
588
462
452
327
292
324
342
447
482
510
479
495
526
438
269
571
916
1057
1084
814
1321
1941
2244
2280
2118
2403
2445
2220
1929
1711
1345
1497
1564
1238
1267
1163
1084
1062
1048
1049
1243
1214
1118
1037
619
504
521
411
368
318
310
255
224
69
19
59
218
76
35
25
35
31
28
7
9
2
14
13
16
43
84
174
216
263
310
346
363
291
222
170
165
151
148
92
61
64
56
34
17
21
71
100
161
233
456
373
56
12
3
2
0
0
0
0
9
17
13
16
3
6
0
6
30
32
3
0
2
12
7
8
4
4
0
0
0
2
12
8
27
27
25
17
14
18
26
60
75
78
61
69
77
73
83
73
76
83
87
89
74
65
54
45
35
4
5
7
18
35
38
36
107
198
271
233
117
92
70
62
84
71
29
36
34
48
50
21
18
17
43
68
205
453
613
723
804
745
650
549
393
403
394
329
378
360
327
296
217
140
97
92
124
139
139
115
120
133
163
340
599
844
1036
977
979
968
888
841
790
743
614
798
994
1031
1088
1157
1092
901
776
708
571
485
393
357
385
535
656
715
877
940
948
727
542
485
505
517
500
418
365
360
319
224
188
148
99
58
42
31
21
11
14
25
16
35
42
34
14
13
23
30
22
28
18
19
21
5
0
0
0
0
0
0
0
1
1
1
6
4
2
6
9
0
0
0
0
1
1
0
0
0
0
0
0
0
0
1
2
1
2
0
4
0
6
11
12
6
7
10
10
5
1
2
1
1
4
1
5
12
24
108
350
502
515
382
235
213
355
606
878
989
971
750
476
271
137
68
45
42
53
54
49
38
29
26
15
24
44
44
35
52
93
133
163
195
215
233
268
284
293
284
277
267
251
254
258
229
208
189
154
161
187
219
277
406
620
732
705
726
879
961
1013
878
630
466
282
180
277
323
263
181
80
19
12
40
72
53
32
91
196
242
255
236
249
297
452
487
555
598
615
537
389
212
62
8
108
212
273
293
281
274
336
437
512
665
832
959
1055
1098
1205
1382
1668
1856
1868
1629
1230
779
568
569
486
378
301
268
202
153
85
63
53
83
212
396
485
517
437
307
197
95
54
59
110
188
213
158
83
23
11
33
32
28
15
6
12
35
51
60
39
23
28
47
125
160
75
41
54
76
79
50
24
18
19
28
40
38
74
110
96
80
77
44
28
12
11
10
8
0
0
4
33
47
50
27
15
24
143
380
590
996
1701
2201
2634
2839
2622
2198
1763
1633
1911
2261
2245
2164
2180
2477
3452
4631
5393
5901
5999
5782
5151
4266
3127
2056
1162
554
221
138
299
469
709
1101
2348
2545
3361
3734
3730
3532
2914
2771
2502
1902
1156
550
818
1633
2311
2903
3539
4294
4386
4359
3818
2733
1514
546
293
588
1081
1571
2046
2500
2824
2956
3024
3051
3028
3036
2960
2769
2549
2069
1587
1047
640
402
263
204
112
97
104
121
163
171
119
88
46
63
137
168
164
86
123
169
240
228
205
276
444
637
872
1023
1188
1338
1439
1526
1633
1566
1370
1121
944
729
539
434
378
330
373
330
298
227
208
185
210
324
375
398
408
437
440
505
482
451
468
358
276
194
136
81
63
39
22
17
13
38
20
25
44
56
61
48
31
18
9
2
13
84
216
248
315
281
235
165
152
75
40
54
190
323
235
66
170
230
221
111
45
69
91
52
53
40
43
54
62
62
70
51
50
85
70
43
23
21
21
13
23
23
18
16
14
9
5
6
10
4
5
9
2
10
24
65
42
14
22
29
30
23
37
34
34
48
39
60
116
322
303
285
336
250
237
300
347
378
373
398
394
467
601
753
902
1217
1515
1706
1528
1235
1134
994
1645
2044
2104
1716
1145
624
577
524
405
457
487
373
350
369
363
325
201
127
73
61
94
125
132
174
150
119
93
89
77
45
26
31
54
93
137
141
147
128
139
133
114
67
52
57
44
44
20
16
14
29
20
12
9
16
15
16
17
8
16
39
88
141
205
311
468
813
1163
1369
1441
1348
1111
710
1251
1580
1896
1960
1763
1285
1018
1020
840
718
565
454
384
266
138
85
100
452
842
1090
1223
1164
1017
864
600
182
190
521
587
541
429
239
41
0
15
11
0
0
0
9
6
4
2
27
16
6
0
1
1
4
8
16
17
4
25
145
450
674
768
948
1279
1333
1198
1109
1156
1167
1324
1355
1327
1182
1051
721
678
752
825
768
709
749
594
278
212
301
345
281
169
117
92
80
85
64
44
36
61
170
346
604
775
942
1110
1342
1555
1740
1865
1879
1545
1260
989
848
845
810
635
617
632
582
320
481
737
861
805
539
288
198
170
168
141
127
92
125
474
941
1298
1810
1808
1831
1721
1382
1040
888
849
1119
1278
1280
805
668
704
777
699
631
768
892
1144
1444
1590
1435
1260
1061
861
833
705
1135
1310
1253
1030
597
360
298
213
51
35
56
83
120
128
115
140
231
301
350
379
384
359
332
287
215
132
71
32
3
4
0
3
8
5
0
6
10
14
13
15
19
29
32
27
22
9
3
2
4
2
7
20
66
335
980
2978
2248
2514
2674
2475
2461
2462
2276
2166
2010
1944
2029
2409
2680
2575
2714
2960
2986
2840
2637
2589
2571
2736
3064
3539
3940
3933
3947
3849
3878
3444
2978
2374
2151
2117
2109
1744
1419
1032
750
654
714
795
918
1005
1212
1700
2291
2598
2801
2902
2193
1804
1718
1685
1738
1999
2070
2213
2387
2433
2392
2080
1650
1266
972
624
527
659
656
426
306
446
713
901
1029
1081
1158
1203
1193
1245
1277
1298
1291
1172
1021
487
648
1380
2024
2353
2220
1989
1436
1064
623
480
530
483
420
312
248
265
282
351
362
320
268
165
85
70
93
122
151
102
153
246
281
233
210
237
282
338
357
402
492
503
551
609
609
614
677
690
710
744
696
670
689
744
894
980
1020
996
955
884
638
334
94
68
94
92
109
110
428
1023
1453
1530
1195
822
498
384
532
887
1153
1370
1521
1476
1357
1091
631
345
413
699
1010
1181
935
689
572
758
856
648
443
395
368
397
390
353
349
315
272
234
220
147
110
105
76
77
113
128
107
50
0
119
239
442
614
772
908
871
738
1115
1515
1637
1637
1420
1188
1064
749
607
495
688
856
956
929
996
866
853
781
775
903
1441
2250
2094
803
516
242
295
260
57
40
139
291
589
970
1244
1395
1500
1527
1484
1293
1046
873
683
512
238
306
591
736
1015
1489
2093
2644
2436
1127
708
669
499
437
378
308
283
269
258
294
393
405
293
255
209
168
86
73
73
123
183
237
241
262
274
255
178
97
42
15
5
3
1
2
3
8
8
61
219
453
697
869
974
1032
1067
1064
914
555
219
336
547
833
1124
1216
1074
1173
1056
838
536
292
294
395
455
463
426
429
457
477
469
447
417
358
320
307
272
232
244
213
293
334
211
255
300
243
99
33
34
47
40
19
6
1
25
126
249
307
378
378
377
344
313
224
130
257
426
509
415
368
319
329
647
715
306
289
259
292
294
105
62
162
138
150
212
300
394
534
565
595
621
608
492
406
342
253
170
134
134
129
128
120
92
76
61
30
7
0
4
5
9
6
3
11
9
13
22
12
5
0
10
9
11
65
304
625
1125
1692
1887
1790
1823
1661
1533
1072
682
973
1354
1625
1970
1943
2051
1793
1444
1262
1078
1005
818
609
628
572
504
492
426
373
365
266
228
252
277
239
391
598
808
977
898
913
812
638
576
664
732
753
642
705
814
1076
1267
1304
1412
1480
1539
1435
1231
1131
1080
1127
1158
1197
1062
1045
816
587
475
427
686
1088
1120
1080
1035
508
273
392
354
307
295
285
214
222
199
172
118
116
105
140
137
109
211
257
521
636
581
628
544
395
274
136
98
68
41
48
153
437
653
691
790
696
657
764
751
629
467
397
566
769
874
1105
1203
1199
1404
1338
1131
883
698
664
406
157
229
382
481
662
736
800
805
769
863
1070
1241
1127
906
481
443
835
1156
1398
1418
1291
1111
1113
936
806
768
726
718
867
1070
1265
1368
1314
1150
1443
1820
1901
1662
1270
794
676
996
1365
1552
1553
1372
1269
1149
1290
1121
976
847
814
818
788
697
712
698
834
973
1079
655
602
344
367
586
700
834
1077
1396
1352
1334
1051
970
1081
1077
1132
1068
885
743
674
731
1010
1282
1549
1896
2488
3231
3473
2557
2262
1988
1395
1630
1791
1757
1689
1490
1226
946
626
414
348
325
279
244
220
191
100
112
328
593
854
1020
1287
1693
2201
2287
2415
2068
1221
415
423
455
357
255
216
225
297
312
341
341
362
363
351
328
258
205
164
89
37
8
10
57
195
420
710
723
792
928
869
703
753
941
1045
972
800
495
298
229
133
66
74
83
91
214
441
757
1051
1319
1481
1410
1268
1037
852
610
413
271
153
76
62
60
110
129
110
68
60
94
83
106
112
99
97
100
90
137
216
316
354
336
286
259
205
118
101
156
246
369
474
699
1125
1834
2709
3605
4100
3780
3691
3650
3315
2782
2749
3025
2646
1548
734
581
433
683
904
1015
885
466
342
344
454
568
763
801
725
622
578
637
674
562
422
500
586
681
659
519
343
214
128
42
123
190
182
112
39
29
58
40
49
42
49
27
36
16
63
103
162
124
69
47
9
41
83
110
122
176
286
405
324
199
85
54
74
103
153
128
126
106
99
122
167
170
555
902
1263
1113
780
572
567
532
458
443
479
501
530
530
516
489
431
275
172
228
260
335
310
326
402
438
472
487
499
527
722
914
1073
1064
970
798
819
798
683
587
516
418
335
253
189
127
102
95
73
59
80
115
122
132
131
146
131
158
192
248
303
305
301
303
264
167
77
31
15
20
34
10
34
45
36
8
12
66
79
111
109
132
136
128
102
107
147
160
176
160
156
151
162
150
136
114
108
159
159
144
93
38
29
33
17
51
103
132
234
421
483
600
659
552
428
732
968
1084
1036
973
678
496
230
170
132
385
520
593
697
730
725
559
362
472
531
396
220
66
65
39
32
54
87
109
128
146
185
298
254
294
353
423
455
481
512
502
502
441
357
375
442
510
528
461
550
526
583
623
633
520
576
515
435
426
337
214
157
121
103
156
156
148
146
123
128
148
153
147
137
146
116
108
90
95
76
72
76
79
63
50
50
27
36
25
22
20
40
56
68
75
64
103
130
135
142
115
122
108
84
57
21
4
2
13
13
9
10
10
4
9
12
29
39
61
88
145
162
183
165
159
121
79
55
34
30
34
32
52
85
121
106
74
54
37
44
37
36
26
41
67
86
49
39
36
25
27
34
32
29
26
23
29
44
93
211
328
525
765
974
975
985
1239
1146
814
530
339
239
152
108
95
124
117
64
48
45
44
38
34
20
25
11
12
10
7
5
6
12
9
17
23
13
13
4
0
0
0
2
4
8
7
2
7
5
3
6
0
2
1
25
88
146
155
161
157
136
116
94
77
69
107
135
182
199
225
248
370
492
569
532
469
415
365
330
282
257
222
189
104
50
1
4
38
110
170
191
199
168
130
320
552
713
774
721
658
536
428
247
157
242
318
376
368
397
399
352
315
240
188
116
82
49
35
61
95
136
179
228
230
226
164
123
78
54
33
30
33
32
18
20
21
44
104
162
301
475
547
586
585
473
497
602
549
409
418
507
546
499
420
275
219
206
234
269
313
337
371
368
404
390
340
234
128
74
62
81
83
60
34
10
2
3
15
43
53
41
25
14
6
4
0
2
0
7
4
4
20
101
158
194
195
178
147
100
49
32
16
6
0
0
0
0
0
1
1
0
0
1
22
51
31
14
28
40
7
0
0
0
1
1
0
0
0
0
0
0
0
0
0
1
2
5
7
2
2
4
5
6
1
3
3
2
3
1
1
0
2
6
64
81
72
54
343
722
1273
1698
1942
1720
1618
1692
1499
1147
975
744
662
695
972
1394
1637
1765
1788
1678
1370
1027
760
623
619
663
570
451
307
180
176
147
190
198
212
205
199
163
176
183
152
128
104
110
128
149
208
313
582
872
1156
1047
882
569
547
725
970
1058
917
771
785
684
853
882
950
657
216
186
135
130
136
108
59
47
63
90
66
41
17
5
1
4
9
26
15
19
52
95
100
99
111
116
108
111
115
123
142
180
274
308
346
353
367
410
397
445
502
450
401
346
335
358
380
375
308
195
1005
836
797
776
944
1208
1493
1687
1834
1863
1941
1939
1932
1739
1475
1053
649
424
329
222
203
216
237
227
175
102
69
37
53
99
92
92
66
21
1
50
111
149
25
68
79
108
100
21
33
190
265
298
366
463
573
768
1171
1671
2037
2350
2553
2657
2773
2731
2891
3091
3401
3638
3636
3037
2449
2227
2043
1834
1302
1344
1242
1244
1330
1408
1292
1134
1158
826
382
393
602
724
832
849
794
793
746
802
891
884
836
823
867
823
798
727
687
686
626
691
643
567
532
629
576
619
722
592
434
406
383
366
360
324
254
118
28
5
7
15
14
18
29
44
43
55
76
153
228
358
488
553
544
382
183
52
60
142
281
343
302
303
431
812
319
134
44
14
10
23
44
100
136
205
322
476
622
763
837
1033
1015
800
738
638
524
272
403
649
777
929
979
1014
1053
1082
1120
1042
750
682
670
655
702
628
567
463
413
379
308
235
152
74
20
0
1
3
2
8
13
7
12
11
24
30
31
16
35
8
2
1
4
1
2
3
0
4
5
19
89
227
345
456
538
567
537
471
449
419
370
313
189
105
50
31
26
14
6
5
1
0
0
0
0
0
0
0
0
0
0
0
2
6
11
17
11
8
7
32
52
53
76
76
70
77
103
118
120
204
221
297
321
341
321
298
307
258
190
152
161
128
93
59
38
43
60
77
91
87
60
87
90
143
266
413
476
590
634
648
635
610
582
563
468
408
323
235
136
109
131
146
148
138
148
173
147
90
109
77
27
8
32
87
121
130
157
209
260
274
305
311
314
276
263
240
247
202
173
167
161
173
194
213
184
181
177
134
102
230
243
167
56
26
55
73
137
199
243
247
251
201
148
81
79
131
170
201
237
262
250
274
238
173
102
58
33
11
6
3
2
19
13
7
12
32
3
16
28
26
11
7
25
11
46
92
182
226
245
195
164
192
222
203
231
263
282
319
356
406
442
458
529
567
651
767
959
1078
1247
1356
1592
1556
1618
1727
1583
1501
1313
1026
977
837
619
339
167
233
314
285
258
246
272
260
285
297
275
272
279
253
226
237
208
173
173
155
129
101
118
148
154
151
121
165
175
178
190
180
142
103
88
37
15
14
15
53
76
73
87
87
58
52
34
13
6
14
17
11
7
0
9
17
10
7
6
12
23
50
79
130
192
239
311
439
574
597
936
817
792
940
1276
1447
1651
1763
1689
1600
1365
942
897
882
863
939
1114
1114
933
649
342
134
148
136
115
85
55
32
16
8
10
11
25
9
2
2
0
2
15
40
74
89
95
128
130
132
163
195
258
262
237
170
111
101
89
217
361
461
559
635
620
462
431
534
520
382
246
160
122
78
55
46
112
158
216
258
269
261
232
193
134
93
64
41
44
35
29
30
29
45
75
93
119
162
166
181
186
187
219
366
521
593
612
578
516
342
205
52
210
402
478
342
244
198
233
357
375
265
192
152
159
299
366
309
287
467
499
561
472
272
345
522
648
671
656
565
473
324
285
319
374
402
461
546
578
703
876
941
763
515
245
28
18
153
345
528
603
585
579
555
415
319
458
462
527
652
956
977
995
1012
1043
1006
1050
1037
963
882
944
887
780
668
503
326
234
227
288
267
191
124
71
83
129
199
264
297
359
330
400
470
476
367
322
316
258
209
173
143
157
168
216
289
310
259
195
149
117
92
48
17
9
0
0
8
33
31
37
111
200
319
433
553
574
554
463
405
457
615
662
639
637
682
668
640
574
459
301
124
73
79
153
309
482
587
618
579
488
323
120
27
14
14
5
0
2
2
0
0
0
0
0
0
7
6
4
4
0
0
16
17
7
5
19
36
41
63
51
23
1
0
0
0
0
0
0
17
26
22
27
89
347
697
900
1026
1019
922
769
528
193
700
1170
1592
1746
1525
808
445
565
615
725
852
1032
1260
1431
1472
1442
1370
1254
1064
855
580
295
868
1428
2065
2313
2225
1668
859
458
232
226
194
160
124
96
72
82
134
200
336
420
389
274
628
982
1155
1369
1552
1654
1626
1479
1300
1073
894
703
498
306
172
132
154
357
607
609
497
283
176
154
147
140
105
75
52
181
529
922
1457
1928
2224
1900
1327
835
516
188
162
304
535
760
1069
1263
1340
1398
1414
1432
1348
1253
913
765
531
387
360
392
555
823
1037
1380
1477
1111
871
939
1037
990
777
684
592
459
336
350
402
429
464
515
532
540
499
418
338
261
241
227
231
280
397
571
723
810
918
948
850
640
360
267
654
1038
1193
1013
684
603
365
246
200
218
212
201
260
253
259
283
259
312
366
412
479
547
578
553
593
678
864
1014
992
1009
862
564
226
430
768
982
1117
991
670
494
465
519
521
482
373
232
100
34
22
28
75
346
365
537
663
760
830
878
978
1112
1190
1208
1098
1001
796
373
405
480
910
1238
1086
598
380
486
528
391
363
372
320
274
264
251
287
321
412
577
679
632
625
639
705
782
756
742
639
408
363
364
286
245
156
84
49
33
31
29
44
54
44
40
37
39
114
333
578
899
1136
1127
858
532
254
121
74
57
125
386
714
1553
2181
2176
1785
1769
1573
1163
890
687
488
396
350
300
206
171
106
68
47
16
17
4
10
21
30
19
33
17
9
27
249
619
915
1192
1370
1531
1649
1274
876
983
1211
1631
2255
2492
2654
2069
913
1017
1127
1020
673
407
315
288
247
183
165
174
177
160
95
73
56
48
19
22
25
20
13
26
32
19
39
76
82
81
98
111
175
310
389
461
535
592
637
628
748
884
902
1081
1292
1183
760
559
822
922
1012
904
718
707
714
623
470
294
174
82
53
34
14
22
44
52
88
167
212
196
131
83
68
93
202
383
612
721
784
775
1028
1301
1538
1492
1282
1072
762
518
497
532
527
430
349
319
410
353
110
57
65
85
119
190
225
298
397
488
544
585
522
497
482
483
464
404
343
248
205
487
679
838
910
908
953
888
815
623
368
258
263
277
344
409
465
494
591
681
735
767
797
786
724
654
691
780
766
777
749
1138
1280
1085
1268
1780
2244
2352
1801
1844
2176
2121
1971
1650
1359
1234
1387
1842
2704
2787
2210
2670
2718
2225
1705
1381
1177
1082
1115
1096
1330
1674
1848
2154
1691
914
712
700
554
480
264
214
238
150
178
252
255
344
454
382
202
74
97
185
243
244
252
271
185
55
9
40
40
39
53
66
52
77
84
77
41
1
1
24
173
243
189
65
6
21
25
16
54
41
19
20
30
21
2
3
1
2
4
27
21
3
0
13
16
0
0
10
13
17
37
28
41
190
342
378
346
265
171
87
75
103
139
147
125
79
59
67
78
66
52
26
6
8
2
6
2
0
0
0
0
0
0
1
0
0
0
7
10
13
42
28
47
48
46
31
19
15
5
3
13
27
8
5
9
18
27
24
116
330
528
690
724
644
635
652
648
831
1038
1203
1385
1643
1838
2013
2063
2124
2135
5215
2790
3450
3802
3822
3551
2993
2455
1907
1528
1421
1500
1504
1431
1178
957
713
682
1158
1547
1730
1993
1790
1958
2369
1149
1292
1846
906
929
802
632
1118
1392
2427
2883
2976
3010
3523
4201
5760
6394
6245
5658
4684
3073
2137
2687
3110
2931
2625
2159
3346
2113
2600
3215
3618
3736
3420
3056
2484
1609
1124
783
583
641
956
1196
1092
993
998
1048
951
918
866
750
584
470
478
403
441
290
187
213
183
242
265
152
197
196
213
184
151
121
120
120
108
76
51
54
67
51
33
17
24
79
94
91
79
90
174
233
390
570
781
1020
1233
1371
1376
1360
1239
1001
779
601
450
352
379
446
461
456
376
231
142
146
177
188
164
174
143
124
131
96
82
94
97
84
80
120
114
109
91
53
43
37
34
28
19
12
18
30
35
56
82
87
93
116
118
122
102
92
80
65
51
33
37
33
45
45
29
32
29
25
32
46
70
108
89
86
97
96
71
49
77
73
54
55
116
211
242
219
167
144
153
178
193
189
205
272
311
229
279
373
205
152
333
445
496
451
394
303
226
172
195
300
504
482
392
362
296
227
188
145
225
304
316
273
283
407
466
567
581
598
667
737
783
730
624
598
582
522
501
420
382
285
224
185
150
120
134
110
117
111
129
134
168
151
74
68
108
121
174
198
212
199
184
126
43
32
44
86
171
282
333
340
242
179
130
99
112
89
91
109
101
81
88
222
114
121
140
113
87
87
105
87
74
101
68
56
60
69
101
125
109
111
99
80
52
31
28
18
20
50
126
250
495
711
798
989
1185
1321
1463
2006
2381
2327
2243
1530
730
500
807
1058
1063
1008
1011
1026
860
536
398
663
633
521
694
1036
1312
1408
1582
1565
1602
1812
2063
2067
1920
1661
1469
1295
1026
840
664
466
376
360
327
255
224
339
532
609
420
439
992
1311
1616
1752
1707
1319
1061
752
620
514
419
350
260
215
158
108
94
72
71
64
69
87
85
73
53
38
37
82
113
127
107
75
37
19
15
25
20
28
49
125
171
251
532
674
768
1135
1336
1270
1011
727
438
571
593
762
891
1088
1172
1175
1182
1090
1075
1036
962
882
729
383
649
1123
1717
2259
2579
2305
1824
1386
1034
808
727
809
879
854
702
608
583
721
839
1113
1013
1235
1270
1564
1891
2345
2615
2604
2465
2120
1861
1976
2269
2579
2700
2646
2353
1888
1353
974
819
705
613
547
432
346
218
202
377
504
544
532
456
348
412
448
465
499
532
541
603
694
881
1076
1176
1207
1126
1074
1017
920
854
859
912
917
785
731
559
829
838
860
734
325
117
282
404
499
591
652
716
700
685
664
481
394
533
611
351
425
493
523
507
518
557
546
527
541
519
437
640
413
408
492
510
532
547
550
503
432
369
305
344
459
497
529
536
565
614
646
686
764
749
750
667
562
511
425
344
241
289
396
444
413
383
349
334
362
392
410
453
505
553
518
465
353
325
350
448
461
256
205
274
272
207
206
240
317
400
414
441
650
823
779
585
465
355
304
316
277
145
123
112
104
139
119
68
70
107
149
187
223
216
182
203
194
217
191
116
124
138
111
120
90
89
92
73
122
302
552
763
873
762
573
565
578
546
439
469
432
394
402
306
318
398
472
426
374
352
235
116
64
39
68
51
88
131
235
262
213
157
101
101
147
178
186
152
77
58
16
11
28
33
26
42
28
6
5
5
4
2
10
6
16
26
19
17
10
14
12
11
6
6
58
73
31
37
62
38
43
56
56
94
198
328
319
350
291
28
77
221
147
82
63
22
14
14
39
58
44
39
48
18
33
124
236
257
262
338
430
393
362
345
242
141
177
279
331
305
173
75
76
158
146
156
201
204
171
115
76
22
7
1
6
16
29
54
65
129
202
424
658
920
1115
1181
1153
974
572
402
1020
1327
1476
1493
1449
1198
911
277
270
530
661
595
477
436
364
468
607
731
843
943
929
1005
1055
1069
1210
1525
1717
1740
1544
1118
1048
848
477
447
415
623
912
945
1108
1133
1192
1198
1191
1212
1215
1159
1168
1142
1163
1125
1127
1036
1001
823
585
1365
2076
2480
2661
2288
1361
1521
1307
1199
765
1122
1570
1662
1287
1813
1365
891
838
809
737
747
726
540
458
396
431
626
878
1120
1251
1295
1422
1533
1568
2085
2861
3182
3043
1918
655
664
778
812
849
858
968
1063
1183
1070
994
939
972
864
660
455
170
93
50
100
391
865
1281
1647
2087
2368
2587
2530
2667
2692
2487
2251
2844
3146
3434
3557
3533
3240
2596
1984
1533
1292
1465
1927
2438
2800
3064
3551
3785
3542
3081
2402
1677
1106
2100
2666
3314
4075
3813
3537
2672
1494
1667
1193
1388
1444
1332
1230
1122
1081
1036
1020
941
772
561
331
209
188
246
175
245
397
481
478
423
292
217
194
221
264
253
169
81
67
88
71
103
124
143
238
425
561
510
425
328
205
95
129
175
268
370
413
542
694
612
337
85
81
98
101
240
310
189
212
225
232
215
308
501
629
877
1005
999
921
905
1008
1313
1488
1494
1132
652
369
368
388
429
353
277
197
246
276
231
172
170
276
327
356
494
750
982
653
617
521
456
425
352
267
166
342
121
138
109
70
37
17
23
15
21
20
14
8
4
5
19
55
98
159
213
248
291
281
284
315
344
261
157
119
63
80
78
187
210
147
47
76
134
88
41
18
15
11
13
21
14
16
35
113
182
159
153
156
189
195
224
199
205
168
195
179
68
22
14
57
71
30
8
4
25
59
25
100
176
148
78
20
33
141
318
448
426
282
110
57
46
123
200
283
278
174
111
134
42
8
84
44
1
79
283
49
27
143
55
45
14
91
134
112
152
226
323
360
364
337
299
210
196
224
280
234
138
97
79
136
308
533
730
856
1053
1090
1056
868
748
624
509
440
349
288
185
150
148
137
113
40
12
9
14
23
21
24
21
17
23
30
21
14
15
10
21
82
175
340
486
605
651
598
499
400
248
119
78
89
114
137
139
129
131
137
121
92
55
28
34
104
215
402
629
752
843
896
864
876
730
429
124
85
264
443
425
259
186
201
232
250
303
354
360
336
279
210
198
134
42
25
37
98
150
102
73
69
86
97
104
54
19
11
13
45
75
109
115
114
86
56
67
64
87
161
404
715
926
1087
1246
1409
1395
1350
1197
948
681
443
603
478
126
157
157
188
322
629
1061
1297
1250
1073
820
576
322
309
467
646
837
1041
1261
1435
1514
1597
1781
1917
2009
2063
2233
2610
2906
2986
3121
3150
3211
3281
3618
4039
4689
4852
4529
4288
3611
3012
2744
2558
2438
2305
2157
2000
1900
1654
1484
1343
1333
1493
1663
1752
1631
1471
1318
1158
1069
996
1111
1222
1202
1001
867
735
700
597
764
945
1042
1241
1409
1791
1557
773
611
388
238
385
787
851
845
403
228
207
235
297
390
551
636
646
657
584
527
465
417
422
436
420
441
439
516
631
814
960
962
843
672
438
381
350
373
316
238
172
127
285
456
550
633
607
631
728
724
780
814
704
583
473
335
249
182
177
204
154
219
424
618
764
826
812
663
521
391
322
310
321
309
301
315
288
268
222
220
241
254
245
229
213
160
143
201
252
255
323
393
469
493
449
375
263
176
186
320
398
496
551
527
439
318
132
69
73
58
60
71
139
222
287
304
240
309
244
182
125
96
94
85
56
39
22
19
28
36
32
52
136
251
325
514
731
835
822
791
837
741
680
557
591
524
449
485
625
694
733
617
429
358
247
169
99
151
266
344
393
331
231
178
106
130
178
223
252
264
535
150
70
6
8
55
114
168
208
220
238
233
233
223
169
116
32
105
300
358
430
906
867
656
802
1116
1495
1264
1204
1124
1006
826
733
774
927
993
843
795
690
557
454
332
344
576
921
1099
1239
1249
1337
1605
1780
1792
1508
1243
913
572
335
215
312
414
453
396
303
217
127
108
118
129
118
107
108
83
79
53
43
33
16
13
3
4
2
0
1
2
2
5
2
23
46
189
499
884
1033
1046
1006
974
1268
1513
1450
872
789
1189
1299
1115
1052
1235
1426
1450
658
786
1291
1449
1034
649
1261
1376
732
780
1012
735
667
1298
1561
895
443
675
725
693
661
586
520
424
382
350
329
271
247
218
161
125
83
109
133
192
266
265
241
219
181
113
87
43
25
3
43
94
123
134
115
79
68
63
62
47
65
66
38
33
30
47
40
39
35
35
29
36
79
63
29
8
3
2
3
3
2
4
4
4
5
12
10
9
6
24
50
42
25
27
14
8
1
8
22
79
65
43
52
67
43
1
0
7
0
1
5
9
24
34
43
80
119
155
229
324
454
503
434
426
344
230
148
97
52
74
99
103
97
48
49
45
48
40
32
5
0
11
0
5
11
18
11
1
3
24
27
23
18
54
84
54
25
23
14
0
1
0
1
2
0
0
0
0
0
0
0
0
1
6
10
2
2
2
2
0
0
0
0
9
29
26
27
24
32
23
11
21
19
4
1
3
5
4
1
0
0
2
8
15
18
22
6
2
0
0
5
9
5
38
156
205
204
169
31
5
25
73
73
26
200
478
615
554
407
268
195
110
84
81
63
91
190
508
795
833
706
545
382
291
219
45
3
129
314
498
473
405
309
301
557
614
569
563
480
309
164
89
56
48
32
20
32
87
190
290
268
152
102
61
37
12
4
0
0
7
8
61
150
211
206
146
56
12
17
1
15
7
9
14
53
97
104
87
64
81
96
154
178
177
131
93
51
54
61
48
37
44
46
57
97
152
182
172
164
163
144
117
76
46
21
4
9
2
5
16
73
250
517
974
1583
2187
2721
3000
3012
2787
2537
2221
1996
1914
1973
2159
2163
2122
1897
1247
533
583
694
466
511
579
468
324
214
134
120
152
142
259
599
661
533
517
465
493
530
440
279
225
180
190
132
65
46
118
88
31
36
85
80
42
0
18
43
48
27
4
10
45
48
49
197
85
34
5
4
4
2
4
7
5
3
8
14
29
43
44
40
22
7
4
1
1
0
0
0
0
0
0
0
0
0
4
4
0
0
0
0
0
0
0
0
0
0
0
0
1
12
25
46
94
177
277
349
416
460
399
285
221
210
209
189
169
141
73
52
77
58
49
74
123
153
174
164
126
83
52
39
46
48
45
51
50
66
57
48
44
15
1
0
0
0
0
0
0
1
5
59
537
979
372
3
0
0
217
525
46
16
7
12
1
0
0
0
0
2
19
34
21
2
0
0
0
0
0
1
21
60
107
144
139
115
59
14
30
82
96
44
13
107
323
356
155
66
85
65
13
0
22
34
5
1
7
40
145
349
494
519
426
220
120
74
92
88
104
84
96
153
173
142
102
50
20
0
6
18
231
552
589
704
837
1073
1055
1257
1443
1429
1368
1097
725
874
996
863
928
852
922
1149
1325
1256
1090
924
955
1310
1561
1584
1415
1187
1039
770
480
376
312
291
268
297
394
457
487
440
414
406
381
334
307
377
389
320
255
249
179
80
110
87
26
18
43
83
123
153
191
234
217
255
301
341
369
516
565
539
506
404
398
457
552
572
521
465
455
447
348
191
69
89
120
124
85
80
82
99
90
113
150
173
174
145
124
123
111
105
105
101
91
86
94
103
135
190
201
176
159
179
148
133
92
36
9
4
25
88
179
333
347
199
38
145
257
298
272
173
91
63
56
36
9
12
52
108
134
139
120
98
108
256
320
233
187
175
188
153
102
20
20
83
110
120
127
144
183
164
176
131
93
86
142
180
171
153
123
104
110
85
66
64
51
40
52
61
107
137
138
142
122
101
69
65
52
64
77
86
113
125
122
107
44
6
1
14
26
35
33
40
37
48
47
53
54
37
27
25
23
21
15
1
0
0
1
77
143
152
141
137
145
153
143
100
53
35
27
17
16
16
9
12
8
2
1
2
0
2
9
6
2
0
2
4
2
6
16
23
35
22
14
23
16
9
40
82
89
70
28
10
11
18
14
12
23
17
13
11
11
11
14
16
32
47
69
75
91
56
32
11
7
15
14
5
0
3
9
17
19
21
29
35
39
59
43
23
10
7
6
4
12
19
21
32
32
27
19
13
18
16
12
21
24
47
142
232
270
230
241
261
292
740
335
515
710
808
820
798
625
516
640
898
1308
1563
1861
2112
2241
2459
2649
2825
3135
3340
3615
3800
3975
4040
4082
4044
4052
4283
4437
4479
4485
4426
4200
3908
3593
3215
3000
2855
2690
2558
2417
2309
2121
2037
1892
1745
1833
1963
1883
1699
1497
1177
1000
2189
806
915
1028
1153
1273
1431
1790
2126
2276
2302
2109
1663
1205
1176
1258
1251
1322
1417
1430
1410
1409
1476
1483
1330
1079
884
698
627
1051
1409
1453
1234
1080
1056
1193
1400
1501
1203
825
335
201
183
193
192
145
140
96
94
142
261
324
362
347
288
287
236
189
142
384
815
1323
1798
1860
1672
1276
1367
1816
2180
2491
2815
2700
2446
2161
2029
1804
1692
1625
1579
1404
1164
885
717
598
472
457
645
799
911
943
1141
1286
1401
1426
1395
1398
1398
1456
1581
1781
1756
1646
1690
1801
1869
1738
1445
1253
988
1152
1309
1367
1482
1406
1293
1254
970
699
553
509
485
363
325
284
258
280
283
414
1631
1382
146
55
948
548
671
408
333
514
795
919
894
765
564
606
555
565
480
403
324
222
148
213
289
381
379
387
349
359
274
156
59
38
41
80
139
159
135
124
219
504
625
624
577
389
228
256
310
302
287
162
154
157
146
233
298
337
386
396
302
159
45
71
118
145
160
264
361
410
230
206
210
225
227
279
264
245
213
154
141
149
142
122
112
97
77
73
82
166
459
717
882
896
671
328
102
98
232
516
636
727
580
361
189
114
81
98
92
77
188
274
237
162
98
115
115
95
122
164
226
234
191
172
120
56
17
5
6
4
2
2
8
9
21
58
42
13
0
2
0
2
0
21
2
0
0
2
10
5
5
3
1
37
138
184
177
141
161
147
165
133
195
289
1450
1231
48
30
9
20
874
732
535
401
30
28
105
179
188
149
77
74
108
153
179
181
193
605
936
1078
1145
1136
1031
847
749
515
242
249
315
294
286
284
246
248
283
334
372
342
231
252
179
96
113
193
214
141
12
27
161
266
304
213
123
49
46
101
153
130
114
142
195
265
292
254
192
135
64
61
109
349
612
718
572
304
103
66
122
167
194
200
221
218
202
201
183
175
138
95
89
126
209
305
407
471
547
623
719
1143
1480
1404
1033
1002
808
661
614
518
509
455
416
494
413
241
265
328
443
558
785
1097
1247
1143
974
699
402
268
341
257
259
309
427
518
542
380
200
130
143
158
268
519
608
533
555
419
343
367
396
460
500
529
756
486
468
402
287
389
535
542
565
524
471
406
292
268
196
135
176
181
136
120
116
120
217
336
432
483
513
560
547
500
457
390
314
266
193
137
86
37
23
27
39
24
28
23
16
18
0
0
0
0
0
0
0
0
4
13
23
13
7
2
0
0
0
1
5
9
21
52
102
131
145
135
182
169
124
86
105
109
117
131
139
207
272
251
170
79
54
64
117
157
164
155
166
274
314
280
208
170
192
278
317
286
335
438
642
737
806
721
483
336
345
388
405
386
328
248
204
181
171
139
132
139
135
154
203
233
219
251
353
436
479
530
501
389
300
264
233
182
143
124
125
155
161
154
169
188
191
196
163
154
213
272
350
378
293
300
396
506
593
582
589
581
433
265
216
125
73
208
301
323
310
248
216
150
72
58
77
94
190
428
621
796
834
853
837
845
791
727
638
559
484
310
139
100
49
48
70
110
122
100
159
399
515
573
543
463
256
89
29
39
79
177
317
463
613
681
631
457
379
311
255
227
252
292
345
312
218
143
172
129
69
29
7
46
98
135
166
200
225
272
281
294
338
336
266
186
123
76
45
54
100
182
218
246
240
169
123
71
54
84
119
135
167
181
187
136
130
142
126
127
135
162
157
143
184
309
408
463
468
433
331
172
91
159
237
197
170
272
356
359
306
222
194
144
121
128
137
156
190
203
178
215
252
179
160
109
54
57
27
41
117
123
152
273
320
320
278
204
129
273
449
489
497
387
233
71
170
319
309
313
225
173
305
330
239
113
46
26
39
68
86
113
121
117
96
79
61
50
47
134
301
386
397
233
200
305
359
306
198
99
74
369
551
569
513
280
188
464
564
498
392
417
565
659
683
691
585
359
382
630
1058
1345
1557
1559
1181
686
421
573
1213
1459
829
204
421
297
427
729
875
1010
1007
1057
1325
1359
1190
518
431
805
1178
1091
718
465
212
244
471
641
776
721
540
319
238
241
268
281
364
584
689
621
478
368
522
599
555
487
1241
1467
1974
2301
2379
2163
1396
376
391
233
131
58
16
23
35
30
20
28
14
4
16
23
25
23
58
99
92
44
200
450
547
540
376
173
43
16
25
13
5
10
18
48
129
314
450
467
382
279
214
135
77
84
90
68
103
97
61
39
45
29
7
6
9
7
1
0
1
4
19
28
52
27
16
6
8
6
0
0
2
9
23
40
33
35
37
24
19
5
8
22
3
3
5
9
3
4
5
5
10
15
20
40
38
22
22
24
12
14
13
44
95
117
83
45
14
3
1
2
1
2
0
3
17
45
82
56
41
46
41
47
42
15
1
5
20
34
20
9
0
1
0
0
4
3
1
1
0
1
2
20
33
30
24
2
0
0
0
0
2
4
36
56
47
31
10
10
6
5
2
0
0
0
0
0
17
36
36
44
102
147
206
172
145
110
91
108
213
356
414
353
269
164
59
29
25
33
27
22
92
228
271
222
129
77
66
51
54
97
164
248
284
377
413
482
587
676
734
758
884
939
910
846
753
662
584
538
378
215
59
65
97
158
241
261
268
237
173
169
225
240
267
303
351
440
472
364
198
96
163
156
156
195
231
204
157
94
59
54
29
42
61
46
34
89
136
244
517
1077
1702
1644
1245
848
609
420
787
1101
1362
1415
1586
1652
1530
1469
1101
1356
1347
1162
951
719
510
291
159
171
207
346
436
475
485
347
141
33
27
13
18
22
37
54
61
58
51
44
25
4
1
2
5
4
4
0
0
16
13
97
137
136
104
108
89
75
41
35
84
71
37
8
89
207
272
307
377
406
295
238
136
88
55
29
31
32
19
19
28
21
11
5
23
148
336
442
574
592
570
545
563
621
696
649
325
566
1091
1581
1617
1539
1412
1321
1390
1330
1332
1455
1500
1514
1414
1101
784
176
153
331
562
620
579
468
425
553
516
506
318
396
449
496
573
687
833
811
824
847
745
461
202
168
333
443
655
844
748
399
129
165
314
304
177
58
39
48
45
38
23
281
46
41
33
19
12
13
10
12
5
1
0
0
1
66
358
959
1413
1635
1665
1406
1107
895
708
320
570
962
1233
1548
1809
1932
2094
2036
1437
879
681
638
675
983
947
730
498
348
323
397
765
1236
1355
1220
1323
1146
824
614
584
468
406
466
466
452
382
313
539
630
609
609
647
689
686
684
714
984
1295
1412
964
490
969
1056
744
600
437
454
437
521
617
913
1278
1521
1597
1567
1514
1234
1087
927
779
775
839
777
827
1001
1264
1476
1568
1587
1581
1677
1836
1867
1772
1582
1108
603
656
604
695
794
1025
1297
1499
1567
1561
1566
1559
1580
1544
1442
1259
1146
1151
1127
1121
954
860
852
687
582
532
563
573
588
487
584
910
996
1249
579
121
170
438
526
508
379
172
183
98
15
4
22
23
43
167
285
330
364
422
552
625
748
817
820
812
826
732
618
443
278
111
8
14
11
62
136
175
125
110
163
148
100
129
169
270
393
463
467
351
233
151
143
165
150
169
180
149
131
117
66
46
35
33
26
18
26
61
66
79
51
41
26
27
47
83
85
88
80
102
116
99
55
12
7
19
33
57
127
218
223
178
106
189
362
649
800
828
705
477
264
144
138
204
307
455
498
407
295
277
480
645
756
739
601
428
278
132
90
75
20
197
431
585
626
553
442
356
289
160
30
16
7
20
51
63
47
119
252
326
335
254
214
178
215
204
105
123
272
288
162
52
58
59
35
37
98
137
164
201
235
222
172
111
111
123
161
207
179
142
88
30
2
0
18
31
45
67
53
56
94
102
100
63
22
9
23
53
52
59
100
146
224
241
222
137
135
120
95
99
112
226
296
263
197
182
288
440
578
710
796
882
872
806
751
800
812
788
750
895
756
460
389
607
816
751
445
376
265
149
55
11
21
18
8
2
5
0
1
56
165
258
278
270
220
139
85
45
58
105
166
275
345
447
413
413
328
220
115
84
55
65
108
157
193
267
419
470
443
353
284
244
293
374
453
484
488
462
388
319
265
201
239
309
381
390
213
90
117
139
159
209
221
218
161
135
199
187
93
81
137
175
146
221
406
511
541
543
517
480
431
432
348
125
254
226
58
176
121
147
195
312
381
298
208
82
186
492
490
359
454
418
474
473
347
134
259
350
462
449
379
296
263
226
189
219
234
234
304
363
393
419
278
586
860
759
880
1113
1118
963
916
664
489
502
473
348
424
714
887
848
624
564
607
685
880
1415
2017
2752
3064
3108
3076
2647
2617
2699
2943
3084
3251
3206
1699
1064
1326
930
616
451
771
1081
1018
573
522
389
303
319
274
218
179
142
117
86
40
22
9
7
6
10
5
1
1
8
27
42
51
54
21
4
13
41
76
130
162
202
210
203
163
137
104
168
364
392
292
217
125
61
19
3
0
0
1
0
4
12
25
28
34
47
68
64
26
11
5
0
0
3
18
25
33
25
21
11
3
2
2
0
0
0
0
0
0
0
0
14
74
31
10
0
0
0
0
5
13
25
26
23
37
84
93
60
35
26
18
19
5
7
15
12
21
22
30
37
73
71
29
18
23
30
31
46
64
77
93
104
157
182
164
157
208
318
494
960
1567
2221
2671
2823
2887
2944
3004
3071
2948
2694
2366
2105
1806
1653
1968
2152
2018
1717
1534
1347
1371
1243
890
791
710
624
496
335
238
221
289
405
407
409
423
382
368
370
357
317
279
224
161
80
52
25
0
2
2
2
2
8
9
7
3
5
5
0
3
2
7
73
235
244
101
82
124
115
92
65
46
39
39
58
110
148
152
125
80
64
67
47
46
32
28
21
26
19
8
4
24
31
18
20
29
33
22
26
17
7
133
308
306
206
106
65
68
48
44
39
18
7
4
8
1
4
6
13
19
22
29
34
33
46
118
85
37
8
12
15
21
58
105
81
31
24
37
43
31
35
38
60
91
74
55
30
43
75
151
192
180
154
157
108
85
51
37
43
28
23
15
15
15
39
124
541
1293
1841
2087
2213
1970
1256
822
523
526
424
636
953
787
360
75
200
249
323
365
252
313
563
844
924
798
651
446
324
367
416
501
543
615
713
857
889
776
729
543
428
499
492
438
308
194
223
366
395
371
286
270
340
336
323
269
206
140
100
88
116
139
25
89
127
88
65
77
80
51
29
15
5
3
3
1
0
0
0
0
1
0
1
1
0
1
0
0
2
0
2
6
2
0
0
3
15
79
166
141
106
52
86
175
216
162
72
89
82
76
56
30
34
38
102
141
124
93
29
61
111
143
98
21
1
1
0
37
47
44
33
23
35
25
47
56
42
73
142
171
95
49
16
5
1
0
6
40
108
154
237
331
217
130
145
97
144
74
43
79
127
98
85
224
209
111
107
112
115
76
42
55
113
186
233
234
261
229
167
129
75
17
6
60
115
176
251
427
425
483
503
431
427
402
339
266
140
103
85
67
99
163
192
156
87
12
19
56
79
103
71
73
107
124
135
111
70
39
57
71
73
72
66
36
10
0
2
5
20
47
40
31
12
9
2
4
2
3
3
5
11
13
11
11
18
35
56
63
61
33
39
42
62
49
106
248
446
754
1536
2315
3017
3519
3749
3977
4629
5171
5518
5665
5886
6124
6427
6476
6563
6952
6935
6455
6169
6022
5287
4969
4474
3557
3259
2726
2451
2439
2202
1831
1460
1507
1855
2106
2099
1889
1482
1194
912
851
782
663
712
731
817
811
894
971
1459
571
589
526
420
299
219
264
299
305
267
259
225
277
346
336
280
168
55
12
8
11
29
40
19
21
46
54
38
32
45
43
53
48
31
24
16
5
4
56
217
335
297
190
164
157
222
247
230
180
122
80
206
197
118
94
60
70
100
95
70
61
66
52
6
5
4
13
25
57
70
69
36
19
9
15
37
67
88
57
22
4
4
17
40
79
64
49
26
21
39
66
95
129
148
182
265
247
247
272
319
313
258
218
220
226
264
310
288
233
114
50
118
270
343
324
273
166
67
109
152
145
125
104
65
108
187
190
146
131
102
41
24
15
23
45
137
124
59
31
110
142
156
181
144
107
93
104
125
165
85
57
45
38
68
152
270
351
263
79
383
1077
1100
792
374
189
52
390
969
728
535
151
78
103
134
147
173
151
83
26
13
71
136
180
180
132
36
1
10
69
152
203
203
241
371
400
472
470
322
171
182
159
273
374
423
444
430
368
255
249
312
294
148
237
502
572
490
240
56
154
184
149
164
194
209
370
518
495
299
127
385
445
230
256
512
556
483
257
191
164
122
236
318
276
222
189
138
127
225
367
505
567
555
516
346
136
447
546
543
521
385
205
29
34
75
53
28
38
109
212
247
225
175
114
66
41
25
26
68
87
65
52
31
17
11
2
2
1
0
0
0
0
10
42
35
5
2
0
0
0
0
1
11
11
10
10
17
33
18
10
3
3
1
0
0
0
0
2
16
52
100
125
190
247
258
233
138
34
1
1
0
0
1
2
2
2
5
15
33
30
19
26
53
59
98
153
127
59
31
40
71
109
166
208
226
243
297
359
395
448
451
397
260
163
132
118
126
101
138
175
236
221
165
106
94
117
118
97
96
101
83
106
157
135
44
22
37
54
83
144
121
134
119
67
129
541
952
395
110
141
252
460
613
604
606
496
192
185
222
195
132
74
23
25
21
8
9
2
1
0
8
18
38
48
40
15
7
7
6
6
7
8
3
0
0
2
11
11
0
0
0
1
11
9
1
8
3
6
15
41
32
29
29
20
15
6
1
0
0
0
0
0
0
0
0
0
0
0
0
0
0
0
2
5
9
6
2
0
0
0
4
3
5
3
4
4
1
3
4
4
3
0
0
0
0
0
0
2
4
1
7
0
7
10
17
10
10
5
3
6
6
18
22
11
21
18
16
4
8
1
1
0
0
0
0
7
12
7
8
5
3
2
1
0
1
20
24
17
3
1
51
39
23
13
13
20
54
51
7
11
5
3
32
68
69
69
51
42
54
47
20
15
27
49
76
93
47
24
15
5
0
1
0
0
0
1
1
1
2
3
0
3
1
0
0
0
0
0
0
0
0
0
0
0
0
0
0
0
0
0
0
0
0
0
0
0
0
0
0
0
0
0
1
0
0
0
0
0
0
1
0
0
0
0
0
0
0
0
0
0
0
0
0
0
0
0
0
0
0
1
1
0
0
0
0
0
1
8
7
3
3
4
4
7
7
8
8
7
6
5
0
0
0
0
0
5
8
16
16
4
2
1
0
3
3
2
3
1
0
2
2
3
1
1
9
8
14
9
6
1
0
0
4
2
0
0
0
0
0
0
0
0
0
0
0
0
0
0
0
0
2
0
6
8
1
0
0
0
0
0
0
0
0
0
0
0
0
0
0
0
0
5
19
21
29
30
30
11
11
8
6
10
4
4
3
0
0
0
0
0
0
0
0
0
0
0
0
0
0
0
0
0
0
0
0
0
0
0
0
0
0
0
0
0
0
0
0
0
0
0
0
0
0
0
0
0
0
0
0
8
7
7
1
9
41
94
93
101
102
110
145
169
211
261
273
322
356
329
291
185
77
14
11
3
17
28
28
39
42
24
2
0
0
0
0
0
0
5
14
16
15
33
47
26
43
60
47
46
39
27
23
33
37
47
80
73
75
71
67
52
42
35
21
9
3
1
1
3
3
1
0
0
0
0
0
0
0
0
0
0
0
0
0
0
0
0
4
5
3
6
8
10
8
0
0
0
0
0
0
1
0
2
3
1
4
1
4
3
11
9
0
2
6
16
11
4
0
0
5
5
0
0
0
0
6
5
3
4
1
3
1
0
0
0
1
2
0
0
0
0
0
0
0
0
0
0
3
0
0
0
0
0
0
0
0
0
0
0
0
0
0
0
1
0
8
7
0
5
5
1
0
0
0
0
0
0
0
0
0
0
0
0
2
9
20
23
21
29
24
8
0
0
0
0
0
1
1
2
1
0
0
0
0
0
0
2
5
11
22
59
217
53
28
10
1
0
0
0
0
0
2
2
4
2
2
0
0
0
0
0
6
37
63
70
43
4
0
27
56
60
34
6
0
0
0
0
0
1
3
3
2
0
0
0
2
14
46
88
102
73
16
0
0
0
0
0
0
0
0
0
0
0
0
0
0
0
0
0
6
9
13
29
72
72
46
37
21
8
3
1
1
0
0
0
0
2
10
10
5
0
0
0
4
6
2
3
2
0
0
0
0
0
0
0
0
0
0
0
0
0
0
0
0
0
0
0
0
0
0
0
0
0
0
0
0
0
0
0
0
0
0
0
0
0
0
0
0
0
0
0
0
0
0
0
0
0
0
0
0
0
0
0
0
0
0
0
0
0
0
0
0
0
0
10
43
71
77
82
79
51
24
12
7
11
11
20
44
71
110
120
122
114
113
120
108
85
73
44
27
9
0
2
3
18
41
50
72
135
206
239
212
168
99
20
0
0
0
0
0
0
0
0
1
26
26
19
16
16
11
9
9
8
14
8
4
6
8
20
11
7
3
14
4
13
7
15
54
181
175
40
39
37
16
10
10
73
259
191
181
84
61
52
86
227
297
315
269
170
87
30
9
14
4
70
135
196
230
200
127
69
18
1
14
15
16
8
8
13
52
94
103
76
41
0
0
1
6
16
52
34
4
2
6
0
0
13
73
193
282
344
405
473
487
446
417
398
412
385
361
298
206
108
67
540
868
386
35
14
0
134
514
97
58
54
54
33
35
32
36
41
32
27
32
12
3
20
58
133
150
97
169
106
44
41
24
18
45
88
94
68
20
6
3
5
41
73
53
19
6
3
19
86
105
112
129
175
183
200
256
328
382
384
364
313
232
165
138
105
77
61
59
50
65
86
104
100
99
85
68
61
67
73
68
68
45
12
20
17
6
10
42
59
93
102
89
94
92
91
68
68
101
105
109
98
79
84
81
65
39
34
12
16
54
109
182
226
281
255
185
103
100
168
181
214
288
281
229
176
128
129
152
145
108
82
77
88
80
52
47
40
17
2
15
11
6
1
7
50
67
53
49
15
9
31
32
6
1
3
15
15
67
65
86
80
63
89
156
192
112
29
6
3
10
7
6
5
1
59
118
82
26
8
18
20
44
43
25
14
12
12
60
15
13
15
12
12
8
15
12
9
12
18
20
24
20
14
9
8
13
8
1
5
7
4
0
0
1
3
4
3
6
4
0
0
0
4
14
15
13
11
16
69
213
228
255
214
99
50
37
76
90
105
107
86
73
65
77
76
62
47
38
51
37
22
37
38
35
32
26
28
20
1
5
6
7
5
7
54
50
6
3
1
4
8
17
11
10
14
28
70
116
118
103
66
21
11
29
106
200
220
161
32
15
32
29
6
2
8
16
17
11
7
8
5
1
3
16
11
2
4
20
12
0
0
0
0
0
5
11
5
0
3
0
1
2
1
0
4
18
30
38
24
15
13
13
10
2
52
115
182
218
195
146
83
17
28
14
14
9
23
75
124
79
181
25
183
0
1
16
33
76
582
454
185
79
1
1
9
150
62
85
93
122
139
145
100
79
25
30
62
98
134
145
150
104
81
56
89
89
29
35
35
49
98
114
86
30
17
16
3
1
0
0
29
1
16
41
60
66
29
19
17
19
18
53
90
122
109
45
24
33
63
44
61
99
91
119
48
29
54
63
99
71
56
52
79
84
75
24
24
49
82
91
67
68
71
61
46
50
74
107
82
41
38
35
29
41
44
88
115
89
67
34
9
5
9
22
66
217
312
188
91
13
54
77
60
42
23
7
2
0
0
0
0
2
3
1
6
3
4
1
0
0
0
0
10
11
6
9
28
46
69
56
59
71
80
86
110
136
178
247
237
190
123
111
92
67
59
54
64
42
32
35
41
56
71
112
142
185
247
278
285
334
399
333
295
257
183
133
102
87
61
72
71
104
93
83
84
50
24
26
20
22
11
6
4
0
0
0
0
0
0
0
0
0
0
0
0
0
5
4
8
6
15
9
4
3
30
60
85
104
87
44
23
12
9
19
59
80
98
81
52
36
2
25
65
99
143
132
77
12
5
0
4
11
19
14
13
10
2
0
0
0
2
11
23
19
10
1
0
0
0
1
14
103
155
111
30
0
6
23
15
12
2
2
5
1
0
0
0
0
0
0
0
0
3
18
47
61
34
8
6
35
53
40
17
6
11
15
45
51
88
164
262
275
234
220
196
141
74
30
33
28
17
11
24
15
43
34
50
65
74
87
84
56
54
58
81
104
102
261
93
116
141
91
62
33
52
57
92
141
136
104
57
16
1
0
10
14
19
31
25
18
22
31
26
47
39
15
1
0
1
3
1
0
0
0
1
1
7
23
17
16
10
8
0
3
0
1
7
11
9
0
3
7
6
3
1
2
0
0
0
0
0
1
1
0
0
0
0
3
8
4
0
0
0
0
0
0
0
5
2
0
1
15
23
17
13
15
5
0
2
1
0
2
10
22
31
26
29
21
32
33
25
22
29
19
8
6
2
4
0
0
0
0
0
0
0
0
0
0
0
0
0
0
0
0
0
0
8
7
5
2
1
0
0
0
0
0
0
0
0
0
0
0
0
3
10
13
13
10
1
0
0
0
0
0
0
0
0
0
0
0
0
0
0
23
19
9
7
1
0
0
0
1
0
0
0
0
8
18
8
1
0
1
1
1
0
0
0
0
0
0
0
0
0
0
0
0
0
0
1
0
0
0
1
0
0
0
0
0
0
0
0
0
4
5
0
0
0
0
0
0
0
0
4
4
0
1
3
3
2
2
1
1
2
1
0
0
0
0
2
3
7
6
0
4
1
0
0
3
2
3
1
5
6
7
6
3
0
0
0
0
1
3
3
12
17
19
18
29
27
23
23
20
34
42
33
30
26
42
54
79
90
113
123
159
178
171
144
126
122
142
156
160
162
141
124
102
54
13
10
13
6
48
138
99
78
71
15
6
0
0
0
0
0
0
0
0
0
1
16
71
189
296
420
517
582
571
575
562
587
588
661
689
663
534
437
342
310
247
120
37
37
65
175
253
280
278
180
117
62
50
78
110
151
125
77
41
27
17
11
12
43
104
160
188
211
220
232
229
217
218
204
243
290
358
380
399
406
417
369
315
242
215
172
110
36
20
36
62
74
50
24
5
5
18
38
52
59
73
88
129
137
141
181
174
132
95
83
76
47
67
75
122
132
131
87
58
51
173
311
384
366
374
334
245
165
111
92
152
208
135
55
23
10
22
23
16
32
32
44
48
52
39
49
32
39
59
50
50
91
115
162
138
96
43
8
0
1
1
0
0
13
29
50
34
30
15
8
2
0
0
0
0
0
0
0
0
4
0
0
0
0
0
0
0
0
2
9
31
45
50
54
57
55
55
75
110
148
392
232
258
259
264
244
237
238
228
204
209
375
531
451
460
359
343
860
1827
2258
2057
1469
825
406
390
512
512
408
391
415
405
295
550
997
1205
1115
989
982
952
852
827
713
688
747
921
1181
1461
1898
2525
2902
3004
2644
1950
1142
840
850
675
461
270
294
385
576
857
1126
1069
829
543
263
219
303
380
416
435
415
413
293
228
163
76
55
39
28
27
25
17
28
35
51
65
60
59
54
73
68
74
81
92
90
99
98
83
69
64
84
155
139
147
217
272
227
234
236
206
215
208
263
324
308
287
278
329
368
441
433
470
500
523
515
543
516
382
146
23
47
38
30
33
27
31
40
25
13
19
65
65
111
101
109
118
79
38
29
31
33
13
4
14
10
12
6
3
1
2
5
3
5
1
4
3
5
6
6
6
6
6
3
1
0
0
0
0
0
17
64
105
126
154
210
276
337
373
447
538
679
658
479
380
290
229
99
9
26
113
206
333
408
470
488
527
493
507
474
417
350
308
268
189
103
181
211
237
346
430
494
487
462
450
436
430
356
339
294
279
315
281
270
241
289
256
224
189
184
193
280
327
324
316
371
404
410
362
372
296
113
52
194
314
420
497
489
417
340
131
24
20
60
583
185
135
135
148
177
226
283
270
195
135
80
49
73
96
123
180
195
151
137
81
0
9
50
67
72
36
29
23
15
12
25
29
11
0
13
63
105
104
52
19
4
0
2
0
0
0
0
0
2
15
76
103
119
77
30
65
83
46
7
0
1
0
0
0
0
1
0
4
0
4
7
2
33
38
10
10
6
16
20
13
12
11
11
12
12
3
0
0
15
57
98
104
75
46
33
5
3
8
2
20
66
68
51
16
0
4
8
5
2
71
207
284
191
46
6
4
3
4
5
5
23
12
3
1
1
3
56
189
371
537
632
765
884
973
908
808
632
609
672
731
647
475
284
171
168
188
177
140
39
13
21
48
74
85
99
113
125
105
69
32
107
235
434
572
696
781
813
832
804
755
769
879
674
347
145
68
72
78
66
65
72
63
30
28
20
16
10
4
3
17
65
148
281
338
343
281
251
234
245
300
411
519
626
747
875
1000
1111
1213
1167
1077
1005
1071
1033
919
735
653
929
1184
1379
1276
1318
1114
756
510
381
271
268
332
335
289
178
90
34
4
0
1
4
25
48
48
38
33
30
20
16
15
18
11
5
3
0
0
0
1
1
1
5
5
2
1
0
3
6
17
25
22
12
6
15
1
1
0
0
0
0
0
0
0
0
0
0
1
1
2
0
0
0
0
0
0
0
0
0
0
0
0
0
0
0
0
0
0
0
0
0
3
3
1
0
0
0
0
0
0
1
1
0
0
0
1
4
1
0
1
3
9
31
140
301
428
484
457
376
221
130
96
56
83
89
103
141
157
178
211
264
352
440
610
763
943
1139
1257
1501
1669
1580
1330
1429
1226
817
539
433
287
197
151
115
92
54
33
23
28
64
80
105
125
122
145
157
111
77
37
21
23
36
54
61
48
33
9
0
0
15
14
25
11
13
3
1
0
0
0
21
165
326
503
584
666
837
1052
1188
1204
1285
1305
1306
1164
944
825
799
773
774
826
799
627
484
361
389
585
766
786
645
379
117
66
68
77
110
141
130
71
38
18
28
42
60
68
76
74
51
21
22
89
111
96
79
44
44
69
75
51
63
38
25
30
19
47
244
633
1129
1585
2124
2643
3014
3060
3027
2726
2447
1904
1390
1142
895
795
831
923
1128
1311
1437
1626
1830
1780
1719
1576
1447
1307
1264
1410
1501
1650
1648
1359
1775
1985
2410
2841
2994
2574
1641
1145
1013
1013
1073
1060
970
786
700
732
935
1201
1257
1371
1516
1784
1667
1484
1452
1448
1483
1393
1215
819
934
1325
1796
2154
2490
2720
2373
1377
1058
840
784
763
714
719
733
818
820
788
850
783
680
535
388
270
164
101
36
8
8
12
11
3
5
25
179
419
637
789
919
986
1152
1289
1437
1539
1442
1246
1154
1102
1126
1110
1160
1075
1006
865
804
736
645
540
396
227
144
155
141
146
155
157
151
76
47
169
356
613
1003
1509
1886
2205
2351
2087
1668
1330
1013
778
624
574
472
328
212
195
200
125
64
48
29
28
28
21
17
16
9
93
445
785
1118
1281
1415
1534
1590
1592
1460
1314
1125
847
442
611
1361
1808
1917
1933
1678
1466
1342
1263
1033
688
410
197
74
41
19
10
24
47
65
46
48
34
1
0
5
24
75
90
88
93
121
135
194
227
220
214
209
226
271
328
344
386
498
554
607
598
641
649
629
586
485
416
353
318
273
298
331
385
442
515
652
689
701
564
274
572
1408
1862
1838
1946
1969
1773
1401
993
562
131
86
253
287
276
192
133
157
259
385
501
541
614
608
667
738
1168
875
1001
1076
1028
962
1110
1073
677
686
738
765
839
800
928
979
860
851
776
743
715
679
603
529
388
225
92
36
25
42
67
110
178
250
347
455
571
728
822
1038
1146
1189
1154
1081
984
903
803
720
585
447
363
409
500
513
489
420
390
267
234
428
707
531
426
302
343
315
368
502
689
959
1116
1166
1159
1278
1394
1358
1133
811
401
558
765
806
790
768
811
982
963
1002
1063
892
738
390
621
724
697
698
709
604
454
347
174
241
463
596
627
648
550
469
403
348
325
364
436
542
592
517
516
499
412
366
420
366
309
266
300
473
475
485
549
646
723
744
741
620
509
314
101
133
312
408
376
311
257
229
118
8
2
46
124
98
53
175
218
105
104
271
386
449
492
477
451
439
463
543
663
733
800
719
527
320
312
430
562
488
506
503
453
580
738
893
909
444
573
384
312
176
365
469
509
489
411
218
94
150
174
212
204
141
75
9
2
19
18
37
12
0
0
0
1
0
1
17
17
15
10
4
7
11
15
21
12
9
36
84
144
208
209
168
149
230
339
461
445
373
261
154
128
171
257
529
792
909
1006
769
491
312
80
30
172
333
448
514
534
585
625
596
608
482
393
451
482
573
655
677
820
1096
1467
1754
1722
1403
1253
1147
778
295
412
320
312
224
94
528
707
693
598
472
433
491
471
364
267
367
631
924
1075
1154
1161
1184
1311
1402
1421
1453
1399
1363
1040
824
755
1202
1239
1131
800
720
667
536
321
184
209
178
148
118
78
81
76
72
58
56
75
120
170
259
400
580
710
803
857
844
846
764
676
597
602
672
671
535
274
311
472
493
433
382
329
329
356
360
322
195
51
22
2
0
8
4
30
89
90
180
285
312
338
301
525
784
493
143
167
30
33
108
232
357
426
406
437
603
931
932
873
768
581
391
411
613
692
749
838
977
1056
1057
982
822
467
409
534
672
852
972
1004
944
967
1027
1080
1060
1036
1026
1004
948
820
785
716
670
648
610
579
548
533
507
401
311
270
202
176
184
195
212
238
261
187
199
355
558
759
923
944
755
922
748
389
568
590
411
187
65
51
121
103
388
633
739
765
769
833
848
807
710
692
599
600
609
510
403
162
211
376
482
576
658
908
1271
1534
2147
2570
2655
2707
2829
2559
1811
1818
1963
2320
2386
2210
2129
2042
1851
1545
1428
1255
1077
859
773
903
993
1246
685
567
472
289
303
589
672
646
518
382
283
65
80
350
581
776
945
1001
1130
1300
1292
1363
1176
757
539
397
254
286
368
397
319
228
460
810
1074
1055
853
667
539
451
345
360
449
438
483
652
704
650
552
410
237
96
114
250
495
676
725
686
585
450
311
197
118
80
76
82
130
147
236
221
97
141
196
317
339
278
104
31
120
190
124
88
178
349
372
304
245
192
99
17
12
16
22
8
12
10
6
9
21
18
17
9
0
0
0
0
3
12
67
156
176
128
54
13
14
36
58
62
67
180
345
483
618
681
659
624
592
499
384
256
96
44
38
34
40
64
134
153
160
186
190
215
283
414
712
856
831
712
505
354
278
241
203
165
106
92
103
156
172
146
92
55
9
89
115
26
26
71
136
145
111
62
39
37
38
77
115
131
120
81
52
21
21
32
23
38
51
51
69
111
143
151
127
88
59
30
27
54
93
90
87
65
32
11
5
4
1
2
1
1
24
40
76
77
83
59
24
4
69
239
521
719
769
710
529
233
62
285
445
352
253
153
108
153
166
125
103
73
32
41
54
30
9
1
1
1
18
33
43
48
37
34
46
80
92
70
53
63
129
191
195
152
96
36
7
4
2
17
46
127
123
71
38
66
235
408
530
520
371
192
71
97
145
146
141
93
78
71
59
41
38
55
64
51
30
84
124
110
83
81
75
93
162
180
159
123
97
51
42
60
84
102
124
159
145
183
225
232
202
178
163
222
273
287
299
313
301
283
276
303
327
342
338
302
239
171
83
52
10
41
84
151
202
287
336
399
471
471
453
254
155
294
406
397
398
285
250
230
284
340
344
239
93
80
344
590
665
628
546
422
477
657
759
664
456
284
282
361
337
276
187
108
61
136
203
223
135
39
49
108
188
143
166
187
181
208
225
219
216
247
306
344
355
270
225
112
70
39
58
95
143
228
304
323
304
282
289
309
297
289
301
437
560
561
431
154
92
153
148
92
73
107
164
120
91
78
131
173
185
214
240
237
178
92
90
85
47
131
241
231
191
149
124
121
143
304
383
400
302
318
365
389
327
318
194
368
265
267
243
175
316
134
314
334
354
236
95
72
86
299
351
271
275
307
257
78
307
366
458
395
340
200
116
221
273
219
138
80
69
151
169
126
101
92
81
192
334
274
350
500
1432
1114
87
8
0
9
460
24
51
64
76
123
224
294
269
156
74
48
21
36
44
109
184
166
163
124
176
144
99
73
76
97
177
195
98
51
30
21
13
17
83
198
237
212
179
163
158
109
40
17
23
24
38
48
44
46
15
0
0
0
0
1
8
11
12
8
0
0
0
0
0
0
0
0
0
0
1
2
0
0
27
63
77
36
2
0
0
0
8
5
0
0
0
0
0
0
0
2
2
12
81
129
83
45
17
22
78
161
245
274
334
592
126
112
207
244
219
177
254
297
278
250
655
549
210
131
168
170
171
293
285
418
639
857
780
543
411
225
158
216
248
278
234
166
155
168
149
145
166
173
184
175
164
142
131
133
135
135
126
42
6
27
99
104
79
76
105
84
40
14
13
8
1
9
14
6
4
0
1
1
9
20
25
7
0
0
0
2
4
2
1
5
4
0
6
2
0
0
0
0
1
0
0
0
7
14
1
2
7
18
29
28
20
8
6
19
52
185
399
602
990
1325
1731
1990
2200
2348
2433
2391
2156
2043
1880
1836
1966
2220
2356
2432
2224
866
607
837
760
389
270
508
742
740
622
535
404
532
501
455
369
349
359
560
614
592
551
503
502
502
455
306
237
167
181
222
273
356
451
534
561
525
428
301
194
108
38
14
3
2
3
7
28
91
119
99
76
70
48
16
7
5
10
3
21
38
19
10
7
10
19
12
1
1
2
8
8
5
11
23
44
55
42
40
21
3
0
2
20
165
1040
1016
4
0
753
449
328
153
0
1
0
0
4
23
28
12
6
1
3
3
3
0
8
14
20
13
5
1
0
9
5
1
0
0
0
0
1
0
0
0
0
0
3
4
1
1
2
5
14
21
26
31
45
17
24
21
7
36
99
145
80
35
16
7
9
4
0
2
6
1
1
0
0
2
4
2
4
2
0
2
2
0
0
0
3
1
0
0
0
0
0
7
6
8
4
5
16
21
29
32
22
16
10
4
8
8
11
3
0
1
0
5
0
1
1
0
0
3
14
14
1
5
7
11
6
3
2
4
10
12
15
16
12
10
5
6
12
15
26
30
49
84
105
108
63
22
4
6
6
1
14
19
19
10
5
6
6
4
13
6
8
15
24
14
10
10
16
75
5
28
42
56
51
65
53
43
33
31
16
14
22
58
73
31
6
6
40
81
102
86
48
43
64
108
119
97
63
38
9
3
3
3
0
0
2
0
1
1
7
26
28
10
15
6
13
29
60
47
16
3
1
0
0
1
53
145
229
198
91
38
19
18
19
15
31
129
234
285
308
327
294
233
162
104
43
11
3
1
2
2
0
0
7
15
14
5
0
0
10
2
0
7
22
18
5
2
13
19
16
13
6
0
0
0
0
0
1
0
0
4
2
0
0
0
0
0
0
0
0
0
0
0
0
0
5
19
43
38
6
5
11
6
2
1
0
8
13
8
3
2
3
1
4
0
0
0
0
0
0
0
2
10
20
20
6
4
1
12
21
19
28
35
37
41
35
25
24
19
16
11
3
2
1
0
0
0
0
0
0
0
0
0
0
0
0
0
0
0
0
0
0
0
1
3
9
13
11
22
23
18
12
13
15
20
4
1
0
0
4
21
33
24
27
23
23
22
21
3
8
1
1
4
8
31
54
33
17
9
0
1
1
0
0
0
0
2
12
21
16
17
20
7
4
7
8
9
18
14
13
38
87
124
154
178
270
306
372
375
311
210
143
127
94
83
61
67
102
166
181
227
260
254
261
212
214
181
137
129
104
84
83
78
71
57
71
101
165
252
291
315
348
365
372
521
650
558
409
380
343
340
281
215
248
332
482
599
670
699
654
596
597
520
422
358
301
259
242
249
274
350
427
535
598
707
846
1013
1187
1374
1486
1715
1937
2381
2768
2934
2939
2706
2438
2173
1837
1536
1357
1251
1167
960
732
579
547
446
261
325
527
770
828
743
595
422
291
230
208
231
201
184
168
146
122
77
77
131
171
337
258
67
218
404
648
720
310
105
209
152
90
160
134
64
31
15
7
7
14
18
26
36
39
108
184
242
270
247
197
182
167
168
139
141
124
89
71
53
46
25
13
6
8
14
18
36
41
80
97
119
113
114
109
104
122
134
164
179
158
151
95
58
26
6
4
8
15
7
3
0
2
1
5
0
0
0
0
4
6
13
19
37
50
48
47
41
14
3
1
0
0
0
0
1
0
8
8
12
12
16
13
12
2
1
7
3
3
2
2
0
0
0
0
0
0
0
0
0
0
0
0
0
0
0
0
1
1
4
1
0
2
8
1
0
0
0
2
1
3
4
3
6
4
10
5
5
3
0
2
4
10
13
9
0
14
43
52
41
29
3
0
0
0
0
11
11
5
1
2
8
19
14
6
5
2
3
7
14
14
2
0
0
0
0
1
0
0
0
0
2
0
0
0
0
0
0
0
0
1
0
1
3
7
7
5
2
1
1
7
4
1
8
5
11
11
10
2
5
2
0
0
0
0
0
1
8
13
16
19
17
17
30
143
998
902
48
5
0
1
681
244
1
38
64
65
46
12
2
2
4
15
2
1
2
0
0
0
0
0
0
0
0
0
0
0
0
0
0
0
0
0
0
0
8
8
8
0
0
1
2
8
13
24
19
26
15
6
2
1
9
8
0
0
3
2
0
1
0
0
0
6
12
10
3
0
6
1
8
26
29
55
77
71
70
37
14
16
13
25
23
42
71
89
122
133
92
65
41
32
11
15
32
45
63
78
96
121
110
106
82
62
87
89
79
67
43
39
22
18
15
13
9
3
7
12
25
60
81
76
35
15
19
39
22
10
19
67
74
38
14
8
7
11
16
11
6
4
7
9
13
33
56
107
334
651
770
741
746
600
645
775
817
801
684
606
515
468
404
279
172
173
341
472
512
467
434
392
387
398
493
494
435
383
334
347
337
280
259
248
309
340
352
327
309
284
208
137
82
55
53
136
310
470
496
471
375
322
282
264
292
328
366
435
489
434
355
432
527
735
1296
1760
1894
1833
1465
1058
888
699
558
453
393
348
295
239
227
205
203
183
155
109
110
113
106
73
33
27
31
104
245
357
397
479
515
532
491
436
361
301
244
189
139
104
44
61
67
69
50
48
49
49
34
23
22
22
23
8
23
48
72
187
301
324
330
223
155
95
61
57
65
36
13
25
72
104
90
83
83
68
34
10
0
0
0
1
1
3
1
0
1
0
0
0
0
0
0
0
3
1
2
1
3
0
0
0
0
1
8
2
0
0
0
0
0
0
0
0
0
0
0
0
0
0
2
0
0
0
0
0
0
0
3
5
16
21
26
34
28
31
31
20
17
11
2
9
12
3
0
0
0
0
0
0
0
0
0
0
0
0
0
0
0
0
0
0
0
0
0
0
0
0
0
0
0
0
0
0
0
0
0
0
0
0
0
2
6
9
3
4
3
1
0
0
0
0
0
1
2
3
0
0
0
0
0
0
0
0
0
1
6
0
0
0
0
0
2
50
167
301
581
1098
1496
1990
2078
1807
1962
1756
1428
1107
750
1116
1429
1688
1751
1649
1348
982
819
924
858
1067
1121
984
722
663
760
762
733
607
449
322
362
439
532
599
674
739
741
667
505
176
269
418
559
743
885
890
861
697
660
588
518
404
317
288
282
226
154
133
111
93
102
111
122
104
111
134
146
128
60
33
14
14
20
15
1
0
0
0
0
1
14
57
89
92
78
45
16
13
20
27
13
11
2
1
10
16
37
35
28
15
9
0
0
0
0
0
0
0
0
0
0
0
0
3
3
0
2
0
8
7
8
3
9
11
11
6
2
1
0
0
0
0
3
9
14
15
11
6
5
2
1
3
0
2
1
0
0
0
0
0
1
4
16
42
76
91
107
102
101
71
81
95
130
112
108
91
78
84
95
121
129
115
86
49
26
18
8
9
24
13
15
26
22
21
17
6
5
8
19
19
8
20
27
11
1
1
0
2
10
15
13
6
2
3
2
3
6
13
19
35
78
129
160
137
82
39
33
8
6
4
12
10
10
6
11
10
10
18
33
76
114
115
99
73
67
51
45
35
30
16
21
53
93
105
95
79
79
63
57
54
46
37
46
33
26
30
34
47
51
65
68
72
74
82
99
97
148
235
429
637
864
1026
1177
1232
1181
1007
715
503
669
628
412
396
255
340
475
597
675
578
429
349
294
165
120
149
82
93
133
140
194
283
320
341
391
398
374
314
262
228
180
182
194
229
266
309
287
263
143
77
27
21
29
27
54
95
105
95
91
60
65
74
85
128
122
117
73
50
52
65
82
51
54
74
90
134
259
492
629
793
844
763
779
741
701
953
1097
1101
1061
710
330
343
530
719
966
934
533
341
380
389
544
537
464
416
412
283
173
142
127
125
138
174
187
159
139
110
98
108
76
52
37
48
109
155
174
170
184
191
218
237
211
159
105
70
32
44
97
137
71
32
52
88
154
191
162
105
126
241
331
412
465
465
387
321
225
179
141
158
190
212
222
181
141
89
44
64165
63850
0
0
0
0
0
0
0
0
0
0
0
0
0
0
0
0
0
0
0
0
0
0
0
0
