31
119
418
1518
1813
2276
1715
1933
3527
1535
1782
19147
1493
1325
1004
1258
1496
1559
1536
1441
1122
737
500
391
523
766
952
1010
879
679
620
537
492
337
252
266
331
242
192
173
171
182
167
110
110
115
154
221
294
329
317
310
242
171
123
84
68
73
66
52
44
24
19
16
18
28
37
33
29
22
22
16
22
30
40
57
53
10
15
8
5
7
7
2
0
0
1
1
0
1
5
12
1
0
3
0
0
0
0
0
0
0
0
0
1
1
0
0
0
0
0
0
0
2
0
0
9
0
1
0
0
0
0
0
0
0
0
1
0
0
0
0
0
3
0
0
0
0
0
0
0
0
0
0
0
0
0
0
0
0
0
0
0
0
0
0
0
0
0
0
0
0
0
0
0
0
0
0
0
4
102
78
27
0
1
12
58
57
5
2
4
9
24
30
27
8
2
1
4
9
3
4
5
2
1
1
4
0
3
0
4
2
3
1
1
3
1
5
2
4
4
5
4
2
1
1
3
1
0
0
0
1
0
0
0
0
3
0
0
0
0
0
0
0
0
0
0
0
0
0
0
0
0
0
0
0
4
8
0
1
0
0
0
0
0
0
0
0
0
0
0
0
0
0
0
0
0
0
0
0
0
26
116
152
149
78
4
12
20
4
50
31
0
6
12
2
4
10
16
0
41
1
23
3
6
24
6
11
6
17
6
9
12
13
23
4
21
11
8
21
19
20
25
24
58
51
47
43
38
32
42
56
66
56
45
44
45
62
69
88
88
94
101
126
132
144
164
203
208
228
228
255
259
257
289
325
341
335
361
443
405
388
386
384
412
416
437
393
356
302
245
221
222
188
163
119
73
117
99
125
205
289
356
354
388
384
377
327
248
392
573
841
1211
1648
1917
2127
2165
2139
2058
1902
1845
1863
1824
1724
1639
1524
1379
1269
1084
974
922
756
686
675
605
467
366
327
303
312
292
257
176
148
136
122
111
106
83
58
49
28
28
16
18
0
0
0
0
1
0
0
0
0
0
0
0
12
10
3
0
0
0
4
0
0
0
0
0
1
3
0
2
0
1
0
0
0
0
0
0
0
0
0
0
1
6
0
0
0
0
0
0
0
0
0
0
0
0
0
0
0
0
0
0
0
0
0
0
0
7
3
0
8
0
0
0
0
0
0
0
0
0
0
0
0
0
0
0
0
0
0
0
0
0
0
0
5
6
0
0
0
0
0
0
0
0
0
0
0
0
0
0
8
1
0
0
0
4
0
1
0
1
0
2
1
1
0
0
1
0
0
0
0
0
0
0
0
0
0
0
0
0
0
0
0
0
0
0
0
0
0
0
0
0
0
0
0
0
0
0
0
0
0
0
0
0
0
0
0
0
0
0
0
0
0
0
0
0
0
0
0
0
0
0
3
13
25
28
21
14
10
2
3
2
28
184
337
378
357
291
279
222
116
90
110
103
48
31
34
102
138
156
202
200
193
146
111
114
123
166
254
273
220
148
106
145
117
97
46
34
34
38
36
26
15
27
13
17
18
18
27
32
21
22
28
26
20
29
28
39
39
20
31
46
44
52
69
64
52
43
64
75
75
77
56
74
65
73
53
44
42
39
30
8
8
5
6
7
5
7
4
1
1
0
1
1
0
0
0
0
0
0
0
0
0
0
0
0
0
0
0
2
2
2
71
57
5
26
19
0
0
5
0
0
1
13
0
2
0
1
0
0
0
0
0
0
0
0
0
0
3
6
0
3
0
0
0
0
0
0
0
0
0
0
0
0
1
3
36
91
164
235
246
265
231
195
120
89
65
63
54
40
31
40
35
44
63
68
57
60
85
82
84
90
105
111
97
97
76
78
56
34
7
4
20
48
131
172
184
187
152
101
59
31
26
41
66
77
104
91
92
82
110
148
154
153
159
122
148
130
164
194
198
221
204
177
146
160
114
117
121
106
90
72
60
43
33
45
32
27
21
6
7
1
2
1
0
0
0
0
0
0
0
0
0
0
0
0
0
0
0
0
0
1
2
10
2
0
6
1
1
1
1
0
1
0
0
11
6
20
69
133
361
610
800
749
1197
1553
1682
1936
2006
2085
2404
3023
3592
4243
4543
4551
4176
3535
2764
2075
1223
705
517
374
358
362
365
328
330
334
288
277
254
234
265
218
226
192
217
387
623
601
521
478
470
785
1084
1256
1353
1443
1559
1726
2004
2204
2282
2361
2398
2595
2559
2516
2539
2454
2256
1887
1595
1426
984
941
927
943
954
971
747
582
714
848
743
521
203
150
227
328
242
63
115
213
191
32
55
93
48
22
3
19
29
21
4
0
1
0
0
12
10
0
4
3
2
0
0
0
0
0
0
0
0
0
0
0
0
0
0
0
21
77
52
6
2
0
0
0
0
0
0
0
0
1
0
0
0
0
0
0
0
18
0
0
3
1
0
0
0
0
0
0
0
0
0
0
0
0
0
0
0
0
0
0
7
14
0
1
3
0
0
0
0
0
0
0
0
0
0
0
0
0
0
0
0
0
0
0
0
0
0
0
0
0
5
17
0
1
4
0
0
0
0
0
0
0
0
0
0
0
0
0
0
0
0
0
0
0
0
0
0
0
0
1
0
0
3
0
3
17
6
0
10
3
5
6
7
9
0
2
4
1
1
1
0
0
0
0
0
0
0
0
0
0
0
0
0
0
0
0
0
0
0
0
0
0
0
0
0
0
0
0
0
0
11
5
1
3
0
0
0
0
0
0
0
1
0
0
1
11
0
5
3
6
5
18
22
20
36
36
44
40
37
39
30
40
42
51
65
65
65
62
70
74
103
128
152
150
187
200
245
276
295
336
372
409
438
457
502
460
479
481
493
532
521
598
588
636
668
734
759
825
842
894
959
923
982
949
1004
1009
1020
973
965
913
841
743
621
490
414
292
213
141
96
38
9
2
11
18
62
126
207
327
446
615
824
930
1066
1276
1439
1614
1743
1804
1919
1831
1787
1717
1644
1591
1462
1273
1161
1013
921
815
723
672
633
658
607
510
263
170
146
114
68
56
44
52
74
82
38
19
16
12
44
55
77
46
18
0
1
13
16
1
3
0
0
0
0
7
13
0
0
0
3
0
0
0
9
11
1
0
1
0
0
0
0
0
0
0
0
0
0
0
0
0
0
0
0
0
0
0
5
0
0
0
0
0
0
0
0
0
0
4
35
34
2
0
18
12
5
5
4
0
1
10
16
16
5
0
0
0
0
0
1
0
0
0
4
0
0
0
0
0
0
0
0
0
0
0
0
0
0
2
5
5
0
2
0
0
0
0
0
0
0
0
0
0
0
1
1
1
3
0
0
0
3
1
0
0
0
0
0
0
0
0
0
0
0
0
0
0
1
0
0
0
0
1
3
0
1
0
0
4
12
70
104
115
105
125
152
136
150
147
202
272
321
384
506
578
597
699
798
936
1002
1125
1210
1311
1344
1491
1583
1848
1915
2157
2262
2381
2291
2146
2069
1845
1564
1278
975
702
580
414
224
135
106
187
332
472
630
737
817
952
1107
1231
1367
1544
1792
2030
2261
2596
2849
2989
3130
3236
3412
3424
3440
3403
3397
3363
3346
3331
3409
3313
3331
3272
3092
2918
2668
2380
2306
2130
1763
1401
850
341
529
870
1211
1363
1495
1532
1755
1851
1973
1825
1845
1996
2006
1672
1523
1378
1302
1302
1206
1119
1026
986
982
826
723
706
643
506
479
380
326
300
297
196
151
119
72
35
42
20
19
22
10
2
11
27
41
34
19
0
3
43
52
154
102
69
44
9
27
111
131
102
50
11
17
38
30
24
19
9
0
5
19
32
30
16
20
73
146
198
211
42
194
215
201
115
12
0
0
0
0
0
1
2
10
34
0
1
8
0
0
3
6
4
0
1
0
0
0
0
13
12
2
18
0
0
6
14
1
2
22
1
0
3
0
8
54
85
174
330
468
615
671
641
452
261
154
130
99
104
87
116
122
128
152
210
209
163
107
73
34
26
1
1
7
3
0
2
4
26
22
2
3
3
1
3
5
1
6
1
1
3
0
6
8
11
21
1
2
1
6
1
2
4
111
323
453
539
629
748
872
1144
1318
1313
1231
1328
1534
1886
2400
3001
3490
3888
4134
4222
4232
4053
3631
3092
2500
1971
1271
635
728
1346
2194
3141
3967
4414
4698
4728
4443
3651
2901
2345
1672
1334
1080
896
919
1013
1154
1240
1359
1365
1192
1166
981
769
790
777
771
674
605
485
328
264
274
305
307
180
136
89
185
198
138
73
31
23
18
13
16
9
10
0
5
1
10
2
3
0
0
1
1
2
12
3
0
0
0
7
30
4
0
0
0
0
0
2
33
293
512
745
1102
1387
1574
1870
2241
2714
3285
3646
3699
3658
3093
2424
1451
912
935
1624
2137
2730
3127
3331
3268
2882
2263
1903
1301
1215
1060
997
898
897
958
938
773
520
295
495
721
601
423
304
165
118
95
85
82
66
36
22
10
11
11
22
3
2
5
12
4
1
7
40
45
20
5
6
1
0
5
0
0
5
2
6
18
9
84
192
439
640
819
1122
1428
1875
2205
2330
2439
2376
2168
1715
1083
506
776
1421
1714
1878
1840
1753
1711
1652
1749
1785
1726
1572
1105
932
845
908
859
703
755
660
459
288
287
161
108
184
239
274
288
347
480
738
978
1344
1631
1869
2123
2632
2661
3003
3174
3065
2741
2178
1569
1335
1048
837
614
400
278
413
797
1172
1785
2254
2707
3091
3286
3277
3117
2688
2013
1407
904
578
504
703
853
865
806
660
508
446
348
232
173
222
265
239
189
105
49
57
14
18
18
21
17
1
6
7
17
0
3
77
0
43
34
17
16
11
15
1
0
3
1
7
13
17
4
0
0
1
0
11
9
17
4
1
0
0
6
0
0
0
2
0
0
0
0
0
24
15
0
0
0
0
0
0
0
0
0
13
28
3
0
0
0
0
5
4
0
0
3
0
0
0
3
2
10
13
0
0
0
0
0
1
27
64
0
19
24
0
0
0
0
0
2
0
0
0
0
0
0
0
0
0
0
0
4
23
29
16
12
3
9
0
2
1
4
3
1
0
0
0
0
1
0
0
0
0
1
106
39
63
55
47
67
87
143
115
125
146
149
124
94
52
56
55
38
19
3
2
2
0
0
1
2
2
0
0
0
0
0
0
0
0
0
0
0
0
0
1
0
5
1
4
8
6
8
2
1
13
43
56
195
334
437
528
594
659
627
540
410
403
379
323
319
332
350
347
370
368
425
379
370
381
373
340
313
274
271
241
205
154
122
115
87
56
27
26
31
20
6
1
5
1
4
1
6
25
16
2
1
3
1
5
5
30
42
4
22
32
18
30
75
89
109
79
41
19
22
21
10
36
25
27
30
23
11
8
2
3
0
0
0
0
0
0
0
2
0
1
1
6
15
28
15
5
12
17
11
3
5
5
0
9
40
40
26
40
24
6
2
9
0
1
6
12
31
20
33
48
41
22
15
6
18
7
8
2
2
4
11
19
15
16
22
26
18
17
14
12
1
2
1
19
62
160
278
409
479
587
615
688
689
645
587
546
589
553
535
493
523
519
521
521
410
473
305
243
175
161
142
137
116
82
61
32
24
13
9
7
9
26
28
26
39
5
3
0
2
0
0
0
0
0
0
0
0
0
0
0
0
0
0
0
0
0
0
0
0
0
0
0
0
4
8
1
30
18
0
0
2
49
134
172
210
188
121
43
0
0
23
149
221
264
254
200
126
66
32
62
41
16
2
12
13
1
0
1
0
0
0
0
0
4
3
0
0
0
0
0
0
1
0
2
97
252
374
512
480
451
412
386
285
177
187
182
164
202
205
234
297
310
319
312
350
373
416
427
415
379
336
303
221
155
92
47
77
197
317
462
627
739
851
873
852
836
750
680
617
607
600
545
511
464
471
427
382
286
251
199
210
208
154
180
175
156
92
86
61
44
42
23
32
26
19
17
37
250
566
760
946
1032
1062
1017
967
1001
926
741
533
435
360
306
190
146
261
416
510
589
573
552
483
367
348
275
228
217
173
159
192
187
186
111
100
134
128
99
68
69
62
44
48
39
42
49
38
22
15
5
8
13
16
17
13
2
2
12
35
10
1
21
94
145
280
420
640
824
969
1194
1580
2003
2621
3236
3838
4428
4774
4850
4721
4226
3545
2782
2195
1496
958
958
1534
2133
2840
3512
4175
4356
4225
3884
3247
2582
2034
1375
1169
833
668
891
978
1141
1098
863
555
464
464
421
432
363
270
248
147
104
87
31
15
23
16
6
13
3
35
63
35
110
126
42
50
145
36
49
75
75
84
88
42
48
52
63
68
42
42
57
51
41
20
47
14
21
5
16
26
39
17
8
11
8
16
4
8
9
43
21
10
1
1
2
5
38
19
19
48
67
29
16
3
0
0
0
6
8
0
0
0
0
0
1
0
5
18
21
1
0
29
17
0
2
10
4
1
2
6
5
4
4
28
9
9
12
13
3
0
0
0
5
9
2
6
4
1
2
2
0
0
1
0
9
2
2
7
17
13
3
0
0
0
0
0
0
3
4
12
23
30
10
71
185
484
665
880
1136
1462
1691
2030
2312
2342
2163
1826
1493
1405
1383
1250
982
1139
1523
1707
1627
1259
1100
1131
960
1672
1976
1880
1676
1619
1356
692
839
1100
1053
907
954
1172
1401
1733
1882
1816
1686
1447
1294
1165
1279
1144
916
955
1018
1113
1090
927
914
932
918
791
366
165
351
471
373
235
208
237
162
83
82
73
52
55
97
183
203
109
32
21
25
13
24
31
29
22
16
0
0
43
118
144
58
1
4
44
23
9
22
11
43
63
63
72
81
17
12
12
10
90
162
162
115
38
9
4
1
0
0
14
14
6
0
0
0
19
14
12
19
10
36
51
40
34
41
29
8
8
3
7
21
20
44
62
71
151
333
594
792
825
909
959
1057
1000
930
771
621
524
557
599
693
958
1435
1567
1585
1968
2562
3057
3734
4232
4509
4472
4484
4360
4112
3831
3476
2915
2118
1446
1315
2128
3181
4005
4611
4762
4540
4257
3895
2984
2010
1309
1056
581
448
679
933
1079
903
661
596
490
358
242
174
241
338
324
276
156
132
75
78
90
59
122
60
68
81
55
32
9
11
0
3
0
1
3
6
4
0
0
1
2
0
1
1
38
45
3
0
2
1
14
75
46
10
1
0
8
27
7
0
0
15
134
466
777
939
1105
940
924
920
974
1002
1024
1135
1271
1367
1374
1287
1270
1186
1140
810
464
581
1006
1478
1885
2263
2397
2212
1842
1322
689
599
1137
1347
1429
1355
1081
843
624
743
1098
1292
1227
1083
814
755
1264
1791
2230
2617
3428
4412
4979
5147
5089
5071
5034
5206
5115
4799
4948
5238
5693
6146
6705
7217
7331
7272
7083
6818
6461
6124
5672
5129
4600
3770
2951
2408
1983
1652
1394
1226
1120
1115
1151
1190
1402
1712
2292
2883
3234
3428
3545
3524
3312
2666
2426
2210
2168
1993
1836
1518
1119
685
292
283
650
942
1256
1547
1716
1930
2258
2792
3656
4339
4657
4701
4548
4121
3617
2694
1446
454
1339
2635
3540
4157
4516
4653
4552
4286
3411
2504
2254
2272
2127
1740
1189
827
365
184
655
957
1446
2075
2397
2320
2298
2583
3011
3459
3501
3412
3049
2401
1676
778
961
1692
2518
2996
3311
3451
3344
2806
2183
1780
1683
1446
1197
914
719
589
688
677
570
523
628
730
698
640
592
573
566
554
510
467
438
516
371
305
411
525
581
558
484
408
332
232
125
77
49
28
19
59
163
295
446
511
498
403
434
529
677
830
936
1098
1250
1463
1727
1979
2266
2629
2966
3343
3697
3960
4242
4377
4437
4199
4058
4046
4040
3895
3736
3431
3101
2859
2751
2526
2035
1409
1163
1689
2126
2134
1933
2059
2344
2381
2217
2217
2048
2058
2092
1842
1877
1808
1953
1872
1728
1702
1779
1654
1539
1358
1255
1176
1105
1144
927
782
776
828
931
870
822
680
590
448
260
198
230
247
228
141
119
81
56
85
107
68
68
22
4
0
4
6
8
1
2
8
1
3
2
0
0
2
0
1
0
0
0
0
7
24
74
135
273
327
464
542
660
697
737
821
786
693
707
810
929
970
1018
1026
941
876
745
640
562
576
634
646
621
553
451
371
412
496
500
404
350
195
339
437
169
465
138
493
412
336
464
178
392
315
433
314
443
272
386
413
435
209
390
197
356
205
410
539
674
726
862
952
959
993
1059
1024
879
838
805
852
839
836
731
586
404
321
228
259
325
288
186
87
63
124
90
81
35
15
7
4
2
5
32
26
76
160
233
359
463
580
623
616
577
472
338
216
169
203
187
180
186
190
188
146
124
100
91
81
107
61
50
28
32
34
29
18
24
35
48
150
179
197
189
172
183
236
292
258
265
180
120
81
74
69
53
72
76
46
22
25
19
27
10
10
5
3
28
60
73
90
84
30
22
37
39
7
4
3
11
2
0
0
0
0
1
32
33
79
114
108
73
23
9
9
7
6
5
2
0
0
0
1
0
0
0
0
0
0
4
2
4
12
4
1
0
0
0
0
0
0
0
0
0
1
7
158
277
255
95
20
19
65
43
47
36
33
52
50
40
63
77
98
119
145
136
140
107
97
103
131
121
186
217
173
114
92
65
62
52
35
43
71
174
394
525
575
597
523
419
303
232
137
109
125
123
145
143
128
117
129
214
277
109
41
41
34
42
27
28
13
10
8
4
7
4
0
5
2
2
0
0
0
0
0
42
237
270
113
27
10
16
8
1
1
6
14
27
23
10
4
1
2
0
1
1
2
0
2
0
9
19
16
16
16
16
22
33
43
38
39
19
1
4
1
9
3
23
28
15
11
13
8
21
5
3
1
1
0
1
17
8
4
7
9
8
9
15
27
28
32
25
30
41
44
47
57
44
55
61
63
71
70
71
80
96
97
113
109
159
151
166
187
210
260
300
389
521
584
623
554
514
442
443
435
417
436
472
482
496
516
538
542
546
555
589
594
620
604
646
652
630
596
618
532
511
473
459
434
419
399
391
325
300
288
288
251
226
173
96
74
76
127
134
122
157
179
223
252
279
303
344
340
385
412
432
493
507
451
366
330
333
404
398
354
314
271
183
106
25
0
4
10
9
16
8
17
31
42
53
50
33
46
56
68
56
54
60
56
54
50
41
31
29
26
20
24
7
3
7
14
25
35
22
1
0
0
1
14
23
14
3
3
3
3
2
0
7
15
0
9
40
44
21
2
0
3
2
0
0
0
0
0
1
0
0
0
1
0
0
0
0
0
0
0
31
98
135
151
121
68
6
22
79
136
150
113
74
68
55
28
27
4
1
1
5
2
7
0
2
2
4
1
6
5
8
2
11
13
19
26
29
38
28
40
60
61
45
44
39
35
31
31
23
45
62
84
46
34
19
11
7
82
77
71
44
26
20
18
68
67
49
9
5
0
0
0
0
1
0
4
3
3
1
8
3
6
12
24
71
160
286
355
464
438
420
374
298
255
286
266
274
315
266
243
237
190
199
145
159
188
165
182
169
126
104
96
61
48
23
33
19
17
3
3
5
13
26
51
38
9
2
11
8
4
1
14
61
31
4
26
43
39
17
3
2
0
3
0
1
0
21
15
0
0
0
3
13
39
92
157
89
124
81
6
18
52
75
164
202
289
365
499
737
1103
1211
1128
1083
1044
1038
1047
1052
1023
955
1057
1067
975
1018
960
940
852
730
562
334
221
241
246
280
330
336
278
168
187
247
227
137
97
68
93
74
59
73
84
60
52
38
43
56
72
104
123
163
301
410
558
693
779
913
1057
1198
1281
1382
1569
1612
1707
1812
1901
2027
2060
2058
1978
1848
1757
1681
1624
1634
1765
1876
1733
1597
1445
1104
997
889
913
712
674
719
918
1203
1573
1623
1451
1233
1289
1460
1752
1815
1805
1574
1332
1109
935
854
836
820
835
860
773
666
545
478
413
460
557
579
627
505
426
291
194
325
384
421
373
326
269
237
191
195
209
282
278
257
223
139
24
37
82
117
56
39
34
21
27
62
61
36
15
9
3
2
1
0
0
1
3
10
9
10
0
0
6
8
1
1
1
4
8
10
24
29
49
54
55
43
33
27
0
0
5
10
10
7
5
18
20
12
5
9
5
6
5
5
3
1
1
0
2
0
0
0
2
0
10
0
1
1
0
0
0
0
5
16
24
2
0
7
12
7
0
0
2
0
0
0
0
0
0
0
0
0
1
0
0
0
0
0
1
3
2
1
0
0
0
0
0
0
0
9
247
447
551
543
523
416
206
11
89
331
475
531
393
252
112
57
12
1
34
15
0
20
5
1
7
6
2
6
0
0
1
10
4
1
1
0
0
0
0
0
5
0
2
8
12
2
0
0
0
2
0
2
4
1
3
2
4
10
10
5
0
0
6
46
119
96
31
7
0
15
49
20
15
21
12
16
16
17
26
20
7
0
20
9
7
24
18
2
0
12
0
10
3
3
0
0
8
66
0
18
23
6
0
0
1
5
5
5
1
0
2
0
0
11
11
0
0
75
2
33
19
0
0
3
10
5
5
7
1
0
7
1
10
13
21
0
5
35
1
1
20
66
115
172
299
412
392
358
220
125
128
151
129
157
151
224
266
245
199
187
293
495
739
930
1145
1158
1007
850
713
715
834
1139
1498
1742
1691
1434
1319
1161
938
705
581
540
546
508
511
582
685
741
805
729
723
714
793
825
1007
1088
1177
1240
1337
1360
1346
1389
1530
1562
1718
1707
1810
1881
1845
1717
1487
1338
1163
1009
881
794
795
858
940
833
876
900
977
1279
1595
1964
2159
2065
1947
2079
1852
1701
1611
1538
1427
1287
1263
1250
1276
1150
921
882
751
676
676
611
583
483
347
249
180
126
86
77
73
139
147
100
301
744
1305
1666
1632
1614
2001
2397
2791
3010
3244
3392
3549
3150
2406
1617
1450
2074
2814
3423
3824
3732
3149
2430
1619
1022
901
854
1026
1226
1211
979
718
707
670
476
435
420
352
354
428
494
547
442
204
49
30
123
112
121
28
62
130
43
16
64
18
0
5
13
3
2
54
34
58
46
19
3
5
4
21
23
13
0
1
0
0
0
0
1
4
0
0
0
0
0
2
2
3
1
0
0
0
0
7
31
39
61
24
1
0
1
0
26
72
90
55
0
6
5
18
10
49
9
0
21
49
125
225
287
320
334
291
259
217
167
142
135
162
185
155
175
137
118
109
91
81
72
78
102
79
81
88
95
79
63
42
40
33
37
31
28
26
22
51
168
384
541
602
530
430
199
34
25
48
66
49
27
19
49
80
113
198
278
323
310
247
151
64
9
0
0
0
0
0
0
0
0
1
0
0
0
0
3
12
36
22
42
12
37
35
68
200
379
522
539
555
606
622
649
634
607
553
449
406
377
316
277
271
276
262
265
275
257
192
186
183
173
188
196
207
212
225
239
310
311
374
442
491
497
606
704
914
1083
1116
1131
1200
1232
1289
1442
1649
1758
1877
2020
2196
2235
2256
2258
2135
1987
1944
1905
1787
1572
1290
1195
1052
849
605
544
521
465
387
395
328
195
116
131
121
91
88
149
105
59
75
59
46
39
52
52
25
20
81
46
10
1
8
0
0
11
13
2
10
39
34
15
8
5
1
0
4
7
3
39
50
109
162
199
269
405
536
592
712
851
994
1092
1198
1369
1563
1665
1759
2040
2318
2606
2943
3318
3481
3432
3201
2967
2847
2752
2671
2533
2405
2192
1735
1333
1157
1179
1077
1132
1025
965
960
761
697
782
685
641
605
672
515
375
323
286
293
378
325
221
159
155
88
62
23
32
91
28
28
29
8
9
9
9
16
30
17
23
2
6
1
3
2
1
2
2
22
28
57
101
110
173
266
362
524
818
1101
1362
1449
1534
1470
1357
1334
1272
1253
1301
1451
1414
1429
1325
1309
1213
1138
1028
1003
883
847
671
702
537
389
228
212
237
365
578
778
1070
1321
1463
1747
1994
2305
2663
2896
3166
3189
3164
3156
3281
3652
3906
4077
4006
3888
3682
3199
2611
2111
1738
1643
1599
1367
1178
1039
1033
920
792
659
542
483
378
331
305
313
290
287
281
238
246
176
110
89
70
67
101
107
86
115
136
171
202
200
227
228
218
213
231
314
403
487
564
633
716
806
853
958
1079
1230
1457
1744
2001
2224
2301
2457
2484
2577
2704
2767
2816
2791
2743
2856
2912
2869
2859
2780
2655
2364
2279
2214
2181
2080
1970
1828
1539
1234
954
678
515
431
522
727
900
1051
846
925
862
895
981
1257
1524
1690
1868
2037
2069
2090
2174
2379
2763
3391
3620
3912
3883
3733
3407
3053
2731
2495
2253
1828
1249
761
491
267
592
1049
1808
2480
3065
3463
3852
4111
4366
4385
3983
3378
2596
2111
1687
1554
1481
1248
1037
1003
1099
1181
1255
1219
1126
994
903
917
842
719
430
820
887
1030
1083
1071
888
717
582
327
270
302
286
136
49
10
21
12
1
0
5
7
0
8
0
1
1
16
57
154
154
78
46
48
27
14
6
9
9
5
3
11
3
0
0
1
1
0
2
0
0
0
14
171
378
466
539
517
494
356
218
141
94
86
58
42
47
32
14
14
7
3
0
1
1
1
0
0
0
1
0
0
0
0
0
0
0
0
0
0
0
0
1
2
2
3
3
0
0
0
0
0
0
0
0
0
0
0
0
0
2384
0
1
0
0
0
0
0
2
0
0
4
2
3
6
6
5
5
3
7
9
16
9
23
7
10
12
10
3
5
7
2
1
2
3
1
6
0
3
2
0
1
1
0
12
0
0
0
0
0
0
0
0
0
0
0
0
0
0
0
2
2
1
5
2
6
7
5
3
4
4
3
0
1
0
0
3
0
3
0
0
0
0
0
0
0
0
0
0
0
0
0
0
0
0
1
0
0
0
1
0
0
0
1
2
3
3
0
0
0
0
0
0
0
0
0
0
0
0
1
0
0
0
0
2
0
0
0
0
0
0
3
0
0
2
3
2
10
21
31
31
41
38
48
46
34
38
33
31
27
27
33
37
24
20
8
14
11
15
11
12
5
6
0
1
3
0
3
0
0
0
1
0
0
4
0
0
1
4
2
0
1
3
2
3
2
5
14
11
15
17
17
20
15
9
18
21
19
10
2
8
6
6
8
1
0
3
0
0
2
0
0
0
1
0
0
0
0
0
0
0
1
0
0
0
9
49
147
204
210
212
188
203
279
405
716
930
1028
1030
873
709
484
375
343
369
406
393
413
376
353
318
286
225
206
150
154
116
83
52
41
32
21
12
5
14
12
16
0
0
0
0
0
0
22
1
1
5
6
6
7
1
2
1
2
0
2
0
0
1
1
12
12
6
6
4
5
1
1
0
4
0
0
1
12
4
0
0
2
0
1
2
9
3
18
11
13
20
45
84
118
173
197
218
258
332
345
426
494
580
622
686
789
876
1017
1090
1219
1318
1351
1366
1414
1435
1510
1529
1514
1573
1591
1565
1484
1394
1335
1241
1112
1019
978
952
991
959
1030
962
824
645
517
246
162
280
401
343
201
197
276
360
380
492
634
761
797
883
1115
1258
1420
1577
1852
2001
2089
2394
2641
2841
3049
2972
3093
3219
3222
3221
3094
2828
2606
2326
2216
2188
2055
2030
2039
2014
2076
2151
2183
2224
2233
2309
2321
2299
2366
2337
2329
2352
2383
2349
2305
2245
2184
2122
2008
1840
1677
1438
1204
1041
892
695
566
415
377
365
344
288
286
290
332
364
286
239
180
130
109
101
78
101
146
221
286
417
602
735
662
518
381
297
206
123
157
161
99
134
173
265
366
478
482
536
573
823
988
1034
1159
1409
1565
1724
1908
2198
2313
2461
2490
2581
2642
2725
2940
3062
3221
3212
3139
2980
2815
2707
2667
2592
2431
2388
2299
2293
2360
2440
2437
2470
2486
2585
2525
2531
2463
2514
2496
2410
2394
2407
2379
2326
2229
2090
1972
1814
1670
1451
1263
1202
1040
822
666
530
391
298
147
121
196
128
85
137
178
192
212
315
397
491
501
573
691
822
1048
1387
1586
1854
2133
2296
2560
2713
2991
3194
3196
3053
3120
2942
2730
2527
2324
2040
1873
1706
1591
1481
1261
1097
937
831
708
610
555
496
389
327
257
213
149
135
155
168
153
92
109
105
89
52
39
29
36
34
50
60
26
19
85
119
109
105
75
46
15
4
12
26
4
11
131
245
341
385
409
356
278
205
191
160
125
99
86
155
116
99
85
48
47
34
37
27
26
20
18
13
8
13
4
58
11
3
38
5
47
33
3
3
8
16
37
22
28
24
4
2
33
106
304
468
571
670
714
753
857
880
963
1050
1157
1215
1273
1305
1472
1580
1658
1686
1697
1598
1561
1539
1583
1677
1792
1834
1803
1726
1694
1618
1628
1612
1557
1517
1495
1522
1471
1484
1434
1394
1431
1394
1360
1316
1261
1257
1183
1208
1148
1013
833
737
804
885
952
1029
896
859
965
852
875
836
770
751
803
811
942
1042
1186
1291
1463
1344
1070
789
688
596
663
633
604
841
929
951
785
598
391
295
384
321
280
308
450
598
786
1019
1146
1280
1389
1597
1818
2000
2236
2407
2606
2647
2544
2483
2613
2710
2684
2737
2903
2853
3513
4314
4706
4967
4960
4826
4571
4083
3406
2835
2261
1839
1615
1493
1350
1291
1248
1372
1592
1720
1569
1365
1130
1018
1259
1226
1341
1457
1282
1097
1310
1682
1817
1663
1383
1145
1119
1115
1228
1374
1453
1183
1257
1614
1652
1417
1088
1067
1188
1168
921
854
1046
1055
1130
1125
1206
1187
1088
1015
909
745
662
497
495
461
457
382
420
726
884
929
732
748
814
692
556
436
367
500
670
753
638
464
138
165
196
218
440
521
424
286
218
184
167
174
223
199
157
110
86
82
94
77
58
50
32
10
4
23
85
100
233
442
489
197
249
499
529
477
224
341
821
1083
1009
734
422
282
366
517
596
617
542
397
420
492
628
685
756
588
293
256
497
592
724
816
870
748
428
480
723
685
430
276
262
303
513
569
568
187
340
475
355
198
147
173
203
211
235
287
380
419
308
219
258
468
704
957
1143
1363
1571
1776
1913
1978
2010
2037
2063
2244
2104
1931
1599
1190
539
854
1539
2345
3125
3628
3655
3077
2276
1489
615
1108
1601
1991
2330
2589
2634
2490
2114
1763
1173
914
883
876
578
827
835
787
652
584
410
229
317
341
280
296
306
191
201
166
308
323
193
88
37
91
54
54
22
17
36
39
39
20
22
31
15
23
29
36
38
56
180
311
465
558
534
516
433
328
268
205
127
107
106
112
96
125
148
160
149
154
238
384
502
637
770
828
796
714
614
473
368
251
135
88
72
62
71
66
90
83
82
78
82
82
77
64
56
55
44
32
10
7
12
4
2
5
13
1
27
2
10
42
50
29
2
0
0
3
5
0
0
0
1
1
0
0
0
0
0
10
18
81
53
10
0
0
0
0
0
3
5
9
23
29
31
0
2
7
3
3
12
24
14
41
43
66
170
171
184
265
331
444
571
770
1029
1304
1423
1499
1643
1566
1546
1542
1595
1592
1582
1383
1272
1403
1537
1488
1294
1041
798
575
489
388
237
74
28
44
47
47
8
20
95
257
353
573
807
1042
1168
1213
1361
1515
1521
1368
1223
1119
1038
935
1010
959
854
847
935
979
835
677
577
406
461
493
516
467
410
432
495
415
274
210
210
176
180
189
187
222
250
255
255
199
155
173
179
177
231
246
203
212
149
89
65
39
13
4
16
13
5
26
4
2
2
6
15
18
25
21
27
31
16
13
8
5
5
2
16
20
19
14
6
4
0
0
0
0
0
0
0
0
0
5
22
31
53
56
54
33
11
9
23
25
0
0
0
0
0
0
0
0
0
8
36
15
19
3
4
23
4
0
10
18
24
9
0
6
15
1
26
77
73
0
0
0
18
23
11
34
0
2
0
5
24
24
1
0
0
14
41
11
100
9
9
35
15
1
3
1
2
0
1
3
0
0
3
3
4
0
0
0
0
0
0
0
0
0
0
0
0
0
0
11
21
4
6
0
10
5
0
0
2
1
0
0
1
1
1
7
6
7
0
2
6
3
3
38
35
97
68
21
7
6
2
53
142
90
31
11
0
0
4
1
0
0
5
8
0
0
0
0
0
16
18
22
23
41
157
322
374
559
820
1342
1849
2526
3096
3600
3895
3890
3497
2786
1763
634
1498
2250
3005
3491
3671
3433
2820
2224
1748
1276
822
655
776
1064
1041
852
756
539
368
474
498
387
467
385
58
41
71
114
54
19
34
26
29
29
45
59
44
50
81
116
127
109
71
57
16
34
55
66
36
22
4
2
4
9
8
1
7
17
22
22
16
7
6
3
1
3
0
0
0
0
0
0
11
77
43
32
36
43
45
51
34
13
1
21
83
47
31
26
15
2
5
0
1
17
0
26
24
8
10
85
177
234
207
71
7
11
51
103
175
231
293
339
337
239
62
0
5
95
181
227
307
260
174
74
1
1
12
12
6
4
3
2
0
2
1
4
5
12
42
82
87
48
14
7
0
0
0
0
0
1
1
2
2
0
0
0
12
93
156
224
306
290
205
113
21
2
0
0
1
0
3
0
0
0
0
0
1
2
3
0
1
0
1
0
6
7
1
0
0
1
42
26
1
5
4
0
0
3
1
0
0
0
0
0
0
0
3
0
4
0
0
0
0
0
0
0
0
0
0
0
3
2
0
0
0
0
0
0
0
0
0
0
1
7
2
14
5
8
30
63
122
257
422
559
658
674
749
794
859
915
892
768
720
727
717
664
696
712
788
871
914
849
638
229
293
495
443
168
304
414
310
231
569
439
561
609
767
704
676
823
927
1015
1104
1184
1221
1086
965
817
595
683
731
693
566
346
272
338
482
479
379
237
97
99
117
170
141
129
72
55
95
84
6
11
19
37
122
35
20
20
15
19
11
5
0
1
3
5
0
3
1
1
2
2
4
4
3
5
30
68
25
22
89
52
6
11
12
7
3
0
2
4
2
4
7
2
0
0
0
18
42
142
255
419
405
309
167
100
69
28
24
18
10
3
11
12
14
8
3
8
9
21
22
16
11
7
6
4
2
0
0
0
0
0
0
1
0
0
0
0
9
19
0
1
2
0
0
8
27
0
0
0
0
0
0
0
0
0
0
0
0
0
0
0
0
1
3
0
4
15
14
13
16
13
12
9
5
2
0
1
1
1
0
0
0
0
0
26
0
0
0
0
0
0
0
0
0
0
0
9
13
0
0
0
0
0
0
0
1
0
0
9
13
12
12
6
21
215
481
683
811
735
620
413
266
200
225
221
180
174
116
89
45
64
37
59
62
82
87
84
53
52
36
35
21
4
0
0
0
0
0
1
1
7
8
8
5
11
6
7
3
1
4
4
1
2
0
0
2
7
7
2
6
1
4
5
4
6
9
5
4
5
7
6
1
3
2
4
1
1
2
0
0
4
3
6
0
0
0
0
9
21
12
8
11
6
4
2
1
0
0
2
1
0
0
1
0
1
1
2
5
9
3
1
0
3
0
0
0
0
0
3
5
0
0
0
0
0
0
0
0
0
0
2
1
0
2
4
6
18
21
24
37
31
53
112
150
222
315
499
685
894
1067
1185
1277
1253
1161
1078
1088
1039
1049
1033
1051
1062
1054
1054
956
987
990
1008
1080
1107
1059
1119
1098
1090
1090
1051
1050
1042
1019
1036
1017
992
998
1036
1010
1050
1059
1062
1130
1171
1166
1187
1237
1260
1364
1492
1539
1546
1574
1483
1459
1458
1664
1769
1649
1539
1512
1417
1263
1182
1145
1012
956
870
796
877
1039
1137
1171
1172
1267
1330
1488
1764
1934
2151
2371
2566
2863
3205
3498
3757
3649
3591
3724
3685
3889
4113
4098
4072
4016
4019
3979
3970
4037
4013
4069
3975
3831
3665
3538
3528
3451
3392
3225
2916
2605
2368
2105
1831
1626
1441
1446
1507
1652
1666
1430
1185
1012
956
889
1105
1335
1179
849
874
887
888
1001
994
904
716
463
364
326
447
565
779
948
958
807
831
887
1016
1103
1324
1460
1647
1882
2059
2280
2469
2669
2988
3259
3427
3542
3651
3670
3547
3469
3224
3132
3202
3556
3439
3363
3445
3564
3391
3136
3166
3218
3218
2985
2808
2745
2744
2730
2593
2473
2279
2144
1840
1732
1606
1421
1174
1084
1009
893
726
584
551
417
336
220
196
298
308
369
456
478
466
359
227
288
607
726
983
1315
1496
1554
1450
1397
1357
1490
1529
1664
1746
1766
1656
1663
1627
1631
1596
1456
1377
1302
1359
1287
1159
1055
1095
999
895
882
902
858
785
766
718
694
610
593
577
560
593
544
488
415
416
360
369
280
236
182
102
59
31
28
20
19
25
20
5
8
9
3
3
1
0
0
0
1
4
6
5
6
9
6
3
10
10
6
4
7
9
9
7
8
6
5
9
9
9
6
7
1
1
4
20
87
60
13
0
3
7
10
32
42
59
108
116
144
167
198
221
252
246
233
228
220
226
207
197
219
216
179
157
107
87
85
75
102
61
52
35
20
35
37
13
1
0
6
34
11
5
0
1
1
1
3
5
11
3
4
10
2
3
1
0
0
0
1
0
0
0
0
0
0
3
13
185
426
557
607
539
418
279
236
269
215
188
216
134
190
239
258
277
296
166
73
165
330
470
504
485
466
334
195
147
174
194
226
214
211
264
335
431
515
578
621
578
639
710
764
836
910
949
1018
970
940
1041
1060
1040
1099
1027
1089
1151
1142
1117
1069
985
829
658
568
478
398
361
282
296
256
209
152
115
138
221
396
585
674
694
595
272
92
117
136
118
99
92
101
72
62
92
109
118
104
101
74
65
72
89
138
283
424
609
749
851
1141
1450
1919
2357
2966
3510
3943
3947
3657
2982
2139
1376
693
1339
2148
2978
3600
4054
3970
3780
3433
2951
2264
1615
1279
1002
872
828
729
414
236
286
338
381
676
967
1245
1692
2206
2736
3047
3008
2809
2392
1887
1434
1128
953
826
735
925
975
948
839
776
866
901
917
972
705
460
580
409
445
691
770
884
1117
1460
1800
2033
2056
2167
2045
1947
1789
1267
1151
1040
907
1026
1001
849
801
538
302
416
602
732
502
391
387
335
203
157
106
151
179
208
213
175
200
233
177
115
136
142
104
109
123
190
148
91
56
80
68
10
12
45
57
19
30
18
0
10
20
3
0
4
1
5
12
28
101
52
83
42
21
6
0
17
56
121
191
244
311
344
345
332
306
267
210
165
122
89
62
44
41
30
53
54
119
139
146
113
81
76
125
189
267
312
337
327
285
235
148
69
24
20
10
25
40
49
70
84
79
72
70
55
40
40
42
53
75
145
159
106
92
60
33
25
27
17
10
14
22
75
52
26
49
56
25
11
12
8
2
2
0
2
5
6
3
0
0
2
0
0
0
0
0
5
20
29
48
91
21
35
116
153
95
89
331
608
759
693
504
312
135
56
46
43
67
89
120
152
161
112
77
91
129
212
217
229
258
278
223
177
147
98
66
38
35
35
18
5
6
26
58
138
237
328
438
526
597
659
696
742
723
685
605
618
702
849
978
1021
1116
1222
1390
1626
1917
2214
2499
2581
2613
2621
2701
2798
2858
2905
2852
2657
2355
2201
2206
2096
1971
1851
1627
1510
1357
1225
1205
1081
1014
882
714
623
520
433
367
324
245
186
136
85
70
50
61
82
45
21
14
5
6
5
12
3
1
3
7
21
23
21
14
13
21
19
1
1
0
10
16
7
2
0
0
1
3
4
0
2
5
0
3
3
155
575
936
1141
1276
1411
1678
1861
1884
2336
3030
3803
4357
5176
5614
5593
5642
5628
5458
5296
4910
4446
4096
3797
3461
3168
2795
2532
2169
1927
1711
1790
1864
2345
3114
3416
3318
3063
2924
2361
1959
1798
1642
1428
1512
1483
1538
1085
683
704
859
856
1037
1250
1267
1173
1158
1148
974
948
889
903
909
949
1050
1149
1240
1200
987
1039
1049
1158
1134
1050
973
890
806
821
691
651
606
507
371
311
314
364
347
337
251
241
177
147
111
106
110
90
103
67
35
3
1
0
0
1
0
0
2
0
1
1
3
2
1
3
6
5
1
7
7
13
4
2
6
2
5
15
16
11
0
0
0
0
0
0
0
0
1
0
0
0
0
0
0
0
0
0
0
0
0
0
0
0
0
0
0
0
0
0
0
0
0
0
0
0
0
0
0
0
0
0
0
0
0
0
0
0
0
0
0
0
0
0
0
0
0
0
0
0
0
0
0
0
0
0
0
0
0
0
0
0
0
0
0
0
0
0
0
0
0
0
0
0
0
0
0
0
0
0
0
0
0
0
0
0
0
0
0
0
0
6
0
0
0
0
0
0
0
0
0
0
0
0
0
0
0
0
0
0
0
0
0
0
0
0
0
0
0
0
0
0
1
0
0
0
0
0
0
0
0
0
0
0
0
0
0
0
0
0
0
0
0
0
0
0
0
0
0
10
4
3
0
2
3
0
2
4
13
31
99
142
120
75
54
18
0
2
2
3
2
19
53
56
92
118
73
62
52
31
17
11
27
44
144
208
146
74
32
12
2
4
1
3
3
0
1
0
0
2
2
7
1
7
11
9
9
6
6
3
2
2
0
1
0
0
0
0
0
0
0
0
0
0
0
0
0
0
0
0
0
0
0
0
0
0
0
0
0
0
0
0
0
0
0
3
24
25
7
0
0
1
18
7
26
22
14
8
10
17
36
41
41
31
23
40
27
20
17
16
7
6
23
21
24
11
13
24
29
45
67
55
27
13
13
20
24
23
25
319
679
716
568
343
139
22
120
193
145
20
109
35
26
20
218
260
138
52
12
6
24
50
53
37
38
30
4
4
1
0
5
46
136
169
105
151
223
274
440
533
575
629
708
797
845
959
1110
1289
1371
1351
1221
1038
941
760
601
569
537
479
414
394
370
371
369
354
339
340
331
322
328
300
242
289
438
621
715
697
625
592
484
371
349
341
310
303
282
303
385
407
383
321
292
346
412
401
302
205
129
62
71
46
19
10
91
161
212
300
318
303
291
346
407
448
470
494
538
513
513
494
506
543
638
690
693
671
734
744
767
793
790
843
884
922
989
1078
1121
1219
1239
1329
1340
1327
1334
1285
1279
1201
1147
1105
1033
943
818
713
610
526
465
422
289
235
197
158
130
79
48
32
36
36
41
34
36
37
41
48
50
61
48
31
22
22
22
11
20
11
13
7
4
0
0
0
1
1
1
1
2
2
0
0
0
0
1
0
1
13
220
229
82
10
9
5
6
3
4
11
10
18
1
4
7
10
13
6
14
8
5
12
11
2
15
10
4
0
0
0
1
4
2
1
3
6
3
0
7
26
6
3
8
18
24
49
53
97
150
217
238
303
405
454
543
618
810
972
1177
1317
1383
1512
1605
1694
1707
1740
1665
1665
1578
1621
1576
1627
1686
1811
1761
1732
1635
1595
1540
1518
1415
1292
1209
1102
990
893
806
625
481
359
294
244
226
171
106
63
32
2
30
67
116
202
324
363
406
448
503
553
737
960
1042
1032
977
1116
1190
1259
1274
1248
1196
1044
1070
1188
1219
1200
1127
1099
942
814
843
734
666
667
823
1030
1145
1167
1121
1060
1039
935
969
896
910
834
795
721
632
558
441
324
271
172
110
60
78
100
98
78
57
25
36
83
113
39
106
126
93
29
53
38
33
63
49
28
32
26
61
51
60
79
56
55
99
87
137
229
287
286
275
252
226
189
111
38
2
2
12
23
42
174
348
223
118
122
52
48
52
39
17
17
10
5
8
6
4
12
24
26
22
25
8
15
17
8
4
2
13
8
14
24
24
11
8
9
1
9
20
54
93
116
122
134
57
1
0
3
4
3
9
11
42
118
139
87
63
87
96
111
332
353
113
38
75
76
105
79
40
25
37
145
192
93
13
0
0
18
16
1
0
0
8
5
0
0
0
0
0
0
0
0
4
18
9
1
0
0
1
3
19
2
3
0
0
0
0
0
30
19
1
0
2
1
1
2
1
10
21
12
0
0
1
3
6
5
9
24
35
24
16
44
4
7
5
0
8
0
4
24
36
47
36
36
35
4
173
137
2
8
16
10
14
14
0
11
0
1
0
1
48
16
1
4
10
22
11
1
5
5
8
28
17
0
10
8
7
37
41
42
45
58
54
49
50
24
23
39
41
25
54
51
24
31
75
100
37
45
110
176
198
59
92
140
31
53
55
71
22
52
87
41
27
54
38
17
12
8
20
32
247
596
654
872
853
413
153
267
291
269
143
293
331
281
188
219
76
133
210
266
202
161
112
122
121
86
97
88
182
166
205
192
92
141
275
67
73
59
127
123
83
65
54
67
35
18
12
18
12
5
35
115
174
119
21
2
16
25
16
2
5
25
32
12
14
5
15
16
25
16
21
25
44
60
43
14
4
14
100
87
7
6
4
4
23
146
30
70
82
109
72
55
19
39
78
9
6
1
6
22
14
2
0
3
5
9
1
0
0
8
5
15
87
281
621
788
566
236
275
267
128
105
91
29
15
77
115
136
109
108
163
300
367
424
376
269
143
90
108
279
588
854
1161
1309
1193
1105
1137
1008
723
572
351
320
334
336
362
379
385
336
307
293
232
214
180
120
127
148
171
166
133
127
150
198
273
297
303
188
81
25
11
28
28
58
92
60
47
44
128
107
59
108
103
95
98
82
96
126
190
118
135
125
208
285
280
241
200
183
142
67
45
14
6
43
71
113
128
124
120
100
96
109
106
123
149
131
133
194
303
402
493
626
756
870
970
1102
1218
1360
1472
1521
1491
1465
1447
1446
1532
1494
1470
1313
1062
787
575
406
489
606
630
600
580
506
377
230
183
104
33
33
49
56
44
17
29
44
90
99
138
187
234
321
344
409
498
539
632
718
781
895
903
980
1084
1124
1187
1278
1359
1365
1436
1464
1459
1502
1488
1423
1413
1318
1236
1239
1329
1226
1079
892
754
554
268
129
39
7
15
50
55
48
116
232
309
355
449
639
724
897
1084
1307
1514
1765
1906
2075
2198
2231
2133
2229
2157
2015
1889
1595
1393
1195
1192
1132
1024
871
693
528
429
390
348
231
149
88
67
60
42
35
14
10
4
13
13
4
7
4
20
19
48
25
34
17
0
4
1
0
0
0
1
0
0
0
20
106
73
7
0
0
0
0
0
0
0
0
0
0
13
0
1
1
0
0
0
0
0
0
0
0
0
2
2
9
15
42
29
9
9
6
11
10
6
8
7
11
17
19
23
23
25
29
32
34
35
33
30
32
27
4
3
3
1
1
0
1
4
4
3
36
28
10
14
25
59
85
91
107
139
203
267
363
463
553
573
716
769
859
992
1027
1129
1329
1371
1437
1455
1492
1542
1606
1615
1632
1619
1616
1472
1338
1201
1147
1088
1031
918
748
546
387
270
141
94
83
74
152
194
121
143
247
262
285
406
518
624
861
1031
1150
1281
1472
1471
1402
1380
1291
1159
1053
1111
1165
1167
1048
865
704
558
395
321
352
301
281
250
204
176
153
97
85
63
51
49
43
54
43
44
58
54
49
49
30
25
16
5
3
1
6
7
5
8
6
8
15
18
11
4
10
2
14
0
1
0
0
6
28
14
3
0
0
0
0
0
12
93
65
28
208
252
180
210
212
230
178
134
82
26
42
88
131
177
199
230
106
23
27
5
4
9
0
0
22
14
29
27
27
3
2
4
3
6
10
26
0
1
0
27
27
9
29
1
0
0
1
1
3
1
60
0
24
31
14
1
26
76
0
67
41
1
0
1
0
0
4
0
3
35
46
0
8
22
9
0
0
0
0
4
5
0
10
0
29
64
2
14
21
13
4
0
1
0
1
1
1
0
2
0
0
2
0
0
0
2
1
8
30
47
21
14
42
91
17
45
30
3
12
47
30
30
38
7
3
3
36
40
0
4
19
17
5
8
38
0
41
32
46
106
200
212
129
32
6
4
11
22
1
17
17
2
55
10
16
56
21
7
6
12
1
8
7
12
14
3
4
8
5
23
15
8
14
18
26
114
235
379
425
316
244
356
394
346
404
405
432
513
563
539
651
733
751
758
862
891
920
906
992
972
1097
1191
1236
1230
1339
1461
1390
1315
1269
1164
986
734
464
282
195
226
263
202
134
131
273
521
777
776
579
357
282
308
285
258
287
303
361
319
267
196
137
185
176
179
156
91
80
53
48
71
57
51
44
46
56
89
181
222
215
157
110
46
44
41
35
40
20
9
3
6
3
6
28
35
4
52
34
1
13
0
0
5
10
9
7
4
5
13
3
2
1
2
13
3
14
10
12
6
7
5
8
21
31
60
41
43
17
3
2
0
0
0
0
0
0
0
0
2
3
21
13
6
0
0
0
7
1
0
0
0
62
117
16
16
44
75
66
87
152
192
219
245
241
231
151
51
2
0
4
11
17
44
38
19
32
64
128
313
445
453
322
195
84
11
3
5
4
9
1
1
6
10
20
49
60
80
110
106
96
102
97
82
67
79
60
51
25
34
3
2
0
0
0
10
4
0
0
0
0
0
0
0
0
4
1
0
14
31
54
52
47
81
84
141
190
248
226
282
370
452
516
514
513
486
424
343
262
215
168
153
115
112
94
106
97
92
104
77
80
43
54
81
85
87
98
102
67
63
66
59
35
28
25
20
14
14
10
15
26
119
265
298
371
430
459
479
548
630
683
692
602
442
285
171
112
75
69
95
127
173
249
362
295
142
114
143
188
239
274
288
244
242
184
162
107
57
14
11
11
7
1
1
2
5
3
51
344
421
278
102
155
251
229
191
318
564
586
578
481
382
321
181
37
18
83
151
162
106
47
20
10
18
47
41
18
6
7
8
17
15
4
52
151
303
403
505
577
576
632
553
523
420
374
293
216
91
25
6
73
245
377
506
519
519
471
363
290
165
48
118
208
170
88
122
144
148
163
132
173
220
169
154
89
18
16
36
17
4
4
8
4
0
0
0
0
17
37
9
0
2
1
0
9
5
7
27
39
51
94
149
211
200
154
89
87
32
33
24
17
23
10
1
5
3
0
0
0
10
11
1
0
0
0
0
11
3
5
0
9
15
8
10
14
41
40
53
59
46
16
8
18
17
33
88
200
213
183
82
22
4
14
25
40
29
12
1
0
0
0
0
0
0
3
7
5
12
12
63
63
23
71
81
134
123
152
178
160
157
205
246
313
279
347
436
445
472
472
458
356
245
190
213
346
495
741
897
952
1219
1455
1718
1966
2068
1893
1866
2003
2201
2276
2469
2619
2848
3054
3063
2916
2788
2683
2482
2439
2328
1942
1615
1303
937
842
794
761
1246
2126
2779
3217
3473
3564
3629
3351
3212
3053
2752
2366
1985
1585
1440
1165
972
1001
1164
1136
1192
1085
944
898
866
685
494
564
522
336
309
352
286
206
189
86
36
10
10
32
49
19
30
41
33
127
97
88
101
3
11
50
64
70
89
94
76
71
91
86
50
118
18
48
77
153
254
419
491
568
591
592
495
451
417
361
375
328
365
348
297
274
233
165
132
108
118
185
285
392
456
494
555
588
599
576
532
503
430
415
376
409
457
443
418
397
374
309
302
284
280
260
209
173
122
83
44
43
49
62
75
175
207
224
223
251
295
337
419
465
527
753
1018
1149
1243
1214
1155
1112
1030
898
796
769
715
681
641
601
683
649
680
718
583
462
349
334
261
252
258
349
344
379
479
547
531
507
536
627
626
589
623
615
624
535
536
451
402
408
371
377
295
246
262
216
193
165
116
97
65
62
43
25
13
12
16
9
18
4
2
9
2
5
4
3
3
4
3
17
10
15
8
14
17
42
45
55
55
51
49
26
30
38
56
84
80
40
71
56
53
30
46
40
18
23
66
14
56
47
83
134
102
68
35
43
55
59
10
8
0
89
45
0
1
16
47
85
215
443
575
559
502
478
465
460
564
469
333
406
495
598
758
825
882
918
868
814
695
610
560
539
530
581
626
694
726
609
417
288
244
221
176
161
159
126
103
88
44
45
40
42
46
74
93
115
177
209
274
284
340
355
408
433
453
503
571
661
776
904
1007
1088
1139
1182
1114
1006
803
618
627
610
552
477
444
408
357
331
285
232
167
121
128
118
188
166
86
184
156
6
0
5
32
44
27
71
60
8
10
9
5
20
71
205
258
260
280
236
76
28
75
125
40
10
46
92
75
70
80
71
70
80
64
42
136
202
761
227
224
259
304
262
275
245
302
292
308
326
302
294
332
355
323
356
378
387
352
375
432
435
452
465
556
570
553
608
707
733
798
857
924
910
913
898
888
885
847
819
799
752
664
619
545
514
433
444
353
299
212
169
151
100
78
105
143
161
286
864
1044
561
136
174
278
364
394
397
416
545
579
628
631
682
752
875
931
1063
1167
1279
1344
1426
1474
1308
1314
1267
1298
1261
1265
1288
1312
1303
1206
1146
1234
1307
1408
1418
1363
1273
1165
1113
1081
1010
902
845
842
747
661
621
603
513
480
379
307
235
204
185
112
143
215
299
406
438
478
481
447
414
385
305
239
191
168
166
161
190
187
216
288
283
297
239
204
182
206
178
186
167
117
72
42
24
20
8
3
5
2
2
0
0
6
64
117
199
305
353
314
129
88
165
233
242
267
305
250
288
284
326
366
407
418
436
444
482
493
509
537
532
561
560
646
561
581
606
635
558
614
642
657
590
635
627
605
659
692
722
769
713
676
695
661
685
584
523
435
412
318
188
102
50
40
81
127
256
327
435
569
709
953
1141
1298
1345
1268
1125
962
816
775
914
943
920
930
870
731
676
607
595
597
541
565
462
486
375
389
440
455
365
366
448
443
277
220
189
215
111
129
90
75
74
63
38
26
16
23
6
7
2
1
0
0
5
3
4
12
9
1
0
0
0
1
1
3
1
4
2
8
9
7
0
0
4
1
3
2
0
0
0
0
0
0
0
2
2
0
0
0
0
0
12
6
15
50
20
8
22
4
0
0
9
14
0
0
1
13
12
104
267
320
287
219
157
77
89
128
264
459
499
373
415
573
754
1011
1256
1479
1552
1595
1903
2043
2146
2693
3286
3767
4188
4263
4246
3937
3560
2945
2034
917
1251
1423
1761
2118
2277
2137
1859
1706
1442
1210
992
995
965
1041
1064
1648
2139
1920
1805
2012
2449
2895
3277
3622
3841
3837
3586
3154
2658
2227
1844
1464
1187
856
601
481
348
345
503
723
1040
1156
1377
1547
1665
1724
1551
1361
1091
784
512
205
344
688
778
977
1099
1121
1058
947
787
616
402
239
49
22
160
304
419
558
630
623
549
492
559
569
387
252
374
423
427
470
524
500
448
401
335
257
143
51
21
25
138
230
580
851
1031
1121
1407
1743
2013
2197
2353
2425
2476
2414
2233
1874
1617
1696
1783
1665
1234
583
1365
1945
2535
3221
3729
3744
3259
2469
1749
1337
1464
1277
923
649
532
431
303
233
158
293
518
745
833
790
830
806
990
998
891
803
746
836
849
892
1151
1191
1077
1021
797
881
933
777
395
298
214
249
378
458
569
674
770
1028
1224
1247
1076
869
717
550
415
233
401
595
958
1378
1609
1613
1484
1259
1035
743
459
289
249
280
358
413
457
437
520
491
486
479
403
344
257
135
33
51
279
442
639
712
610
432
385
270
209
296
312
341
352
362
401
447
448
425
419
500
667
605
418
177
129
151
187
263
347
331
308
253
223
151
95
104
200
261
339
345
282
243
204
204
189
186
145
134
89
62
85
132
134
216
225
243
292
335
381
480
714
987
1159
1029
866
996
1178
1133
1324
1312
1054
801
650
779
830
869
888
1000
993
971
868
838
780
644
655
748
1038
1310
1578
1765
1799
1585
1659
1733
1740
1787
1874
1771
1580
1342
1200
1118
1237
1146
826
785
808
671
699
811
854
808
775
589
383
119
177
284
285
193
152
176
199
77
24
25
73
57
48
43
31
12
5
12
38
41
54
56
68
20
10
2
4
23
21
12
4
5
4
2
1
1
1
3
0
1
2
1
3
237
373
325
138
171
176
215
264
322
503
717
944
1099
1202
1240
1247
1295
1334
1368
1376
1418
1556
1634
1690
1701
1760
1710
1778
1899
1820
1649
1350
1136
938
758
810
810
615
583
645
612
516
430
307
202
177
248
406
558
715
948
1212
1436
1685
2035
2194
2068
1963
1936
1967
2115
2155
2126
2065
2136
2154
2320
2291
2217
2235
2133
2285
2314
2200
2048
2004
2034
2126
2134
2002
1892
1497
1157
1268
1377
1403
1439
1463
1601
1696
1801
1768
1673
1539
1316
1109
981
925
820
751
870
805
702
569
574
515
429
439
387
364
405
420
283
181
76
48
78
106
102
93
76
103
70
12
10
21
16
3
9
47
34
7
16
36
27
39
33
25
38
47
64
62
84
182
276
277
142
50
73
117
140
147
137
138
95
49
23
37
29
22
29
26
32
29
36
38
19
15
11
8
2
1
0
0
3
0
0
0
0
1
0
0
0
0
4
13
22
51
104
166
290
339
373
375
360
331
321
292
239
209
210
215
182
154
192
184
174
131
123
103
72
75
67
72
50
19
16
75
331
618
799
914
989
1039
1098
1140
1102
1101
1057
1073
1134
1372
1606
1855
2270
2497
2568
2761
3066
2954
2761
2577
2298
2126
1764
1418
1119
991
915
976
1059
1114
1029
1009
1101
1131
1086
1046
1002
965
933
857
640
394
237
212
194
194
250
268
188
141
146
193
175
229
196
210
223
219
201
195
199
245
340
425
440
514
579
654
689
810
880
981
1181
1300
1321
1465
1567
1683
1989
2275
2503
2435
2118
2094
2250
2318
2181
2080
1804
1507
1236
904
639
620
814
547
524
768
1109
1470
1655
1920
2312
2599
2689
2702
2527
2227
2167
1903
1685
1502
1459
1471
1472
1494
1565
1620
1823
2059
2279
2460
2665
2852
2981
2976
2799
2728
2799
2871
2827
2768
2779
2674
2489
2312
2148
1916
1816
1837
1967
1941
2026
2000
1512
1235
1226
1114
987
730
577
727
701
506
721
741
594
432
616
792
896
926
817
734
710
621
371
291
319
572
637
551
435
322
486
518
486
472
510
492
439
313
232
223
222
218
80
45
70
94
153
192
247
288
324
365
604
730
663
696
893
1080
1268
1521
1743
1805
1784
1704
1621
1797
2050
2248
2508
2631
2521
2342
1973
1751
1457
1356
1375
1174
1257
1287
1199
970
803
700
714
779
727
495
504
542
372
325
680
751
761
717
663
609
552
497
409
153
314
579
755
998
1125
1076
795
579
417
396
391
413
338
161
48
69
103
36
19
38
130
281
319
307
281
281
414
519
462
482
795
1061
1102
1085
915
630
698
974
1105
863
371
252
268
218
269
253
145
35
100
278
381
495
628
556
653
969
1193
1123
859
571
355
910
1173
1171
899
282
384
592
499
284
113
233
397
548
685
784
544
947
1369
1584
1614
1424
962
255
1163
1778
1966
1723
1091
327
523
525
398
208
58
101
110
84
57
44
35
12
0
16
36
45
23
14
24
77
95
131
194
167
125
79
51
55
130
148
90
79
216
407
548
623
708
742
746
663
691
611
524
483
455
357
240
118
10
32
130
351
576
849
1167
1692
1986
1881
1338
747
539
602
541
398
275
276
391
615
884
1352
1662
1850
1785
1725
1762
1606
1457
1552
2060
2242
2128
1566
1579
1154
896
820
730
541
392
326
377
293
173
115
134
96
90
96
101
43
9
1
11
30
68
160
191
159
145
131
170
222
286
360
486
585
606
614
555
492
460
439
375
250
47
169
234
231
140
24
22
24
43
85
126
219
159
95
115
98
137
297
623
668
773
678
404
340
189
130
187
201
157
140
178
220
261
294
299
403
420
356
310
154
370
635
905
1119
1014
749
520
253
174
148
156
193
193
104
95
191
206
157
142
186
209
328
430
549
691
806
831
865
924
1014
1026
919
822
765
722
700
657
620
515
445
383
293
186
132
191
133
135
236
261
309
297
252
216
218
255
193
200
185
145
211
507
872
1234
1658
1952
2216
2179
1710
663
1023
1293
1501
1675
1761
1670
1597
1392
1192
895
632
329
335
677
905
1185
1548
1889
2063
2193
2285
2349
2262
1825
1446
939
676
647
739
705
652
639
733
794
875
911
906
883
845
792
753
715
660
612
508
456
363
210
130
73
85
133
114
196
110
39
28
43
25
9
45
29
9
9
33
9
4
29
10
18
36
97
429
300
364
98
26
22
34
73
21
48
36
40
51
71
85
140
145
149
122
136
154
185
251
329
316
233
185
104
79
40
25
14
24
28
76
114
103
101
71
27
10
3
11
7
1
17
20
14
10
19
30
40
54
75
78
97
108
170
238
349
518
542
443
335
353
361
352
386
349
290
278
303
371
413
498
621
701
773
879
1028
1171
1344
1474
1678
1806
1917
1945
1960
1990
2014
2117
2358
2456
2677
2694
2594
2541
2457
2466
2088
1787
1532
1297
953
632
442
448
579
800
928
938
1036
1063
1007
935
950
761
685
620
472
241
432
559
659
700
756
845
784
730
622
408
295
159
22
111
220
367
465
530
590
580
581
524
461
369
334
156
90
326
528
633
720
790
906
833
766
721
647
496
366
324
344
405
389
374
279
272
284
244
200
135
122
57
37
18
14
6
34
63
107
106
142
124
100
86
26
7
2
1
0
0
3
5
25
92
362
532
687
723
609
525
385
257
273
497
612
603
417
320
373
525
452
527
414
300
616
553
303
486
541
536
468
224
137
118
202
158
104
111
70
36
57
140
171
169
104
81
77
61
202
318
417
494
634
834
986
1102
1116
895
613
537
709
714
615
474
468
590
522
400
467
657
778
831
846
837
772
621
519
421
339
179
152
152
207
333
549
844
1117
1087
677
684
677
671
770
984
1229
1406
1405
1215
1114
1129
1075
1096
1244
1446
1433
1215
983
644
949
1052
1116
1151
1083
787
547
505
456
453
431
362
323
313
320
370
423
580
655
730
922
1226
1608
1987
2222
2155
1883
1205
567
1222
1611
1762
1712
1516
1208
824
566
591
648
668
761
892
1109
1416
1722
1837
1767
1559
1054
420
606
864
843
788
694
520
238
197
404
475
518
656
608
532
226
208
562
755
901
952
964
922
889
772
552
382
278
218
239
303
367
386
399
359
240
186
176
190
170
157
181
151
105
88
53
32
45
77
83
33
29
79
287
526
887
1224
1571
1606
1109
776
573
397
179
109
211
302
262
238
280
302
298
209
180
177
168
101
77
65
23
2
0
12
24
74
91
90
74
29
10
2
0
0
0
0
2
23
16
15
33
59
49
35
52
70
38
31
35
26
18
12
22
16
24
39
40
25
34
40
42
39
106
21
15
33
2
16
46
1
1
5
3
14
11
16
5
4
12
9
8
11
8
1
2
22
6
35
116
63
103
141
85
71
52
31
17
17
15
16
12
8
2
0
1
1
1
0
2
0
0
0
4
0
0
0
0
0
0
0
1
0
1
6
9
17
33
34
41
36
63
74
43
142
193
186
219
221
253
175
139
172
215
169
114
123
129
69
114
233
513
733
729
629
400
115
156
54
85
119
131
61
24
42
50
101
28
48
72
78
96
94
217
343
436
506
485
479
380
312
332
693
972
991
824
1027
1124
1077
980
818
785
662
711
676
701
760
1111
1538
1772
1615
1247
886
537
317
407
367
714
923
1024
1119
1026
846
615
642
702
763
787
709
630
488
335
203
127
181
298
342
304
250
201
143
57
13
8
5
10
7
3
9
13
17
9
10
18
16
5
32
40
7
8
18
34
28
34
95
81
105
145
149
121
178
176
323
650
1026
1117
1043
981
915
760
514
458
384
260
403
510
138
170
133
170
245
82
96
143
165
157
149
170
144
128
102
99
101
122
96
117
121
142
173
139
109
110
131
102
91
127
140
113
113
127
125
87
171
341
474
532
475
309
250
201
189
147
167
171
156
170
127
151
125
156
139
129
116
98
128
131
84
58
59
36
34
38
43
36
31
20
18
17
11
6
8
3
7
5
9
2
2
7
3
16
29
40
67
60
84
53
49
58
63
71
48
39
29
23
29
27
25
26
29
28
25
24
21
8
7
10
7
4
2
9
9
8
12
12
10
3
1
0
0
1
0
0
7
17
29
22
25
12
0
0
15
13
16
14
13
11
10
10
6
0
0
0
0
5
2
0
0
1
0
0
0
0
1
0
2
1
19
0
6
3
0
7
8
15
13
26
21
15
11
5
5
1
1
0
45
34
177
462
535
522
476
443
360
170
463
621
639
578
427
98
493
546
500
413
196
300
392
388
349
307
235
271
345
446
391
304
295
380
542
475
454
454
406
311
288
274
318
355
284
270
211
187
108
104
70
83
73
90
59
33
13
8
19
37
37
17
17
15
15
12
6
12
120
407
648
888
1087
1172
1142
819
564
553
475
441
431
414
417
423
357
370
385
305
318
363
338
294
249
209
206
167
150
176
120
84
70
11
4
7
10
27
25
7
21
47
61
88
134
176
235
211
135
217
237
236
228
237
241
189
55
10
24
40
57
46
43
48
41
113
115
161
280
379
406
318
172
277
380
332
147
359
417
457
518
547
512
380
46
475
650
633
249
343
412
372
346
777
905
1079
1271
1402
1293
727
478
675
618
505
394
254
130
69
88
88
68
24
10
10
11
21
29
14
28
15
13
4
5
13
27
24
33
53
77
57
67
63
67
56
76
108
140
168
230
259
287
319
311
353
405
434
498
557
671
715
808
896
953
809
559
322
408
404
297
255
327
411
510
608
721
825
880
912
945
914
832
735
670
680
722
865
1035
1255
1684
2138
1898
1220
758
613
589
397
209
213
295
297
332
369
279
224
209
197
131
109
123
204
329
514
691
905
1022
1234
1444
1430
1189
541
705
1237
1736
1784
1708
1333
941
845
815
701
400
231
379
372
316
311
456
633
682
622
598
546
413
323
245
317
321
375
540
631
728
1024
1258
1510
1635
1757
1784
1708
1740
1699
1774
1912
1921
1929
1934
1852
1740
1621
1540
1442
1555
1561
1422
1326
1223
1142
1061
951
760
519
684
893
926
1161
1495
1936
1993
1734
1228
788
384
508
606
601
802
997
1113
1188
1076
885
633
506
531
580
665
622
545
503
352
283
316
383
455
554
698
597
468
387
252
142
67
71
72
100
69
68
69
94
84
67
80
89
54
51
59
62
80
71
56
49
78
98
116
106
72
41
33
30
39
44
75
79
50
24
40
70
112
85
57
18
4
5
61
158
292
366
458
433
446
439
468
554
650
460
181
201
219
120
43
70
83
53
23
30
19
13
12
6
29
40
36
36
15
22
21
29
24
25
28
23
21
43
79
62
77
75
191
417
478
377
344
372
369
336
273
237
213
201
181
145
126
107
86
53
44
57
57
62
81
97
125
135
94
36
27
8
8
37
50
95
134
139
122
98
72
52
74
65
41
39
44
30
3
0
9
7
10
16
26
24
25
35
30
28
10
0
37
36
59
93
122
120
110
243
315
382
324
213
76
19
2
25
47
65
68
58
53
43
30
24
23
25
25
23
14
16
26
45
43
45
35
40
20
11
11
11
14
11
12
6
7
7
3
3
10
11
13
16
13
10
0
0
0
0
0
0
1
4
26
86
115
58
89
39
7
97
12
2
35
12
5
6
4
7
9
7
2
11
4
2
12
45
69
71
18
103
226
225
195
67
13
56
69
51
34
44
54
92
128
120
101
48
31
36
38
44
50
21
10
9
3
5
18
7
7
10
5
7
1
14
5
7
3
0
4
2
5
4
2
2
2
2
3
3
0
3
16
31
40
37
13
6
10
5
14
5
4
6
7
23
10
8
16
14
13
8
7
14
11
5
6
19
22
19
0
0
12
19
21
19
10
7
6
5
1
1
6
9
43
96
89
47
8
1
0
0
10
18
7
11
22
14
14
25
48
33
31
35
40
30
36
24
55
180
283
317
293
218
184
103
11
25
15
13
83
122
113
61
28
29
26
39
71
80
88
103
99
56
47
35
23
16
0
5
10
61
15
23
40
5
1
13
9
1
0
1
2
1
1
14
36
42
3
9
8
19
31
30
28
28
37
29
20
0
0
0
0
0
1
1
7
4
0
0
2
6
9
6
3
3
5
0
0
1
4
0
0
0
10
8
2
4
7
5
0
3
7
8
8
5
5
5
0
0
0
11
0
7
26
11
27
39
45
33
51
20
42
16
3
41
12
9
16
29
19
9
5
0
2
5
9
15
19
15
17
19
11
2
7
19
49
72
54
11
7
26
21
10
0
0
14
0
16
13
16
15
14
14
18
29
17
17
14
13
21
12
3
43
28
0
2
2
9
13
1
5
5
3
2
2
4
3
3
0
1
0
2
29
40
7
43
30
15
37
16
33
41
49
21
11
11
8
10
7
4
8
8
8
4
0
0
9
12
6
0
0
0
0
3
2
0
0
0
1
0
0
4
9
21
8
1
1
4
0
1
1
0
13
6
9
4
50
144
140
149
209
441
716
958
1089
1207
1309
1195
903
580
245
85
60
283
338
313
304
143
1
12
101
185
197
172
127
56
59
95
40
31
0
8
13
11
13
14
21
21
18
20
9
2
1
1
2
8
4
7
11
17
3
1
2
3
3
0
0
0
0
0
3
0
0
0
0
0
5
4
0
0
0
0
0
0
12
13
22
18
22
21
17
13
13
8
3
6
14
20
33
17
12
20
22
48
22
22
14
4
12
5
1
0
6
30
0
15
17
1
0
0
0
0
3
0
0
2
1
1
0
0
0
0
0
0
0
0
0
0
0
0
13
30
147
439
723
833
881
1047
1138
1264
1394
1611
1774
1845
2003
1684
1199
1025
875
612
463
391
610
833
892
870
600
326
519
662
599
495
357
383
577
658
644
571
397
197
187
366
549
659
555
208
225
209
315
505
521
289
222
320
447
483
444
365
248
92
360
500
452
260
189
283
412
492
425
157
241
378
466
467
410
321
187
265
286
241
232
268
379
460
393
106
194
346
457
475
429
241
123
79
89
175
287
304
152
41
154
256
321
284
188
64
43
53
74
118
201
248
214
119
50
57
153
220
275
320
263
175
82
47
158
180
123
22
22
23
11
35
86
111
45
7
45
150
393
691
954
1175
1227
1135
942
750
505
324
221
337
532
729
966
1188
1440
1666
1886
1672
1531
1784
2160
2203
1972
1812
1404
1055
625
554
732
681
600
631
900
1209
1503
1819
2030
1811
1563
1460
1445
1635
1645
1547
1391
1182
830
963
1088
1121
1139
867
865
863
790
677
487
534
480
329
213
271
272
175
61
61
56
37
113
71
13
2
12
8
3
12
25
18
9
5
3
1
0
2
5
4
0
1
0
0
1
18
10
57
42
27
31
15
20
12
25
18
15
22
27
20
21
16
10
5
6
4
2
0
1
0
0
9
5
0
0
0
0
6
8
1
1
0
0
0
1
1
0
0
0
1
6
9
10
31
74
199
438
512
515
400
283
230
205
204
135
89
21
12
16
15
32
51
55
60
69
71
57
45
19
4
6
25
44
45
44
60
78
115
136
145
136
95
87
119
114
120
134
113
115
102
87
115
85
83
113
100
84
45
17
23
22
19
13
3
0
1
0
0
0
0
0
0
0
1
0
0
0
0
0
0
7
13
15
4
9
35
93
274
561
859
1021
1027
992
1082
1084
1243
1406
1338
1235
1050
900
733
594
435
377
296
249
193
187
162
149
150
189
250
353
412
448
499
558
506
410
288
230
433
615
722
584
415
306
263
236
201
184
139
69
24
0
12
28
20
7
5
0
9
6
0
0
2
2
3
9
9
2
3
2
0
7
8
3
11
3
1
3
0
1
4
5
3
4
2
0
0
0
1
0
0
0
5
0
0
5
9
10
3
4
2
0
1
0
0
0
1
2
0
1
0
1
6
0
0
0
0
0
0
0
0
0
0
0
0
0
0
0
0
6
29
79
152
231
238
128
90
165
175
107
20
46
108
134
116
86
61
47
40
7
0
8
32
50
213
371
342
284
352
484
632
666
768
758
730
722
686
549
458
497
680
828
858
925
816
814
744
621
580
703
598
375
243
366
419
504
524
580
663
667
709
753
728
769
823
864
1007
979
744
605
452
323
201
470
712
1085
1402
1436
1210
984
879
790
714
552
441
318
476
444
339
395
317
394
552
583
599
645
534
500
420
389
212
175
158
128
97
128
190
318
441
597
705
706
535
349
536
634
666
635
611
592
531
460
371
332
234
201
220
195
190
192
158
168
163
137
148
124
133
128
129
178
80
54
48
52
70
72
97
199
489
706
1018
1622
1780
1597
908
733
549
343
213
190
170
180
188
208
296
412
591
759
827
878
832
755
709
612
508
446
632
818
1029
1183
859
522
335
319
264
157
75
11
49
59
41
39
76
71
59
20
13
11
1
0
0
5
15
13
5
1
2
0
0
1
6
1
0
0
1
12
66
373
445
231
36
167
192
87
63
10
20
57
70
41
31
7
5
9
8
1
1
0
0
0
0
2
8
18
60
175
314
400
489
506
552
615
617
530
484
439
424
367
281
199
128
56
25
10
19
23
33
31
42
53
78
47
46
45
164
416
598
821
1017
1090
1014
684
304
323
340
219
161
72
39
56
28
25
5
5
8
78
260
503
719
831
888
764
615
330
578
881
1159
1245
1028
715
442
525
462
342
260
113
190
249
234
174
103
32
31
67
106
84
72
53
57
55
62
63
62
87
126
157
167
194
162
140
170
270
360
410
427
470
494
470
471
456
408
401
396
389
378
365
327
303
262
226
196
163
115
94
62
34
31
32
14
0
2
2
13
9
1
3
8
13
12
9
3
3
6
37
132
350
602
1100
1496
1863
1899
1300
557
473
580
639
758
798
914
867
789
660
491
251
678
926
1168
1229
806
454
561
658
607
370
210
180
89
122
189
298
395
493
543
667
798
680
221
405
572
688
782
820
899
879
741
639
564
462
332
193
633
1141
1742
1573
989
715
883
749
606
396
262
278
297
304
280
228
143
143
152
125
115
86
91
66
78
92
87
52
108
132
127
101
117
139
156
205
235
229
180
163
115
117
82
134
244
220
158
148
186
225
178
240
127
111
72
117
229
297
176
331
298
369
259
149
180
166
154
164
279
197
143
37
149
239
208
165
230
116
79
102
123
18
49
59
70
80
62
62
66
67
39
42
55
49
61
81
38
57
34
34
16
12
3
9
9
11
18
17
40
42
32
46
109
60
50
70
50
74
153
114
137
242
270
320
435
465
445
557
533
492
482
409
493
698
703
726
765
724
784
857
869
733
299
450
495
425
274
19
18
22
9
8
47
39
52
75
90
114
129
137
107
83
78
71
51
59
70
38
30
46
53
81
193
249
160
162
411
551
571
557
563
578
536
531
539
554
442
274
94
167
172
140
63
32
55
75
87
73
53
39
33
7
1
1
4
19
15
17
5
4
12
13
16
2
6
6
18
12
45
41
79
175
237
322
499
668
698
761
955
1017
871
717
393
219
353
378
353
311
229
163
117
89
59
23
12
20
15
16
2
3
0
3
3
6
3
3
6
0
0
0
2
0
0
0
0
0
0
0
0
0
7
10
5
3
0
0
0
0
1
3
6
0
0
0
0
0
0
1
0
0
24
143
236
241
237
223
187
140
107
175
238
306
398
422
419
433
415
416
304
233
157
106
59
46
42
35
92
251
586
810
892
875
801
904
1038
920
620
262
212
324
290
68
32
109
339
548
918
1106
944
647
432
372
365
502
621
822
1178
1466
1652
1600
1575
1546
1490
1301
1073
965
787
463
394
438
471
372
269
234
288
351
330
297
278
239
166
134
72
46
22
62
104
107
148
164
157
183
232
308
291
250
181
107
51
48
45
67
96
110
121
124
120
98
26
3
0
8
21
40
52
66
85
92
94
108
118
114
93
22
0
1
4
13
16
5
0
0
0
0
0
1
0
0
0
6
1
0
0
0
0
11
0
0
0
0
0
0
1
1
3
2
2
2
0
0
0
0
0
0
0
1
0
0
0
0
0
0
0
0
0
0
0
0
0
0
0
0
0
0
0
0
0
1
10
16
27
37
39
31
24
17
2
8
12
41
68
116
181
186
270
303
294
273
220
139
124
92
99
71
62
42
22
31
68
84
191
291
415
630
1022
1599
2059
2503
2660
2721
2563
2380
2078
1756
1356
1076
798
571
667
789
1054
1329
1629
1836
2223
2526
2583
2537
2550
2669
2781
2876
2795
2781
3038
2932
2986
3027
3012
2901
2864
2729
2604
2489
2394
2376
2302
2181
2102
1958
1703
1565
1509
1317
1038
910
720
620
578
583
617
583
596
736
943
987
1121
1441
1745
1787
1952
2130
2379
2631
2680
2729
2858
2952
3034
3092
2991
2771
2533
2355
2169
2126
1828
1630
1323
1110
1004
925
935
914
907
901
1047
1335
1649
1897
2094
2228
2348
2481
2519
2177
1530
1122
889
683
497
414
369
396
355
371
493
498
337
112
46
53
84
124
142
134
187
173
107
132
133
161
238
296
247
155
136
90
64
179
320
405
592
864
1176
1425
1735
1891
1926
1873
1788
1655
1495
1237
1099
1022
874
694
696
648
588
498
345
292
216
230
306
391
432
439
378
315
253
146
61
18
20
88
200
269
289
297
280
212
157
110
40
13
35
99
74
66
119
117
133
121
102
100
102
81
79
73
51
22
107
48
67
121
72
40
53
116
59
22
91
52
11
13
32
9
0
3
11
20
9
12
5
4
6
1
4
1
5
1
20
1
3
18
23
7
1
14
142
152
53
54
72
12
43
83
90
55
15
22
15
5
82
23
14
2
21
28
56
48
39
25
4
0
4
1
0
1
6
12
33
39
63
68
38
12
7
22
124
393
601
651
669
662
549
220
67
166
160
78
3
34
44
6
1
18
20
25
27
154
536
946
1026
941
1246
1563
1715
1933
2160
1975
1535
975
764
637
626
797
1137
1438
1545
1381
1162
1205
1254
1047
1155
1092
1004
884
763
838
912
1046
1010
899
790
643
721
597
394
295
283
282
246
193
105
46
96
87
161
250
222
198
158
332
433
412
299
87
137
175
209
176
171
179
207
166
116
110
110
78
63
96
138
95
109
196
140
98
107
88
55
149
158
178
177
137
140
119
121
126
95
35
43
52
82
211
238
175
104
67
49
73
83
47
59
47
64
110
71
45
20
10
24
26
24
28
29
56
46
103
90
64
123
201
105
75
146
192
284
174
237
364
661
757
868
978
1018
906
617
348
252
287
196
264
294
175
129
113
63
35
28
136
154
96
114
146
126
189
202
211
230
42
114
120
191
210
212
143
182
62
54
139
210
123
30
72
77
74
66
70
125
166
208
203
206
201
118
32
27
47
22
43
42
65
110
130
29
79
69
49
77
157
80
1
28
17
49
70
103
52
57
74
92
72
140
86
38
21
67
129
106
26
16
24
19
8
3
0
0
1
0
16
123
448
791
924
835
828
917
956
977
945
796
796
787
788
924
983
1017
1054
990
1035
1003
964
915
798
575
450
318
242
190
126
80
64
65
66
60
49
13
3
1
9
59
70
17
0
4
14
22
30
26
116
109
67
39
50
43
50
67
66
56
66
32
37
40
4
8
31
8
2
1
0
1
1
4
15
5
1
2
1
0
0
9
4
1
14
7
0
0
12
0
0
1
0
0
1
0
2
12
14
14
2
0
0
2
0
2
2
13
10
1
0
1
2
4
11
4
12
16
30
33
42
84
103
173
190
216
251
285
306
319
387
449
518
605
637
725
833
972
1027
1086
1232
1319
1267
1375
1396
1369
1330
1351
1303
1242
1039
950
865
689
716
845
741
546
357
299
363
252
112
72
139
195
180
162
229
260
224
186
190
151
129
247
348
497
557
738
848
914
904
887
856
985
1228
1512
1881
2087
2288
2485
2655
2964
3299
3696
3970
4036
4093
4172
4087
4011
3774
3569
3342
3043
2859
2669
2521
2421
2249
2112
1986
1875
1673
1547
1440
1213
1013
850
644
493
314
125
77
24
40
109
226
321
305
339
344
309
299
283
308
285
286
348
360
365
369
387
386
447
453
477
411
468
412
448
419
458
438
443
549
724
1024
1314
1806
2056
2314
2410
2569
2955
3053
3171
3106
2823
2516
2006
1673
1310
977
726
617
655
691
657
594
549
435
222
270
517
492
245
109
182
257
217
136
27
102
304
458
410
138
62
221
317
239
164
97
96
175
337
457
549
499
548
573
481
571
592
522
389
349
401
439
473
573
804
1177
1572
2006
2687
3375
3908
4495
4710
4517
4133
3785
3398
3004
2625
2255
2082
1972
1565
1237
969
627
293
152
93
99
102
270
433
553
648
686
712
734
755
704
574
397
242
302
397
499
482
434
376
341
334
238
117
59
109
203
317
361
406
445
442
395
347
241
261
550
1024
1337
1695
2107
2303
2429
2432
2238
2012
1665
1247
911
855
1225
1462
1606
1510
1262
875
516
260
128
155
259
258
262
215
174
192
145
233
161
103
66
37
24
35
52
64
69
37
41
74
194
514
571
368
321
216
179
208
179
173
176
154
118
97
50
45
82
112
134
245
314
249
131
40
7
8
17
28
61
102
77
41
7
2
19
65
67
36
41
7
1
5
27
4
9
13
1
2
20
2
26
42
2
14
9
1
8
2
11
0
0
6
21
15
10
60
26
0
1
19
21
22
17
8
9
18
32
7
0
2
1
0
0
0
0
1
2
1
0
3
4
2
0
0
1
15
31
29
12
0
0
1
0
1
4
11
10
23
26
25
8
13
5
1
1
0
0
0
5
7
29
3
21
8
1
0
2
7
4
5
8
52
113
59
2
51
123
88
89
88
73
184
395
518
504
613
828
871
869
1008
1099
1228
1722
2069
2306
2334
2031
1676
1230
1009
1301
2000
2464
2715
2567
2251
1790
1971
2651
3499
4038
4110
3740
3054
1859
1159
2111
3381
3888
4453
4909
4487
3312
2110
2023
2355
3093
3341
2905
2227
1211
1038
1858
2457
2953
3486
3698
3540
3170
2617
2142
1589
822
381
391
664
937
881
874
796
782
1216
1547
1822
2172
2318
2030
1576
1315
1697
1783
1896
1911
1542
1515
1710
2130
2252
2002
1610
1383
2045
2070
1483
1650
2101
2009
1387
1812
2027
1861
1083
1093
909
922
1353
1315
1043
515
924
1231
1134
352
712
885
648
262
416
513
509
543
628
969
815
460
391
327
659
806
869
797
501
366
336
347
477
813
1052
1109
1216
1023
1027
1040
1024
987
858
812
863
808
754
611
544
416
443
482
424
411
466
539
576
551
503
506
477
444
339
261
130
24
120
255
360
435
473
481
525
496
512
411
287
147
20
3
64
160
230
299
342
381
369
469
561
335
132
43
47
212
368
292
200
261
218
202
102
72
37
39
3
5
21
29
45
45
35
18
5
3
1
0
4
25
118
263
490
661
741
685
648
536
425
319
225
145
79
54
85
170
209
247
253
259
245
224
162
145
121
90
82
82
89
106
122
95
100
115
137
224
325
491
609
742
915
1105
1256
1392
1458
1377
1331
1162
1033
1038
1053
1205
1364
1308
1120
930
772
539
393
202
210
240
257
349
329
353
330
340
268
232
163
117
91
99
57
195
274
374
350
392
377
464
507
485
538
657
850
984
1042
1148
1210
1359
1423
1465
1502
1559
1610
1583
1526
1481
1621
1817
1872
1924
1912
1841
1910
1974
2115
2162
2253
2417
2633
2723
2996
3192
3222
3278
3257
3126
3077
3051
2965
2831
2544
2520
2435
2157
1776
1415
1192
936
754
762
655
423
235
244
252
165
132
141
117
48
46
33
101
212
388
381
622
479
498
684
868
1062
1298
1429
1598
1800
2001
2094
2211
2413
2503
2599
2682
2628
2579
2556
2524
2311
2167
2120
2041
2037
1972
1754
1651
1711
1761
1789
1760
1715
1527
1363
1076
1006
1002
998
958
899
862
1068
1258
1280
1247
1093
922
734
460
259
259
319
389
263
174
233
245
215
170
152
167
168
221
234
209
155
130
102
103
93
103
151
125
114
119
148
126
84
59
31
43
30
65
106
94
86
68
108
122
110
74
78
55
42
33
25
39
81
114
176
177
184
175
223
299
245
329
255
147
112
200
250
241
110
51
19
26
46
59
79
57
409
731
794
863
814
848
950
977
994
941
756
578
504
544
577
578
694
770
654
619
658
681
772
746
705
704
672
690
788
853
926
1001
1101
1139
1226
1311
1425
1558
1624
1661
1703
1608
1587
1499
1449
1287
1182
1091
1045
943
869
760
628
558
537
509
605
797
1136
1370
1847
2293
2617
2553
2453
2711
3165
3397
3406
3295
2973
2681
2243
1776
1451
1253
1146
1177
1120
974
876
830
816
786
774
646
526
363
204
153
174
141
88
72
87
80
66
52
26
15
12
5
4
3
0
2
1
0
0
0
0
0
0
0
0
0
0
0
1
1
7
1
2
0
0
0
1
0
0
0
0
0
0
0
0
0
0
0
7
15
10
0
1
0
0
0
8
14
13
15
7
9
0
0
0
0
0
0
0
0
1
0
10
8
9
13
3
3
1
1
0
0
0
0
3
0
0
0
1
0
2
1
23
218
439
731
1004
1342
1589
1763
1931
1970
2010
1968
1805
1624
1252
1046
1477
1595
1493
1187
822
441
502
773
771
691
482
431
564
661
508
369
427
400
276
283
389
487
370
192
158
97
106
79
58
58
59
56
17
19
4
2
4
10
2
0
0
0
0
0
2
6
0
0
0
0
0
0
0
0
0
0
0
0
1
0
0
0
0
0
0
0
4
0
0
4
2
0
0
0
0
0
0
0
0
0
0
0
0
13
0
0
0
0
0
0
0
0
0
0
0
0
0
6
14
1
0
1
22
87
198
325
405
580
678
856
980
1168
1349
1559
1766
1893
1922
1916
2005
1971
1938
1979
2007
1932
1894
1934
2038
2127
2124
2201
2210
2409
2489
2425
2263
2129
2014
2076
2176
2328
2458
2432
2554
2712
2819
2929
2923
2957
2941
2752
2678
2649
2597
2605
2560
2406
2338
2153
1980
1800
1628
1373
1312
1173
1033
922
993
979
1011
993
1044
1218
1373
1262
979
1089
1143
1079
1083
1284
1251
1144
1158
1198
1180
1117
1077
959
1077
1167
1219
1236
1228
1120
1049
980
948
868
832
811
723
606
553
449
328
234
178
152
232
296
406
562
718
977
1216
1451
1660
1805
1954
2086
2248
2431
2548
2537
2571
2591
2652
2692
2642
2651
2655
2679
2630
2650
2627
2544
2493
2330
2238
