0
0
0
0
0
0
0
0
0
0
5
26482
38
51
54
55
148
317
510
624
714
699
637
527
479
557
587
597
646
620
624
548
518
424
361
320
289
250
219
163
132
143
182
294
382
569
755
1052
1379
1831
2328
2607
2784
2718
2565
2757
2800
2716
2511
2442
2460
2312
2192
2109
2121
2197
2186
2069
2036
1934
1815
1722
1673
1647
1598
1400
1136
861
679
601
619
567
519
445
307
195
163
126
81
64
63
52
24
19
18
24
22
31
36
39
52
52
90
104
96
67
37
10
11
3
5
16
35
42
49
85
59
66
83
139
183
216
213
230
277
354
386
311
248
186
113
67
53
42
38
15
0
0
0
0
0
7
29
45
45
27
9
1
0
0
0
0
0
0
0
0
0
1
0
0
0
0
0
0
0
0
0
0
1
0
0
0
0
0
0
0
0
0
0
0
0
0
0
0
0
0
0
0
0
0
0
0
0
0
0
0
0
0
0
0
0
0
0
0
0
0
0
0
0
0
0
0
0
0
0
0
0
0
0
0
0
0
0
0
0
0
0
0
0
0
0
0
0
0
0
0
0
0
0
0
0
0
0
0
0
0
0
0
1
1
0
0
1
0
0
2
2
4
4
0
5
6
3
3
2
2
0
1
2
4
1
0
2
0
1
1
1
0
1
2
4
3
1
1
0
0
0
0
0
0
0
0
0
0
0
0
0
0
0
0
0
0
0
1
0
0
0
2
18
1
1
8
4
5
6
0
0
3
0
0
0
0
0
0
0
0
0
0
0
0
0
0
0
0
0
0
0
0
0
0
0
20
1
1
1
2
0
0
0
0
0
0
0
0
0
0
0
0
0
0
0
0
0
0
0
0
0
0
1
0
0
1
0
0
0
2
0
0
0
0
0
0
0
0
0
0
0
0
0
0
0
0
0
0
0
0
0
0
0
0
0
0
0
0
0
0
0
0
0
0
0
0
0
0
0
0
0
0
0
0
0
0
0
0
0
0
0
7
3
50
100
114
109
133
197
312
430
603
762
916
996
1084
1090
1199
1368
1454
1547
1603
1670
1645
1668
1653
1469
1286
1018
752
538
445
588
700
756
670
587
504
367
269
75
18
7
8
6
25
55
151
159
152
112
51
16
8
13
13
35
32
20
5
1
7
9
23
36
82
89
112
54
37
67
193
274
302
317
244
172
281
378
389
431
467
536
614
573
917
181
66
27
22
49
141
210
240
254
174
140
203
283
304
282
209
61
106
167
144
75
23
39
36
7
1
0
0
0
0
0
3
4
25
53
37
66
151
168
227
227
138
11
0
6
18
25
8
10
38
72
107
139
151
170
171
193
187
186
165
91
165
189
175
161
178
82
220
192
126
105
127
161
111
76
86
116
156
217
260
185
147
175
158
72
11
4
6
9
22
17
31
62
106
217
317
354
284
234
208
78
130
121
128
186
182
163
144
119
90
54
36
34
26
27
17
43
57
46
32
22
24
55
99
145
174
166
141
105
24
11
14
7
4
3
0
3
2
2
2
12
23
34
23
2
3
4
1
0
1
2
0
0
0
2
0
0
0
4
3
2
0
0
0
0
0
0
0
0
0
0
2
1
0
0
0
3
3
13
31
111
194
257
279
261
265
205
65
78
273
360
337
248
165
278
332
331
171
142
253
311
335
319
301
323
295
253
197
171
120
66
4
51
86
74
51
17
0
0
2
0
3
3
0
0
1
26
22
50
56
45
26
31
116
142
175
174
273
373
339
405
376
389
380
301
146
8
36
82
73
43
5
0
0
0
0
0
0
0
0
13
16
9
0
0
0
2
10
37
99
160
238
281
333
352
232
146
141
140
139
152
191
217
62
128
210
221
161
35
116
176
254
342
311
180
154
123
72
22
9
6
25
13
12
63
114
100
101
101
72
32
14
12
9
4
0
6
9
9
8
10
3
1
17
24
31
26
21
12
1
3
11
77
153
133
135
85
53
27
17
5
30
49
75
75
65
52
18
6
2
26
47
45
15
6
5
0
0
7
18
21
17
11
6
13
4
4
3
10
10
14
47
28
13
8
31
25
3
90
284
410
496
582
631
656
669
550
393
267
140
64
24
8
15
16
58
168
210
218
223
229
232
193
106
29
16
9
7
8
16
43
130
216
235
267
196
164
297
372
392
388
320
259
67
67
143
193
224
200
64
162
316
331
336
224
141
92
124
100
81
60
77
132
180
174
181
135
139
181
157
136
156
88
27
46
83
101
86
58
29
1
0
0
4
10
0
2
5
8
19
73
106
122
138
169
158
111
10
10
15
0
1
18
19
0
17
4
10
15
5
0
1
1
0
0
1
0
0
1
6
32
294
740
1067
1300
1549
1717
1815
1937
1824
1644
1509
1371
1232
1192
1229
1263
1147
1104
1160
1245
1215
1123
1008
804
638
529
632
891
1044
1119
1190
1315
1448
1533
1593
1647
1598
1488
1381
1267
1154
1221
1284
1451
1540
1521
1486
1432
1297
1204
1088
968
872
914
951
940
866
801
733
645
538
401
231
179
203
225
198
231
522
886
1188
1455
1628
1765
1930
2164
2439
2650
2495
1841
889
663
1567
2045
2323
2299
2140
2108
1997
1983
1657
1301
1278
1507
1555
1606
1921
2261
2531
2409
2164
1791
1271
814
814
1239
1501
1716
1852
1958
1822
1641
1518
1346
1476
1468
1324
1216
1278
1398
1467
1439
1423
1279
1209
1117
923
529
163
144
228
311
243
25
259
501
633
440
390
496
423
290
382
340
175
169
387
355
747
1156
1284
1224
1125
1039
1027
934
784
621
438
283
187
107
47
32
37
40
104
236
485
598
722
776
950
1108
1204
1265
1339
1318
1349
1301
1379
1366
1236
1178
1126
1068
1107
1072
1105
1096
1134
1189
1163
1106
925
613
437
431
488
546
618
756
831
751
504
357
310
197
262
298
364
315
272
196
123
91
105
136
166
165
190
218
260
351
493
498
410
269
81
6
8
17
16
7
3
3
9
7
0
0
1
0
0
5
5
6
5
1
7
15
17
9
4
5
6
3
6
17
20
65
222
290
304
301
575
807
956
1006
997
967
1473
597
522
408
365
319
312
257
200
122
57
14
1
5
22
17
5
0
16
3
0
3
17
17
3
4
6
30
63
132
118
112
146
201
111
51
18
4
4
6
3
15
33
11
2
13
11
23
31
41
78
83
67
75
75
63
51
47
19
9
1
0
0
0
0
0
0
0
1
0
0
0
0
0
2
0
6
51
116
171
193
138
90
41
35
36
34
20
13
16
10
8
3
1
3
11
20
65
136
129
164
227
238
223
258
283
330
383
460
558
654
755
907
985
1024
966
949
855
735
662
621
660
678
254
67
50
0
2
1
8
21
21
12
3
0
0
0
0
0
0
0
0
5
20
26
0
18
36
53
92
114
68
44
37
18
12
9
4
4
2
1
0
0
3
0
1
0
10
26
3
3
30
164
434
759
1041
1252
1288
1315
1345
1290
1085
914
754
517
398
296
199
126
18
51
100
117
76
57
85
173
220
257
263
250
222
156
132
132
72
268
386
461
491
553
386
57
63
147
142
90
89
60
64
116
156
93
79
51
39
24
22
55
22
24
25
38
47
41
56
60
71
72
69
82
82
109
119
91
89
124
133
124
141
189
321
424
617
503
402
368
445
509
527
469
477
460
462
444
447
496
716
609
326
105
17
8
17
6
8
2
1
3
1
0
0
19
77
120
103
14
7
48
80
36
22
106
187
85
23
30
73
61
23
22
36
69
98
53
33
19
27
97
160
117
39
4
1
2
6
11
4
4
21
64
104
102
135
168
210
171
116
101
108
153
205
241
292
291
263
306
363
382
354
426
512
578
614
664
707
775
795
840
719
744
710
730
706
665
595
488
388
295
246
267
219
217
217
203
195
173
200
167
164
134
140
78
34
13
11
27
62
62
61
72
76
83
73
68
56
55
42
44
53
76
94
124
112
109
90
42
33
21
7
15
22
34
15
14
9
6
0
0
1
1
1
5
8
16
65
104
159
149
131
94
50
20
7
3
2
1
0
1
0
0
0
0
0
0
0
0
0
0
0
0
0
0
0
0
0
2
20
101
221
347
407
394
366
272
151
94
58
42
46
48
31
13
18
30
101
164
210
270
331
390
376
363
307
250
242
159
135
71
22
12
2
2
11
10
15
23
11
5
3
7
3
1
0
0
1
0
0
0
0
0
0
0
0
2
20
74
79
14
25
83
37
47
77
100
67
24
20
19
17
27
44
66
99
122
173
226
265
345
334
346
344
353
366
433
472
592
633
712
763
799
893
871
882
810
828
801
779
803
761
660
663
574
569
490
460
409
381
362
314
255
279
229
204
141
112
90
65
58
74
74
52
38
33
17
18
12
3
4
0
2
1
0
3
1
4
12
25
0
1
7
4
2
0
0
0
0
0
0
1
0
0
0
3
1
1
0
0
1
3
4
5
4
4
0
1
0
0
0
1
0
3
1
3
7
6
7
0
3
1
4
4
6
3
4
5
2
1
1
3
146
355
385
178
52
179
261
171
61
246
405
367
277
290
352
387
383
310
237
216
188
110
40
48
67
44
10
6
6
4
2
0
0
0
0
0
0
1
0
0
0
0
14
10
44
124
19
0
11
0
0
0
0
0
0
0
0
0
0
0
0
0
0
0
0
0
0
0
0
0
0
0
0
0
0
0
0
0
0
0
0
0
0
0
0
0
0
0
4
3
8
16
6
1
0
30
75
35
0
51
97
10
25
99
125
278
387
437
340
278
255
251
211
93
54
49
64
45
14
7
15
15
9
8
5
2
2
0
0
0
0
0
0
0
0
0
0
0
0
0
0
6
14
18
15
16
9
11
2
0
0
0
0
0
0
0
0
0
0
0
0
0
0
0
0
0
0
0
0
0
0
0
0
3
0
0
0
10
24
22
16
3
0
0
0
0
5
24
124
217
372
530
625
741
842
981
969
878
779
649
449
290
233
237
195
152
129
166
238
356
564
730
838
885
926
698
579
523
389
298
269
190
134
59
63
94
64
41
35
28
58
28
34
70
177
161
77
8
3
0
0
2
0
0
2
0
2
2
0
0
0
0
0
0
1
1
1
7
38
104
157
297
396
408
396
395
176
21
3
17
36
74
205
582
1062
1292
1481
1899
2170
2088
1960
1645
1525
1424
1345
1269
1162
1068
938
741
576
375
180
80
137
143
167
192
233
253
277
231
143
91
46
92
199
324
505
598
619
585
547
502
440
339
224
163
110
57
48
6
61
176
263
276
240
147
65
17
109
243
452
628
835
936
1105
1256
1248
1238
1308
1428
1492
1537
1650
1750
1778
1808
1611
1495
1344
1244
1103
870
742
677
642
603
503
331
105
15
14
22
12
0
2
9
19
23
11
15
12
5
9
25
44
64
86
139
269
311
421
626
767
762
717
579
469
321
126
2
35
67
49
19
1
1
13
5
1
2
11
22
31
75
120
127
78
23
26
156
324
454
576
617
634
570
408
249
191
131
83
64
147
304
432
555
697
689
569
514
778
767
619
497
267
106
137
142
22
63
187
258
270
225
137
142
433
540
564
420
356
337
193
74
58
50
32
28
44
62
81
133
91
130
169
182
253
402
478
532
503
487
484
422
375
302
215
150
121
85
103
111
151
168
153
126
92
41
16
21
7
0
4
10
4
3
2
2
3
0
0
0
0
0
0
0
0
1
0
7
38
69
67
38
4
1
6
10
18
62
119
110
49
13
58
82
58
18
7
20
16
16
12
25
61
214
437
589
651
628
595
694
746
474
438
565
490
347
335
518
704
718
582
376
438
632
736
832
927
831
695
611
582
529
530
398
339
242
89
13
5
12
0
4
3
1
0
2
1
1
0
0
0
4
10
7
14
4
0
0
3
1
1
0
3
0
1
0
0
0
5
37
156
361
462
648
985
1129
1237
1333
1276
894
665
431
248
129
28
7
19
45
89
80
65
104
133
186
184
191
213
242
274
227
188
123
71
56
42
38
46
84
85
133
125
116
112
80
58
36
30
17
21
12
6
2
0
0
0
0
0
1
0
0
0
0
0
0
3
4
1
0
1
0
0
0
0
0
0
0
0
0
0
0
0
0
0
0
0
0
0
0
1
0
0
0
48
237
211
45
2
203
355
402
339
82
23
280
339
270
104
0
35
228
218
117
8
0
14
20
7
0
2
6
0
0
0
0
0
0
0
0
0
0
0
0
0
0
0
0
0
0
0
0
0
0
0
0
0
0
0
0
0
0
0
0
0
0
0
0
0
0
0
0
13
2
0
3
2
0
0
0
0
0
0
0
0
0
0
0
0
0
0
0
0
0
0
0
0
0
0
0
0
0
0
0
0
0
0
0
0
0
0
0
0
0
0
0
0
0
0
0
0
0
0
0
0
0
0
0
0
0
0
0
0
0
0
0
0
0
0
0
0
0
0
0
0
0
0
0
0
0
0
0
0
0
0
0
0
0
0
0
0
0
0
0
1
23
174
326
280
103
189
281
332
466
567
541
447
374
372
258
222
203
108
11
60
71
6
44
50
8
21
7
9
11
6
14
22
8
21
31
11
44
131
137
324
554
655
658
690
657
507
391
250
134
77
45
38
21
44
28
35
26
31
39
52
46
37
30
13
7
5
5
23
16
15
1
1
1
2
0
0
0
1
4
5
8
8
3
9
4
2
2
0
0
0
0
0
0
0
0
0
0
0
0
0
0
0
0
0
0
0
0
0
0
0
0
0
0
0
1
1
2
0
0
0
0
0
0
0
0
0
0
0
0
0
0
2
0
0
0
0
0
0
0
0
0
2
0
0
1
0
0
0
0
0
0
0
0
0
0
0
0
0
0
0
0
0
4
70
329
449
403
137
187
329
316
149
200
511
545
275
233
384
340
383
496
304
106
92
140
128
35
4
10
4
5
0
40
118
183
230
327
401
416
402
361
315
259
183
112
49
24
11
7
7
6
3
0
0
0
0
0
0
0
0
0
0
0
0
0
0
0
0
0
0
0
0
0
0
0
0
0
0
0
0
0
0
0
0
0
0
0
0
0
0
0
0
0
0
0
1
1
1
1
0
0
0
0
0
0
0
0
0
1
2
3
4
0
0
0
0
0
0
0
0
0
0
0
0
5
10
10
1
2
1
5
2
3
3
5
6
5
8
4
7
4
3
0
2
0
0
0
0
0
0
0
0
0
0
16
0
0
0
0
0
0
0
0
0
0
0
0
0
0
0
0
0
0
0
0
0
0
0
0
2
10
20
71
492
908
1147
1169
1526
1641
1405
1184
1022
803
553
374
446
544
516
371
168
30
41
62
65
60
54
31
9
5
9
6
4
0
1
0
7
5
28
104
188
270
383
384
365
316
276
178
135
96
68
67
67
66
62
64
86
49
9
11
36
18
7
7
8
5
2
0
0
0
0
0
0
1
1
4
0
0
0
0
0
0
0
0
0
0
0
0
0
0
0
0
0
0
76
303
486
644
655
652
666
700
724
663
537
410
262
123
79
69
159
134
109
89
108
104
44
10
18
39
72
74
38
7
0
18
3
1
12
99
203
300
366
432
458
547
617
670
730
842
989
1064
1034
944
796
907
492
85
16
11
20
24
19
29
26
27
10
13
10
7
0
8
10
18
27
32
35
49
64
55
66
108
157
155
123
80
32
23
112
200
127
70
11
28
48
33
23
7
3
0
0
0
0
4
2
8
4
0
0
0
0
0
0
0
0
0
0
0
0
0
0
0
0
0
0
0
0
0
0
0
0
0
0
0
0
0
0
0
0
0
0
0
0
0
0
0
0
0
0
0
0
0
0
0
0
15
19
0
0
0
0
0
0
0
0
0
0
0
0
0
0
0
0
0
0
0
0
0
0
0
0
0
0
0
0
0
0
0
0
0
0
0
0
0
0
0
0
0
0
0
0
0
0
0
0
0
0
0
0
0
0
0
0
0
0
0
0
0
0
0
0
0
0
0
0
0
0
0
0
0
0
0
0
0
0
0
0
0
0
0
0
0
0
0
0
0
0
0
0
0
0
0
0
0
0
0
0
0
0
0
0
0
0
0
0
0
0
0
0
9
16
0
4
3
0
0
0
0
0
0
0
0
0
0
0
0
0
0
0
0
0
0
0
0
0
0
0
0
0
0
0
0
1
0
0
0
0
0
0
0
0
0
0
0
0
0
0
0
0
0
0
0
0
0
0
0
0
0
0
0
0
0
0
0
0
0
0
0
0
0
0
0
0
0
0
0
0
11
22
35
29
18
16
13
10
21
53
61
6
8
139
113
2
25
69
105
52
18
0
0
4
17
42
31
0
1
34
59
3
0
126
270
202
0
40
206
187
62
4
10
98
119
9
1
31
101
79
9
0
11
58
45
1
1
24
37
12
3
4
11
18
5
0
0
0
0
0
0
0
0
0
3
0
0
0
0
0
0
0
2
0
0
3
2
0
0
12
25
24
16
1
2
3
2
1
0
1
8
19
17
37
31
40
30
18
4
1
1
2
2
1
0
0
1
2
2
9
7
5
6
8
15
17
5
3
7
16
30
21
11
3
1
4
9
8
6
6
8
2
3
2
2
0
12
6
0
0
1
1
1
3
1
9
6
4
2
0
1
5
7
6
9
4
0
12
9
0
0
1
2
9
15
15
17
11
3
3
1
5
1
0
0
0
0
0
0
1
0
1
2
4
1
3
8
5
0
0
0
1
2
1
7
6
3
5
4
5
16
23
13
1
0
0
0
0
0
2
0
0
0
0
0
0
0
0
0
0
0
0
0
0
0
0
0
0
0
0
0
0
0
0
0
0
0
0
0
0
0
0
0
0
0
0
0
0
0
0
0
0
0
0
0
0
0
0
0
0
0
0
0
0
0
0
0
0
0
0
0
0
0
0
0
0
0
0
0
0
0
0
0
0
0
0
0
0
3
11
1
0
3
1
0
0
0
0
0
0
0
0
0
0
0
0
0
0
0
0
0
0
0
0
0
0
0
0
0
0
0
0
0
0
0
0
0
0
0
0
0
0
0
0
0
0
0
0
0
0
0
13
40
54
75
195
279
390
455
499
437
373
287
184
102
49
23
14
13
8
4
4
0
4
7
9
4
0
0
0
0
0
0
0
0
0
1
3
2
0
0
0
2
0
0
0
0
0
0
0
0
0
0
0
0
0
0
0
0
0
0
0
0
0
0
0
0
0
0
1
1
0
1
0
1
7
11
11
15
17
84
243
371
467
495
502
465
427
413
349
255
56
37
239
171
35
9
21
25
38
114
371
405
143
145
473
82
32
37
34
40
34
35
25
11
1
5
0
3
10
34
1
18
27
41
35
47
21
5
4
23
20
7
4
6
33
54
13
37
42
15
2
12
13
11
16
22
10
20
7
9
12
9
3
7
19
34
39
21
12
11
9
24
43
28
3
0
8
19
58
54
58
40
33
17
19
21
32
46
48
49
44
56
47
42
61
69
107
139
135
119
92
72
46
17
16
18
29
32
22
5
8
9
6
1
0
2
2
0
0
0
0
6
1
0
7
3
0
0
2
0
0
0
0
0
0
0
0
0
0
0
0
0
0
0
0
0
0
3
43
76
60
7
35
28
33
11
0
0
26
46
35
10
0
1
4
5
13
9
12
11
7
0
0
0
0
0
0
0
0
0
0
10
47
17
1
0
5
1
1
1
20
0
5
6
1
0
0
0
0
0
0
0
0
0
0
0
0
0
0
0
0
0
0
0
0
0
0
0
0
0
0
0
0
0
0
0
0
0
0
0
0
0
0
0
0
0
0
0
0
0
0
0
0
0
0
0
0
0
0
0
0
0
0
0
0
0
0
0
0
0
0
1
0
0
0
0
0
0
0
0
0
0
0
0
0
3
3
2
0
0
2
1
0
0
0
0
0
0
0
0
0
0
0
0
0
0
0
0
0
0
0
0
0
0
0
0
0
0
0
0
0
0
0
0
0
0
0
0
0
0
0
0
0
0
0
0
0
0
0
0
0
0
0
0
0
0
0
0
6
31
54
44
90
124
150
149
115
156
237
410
534
544
678
777
658
527
391
254
149
47
14
4
1
0
0
1
0
0
0
0
0
0
0
6
7
1
0
0
2
7
15
6
2
1
0
0
0
0
9
17
12
1
0
0
0
3
4
6
1
0
0
0
1
1
0
0
0
1
1
0
1
5
4
24
64
158
344
481
518
476
388
508
577
641
659
623
513
370
171
59
6
13
22
19
19
16
45
68
59
54
23
0
0
2
1
1
2
2
6
14
17
10
1
3
0
6
4
6
2
0
2
8
10
6
1
0
7
19
40
25
11
1
9
4
0
10
36
56
59
28
2
0
0
3
1
4
7
7
5
10
21
25
73
65
67
53
28
19
23
16
10
4
2
0
0
0
0
0
0
0
1
2
9
11
63
17
36
43
60
118
134
185
211
247
225
179
112
89
76
73
136
169
146
123
130
111
118
99
210
422
629
743
767
693
536
344
136
32
199
245
201
172
70
2
26
73
34
12
17
57
97
105
94
63
54
67
78
152
253
351
362
400
400
368
347
273
218
126
77
80
85
73
71
88
100
103
87
80
77
27
22
55
33
17
30
18
11
26
74
107
117
146
172
243
262
271
279
240
203
109
175
267
392
560
492
365
355
426
457
399
261
202
309
359
330
251
188
176
144
72
93
113
120
103
34
40
83
71
72
112
129
126
92
130
143
167
118
142
149
158
108
93
152
186
144
43
86
142
128
116
131
213
295
390
469
564
711
697
674
620
532
610
679
763
702
492
198
102
41
19
28
27
30
43
69
119
132
134
101
122
205
324
297
262
221
224
233
187
142
103
72
46
21
9
128
239
282
386
501
474
398
220
101
54
30
32
62
79
110
156
168
167
158
123
131
134
92
72
38
30
21
12
5
5
4
1
0
0
0
0
0
0
0
0
1
0
2
6
6
7
11
9
12
14
0
2
5
5
1
2
0
6
0
8
0
0
0
0
0
0
0
0
0
0
0
0
0
0
0
0
0
0
0
0
0
0
0
0
0
0
0
0
0
0
0
0
0
0
0
0
0
0
0
0
0
0
0
0
0
8
22
36
20
4
0
1
5
2
0
0
5
9
15
9
1
0
0
0
0
2
8
14
9
0
0
0
2
0
0
0
0
0
1
4
0
2
0
0
0
0
0
0
9
13
0
3
8
5
0
0
0
0
0
0
0
9
10
1
0
7
21
26
64
62
28
1
0
0
0
0
1
0
12
8
12
17
10
1
0
0
1
0
5
5
0
0
0
0
0
1
0
0
0
0
0
0
0
3
0
0
0
0
0
0
0
0
0
0
0
0
0
3
0
0
0
0
4
4
0
0
0
3
3
4
0
0
0
0
2
5
6
5
4
1
1
6
6
6
1
0
1
0
0
0
0
0
1
0
0
0
0
0
0
0
0
0
0
0
0
0
0
0
0
0
0
33
172
327
439
369
113
158
347
212
66
420
540
322
40
73
73
3
90
175
81
23
2
52
126
123
118
135
165
249
325
406
529
654
802
894
948
1053
1073
1164
2671
1641
1653
1811
1868
1920
1881
1895
1825
1780
1649
1482
1232
1061
906
796
686
559
415
329
215
147
112
170
200
215
209
171
124
82
67
115
134
85
63
82
126
203
243
260
168
97
80
163
239
255
181
71
32
22
10
5
0
3
26
103
149
176
173
155
153
182
252
298
305
246
177
123
126
123
121
104
81
19
23
17
46
68
72
47
42
17
22
40
70
52
40
7
2
9
34
99
206
257
351
319
227
202
118
58
24
6
5
1
0
1
1
2
1
1
2
2
27
12
8
11
29
25
24
24
27
26
33
51
31
20
12
9
19
10
16
15
22
11
12
5
10
3
3
4
2
1
4
1
1
0
2
1
1
0
0
4
0
1
1
1
1
2
2
2
0
0
1
0
0
1
0
0
1
0
0
0
0
0
0
0
0
0
1
0
0
8
41
89
82
43
11
0
12
13
65
61
19
6
1
0
0
0
0
5
21
0
3
1
0
0
0
0
0
0
0
1
2
0
2
0
0
1
0
0
0
0
0
0
0
1
0
1
0
0
0
0
0
0
0
0
1
0
0
0
0
0
0
0
0
0
0
0
0
0
0
0
0
0
0
2
1
0
0
0
0
0
0
0
0
0
0
0
0
0
0
0
0
0
0
0
0
0
0
0
0
0
0
0
0
0
0
0
0
0
0
2
8
245
495
451
343
114
12
247
358
427
363
85
49
137
154
100
10
17
15
21
9
4
0
0
17
31
9
18
28
33
117
268
477
707
830
950
974
1028
1017
1152
1342
1773
1705
1314
1377
1719
1786
1596
1368
1151
1087
1010
909
786
644
557
454
352
266
207
135
107
91
120
160
215
161
471
113
52
8
6
10
6
2
1
1
1
2
0
2
0
0
2
0
0
12
6
12
3
0
0
0
0
0
12
46
174
270
228
77
13
10
15
17
14
11
7
1
1
0
1
0
1
1
4
0
1
0
0
0
0
0
0
1
0
1
0
2
0
0
0
0
0
2
11
20
5
2
0
0
0
0
0
0
0
0
0
0
0
0
13
105
277
385
491
544
555
498
423
259
180
106
61
52
26
47
38
16
8
0
0
0
0
0
0
0
0
0
0
0
0
0
0
0
0
0
0
0
0
0
0
0
0
0
0
0
0
13
21
15
17
16
0
0
0
0
1
0
0
0
1
0
0
0
0
0
0
0
0
0
0
1
4
11
16
22
94
226
365
508
665
749
728
700
577
626
756
1006
1155
1284
1292
1256
1248
1169
1143
1009
907
815
763
683
665
601
528
490
452
407
406
348
307
266
260
165
116
95
97
117
98
64
50
20
16
26
24
7
1
7
7
1
0
1
0
0
0
0
0
0
0
0
0
0
0
1
9
11
10
13
13
12
20
21
17
6
10
11
9
11
11
12
23
10
8
5
3
9
7
3
0
0
0
2
14
17
18
10
3
0
0
0
0
0
0
0
0
0
0
0
0
0
0
0
0
0
0
0
0
0
0
0
0
0
0
0
0
0
0
0
0
0
0
0
0
0
0
0
0
0
0
0
0
0
0
0
0
0
0
0
0
0
0
7
0
0
0
0
0
0
0
0
2
0
4
0
0
2
1
0
2
0
0
0
0
0
0
0
0
0
0
0
0
0
0
0
0
1
2
0
1
0
0
0
4
5
0
0
0
0
0
1
4
0
0
1
1
0
1
0
0
1
0
0
0
0
0
0
0
0
0
0
0
0
0
0
0
0
0
0
0
18
128
126
14
4
62
194
203
65
4
123
267
165
3
8
119
175
107
16
32
99
89
6
1
31
125
31
3
17
48
23
1
13
21
12
1
12
7
0
0
2
2
1
2
0
0
0
0
0
0
0
1
0
0
0
0
2
3
0
3
0
0
0
0
0
0
0
0
0
0
0
0
0
0
0
0
0
0
0
0
0
0
0
0
0
0
0
0
0
0
0
0
0
0
0
0
0
0
0
0
0
0
0
0
0
0
0
0
0
0
0
0
0
0
0
0
0
0
0
0
0
0
0
0
0
0
0
0
0
0
0
0
0
0
0
0
0
0
0
0
0
0
0
0
0
0
0
0
0
0
0
0
0
0
0
1
0
0
0
0
1
1
1
0
0
0
0
0
0
0
0
0
0
0
0
0
0
0
0
0
0
0
0
0
0
0
0
0
0
0
0
0
0
0
12
1
0
2
0
1
1
1
0
0
0
0
0
0
0
0
0
3
1
2
2
4
3
0
1
4
0
1
0
4
2
0
1
1
2
6
5
3
4
1
3
8
12
9
4
0
2
0
0
0
0
1
0
1
5
4
56
0
0
0
0
0
0
0
0
0
0
0
0
0
0
0
0
0
0
0
5
5
4
15
17
13
10
15
11
9
2
2
0
0
2
4
3
0
0
0
0
2
0
0
0
0
0
0
0
1
0
3
0
0
21
2
3
0
0
0
4
6
4
13
15
10
19
44
35
12
4
1
0
0
0
0
0
1
0
0
0
1
0
8
7
5
4
2
0
0
0
2
1
1
1
5
0
3
3
3
0
0
0
3
1
3
6
23
26
18
3
5
0
5
1
2
1
2
0
0
0
0
0
0
0
0
0
0
0
0
0
0
0
2
5
0
0
0
0
1
5
3
8
0
0
0
0
0
0
0
0
0
0
13
0
2
1
0
0
0
0
0
0
0
0
0
0
0
0
0
0
0
0
0
0
0
0
0
0
0
2
1
0
0
0
0
0
0
0
0
0
0
0
0
0
0
0
0
0
0
0
295
286
11
0
0
0
0
0
0
0
0
0
0
0
0
0
0
0
0
0
0
0
0
0
0
0
0
0
0
0
1
0
0
18
9
4
6
5
0
0
0
0
0
1
0
0
0
2
0
0
0
0
1
0
2
13
11
0
0
1
7
2
3
5
0
0
0
3
1
3
17
21
8
14
3
0
0
0
0
0
0
0
0
2
3
7
22
37
49
43
18
12
1
0
0
0
0
0
0
0
0
0
0
0
0
0
0
0
1
0
0
0
0
0
0
0
0
0
0
0
0
0
0
0
0
0
0
0
0
0
0
0
0
0
0
0
0
0
0
0
0
0
13
5
0
0
0
0
0
0
0
0
0
0
0
0
1
0
0
0
0
0
0
0
0
0
0
0
0
0
0
0
0
0
0
0
0
0
0
0
0
0
0
0
0
0
0
0
0
1
0
0
1
0
1
0
1
0
0
0
0
0
1
0
2
0
1
0
1
3
1
0
2
3
2
1
1
0
0
0
0
0
0
0
0
0
0
1
0
0
0
0
0
0
0
0
0
0
0
0
0
0
0
0
0
0
0
0
0
0
0
0
0
0
0
0
0
0
0
0
0
0
0
0
0
0
0
0
0
0
0
0
0
0
0
0
0
0
0
0
0
0
0
0
4
7
0
2
5
12
7
2
0
0
0
0
3
0
0
0
0
0
0
0
0
0
0
0
0
0
0
0
0
0
0
1
8
3
0
1
1
0
0
0
3
8
6
18
29
41
39
41
38
33
38
71
70
44
27
34
26
9
2
1
1
0
3
3
4
9
18
34
37
40
22
11
25
43
37
22
13
12
9
9
3
5
6
6
2
2
0
0
1
5
4
4
2
11
24
58
105
169
211
278
282
243
199
167
98
55
24
10
13
17
18
14
6
12
18
24
24
22
31
52
51
49
40
37
50
39
35
24
17
24
15
8
16
20
13
25
17
11
8
22
11
14
15
7
4
9
11
9
2
0
0
0
0
0
0
5
3
5
8
5
9
9
11
11
9
3
3
8
6
7
4
8
4
6
1
0
0
0
0
3
3
1
2
0
1
0
0
0
0
0
0
0
0
5
21
20
16
13
12
12
9
18
67
234
408
533
683
751
785
779
660
528
425
321
238
234
196
161
94
59
19
8
6
5
1
4
8
12
19
19
20
7
3
4
6
15
61
58
14
10
3
2
0
3
1
0
0
6
6
7
8
13
11
19
12
20
19
19
2
3
1
3
1
0
0
0
0
0
0
0
3
4
1
0
0
0
0
0
0
0
0
0
0
0
0
0
0
1
18
65
142
305
474
589
636
686
640
573
439
276
116
39
36
29
13
7
1
5
11
22
26
42
50
122
129
148
176
173
165
188
158
155
170
172
155
122
124
108
90
83
52
49
37
27
14
21
10
13
14
9
20
16
24
29
38
37
15
0
26
109
237
269
297
365
393
347
216
106
42
6
1
1
4
8
16
52
121
166
226
250
250
218
174
133
94
95
145
197
199
160
120
64
18
13
0
2
0
0
2
7
5
14
17
55
119
163
181
176
165
134
98
45
29
10
3
3
2
5
6
1
0
0
0
0
0
0
0
0
0
0
1
0
0
0
0
0
0
0
0
0
0
0
0
0
0
0
0
0
0
0
0
0
0
0
0
0
1
1
0
1
1
0
0
0
0
0
0
1
1
1
0
0
3
7
5
2
0
0
0
0
0
0
0
6
7
10
13
4
0
0
0
0
0
0
0
0
0
0
0
0
0
0
0
0
0
1
0
0
0
0
0
0
0
0
0
0
0
0
0
3
9
19
48
36
109
348
75
42
18
15
13
2
54
58
7
0
8
9
8
30
23
2
1
0
0
1
6
4
1
0
7
14
8
3
1
1
2
0
2
1
2
0
2
5
21
18
8
36
24
0
3
7
1
0
0
2
6
3
6
12
11
26
31
47
51
10
35
31
79
79
27
13
10
9
10
11
18
5
0
5
4
14
7
6
2
0
0
0
0
0
0
0
1
0
6
4
2
0
0
1
0
1
6
8
18
18
18
24
19
10
5
5
8
5
9
11
5
3
2
7
4
4
0
3
1
0
5
2
7
10
7
3
5
2
4
5
1
0
0
0
1
0
0
0
1
0
0
0
7
27
26
4
28
42
15
0
4
0
0
9
12
9
8
5
20
20
9
6
0
4
2
1
2
2
2
2
1
2
3
5
3
4
0
3
4
7
10
15
37
32
15
15
19
42
39
8
2
2
5
8
14
21
4
1
4
54
95
141
177
205
125
97
49
12
8
4
2
1
5
14
37
36
12
8
4
23
61
51
50
34
19
6
4
0
0
1
3
3
1
5
9
32
27
37
21
17
15
18
29
11
2
4
4
14
1
0
8
13
15
8
4
0
1
2
0
5
8
6
4
0
0
3
0
4
11
4
0
0
0
0
0
2
5
2
0
0
0
0
0
3
1
7
4
0
0
4
2
8
11
9
0
3
3
16
34
43
20
39
31
30
35
143
299
421
511
522
508
450
377
247
139
64
37
63
137
229
322
503
640
802
1062
1364
1662
1990
2246
2588
2894
2956
2848
2783
2908
2963
2946
2845
2767
2683
2583
2461
2417
2311
2172
2074
2047
1862
1743
1570
1291
971
693
417
136
8
26
136
535
892
1141
1341
1529
1640
1776
1764
1701
1515
1393
1290
1168
1033
920
768
637
492
322
223
131
66
38
32
13
8
4
5
7
5
10
6
1
7
38
21
9
9
7
5
5
1
2
3
2
0
1
0
0
0
0
0
2
3
3
5
8
3
5
2
1
2
0
1
0
2
5
1
0
0
0
0
9
0
1
0
0
0
0
0
0
0
0
0
6
7
5
1
0
0
0
0
0
0
0
21
1
1
2
0
0
0
0
0
0
0
0
0
0
0
0
0
0
0
0
0
0
0
0
0
0
0
0
0
0
1
0
0
0
0
0
0
0
0
0
0
0
0
0
0
0
0
0
0
0
0
0
0
1
0
0
0
0
0
0
0
0
0
0
2
0
3
0
1
1
0
0
0
1
1
5
28
33
21
15
12
16
14
15
7
6
16
62
81
97
75
107
154
150
184
220
276
350
342
364
379
355
304
241
199
155
140
90
57
25
19
1
14
20
11
10
18
42
36
37
65
82
78
70
76
83
53
33
24
22
17
5
1
13
33
71
143
157
148
170
223
242
243
141
87
61
58
48
63
79
56
29
23
22
4
5
16
44
59
90
85
20
9
32
19
15
32
16
4
1
7
2
22
17
22
25
19
12
33
32
23
19
11
24
17
12
40
66
37
14
11
1
7
4
31
40
8
32
30
4
17
29
39
24
15
19
33
15
16
28
11
14
18
23
28
27
49
61
67
65
50
70
109
92
107
121
114
107
139
131
140
151
140
124
116
101
70
51
56
44
27
13
16
12
4
0
1
0
0
0
0
0
0
0
0
0
0
0
0
0
0
0
0
0
0
0
0
0
0
0
0
0
0
0
0
0
0
0
0
0
0
0
0
0
0
0
0
0
0
0
0
0
0
0
0
0
0
0
0
0
0
0
0
0
0
0
0
0
0
0
0
0
0
0
0
0
1
0
3
0
0
0
0
0
0
0
0
0
0
0
0
0
0
0
0
0
0
0
0
0
0
0
0
0
0
3
9
0
0
1
0
0
0
0
0
0
0
0
0
0
0
0
0
0
0
0
0
0
0
0
0
0
0
0
0
0
0
0
0
0
0
0
0
0
0
0
0
0
0
0
0
0
0
0
0
0
0
0
7
9
1
4
19
52
74
66
94
93
103
94
97
74
58
30
29
12
3
0
0
0
0
0
0
0
0
4
0
0
0
0
0
0
0
0
0
1
0
1
0
0
1
0
0
0
0
0
0
0
2
1
0
0
0
0
0
0
0
0
0
0
0
0
0
2
33
169
242
300
284
208
130
81
37
33
31
48
58
38
18
22
8
5
1
5
5
7
7
5
2
0
3
10
19
8
0
0
0
0
2
6
6
4
1
0
1
0
4
1
2
4
3
15
11
2
21
27
25
12
22
6
11
14
13
5
9
3
8
7
13
12
4
2
1
1
1
9
11
16
45
196
334
388
392
355
248
192
458
84
87
91
88
53
65
93
82
61
60
51
34
15
2
5
22
29
53
47
18
6
5
11
22
11
8
6
8
7
14
40
70
107
149
144
96
65
15
14
21
1
12
49
43
45
40
25
8
5
0
0
0
0
0
1
0
0
0
14
0
8
3
0
0
0
0
0
0
0
0
0
0
0
0
0
0
1
0
1
0
0
1
42
0
0
0
0
0
0
0
0
0
0
0
0
0
0
0
0
0
0
0
0
0
0
0
0
0
0
0
0
0
0
0
0
0
0
0
0
0
0
0
0
0
0
0
0
0
0
0
0
0
0
0
0
0
0
0
0
0
0
0
0
0
0
0
0
0
0
0
0
0
0
0
0
0
0
0
0
0
0
0
0
0
0
0
0
0
0
0
0
0
0
0
0
0
3
11
0
5
1
0
0
0
0
0
0
0
0
0
0
0
0
0
0
0
0
0
0
0
0
0
0
0
0
0
0
0
0
0
0
0
0
0
0
0
0
0
0
0
0
0
0
0
0
0
0
0
0
0
0
0
0
0
0
1
1
0
0
0
0
0
0
0
0
0
0
0
0
0
0
0
0
0
0
0
0
0
0
0
0
0
0
0
0
0
0
0
0
0
0
0
0
0
0
0
0
0
0
0
0
0
0
0
0
0
0
0
0
0
0
0
0
0
0
0
0
0
0
0
0
0
0
0
0
0
0
0
0
0
0
0
0
0
0
0
0
0
0
0
0
0
0
0
0
0
0
0
0
0
0
0
0
3
19
0
1
2
2
0
0
0
0
0
0
0
0
0
0
0
0
0
0
0
0
0
0
0
0
0
0
0
0
0
0
0
0
0
0
0
0
0
0
0
0
0
0
0
0
0
0
0
0
0
0
0
0
0
0
0
0
0
0
0
0
0
0
0
0
0
0
0
0
2
0
0
0
0
0
0
0
0
0
0
0
0
0
0
0
0
0
0
0
0
0
0
0
0
0
0
0
0
0
0
0
0
0
0
0
0
0
0
0
0
0
0
0
0
0
0
0
0
0
0
0
0
0
0
0
0
0
0
0
0
0
0
0
0
0
0
0
0
0
0
0
0
0
0
0
0
0
0
0
0
0
0
0
0
0
0
0
0
0
0
0
0
0
0
0
0
0
0
0
0
0
0
8
14
154
157
76
18
10
18
5
4
4
4
4
1
0
13
17
14
2
0
0
0
5
23
20
4
0
1
2
0
0
0
0
0
2
0
0
0
5
2
1
0
0
1
13
0
15
23
4
0
1
5
2
0
0
0
0
0
0
1
0
0
0
0
0
0
0
0
0
0
0
0
0
0
0
0
0
0
0
0
0
0
0
0
0
0
0
0
0
0
0
0
0
0
1
0
0
0
0
0
0
0
0
0
0
0
0
1
0
0
0
0
0
0
0
0
0
0
0
0
0
0
0
0
0
0
0
0
0
0
0
0
0
0
0
0
0
0
0
0
0
0
0
2
2
0
0
14
10
2
0
0
0
0
0
0
0
0
0
0
0
0
0
0
0
0
0
0
0
0
0
0
0
0
0
0
0
0
0
0
0
0
0
0
0
0
0
0
9
5
0
0
0
0
0
1
0
0
0
0
0
0
0
0
0
0
5
0
0
0
0
0
0
0
0
0
0
0
0
0
0
0
0
3
0
0
0
0
0
0
0
0
0
0
0
0
0
0
0
0
0
0
0
0
0
0
0
0
0
0
0
0
0
0
0
1
2
2
0
3
2
0
0
1
0
0
0
0
0
0
0
0
0
3
6
1
0
0
0
0
0
0
0
0
0
0
0
0
0
0
0
0
0
0
0
0
0
0
0
0
0
4
46
63
30
0
1
1
1
0
0
2
0
0
0
0
0
0
0
0
1
0
0
1
1
0
0
1
0
0
0
0
0
0
0
0
0
0
0
0
0
0
0
0
0
0
0
0
0
0
0
0
0
0
0
0
0
0
0
0
0
0
0
0
0
0
0
0
0
0
0
0
0
0
0
0
0
0
0
0
0
0
0
0
0
0
0
0
0
0
0
0
0
0
0
0
0
0
0
0
0
0
0
0
0
0
0
0
0
0
0
0
0
0
0
0
0
0
0
0
0
0
0
0
0
0
0
0
0
0
0
0
0
0
0
0
0
0
0
0
0
0
0
0
0
0
0
0
0
0
11
2
0
5
0
0
0
0
0
0
0
0
0
0
0
0
0
0
0
0
0
0
0
0
0
0
0
0
0
0
0
0
0
0
0
0
0
0
0
0
0
0
0
0
0
0
0
0
0
0
0
0
0
0
0
0
0
0
0
0
0
0
0
1
0
0
0
0
1
0
0
0
0
0
0
0
0
0
0
0
0
0
2
0
1
2
0
0
0
1
3
0
2
1
2
2
5
7
3
4
9
12
19
12
9
9
7
4
0
0
1
1
3
2
5
5
8
6
0
0
5
1
0
11
13
2
0
0
0
0
0
4
15
1
0
4
0
0
0
0
0
0
0
0
0
0
0
0
0
0
0
0
0
0
0
0
0
0
0
0
0
0
0
0
0
0
0
0
0
0
22
26
17
3
0
0
0
0
0
5
0
0
6
25
24
11
5
8
2
2
2
1
5
3
0
0
8
15
21
66
142
202
217
133
82
100
119
103
122
154
170
114
76
87
52
21
21
14
24
81
72
22
13
39
31
16
38
54
47
41
38
43
13
0
17
3
3
10
13
16
46
59
133
212
181
141
138
205
156
81
145
119
107
130
128
108
93
75
70
64
47
55
53
52
52
47
30
13
3
3
2
0
0
0
0
0
0
0
0
0
0
0
0
0
0
0
0
1
0
2
0
3
4
23
8
12
16
11
0
0
1
0
0
0
0
0
0
4
11
6
7
7
0
2
1
0
0
0
0
1
12
5
0
0
0
8
8
4
0
47
55
15
14
7
1
0
0
1
19
22
45
54
37
12
2
0
4
19
20
8
9
5
1
0
0
0
0
0
1
0
0
1
0
2
0
0
8
4
4
0
0
3
7
20
14
10
2
6
8
32
33
17
17
15
40
87
125
210
310
391
516
657
820
989
1151
1310
1762
1842
1973
1789
1520
1239
1180
1107
1076
928
824
790
756
774
721
634
464
375
204
182
188
174
175
136
125
181
211
259
294
341
364
399
373
301
263
184
114
65
88
71
71
103
93
50
33
55
49
106
64
19
9
9
26
47
96
93
85
65
85
83
99
65
52
55
55
58
49
65
37
44
60
71
73
59
101
102
62
60
46
6
2
12
32
15
13
7
4
3
2
0
4
11
35
587
318
454
537
470
413
319
166
94
91
136
194
295
362
422
465
528
487
330
210
157
119
107
80
28
13
92
190
218
174
181
168
150
98
87
70
67
65
42
19
25
56
49
42
68
51
53
28
22
10
11
9
8
4
2
0
0
0
0
1
0
1
2
1
0
2
6
10
4
4
6
8
23
19
13
20
14
19
13
16
11
11
11
3
6
16
22
15
8
29
22
13
4
10
23
16
34
36
27
21
18
7
3
2
4
4
4
8
4
7
7
4
13
12
7
4
0
0
0
0
0
0
0
0
0
0
1
1
1
0
1
0
0
0
0
0
0
0
0
10
11
0
0
0
0
0
0
0
0
0
0
0
5
10
5
0
0
0
0
0
4
14
17
3
1
7
10
7
24
21
14
8
0
0
1
2
0
9
13
0
5
9
5
1
1
0
14
11
6
2
4
16
12
0
0
0
2
4
8
7
0
4
6
1
0
1
1
5
8
15
15
12
13
11
12
4
0
0
0
0
0
1
1
12
5
0
0
1
1
1
0
0
0
0
0
0
0
0
0
0
0
0
0
0
0
0
0
0
1
0
0
0
0
0
0
0
1
3
8
10
3
2
2
0
0
0
0
0
0
0
0
0
0
0
0
0
0
0
0
0
0
0
0
0
0
0
6
0
0
1
0
1
1
0
2
3
1
0
0
0
0
0
0
0
0
0
1
1
4
1
2
0
2
0
4
6
11
12
6
7
3
6
1
1
0
0
0
0
0
0
0
0
0
0
0
0
0
0
0
2
2
1
0
0
0
1
0
0
1
1
0
0
2
0
0
1
6
13
21
15
10
12
2
2
1
0
0
0
1
2
0
0
0
0
0
0
0
0
0
0
0
1
1
0
1
0
0
1
2
1
0
0
0
0
0
0
0
0
0
0
0
0
0
0
0
1
0
1
0
0
0
0
0
0
0
0
0
0
0
0
0
0
0
0
0
0
0
0
0
0
0
0
0
0
0
0
0
0
0
0
0
0
0
0
0
0
0
0
0
0
1
0
0
0
0
0
0
0
0
0
0
0
0
0
0
0
0
1
0
1
0
1
1
1
2
0
0
2
0
6
23
66
233
447
573
685
734
738
689
578
429
244
129
43
18
0
0
0
0
0
4
2
4
5
12
16
22
14
21
36
79
145
300
513
646
614
649
613
561
509
424
324
244
156
95
72
71
77
58
53
49
43
35
9
4
0
0
1
4
1
1
4
4
10
20
20
18
16
31
25
27
15
7
3
19
2
10
9
20
8
9
12
6
12
9
14
6
4
3
0
2
0
0
1
0
0
0
1
0
0
0
0
0
2
0
0
4
0
1
0
2
0
0
0
0
0
0
0
0
2
0
3
0
1
3
3
4
3
4
9
4
12
7
9
1
6
1
0
0
1
3
1
3
7
3
20
25
12
10
2
0
0
0
0
0
0
0
0
0
0
0
0
3
1
8
11
15
9
6
2
1
0
6
11
9
1
1
0
0
0
0
0
0
0
0
0
0
0
0
0
0
0
0
0
0
0
0
0
0
0
0
2
2
20
4
0
1
0
0
0
0
0
0
0
0
0
0
0
2
1
0
0
0
0
0
0
0
0
0
0
0
0
0
0
0
0
0
0
0
0
0
0
0
3
0
0
0
0
0
0
0
0
0
0
0
0
0
0
0
0
0
0
0
0
0
0
0
0
0
0
0
0
0
0
0
0
0
0
0
0
0
0
0
0
0
0
0
0
0
0
0
0
0
0
1
39
182
275
295
308
334
341
359
331
300
298
285
239
258
265
268
280
247
305
322
329
373
377
354
342
277
245
176
91
35
14
8
11
4
2
10
20
17
8
2
2
2
2
5
21
58
149
266
416
501
515
496
360
286
205
174
131
84
55
42
41
32
50
49
45
22
33
19
13
34
28
23
20
28
29
21
37
46
6
23
49
8
12
19
7
10
3
10
13
14
6
5
40
44
42
42
41
35
9
7
12
19
21
10
13
26
39
70
100
125
115
105
102
130
146
195
157
104
56
41
64
76
53
36
47
34
22
15
11
2
2
21
33
0
3
6
13
21
24
41
56
373
410
379
234
148
70
39
33
24
16
15
9
4
5
2
6
3
3
0
15
4
8
8
11
28
28
30
14
9
3
9
67
164
386
748
1027
1328
1563
2013
1914
1514
1218
1111
996
717
333
155
113
76
65
50
25
21
49
72
114
79
73
283
427
463
346
84
52
126
131
99
27
44
142
149
63
33
35
20
15
13
13
4
2
11
12
7
2
10
6
6
14
32
23
21
18
9
4
0
0
0
0
1
2
2
0
0
0
0
0
0
0
1
4
11
14
9
2
10
18
12
11
6
8
17
21
27
25
17
13
6
4
4
1
0
0
0
0
0
8
26
26
28
0
4
6
15
71
243
348
369
336
238
119
77
51
37
23
15
9
8
8
9
4
7
18
26
62
109
104
130
198
230
236
203
423
511
498
394
519
512
346
77
92
81
74
105
158
302
409
441
431
393
321
262
166
102
59
25
16
12
28
44
29
16
7
1
3
1
0
0
1
0
0
0
1
0
4
1
1
3
1
1
3
41
96
261
455
617
758
823
858
847
850
745
639
618
526
480
447
402
362
380
381
437
426
367
362
360
371
412
405
389
353
259
176
101
69
73
81
68
93
124
132
174
163
163
100
108
161
203
140
47
9
5
11
6
3
2
6
8
11
14
7
5
3
1
17
8
0
0
0
2
5
3
0
2
0
0
0
0
0
0
0
0
0
1
0
0
0
0
0
0
2
7
5
0
0
5
12
7
3
0
0
0
1
2
5
5
0
0
0
0
0
0
0
0
0
0
0
3
3
2
1
0
0
0
0
1
0
1
0
0
0
0
0
0
0
0
0
0
0
0
0
0
0
0
0
0
0
0
0
0
0
0
0
0
0
0
2
0
0
0
0
0
0
2
2
0
0
0
0
0
0
0
0
0
0
0
0
0
0
0
2
2
0
0
0
0
0
0
0
0
0
0
0
0
0
0
0
0
0
0
0
0
0
0
0
0
0
0
0
0
0
0
0
0
0
0
0
0
0
0
0
0
0
0
0
0
0
0
0
0
0
0
0
0
0
0
0
0
0
0
0
0
0
0
0
0
1
0
1
2
0
1
0
3
0
3
4
3
0
2
0
0
0
0
0
0
0
0
0
0
0
0
0
0
0
0
0
0
0
0
0
0
0
0
0
2
1
4
3
3
4
2
1
1
0
0
0
0
0
0
0
0
0
0
0
0
0
0
0
0
0
0
0
0
0
0
0
0
0
0
0
0
0
0
0
0
0
0
0
0
0
0
0
0
0
0
0
0
0
0
0
0
0
0
0
0
0
0
0
0
0
0
0
0
0
0
0
0
0
0
0
0
0
0
0
0
0
0
0
0
0
0
0
0
0
0
0
0
0
0
0
0
0
0
0
0
0
0
0
0
0
0
0
0
0
0
0
0
0
0
0
0
0
0
0
0
0
0
0
0
0
0
0
0
0
0
0
0
0
0
0
0
0
0
0
0
1
3
105
209
235
192
142
122
121
97
59
36
35
0
12
43
43
29
45
64
35
8
2
6
2
7
0
4
30
125
322
595
705
703
573
467
332
211
184
136
99
80
61
53
33
20
28
102
235
382
477
509
508
498
505
498
500
503
543
608
587
751
844
956
1005
911
788
658
569
471
365
273
135
93
32
9
16
21
23
27
53
54
61
51
10
1
1
0
0
1
0
0
0
0
0
9
19
44
53
43
18
16
15
18
12
16
22
43
40
40
28
33
50
51
72
94
84
99
76
90
104
106
74
35
14
7
6
10
8
18
16
17
4
0
1
0
0
2
1
5
5
2
3
1
5
1
0
0
0
1
0
2
0
0
0
0
2
3
6
4
0
1
0
0
0
0
0
0
0
0
0
0
0
0
0
0
0
0
0
0
0
0
0
0
0
0
0
0
0
0
0
0
0
0
0
0
0
0
0
0
0
0
5
27
63
70
63
83
94
72
31
25
31
32
43
64
31
26
26
10
4
2
1
1
0
0
0
2
7
9
5
3
0
0
0
0
0
6
0
0
0
0
0
0
0
0
0
0
0
0
0
0
0
0
0
0
0
0
0
0
0
0
0
0
0
0
0
0
0
0
0
0
0
0
0
0
0
0
0
0
0
0
0
0
0
0
0
24
6
0
0
0
0
2
5
1
0
2
10
4
5
0
0
0
0
3
2
0
0
0
4
1
3
0
3
2
1
6
5
7
2
4
1
2
4
1
3
1
2
0
2
1
0
2
0
0
7
0
0
9
0
0
0
0
1
0
1
0
0
0
1
0
0
2
0
0
1
2
2
0
1
2
8
7
6
3
5
9
8
10
7
4
1
13
11
16
19
16
8
6
4
10
3
1
1
4
8
8
9
4
5
3
1
1
0
0
0
0
0
0
0
0
1
0
0
0
0
0
0
0
0
0
0
0
0
0
2
1
2
0
2
2
0
3
0
3
3
0
3
11
62
219
304
307
281
217
154
86
23
7
1
0
0
0
0
1
1
1
4
30
47
49
60
66
68
56
60
60
58
61
96
117
143
117
83
90
74
101
127
156
134
84
66
38
23
93
108
112
71
69
60
58
57
29
31
21
14
2
9
12
8
7
17
12
7
12
7
7
9
7
8
4
0
0
1
2
4
3
3
2
4
0
3
25
40
28
18
12
5
1
0
0
1
0
0
0
1
2
6
16
13
11
6
4
0
0
0
0
0
0
0
0
1
4
3
6
6
8
4
15
7
7
11
8
8
10
11
20
32
61
50
74
44
29
17
14
5
12
11
11
8
0
4
13
6
7
4
1
2
0
0
0
0
7
3
2
1
3
4
2
3
7
8
3
7
11
13
10
9
17
26
45
71
60
34
10
4
6
5
0
2
8
3
1
1
9
0
0
0
0
0
0
0
0
0
0
0
0
0
0
0
0
0
0
0
0
2
0
0
1
0
1
0
2
2
5
2
3
3
11
19
8
6
7
6
3
0
0
0
0
0
0
0
1
0
0
0
0
0
0
0
0
0
0
0
0
0
0
0
0
0
13
169
236
236
201
150
89
41
22
1
6
40
92
65
33
2
13
26
27
26
8
29
44
59
34
14
9
31
64
54
51
69
56
15
0
0
0
0
14
70
86
54
9
3
1
9
18
255
717
990
1081
1324
1453
1473
1503
1476
1384
1302
1108
946
945
790
572
376
272
304
329
306
255
300
633
954
1214
1177
1160
1148
869
573
450
476
570
624
622
573
465
332
207
149
166
245
394
471
591
745
715
715
867
909
850
703
587
445
307
238
193
154
174
256
274
245
202
146
140
126
80
21
6
7
6
2
16
58
65
47
26
55
67
137
258
268
432
485
486
352
268
291
305
390
437
421
384
280
237
195
143
131
124
124
123
100
95
115
97
119
120
195
279
349
420
421
398
519
727
890
1110
1298
1596
1887
2244
2389
2163
1964
1843
1768
1706
1418
1223
1185
1253
1384
1429
1268
938
750
511
361
400
450
506
631
681
769
715
528
328
221
96
50
74
169
319
344
366
311
236
124
61
25
15
8
6
10
7
3
4
6
1
0
0
1
1
2
1
2
0
0
0
0
0
30
75
34
3
36
140
78
17
4
48
128
83
83
36
10
4
1
0
0
2
1
0
2
1
0
0
0
0
1
1
0
1
0
0
0
2
3
1
0
0
0
0
0
0
0
0
0
1
0
0
0
0
0
0
0
2
44
198
279
379
449
479
482
375
377
263
235
274
360
507
656
784
917
1282
1686
1973
2306
2607
2782
2906
3009
2939
2710
3424
2227
2008
1783
1693
2197
2627
2555
2281
2163
1836
1659
1435
1267
1354
1491
1587
1433
1224
981
713
923
1211
1437
1615
1718
1878
1993
2077
2325
2596
2705
2736
2702
2544
2467
2414
2310
1962
1683
1157
773
391
234
460
821
947
925
835
657
420
260
154
67
29
20
21
14
31
47
55
27
26
36
38
33
22
11
0
0
0
1
0
1
0
0
0
1
82
458
1130
1872
2352
2815
3248
3815
4004
3790
3543
3319
3198
3139
2990
2878
2291
2137
2253
2158
2034
1850
1717
1616
1230
1091
1262
1177
957
880
766
773
884
925
862
692
474
391
413
390
201
59
22
10
27
34
38
21
8
9
2
36
96
248
305
311
291
282
237
162
124
99
57
25
3
1
0
4
4
8
16
24
8
6
0
0
8
15
21
25
28
12
6
3
8
7
7
4
22
8
12
10
189
23
8
10
18
14
23
14
7
6
15
18
22
36
76
80
121
146
147
122
96
68
58
40
22
4
1
15
45
88
87
79
29
20
21
15
7
8
11
8
13
17
49
78
75
85
40
33
24
51
87
63
33
4
0
0
0
0
2
7
16
28
53
111
141
179
266
293
282
160
101
49
40
30
52
62
14
7
5
1
2
1
10
15
26
20
11
17
29
41
62
84
76
84
46
20
6
0
0
0
0
2
0
0
0
5
0
0
0
0
0
2
1
0
0
0
0
1
1
19
5
35
44
40
18
3
0
4
3
0
1
0
1
0
0
0
0
0
0
0
0
0
0
0
0
0
0
0
0
0
0
0
0
0
0
0
0
0
0
1
0
0
1
2
9
12
0
0
1
0
0
0
0
0
0
0
0
0
0
1
1
5
0
1
0
0
1
0
0
1
0
0
6
0
0
0
0
0
6
0
0
2
0
0
0
0
0
1
0
0
0
0
0
0
0
0
0
1
0
2
0
0
0
0
0
0
0
2
2
0
1
1
0
0
0
0
0
0
0
0
0
0
0
0
0
0
0
0
0
0
0
0
0
0
0
0
0
0
0
0
0
0
0
0
1
0
0
0
0
0
0
0
0
0
0
0
0
0
0
0
0
0
0
0
0
0
0
0
0
0
0
0
0
0
0
1
0
0
1
0
0
0
0
0
0
0
0
1
2
3
1
0
1
0
0
0
0
0
0
0
0
0
0
0
0
0
0
0
0
0
0
0
0
0
0
0
0
0
0
0
0
0
0
0
0
0
0
0
0
0
0
0
0
0
0
0
0
0
0
0
0
0
0
0
0
0
0
0
0
0
0
0
0
0
0
0
0
0
0
0
0
0
0
0
0
0
0
0
0
0
0
0
0
0
0
0
0
0
0
0
0
0
0
0
0
0
0
0
0
0
0
0
0
0
0
0
0
0
0
0
0
0
0
0
0
0
0
0
0
0
0
0
0
0
0
1
3
1
0
0
1
1
2
2
1
1
0
0
0
1
2
3
4
2
6
3
1
0
0
0
0
0
0
1
0
0
0
0
0
0
0
0
0
0
0
0
0
0
0
0
0
1
2
0
0
0
0
0
0
0
0
0
0
0
0
0
0
0
0
0
0
0
0
0
0
3
0
0
3
0
6
5
9
7
9
106
166
193
195
205
150
84
74
60
73
58
46
28
18
5
1
0
3
0
0
0
0
0
0
0
0
3
3
2
5
4
2
7
16
34
56
39
65
77
68
37
16
4
2
1
8
12
10
3
9
0
1
0
0
0
0
0
0
0
0
0
0
0
0
0
1
0
0
0
1
0
0
0
0
0
0
0
0
0
0
0
0
0
0
0
0
0
0
0
0
0
0
0
1
0
0
1
1
0
0
0
0
0
0
0
0
0
0
0
0
0
0
0
0
0
0
0
0
0
0
4
5
4
10
13
14
7
0
3
11
11
5
5
13
13
2
2
1
0
1
3
5
9
6
9
8
3
4
1
0
0
1
4
2
2
1
2
0
1
1
0
0
0
0
0
4
9
10
0
0
0
3
24
59
115
212
331
586
762
944
1086
1104
1154
1076
1115
1096
1078
940
834
683
620
578
518
421
354
251
164
107
71
42
36
13
2
1
1
3
0
2
9
114
200
256
201
85
25
5
2
2
1
7
17
22
19
5
0
0
0
8
12
21
54
74
84
89
83
65
31
30
17
21
30
44
44
35
30
18
15
15
13
8
0
0
0
0
0
0
0
3
7
2
0
0
0
0
0
3
11
13
9
17
18
15
23
32
31
48
40
38
14
1
1
1
0
1
0
0
0
0
0
0
0
0
0
0
0
0
0
0
0
0
0
0
0
0
0
1
1
2
6
13
19
76
125
211
340
1191
905
988
977
940
840
720
624
535
468
365
298
246
220
256
260
160
66
49
28
31
10
4
1
3
3
3
8
8
15
22
37
34
23
10
8
3
0
0
0
0
0
0
0
0
0
5
2
0
3
6
30
72
268
416
567
637
719
791
743
663
751
837
776
773
740
727
660
533
411
172
159
285
320
286
394
533
620
764
792
722
569
422
184
204
314
294
398
538
598
654
838
965
1003
993
744
539
496
724
756
637
431
460
666
1003
1293
1271
1087
993
906
806
694
276
167
209
232
258
208
243
225
249
378
647
715
504
272
146
213
269
345
307
324
363
276
298
336
285
214
118
100
80
73
76
80
122
140
172
166
95
53
90
118
166
205
176
168
148
102
77
103
109
58
11
4
28
35
61
89
103
159
105
52
37
30
20
11
5
5
20
23
11
2
2
4
10
2
5
14
6
2
0
1
8
10
17
9
0
0
14
25
51
48
22
0
1
1
1
2
1
1
0
0
0
0
0
0
0
0
0
0
1
1
2
1
12
9
0
14
17
0
2
7
0
1
2
0
0
0
0
0
1
4
9
0
0
0
0
0
0
0
0
0
0
1
6
4
0
2
8
12
15
12
12
7
1
0
1
0
0
0
0
0
0
0
0
3
0
0
0
0
1
0
1
0
1
0
0
0
0
0
0
0
0
0
3
10
9
0
0
2
0
0
4
8
4
1
1
1
2
3
3
7
3
5
10
4
11
17
6
14
7
3
13
25
12
24
31
26
26
12
9
12
9
0
2
0
0
0
0
2
11
4
6
10
4
1
2
0
0
2
2
15
52
70
71
67
99
108
147
173
178
261
264
299
314
371
393
399
413
362
375
385
321
310
284
230
223
178
142
145
141
117
108
102
83
76
65
69
42
63
94
88
72
77
90
91
78
114
134
170
133
70
23
5
3
1
1
0
0
0
1
1
0
10
7
4
6
16
22
19
11
3
3
0
0
0
0
1
1
0
0
0
2
4
1
7
8
16
16
18
6
4
0
0
0
0
0
0
0
0
0
0
0
0
0
0
1
0
0
1
0
0
1
0
0
0
0
0
0
0
1
0
1
0
0
0
0
0
0
0
0
0
0
0
0
0
2
1
0
0
0
0
1
2
0
0
0
0
0
0
1
0
0
0
0
0
0
0
0
0
0
0
0
0
1
0
0
0
0
0
0
0
0
0
0
0
0
0
0
0
0
0
0
0
0
0
0
0
0
0
0
0
0
5
0
0
2
0
0
1
0
0
0
0
0
0
0
0
0
0
0
0
0
1
1
0
0
0
0
0
0
0
0
0
0
0
0
0
0
0
0
0
0
0
0
0
0
0
0
0
0
0
0
0
0
0
0
0
0
0
0
0
0
0
0
0
0
0
0
0
0
0
0
0
0
0
0
0
0
0
0
0
0
0
0
0
0
0
0
0
0
0
0
0
0
0
0
0
0
0
0
0
0
0
0
0
0
0
2
0
0
0
0
0
0
1
2
2
1
0
0
2
10
19
11
5
4
11
11
29
11
6
6
2
0
0
0
0
0
0
0
0
0
2
7
7
15
14
7
14
6
3
4
2
4
0
0
0
0
0
0
0
0
0
0
0
0
1
0
0
0
0
0
0
0
0
0
0
0
0
0
0
0
0
0
0
0
0
0
0
0
0
0
0
0
0
0
0
0
0
0
0
0
0
0
0
0
0
0
0
0
0
0
0
0
0
0
0
0
0
0
0
0
0
0
0
0
0
0
0
0
0
0
0
0
0
0
0
0
0
0
0
0
0
0
0
0
0
0
0
0
0
0
0
0
0
0
0
0
0
0
0
0
0
0
1
0
0
0
0
0
0
0
1
0
1
2
0
1
0
0
0
0
0
0
0
0
0
0
0
2
1
3
4
7
6
2
1
0
1
0
0
0
0
0
0
1
0
0
0
0
0
0
0
2
0
1
1
1
1
0
0
0
0
0
0
0
0
0
0
0
0
0
0
0
0
1
0
1
4
8
17
16
2
1
0
0
0
0
0
0
0
0
0
0
1
17
42
206
298
265
145
59
36
23
32
14
14
12
13
8
11
5
10
20
26
62
60
64
67
69
55
106
137
234
220
311
368
445
515
529
474
390
361
286
317
312
348
314
227
155
61
20
0
0
0
1
1
0
0
7
8
7
3
4
0
0
0
0
0
0
0
0
0
0
0
0
0
0
2
0
0
0
0
0
0
0
0
0
0
0
0
0
0
0
0
0
0
0
0
0
0
0
0
0
0
0
0
0
0
0
0
0
0
0
0
0
0
1
7
15
17
6
2
13
3
1
8
2
3
0
0
0
5
5
1
0
2
0
1
0
0
2
3
0
0
1
0
0
0
0
0
0
0
0
0
0
0
0
0
0
0
0
0
1
0
0
0
0
0
0
0
0
0
0
0
0
0
0
0
0
0
0
0
0
2
0
0
0
0
10
8
0
5
0
0
0
0
0
0
0
0
0
0
0
0
0
0
0
0
0
0
0
0
0
0
0
0
0
0
0
0
0
0
0
0
0
0
0
0
0
0
0
0
0
0
0
0
0
1
5
4
1
0
0
5
15
7
0
0
8
33
21
3
6
9
11
6
0
5
56
78
34
1
6
17
17
25
18
89
71
14
29
7
37
44
51
18
9
45
43
5
10
5
10
2
3
3
1
0
0
0
0
0
0
0
0
0
0
0
0
0
0
0
0
2
0
0
46
276
509
534
457
214
42
113
309
416
455
294
4
247
423
364
124
3
45
148
231
186
88
7
1
14
74
53
14
1
31
39
24
40
49
25
7
14
8
16
16
9
8
4
1
0
0
0
1
2
8
1
1
0
9
17
12
6
3
0
0
0
0
2
1
7
2
0
0
0
1
3
5
1
0
4
0
1
0
0
0
0
0
0
0
1
0
0
0
0
0
0
0
0
0
0
4
1
0
0
0
0
2
6
5
2
1
4
0
0
0
2
7
7
12
4
2
4
11
8
7
1
0
1
0
0
0
0
0
0
0
0
0
0
0
0
0
0
0
1
0
2
2
3
12
22
30
27
23
29
45
40
24
9
14
48
120
165
220
198
144
118
58
41
45
38
56
49
30
32
56
70
80
74
73
78
52
12
6
1
0
0
0
1
0
0
0
0
0
0
0
0
0
0
0
0
2
1
1
4
1
4
0
0
0
0
0
0
0
0
0
0
0
0
0
0
0
0
0
0
0
0
0
0
0
0
0
0
0
0
0
0
0
0
0
0
0
0
0
0
0
0
0
0
0
0
0
0
0
0
0
0
0
6
0
0
0
0
0
0
0
0
0
0
0
0
0
0
0
0
0
0
0
0
0
0
0
0
0
0
0
0
0
0
0
0
0
0
0
0
0
0
1
2
1
0
0
0
0
0
0
0
0
0
0
0
0
0
0
0
0
0
0
0
0
0
0
0
0
0
0
0
0
2
5
10
9
22
29
20
9
1
0
0
0
0
0
0
0
0
0
0
0
0
0
0
1
16
12
3
12
14
5
0
3
11
8
1
2
4
0
0
0
0
0
0
0
0
0
0
0
0
0
0
0
0
0
0
0
0
0
0
0
0
2
0
0
4
5
4
13
45
95
168
187
209
164
113
70
59
34
25
14
21
13
28
26
33
41
49
28
16
5
2
0
0
0
0
1
11
11
35
35
54
64
58
54
44
35
27
15
9
1
4
0
1
0
0
0
0
1
0
9
11
21
26
30
32
40
58
64
48
42
38
40
47
49
35
33
15
11
17
18
9
2
0
1
1
2
1
0
0
0
0
0
1
0
5
1
0
0
0
0
0
0
0
0
0
0
0
0
0
0
0
0
0
0
0
0
0
1
0
0
1
0
6
27
22
14
5
1
1
1
6
9
4
4
0
1
0
0
2
1
4
6
2
3
0
1
0
0
0
0
0
0
0
1
2
0
0
0
0
0
0
0
1
1
5
3
2
1
0
1
0
0
1
0
0
0
0
0
0
0
0
0
0
3
9
15
11
6
0
0
0
0
0
0
0
0
0
0
0
0
0
0
0
0
1
3
0
0
0
0
0
0
0
0
0
0
1
0
0
0
1
1
15
14
14
14
6
4
5
7
7
0
0
3
0
0
3
2
12
11
0
0
0
0
0
0
0
0
5
12
12
0
0
0
0
0
0
0
0
0
0
0
0
0
0
0
0
0
0
0
0
0
0
0
0
0
0
0
0
0
0
0
0
0
0
0
1
0
0
0
0
0
0
1
0
0
0
0
0
0
0
0
0
0
0
0
0
0
0
0
0
0
0
0
0
0
0
0
0
0
0
0
0
0
0
0
0
0
0
8
1
0
0
0
0
0
0
0
0
0
0
0
0
0
0
0
0
0
0
0
0
0
0
1
1
0
0
0
0
0
0
0
0
0
0
0
0
0
0
0
0
0
0
0
0
0
0
0
0
0
0
0
0
0
0
0
0
0
0
0
0
0
0
0
0
0
0
0
0
0
0
0
0
0
0
0
0
0
0
0
2
4
4
0
0
0
0
0
0
0
0
0
0
0
0
0
0
0
0
0
0
0
0
0
0
0
0
0
0
0
0
0
0
0
0
0
0
2
2
0
0
2
1
1
1
0
0
0
0
0
0
0
0
0
0
0
0
0
0
0
0
0
1
2
1
0
0
0
0
0
0
0
0
0
0
0
0
0
0
0
0
0
0
1
1
15
0
4
1
0
0
0
0
0
0
0
0
0
0
0
0
0
0
0
0
0
0
0
0
0
0
0
0
0
0
0
0
0
0
0
0
0
0
0
0
0
0
0
0
0
0
0
0
0
0
0
0
0
0
0
0
0
0
0
0
0
0
0
0
0
0
0
0
0
0
0
0
0
0
0
0
0
0
0
0
0
0
0
0
0
0
0
0
0
0
0
0
0
0
0
0
0
0
0
0
0
0
0
0
0
0
0
0
0
0
0
1
0
0
0
0
0
0
0
0
0
0
0
0
0
0
0
0
0
0
0
0
0
0
0
0
0
0
0
0
0
0
0
0
0
0
0
0
0
0
0
0
0
0
0
0
0
0
0
0
0
0
0
0
0
0
0
0
0
0
0
0
0
0
0
0
0
4
0
0
0
0
0
0
0
0
11
0
1
0
0
0
0
0
0
0
0
0
0
0
0
0
0
0
0
0
0
0
0
0
0
0
0
0
0
0
0
0
0
0
12
50
83
71
96
177
134
33
23
43
28
125
251
201
67
45
58
136
200
95
56
64
53
18
17
25
15
30
31
15
20
15
11
1
5
6
6
7
4
1
0
0
0
0
0
0
0
0
0
0
0
0
0
0
0
0
0
0
0
0
0
2
0
2
0
0
0
0
0
0
0
0
0
0
0
0
0
0
0
0
0
0
0
2
2
0
0
0
0
0
0
0
0
0
0
0
0
0
0
0
0
0
0
0
0
0
0
0
0
0
0
0
0
0
0
0
0
0
0
0
0
0
0
0
0
3
0
0
0
0
0
0
0
0
0
0
0
0
0
1
1
1
2
4
8
23
28
28
38
96
159
189
301
419
487
573
635
730
824
952
1053
1093
1061
995
934
844
678
533
388
258
103
47
20
5
2
4
1
4
1
5
5
5
5
19
23
5
5
2
3
1
1
6
7
13
24
126
279
540
707
837
886
866
860
709
1088
285
230
199
173
164
146
113
73
47
28
21
11
7
6
4
8
31
59
116
167
162
178
113
36
1
2
4
2
2
4
3
1
0
0
0
0
0
0
1
0
0
0
0
0
0
0
0
0
0
0
0
0
0
0
0
0
0
0
1
2
0
0
0
0
2
2
5
4
2
3
5
3
0
0
0
0
0
0
2
1
0
0
0
0
0
0
0
0
0
0
0
0
0
0
0
0
0
0
0
0
0
0
0
0
0
0
0
0
0
0
0
0
0
0
2
0
2
1
0
0
0
3
1
1
1
1
1
0
0
0
0
0
0
0
0
0
0
0
3
0
0
0
0
0
3
1
4
6
1
1
0
0
0
0
0
0
0
0
0
0
0
0
0
0
0
0
0
0
0
0
0
0
0
0
0
0
1
0
3
2
0
2
1
1
0
11
78
245
369
312
95
6
34
183
241
204
116
24
13
15
94
42
4
0
49
134
19
0
14
16
4
0
15
18
2
23
4
3
0
15
3
2
4
9
1
0
5
1
0
13
2
7
31
32
37
50
28
6
3
5
0
1
1
2
1
14
10
8
4
1
1
0
0
0
0
0
0
0
0
0
0
0
0
0
0
0
0
0
0
0
0
0
0
0
0
0
0
3
5
5
10
13
21
19
22
29
28
31
40
32
38
32
18
0
6
31
62
129
235
196
135
89
69
33
19
21
13
1
8
15
9
1
6
10
11
7
10
8
5
2
2
1
5
0
1
0
5
19
18
7
4
4
2
1
6
15
10
12
5
8
25
24
23
31
60
89
165
199
218
259
248
238
207
255
223
200
163
137
79
58
36
34
35
44
71
72
42
21
7
11
20
10
1
1
2
7
18
6
2
11
15
18
32
41
53
70
94
142
158
178
160
206
297
272
280
291
361
379
422
429
327
318
247
252
268
299
256
215
139
62
27
0
0
0
0
4
28
40
69
120
131
128
101
57
34
11
10
7
5
11
25
73
109
131
262
451
416
426
555
958
1545
1758
1634
1472
1446
1483
1531
1556
1497
1436
1421
1402
1352
1236
1126
1004
890
790
742
826
773
640
383
256
331
503
677
900
1026
1117
1122
899
615
539
645
782
950
884
812
705
643
515
360
183
105
105
206
287
312
391
556
712
707
720
633
297
247
573
819
1442
650
685
680
665
600
527
489
485
469
602
774
803
670
715
950
946
964
1054
1009
1055
972
830
808
829
1009
1271
1730
2071
2179
2240
2296
2229
2116
2026
1892
1734
1431
1049
625
327
166
301
491
645
744
850
933
1068
1015
882
743
588
376
247
116
78
38
7
3
0
9
24
129
150
39
0
20
155
107
14
14
21
12
0
3
10
3
2
0
0
0
0
0
0
0
0
7
9
6
0
0
4
14
4
1
3
0
0
1
0
1
2
2
1
3
1
0
0
0
1
0
0
1
0
6
2
6
2
1
1
0
5
1
2
1
5
1
0
0
0
0
0
0
0
0
0
0
0
0
0
0
0
0
0
0
0
0
0
0
0
0
0
0
0
0
0
0
0
0
0
0
0
0
0
0
0
0
2
2
3
0
0
0
0
0
0
0
2
0
0
0
0
0
0
0
0
3
1
18
99
276
463
634
717
769
759
778
685
555
457
289
212
160
96
65
63
46
35
14
8
12
1
1
3
0
2
5
26
81
254
475
618
674
682
693
581
434
307
130
68
127
55
6
1
3
12
31
47
79
140
225
246
268
192
72
60
48
56
47
36
17
4
2
3
3
15
221
32
29
28
29
25
18
13
24
35
58
87
60
41
28
4
11
53
55
36
1
1
8
14
12
4
1
0
0
4
12
6
3
1
0
0
0
0
3
1
0
0
1
1
7
17
15
8
3
3
3
0
0
0
3
3
25
61
88
93
172
212
260
204
131
85
41
11
3
3
4
3
1
0
1
0
14
17
8
11
45
74
45
12
16
7
7
12
50
109
72
61
181
240
210
191
199
182
163
104
89
74
74
77
78
46
18
10
14
13
8
8
1
4
2
4
11
2
8
3
22
11
25
30
23
35
20
12
9
17
24
15
4
5
1
0
0
0
0
0
4
0
4
1
8
5
8
10
7
6
6
8
30
25
34
42
52
59
70
63
28
15
14
17
22
37
44
51
57
66
95
81
56
72
56
71
70
72
39
10
8
1
1
0
0
0
0
0
0
0
0
0
1
15
0
0
0
0
1
2
5
8
9
8
12
8
9
6
1
4
14
13
28
26
18
25
79
104
99
107
119
189
220
230
231
199
158
120
61
35
18
3
0
0
1
0
1
0
1
0
1
1
0
14
4
1
5
0
4
8
25
29
14
10
11
12
11
12
16
8
11
3
0
2
2
1
0
2
3
4
8
1
2
5
6
1
1
0
0
0
0
0
1
5
0
6
4
1
0
4
7
14
3
11
14
53
111
162
209
297
338
311
296
302
268
376
514
686
747
943
1043
1185
1336
1539
1796
2123
2428
2548
2637
2606
2556
2569
2540
2443
2316
2207
2034
1835
1769
1623
1500
1310
1089
932
749
601
445
311
192
150
107
90
71
42
41
23
44
37
19
19
12
8
4
7
8
2
2
10
36
60
59
37
19
17
10
10
7
4
2
0
0
0
21
12
4
6
3
2
12
6
9
6
6
12
25
23
27
40
51
55
47
47
49
68
159
237
331
420
418
385
329
275
207
179
138
101
54
34
26
19
11
8
9
10
11
5
0
1
2
7
6
4
3
8
3
1
0
0
1
0
0
1
1
4
7
9
7
10
24
28
27
11
5
5
20
28
30
44
54
49
24
1
0
0
2
6
4
3
3
11
6
11
11
3
5
3
5
1
5
3
0
0
0
0
0
0
0
0
0
0
0
1
3
3
9
3
13
17
23
16
18
22
10
21
32
33
27
25
16
11
7
10
9
6
1
2
6
5
0
6
0
0
2
5
2
3
0
16
21
0
2
6
6
0
5
22
1
5
3
0
0
38
127
111
44
19
30
69
136
171
114
67
52
52
19
11
3
2
8
2
0
4
0
2
5
0
0
3
1
2
0
0
0
0
7
6
9
3
1
2
4
14
16
19
45
57
14
1
15
15
7
4
0
0
2
0
0
0
0
0
0
0
0
0
0
0
0
0
0
0
0
0
0
0
0
0
0
0
0
0
0
0
0
12
108
298
453
527
556
531
439
351
235
148
84
45
26
27
28
25
39
20
11
1
0
0
0
0
1
0
2
0
1
1
5
3
6
2
11
16
3
0
1
2
3
4
7
3
3
0
0
0
0
0
0
0
0
1
0
1
3
3
5
7
15
42
93
173
213
246
256
256
209
170
117
79
45
31
23
20
24
7
4
4
6
8
11
20
34
56
103
157
234
279
351
398
382
411
362
295
287
218
182
204
159
148
136
129
74
31
12
12
4
0
0
0
2
13
29
26
64
108
173
175
232
258
305
308
348
352
337
378
385
1167
582
460
428
364
354
306
250
236
176
130
75
53
41
25
36
26
29
12
22
21
27
26
26
40
46
52
41
50
47
23
43
38
23
30
27
38
31
42
55
64
77
81
128
144
141
126
163
142
121
98
60
50
27
12
6
7
17
55
70
142
211
202
243
263
289
307
294
273
285
273
215
147
131
117
110
73
45
26
9
2
4
10
8
5
2
4
0
0
0
0
0
0
4
0
3
12
19
17
32
43
71
119
153
227
391
726
1324
1692
1952
2087
2211
2171
2258
2258
2255
2222
2179
2128
2119
1965
1906
1792
1671
1727
1789
1832
1770
1805
1631
1399
1401
1413
1220
874
500
268
246
396
623
842
872
806
757
713
768
810
956
1077
1141
1112
1109
1010
969
951
1029
1234
1608
1953
2170
2317
2418
2555
2531
2393
2225
2077
1959
1861
1865
1798
1676
1546
1370
1104
868
701
480
320
243
198
169
88
55
63
56
40
19
19
8
1
0
0
0
0
7
7
4
3
0
0
1
3
6
5
7
3
4
0
0
2
6
1
0
0
0
2
6
4
12
22
8
9
5
3
3
3
3
1
0
0
0
1
0
0
1
0
2
0
0
1
0
0
2
0
0
0
0
0
0
0
0
0
1
1
0
0
0
0
0
0
0
0
0
0
0
0
0
0
0
0
0
0
0
0
0
0
0
0
0
0
0
0
0
0
0
0
0
0
0
0
0
0
0
0
110362
0
0
0
0
0
0
0
0
0
0
0
0
0
0
0
0
0
0
0
0
0
0
0
