6504
6231
2266
4754
4814
2157
4117
3253
2198
1249
13646
220
230
194
202
225
218
235
256
325
368
390
463
453
456
453
412
392
349
297
231
166
102
80
78
54
51
29
16
8
4
0
3
0
0
2
6
8
16
29
32
41
52
84
106
99
107
120
143
159
166
167
144
146
167
192
179
185
167
155
153
131
139
172
166
194
210
194
240
237
279
283
264
235
254
208
215
229
256
230
167
124
131
95
99
201
361
515
642
756
906
927
923
859
848
821
816
881
926
1096
1438
1822
2154
2353
2683
3053
3368
3285
2884
2184
1570
1118
871
738
633
515
402
315
268
257
300
443
765
1136
1315
1079
808
623
639
739
574
527
498
438
397
282
141
61
178
364
734
1183
1772
2541
3227
3671
4028
4009
4051
3762
3321
2761
2150
1246
777
392
213
344
285
282
377
434
556
989
1461
1646
1831
1650
1215
879
707
737
869
888
938
977
1040
1191
1440
1844
2352
2801
3234
3706
3421
2799
2179
1471
868
889
705
665
486
180
292
356
491
625
616
529
375
250
230
262
280
299
235
130
56
28
12
55
120
226
350
351
300
282
349
390
362
368
353
435
653
825
1012
1145
1175
1099
814
491
379
372
317
200
234
289
289
227
300
403
587
716
735
722
718
701
662
663
714
727
670
587
391
298
210
124
102
138
209
222
174
111
56
23
13
22
0
2
3
1
6
14
8
2
0
1
27
92
86
88
30
38
55
70
114
136
119
79
93
89
89
98
112
106
55
8
1
0
18
58
80
69
20
0
1
10
49
110
195
245
179
176
169
139
14
95
229
207
175
106
22
3
0
3
31
72
92
80
78
93
105
139
130
106
60
21
4
3
5
0
1
6
1
0
0
0
11
30
27
23
60
94
183
382
678
1181
1713
2245
2687
2960
3441
3668
4112
4203
4154
4185
3968
3744
3530
3267
3063
2538
2266
2139
2247
2373
2248
2157
2056
1834
1477
1162
764
521
341
241
202
272
261
170
90
73
66
76
117
209
328
473
620
764
905
969
1032
1055
1142
1116
1131
1078
1019
869
759
562
429
378
266
237
223
231
241
246
243
286
281
229
187
130
98
99
92
70
51
21
3
3
0
0
1
4
15
9
10
8
30
17
43
76
59
41
46
52
48
31
9
14
15
21
46
85
74
14
13
15
3
5
0
31
49
21
36
68
69
60
62
45
24
17
15
11
3
3
4
1
27
32
19
19
25
22
9
5
12
11
36
81
132
189
151
78
105
7
8
60
27
12
11
48
50
4
3
19
37
61
67
57
57
77
76
82
91
86
77
75
76
78
83
94
81
115
249
475
744
808
804
782
785
721
677
665
633
521
394
235
162
174
235
208
143
91
78
77
87
77
109
167
273
355
426
418
415
271
156
68
49
41
34
26
19
19
12
4
3
15
63
97
89
94
144
209
335
476
618
631
577
518
441
318
221
104
54
29
20
13
8
4
5
2
5
15
25
30
38
50
58
52
50
40
29
25
23
26
36
48
48
53
57
75
79
84
89
88
62
46
36
41
51
61
79
79
74
102
131
163
159
129
114
117
120
181
198
204
259
239
206
153
114
73
23
22
63
127
173
228
256
309
324
314
240
160
131
122
140
162
169
148
137
92
69
66
50
50
37
33
28
23
35
83
128
220
286
316
322
287
280
327
320
344
329
418
634
744
795
778
651
512
370
211
116
116
132
165
116
71
41
24
96
181
212
248
269
252
205
125
105
113
91
86
117
187
258
273
274
273
202
85
16
10
9
18
35
49
58
58
47
41
28
27
64
79
96
116
123
121
117
66
9
22
48
83
125
180
231
338
392
477
563
587
552
439
369
293
183
94
54
39
14
10
8
2
0
0
0
0
0
0
0
0
0
0
0
0
0
0
0
0
0
0
0
0
0
0
0
0
0
0
0
0
4
4
2
2
1
0
5
13
32
82
73
28
28
26
32
84
77
21
42
57
41
33
56
43
6
17
15
2
4
11
8
3
1
2
6
18
36
86
179
345
496
614
713
708
636
520
326
230
126
77
44
28
21
14
14
8
6
8
11
7
6
5
1
0
0
0
0
0
2
0
4
3
4
7
4
2
2
1
0
1
1
0
0
2
4
2
0
4
5
5
7
18
21
28
24
31
24
28
23
26
14
17
19
20
23
20
16
16
23
25
23
13
6
13
23
29
9
15
13
0
1
7
38
83
174
354
417
474
452
514
583
626
584
367
139
75
82
55
36
35
37
65
20
2
0
2
13
4
2
3
8
24
35
38
34
2
0
0
0
0
0
0
0
0
0
2
22
45
54
45
28
11
10
14
34
62
100
141
145
120
112
111
129
189
253
299
242
198
137
72
42
26
12
2
1
0
0
0
0
0
0
22
113
99
99
108
166
184
236
263
244
237
212
185
138
104
104
87
61
38
14
5
0
0
9
13
20
56
194
416
628
743
801
784
717
639
535
381
243
126
63
46
32
25
28
25
20
8
7
10
18
51
168
357
577
727
872
916
870
777
645
491
341
240
165
101
64
31
19
16
14
24
67
135
211
268
342
444
470
462
451
424
347
244
188
172
148
128
114
87
68
61
44
28
41
59
145
264
386
558
667
780
801
796
808
768
676
601
537
454
290
196
142
96
56
31
1
0
1
12
20
16
7
3
4
8
11
8
11
8
8
5
5
4
3
17
25
49
341
365
161
274
480
424
395
336
289
367
464
244
96
250
494
530
380
125
81
149
141
56
19
14
71
97
41
14
19
13
15
3
2
1
1
0
0
0
0
3
17
37
53
62
80
88
103
108
116
95
84
66
57
16
4
5
7
65
87
100
96
93
79
32
26
27
29
33
34
27
22
14
18
8
14
10
5
1
0
0
4
22
26
13
0
0
0
0
1
0
0
0
0
0
0
0
0
0
0
0
0
0
0
0
0
0
103
518
774
700
391
119
350
745
869
872
691
382
297
420
749
914
791
492
180
68
143
368
528
559
477
342
125
108
147
148
64
11
2
23
95
113
52
11
11
17
8
0
0
0
2
1
0
0
0
0
0
0
0
0
0
0
0
0
3
6
11
85
179
120
71
95
123
158
114
182
105
118
30
8
16
44
79
55
23
27
41
36
8
0
0
7
4
0
0
0
1
0
0
1
1
0
0
0
0
0
4
7
11
14
5
5
1
2
9
8
0
2
1
0
0
0
0
0
0
0
0
0
0
0
0
0
0
0
0
0
0
0
0
0
0
0
1
0
0
0
0
0
0
0
0
0
0
0
0
0
0
0
0
0
0
0
0
0
0
0
0
0
0
0
0
0
0
0
0
0
0
0
0
0
0
0
0
0
0
1
10
67
210
462
702
845
967
1002
964
796
615
398
229
128
85
34
17
14
8
8
5
0
2
2
7
0
2
1
0
0
0
1
0
1
0
0
0
0
0
0
0
1
2
0
6
34
102
205
309
385
394
369
295
185
104
66
35
8
4
4
0
0
0
0
4
17
30
74
114
168
213
191
160
112
66
36
12
5
25
2
3
3
7
2
0
0
0
0
0
0
0
0
0
0
0
0
0
0
0
0
0
0
0
0
0
0
0
3
0
1
1
1
0
3
8
16
22
11
12
20
18
18
12
10
10
12
8
9
10
6
4
2
1
1
1
0
0
0
0
0
0
1
1
1
0
0
0
0
0
0
0
0
0
0
0
0
0
1
8
56
150
291
601
1125
1811
2233
2029
1390
812
1198
1631
2166
2238
2157
2003
2004
1660
1294
2310
3280
4002
4369
4549
4239
3719
2746
1901
1080
594
588
727
605
384
332
546
755
719
630
774
902
944
851
848
1027
955
854
695
754
957
1192
1229
1127
1195
1344
1347
1193
989
739
588
483
460
606
772
891
881
795
849
1042
1143
1137
1078
1074
1185
1247
1281
1208
1157
1037
950
888
775
778
814
767
706
627
612
579
478
555
784
1087
1631
2403
2911
3357
3489
3669
3602
3576
3463
3178
2834
2451
1935
1373
620
349
286
285
336
362
351
317
279
346
448
460
433
398
331
290
243
217
183
134
95
79
63
43
73
99
140
179
160
90
57
40
50
35
28
8
0
1
0
0
0
0
1
1
0
0
0
1
0
0
0
0
0
0
0
2
3
4
0
0
2
7
11
9
16
30
49
94
182
360
637
960
1205
1414
1932
2466
2759
3080
3448
3748
3749
3493
3135
2697
2023
1352
781
338
157
188
311
394
451
485
584
701
832
994
1105
1144
1088
883
575
211
288
653
841
870
808
702
456
282
166
110
127
210
301
380
508
589
647
546
356
341
577
751
985
1236
1342
1498
1760
1972
2350
2904
3228
3334
3330
3220
3292
2912
2767
2562
2435
2436
2580
2514
2355
1895
1558
1336
1446
1787
2400
2843
3227
3463
3432
3229
2723
2010
1295
825
716
778
937
1031
970
772
710
688
680
689
618
438
313
230
209
163
212
230
259
363
466
519
558
572
540
469
299
141
148
243
487
773
1027
1156
1149
1120
1170
1230
980
722
439
267
305
276
125
167
271
352
490
545
587
578
567
510
394
259
132
46
71
62
116
205
243
237
234
203
129
76
80
106
134
143
141
151
321
414
446
356
264
211
187
225
288
403
461
436
388
285
134
165
333
506
628
733
875
1110
1363
1620
1602
1364
868
1050
1546
1554
1594
1443
1108
897
842
699
523
467
654
780
919
1094
1266
1323
1374
1121
702
650
1030
1368
1396
1249
986
591
320
626
869
932
908
793
594
313
683
765
854
864
846
828
823
955
1064
1069
1028
916
899
1542
2502
1089
827
1045
1099
1034
930
922
907
686
601
746
1118
1511
1684
1555
1289
1082
958
913
1076
1173
1431
2006
2686
3152
3239
2921
2670
2293
1958
1592
1293
968
711
667
914
1254
1458
1567
1593
1562
1577
1713
1822
1831
1739
1777
1729
1689
1407
1015
898
884
798
673
775
1013
1205
1149
844
569
475
461
464
531
675
721
715
729
722
679
602
548
479
356
261
312
319
314
340
367
440
457
428
438
359
343
429
415
374
434
631
885
1212
1417
1657
1820
1836
1632
1440
1200
1139
1124
1405
1719
1860
1889
1878
1962
2063
2158
2410
2943
3614
4004
4268
3776
3174
3175
3148
2979
2692
2535
2441
2339
2231
2189
1937
1803
1529
1200
982
733
677
765
770
791
771
688
692
731
753
807
848
907
850
785
719
678
677
544
465
519
626
763
993
1163
1141
988
848
821
906
1094
1359
1954
2681
3505
3959
4325
4403
3805
3088
2448
1843
2289
2259
1965
1922
2120
2438
2869
2996
2815
2547
2859
3228
3624
4105
3787
3614
3564
2974
2591
2589
2654
2398
1830
2075
2256
2249
2150
1986
1767
1502
1404
1389
1435
1416
1521
1730
1789
1716
1540
1215
968
750
523
403
541
686
683
665
732
715
775
725
838
957
879
874
710
685
667
630
489
295
105
79
150
213
283
355
435
500
607
493
428
412
330
263
193
155
138
131
103
139
140
252
354
481
576
757
1028
1320
1649
1870
2128
2392
2657
2841
2868
2899
2861
2869
2950
3078
3148
3096
2938
2689
2296
1735
1129
430
142
51
49
64
152
222
310
345
341
297
245
240
233
234
119
119
102
51
40
86
128
155
128
120
130
148
160
257
379
495
630
683
676
538
390
250
118
82
96
119
135
107
96
40
7
2
0
5
11
10
5
12
19
32
42
98
170
321
421
508
522
464
380
273
188
89
52
14
18
15
11
3
6
7
25
60
245
814
1057
1043
670
346
626
889
1020
995
917
566
526
542
522
285
227
394
597
683
551
331
222
228
159
69
52
22
5
8
3
12
9
2
3
0
0
0
0
0
0
0
0
0
0
0
0
0
0
0
0
0
2
5
6
177
505
663
533
223
282
613
789
867
698
299
225
433
683
632
331
51
78
360
562
486
194
146
215
193
147
83
129
173
104
35
97
74
10
5
14
5
0
0
2
2
0
0
0
0
0
2
62
327
431
221
144
315
474
476
283
216
201
281
202
80
57
121
144
31
108
329
307
208
159
170
206
106
7
44
75
13
4
4
4
5
2
2
0
4
2
2
0
0
0
0
0
0
0
0
0
0
0
0
0
0
0
0
0
0
0
1
16
24
7
5
7
5
3
0
0
2
2
2
3
10
0
1
1
0
0
0
0
5
11
26
214
488
620
740
795
705
477
278
176
86
64
143
138
62
12
57
197
189
97
44
78
138
24
2
24
146
127
36
4
57
124
39
9
19
50
138
49
42
28
40
35
36
55
100
106
113
150
147
142
134
136
152
221
393
731
1120
1101
1238
2625
3928
4530
4398
4055
3556
2920
1973
1354
1959
2117
2398
2850
3488
4050
4868
5037
5328
5527
4848
4185
3437
2321
1571
1120
1241
1235
1138
1070
1009
978
874
690
566
535
567
503
435
425
421
457
548
658
756
818
753
677
442
261
218
227
255
251
235
252
237
260
286
380
459
562
572
570
555
459
382
302
224
435
548
400
425
400
402
436
409
366
293
349
417
496
491
407
338
295
281
285
282
250
254
255
277
246
214
187
172
186
310
527
854
1232
1733
2219
2770
3319
3501
3398
2923
2234
1344
939
819
1163
2086
3330
4326
4905
5190
4735
3806
2753
2011
1418
743
348
547
648
593
500
493
615
988
1623
2124
2524
2496
2363
2249
2041
1850
1528
1224
1049
1040
1098
1251
1333
1418
1413
1364
1324
1324
1066
778
450
681
739
1040
1291
1348
1230
1002
964
999
982
924
933
958
1174
1527
1822
2046
2118
2053
1882
1475
1261
1812
2054
1992
1785
1627
1475
1231
1447
1692
1754
1768
1872
1915
1985
1979
2080
2013
1839
1745
1375
1212
1174
1418
1869
2080
2250
2653
2966
3831
4150
4054
3446
2724
1839
963
586
339
211
252
462
535
530
643
861
1113
1139
1108
1144
1150
1127
1234
1392
1471
1377
1388
1575
1509
1839
2258
2794
2669
1972
1274
1382
1580
1671
1637
1577
1231
928
924
824
653
498
413
305
312
406
488
605
711
790
909
964
933
812
665
542
467
403
412
428
413
333
251
276
321
381
481
575
728
789
735
713
793
890
1059
1421
1871
2163
2396
2442
2479
2544
2609
2645
2646
2660
2600
2415
2280
2054
1681
1187
952
754
568
361
132
51
170
353
370
227
100
153
160
159
136
101
68
31
53
35
8
24
61
198
469
779
914
1019
995
1091
1288
2442
3705
4578
5262
5542
5713
5226
4362
3087
2108
1318
1594
1997
2254
2193
1741
1176
702
558
549
620
596
558
519
456
477
580
747
912
1154
1368
1453
1406
1164
794
437
379
524
867
1081
1108
902
697
526
421
375
303
234
254
470
868
1245
1515
1484
1420
1687
1885
2121
2565
2753
2472
2137
2100
3040
2224
2212
2112
1901
1619
1410
1243
1031
912
987
1262
1655
2000
2520
3167
3790
4277
4846
5092
4801
4177
3544
2768
2911
2808
2748
2499
2043
1827
1414
1089
816
677
719
1065
1334
1447
1365
1085
686
453
348
338
333
345
387
428
506
551
712
935
1249
1684
2055
2406
2787
3047
3159
3254
3493
3516
3410
3224
2745
1990
1149
735
1030
1413
1941
2161
2209
2381
2356
2239
1565
655
897
1890
2503
2773
3096
3163
2895
2426
1926
1254
690
750
637
455
446
253
216
191
69
91
116
128
140
174
298
413
524
536
451
351
160
53
63
56
49
58
63
52
30
33
24
11
14
9
2
6
3
0
0
0
0
0
0
0
0
0
0
0
0
0
0
1
6
11
15
19
27
28
22
10
11
15
44
83
56
20
16
3
10
8
15
16
3
1
0
9
32
21
22
8
10
14
2
0
0
0
0
0
0
1
1
2
4
0
0
0
9
15
6
0
0
3
1
1
4
5
13
9
14
23
4
0
0
0
3
3
11
2
2
0
2
3
0
1
0
0
1
3
0
0
0
0
0
0
8
2
2
2
0
0
0
0
10
73
108
131
385
1097
1723
2320
2719
3053
3524
4188
5069
5431
4264
2783
2369
2046
1897
1617
1236
1175
1426
1383
1199
1210
1403
1823
2444
3486
4392
5044
4982
4424
3750
2171
2624
3638
4177
4127
3744
3114
2473
1574
792
550
651
565
507
458
332
234
191
130
85
132
406
704
942
1098
1172
1241
1259
1145
1014
825
607
406
303
249
224
187
155
110
126
142
135
145
128
149
213
390
668
871
1032
1005
1012
902
676
558
340
170
152
129
124
127
166
240
320
326
360
373
392
271
138
122
164
177
163
115
106
156
149
139
163
149
147
83
60
61
62
31
54
85
153
131
94
68
66
61
54
39
17
32
73
54
35
17
15
5
3
10
11
30
57
60
103
136
156
137
118
87
59
29
5
0
11
57
218
498
757
978
1070
1130
1183
1194
1142
1026
819
579
417
263
219
178
128
90
71
64
40
16
7
14
10
7
3
8
7
9
13
8
0
0
2
0
11
9
14
20
15
16
15
13
10
7
8
1
4
5
4
3
5
3
2
1
0
5
3
4
4
5
3
2
7
9
35
90
268
778
1168
1429
1602
1473
1213
1426
2049
2627
3385
3733
3744
3907
3663
3650
3604
3944
4126
3875
3333
2526
2088
1900
1852
1578
1953
2048
1947
1768
1765
2052
2384
2161
1906
1524
1317
1111
1173
1247
1250
1271
1155
991
1527
864
870
894
982
899
746
531
252
114
210
300
338
267
164
247
315
350
381
346
186
373
971
1664
2776
3607
4309
4989
5040
5008
4806
4230
3631
2987
2315
1667
1236
698
552
423
322
98
271
241
144
118
111
115
176
256
317
345
365
358
381
498
757
1185
1599
2004
2516
3078
3536
3770
3630
3241
2540
1808
1440
1670
2013
1965
1898
1698
1439
1417
1195
864
814
680
544
482
524
487
333
260
485
569
653
803
1550
2669
3565
4728
5555
6626
7415
8085
8398
7545
6089
4222
2292
1411
977
916
960
1065
1153
1060
918
626
434
378
320
284
258
297
395
532
592
667
758
913
950
976
1016
1114
1270
1467
1635
1780
1875
1907
1804
1573
1089
470
294
700
1215
1445
1450
1305
1103
853
608
372
160
104
98
123
219
294
385
727
1080
1439
2044
2691
3448
4155
4719
4959
4995
4797
4437
4065
3388
2639
1709
1083
1136
1873
2548
3000
3233
3280
3030
2387
1675
1152
1103
1508
1920
1927
1934
1701
1450
1158
858
516
341
296
325
288
197
116
46
20
56
52
24
26
21
9
4
0
0
19
50
58
58
45
47
33
32
54
57
22
0
2
8
6
1
2
5
5
9
28
43
47
53
58
51
51
55
52
14
17
3
3
1
0
0
0
0
0
5
22
86
199
361
451
545
598
587
524
484
449
413
335
284
210
130
55
33
22
2
3
8
2
0
17
82
142
184
187
188
163
137
85
31
28
52
62
38
11
67
236
316
315
274
350
423
429
521
694
813
810
690
425
205
211
274
308
273
234
224
257
258
225
217
183
172
162
181
171
171
189
196
144
100
76
65
95
91
96
95
87
76
78
83
103
111
104
140
130
75
45
65
118
175
174
139
118
122
132
156
168
185
189
164
159
141
123
109
101
90
76
75
50
26
15
9
10
15
15
4
6
8
3
30
71
83
72
53
45
29
15
9
9
6
7
6
3
0
0
0
0
0
0
0
0
0
0
0
0
0
1
0
0
0
0
0
0
0
0
0
0
0
0
0
0
0
5
18
3
4
5
7
4
0
0
1
1
0
0
0
0
0
0
0
0
0
0
2
12
29
49
51
18
21
43
48
46
46
45
41
40
82
141
208
187
151
78
80
94
76
78
76
75
74
76
76
83
87
108
103
91
80
71
86
112
132
87
43
72
86
140
160
146
142
52
16
39
109
172
245
249
151
17
4
49
114
186
188
169
110
53
121
40
16
1
6
20
10
0
0
0
0
0
0
5
1
4
0
5
10
3
3
12
18
14
2
1
11
23
21
18
7
17
70
167
404
2200
1493
1793
1859
2076
2229
2105
2003
1854
1634
1380
1211
909
734
684
563
548
689
713
751
769
818
838
887
907
924
908
896
800
743
700
719
703
667
647
643
624
656
672
732
690
642
537
389
312
357
432
400
356
349
317
272
232
273
312
343
508
1042
1719
2725
2470
1957
1545
1229
737
689
809
1004
1059
1148
1221
1391
1557
1647
1628
1627
1523
1456
1305
1079
799
472
483
902
1312
1526
1513
1474
1392
1260
1017
750
729
737
824
884
671
417
604
342
271
363
402
529
725
1102
1389
1804
2176
2546
2851
2914
2656
2106
1472
1786
2134
2324
2535
2549
2491
2360
2301
2221
2012
1750
1444
1149
1248
1037
1255
1922
2364
2947
3550
3959
4419
4585
4826
5199
5401
4653
3509
2323
1555
1341
1146
941
668
599
658
789
847
707
545
363
252
315
255
240
220
231
215
196
137
75
105
159
206
201
158
161
184
200
224
244
288
317
379
467
579
696
797
926
947
1006
1067
964
932
937
932
1013
974
945
935
890
833
727
697
701
703
649
559
411
292
234
185
212
268
201
222
331
441
562
481
251
101
170
225
236
147
135
119
122
250
461
764
1134
1426
1583
1656
1846
2087
2192
2169
1792
1393
1310
1372
1154
995
826
559
256
293
444
291
370
293
573
704
850
951
1120
1371
1371
1328
1448
1635
1679
1681
1722
1852
2011
2119
2228
2226
2084
1845
1617
1446
1369
1158
780
394
662
876
988
1044
1146
1266
1445
1412
1108
538
258
449
625
481
398
235
250
217
126
150
220
267
299
371
362
339
351
426
541
435
394
471
596
840
1179
1584
2036
2607
3041
3195
3274
3331
3319
3165
3052
2819
2561
2420
2252
2019
1736
1357
1057
744
510
345
261
245
259
371
315
180
181
248
378
396
366
386
384
280
142
330
417
424
374
357
313
252
143
39
91
116
82
118
168
159
87
91
112
250
325
320
397
467
538
563
416
365
322
269
235
252
289
196
140
120
113
107
149
257
352
411
425
408
338
278
244
152
112
97
94
95
110
105
88
112
122
115
98
64
55
23
8
10
10
10
15
12
15
23
20
19
18
9
10
7
6
8
6
0
0
0
0
0
0
0
0
0
0
0
0
0
0
0
0
0
0
0
0
0
0
0
0
0
0
0
0
0
0
0
0
0
0
0
0
0
0
0
0
0
0
0
0
0
0
0
0
0
0
0
0
0
0
0
0
0
0
0
0
0
0
0
0
0
0
5
13
7
0
5
2
0
0
0
0
0
0
0
0
0
0
0
0
0
0
0
0
0
0
0
0
0
0
0
0
0
1
5
5
13
16
6
3
2
0
0
0
0
0
0
0
15
15
17
29
22
28
29
22
20
14
13
3
0
1
2
0
0
0
0
0
1
1
0
4
2
5
8
15
30
47
34
34
29
35
52
82
119
153
132
133
159
232
260
258
235
238
259
316
342
336
327
320
328
298
194
125
63
50
40
51
28
19
10
7
3
3
3
11
21
18
15
12
3
6
3
0
1
1
3
2
4
2
22
65
110
116
94
35
5
9
10
5
3
0
0
0
1
2
1
1
3
12
16
2
5
4
3
5
6
4
2
1
1
0
0
3
3
13
7
2
0
0
10
4
7
20
12
0
1
19
59
124
243
416
766
1175
1626
2072
2437
2544
2670
2879
2945
2809
2494
2187
1828
1380
1029
798
608
432
320
258
197
102
75
80
117
69
23
18
36
56
304
729
1256
1909
2376
2703
2905
3160
3148
3024
2823
2410
1818
1305
626
373
318
233
244
305
327
331
294
170
111
83
85
76
87
92
93
94
87
143
187
222
197
112
35
8
10
31
44
50
25
5
0
7
29
26
26
38
48
36
14
35
92
88
61
21
0
11
20
12
13
13
0
7
2
1
0
0
0
0
4
12
10
10
10
2
0
0
0
0
0
0
0
0
0
1
12
105
280
483
584
606
596
553
500
406
293
212
149
88
65
30
15
12
2
1
0
0
1
2
3
0
2
2
1
3
0
3
1
1
0
0
3
3
8
4
3
2
1
1
0
0
0
1
0
0
0
0
0
0
6
14
17
2
1
3
2
0
1
2
1
3
3
0
0
0
0
0
0
0
0
0
0
0
0
0
0
0
2
0
2
5
30
4
34
133
31
24
102
49
27
233
339
381
516
581
563
544
523
499
466
503
469
357
245
167
156
156
134
83
73
85
103
52
3
1
6
69
83
61
15
1
0
4
0
0
1
22
21
4
9
6
20
12
2
0
1
3
2
2
2
2
9
8
5
3
0
0
0
0
0
0
0
2
1
0
0
0
0
0
1
0
0
0
0
3
1
0
7
6
0
9
2
3
11
23
5
6
9
3
3
12
24
92
232
450
578
654
617
665
588
527
440
306
156
44
17
30
45
42
49
79
174
359
487
631
668
670
601
574
489
408
283
203
155
152
120
149
178
175
154
82
15
12
40
156
228
241
242
216
190
165
106
60
48
34
14
4
0
0
2
2
5
3
1
2
2
5
2
5
3
1
1
0
2
0
1
1
0
0
0
2
3
0
8
13
4
11
10
10
9
5
3
5
4
0
0
0
1
1
0
0
0
0
0
0
0
0
0
0
0
0
0
0
0
0
0
0
0
0
3
12
0
0
1
0
0
0
0
0
0
0
0
0
0
0
0
0
0
0
1
0
0
0
0
0
0
0
0
0
0
3
46
267
447
331
163
52
57
21
19
38
118
314
464
405
268
57
31
89
111
71
24
7
31
64
65
30
22
68
121
85
28
7
17
45
114
182
196
180
135
111
95
141
183
197
127
35
55
17
28
33
76
80
58
17
6
45
120
240
252
180
38
34
61
41
22
9
12
8
2
4
6
15
21
17
12
4
0
0
14
38
94
196
297
282
131
46
111
155
155
180
253
213
98
39
33
16
11
32
18
9
9
41
65
55
25
8
8
3
11
26
13
19
24
17
6
2
5
8
17
29
17
16
16
10
4
13
8
11
13
4
5
5
1
0
0
0
0
1
2
1
0
0
0
0
0
5
14
6
41
20
6
1
0
2
2
0
0
20
42
78
118
109
62
34
39
14
29
75
96
80
47
61
59
100
109
64
39
14
9
18
83
145
144
97
56
44
36
22
19
22
29
24
4
6
3
30
49
45
54
45
32
10
33
199
477
730
832
877
864
848
800
756
684
600
478
301
100
48
33
66
241
389
533
547
556
565
502
384
309
230
203
154
88
62
46
27
11
113
4
12
3
1
0
1
0
0
0
0
1
1
3
0
0
0
0
0
0
0
2
1
2
0
0
0
0
0
0
0
7
12
13
6
8
11
8
25
17
2
31
14
0
0
0
0
1
0
0
0
0
0
0
0
0
0
1
3
8
4
0
0
0
0
0
1
3
7
9
11
7
7
7
13
18
15
9
10
10
0
0
0
0
0
0
0
0
0
0
0
0
0
0
0
0
0
11
20
0
2
2
5
0
0
0
0
0
0
0
0
0
0
0
0
0
0
0
0
0
0
0
0
0
0
0
0
0
0
0
0
0
0
0
0
0
3
2
0
0
0
0
0
0
0
0
0
0
0
0
0
0
0
0
0
0
0
0
0
0
0
0
0
0
0
0
0
0
0
0
0
0
0
0
0
0
8
7
0
1
1
2
9
7
12
22
35
78
90
96
81
82
85
104
127
129
127
126
117
58
58
124
209
256
211
87
12
0
3
17
37
62
75
92
92
97
92
98
88
83
84
80
81
88
71
73
76
71
48
46
44
42
32
39
31
31
26
24
18
13
10
1
1
0
0
0
0
0
0
0
0
0
0
0
0
0
0
0
0
0
1
2
2
0
0
0
2
2
1
0
0
0
0
0
2
13
15
0
5
4
0
0
0
0
0
0
0
0
0
0
0
0
0
1
10
10
0
0
0
0
2
4
4
6
0
0
0
0
0
0
0
1
1
2
20
17
5
0
5
4
3
3
1
2
1
2
16
18
24
79
93
100
119
146
151
164
124
85
83
83
79
71
88
95
119
148
125
127
130
116
99
115
109
123
122
126
98
99
84
78
69
90
124
117
140
160
167
149
151
145
136
105
91
83
67
62
67
68
76
80
46
24
52
86
54
14
8
6
2
0
1
2
1
7
9
3
4
16
4
1
1
0
0
0
0
1
12
8
11
3
6
1
0
0
2
7
5
7
9
3
6
14
21
30
32
25
19
20
13
9
9
15
7
18
26
35
35
54
101
124
141
157
193
266
353
416
442
378
338
288
203
161
139
115
158
190
198
200
195
122
88
40
25
30
59
66
58
62
97
132
141
150
128
145
151
147
141
111
87
139
182
191
177
102
125
163
258
377
483
568
514
481
336
267
222
254
271
272
202
151
97
62
52
77
111
208
240
265
262
300
447
683
802
680
410
200
162
173
254
307
314
268
277
278
265
238
222
188
167
185
171
175
157
146
162
212
291
338
393
372
327
253
233
185
220
217
196
169
157
189
145
116
142
108
97
185
231
245
261
414
577
681
687
723
701
665
631
547
544
473
428
301
235
177
153
136
84
72
41
32
30
16
8
7
9
9
12
9
16
16
4
1
0
7
15
13
21
22
34
34
24
43
105
51
81
98
100
94
81
55
23
4
1
0
0
0
7
17
11
8
17
11
12
9
0
0
4
3
3
0
0
0
0
0
0
0
0
0
0
0
2
0
0
0
0
0
0
0
1
0
1
0
0
0
0
0
0
0
0
1
0
0
0
0
0
0
23
14
0
4
2
2
0
0
0
0
0
0
0
0
0
0
0
0
0
0
0
0
0
1
0
0
0
1
0
0
0
2
2
2
0
0
0
0
0
1
0
0
0
7
11
0
0
0
0
0
0
0
0
0
0
0
0
0
0
0
0
0
0
0
0
0
0
0
0
0
0
0
0
0
0
0
0
21
10
0
1
2
0
0
0
0
0
0
0
0
0
0
0
2
0
0
0
1
0
0
3
10
0
0
5
1
0
0
0
0
0
0
0
0
0
0
0
0
2
0
0
2
218
497
467
200
72
18
21
116
212
227
201
195
207
212
164
129
86
59
58
76
81
75
102
272
433
468
507
524
473
411
303
451
552
692
733
700
734
807
885
865
906
893
944
993
1027
1135
1147
1131
1060
977
931
933
947
908
845
828
784
709
608
511
488
404
423
376
338
259
193
178
176
211
237
217
164
119
123
152
134
111
90
75
49
38
20
23
29
29
38
50
117
135
139
144
93
78
66
88
95
60
25
18
27
17
8
12
1
0
0
0
2
11
11
10
9
6
4
9
8
7
8
5
12
9
15
26
5
14
15
16
19
21
23
43
35
43
47
33
36
36
40
34
39
34
22
14
12
9
6
2
0
0
0
0
0
0
0
0
0
0
0
0
0
0
0
0
2
1
0
1
0
0
0
0
0
0
0
0
0
0
0
0
0
0
1
4
7
7
3
2
0
0
0
0
0
0
0
0
0
0
0
0
13
5
5
7
3
0
0
0
0
0
0
0
0
0
0
0
0
0
0
0
0
0
0
0
0
0
0
1
8
5
0
0
0
1
6
13
9
8
3
6
3
3
1
2
5
1
2
10
25
9
6
5
3
0
0
0
0
0
0
0
0
0
0
0
0
0
0
0
0
0
0
0
0
0
0
0
0
0
0
0
0
0
23
7
0
7
5
7
8
4
2
0
0
0
0
0
0
0
0
0
0
0
0
0
0
0
0
0
0
0
0
0
0
0
0
0
0
0
0
0
0
0
0
0
0
0
0
0
0
0
0
0
0
0
0
0
0
0
0
2
1
0
0
0
0
0
0
0
0
0
0
0
0
0
0
0
0
1
1
4
5
7
7
13
20
23
37
54
51
62
74
70
53
63
59
58
55
52
43
46
35
34
27
22
25
25
24
23
24
10
10
14
11
11
5
1
2
2
2
5
2
0
3
0
0
0
0
0
0
0
0
0
0
0
0
0
0
0
0
0
0
0
4
4
4
3
27
113
149
98
75
24
17
16
23
36
41
52
45
31
31
36
32
30
29
33
44
36
32
31
22
24
34
28
23
15
12
10
12
12
14
11
7
9
7
11
18
8
4
3
6
7
0
0
0
5
5
0
0
0
0
9
30
76
129
171
293
300
332
396
429
541
700
824
978
1066
1208
1290
1237
1181
1019
905
791
779
760
722
679
660
665
617
544
460
414
314
281
185
168
127
114
105
89
70
73
61
59
49
33
22
18
5
0
0
0
0
0
0
0
0
0
1
1
5
13
3
0
0
0
0
0
0
0
0
0
0
0
0
0
0
0
0
0
0
0
0
0
0
0
2
0
0
0
0
2
0
11
12
6
13
1
6
3
8
4
2
7
11
11
11
11
9
10
10
10
11
11
8
8
3
2
1
1
1
0
0
0
0
0
0
4
10
2
0
0
0
0
0
0
0
0
0
0
0
4
8
0
1
1
1
0
4
13
1
0
0
5
52
64
63
34
22
24
20
21
8
0
6
30
56
83
129
165
214
268
283
221
239
222
189
160
167
178
157
176
169
237
253
218
135
74
49
39
44
79
112
96
86
58
52
23
41
101
135
136
123
113
113
126
108
69
31
31
120
150
149
114
69
32
29
35
37
17
28
27
23
12
13
9
21
18
25
19
23
16
6
4
10
16
8
24
39
61
65
58
67
61
41
41
27
16
12
4
1
0
15
31
16
0
9
10
4
9
18
30
35
38
37
32
14
18
27
99
215
337
401
432
451
451
409
370
285
221
116
66
46
29
24
25
19
25
36
79
160
307
492
575
583
624
640
672
622
581
532
464
380
316
223
138
76
35
6
1
0
0
0
1
10
14
30
46
56
68
92
137
209
346
457
572
653
689
689
643
616
538
456
923
355
286
218
168
143
122
102
48
20
7
11
12
28
39
41
33
22
3
2
2
6
0
0
0
0
0
0
0
52
342
607
791
903
963
904
725
577
456
296
142
101
58
34
23
16
14
15
32
40
12
6
5
8
43
122
185
126
111
91
41
11
2
39
90
76
6
0
11
50
52
9
17
5
2
6
9
8
16
20
18
19
19
19
16
14
7
5
7
13
20
28
30
22
13
2
21
23
22
9
1
2
2
5
1
4
8
1
1
1
2
1
3
5
6
6
3
10
3
0
9
1
2
87
174
179
146
61
0
44
56
14
6
8
10
29
21
0
0
10
10
3
2
1
0
0
0
0
0
0
0
6
4
8
8
9
7
5
4
8
2
0
0
0
0
7
16
13
16
10
2
0
0
0
0
0
0
5
25
9
0
7
11
4
1
0
0
11
18
0
0
1
14
32
29
10
4
1
60
129
127
38
4
14
90
77
40
2
0
1
34
50
13
0
0
10
8
0
4
5
2
2
1
7
19
21
0
2
13
2
0
2
6
5
9
6
10
22
18
6
16
8
17
34
16
18
17
38
42
19
1
5
4
1
10
5
14
11
13
7
11
16
13
21
20
12
1
9
10
8
7
1
1
6
1
0
0
0
4
6
0
0
0
1
0
0
0
0
0
0
0
0
0
0
0
0
0
0
0
0
0
0
34
88
93
33
16
9
12
7
10
26
57
90
83
116
142
242
693
1187
1721
1959
2077
2251
2520
2521
2273
1800
1712
1536
1653
1888
1862
1737
1703
1659
1590
1467
1624
1886
2076
2267
2420
2399
2217
1911
1523
1114
687
434
388
240
168
75
153
203
159
156
122
132
139
179
226
247
265
237
168
148
214
302
450
587
698
714
791
852
805
794
835
785
651
610
497
473
394
333
258
282
389
588
790
899
922
845
778
761
976
1001
914
947
1029
1150
1118
1340
1445
1659
1994
2279
2620
2966
3376
3798
4042
4064
3948
3760
3434
2997
2395
1686
1120
795
619
496
477
464
462
303
174
84
87
97
54
10
23
46
56
70
43
0
9
48
96
179
278
271
209
181
141
135
98
76
49
138
174
134
87
13
15
25
3
27
57
79
97
98
70
59
45
37
19
6
4
4
3
1
0
0
1
4
9
19
16
8
0
5
59
101
112
126
85
49
15
3
4
9
17
14
0
0
0
0
0
0
0
0
0
0
0
0
0
0
0
0
0
0
0
0
0
0
0
0
0
0
0
0
0
0
0
0
0
0
0
0
0
0
0
0
0
0
3
2
0
0
0
1
3
6
15
16
8
5
7
7
7
8
10
8
8
2
9
4
1
0
1
0
1
0
0
0
0
0
0
0
0
0
0
0
1
0
0
0
0
1
7
38
115
123
74
15
2
1
1
7
5
9
9
15
28
21
10
3
10
16
21
15
10
1
0
2
2
2
1
0
0
2
2
1
0
5
26
47
73
74
43
20
13
32
26
34
61
53
63
167
405
777
1303
1730
1890
1643
1387
1105
961
983
1033
1182
1271
1342
1321
1299
1227
1233
1157
1027
894
797
694
583
575
830
988
983
906
795
915
1085
1275
1516
1510
1313
1089
1185
1592
1637
1322
709
710
1272
1552
1468
1297
1008
821
748
751
565
422
803
1053
1414
1588
1594
1309
964
972
1062
1094
871
826
697
610
579
881
1280
1310
880
699
591
773
912
883
592
527
888
1109
1060
1034
730
328
670
848
948
992
975
1058
1022
728
774
917
1005
1333
1294
960
883
1040
887
1146
1386
1359
1184
1216
1086
941
814
779
849
875
1054
1298
1727
1886
2575
3301
3684
3680
2830
1337
1626
1718
1508
2066
2353
2496
2465
2231
2157
1864
2010
2142
2167
1973
1888
1686
1202
776
826
1196
1373
1127
1629
1840
1913
1560
1400
1457
1609
2008
2207
2293
2277
1747
1040
1089
1214
1178
1072
775
755
506
599
528
385
409
670
599
656
583
396
257
217
255
302
306
271
254
259
286
303
381
513
742
962
1226
1413
1521
1448
1292
1098
864
681
1224
1173
539
1125
1597
1737
1642
1315
814
445
399
506
487
377
304
299
362
469
718
1066
1431
1679
1779
1592
1096
478
340
336
415
398
282
199
163
176
205
310
419
550
651
780
964
1052
1006
1087
1133
1147
1137
1133
1034
723
860
952
953
869
814
787
961
1000
894
742
652
747
763
714
934
1142
1279
1210
1049
816
551
204
310
510
862
985
1075
1188
1310
1440
1698
1777
1664
1451
1872
2234
2445
2262
2136
2139
2355
2743
3011
3181
3382
3716
4115
4509
4455
4060
3144
1914
1045
816
781
714
604
506
415
361
390
536
782
1108
1388
1330
1018
635
612
653
553
374
467
755
1028
1262
1535
2012
2631
3131
3552
3656
3707
3403
3025
2543
2284
2516
2666
2775
2511
2130
1947
1723
1588
1849
1533
675
706
971
850
765
897
1078
1255
856
725
814
872
827
907
1266
1471
1253
933
1233
1929
2530
2813
2918
3578
2373
2043
1903
1627
1446
1071
883
987
998
1046
976
627
428
808
985
800
786
616
439
200
124
265
334
150
29
207
326
272
164
52
172
331
295
163
163
174
101
53
41
85
160
123
58
59
96
97
57
24
25
75
101
30
18
7
7
7
0
12
85
23
13
24
22
7
2
31
61
40
6
2
21
68
38
12
12
22
61
76
100
120
166
134
201
153
55
35
49
71
85
124
152
161
171
183
188
63
65
64
82
115
106
61
46
55
65
71
57
60
64
69
69
48
39
28
41
23
13
12
10
11
6
43
0
0
0
0
0
0
0
0
0
0
0
0
0
0
0
0
0
0
0
0
0
0
0
0
0
0
0
0
0
0
0
0
0
0
0
0
0
0
0
0
1
0
5
16
0
8
7
4
1
0
0
0
0
0
0
0
0
0
0
0
0
0
0
0
0
0
0
0
0
0
0
0
0
0
0
0
0
0
0
0
0
0
0
0
0
0
0
0
0
0
1
0
0
1
3
7
0
3
8
35
2
2
3
8
6
8
1
1
7
7
9
18
23
23
13
8
18
18
19
14
12
14
13
14
19
28
26
31
26
15
19
30
12
8
12
15
14
20
8
9
9
17
14
18
20
18
18
15
15
13
11
15
17
16
13
15
16
14
12
13
11
5
5
1
2
1
1
2
2
0
2
3
3
0
0
0
10
1
0
1
1
1
0
0
2
0
0
0
0
0
2
0
0
0
4
19
5
0
0
0
0
0
1
1
1
0
0
2
23
13
1
3
2
1
0
2
0
0
1
0
0
0
2
5
7
16
15
6
4
2
2
19
13
4
7
28
57
74
76
57
6
7
0
5
29
79
175
268
314
261
128
30
4
1
1
20
40
58
43
19
6
5
10
64
138
245
279
255
204
145
102
74
34
8
0
0
4
7
3
0
0
2
6
11
6
8
35
88
97
66
47
72
70
75
106
149
169
183
222
235
224
321
418
551
620
629
489
369
259
280
337
250
111
42
143
252
243
179
99
128
154
211
201
236
257
278
370
428
469
527
584
648
688
752
748
848
896
890
923
923
991
927
922
992
1075
1248
1343
1399
1397
1406
1378
1320
1155
1097
1114
1088
973
898
701
521
355
216
113
90
49
105
278
550
796
901
926
932
924
823
746
690
640
1324
441
378
348
283
260
236
200
192
166
133
125
93
85
83
78
76
90
117
126
93
55
18
35
36
49
39
12
9
5
3
1
2
98
239
554
873
1021
997
867
713
633
610
416
137
224
410
484
577
619
678
678
651
435
142
6
115
192
169
99
114
148
326
465
500
382
180
78
39
66
43
16
9
3
56
138
106
54
2
1
13
10
4
1
0
10
17
6
0
0
1
2
0
0
5
12
14
2
3
4
7
4
3
0
5
30
43
13
2
1
0
1
0
0
0
4
31
30
0
2
4
4
3
0
0
0
0
0
0
0
0
0
0
0
0
3
4
0
0
0
0
0
0
0
0
0
0
0
0
0
0
0
0
0
0
0
0
0
0
0
0
0
0
0
0
0
0
0
0
0
0
0
0
0
0
0
0
0
0
0
0
7
20
2
4
19
33
40
32
38
25
20
9
0
1
0
0
0
0
0
0
0
0
0
0
0
0
0
0
0
0
0
0
0
0
0
0
0
0
0
0
0
0
0
0
0
0
0
0
0
0
0
0
0
0
0
0
0
0
0
0
0
0
0
0
0
0
0
12
15
0
0
4
3
0
0
0
0
0
0
0
0
0
0
0
0
0
0
4
7
3
0
0
3
8
2
0
0
0
1
0
0
0
0
0
0
0
0
0
0
0
0
0
0
0
0
0
0
0
0
0
0
0
0
0
0
0
0
0
0
2
1
0
0
2
0
0
1
1
0
0
0
0
0
0
0
0
0
0
0
0
0
5
28
92
96
89
57
29
64
174
227
251
242
213
215
241
200
167
95
44
15
9
1
1
0
8
18
30
3
7
21
11
11
3
1
1
7
49
82
74
88
106
153
155
120
89
68
59
56
92
108
105
56
36
8
28
115
61
3
6
2
58
45
5
2
7
52
87
40
8
18
9
13
9
12
28
44
49
31
21
17
23
74
237
368
413
444
363
250
34
3
203
354
399
320
212
47
44
113
215
207
122
42
0
0
11
32
43
30
30
25
39
38
12
4
0
11
31
59
47
37
29
25
30
17
18
9
9
13
18
24
30
40
53
42
27
15
16
16
13
13
20
31
32
40
35
39
65
83
77
67
52
48
42
30
25
19
15
13
12
2
1
4
1
0
0
0
1
1
3
0
3
19
23
15
4
2
0
0
0
0
1
2
0
0
0
0
0
0
0
0
0
0
0
4
13
1
6
1
1
0
4
0
0
0
0
0
0
0
11
38
56
51
23
44
65
53
19
54
49
32
59
90
77
41
51
22
75
133
118
111
114
99
116
105
170
236
301
323
361
429
566
667
774
757
612
454
247
189
258
326
340
273
196
100
72
20
8
72
113
105
69
39
36
11
1
14
31
104
319
466
444
524
649
682
624
433
217
137
140
93
30
5
26
58
48
40
71
144
223
267
234
163
87
49
50
59
64
61
41
17
27
32
37
26
2
0
0
0
0
9
8
11
15
22
80
176
287
434
620
788
886
889
911
910
811
644
494
343
245
197
192
234
231
217
199
190
163
132
117
77
18
9
21
5
53
99
123
121
92
38
20
27
39
41
28
15
11
9
9
3
3
2
0
1
0
0
0
0
0
0
0
0
0
0
0
0
0
0
0
0
0
0
0
0
0
0
0
0
0
0
0
0
0
0
0
0
0
0
0
0
0
0
0
0
0
0
0
0
0
0
0
0
0
0
0
0
0
0
0
0
0
0
0
0
0
0
0
0
0
0
0
0
3
1
2
7
9
4
2
4
4
6
3
4
3
8
7
29
93
207
333
462
538
596
641
641
621
568
477
375
280
230
174
96
32
18
12
3
0
0
0
0
0
0
0
0
0
0
0
0
0
0
0
0
0
0
0
1
0
0
4
6
8
3
1
12
15
3
8
32
35
36
31
32
21
12
13
18
11
5
4
10
17
21
16
1
1
2
2
3
2
12
20
22
17
15
17
19
27
25
42
32
26
22
36
33
32
18
27
17
16
14
6
9
0
0
0
0
0
0
2
4
13
31
57
96
137
171
184
161
141
105
77
59
50
55
51
40
39
48
47
36
30
27
24
27
26
25
32
43
64
69
118
190
277
420
474
547
579
581
604
588
621
583
557
491
430
357
283
189
138
114
74
43
22
22
6
10
16
41
44
48
55
60
86
148
244
353
490
607
800
1062
1262
1392
1540
1503
1446
1346
1221
1119
1065
991
1010
1081
1110
1182
1203
1175
1193
1182
1283
1310
1297
1307
1211
1188
1143
1098
1063
945
822
698
519
1715
430
356
306
282
185
129
124
156
105
44
25
19
50
117
452
242
287
311
322
356
461
576
679
733
734
660
608
610
559
559
541
528
464
378
313
287
256
251
241
229
255
275
311
350
347
354
323
277
228
172
168
156
153
128
109
95
106
103
93
45
49
46
40
28
43
53
59
51
46
38
8
1
1
1
1
0
0
0
4
8
6
5
15
26
12
1
1
0
6
10
5
0
1
11
12
16
8
4
2
8
2
10
23
23
31
29
8
10
12
9
1
2
1
0
2
3
3
0
0
1
0
0
0
2
6
7
5
5
28
15
0
3
7
4
0
4
8
9
8
5
3
0
7
7
4
0
2
4
5
16
31
20
8
1
0
0
3
4
29
119
209
336
433
507
528
535
557
560
518
445
372
318
282
244
196
127
105
94
90
60
36
16
17
16
7
2
19
20
6
3
0
0
4
8
5
1
0
0
0
0
0
0
0
0
0
0
0
4
5
1
1
7
4
0
0
0
3
8
10
3
0
0
3
0
0
0
0
0
0
0
0
0
0
0
0
1
3
1
0
2
2
5
6
9
10
53
155
317
433
496
579
573
487
373
278
195
118
101
68
31
8
3
0
1
2
6
15
16
28
32
28
35
41
47
43
49
51
49
49
47
46
34
14
10
3
4
12
16
8
5
7
8
3
0
0
0
0
0
0
0
0
0
0
0
0
0
0
0
0
0
0
0
0
0
0
0
0
0
0
0
0
0
0
0
0
4
77
229
350
427
448
459
432
357
272
181
89
59
23
4
1
5
11
11
7
12
12
18
12
17
27
54
74
98
108
86
84
67
64
34
35
27
28
19
25
25
26
33
53
88
139
163
193
226
220
178
163
133
126
103
92
61
42
36
16
15
18
15
17
13
4
0
0
0
1
1
1
4
3
0
0
0
0
0
0
0
0
0
0
1
2
0
6
0
1
2
0
0
0
0
0
4
6
3
2
1
0
0
0
0
0
0
0
0
0
0
0
0
0
0
0
0
0
0
1
0
0
0
0
0
0
0
0
0
0
0
0
0
0
0
0
0
0
0
5
25
103
217
293
303
268
164
38
13
71
55
24
14
12
34
53
51
96
155
260
358
397
353
255
174
115
118
115
136
156
132
68
33
19
23
27
24
22
18
12
20
38
64
64
70
62
49
52
119
506
288
418
503
494
360
307
269
215
222
183
252
390
419
365
264
160
195
360
479
526
530
554
537
584
628
752
876
957
1051
1122
1191
1202
1186
1150
1036
980
921
891
753
771
820
777
711
683
656
631
607
572
513
480
432
373
287
290
305
280
267
240
214
118
89
39
52
113
125
177
245
340
507
663
793
844
879
911
992
1156
1310
1396
1485
1548
1670
1779
1724
1577
1425
1357
1249
1150
1143
953
951
824
755
645
576
453
406
343
269
251
188
154
127
124
106
85
71
31
13
31
26
16
2
4
5
9
11
28
14
9
13
27
40
39
17
4
1
11
17
21
24
26
37
28
31
35
5
5
11
6
10
13
18
33
41
29
8
3
8
10
5
2
0
0
0
8
0
0
0
0
0
0
1
4
4
1
3
30
16
2
8
29
1
0
14
29
20
6
22
15
6
6
3
1
9
57
80
150
192
200
225
193
172
117
77
61
50
62
73
86
101
120
166
256
415
541
617
616
553
537
437
379
308
251
236
207
171
121
72
44
36
24
35
30
37
48
47
54
69
82
101
110
91
92
99
90
69
66
235
472
633
755
744
713
735
1155
1766
2134
1966
1698
1768
1873
1994
2129
2226
2133
2078
1900
1680
1467
1263
1114
958
858
830
928
1129
1297
1493
1406
1436
1074
820
850
1010
1151
666
269
234
297
443
451
460
486
621
824
960
1078
1154
1080
956
708
527
388
390
302
320
343
292
309
460
616
762
749
546
402
370
171
49
73
121
100
42
2
25
63
153
168
150
127
82
61
35
41
64
80
143
237
350
495
557
593
548
453
381
304
303
264
229
198
205
273
227
238
290
337
389
411
386
316
247
194
134
30
1
0
0
1
11
75
171
334
535
742
1114
1620
1971
2305
2585
2831
2996
3174
3172
3282
3174
3068
3194
3044
2720
2353
2009
1678
1342
1165
1014
979
913
816
726
676
656
635
614
600
614
621
549
564
577
567
532
475
432
341
226
152
177
309
456
489
412
294
260
253
354
447
558
672
692
811
799
770
744
712
683
787
900
1100
1210
1309
1210
1110
1052
952
1075
1189
1308
1343
1265
1204
1252
1249
1361
1210
1019
825
1038
1769
2429
2908
3251
3538
3578
3602
3420
3075
2723
2511
2448
2375
1975
1634
1269
1164
1569
1880
1965
1867
1719
1508
1418
1249
962
877
749
771
835
963
967
792
535
330
330
290
247
176
257
282
154
108
194
280
299
295
308
265
172
119
110
558
403
484
521
498
397
259
209
229
208
143
54
13
6
27
22
22
26
31
14
7
2
4
17
13
22
17
14
30
54
55
54
61
32
23
15
15
8
11
8
7
7
22
23
17
1
0
0
2
13
3
2
1
9
55
73
30
8
2
0
0
0
0
0
0
0
6
35
50
45
26
12
14
8
5
6
7
7
7
4
1
2
10
5
6
6
5
4
1
2
14
35
44
47
27
77
243
471
828
1273
1672
1913
2061
2279
2587
2555
2387
1893
1158
1128
1968
2517
2542
2275
1929
1779
1286
919
528
372
584
755
922
1034
1270
1323
1155
827
741
729
682
633
643
619
640
590
477
322
172
58
8
77
198
278
315
328
313
280
201
113
86
70
42
52
60
101
130
165
194
200
153
126
92
72
42
5
1
48
78
97
89
66
19
115
331
528
651
693
682
518
396
564
1059
1669
1784
1555
1136
849
778
886
1275
1559
1736
2024
2001
2122
2166
2000
1567
1204
845
664
445
323
309
339
341
312
239
134
57
15
70
73
22
3
2
4
17
37
50
43
38
37
30
32
67
118
233
393
506
640
723
782
758
750
673
588
526
473
415
296
311
303
354
320
276
139
31
4
6
6
1
0
8
9
12
40
76
87
96
103
111
110
111
94
101
87
76
34
11
6
4
5
1
10
15
18
51
73
111
226
377
607
933
1337
1662
2047
2273
2437
2538
2589
2553
2514
2336
2136
1915
1699
1450
1191
1017
836
749
685
607
464
400
671
904
1169
1218
1007
588
904
1455
2158
2399
2656
2577
2047
1548
1266
1051
968
1014
1063
1111
1163
1195
1292
1406
1617
1857
2131
2435
2742
3058
3112
2746
2224
1678
1264
1069
1016
987
890
838
1151
1351
1035
1256
1569
1760
1809
1785
1586
1394
1112
966
976
1039
1072
1145
1574
2320
2888
3393
3808
4190
4276
4261
4015
3630
3079
2501
1849
1327
865
509
333
255
218
215
216
204
207
187
258
414
677
1066
1481
1829
2231
2692
3122
3417
3463
3226
2951
2573
2017
1616
1145
837
737
799
805
735
722
716
707
641
553
563
471
392
328
314
246
194
130
105
113
131
167
177
140
81
31
36
80
87
45
23
23
81
160
228
263
233
196
82
75
88
83
57
37
31
24
16
21
15
18
15
35
76
104
120
126
117
102
57
45
20
58
89
97
74
58
49
76
83
109
113
155
217
230
209
189
210
184
208
446
716
960
937
747
626
916
1300
1707
1663
1400
1212
1076
1033
1048
1186
1266
2796
1666
1734
1802
1946
2105
2237
2368
2324
2212
2128
1938
1706
1450
1195
936
763
657
550
453
375
326
282
203
144
108
93
98
67
37
13
10
4
1
0
0
0
3
0
0
0
0
1
1
1
8
4
15
8
12
1
0
0
1
0
7
4
0
1
2
0
0
1
4
0
0
1
1
1
0
14
85
104
30
30
72
91
31
22
24
11
31
54
65
78
131
262
264
158
68
11
0
10
30
21
3
1
3
2
3
2
9
24
116
322
603
792
970
1021
961
751
482
221
130
46
36
44
65
101
276
551
728
721
657
628
544
409
423
554
641
710
721
722
679
711
771
830
926
940
984
1054
1165
1371
1671
1827
2107
2332
2415
2426
2454
2407
2342
2192
2050
1883
1742
1602
1513
1392
1221
1130
973
849
699
560
496
462
395
321
259
205
203
156
112
102
110
115
121
169
163
144
152
128
112
159
228
234
263
177
265
591
694
653
595
442
164
137
280
360
439
514
545
456
369
253
153
143
117
80
78
137
220
286
290
201
79
131
222
243
247
304
457
596
536
392
249
156
131
180
350
450
491
486
384
271
262
267
270
300
354
365
342
338
307
260
243
222
242
235
218
188
193
180
189
201
245
266
362
341
323
307
328
322
414
446
388
359
314
296
332
321
318
309
264
230
241
199
165
125
105
61
42
33
17
6
0
2
10
59
158
285
438
560
773
863
986
1090
1075
1101
1039
1019
1020
921
834
771
745
800
804
820
753
706
675
659
635
546
479
432
435
409
446
468
511
492
505
447
445
364
304
246
249
197
172
158
127
115
106
89
75
32
53
33
31
46
34
22
16
8
3
0
0
0
1
1
0
0
0
0
0
0
0
0
0
0
0
0
0
0
0
0
0
0
0
0
0
0
0
0
0
0
0
0
0
0
0
0
0
0
0
0
0
0
0
0
0
0
0
0
0
0
0
0
0
14
1
0
0
0
0
0
0
0
0
0
0
0
0
0
0
0
0
0
0
0
0
0
0
0
0
0
0
0
0
0
0
0
0
26
8
6
16
3
0
0
0
0
0
0
0
1
2
1
0
0
5
8
0
1
0
7
3
2
1
0
0
0
6
42
117
118
90
55
7
2
0
0
0
0
1
0
1
0
0
0
0
18
10
0
0
0
1
2
5
0
1
2
1
2
2
0
4
53
8
11
9
3
1
1
2
3
1
0
1
0
0
0
0
0
0
1
0
0
0
0
0
0
2
0
9
15
9
3
42
26
2
5
4
3
4
10
6
8
4
0
0
0
0
0
0
0
0
0
0
0
0
0
0
0
0
0
0
0
0
0
0
0
0
0
0
0
0
0
0
0
0
0
0
0
0
0
0
0
0
0
0
0
0
0
0
0
0
0
0
0
0
0
0
0
1
2
0
0
0
0
0
0
0
0
0
0
0
0
0
0
0
0
0
0
0
0
0
0
0
0
0
1
4
0
0
0
0
0
0
0
0
0
0
0
1
6
5
2
0
0
0
0
0
0
2
6
0
0
0
1
0
0
0
0
0
1
0
1
0
0
0
0
2
1
1
0
7
10
5
0
0
0
0
0
0
0
0
0
0
0
0
0
0
0
0
0
0
0
0
0
0
0
0
0
0
0
0
0
0
0
0
0
0
0
0
0
0
0
0
0
0
0
0
0
0
0
0
0
0
0
0
0
0
0
0
0
0
0
0
0
0
0
0
0
0
0
0
0
0
0
0
0
0
0
0
0
0
0
0
0
0
0
0
0
0
0
0
0
0
0
0
0
0
0
0
0
4
4
0
0
0
0
0
0
0
0
0
0
0
0
0
0
0
0
0
0
0
0
0
0
0
0
0
0
0
0
0
0
0
0
0
0
0
0
0
0
0
0
0
0
0
0
0
0
0
0
0
0
0
0
0
0
1
4
6
7
14
3
0
0
0
0
0
0
0
0
7
3
0
0
0
0
0
0
0
0
0
0
0
4
6
5
2
2
5
5
0
4
4
3
0
2
0
8
12
14
3
0
0
4
0
12
56
120
202
206
157
67
3
4
5
9
14
23
30
17
13
2
1
0
0
0
0
0
2
11
11
0
0
1
20
9
0
0
8
2
0
0
0
0
0
0
1
3
19
42
28
12
18
13
16
42
78
291
509
711
749
793
974
1292
1747
2075
2347
2528
2642
2859
2957
2914
2654
2296
1873
1287
830
1337
2006
2514
2506
1573
1403
1874
1863
1777
1437
988
571
300
643
1047
1684
2188
2573
2796
2758
2462
1201
918
1643
1896
1829
1489
988
613
954
1574
2209
2738
2973
2916
2797
2526
1390
643
1034
1422
1572
1637
1796
1594
1282
1232
1123
961
736
632
462
389
468
925
595
539
406
408
416
372
328
368
330
309
264
219
199
221
185
175
164
127
102
88
78
81
93
140
260
326
335
338
326
277
171
206
224
156
167
255
298
341
364
325
202
50
13
15
13
28
75
99
118
120
125
111
65
18
24
50
86
111
91
43
11
0
0
0
4
26
28
43
36
4
1
1
2
14
75
91
69
24
10
8
5
5
3
3
6
3
5
0
3
0
0
0
0
0
0
0
0
0
0
0
0
0
0
0
0
0
0
0
0
0
0
0
0
0
0
0
0
0
0
0
0
0
0
0
0
0
0
0
0
0
0
0
0
0
0
0
0
0
0
0
0
44
268
401
282
142
96
265
446
590
810
964
1041
1067
981
822
495
265
212
205
189
145
92
23
6
0
3
3
7
20
71
200
390
637
1127
1793
2067
2333
2571
3114
3329
3509
3392
3049
2606
2018
1532
1215
1147
1056
980
867
865
933
644
508
461
456
432
481
498
698
885
1053
1162
1224
1091
923
2390
1634
1971
2252
2646
2977
3291
3601
3816
3836
3600
3220
2642
1841
981
465
291
254
121
391
820
1004
851
606
611
821
935
858
735
583
529
396
318
456
906
1513
1276
920
741
960
1162
1337
1455
1632
2144
2537
2784
2931
2938
2812
2574
2310
1972
1564
1016
657
523
438
434
476
490
523
476
449
436
504
582
672
829
1061
1201
1296
1273
1167
1011
860
730
588
454
342
250
95
27
277
588
948
1355
1817
2137
2353
2502
2580
2663
2710
2723
2694
2543
2231
2068
1888
1718
1647
1440
1196
943
733
616
529
387
369
423
402
259
135
96
61
48
76
82
88
60
18
53
77
72
47
19
4
2
9
3
1
0
1
0
0
0
0
0
0
2
0
0
0
0
0
0
0
1
0
0
2
0
0
8
2
3
2
4
1
1
37
85
118
96
44
4
6
14
19
7
4
1
0
2
1
0
0
0
0
3
8
8
6
8
2
0
0
0
0
0
0
0
15
17
31
30
36
21
14
1
0
0
0
0
0
0
0
0
0
0
0
0
1
0
0
0
0
0
0
0
2
0
7
6
1
5
5
10
10
42
199
425
1001
1734
2031
1843
2088
2758
2999
2952
2996
2763
2420
2028
1749
1524
1111
952
682
556
719
917
1102
1139
1060
796
640
795
916
967
696
530
621
855
1087
1212
1219
1180
1060
980
922
808
725
676
692
816
915
954
903
859
939
947
1050
1115
1141
1360
1285
1003
636
462
741
589
793
865
891
912
930
993
1083
1347
1442
1470
1447
1322
1176
884
723
700
911
1169
1233
1178
1105
1114
1144
1158
1189
1142
1091
1050
1002
938
952
1087
1217
1282
1233
1075
1023
1087
1185
1200
886
574
677
816
946
856
691
326
460
529
608
563
435
645
745
765
784
877
1154
1428
1570
1706
1811
1723
1717
1831
1901
1855
1882
1720
1439
1055
799
736
740
788
833
879
984
1104
1206
1288
1268
1238
1193
1004
1024
927
785
615
588
630
711
684
676
778
844
826
798
738
691
633
633
527
409
287
168
111
116
110
121
174
158
142
288
696
1263
1894
2381
2547
2285
1556
596
257
596
817
948
933
879
836
744
693
554
490
433
355
238
198
261
501
679
928
1298
1546
1722
1637
1451
1167
916
785
863
1018
1291
1531
1602
1617
1542
1463
1365
1145
1039
891
728
682
704
725
840
794
704
627
568
515
413
326
258
294
467
867
1282
1699
1896
1969
2037
1982
1808
1448
1328
1395
1573
1982
2493
2881
3180
3248
3233
3075
2794
2506
2062
1602
1350
1068
902
770
559
446
383
368
328
228
331
433
403
318
243
269
325
290
258
140
117
167
238
287
278
251
243
208
164
96
45
66
131
162
204
250
294
332
404
581
674
577
398
282
311
444
656
729
722
782
907
1053
1115
1144
1195
1150
1113
1189
1289
1286
1276
1350
1306
1256
1227
1094
908
741
846
1381
2211
2740
3181
3515
3668
3647
3409
3076
2551
2050
1650
1322
1151
1001
953
838
747
601
442
337
693
1151
1611
1815
1799
1560
1360
1156
932
999
1504
1620
1599
1213
545
788
895
960
1139
1182
1022
805
657
506
307
379
593
881
964
896
705
503
619
1138
1567
1638
1780
1256
395
646
689
878
1162
1243
1142
1097
884
699
572
465
340
264
278
340
445
559
699
789
933
772
822
426
387
493
510
575
566
582
702
945
1214
1403
1443
1380
1172
1036
916
781
703
698
590
582
653
1063
1265
1162
845
476
901
1551
1850
2114
1979
1817
1551
1454
1076
910
780
785
788
626
913
808
726
771
822
875
947
872
858
1004
1061
1156
1259
1173
875
442
485
1113
1365
1516
1403
1035
795
485
580
923
1327
1789
2152
2445
2613
2729
2259
1822
1365
1234
1070
1085
1241
1128
904
709
466
221
169
224
223
175
51
52
107
244
387
537
652
817
1016
1137
1154
908
625
429
485
571
560
501
469
420
424
401
295
194
118
90
112
159
194
282
483
742
941
1072
1086
924
725
618
511
425
419
390
413
537
883
1131
1243
1126
822
893
986
1059
1166
1270
1411
1495
1485
1452
2286
1472
1414
1370
1249
1126
996
884
759
717
700
758
827
876
813
700
699
738
917
1282
1731
2029
2234
2343
2277
2136
1885
1601
1245
999
749
638
736
863
961
1100
1125
969
659
572
525
476
394
800
1444
1821
2071
1990
1895
1968
2247
2144
1951
1592
1381
1444
1758
1894
1856
1793
1701
1490
1283
1077
977
797
760
1013
1354
1637
1874
2000
2140
2380
2423
2430
2408
2423
2408
2221
1799
1362
1117
1057
1059
1054
1104
1071
1032
920
842
886
940
928
1016
1043
1052
1074
1133
980
734
737
960
1309
1356
1311
1313
1181
1238
1433
1350
1105
824
559
391
321
365
447
451
433
386
256
175
272
338
456
697
1091
1590
2057
2510
2859
3258
3473
3701
3782
3761
3682
3658
3503
3268
2952
2426
1791
1215
835
604
418
342
408
499
604
583
637
800
878
826
711
431
389
476
473
462
428
343
236
178
171
269
434
518
688
1210
1795
2230
2498
2659
2741
2735
2645
2408
2128
1918
1717
1653
1642
1650
1402
1208
1071
923
661
538
462
443
433
263
137
180
165
215
226
222
129
24
5
48
65
59
99
337
786
1520
2131
2728
3095
3539
3301
3786
3887
3242
2630
2259
1872
1369
1048
894
1026
1108
1328
1658
1977
2209
2246
2194
2327
2559
2749
2599
2473
2203
1937
1728
1672
1627
1740
1567
1334
1143
1168
1094
961
894
795
657
482
340
248
258
258
197
188
188
187
139
138
133
141
178
263
451
665
844
1050
1096
1128
1140
1062
948
784
653
500
363
277
123
163
338
607
711
659
604
849
920
936
849
680
524
401
345
518
636
728
796
833
903
1045
1221
1201
1049
741
468
745
836
931
888
851
896
948
1034
1125
1143
1047
616
753
826
877
863
807
754
696
635
616
644
753
703
723
730
583
439
762
1088
1266
1441
1661
1781
1825
1973
2095
2115
2118
1988
1770
1546
1213
1065
998
874
1121
1570
1883
1503
704
606
630
496
464
405
323
297
304
395
408
380
159
142
139
58
24
80
185
264
259
270
278
323
401
549
691
894
962
785
504
632
736
818
597
778
704
710
671
422
228
501
692
898
1269
2262
2697
2921
3065
3253
3133
2784
2634
2731
2698
2768
2697
2495
2309
2345
2170
2142
2218
1986
2540
2914
2508
2670
2776
2490
1876
1215
1430
1457
1461
1342
1265
1282
1170
997
614
366
267
251
282
300
244
334
358
389
493
579
631
641
708
840
871
820
884
988
1081
1168
1166
1171
1189
1182
1071
992
906
800
635
558
418
284
260
253
298
326
414
405
343
297
193
179
249
414
573
648
817
1032
1224
1359
1297
1293
1310
1197
915
594
267
703
594
660
726
761
792
728
666
558
432
166
208
641
941
1425
1862
2264
2780
3278
3754
3974
4064
3745
3085
2174
1330
960
1145
1247
1232
1264
1227
1113
1060
1180
1520
1999
2812
3498
4066
4696
4812
4337
3828
2894
2160
1425
715
347
173
142
471
612
435
226
275
462
652
837
914
858
691
567
599
541
438
450
501
616
799
1165
3229
4119
3880
4462
4936
5224
5282
5131
4786
4460
4223
3858
3634
3040
2043
1351
1061
875
905
1001
1153
1200
1110
969
767
542
319
216
204
263
411
544
634
645
625
565
528
415
326
191
38
15
5
14
47
50
27
12
0
0
0
0
1
0
0
0
0
0
2
1
3
11
17
24
26
28
24
20
15
14
13
10
12
9
1
1
9
9
0
6
5
6
4
6
6
5
0
2
0
0
0
0
0
0
0
0
0
0
0
0
0
0
0
0
0
0
0
0
0
0
0
2
3
3
2
2
2
4
3
3
5
13
20
5
0
4
3
17
38
48
38
28
30
27
26
16
7
5
0
0
0
4
5
0
1
0
0
0
0
0
0
0
1
0
0
0
0
0
2
0
3
3
3
9
27
30
30
26
16
16
4
10
10
14
17
12
9
3
4
0
0
0
3
1
0
0
0
0
0
0
0
0
0
0
0
2
0
1
0
1
0
3
3
4
3
4
4
4
2
3
3
0
2
2
4
1
27
89
198
430
568
624
583
467
285
86
44
75
87
81
65
155
449
747
928
939
599
380
331
295
245
359
610
724
598
336
93
236
397
392
275
287
238
119
6
1
9
4
18
15
5
1
0
0
0
2
1
16
12
26
25
21
59
153
279
428
450
285
85
39
19
87
80
39
29
122
154
110
39
55
47
16
26
59
123
146
103
66
67
68
113
125
85
30
57
102
186
286
349
408
491
578
614
614
556
461
375
281
189
128
85
78
80
67
51
45
125
412
944
1472
2096
2373
2784
2870
2719
3037
3722
3963
3093
2360
2032
1773
1251
856
931
883
915
1197
1516
2021
2711
3489
4291
4972
5322
4977
4403
3451
2334
1237
523
556
813
794
431
169
275
433
521
586
697
901
930
711
801
1043
1306
1518
1659
1753
2009
2395
2774
3062
3328
3379
3463
3427
3307
3160
2931
2692
2441
2156
1857
1752
1889
1852
1359
995
747
529
376
357
394
508
710
871
984
1020
969
902
842
660
550
334
210
341
456
447
384
284
150
66
130
216
277
307
287
445
283
288
209
194
217
232
231
265
296
398
606
718
831
900
926
865
844
777
738
648
566
510
454
415
377
322
246
263
317
365
325
281
266
170
81
80
191
284
353
351
343
407
507
583
710
860
939
1015
947
889
802
791
720
651
591
523
429
319
221
177
123
93
45
34
83
161
214
209
193
161
133
93
33
13
19
41
53
60
46
49
51
36
21
8
4
14
11
7
5
0
1
0
0
9
9
3
0
0
0
0
0
0
0
1
10
24
39
45
48
49
52
67
150
222
279
495
953
1175
1206
1021
1250
1267
1326
1199
1157
930
1435
1620
1298
1741
1806
1274
648
1412
1342
1586
2037
2377
2355
2129
1873
1623
1502
1808
2293
2896
3511
3718
3789
3606
2952
2673
2245
1646
1300
1530
1527
1410
1294
1183
1050
1095
845
537
827
862
916
1035
1360
1806
2153
2223
2262
2313
2352
2350
2325
2264
2187
2082
1844
1773
1808
1835
2009
2381
2638
2572
1971
1645
1670
1798
2087
2292
2414
2580
2832
3133
3449
3314
2836
2145
1676
1478
1055
584
350
430
658
844
1144
1484
1669
1566
1331
1100
743
608
780
867
814
1054
1291
1337
1617
1875
2216
2507
2568
2279
2009
2165
2496
2743
3014
3051
3240
3353
3324
3240
3223
3120
2999
2729
2453
2066
1640
1236
714
648
797
946
1074
1276
1489
1735
1885
1761
1768
1973
2171
2139
2018
1882
1853
1719
1626
1494
1335
1311
1315
1377
1537
1663
2042
2457
2651
2691
2744
2763
2626
2482
2308
1933
1547
1042
691
518
594
907
1081
922
665
727
875
861
837
750
613
526
450
478
557
599
611
588
705
945
1199
1427
1604
1606
1668
1832
2081
2478
2724
2868
3045
3101
3003
2924
2731
2516
2234
2077
1984
1973
1877
1797
1612
1408
1174
996
837
642
467
397
348
339
336
378
389
285
229
197
192
143
97
126
149
162
171
159
123
92
95
159
203
304
321
321
263
270
265
220
214
164
108
71
20
11
5
0
3
15
60
77
96
87
79
70
70
80
110
138
185
254
305
379
487
686
991
1305
1671
2001
2218
2419
2458
2329
2215
2026
1686
1284
1002
637
416
295
372
435
513
621
750
875
953
1049
1200
1269
1232
1177
1080
1073
1192
1404
1571
1758
1911
2013
1992
1889
1388
766
713
413
332
118
123
196
111
187
322
305
313
277
165
273
331
270
126
42
85
85
157
244
368
576
845
1191
1442
1711
1835
1826
1772
1695
1625
1562
1479
1370
1178
981
865
776
727
651
645
736
774
756
828
680
432
171
69
60
144
93
4
5
27
10
0
0
0
0
0
0
0
0
0
25
13
25
26
34
30
30
28
11
1
29
57
49
39
28
17
17
23
21
18
9
0
6
23
31
13
16
32
24
21
11
0
0
2
16
46
78
139
211
272
430
598
736
888
1137
1438
1687
1912
2125
2317
2526
2699
2903
3067
3112
3038
2968
2676
2383
1766
1346
1229
1089
862
525
336
557
614
554
478
383
322
229
74
21
51
110
147
196
189
137
88
43
9
4
2
0
0
1
0
0
0
0
0
0
1
0
2
1
0
0
4
2
0
0
2
4
2
1
0
0
0
0
0
0
0
0
0
0
0
0
2
3
18
30
33
17
15
1
0
0
0
0
0
0
0
0
0
0
0
0
0
0
1
6
29
77
188
371
903
1480
1799
1910
1955
2423
3001
3313
3297
3006
2381
1979
1823
1462
1021
809
657
738
834
918
959
975
982
1043
1247
1274
1255
1141
969
940
893
825
870
913
916
948
936
1003
1115
1209
1269
1326
1315
1365
1255
1202
1109
1076
1044
1267
1933
2447
2996
3461
3880
4131
4098
3478
2466
1085
1273
2014
2136
2115
2070
1909
1723
1548
1346
1130
927
853
764
750
757
772
787
766
683
643
580
527
495
429
387
341
258
216
212
158
86
104
164
154
267
308
255
168
61
92
207
354
404
382
352
308
182
82
100
173
281
359
394
301
103
358
531
447
315
480
600
543
374
277
474
404
434
617
619
615
525
491
535
588
683
775
948
1060
1130
1183
1029
858
487
568
736
922
977
1258
1427
1492
1305
829
585
942
1064
951
806
601
371
74
332
370
229
114
256
279
271
239
323
468
645
839
896
700
309
682
756
757
665
495
220
433
597
503
336
324
388
328
212
257
469
626
626
562
383
233
149
140
160
251
287
286
275
206
149
129
93
40
137
184
546
1063
1279
882
284
309
278
693
760
453
844
518
561
569
290
380
320
294
172
308
817
1303
1412
1088
739
599
411
168
667
930
1484
1901
1982
1717
1645
1706
1815
2099
2600
3006
3212
3449
3454
3090
2431
1796
1465
1848
2085
2079
1914
1959
2078
2103
1971
1660
1291
703
352
693
676
639
498
466
637
865
1149
1343
1493
1374
1047
747
685
606
739
651
640
979
1280
1322
1205
1124
1343
1337
933
748
727
893
1014
1025
1119
1265
1280
1441
1682
2167
2683
3004
3204
3218
3237
3103
2888
2625
2263
2091
1725
1333
1009
888
785
658
636
622
633
687
663
621
473
304
164
291
359
321
291
271
294
308
274
198
83
13
24
71
98
91
81
59
57
74
128
403
196
152
160
152
144
107
79
42
26
16
12
12
5
6
8
6
5
0
0
9
16
0
5
4
10
19
24
16
5
3
2
22
27
15
18
3
2
8
19
23
25
26
29
23
20
16
22
28
41
36
30
29
43
57
70
77
73
74
57
34
20
34
18
25
12
7
8
6
13
22
21
12
5
1
2
6
16
2
0
0
0
0
0
0
0
0
0
0
0
0
0
0
0
0
0
0
0
0
0
0
2
0
0
0
0
0
0
0
0
1
0
0
0
0
0
0
0
0
0
0
0
0
0
0
0
0
0
0
0
0
0
0
0
0
0
0
0
0
0
0
0
0
0
0
0
0
0
0
0
0
0
0
0
0
0
0
0
0
0
0
0
0
0
0
0
0
0
0
0
0
0
1
0
0
0
0
1
10
13
13
7
2
3
0
0
0
3
15
1
1
5
5
2
0
0
0
0
0
0
0
0
1
2
2
0
3
3
2
0
4
4
4
5
8
10
7
9
11
6
8
7
18
30
41
47
49
53
50
43
26
30
9
11
4
1
0
4
17
0
0
0
0
0
0
0
0
0
0
0
0
1
23
48
76
75
70
62
82
134
149
180
238
337
373
428
475
592
593
493
287
276
393
462
438
362
325
255
251
265
180
118
72
55
68
60
40
50
90
117
83
44
27
75
95
78
41
9
1
0
0
0
11
3
0
0
0
0
0
0
0
0
0
0
0
0
23
66
53
32
29
4
0
2
0
0
0
0
1
1
0
1
92
205
298
291
228
141
90
25
7
50
116
134
140
107
31
5
2
2
0
15
11
7
0
0
0
0
0
0
0
0
0
0
0
9
29
1
9
23
2
0
0
1
0
0
0
1
1
0
0
3
97
375
577
592
439
219
34
44
47
21
14
10
3
0
10
20
3
2
0
0
0
0
0
0
0
0
0
0
0
0
3
7
6
0
0
0
10
2
1
1
0
4
12
18
16
9
2
0
0
0
1
0
0
0
3
11
0
0
0
2
1
0
0
0
0
1
0
1
0
1
12
0
0
6
0
0
0
0
0
0
0
0
1
0
0
0
0
0
0
0
0
0
0
0
1
2
3
8
13
4
0
40
8
31
51
45
19
2
4
8
30
85
178
258
229
130
150
250
746
323
285
444
738
1003
1035
928
660
657
849
931
911
1143
1314
1336
1255
1021
528
107
201
258
225
204
124
76
129
260
477
654
752
793
794
713
653
523
302
147
112
109
116
179
301
330
367
378
377
431
432
378
287
237
245
266
301
328
355
331
272
237
218
322
395
369
287
288
251
201
300
288
184
317
307
238
206
204
131
69
84
283
439
555
565
529
412
268
125
90
82
80
62
75
73
41
19
48
56
49
36
59
74
61
34
80
227
525
1071
1819
2304
2734
3611
3992
4255
4055
3650
3338
2875
2706
2865
2937
3005
3093
2711
2279
1624
910
730
591
582
668
1258
2050
2639
3233
3775
4136
4625
5018
4983
4832
4598
4001
2725
1425
1025
856
887
786
604
456
357
371
363
277
186
150
200
273
361
427
427
394
338
210
152
215
288
356
471
397
284
43
68
166
185
79
12
12
3
4
5
5
7
15
19
10
6
19
42
47
53
52
49
35
19
15
29
56
95
153
222
231
186
154
115
79
103
215
321
319
240
244
286
424
534
387
260
123
147
113
52
7
4
45
102
155
177
138
107
105
106
99
144
172
174
188
165
134
122
116
101
67
45
37
39
34
25
33
24
11
4
2
0
0
0
0
0
0
0
0
0
0
0
0
0
0
0
0
0
1
0
0
0
0
0
0
0
0
0
4
0
0
3
2
0
0
0
0
0
0
0
0
0
1
39
112
150
168
183
212
206
190
186
173
225
272
280
314
328
320
309
300
308
331
392
484
478
517
573
587
647
660
695
756
835
874
888
909
944
958
967
988
981
983
975
952
979
979
966
933
816
704
608
518
493
421
374
311
252
225
188
151
109
80
58
31
11
5
0
0
4
4
17
19
20
12
11
17
63
107
153
165
203
240
304
353
410
455
534
704
924
1050
1123
1207
1247
1258
1281
1271
1267
1265
1204
1200
1182
1199
1101
1040
923
865
802
764
701
605
571
483
429
374
318
275
242
239
265
386
522
619
658
648
547
459
302
248
158
93
60
32
16
7
4
1
0
1
3
2
0
1
0
1
2
4
2
0
1
0
0
0
0
0
0
0
0
0
0
0
0
0
0
0
0
0
0
0
0
0
0
0
13
58
165
317
465
563
604
587
549
509
429
354
274
206
163
118
87
78
55
38
20
9
0
0
0
1
0
0
8
34
100
184
285
321
302
252
490
129
79
39
10
1
0
0
0
0
0
0
0
0
3
6
5
8
12
23
20
18
18
8
9
57
150
243
278
273
252
228
220
211
178
175
138
111
106
84
169
278
422
532
657
720
804
782
694
647
640
616
589
504
486
434
400
354
288
177
102
127
115
109
86
47
11
1
13
9
12
91
328
596
720
750
671
574
434
280
175
99
62
60
63
33
5
4
0
0
27
31
51
71
89
79
60
23
13
5
14
11
13
14
15
1
0
2
1
3
3
1
1
3
10
6
9
7
7
6
5
5
2
7
2
2
4
0
0
0
1
0
0
0
0
0
0
0
0
0
0
5
22
0
0
3
1
1
0
0
0
0
0
0
0
0
0
0
0
0
0
0
0
0
0
0
0
0
0
0
0
0
0
0
0
0
0
0
0
0
0
0
5
29
30
138
310
375
286
127
4
0
47
100
107
76
94
87
89
114
132
158
115
87
60
56
57
63
66
69
64
62
52
47
46
46
45
74
60
62
61
65
115
166
202
239
353
570
671
602
380
280
262
371
432
405
422
443
507
505
493
426
445
370
392
385
390
445
562
630
666
614
634
648
694
746
784
817
797
786
743
649
554
463
441
368
363
295
267
195
186
167
120
98
87
44
26
15
3
1
0
0
0
0
0
0
0
0
0
0
0
0
0
0
0
0
1
0
0
0
0
2
13
172
626
933
1015
929
674
334
128
252
507
729
821
772
660
171
247
602
830
780
451
391
639
939
1184
1308
1337
1208
984
976
1148
1270
1270
1207
1103
1073
1124
1237
1288
1313
1168
920
898
900
873
793
647
627
617
651
611
635
535
416
291
290
242
211
219
199
192
169
149
125
94
72
48
32
26
12
9
2
6
2
0
1
0
1
10
31
28
8
0
1
1
0
3
4
2
1
0
0
0
4
9
2
3
8
12
5
0
0
0
0
1
0
0
0
0
0
0
0
3
7
10
12
11
6
7
10
139
427
614
678
610
481
329
228
119
7
7
20
45
59
57
35
7
8
22
50
67
94
131
180
275
352
404
467
527
506
594
674
796
953
1053
1210
1311
1490
1652
1778
1949
1994
2143
2233
2327
2414
2340
2429
2312
2139
1881
1720
1670
1625
1581
1561
1485
1324
1147
951
807
823
826
824
797
849
901
948
899
781
595
431
423
477
506
448
175
2
185
111
46
15
61
173
188
146
153
145
139
120
84
35
4
0
30
70
56
14
1
0
21
42
46
30
16
0
0
0
0
0
0
0
0
0
0
0
0
0
0
6
23
32
29
1
0
0
0
0
5
0
2
2
3
0
2
8
13
20
21
11
9
7
0
2
1
0
0
0
0
1
1
1
1
0
0
0
0
0
0
0
0
0
0
0
1
0
0
0
0
0
0
0
0
0
0
0
0
0
0
0
0
0
0
0
0
0
0
0
0
0
0
0
0
0
0
0
0
0
0
0
0
0
0
0
0
0
0
0
0
0
0
0
0
0
0
0
0
0
0
0
0
0
0
1
1
1
5
3
4
6
3
4
3
7
7
7
2
0
0
0
0
0
0
0
0
0
0
0
0
0
0
0
6
8
0
0
0
0
0
4
4
5
5
4
8
13
10
11
10
7
6
9
12
2
2
0
1
0
0
0
0
0
0
0
0
0
0
0
0
0
0
0
0
0
0
0
0
0
3
4
6
8
7
8
4
2
2
0
0
1
0
7
36
23
11
12
10
4
3
3
0
0
1
0
4
17
16
12
1
0
0
0
0
0
0
0
0
0
0
3
2
0
2
8
9
11
19
46
41
42
21
17
15
13
9
4
0
3
11
7
5
10
12
10
2
1
1
0
0
9
15
14
9
0
0
0
0
4
3
3
0
0
1
15
13
0
0
0
0
0
0
0
0
0
0
0
0
0
0
0
0
0
0
0
0
0
0
0
0
0
0
0
0
0
0
0
0
0
0
0
0
0
0
0
0
0
0
0
0
0
0
0
0
0
0
0
0
0
0
0
0
0
0
0
0
0
0
0
0
0
0
0
0
0
0
0
0
4
3
0
0
0
0
0
0
0
0
0
0
0
0
0
0
0
0
2
0
1
0
0
0
0
0
0
0
0
0
0
0
0
0
0
0
0
1
8
12
13
27
10
5
12
26
11
0
0
2
2
6
4
4
2
5
5
2
2
1
1
0
0
0
0
0
0
0
0
0
0
0
0
0
0
0
0
0
0
0
0
0
0
3
0
0
0
0
0
0
0
0
0
0
0
1
2
2
1
0
0
0
0
1
5
2
0
0
1
0
0
0
0
0
0
3
8
7
5
7
13
175
75
80
49
54
63
45
42
54
49
50
36
11
9
10
24
23
47
45
42
60
79
103
126
178
215
216
209
208
208
219
174
152
151
120
77
66
54
30
16
9
5
1
1
0
2
1
1
2
2
2
2
6
14
13
15
4
1
0
0
0
0
0
0
0
0
0
0
0
0
0
0
0
0
0
0
0
0
0
0
0
0
0
0
0
0
0
0
0
0
0
0
0
0
0
0
0
0
0
0
0
0
0
0
0
0
0
0
0
0
0
0
0
0
0
0
0
0
0
0
0
0
0
0
0
7
0
3
9
9
6
2
0
0
0
2
0
0
0
0
0
0
0
0
0
0
0
0
0
0
0
0
0
0
0
10
25
4
0
0
0
0
0
0
0
0
0
0
0
0
0
0
0
0
1
10
20
25
36
53
70
92
134
200
265
320
388
417
415
384
331
268
214
143
76
48
32
20
25
25
42
121
220
345
413
440
437
421
389
311
259
222
187
148
102
77
59
39
37
21
13
4
10
21
23
55
47
62
82
121
176
284
389
471
545
675
812
964
1154
1372
1574
1708
1824
1960
1982
2006
2066
2069
1978
1922
1844
1857
1878
1814
1752
1601
1435
1261
1104
964
855
730
607
535
396
332
248
205
177
141
114
83
65
55
40
27
20
9
6
1
0
0
0
2
1
12
67
144
221
284
299
249
173
93
33
25
40
73
56
23
0
0
0
7
10
12
19
25
21
17
14
20
22
23
20
18
18
12
8
2
5
9
57
87
68
21
4
6
6
4
6
9
7
4
0
1
12
13
1
0
0
0
6
26
19
40
42
37
13
20
12
7
7
25
47
40
21
5
0
0
3
3
2
0
0
0
0
0
0
0
0
0
0
4
10
2
0
18
6
0
0
0
0
2
1
0
0
0
0
1
0
0
0
1
8
2
1
0
3
3
7
12
7
5
3
1
0
2
6
1
0
3
1
0
5
8
11
1
20
41
17
10
29
40
16
14
10
4
1
6
9
0
0
1
1
18
29
17
28
29
50
59
51
54
51
48
66
77
91
110
127
139
138
99
81
65
39
23
18
15
11
0
0
1
0
1
0
0
0
0
0
0
0
0
0
0
0
0
1
0
0
0
0
0
0
0
0
0
0
0
0
10
3
1
0
0
0
0
0
1
44
9
3
0
2
1
3
1
1
0
0
1
0
0
0
0
0
0
0
0
0
0
0
0
0
0
0
0
0
0
5
0
0
0
0
0
0
0
0
0
0
6
17
7
10
15
16
17
24
28
56
101
117
119
274
513
747
934
907
877
858
894
1070
1161
1298
1385
1419
1329
1394
1418
1381
1387
1370
1254
1120
1037
1061
991
1027
1056
1076
1099
1100
1018
965
813
836
914
995
1064
1008
1020
1199
1245
1208
1057
901
730
439
264
340
654
930
1140
1303
1416
1537
1629
1551
1724
2019
2043
2025
2358
2504
2456
2308
2128
1845
1661
1450
1159
924
740
832
767
607
663
789
1169
1591
1915
2411
2547
2736
2977
3119
3117
2775
2137
1297
498
743
1034
1374
1530
1571
1556
1503
1487
1395
1181
908
742
1204
1778
2396
2860
3754
3424
1719
1022
494
824
1351
1551
1548
1239
737
468
371
450
334
451
713
916
1024
1025
875
680
643
531
488
636
778
787
755
617
783
1164
1854
2654
3141
3593
3810
3796
3562
3152
2510
1980
1456
1106
913
733
760
710
654
587
518
458
434
437
439
447
479
501
574
574
576
567
565
513
459
417
346
281
265
412
580
752
774
657
573
468
410
369
338
305
281
236
235
345
397
386
362
405
313
236
304
397
462
528
634
742
973
1432
1713
1930
2083
2045
1811
1592
1643
1617
1473
1296
1258
1257
1156
1146
1245
1248
1337
1433
1454
1661
2099
2480
2646
2715
2799
2789
2721
2609
2342
2085
1787
1575
1256
828
431
466
673
775
808
827
884
863
768
636
558
552
635
816
996
1140
1278
1455
1525
1464
1375
1250
1070
906
650
460
443
589
806
1059
1439
1786
2187
2571
2659
2913
2932
2778
2498
2196
1896
1590
1188
787
569
501
730
1034
1261
1485
1601
1555
1338
924
454
170
654
1218
1540
1737
1672
1523
1317
1216
1202
1224
1233
1174
1194
1230
1165
1140
1129
1007
879
742
660
613
624
685
856
1056
1181
1471
2130
2775
3445
4085
4520
4848
4690
4059
3227
2350
1376
574
76
459
528
477
358
339
378
310
369
509
564
639
749
911
1103
1054
889
839
702
563
515
626
739
978
1159
1151
1041
798
487
223
112
148
178
202
201
182
379
487
392
229
31
19
78
110
163
154
127
125
143
138
140
165
211
297
398
527
707
901
1085
1244
1342
1466
1464
1521
1546
1568
1498
1422
1438
1298
1325
1316
1299
1253
1234
1085
864
712
546
493
500
712
1015
1410
1708
2073
2345
2536
2817
3112
3284
3751
4059
4308
4323
4041
3422
2739
1886
1204
899
1050
1117
910
744
598
475
543
688
803
892
1047
1138
1284
1830
1417
983
852
1121
1253
1257
1160
1380
1488
1481
1259
1009
875
915
924
867
851
902
875
883
852
760
623
551
415
390
433
527
737
1029
1278
1344
1266
1079
767
515
473
498
543
605
620
567
401
323
231
258
392
421
424
413
419
455
487
477
514
676
922
1106
1186
1224
1194
1290
1321
1214
1045
970
825
757
681
664
709
866
1060
1145
1122
1105
1162
1203
1486
1437
1044
1180
1035
589
339
708
871
760
1066
1256
1213
1086
931
839
832
930
1291
1867
2707
3320
3638
4139
4559
4925
5107
4623
3626
2582
1811
1310
816
669
692
855
921
882
912
1003
1104
1128
1109
1084
1050
1013
1007
1127
1246
1380
1739
2179
2613
2912
2985
2699
2593
2443
2228
1979
1631
1287
2011
3018
3810
4397
4390
3706
2929
2517
2299
1927
1529
853
687
638
555
513
443
424
405
359
307
308
417
411
381
383
421
440
364
241
117
58
169
285
340
218
87
32
26
72
107
142
197
251
193
113
111
184
219
199
147
147
203
314
275
181
82
59
54
74
150
246
369
397
384
405
536
877
1126
1243
1257
1350
1582
1960
2363
2690
2992
3198
3276
3365
3403
3384
3171
2624
2122
1768
1552
1456
1384
1273
1246
1426
1670
1816
1724
1475
974
609
235
239
206
145
145
210
293
469
292
165
136
188
232
274
300
327
324
323
324
316
271
238
185
121
12
0
10
85
138
177
186
196
189
161
77
0
0
34
82
105
101
94
74
41
19
24
4
5
7
2
0
1
5
14
11
8
1
0
0
0
0
0
0
0
0
0
3
8
8
14
21
28
53
41
44
24
30
80910
0
0
0
0
0
0
0
0
0
0
0
0
0
0
0
0
0
0
0
0
0
0
0
0
0
