1655
815
688
526
892
648
167
462
376
720
1037
2100
1934
17762
2348
2418
2582
2595
2237
2177
1785
1896
1932
1847
1830
1999
2347
2958
3678
4239
4191
4452
4152
3444
2866
2307
2042
2173
2624
3576
3920
4032
4050
3705
3306
3443
3239
3205
3163
2974
2381
1965
1792
2019
2054
1756
1498
1231
1046
938
815
732
738
942
1092
1219
1230
1222
1139
1125
1076
985
789
569
421
267
136
53
102
297
381
491
552
606
584
539
471
408
355
299
271
343
363
282
200
307
647
874
1034
866
565
609
597
508
349
312
488
714
976
1149
1218
1172
1503
2017
2490
2879
2718
2963
3779
4620
5011
4916
4496
3660
2944
2304
1731
1574
1460
1081
1082
1156
1296
1306
1372
1417
1461
1435
1214
1118
1149
1369
1812
2369
2379
2227
2480
2214
1984
1837
1724
1559
1361
1548
1758
1615
1469
1587
1558
1608
1651
1573
1488
1475
1476
1250
1176
1424
1613
1562
1327
1019
702
621
564
398
511
440
343
333
450
591
584
601
605
605
561
638
607
405
245
200
324
396
305
186
192
232
339
534
682
624
612
581
765
1028
1242
1181
1131
1021
897
1024
580
555
452
347
216
228
207
226
303
279
290
304
253
193
198
194
121
40
30
43
22
20
33
7
11
16
27
33
6
8
5
9
15
8
1
0
0
0
0
0
0
0
1
0
0
0
0
2
1
2
6
6
3
0
3
0
0
0
0
0
0
0
0
0
0
0
0
0
0
0
0
0
0
0
0
0
1
1
0
0
0
0
0
1
0
0
0
0
0
0
7
37
13
10
16
8
0
0
0
1
0
2
0
0
71
525
829
786
469
178
172
222
298
351
299
216
191
231
225
107
58
61
110
125
279
591
786
780
677
502
357
235
188
212
230
238
258
305
494
773
1068
1112
991
880
698
664
610
542
493
295
294
367
353
273
203
150
149
173
142
114
94
90
177
288
329
248
193
206
285
199
129
127
199
173
74
97
214
400
577
433
220
138
105
118
83
119
171
171
83
57
73
132
126
139
114
189
266
212
191
209
123
59
27
20
49
71
116
97
23
20
11
0
4
15
42
99
128
101
52
188
225
170
109
18
7
2
1
29
38
29
3
14
40
26
10
24
18
6
9
13
10
28
29
22
60
92
46
23
49
33
56
55
42
39
117
256
496
687
842
692
335
363
663
647
347
231
242
285
305
299
341
374
406
396
390
346
296
259
157
160
473
678
834
920
646
110
283
584
669
633
594
463
183
21
84
226
258
139
90
155
236
372
208
340
258
180
180
212
223
213
235
192
155
119
86
74
30
23
21
32
33
17
21
3
9
26
17
23
41
31
37
27
30
24
19
22
30
19
14
7
6
7
5
4
1
0
0
0
0
0
0
0
0
12
43
173
535
1006
1207
1097
1192
1293
2052
2110
1866
1323
1161
1379
1311
1196
841
619
653
561
410
224
323
375
278
180
153
159
166
174
197
204
212
177
92
46
24
26
45
51
34
15
4
4
10
6
5
4
0
0
0
0
0
2
9
9
0
7
0
1
0
0
0
0
0
0
0
0
0
0
0
0
1
17
32
15
8
18
16
6
0
1
5
5
6
2
0
0
0
0
0
0
0
3
14
6
4
1
0
0
0
1
3
6
8
8
5
4
0
0
0
0
0
0
0
0
0
0
1
3
3
2
0
0
0
0
0
0
0
0
0
0
0
0
0
0
0
0
0
0
0
0
0
1
4
17
23
35
38
42
30
22
9
3
0
0
0
0
0
0
0
0
0
4
9
27
86
296
596
932
1275
1433
1391
1273
1088
856
615
420
333
276
205
172
131
105
92
78
78
88
95
75
67
36
20
6
0
1
2
6
14
24
26
19
22
24
43
49
49
31
17
10
14
14
8
10
11
13
14
11
10
8
4
1
3
3
7
4
6
7
1
1
1
0
0
14
43
42
18
4
0
2
0
1
2
2
5
7
11
2
2
4
3
0
0
1
3
1
0
0
0
0
0
0
0
0
0
0
0
0
10
6
4
1
0
7
9
13
7
0
0
0
0
0
1
1
3
14
3
0
30
69
35
1
0
0
2
3
2
5
44
153
178
113
180
514
787
833
696
445
294
147
49
94
133
68
9
77
145
160
154
156
128
112
217
354
444
306
152
108
171
262
284
178
33
0
16
43
18
0
0
6
14
9
0
1
2
4
3
0
0
0
14
35
34
48
59
61
141
243
312
333
334
332
412
511
623
636
613
559
537
518
436
326
170
138
110
77
85
91
105
137
267
503
796
1142
1377
1768
2067
2157
2085
2362
2889
3038
2964
2477
1994
1192
801
1090
1201
970
427
464
210
428
510
333
142
136
122
121
182
294
316
269
189
204
283
400
440
323
127
38
12
26
42
38
21
6
1
1
1
0
0
0
0
0
0
3
5
0
0
0
1
3
1
5
0
16
0
0
0
0
0
0
0
0
0
0
0
2
0
3
7
21
21
38
41
34
7
104
275
407
485
515
432
308
24
17
238
356
400
430
267
9
49
195
281
260
199
255
524
854
1054
1093
975
768
598
478
364
303
240
146
94
15
8
36
49
56
59
71
45
32
22
1
0
0
10
51
118
109
16
0
17
43
46
65
80
97
68
33
0
78
141
102
36
19
29
38
36
34
23
23
18
25
5
0
0
3
1
1
2
16
10
8
12
7
0
0
0
3
0
2
0
0
0
0
0
0
0
0
0
0
0
0
0
0
0
0
0
0
0
0
0
0
0
0
0
0
0
0
0
0
0
0
0
0
0
0
0
0
0
0
0
0
0
0
0
0
0
0
0
0
0
1
5
5
0
1
0
1
0
2
10
6
0
1
11
5
3
2
0
1
1
1
0
0
0
0
0
0
12
219
542
527
193
422
555
441
158
118
125
110
210
197
114
56
58
21
16
130
382
673
815
876
803
654
449
193
51
18
12
28
29
65
172
352
617
738
791
1067
1761
2221
2242
2110
2220
2452
2678
2603
2389
1975
1665
1498
1365
1278
1304
1298
1325
1249
1155
1118
1104
997
854
776
766
700
538
545
553
574
547
472
310
267
446
493
434
338
240
280
325
282
242
165
112
84
40
33
40
27
18
23
84
215
400
1123
913
996
1231
1313
1285
1002
702
396
286
286
266
290
278
319
285
231
256
246
231
186
209
214
254
268
260
248
251
250
320
481
582
601
596
580
583
572
546
627
762
796
781
676
574
419
430
436
407
358
330
289
247
269
329
458
546
594
556
437
364
425
416
545
713
872
991
1026
1037
974
987
1031
963
960
926
935
843
771
803
826
858
780
693
603
582
552
658
687
653
529
458
443
459
502
481
428
421
556
814
961
1084
1130
1108
973
820
635
430
524
607
670
577
569
548
491
456
391
315
260
183
116
206
246
123
21
65
66
74
73
37
30
74
265
426
520
599
676
550
446
314
380
494
605
708
785
712
619
424
221
108
67
75
92
108
157
245
271
245
190
112
49
20
51
104
137
126
98
58
48
90
113
134
92
43
28
19
15
0
4
10
12
21
35
37
51
40
30
20
19
29
47
70
93
89
90
117
111
88
27
8
13
27
29
27
11
18
18
2
0
2
3
7
4
9
8
0
0
0
0
3
2
20
28
47
62
107
175
226
251
308
348
497
711
941
1135
1251
1323
1366
1384
1299
1180
1034
890
808
676
681
759
772
786
765
744
713
654
663
619
570
536
473
387
308
197
119
105
97
105
129
119
126
175
192
181
192
136
95
116
101
88
62
47
30
17
15
20
63
100
132
167
163
173
182
190
200
184
164
131
111
88
93
109
108
126
131
106
101
158
215
275
271
364
422
462
444
499
672
774
787
780
678
697
806
909
908
851
773
708
699
715
683
610
549
485
467
397
319
250
201
146
74
57
46
31
47
55
81
93
110
138
165
163
146
137
106
90
95
94
76
64
51
45
51
58
79
67
76
77
80
97
128
149
154
176
200
201
215
195
154
109
72
55
37
15
0
0
17
41
90
114
117
75
32
30
32
35
20
21
16
11
5
2
4
6
5
1
0
0
0
0
0
0
2
1
3
13
28
46
37
62
91
97
74
52
42
38
32
37
54
52
26
9
9
5
6
5
2
1
3
14
39
41
30
3
7
19
32
27
29
22
13
0
1
4
11
15
2
0
0
0
0
0
1
3
7
10
4
2
3
0
0
0
0
0
0
1
0
8
15
18
21
13
0
267
621
716
774
894
898
727
418
357
435
644
750
761
772
764
678
487
180
139
281
375
444
440
387
331
211
123
97
41
29
73
133
138
161
146
87
63
82
86
136
309
600
799
892
888
818
732
653
584
617
604
581
598
597
590
552
490
429
369
328
340
366
476
568
621
658
723
753
891
1151
1481
1773
1957
2117
2429
2631
2872
2937
2812
2581
2729
2828
2539
1892
1405
1334
1346
1276
1190
1272
1382
1452
1505
1608
1692
1669
1490
1361
1251
1133
971
887
715
615
501
456
370
304
242
221
219
173
130
107
61
13
4
24
53
93
129
147
167
177
166
135
106
38
18
20
35
26
26
48
63
54
39
33
25
34
26
16
1
1
1
0
0
0
0
0
0
8
30
16
5
14
11
7
0
2
4
9
7
1
1
4
1
5
11
24
30
24
24
43
49
72
107
154
190
257
309
471
771
1072
1247
1294
1235
1094
964
811
668
592
589
578
635
681
697
704
729
703
700
674
738
882
1153
1255
1199
836
531
205
430
413
336
175
57
16
256
565
947
1617
2393
2981
3677
4129
4131
3912
3319
2645
1970
1614
711
255
343
307
197
207
228
288
507
615
542
606
625
461
359
522
776
661
336
394
579
582
378
404
348
310
267
300
375
315
140
228
341
307
310
316
318
296
268
281
232
389
478
433
198
257
250
182
169
174
187
178
141
165
494
731
1176
1315
1009
798
589
705
926
1068
962
887
619
201
85
96
76
78
72
45
49
47
39
67
45
60
47
38
14
59
558
967
870
387
558
580
361
356
402
227
303
370
205
147
223
157
56
218
375
439
150
146
233
190
16
46
98
52
3
30
43
9
1
3
3
3
3
0
0
0
2
4
1
1
1
3
1
2
11
5
0
0
0
1
1
0
0
1
0
0
1
3
11
33
64
118
119
71
15
6
9
9
49
107
157
138
41
111
181
130
68
129
197
200
143
107
93
96
88
48
60
58
15
61
77
67
80
63
11
6
10
11
16
17
41
34
6
3
6
13
13
17
16
6
2
0
0
0
0
0
0
0
0
0
0
0
0
0
0
0
0
0
3
3
1
1
2
2
10
47
67
36
9
0
1
4
8
6
3
5
56
213
405
630
788
892
914
833
671
534
350
214
129
117
113
90
120
126
156
151
69
39
18
10
7
6
8
5
11
2
0
0
0
2
2
6
5
1
9
8
0
0
0
1
16
63
186
317
368
359
266
172
100
144
193
203
193
152
138
61
47
89
92
121
138
89
121
155
170
127
114
209
281
245
160
121
97
109
42
5
69
78
108
198
233
266
149
26
23
43
42
37
11
49
64
52
35
14
1
29
55
30
9
26
24
8
6
12
1
3
16
23
23
15
18
6
4
9
5
36
63
68
68
59
13
24
48
65
60
32
32
36
25
45
80
111
60
18
41
61
22
4
29
44
39
25
58
54
20
45
61
9
21
34
24
5
8
6
9
18
36
33
46
79
122
104
84
89
93
133
259
412
497
545
582
595
624
605
514
440
290
271
287
318
323
327
295
238
141
78
74
81
86
108
174
261
277
293
303
328
290
262
206
194
172
151
112
50
14
3
2
0
1
4
33
83
123
347
795
1053
575
1211
1854
2574
3179
3679
3765
3344
2923
2609
2638
2376
1964
1715
1429
1140
861
417
374
372
372
349
294
285
220
225
255
264
278
255
241
254
300
306
347
370
357
396
403
439
484
483
494
504
522
537
564
634
694
669
940
437
316
366
444
545
578
544
517
517
626
806
918
1007
1257
1454
1550
1539
1675
1722
1660
1542
1621
1501
1391
1285
1036
973
950
1210
1431
1505
1452
1348
1118
802
509
267
388
615
785
834
850
886
744
738
825
826
711
669
676
681
672
727
709
607
548
489
383
309
236
134
52
32
36
52
67
67
44
65
135
106
43
88
204
332
286
169
111
76
82
143
251
260
165
73
72
34
7
10
16
4
62
138
132
67
29
27
31
13
6
7
9
9
23
79
172
220
289
352
407
513
717
889
956
1010
1036
1022
974
917
790
603
515
440
407
328
262
206
176
122
74
51
18
5
27
66
212
372
432
476
543
489
538
587
675
710
656
588
705
784
775
747
713
726
803
931
978
1023
933
824
872
931
820
616
503
650
839
812
602
330
470
505
493
512
536
491
260
403
707
918
1009
898
741
512
391
371
279
268
230
186
156
135
121
134
157
199
194
100
44
30
33
36
41
38
44
82
169
221
206
129
25
0
0
2
1
8
33
47
37
23
7
0
0
0
2
0
1
2
1
0
0
9
5
1
14
32
43
76
71
86
77
57
6
0
4
7
3
3
4
2
1
1
0
4
2
1
8
23
20
6
28
29
20
6
0
0
0
0
0
1
1
3
4
7
3
11
16
3
0
1
0
20
57
69
67
43
68
50
18
28
30
52
73
75
67
26
38
39
55
94
85
53
36
17
19
14
11
10
5
4
4
11
10
12
12
6
1
0
0
7
24
19
2
10
16
9
2
0
0
0
0
0
0
0
0
0
0
0
0
0
0
0
0
0
0
0
0
0
0
0
0
0
0
0
0
4
6
7
28
53
63
69
49
62
77
77
126
158
244
414
643
877
1094
1290
1810
2439
2900
3232
3237
3181
2648
1655
1089
1049
944
793
700
601
446
559
841
848
700
621
434
252
311
387
388
321
205
241
359
479
509
411
284
139
61
36
61
113
115
139
133
202
242
217
154
108
55
34
22
28
19
24
85
95
81
85
109
189
316
438
416
293
170
139
104
59
90
236
490
632
647
676
620
588
476
415
352
432
603
918
1115
1201
1261
1270
1125
891
552
688
945
1106
1182
1174
1103
995
919
911
781
738
769
753
637
626
652
743
876
969
884
976
1121
1253
1190
1028
779
620
509
450
478
630
794
966
1119
1296
1475
1679
1987
2196
4067
2850
2880
2915
2875
2911
2859
2736
2610
2332
2045
1793
1569
1529
1422
1291
1386
1415
1434
1336
1105
726
382
263
300
304
260
351
400
472
394
405
642
1106
1418
1505
1301
1233
1182
1044
986
1067
1108
1186
1143
1055
918
812
739
781
904
975
952
859
796
808
683
421
284
332
654
1113
1257
1207
1191
1026
773
666
683
684
667
581
1068
1596
1506
750
362
335
471
762
896
937
838
626
516
269
448
487
642
620
613
578
512
452
344
271
247
226
340
276
290
265
162
68
67
85
168
218
257
235
192
130
115
96
66
81
61
61
201
293
324
423
455
372
228
195
163
250
243
157
83
29
24
73
100
101
122
163
211
293
371
410
428
426
312
125
60
62
81
107
80
31
23
10
7
82
171
169
161
163
168
137
86
52
29
5
0
3
41
55
51
48
40
40
14
3
4
1
0
0
0
0
0
1
1
3
0
1
0
0
0
0
0
0
0
0
0
0
0
0
0
0
0
0
2
27
14
0
5
9
7
0
1
0
0
0
0
1
0
2
0
0
0
0
8
10
21
13
0
2
3
7
14
10
5
5
5
5
2
4
5
4
4
8
6
0
0
0
0
0
0
0
0
0
0
0
0
0
0
2
29
95
137
123
92
28
0
0
3
0
0
0
1
0
0
0
0
35
18
0
7
13
6
2
0
1
0
0
0
0
0
0
0
0
0
0
0
0
0
0
0
0
0
0
0
0
0
0
0
0
0
0
0
0
7
38
9
0
9
16
11
2
0
0
0
0
0
0
0
0
5
9
3
0
0
0
0
0
0
0
0
28
199
364
358
155
28
90
323
339
76
17
127
157
90
32
66
89
58
42
78
79
111
145
181
225
176
161
173
164
236
344
390
382
276
140
71
89
90
103
93
69
65
56
30
44
36
33
37
52
64
114
116
143
205
218
208
192
166
226
279
263
285
388
478
499
448
390
385
281
182
121
75
104
173
345
413
291
310
447
383
201
171
187
260
309
324
328
263
165
174
223
287
356
492
784
996
1071
1088
1001
892
788
667
508
536
542
548
424
308
304
284
284
296
232
198
185
167
225
351
431
458
297
91
193
194
132
128
201
222
281
466
591
675
792
834
706
555
316
316
367
392
351
313
223
336
402
373
310
257
250
284
287
237
177
147
105
99
86
56
64
125
19
3
0
0
0
0
0
0
6
10
15
12
4
1
11
58
119
145
135
158
169
156
163
156
95
76
73
46
25
5
0
2
34
71
119
134
136
114
151
227
162
131
145
160
174
92
82
54
23
21
41
61
33
11
20
58
88
124
116
48
31
23
37
78
102
124
129
118
98
75
45
42
41
29
21
21
13
28
27
14
70
95
60
31
68
102
111
143
132
134
174
135
78
48
45
49
35
41
68
92
118
156
101
63
35
12
24
60
50
27
35
70
92
82
67
62
73
50
42
36
57
148
167
124
43
5
15
59
135
199
216
157
95
42
29
73
58
25
22
21
92
204
207
140
104
70
74
109
105
67
51
65
101
108
79
34
10
5
5
8
23
48
86
95
58
36
36
42
50
51
52
58
81
67
28
30
49
80
99
57
11
23
37
40
45
49
57
48
32
23
19
25
26
18
8
7
4
3
5
12
37
53
64
78
42
73
76
38
48
84
124
129
129
135
147
166
138
130
117
107
77
73
67
42
24
11
4
0
0
4
5
26
89
126
96
79
99
116
95
57
4
4
15
42
56
70
93
87
78
51
39
37
29
15
1
1
10
40
61
51
21
21
15
13
12
11
6
5
9
14
24
26
18
9
2
0
9
20
17
8
1
0
0
0
0
0
5
4
0
0
0
0
0
0
0
0
0
0
1
1
6
12
18
16
16
24
32
28
72
145
185
191
165
116
86
63
140
206
239
269
264
276
258
139
67
177
291
323
353
373
358
254
146
84
83
110
142
200
282
331
345
297
191
135
82
24
23
80
114
109
92
56
59
77
122
198
220
218
160
113
77
54
22
64
127
129
97
84
102
107
111
107
110
130
95
83
82
63
33
26
25
31
33
31
33
28
18
14
55
68
52
18
9
15
49
65
52
16
4
40
129
139
70
28
1
0
0
0
0
0
0
0
0
0
0
0
1
31
63
38
24
17
38
64
109
178
169
56
6
22
98
122
87
35
108
197
205
125
48
41
74
124
108
130
114
104
96
79
63
65
96
132
169
153
131
98
98
198
305
376
338
212
111
94
85
136
255
341
332
226
68
21
10
14
16
13
2
1
0
0
8
31
30
27
15
25
25
40
50
43
25
0
0
8
12
62
68
86
207
326
289
273
237
127
165
251
222
191
144
78
51
77
86
55
43
41
38
51
41
32
13
3
3
23
26
46
80
122
70
4
257
612
742
632
470
400
279
246
396
643
806
769
576
232
196
775
958
916
615
367
299
440
722
659
319
264
616
699
472
283
739
1377
1757
1988
2049
2011
1956
1835
1554
1429
1551
1397
1232
820
536
307
493
512
388
174
271
357
370
450
400
692
1017
1361
1610
1814
1845
1744
1713
1545
1328
1086
867
737
602
443
348
353
395
407
365
189
193
314
487
591
606
593
614
595
568
489
395
248
160
166
157
100
58
54
62
74
63
43
178
357
489
574
540
437
293
173
48
8
15
71
132
164
148
114
112
226
346
445
490
553
616
571
460
376
377
468
524
508
462
468
491
412
304
428
424
370
305
159
134
185
225
162
148
149
194
199
184
185
153
155
150
166
182
205
258
288
291
215
184
144
137
111
105
76
54
27
29
79
92
81
53
69
81
92
114
132
158
250
417
428
318
193
107
82
116
149
138
109
130
178
211
196
160
112
103
91
123
202
303
371
355
374
612
779
713
500
351
282
221
152
90
123
182
298
443
624
879
1096
1150
1238
1221
1178
1144
905
907
785
658
460
398
698
859
840
755
573
690
503
347
481
601
640
550
463
499
596
644
624
698
709
661
582
474
418
413
475
1125
476
452
481
504
544
529
440
327
243
255
345
380
361
310
267
237
238
383
387
366
349
335
306
190
84
70
61
65
52
62
69
86
108
65
102
94
104
177
184
134
94
76
108
137
162
146
164
151
116
77
211
206
145
94
70
49
29
15
30
43
41
35
39
53
42
20
39
31
56
96
159
166
194
211
198
181
182
164
138
113
93
65
54
59
55
41
35
17
20
27
35
31
26
26
12
13
10
5
6
2
5
0
1
0
0
0
4
5
0
0
8
4
1
1
0
5
34
17
2
16
20
37
58
4
13
52
88
98
72
65
72
50
17
19
14
5
2
3
2
1
2
5
12
4
2
0
1
9
39
67
82
41
8
29
7
9
16
14
8
8
0
0
0
0
0
0
0
1
0
1
0
0
0
0
0
0
1
2
4
0
0
0
17
26
3
7
14
10
3
0
0
0
0
0
0
0
0
0
0
0
0
0
0
32
43
40
27
29
48
29
22
36
45
94
220
133
65
50
42
19
8
5
6
12
14
8
5
0
0
0
0
0
0
0
0
0
0
0
10
16
12
2
11
37
71
75
81
84
74
79
75
30
18
25
23
12
74
200
371
842
1549
2235
2592
2483
2193
1822
1452
1281
1095
988
923
837
765
735
688
620
511
456
441
442
427
449
542
679
783
861
935
989
994
1008
1063
1116
1193
1248
1335
1434
1541
1780
2162
2343
2460
2460
2466
2610
2412
2317
2062
1594
1370
1254
1098
999
971
1048
1087
1190
1274
1205
978
674
560
630
757
820
749
625
586
570
724
881
955
838
715
610
746
943
1400
1750
2085
2491
2671
2597
2386
2122
1866
1803
2049
2285
2332
2279
2168
2032
1982
1930
1893
1876
1896
1941
1907
1892
1951
2040
2263
2473
2754
2960
2978
2873
2849
2595
2136
1598
1272
976
774
850
1098
1286
1343
1271
1099
814
862
1011
1131
1170
1204
1124
990
902
809
703
449
162
121
111
126
130
119
63
21
48
92
67
87
188
213
220
211
246
199
197
190
191
189
201
225
188
204
236
294
275
237
150
67
10
5
8
3
24
103
199
279
330
354
381
399
480
441
531
545
546
491
386
229
142
89
47
61
72
67
83
87
139
142
132
103
123
184
172
149
131
100
76
67
49
25
6
0
3
3
4
0
0
0
3
2
0
0
2
1
0
0
0
1
3
0
0
3
5
6
9
8
5
3
2
2
1
1
7
7
0
0
4
10
17
15
6
12
16
15
22
52
124
142
102
130
94
60
77
65
60
67
67
86
190
401
501
416
137
258
523
656
669
470
233
159
256
252
158
75
60
67
110
108
88
48
55
94
101
70
85
247
344
244
111
36
24
44
49
24
15
15
18
10
1
0
2
23
10
4
1
2
2
4
25
53
64
57
58
47
47
39
54
77
128
174
202
154
108
39
20
24
9
10
18
54
79
113
99
91
63
36
14
2
2
3
15
6
6
17
18
25
19
11
12
1
3
0
0
2
1
4
10
36
82
136
158
209
190
152
62
19
4
1
0
0
0
2
1
3
4
6
7
11
13
9
3
2
9
15
14
3
1
0
0
0
1
5
33
44
38
49
60
79
103
103
121
154
159
171
155
102
39
17
23
72
100
99
97
124
212
359
479
628
675
621
585
475
321
165
54
55
98
169
196
179
151
169
203
207
204
189
173
187
200
246
245
366
562
545
314
119
88
303
125
71
71
65
55
61
92
101
49
53
36
66
87
51
434
490
390
193
141
164
153
116
60
49
52
67
68
75
83
64
30
51
52
23
14
13
4
16
11
3
0
1
1
0
0
0
0
0
0
0
0
0
0
0
0
0
0
0
0
0
0
0
0
0
0
0
0
0
0
0
0
0
0
0
5
9
8
8
11
5
0
3
1
1
2
0
0
0
0
0
0
2
2
3
0
1
1
1
1
1
2
3
6
5
5
13
9
3
1
1
0
0
0
0
0
0
0
0
0
20
38
55
12
0
0
7
14
0
5
23
67
36
48
49
48
48
51
41
36
29
30
17
12
6
0
0
0
0
0
0
1
1
2
1
3
0
0
0
0
0
1
0
0
6
8
1
0
4
3
2
1
0
0
0
7
5
0
4
4
1
0
0
0
0
0
1
1
2
14
50
65
98
98
95
68
29
14
15
28
28
32
49
65
75
61
38
26
9
3
29
42
38
7
1
0
0
0
0
0
0
0
0
1
1
5
3
4
6
6
8
18
17
14
10
7
1
1
0
0
0
5
6
4
5
13
15
29
14
2
0
0
0
0
5
18
20
16
6
4
8
14
12
21
32
32
36
23
26
25
10
10
19
15
14
9
7
3
0
0
0
0
0
0
0
0
80
323
422
355
142
57
42
31
26
29
23
22
22
7
5
9
17
8
6
0
0
9
30
63
43
61
43
38
20
1
1
11
0
0
0
0
0
2
21
26
12
0
0
7
11
7
0
0
0
0
0
0
0
0
0
0
0
0
0
0
0
0
0
0
0
0
0
0
0
0
0
0
0
0
0
1
1
1
13
15
20
13
25
58
148
196
240
269
272
258
231
173
127
82
56
48
40
35
41
64
62
53
38
7
2
14
114
266
287
155
60
59
43
27
6
0
0
0
2
11
27
17
16
187
446
653
870
956
966
838
698
777
883
843
527
355
293
235
199
209
101
53
82
163
305
451
584
702
694
528
412
307
219
95
4
0
57
150
174
190
208
242
288
324
373
344
328
300
292
249
263
292
249
180
130
71
55
22
32
209
482
694
732
689
661
542
374
194
60
17
13
16
22
35
47
70
73
58
32
25
12
15
17
22
17
17
15
14
17
11
31
32
45
40
147
21
14
14
18
6
3
2
1
0
0
0
0
0
0
0
0
0
0
0
0
0
0
0
0
1
0
0
0
0
0
0
1
0
0
0
0
3
0
4
0
2
15
44
27
35
28
34
36
38
27
18
45
45
31
23
9
44
90
117
125
107
71
59
54
44
35
56
81
63
43
20
14
5
1
1
0
1
0
2
0
0
0
0
1
4
6
3
0
5
8
9
8
6
4
0
0
1
0
0
0
3
13
4
0
0
0
0
13
11
32
124
204
210
101
59
78
124
131
95
63
25
15
7
1
1
3
7
8
9
1
0
0
0
0
1
19
101
187
227
188
114
176
333
423
440
356
185
113
137
256
352
413
410
253
145
288
442
550
480
296
69
25
32
91
152
127
32
1
5
40
48
23
12
14
14
16
21
21
16
21
17
27
95
234
388
513
579
527
476
432
308
122
112
82
47
12
17
13
7
10
50
118
101
80
93
82
68
38
28
74
110
76
12
1
25
70
44
10
0
1
10
14
28
47
37
26
13
3
0
0
2
1
1
4
0
0
0
0
1
0
0
7
6
0
0
0
0
0
1
0
0
0
2
0
2
6
0
0
0
22
42
53
53
24
1
0
0
1
0
0
0
0
0
1
13
33
31
5
17
25
33
49
141
60
0
1
2
0
6
7
27
110
303
476
567
621
627
641
612
521
384
230
172
90
29
7
2
1
1
13
20
11
16
20
45
80
117
117
93
60
19
6
2
3
3
12
11
5
1
1
1
0
0
0
0
0
0
1
10
18
23
38
39
35
17
1
0
0
2
3
3
6
3
3
3
0
0
0
0
0
0
0
0
0
0
0
0
0
0
0
0
0
0
0
0
0
0
0
0
0
0
0
1
5
24
86
181
297
391
438
451
456
429
420
388
295
246
186
166
143
138
76
73
62
67
77
60
49
49
76
152
163
146
93
46
25
12
11
9
3
2
0
0
0
0
0
0
0
0
0
0
1
2
7
2
0
2
10
42
111
136
126
98
55
47
52
41
40
36
38
50
64
43
11
24
35
50
86
85
86
82
129
154
190
199
231
224
211
175
162
186
220
257
317
399
536
623
762
765
709
609
535
386
204
70
34
49
108
148
199
237
229
249
311
407
542
574
609
539
796
228
74
0
32
156
312
386
452
411
361
331
278
239
176
113
80
22
5
0
0
0
0
8
18
51
63
57
42
20
24
21
13
11
21
23
22
19
11
9
7
4
1
1
0
0
0
0
0
0
0
0
0
9
11
0
2
6
5
1
0
0
0
0
0
0
0
0
1
0
3
3
2
0
0
0
7
23
13
2
0
0
11
171
412
623
494
283
138
120
120
106
107
153
223
234
215
194
94
19
37
93
81
64
35
60
177
277
377
462
660
847
862
781
528
341
282
266
232
268
247
187
168
93
20
39
181
367
288
165
57
10
12
17
57
99
116
100
63
43
31
19
10
22
20
12
1
6
8
12
32
28
26
4
3
8
24
4
0
0
0
0
0
0
5
12
4
1
0
0
0
0
2
2
4
15
5
1
2
0
2
3
4
4
1
0
0
0
0
0
0
0
0
0
0
0
0
0
0
0
0
0
0
0
0
0
0
9
115
348
608
742
707
604
557
483
381
242
116
44
10
0
1
1
0
1
2
5
0
0
0
0
0
10
15
0
2
9
7
3
0
0
0
0
0
0
0
0
0
1
2
7
9
12
27
30
57
63
59
53
31
20
8
9
5
12
16
25
40
53
56
64
57
40
44
39
33
27
16
11
8
9
3
6
0
1
2
2
4
30
291
569
674
587
351
194
103
104
144
169
198
248
334
389
368
215
172
220
279
348
357
389
464
550
566
536
496
396
258
129
77
46
52
53
118
213
294
343
239
99
34
30
46
81
151
213
220
186
116
130
191
213
222
215
174
197
248
192
155
116
118
137
129
71
17
12
4
16
12
64
77
45
26
49
74
80
121
198
157
101
103
95
68
47
26
16
7
3
1
0
8
100
169
176
160
181
193
281
426
566
716
690
605
514
401
317
210
160
150
137
169
161
158
138
155
211
208
154
106
148
177
205
225
196
190
142
89
52
38
30
52
105
163
162
151
122
126
187
301
354
384
436
510
490
498
483
540
559
588
625
747
740
817
912
876
798
638
359
154
59
28
24
28
32
17
22
35
51
89
60
48
71
103
226
362
618
937
1221
1410
1416
1759
2328
2935
3422
3597
3641
3125
2642
2060
1570
1320
1086
929
801
783
726
596
565
520
448
361
351
364
325
254
212
131
89
103
93
127
170
340
529
875
1245
1182
1302
1453
1119
738
685
769
769
690
591
491
465
500
468
437
460
467
541
571
583
492
359
348
680
1357
1614
1540
1225
1161
1803
1743
1485
1389
1395
1407
1291
894
577
434
324
307
262
159
89
98
141
132
111
111
251
267
262
238
235
240
262
263
270
287
341
462
541
617
616
494
559
657
651
625
556
515
417
338
250
160
149
243
303
350
327
285
191
226
269
287
276
321
397
501
668
807
595
377
481
614
506
441
297
174
158
120
106
79
70
95
140
169
187
211
205
197
178
170
150
127
117
116
95
70
83
99
115
112
103
106
49
122
307
497
549
539
557
585
551
615
628
722
979
1153
949
630
701
676
623
475
465
502
575
667
688
631
620
604
746
913
1449
1975
2616
3284
3723
3790
3531
3032
2421
1862
1401
1413
1537
1812
1747
1671
1549
1410
1224
1024
823
589
487
398
350
332
350
381
383
373
395
414
473
530
637
1062
1571
1943
2238
2573
2860
3100
3346
3735
3977
4026
4003
3877
3526
3002
2544
2341
2447
2096
1789
1238
1680
1799
1784
1716
1671
1566
1535
1299
1133
1068
943
857
964
1125
1280
1354
1416
1310
1082
908
916
931
993
1052
1182
1295
1159
1052
936
945
928
818
775
699
557
462
384
255
148
149
248
296
292
290
322
387
444
466
473
532
529
489
460
373
225
88
98
113
71
42
72
90
84
66
37
70
161
245
195
57
3
11
31
49
78
102
100
90
95
83
87
60
53
55
59
43
26
8
10
8
15
17
10
29
63
87
74
74
161
323
547
728
696
493
384
471
539
548
525
461
413
368
331
284
284
234
244
289
326
394
387
329
291
354
350
404
417
425
396
427
452
516
642
805
909
926
947
933
940
909
867
764
674
603
586
556
474
473
543
624
797
906
996
989
936
882
748
674
579
506
388
332
499
752
982
1093
1151
1142
1178
1115
951
807
646
558
411
300
161
76
85
174
324
457
506
541
497
469
415
381
358
322
325
274
256
253
212
167
168
153
169
174
241
223
119
124
91
60
46
51
89
187
296
379
364
308
257
198
173
117
113
78
59
87
108
98
57
37
57
36
18
14
30
40
52
60
79
46
105
100
46
29
32
29
33
54
97
130
159
214
288
366
450
489
499
528
586
661
793
979
1163
1279
1338
1304
1075
668
465
639
790
866
899
905
813
694
544
410
404
428
458
443
447
397
269
266
440
866
697
776
772
754
647
500
677
1051
1270
1262
1038
757
416
429
446
452
383
282
318
426
504
520
479
414
233
162
204
344
342
266
279
292
352
427
477
412
593
768
856
848
745
675
644
605
618
564
609
563
603
590
596
563
532
523
472
462
484
482
472
442
358
216
136
99
157
199
232
249
278
297
315
284
226
250
334
384
503
593
600
503
492
466
563
612
717
841
990
1115
1065
874
564
358
278
239
196
308
369
437
405
285
255
190
80
28
84
114
108
105
107
90
101
69
5
21
113
211
287
310
337
333
374
511
742
918
940
908
915
878
791
560
795
1025
899
778
964
805
628
616
927
896
735
595
733
817
684
685
697
790
573
577
451
183
227
287
418
465
289
224
247
262
194
180
150
133
145
213
308
433
648
766
888
1002
1112
1174
1163
1149
1122
1032
938
848
743
660
519
787
1015
1194
1243
1234
1451
1458
1206
863
637
607
604
594
601
525
436
294
276
218
197
258
251
246
206
215
198
190
162
111
108
102
106
92
68
68
50
58
88
152
115
127
173
231
313
436
460
639
704
651
607
487
290
274
299
305
391
515
591
612
632
548
503
464
364
354
295
234
231
183
83
62
107
267
284
184
136
124
191
247
270
267
259
246
238
252
198
130
92
74
57
71
251
595
1259
1735
1787
1742
1447
1957
769
502
323
569
791
1030
1277
1466
1475
1342
1115
837
480
401
433
375
361
233
206
336
411
432
380
320
306
326
269
243
204
245
319
260
129
37
18
13
14
4
2
1
4
17
11
16
50
112
326
930
1392
1697
1757
1940
1832
1502
863
1198
1649
1829
1710
1714
1572
1664
1601
1618
1535
1383
1263
1115
925
903
921
869
815
736
717
609
525
438
350
244
103
113
216
559
619
831
1210
1632
1715
1761
1819
1914
1798
1280
846
1351
1876
2049
2400
2127
1463
1098
850
748
451
274
176
262
419
491
579
628
600
341
292
325
300
205
168
243
336
402
307
270
284
319
340
424
684
996
1307
1473
1594
1599
1606
1584
1467
1329
1206
997
951
819
769
742
657
559
544
557
543
325
141
220
311
406
477
639
727
707
584
463
397
430
465
467
494
497
496
428
441
511
429
260
94
120
250
306
278
153
198
104
61
59
60
123
144
202
317
329
289
324
355
321
219
211
192
129
54
64
117
154
168
181
143
117
129
99
71
41
39
32
24
14
11
3
7
5
0
18
2
2
3
11
8
9
0
2
2
0
0
0
5
12
112
251
318
333
344
349
344
367
401
428
442
468
413
374
439
440
466
524
520
443
306
417
517
580
650
656
598
462
349
310
222
177
175
217
264
271
158
95
176
309
348
363
358
336
300
259
170
116
110
89
60
34
16
37
80
139
152
188
203
161
119
143
239
305
299
227
178
147
97
90
80
63
51
72
130
155
170
173
150
108
62
165
159
114
28
13
77
169
184
184
132
67
37
50
49
48
49
50
36
11
8
6
12
31
53
79
56
31
27
61
87
107
71
31
1
1
1
3
8
31
85
148
199
202
196
189
163
213
268
216
163
131
117
110
103
125
109
123
155
155
182
207
177
145
198
293
318
277
246
120
60
46
46
49
34
29
31
9
3
11
25
35
50
37
15
11
18
22
12
0
1
14
24
10
9
6
2
6
70
331
647
830
859
780
809
844
831
734
652
591
541
514
478
420
364
313
257
174
112
106
139
165
197
233
256
229
207
192
182
164
160
161
107
74
40
32
37
51
41
35
26
21
18
37
68
80
101
94
55
44
60
404
939
1562
2197
2521
2769
2939
2986
2876
2454
1995
1817
1597
1444
1290
991
1162
1233
1137
937
619
331
249
429
536
513
447
382
322
294
309
237
187
232
316
198
155
269
360
383
368
236
87
95
175
185
187
135
88
60
47
36
33
54
82
132
217
222
258
250
218
147
102
89
86
35
24
15
23
44
64
74
57
47
54
34
32
48
23
1
10
13
8
19
26
5
38
63
68
96
114
101
70
17
10
20
45
88
110
91
59
38
21
26
21
17
18
13
13
14
9
13
30
14
0
9
13
10
2
0
0
0
0
1
0
0
0
0
0
0
0
1
0
0
1
2
10
14
4
18
31
35
42
10
8
5
1
10
49
85
70
51
33
32
81
145
258
456
819
1157
1403
1495
1434
1331
1083
835
597
409
330
241
196
166
91
58
26
3
12
9
13
17
16
4
5
3
9
23
25
9
2
0
0
0
0
0
1
3
6
1
3
2
0
0
0
0
0
5
74
157
132
58
31
93
199
310
326
204
176
158
133
124
114
109
62
58
51
120
133
67
32
24
30
17
2
17
44
36
18
9
3
2
2
1
3
3
1
0
0
0
0
0
0
3
11
27
79
22
13
15
9
7
10
6
4
5
0
1
1
4
3
2
7
3
0
0
0
0
5
11
12
29
34
46
77
105
80
48
48
44
42
67
61
74
73
47
9
4
0
0
0
0
0
0
0
2
10
4
1
2
5
3
3
0
0
0
0
0
0
0
1
3
16
38
47
49
12
0
3
0
4
4
2
0
0
0
0
3
3
1
0
0
0
0
0
9
43
40
9
1
52
163
224
334
460
586
658
687
719
742
589
356
223
249
269
348
389
446
483
526
568
650
658
580
476
535
694
677
604
572
533
493
414
388
324
291
234
182
152
112
66
49
30
14
3
8
33
69
89
93
60
12
17
27
44
17
18
35
63
98
92
77
29
10
44
39
18
8
10
6
4
0
2
0
9
7
23
25
17
27
28
22
27
40
48
59
50
41
23
17
8
3
4
4
6
1
5
17
23
32
28
26
15
6
0
5
37
29
24
3
1
4
7
1
1
1
1
1
5
9
2
7
7
8
4
11
14
21
31
21
16
7
1
32
13
0
12
15
6
2
0
0
0
0
0
0
0
0
0
1
2
1
0
3
0
0
0
0
0
0
0
0
0
0
0
0
0
0
0
0
0
0
0
0
0
11
25
9
2
9
10
6
2
0
0
0
0
0
0
0
0
0
0
0
1
0
0
0
0
0
0
19
18
2
9
12
8
3
0
1
0
0
0
0
0
0
0
0
0
0
0
0
0
0
0
0
0
0
0
0
0
0
0
0
0
0
0
0
0
0
0
0
0
0
0
0
0
0
0
0
0
0
0
0
1
1
0
0
1
1
0
0
1
0
1
1
3
4
2
2
4
26
9
2
9
14
5
1
0
0
0
0
0
0
0
0
0
0
0
0
0
0
1
0
0
1
0
0
0
0
0
0
0
0
0
3
1
18
30
33
44
42
41
48
56
48
69
99
108
68
70
59
58
44
31
18
0
1
0
1
2
3
0
0
43
220
520
745
859
858
735
599
492
375
224
125
98
49
27
17
16
3
0
3
30
104
296
528
831
1017
874
596
485
289
369
337
341
352
339
389
507
722
963
1114
1114
1074
1122
1042
914
822
773
658
502
431
422
398
349
291
254
216
200
188
188
155
140
106
49
13
12
13
50
107
161
192
240
219
503
250
257
276
332
366
362
360
333
220
133
55
61
57
102
163
183
189
168
141
122
122
149
170
167
157
83
30
14
32
46
34
25
9
5
5
20
34
27
10
22
42
41
22
7
5
2
1
0
0
0
0
0
1
0
0
0
0
0
0
0
0
3
3
0
0
0
0
0
0
0
0
0
0
0
0
0
0
0
0
0
0
2
1
0
0
5
92
352
736
1139
1538
1774
1834
1504
1078
1539
1807
1843
1948
1910
1737
1724
1768
1691
1615
1377
1083
779
778
1014
1101
1074
989
880
814
740
639
580
596
733
809
835
967
1269
1607
1931
2006
1699
1393
1045
1147
1388
1207
933
670
681
654
644
756
832
981
1082
991
1007
701
848
712
607
565
477
313
203
151
96
60
46
52
52
126
401
741
930
943
864
648
383
270
148
68
62
72
70
30
13
4
0
0
0
1
5
8
5
16
19
16
15
4
5
19
18
9
10
6
5
1
0
4
0
5
4
0
0
2
7
7
8
12
14
17
3
0
0
7
15
26
58
78
80
25
15
19
28
38
55
44
15
18
18
13
11
16
14
3
21
40
54
54
60
69
45
19
11
31
42
37
25
15
10
26
37
40
36
15
14
28
42
43
34
30
20
9
2
3
5
9
14
8
9
18
30
29
8
0
0
11
84
121
120
108
96
24
11
48
41
19
7
3
7
8
7
1
6
6
13
14
9
23
31
36
25
17
7
23
45
61
60
48
33
55
164
337
513
664
757
804
863
870
872
910
896
831
782
676
579
484
390
318
225
174
101
61
82
163
238
285
274
313
323
322
331
331
312
324
289
213
159
100
73
67
114
196
232
256
278
267
250
213
150
107
40
30
45
104
170
227
234
208
135
80
68
72
63
45
71
52
41
24
5
4
10
25
33
49
64
74
77
74
82
82
70
66
44
30
14
3
1
10
45
66
44
19
5
2
12
17
34
95
69
38
107
130
212
299
317
336
319
294
289
285
332
405
399
294
262
262
293
312
326
342
311
281
238
164
128
120
124
93
76
91
80
65
61
33
26
59
138
107
120
337
476
511
723
864
887
799
614
404
243
175
149
171
188
176
204
216
225
261
268
291
299
297
267
227
196
187
206
188
189
170
121
116
98
87
86
106
94
81
39
9
84
356
563
784
724
386
199
345
523
520
832
365
288
211
75
47
130
185
120
244
348
264
238
206
169
77
6
44
85
121
114
59
2
1
0
0
1
5
8
41
58
58
35
18
57
76
56
28
29
35
40
30
4
0
2
35
87
28
24
267
511
511
201
30
126
232
199
136
128
108
56
6
0
9
91
140
111
63
7
0
5
20
66
106
184
225
188
62
1
7
0
12
43
69
169
224
121
72
66
41
54
43
37
43
59
84
76
93
60
21
14
22
13
22
39
12
12
33
66
199
245
224
145
46
0
3
23
19
8
3
17
20
10
2
0
1
4
2
2
0
0
0
0
0
0
0
0
1
1
1
0
1
0
0
0
0
0
25
24
0
3
13
12
6
0
0
0
0
0
0
0
0
0
0
0
0
0
0
0
0
0
5
10
8
4
3
1
0
0
0
0
0
0
0
1
0
0
0
0
0
0
0
0
0
0
0
0
0
0
0
0
0
0
0
0
0
11
25
3
15
21
14
20
16
10
5
0
0
0
0
0
0
0
0
0
0
0
0
0
0
0
1
0
0
0
0
0
0
0
0
0
0
0
0
0
0
0
0
0
0
0
0
2
1
7
24
15
6
36
32
20
66
123
313
495
584
631
1068
1474
1576
1608
1701
1516
1340
1392
1482
1370
993
1211
1396
1609
1706
1631
1417
1202
1054
849
754
665
560
468
361
207
159
127
170
191
166
71
393
1042
1951
2550
2940
3040
2879
2600
2409
2112
1577
1264
961
614
501
467
440
371
246
119
108
226
381
517
611
617
627
586
603
618
657
622
577
632
847
952
1019
968
799
688
547
437
491
642
796
970
1023
914
745
689
707
633
604
496
316
181
215
230
165
48
8
2
5
24
25
35
32
48
84
96
84
103
89
70
74
47
52
43
56
61
59
70
70
69
68
85
130
177
210
155
138
153
210
277
335
412
462
432
424
388
377
318
273
258
338
433
610
721
776
746
579
332
206
177
119
85
69
69
60
35
28
29
25
39
66
103
151
130
140
135
107
73
28
0
0
6
21
44
86
123
101
116
136
114
108
109
104
79
63
27
12
10
3
2
3
7
17
14
12
7
2
0
1
5
3
2
0
0
0
0
3
3
4
7
16
17
8
5
3
6
3
25
12
5
3
3
7
8
18
27
31
33
29
14
1
0
0
3
5
4
4
56
71
246
425
664
778
778
670
516
410
414
517
621
784
1032
1284
1498
1597
1592
1557
1469
1303
1041
730
463
281
276
330
363
290
223
149
151
167
254
434
616
744
749
794
794
705
630
477
184
47
146
259
333
365
374
358
311
226
90
95
76
26
93
183
199
177
103
47
67
112
102
70
51
56
68
81
79
84
65
62
43
38
23
25
22
15
13
10
7
4
2
9
14
9
11
17
10
4
1
3
3
2
11
14
28
32
51
69
86
66
46
25
24
26
27
34
29
29
39
33
49
53
49
54
9
8
6
15
44
70
96
107
78
53
44
53
72
100
94
88
81
71
47
36
18
15
65
86
114
85
56
28
34
59
69
74
132
191
296
308
275
161
64
3
22
25
19
12
24
21
16
21
31
50
59
58
53
41
55
45
48
41
54
63
55
44
40
47
48
35
23
8
8
5
8
4
0
0
3
8
29
58
155
244
326
430
500
545
658
900
1463
2123
2642
3125
3398
3341
2950
2515
2163
2210
1868
1016
396
685
1121
854
482
241
118
102
63
48
93
114
109
99
68
81
106
111
117
175
258
391
424
335
173
91
28
1
0
4
2
9
47
38
38
51
38
4
0
0
0
4
20
19
37
77
73
71
40
32
22
36
53
91
69
72
127
119
32
0
7
23
20
0
4
16
12
3
0
0
0
0
0
0
0
0
0
0
0
0
0
0
0
0
0
0
0
0
0
0
0
3
6
38
89
143
224
284
329
324
288
243
197
168
164
166
182
209
241
260
282
304
296
302
294
286
226
158
110
82
55
40
12
8
3
9
27
34
21
26
56
99
107
65
49
19
6
22
61
124
174
145
49
59
181
268
250
160
132
170
228
209
169
85
22
5
25
56
95
162
171
93
138
251
217
123
124
225
415
456
657
1012
1543
2453
3221
3762
4016
4164
3972
3709
3314
2870
2436
1863
1381
1017
714
564
557
721
889
1012
1213
1382
1387
1385
1389
1370
1224
1072
960
826
698
619
550
432
316
235
160
118
75
46
31
28
36
70
114
167
172
187
172
135
100
77
59
35
4
1
0
0
0
0
0
0
0
3
4
3
0
0
0
0
4
8
33
65
77
71
66
67
39
21
18
3
0
0
0
0
0
0
0
0
0
0
0
0
0
0
0
7
6
3
0
0
0
0
2
0
0
0
2
1
1
0
0
1
0
0
0
2
0
0
0
1
2
2
0
0
0
0
1
1
6
6
12
23
19
21
12
20
16
9
3
7
5
4
63
214
256
233
138
41
13
37
38
23
18
56
92
149
95
111
196
322
452
479
473
365
292
239
297
419
596
756
911
1030
1110
1144
1245
1297
1397
1362
1232
1107
974
879
789
626
573
503
408
313
318
299
257
160
115
142
178
214
373
495
487
319
216
274
157
88
143
145
74
149
185
183
133
66
31
57
78
70
28
25
23
74
227
324
276
144
68
53
78
178
231
187
108
39
26
126
155
128
55
40
15
12
38
89
126
136
149
146
187
136
96
27
10
7
3
7
18
32
21
31
68
96
129
167
130
47
7
37
145
205
223
182
153
105
112
209
230
290
309
200
107
82
84
72
62
45
27
72
112
157
237
282
245
151
93
130
310
438
546
543
635
639
591
716
939
999
1197
1389
1447
1444
1232
924
526
349
810
1357
1821
1810
1727
1542
1413
971
656
694
736
682
693
712
746
712
646
545
667
850
911
818
641
447
231
126
397
500
473
397
384
520
889
1266
1305
1279
1381
1324
1266
1457
1454
1339
1283
967
873
842
894
978
917
945
883
760
657
394
280
378
507
609
620
463
362
475
702
758
696
547
402
302
362
582
639
604
610
530
624
1052
448
408
330
247
186
152
180
238
257
232
123
37
9
24
31
64
90
96
81
37
29
55
102
157
226
303
393
459
407
326
223
168
96
52
38
98
122
105
169
530
762
954
978
1053
1175
1417
1439
1296
1063
1074
778
396
545
348
350
363
434
441
428
389
231
209
298
348
375
487
717
810
808
674
479
299
305
320
291
87
214
606
771
900
1120
1272
1319
1135
820
525
224
108
48
48
66
204
346
525
612
655
719
755
762
691
630
561
514
558
487
424
322
287
278
368
414
442
401
253
136
119
157
164
181
131
79
69
121
196
256
275
258
252
294
321
302
272
225
242
398
482
408
434
528
479
345
196
125
167
161
114
187
238
218
149
71
58
104
148
165
153
118
64
55
8
0
21
73
118
174
112
41
113
86
15
0
11
36
41
46
38
26
14
12
14
14
11
16
34
10
1
0
5
3
1
0
1
3
3
7
19
40
71
87
93
104
98
86
64
55
64
41
28
22
8
10
13
19
23
26
24
15
10
10
10
3
0
0
0
0
2
7
49
74
81
68
22
27
68
185
274
309
312
343
360
332
202
128
127
201
350
308
276
217
184
254
188
100
492
717
845
957
1009
949
861
714
754
788
821
788
779
780
1057
1180
1198
1116
1038
1135
1336
1445
1368
1391
1237
1432
1570
1379
1172
1101
1039
975
963
1005
980
976
932
879
690
643
706
721
549
566
551
297
275
318
444
495
378
229
205
232
263
265
278
331
277
264
230
166
154
200
277
324
364
383
409
433
415
459
522
635
708
702
647
561
463
383
276
180
136
137
177
171
158
169
226
293
376
338
294
245
216
202
213
205
131
87
123
210
227
168
97
59
46
92
100
41
11
20
56
65
34
24
18
2
0
0
0
23
27
26
18
10
0
0
10
23
17
16
16
24
51
84
64
17
27
29
5
0
0
0
0
0
7
19
17
15
5
2
0
0
0
0
0
0
0
0
0
0
0
0
0
1
1
4
0
0
0
0
15
27
30
16
24
49
31
6
1
15
32
0
0
0
0
2
39
34
32
81
104
147
134
81
85
160
94
18
69
168
174
116
29
21
35
22
14
94
184
202
165
157
162
157
63
31
19
9
1
7
46
26
2
9
35
47
35
9
6
6
0
0
7
21
13
4
19
17
8
3
2
0
0
0
0
0
4
13
7
1
0
16
38
27
15
1
0
0
0
0
0
0
0
0
2
20
29
65
168
169
102
74
68
87
62
27
10
13
12
9
3
0
8
23
23
19
5
0
3
51
79
45
4
1
4
10
8
11
32
46
18
31
114
155
87
14
12
8
2
39
111
141
37
79
58
72
34
43
69
99
87
75
72
125
178
81
85
147
108
63
58
58
46
70
96
59
19
19
118
332
538
685
902
1025
1034
1022
1034
938
872
990
1211
1292
1310
1200
1034
803
507
427
451
494
565
638
664
646
576
490
502
630
770
875
1056
1423
1802
2064
2339
2533
2711
2890
2990
3125
3061
2969
2850
2948
3002
3085
2952
3000
3092
3098
2967
2573
2145
1821
1581
1421
1341
1169
829
591
461
459
623
757
949
1062
1042
1005
915
729
582
418
291
187
139
93
30
6
45
202
309
358
430
475
483
459
556
715
640
598
617
677
718
647
589
736
944
1188
1333
1206
922
585
487
545
488
436
332
305
344
361
409
434
450
441
445
538
571
550
394
490
565
596
663
602
424
939
482
435
564
598
275
496
647
518
331
302
244
141
117
178
134
99
21
92
322
255
250
193
284
284
254
179
125
170
166
157
153
126
92
44
10
0
16
72
96
81
50
33
9
0
0
0
0
2
3
4
0
3
0
0
0
0
0
0
0
0
0
1
4
17
31
22
5
15
17
13
8
5
8
14
19
28
38
29
4
1
8
6
7
1
0
0
0
0
0
4
2
0
0
0
2
0
0
0
0
0
0
2
0
0
0
0
0
0
0
1
1
0
0
6
18
19
0
20
15
9
8
1
0
0
0
0
3
10
26
38
63
70
28
11
15
93
220
303
299
262
199
98
61
44
47
37
32
55
29
31
41
51
57
45
5
0
269
544
546
489
343
164
105
116
141
151
170
189
175
148
99
30
19
3
2
4
2
3
4
5
18
26
50
73
101
118
262
331
294
213
101
50
29
0
0
0
2
23
65
62
44
39
101
75
37
53
53
78
6
20
50
24
16
1
10
7
1
10
51
64
103
177
225
190
116
64
54
45
59
54
43
34
29
26
25
23
19
20
15
8
3
0
1
5
8
3
0
0
2
3
2
0
1
1
4
6
7
2
32
29
9
9
18
14
7
3
2
0
0
0
0
1
1
0
0
0
0
0
1
6
3
2
1
3
5
7
216
419
479
383
175
52
82
165
243
274
300
293
292
273
286
221
110
16
14
21
77
152
221
253
250
211
139
77
13
28
37
37
52
80
83
80
85
61
39
22
34
42
39
41
38
31
26
12
20
23
38
48
54
39
23
19
0
15
52
50
30
11
13
12
14
4
4
10
13
4
0
1
3
0
0
4
0
0
0
0
0
0
0
5
36
82
92
76
24
5
14
57
120
98
14
30
31
8
4
16
21
47
60
85
140
136
85
46
22
5
1
11
5
1
0
1
7
7
16
12
7
20
28
14
2
18
18
11
1
2
3
20
77
125
204
247
234
95
6
107
351
460
451
344
245
123
26
3
7
61
126
181
211
231
234
181
108
28
21
38
54
97
108
97
64
37
17
7
0
4
17
64
63
95
79
37
26
36
32
38
46
33
12
4
2
0
0
0
1
8
35
62
90
105
57
21
9
7
5
0
2
3
1
5
7
6
3
0
0
0
0
0
0
1
1
0
2
0
0
0
0
0
2
1
1
5
8
6
8
56
156
159
138
101
59
54
18
1
6
50
109
143
166
163
119
44
3
16
21
92
124
119
64
33
10
1
1
17
30
33
39
53
53
35
2
0
0
17
51
43
33
13
4
0
1
21
73
104
64
16
14
27
46
32
26
14
12
9
4
1
1
0
0
1
7
23
39
16
3
3
39
187
255
304
258
174
171
152
102
59
5
16
40
63
87
75
48
23
16
8
1
4
8
4
10
31
28
14
0
4
13
9
3
8
11
10
4
0
0
1
1
1
4
7
10
7
6
0
0
0
3
1
6
7
3
0
4
15
33
69
62
48
17
1
27
42
66
69
62
40
26
8
1
0
0
0
5
11
22
14
8
7
0
0
1
0
0
0
0
4
9
3
7
6
7
4
2
8
8
11
33
20
30
60
58
41
19
17
38
12
4
22
22
19
10
8
11
4
12
10
14
10
8
2
0
0
0
0
0
0
0
0
0
0
0
0
0
0
0
0
0
0
0
1
0
0
0
0
0
0
0
0
0
0
2
9
14
7
7
0
0
2
28
38
16
6
15
13
8
1
2
3
1
2
3
6
5
9
11
19
27
26
27
30
32
32
17
7
5
13
33
41
16
8
10
6
9
8
9
6
1
0
0
0
0
0
0
0
0
1
1
1
2
1
0
0
1
0
2
10
16
34
35
39
30
46
64
70
83
74
50
32
33
38
59
56
31
30
14
9
5
2
2
1
0
5
18
25
32
37
33
13
6
5
0
1
3
0
1
0
1
6
16
24
19
4
7
11
4
4
4
0
2
13
20
33
28
2
12
19
15
6
9
14
13
6
1
0
0
0
0
0
0
0
1
7
5
1
8
9
3
3
3
5
14
42
20
12
53
78
110
140
210
321
544
901
1284
1673
1992
2319
2619
2820
3053
3046
3244
3074
2722
2569
2946
2424
1607
1381
1292
1533
1238
1116
1234
1103
959
766
590
503
385
322
395
605
731
642
494
405
412
400
531
623
660
595
405
314
207
183
263
364
317
259
291
339
342
460
430
372
345
327
388
429
506
605
618
661
697
689
519
401
295
193
53
12
16
73
119
111
97
140
202
211
247
297
253
211
158
131
120
116
126
106
178
238
273
252
227
177
157
102
94
244
60
61
30
17
20
6
7
10
15
36
54
84
52
32
41
52
63
52
47
9
1
0
8
13
19
20
20
15
19
8
11
6
1
0
1
0
5
3
4
15
51
80
52
24
4
20
49
242
388
384
308
196
79
31
19
8
5
20
44
41
55
100
94
74
31
5
3
4
0
2
0
0
2
0
0
0
0
0
0
0
1
1
0
1
0
0
0
0
0
0
0
0
0
0
0
0
0
0
0
0
0
0
0
7
26
16
0
14
16
8
1
0
0
0
0
14
163
330
494
526
442
308
191
76
9
0
0
1
2
3
0
1
5
0
0
9
61
42
2
2
22
24
9
0
1
2
11
9
5
1
1
0
0
2
21
36
40
27
5
5
3
1
5
86
281
575
805
900
869
744
646
592
555
525
493
465
469
494
475
432
359
304
218
169
97
114
141
136
139
226
409
476
645
872
1079
1258
1453
1485
1497
1412
1315
1080
867
657
465
379
311
424
478
619
704
712
658
621
545
463
327
252
194
173
296
572
808
1029
1081
1027
948
813
650
506
441
399
320
220
214
198
276
310
313
327
322
323
344
319
348
425
542
720
1033
1076
592
504
620
466
322
330
337
219
134
94
66
47
48
61
97
139
225
328
333
316
260
237
177
213
235
296
302
278
235
213
226
293
388
387
239
51
27
50
28
28
54
73
64
108
126
174
204
210
214
217
159
107
78
67
83
55
67
85
161
316
590
826
834
609
435
369
553
549
505
383
310
296
253
249
239
259
327
318
250
235
190
159
55
45
125
177
145
76
34
8
16
40
56
48
31
8
7
2
3
0
0
1
0
0
15
35
23
11
4
5
14
31
47
52
65
61
63
61
54
65
53
52
12
20
16
28
31
24
4
4
15
25
31
41
46
45
16
3
1
1
0
0
0
0
0
8
33
63
82
79
41
23
43
48
63
77
64
90
93
153
150
126
124
111
85
70
99
122
100
87
57
41
13
6
27
84
124
146
136
133
126
90
89
44
15
0
1
3
8
12
5
2
3
4
11
16
16
19
44
56
33
48
82
109
103
93
86
77
80
88
80
76
68
37
54
65
78
86
98
67
38
19
20
15
6
8
4
3
1
0
0
0
0
0
1
1
5
1
0
1
1
1
1
2
3
10
8
13
5
114
8
5
5
10
16
15
8
4
7
7
3
1
1
0
0
0
1
1
0
0
0
0
10
19
11
0
7
14
10
2
0
0
0
0
0
0
0
0
8
129
352
607
681
676
621
518
397
237
86
23
16
20
17
8
9
11
8
8
4
1
2
1
0
0
0
1
0
0
0
0
2
3
3
0
1
9
21
18
19
22
14
17
16
20
18
18
17
10
11
12
11
12
8
6
10
11
12
17
29
26
17
23
13
5
0
0
0
1
1
7
33
14
0
13
66
126
175
213
235
173
118
199
388
563
515
359
284
200
208
194
199
125
82
58
77
86
169
231
244
229
220
225
278
235
134
185
285
309
283
307
249
123
123
100
40
51
108
134
116
68
30
22
62
78
85
73
43
19
10
18
28
23
31
20
15
30
52
54
63
97
99
73
49
34
16
3
16
30
46
40
38
117
265
473
674
851
918
832
712
582
424
321
252
171
111
77
53
32
10
11
40
179
501
962
1258
1289
1198
1078
718
1069
1389
1425
1203
1131
865
901
1021
1001
846
699
557
216
138
447
723
802
742
687
616
523
366
260
282
328
338
298
253
273
279
285
330
383
331
312
351
331
304
256
155
287
448
522
502
410
310
234
212
250
326
386
262
101
100
304
429
322
182
80
28
26
13
27
48
80
71
54
46
42
50
64
67
76
69
63
205
445
499
478
397
284
130
62
63
125
189
234
234
224
118
45
30
35
51
11
9
22
23
27
35
21
9
4
2
0
0
0
1
0
0
0
0
0
5
18
30
11
0
0
0
0
0
0
0
0
4
22
24
8
3
17
13
10
3
1
0
0
0
0
0
0
0
0
0
0
0
0
1
17
14
1
1
0
1
37
133
127
29
1
56
198
212
169
86
25
27
125
179
100
4
6
12
11
0
0
0
0
0
0
27
94
91
47
13
1
0
0
0
3
5
3
2
3
4
13
1
0
0
2
0
0
0
0
4
2
14
23
6
2
14
12
15
19
23
9
10
14
36
57
50
16
7
1
4
13
5
0
3
17
18
4
12
13
10
6
0
9
41
60
44
21
0
2
1
0
2
0
4
4
4
1
1
0
1
0
1
0
1
1
3
7
18
26
22
12
3
1
2
1
0
0
0
0
0
0
0
1
0
2
17
25
1
16
12
10
3
0
0
0
0
0
0
0
0
0
2
3
3
0
0
0
0
0
0
0
2
2
3
1
0
0
0
11
34
21
2
21
21
14
11
6
0
0
0
1
0
0
0
0
0
3
3
3
2
0
0
0
0
0
0
0
0
0
0
0
0
0
0
0
0
1
48
110
109
73
19
0
0
0
3
10
12
12
22
0
0
0
0
0
0
0
35
28
5
3
12
19
9
8
2
0
2
0
0
0
0
0
0
0
0
0
0
7
9
13
7
0
0
0
2
11
54
34
4
1
0
0
0
0
0
0
0
6
33
23
1
13
12
6
7
4
2
0
2
2
0
0
0
0
0
0
0
0
0
0
0
0
0
0
0
0
0
1
0
0
0
0
0
0
1
0
1
14
23
8
2
0
13
28
14
0
6
11
10
2
0
0
2
0
2
4
4
1
1
0
0
2
2
0
0
0
0
0
0
1
0
5
160
505
890
1098
1115
985
860
677
479
289
123
43
5
7
12
67
118
99
13
41
101
121
53
15
67
149
207
52
48
268
522
699
764
769
746
751
746
760
782
697
590
475
365
248
219
217
200
207
200
118
21
46
166
250
252
231
146
63
15
54
97
105
97
94
56
32
25
5
0
13
2
15
16
15
11
9
11
18
14
9
1
0
0
0
0
0
0
1
6
3
9
1
0
0
0
0
0
0
0
0
0
0
0
0
0
0
0
0
0
0
0
3
35
55
35
38
21
24
7
12
10
9
10
6
3
4
2
0
0
0
0
0
0
0
0
0
0
0
0
0
0
0
0
0
0
0
0
0
0
0
0
0
0
0
0
0
0
0
0
0
0
0
0
0
0
0
0
0
0
0
1
0
0
0
0
0
0
1
30
44
45
43
29
15
4
7
9
0
3
3
10
26
41
62
75
76
76
76
94
142
175
177
129
89
84
86
65
59
55
50
24
29
21
6
11
101
157
140
66
61
201
343
294
117
23
24
19
29
55
54
24
20
24
27
10
17
9
16
14
33
69
94
87
84
63
48
20
2
25
80
133
119
98
97
81
61
42
23
6
4
0
0
0
0
0
1
0
0
0
0
0
0
0
0
0
0
0
0
1
4
4
10
7
4
0
0
0
0
0
0
0
0
0
0
0
0
0
2
2
2
5
9
8
5
6
2
3
11
9
16
15
7
27
30
27
6
19
14
10
14
24
26
31
46
39
33
32
32
27
25
23
30
36
15
15
30
56
54
24
12
23
32
49
61
50
61
47
44
40
37
31
15
9
3
7
25
44
46
51
110
142
155
140
125
111
88
79
43
41
27
21
29
29
19
9
3
1
0
0
0
5
6
19
57
75
67
29
3
0
0
0
0
0
0
0
0
0
0
0
0
12
29
23
53
200
289
283
161
22
1
25
114
201
257
269
254
213
98
19
0
1
11
69
94
91
48
23
3
1
12
25
35
36
15
1
1
0
0
0
5
2
1
7
2
0
0
0
0
0
0
0
0
0
0
0
0
0
0
0
0
0
0
0
0
0
0
0
0
0
0
0
0
2
14
17
3
4
10
17
11
15
21
72
169
288
417
515
560
493
423
327
227
139
442
424
357
142
194
192
218
262
273
263
213
174
185
216
223
243
238
221
208
157
153
142
124
137
101
127
176
230
348
477
624
717
798
788
828
946
1082
1236
1353
1249
1014
882
798
837
808
742
668
561
601
653
774
849
907
962
961
888
859
880
807
774
647
531
497
536
671
891
1124
1331
1512
1704
1953
1968
1856
1829
1768
1762
1719
1608
1597
1540
1433
1196
852
597
521
481
433
367
313
521
745
904
960
1040
1042
1049
937
837
748
703
692
795
881
992
1069
1085
1126
1100
1075
989
990
1005
969
907
790
678
526
313
232
142
119
82
77
56
77
109
160
187
133
128
163
236
187
194
209
237
326
386
444
483
483
416
298
249
228
189
153
154
124
110
86
48
17
14
45
100
149
154
166
193
207
189
189
183
189
205
256
323
455
574
677
774
830
817
770
727
667
572
520
474
427
386
345
297
244
199
131
72
25
1
3
31
58
103
142
162
185
200
196
182
204
182
175
181
180
184
224
297
372
392
334
215
143
115
113
122
131
118
135
139
156
118
113
102
65
52
50
33
22
12
15
7
6
7
28
92
112
128
158
202
251
303
330
383
406
394
341
292
244
206
168
191
232
301
275
251
286
281
233
194
332
618
822
1100
1321
1318
1183
1029
931
929
1043
1143
1280
1351
1248
1108
883
604
517
415
377
322
302
270
220
139
107
110
84
89
83
71
77
111
145
141
111
85
78
60
219
57
139
221
351
444
490
558
717
991
1227
1410
1513
1548
1368
1321
1382
1963
2438
2655
2479
2238
1962
1522
991
582
365
273
328
445
690
915
1105
1096
999
993
989
991
778
620
546
500
465
425
356
324
296
370
386
287
242
262
269
368
434
381
294
146
178
248
271
205
167
226
284
338
372
429
541
620
654
751
909
1013
1049
962
862
788
603
493
419
406
318
308
357
459
542
601
486
399
336
214
155
144
269
295
277
172
94
34
28
32
38
36
45
63
138
192
213
161
143
162
169
164
169
224
303
361
393
394
396
357
330
284
263
222
214
210
218
229
199
174
109
27
3
4
24
39
47
31
36
54
38
41
51
20
9
7
1
0
0
0
1
20
30
7
5
22
19
9
10
1
2
2
2
1
0
0
0
0
0
0
0
1
0
0
0
0
0
0
0
0
0
0
1
0
0
0
0
0
0
0
0
0
0
0
0
0
0
0
0
0
0
0
0
0
0
0
0
0
0
0
0
0
1
134
301
444
531
489
393
287
235
218
223
181
108
67
128
223
291
226
195
238
229
211
213
146
137
156
163
215
233
224
187
145
151
189
218
230
236
296
317
319
310
271
275
279
291
280
281
258
230
160
99
31
15
6
5
3
11
25
27
21
19
10
9
41
72
86
97
95
105
122
109
79
51
23
23
30
38
28
34
30
26
18
10
28
32
18
6
14
19
40
36
17
21
43
15
15
5
2
0
0
0
0
0
0
0
1
10
46
44
56
41
25
7
7
1
0
2
5
7
23
12
15
15
12
16
3
3
7
8
3
2
0
0
0
18
32
8
3
3
9
5
2
0
0
0
0
0
0
0
0
2
6
5
9
5
0
0
0
0
0
0
2
10
5
10
4
6
8
4
0
7
0
7
14
27
5
1
11
11
21
54
133
260
423
494
306
119
102
126
139
75
63
78
53
17
16
16
17
18
32
36
39
19
10
42
52
44
74
83
39
38
34
8
8
38
139
324
515
661
706
742
652
488
358
329
490
697
923
919
810
781
864
1166
1376
1562
1455
973
475
574
552
424
514
642
673
581
438
279
200
243
301
318
333
285
192
257
297
326
390
584
706
807
972
1121
1271
1487
1878
2182
2426
2578
2624
2656
2420
2237
2005
1838
1671
1581
1591
1663
1629
1607
1681
1730
1802
1762
1632
2494
1310
1252
1206
1108
1058
902
794
740
663
619
598
554
541
497
467
487
456
477
523
625
637
720
803
861
838
768
683
707
716
752
727
614
501
420
392
375
368
330
257
168
122
139
154
121
74
96
176
226
190
95
43
20
0
0
11
21
58
101
134
128
114
115
124
166
163
154
138
127
96
107
129
155
149
187
283
343
326
295
219
165
141
168
171
146
67
35
33
30
30
36
26
20
7
0
0
0
0
1
1
4
9
19
18
20
26
20
11
8
1
3
1
1
1
1
7
12
12
22
26
21
20
18
5
8
1
6
22
20
7
0
10
15
8
0
2
0
4
12
11
0
0
0
9
22
15
13
4
22
27
11
0
0
0
3
9
18
16
9
10
21
16
6
5
9
24
25
14
23
21
22
21
21
15
17
33
22
22
20
21
34
18
5
5
0
4
4
4
1
61
83
47
26
11
97
111
70
25
14
11
20
7
6
17
34
70
151
177
138
43
6
7
21
35
14
5
3
1
2
0
13
50
63
44
37
15
19
25
20
17
11
11
12
9
35
162
443
675
826
860
839
756
559
396
222
112
64
30
21
18
18
19
23
17
13
5
2
2
3
5
6
2
8
11
16
11
4
5
7
10
4
0
7
5
3
4
5
11
18
9
0
15
68
89
81
36
11
0
26
122
137
42
104
244
333
273
122
14
15
66
153
169
98
4
5
21
64
169
319
453
517
496
463
478
461
435
354
241
188
148
145
77
12
8
43
129
137
78
16
1
1
3
28
33
6
0
1
0
0
2
0
8
24
22
5
1
2
1
0
0
0
0
0
0
0
0
0
0
0
0
32
25
3
10
19
7
0
0
0
0
0
0
0
0
0
0
0
0
0
0
0
0
0
0
0
0
0
0
0
0
0
0
0
0
0
0
0
0
0
0
0
0
0
0
1
2
0
0
0
0
0
0
0
0
0
0
0
0
0
0
0
0
0
0
0
0
13
46
127
273
469
667
812
913
878
883
819
823
836
939
1365
1617
2291
2873
2980
3059
3349
3278
3489
3609
3571
3413
3142
2859
2313
1691
1177
730
428
354
317
201
110
140
265
336
332
309
338
298
276
386
477
480
479
459
525
529
519
497
514
529
526
522
429
377
285
244
386
635
869
954
887
825
938
1037
1070
907
691
498
926
454
480
452
397
247
128
68
99
169
247
274
334
479
598
818
864
732
825
969
1081
1249
1349
1527
1782
2081
2255
2249
2314
2170
1849
1499
1508
1476
1527
1552
1519
1348
1117
861
646
742
1192
1563
1926
2046
1925
1563
1103
801
1051
1099
1114
1366
1227
782
617
473
330
238
114
60
107
123
118
95
68
55
86
216
272
300
310
351
503
910
1338
1621
1484
1520
1561
1171
939
1060
1800
2299
2383
2529
2500
2202
1834
1228
1381
1602
1492
1497
1398
1367
1303
942
645
610
1005
1113
1001
1162
1400
1566
2020
2553
2952
3552
3892
3895
3729
3356
3241
3125
2989
2981
3201
3689
4026
4229
3962
3167
2950
2786
2609
2523
2236
1914
1865
1934
1875
1714
1479
1155
831
571
385
286
229
263
413
721
1084
1070
831
791
794
537
253
327
429
823
1202
1597
1729
1671
1394
1080
886
819
673
440
211
178
141
138
271
300
290
392
674
1034
1281
1382
1405
1481
1252
1460
1184
1017
1145
1259
1196
942
478
366
307
158
32
237
393
472
511
461
502
519
268
246
773
1074
1210
1082
1042
1016
907
831
673
609
711
781
684
656
814
1088
1223
1257
1103
862
687
673
884
1108
1103
1403
1475
1394
1071
931
455
326
191
53
136
187
277
752
1475
2351
2947
3447
3458
3184
3331
3482
3235
2589
2266
2326
2165
1877
1776
1894
1975
2008
1990
1779
1748
1767
1826
1945
2179
2260
2480
2695
2699
2626
2492
2387
2344
2247
2227
2156
2134
2086
2187
2252
2272
2193
2060
2022
2046
2090
2044
2039
1963
1866
1844
1904
1821
1616
1446
1378
1233
1135
1060
1059
1047
1001
1088
1338
1370
1090
1137
1433
1531
1945
2753
3281
3972
4415
4501
4197
3644
3242
2984
2611
2221
1972
1661
1301
1289
1841
2594
3169
3453
3625
3686
3687
3596
2949
2620
1896
950
702
506
447
413
379
389
350
326
307
282
248
311
338
365
420
441
408
316
255
370
509
588
535
476
420
445
487
610
642
647
649
626
639
598
567
515
526
605
715
858
1057
1228
1336
1354
1234
1008
835
667
544
503
500
449
433
345
224
93
11
0
4
39
92
137
178
179
143
78
49
62
73
172
321
407
421
382
467
656
794
861
913
816
727
499
358
333
375
405
494
529
586
631
530
466
473
512
668
953
1300
1677
1826
1934
2073
2175
2156
2096
1777
1713
1211
439
1242
1321
1315
1401
1267
721
397
815
1045
1286
1562
1792
2005
2092
2026
1800
1398
862
1403
1494
1581
1620
1486
1120
502
397
466
555
577
697
1058
1371
1508
1460
1222
916
185
767
1028
990
435
198
33
30
48
29
15
22
34
30
52
60
65
72
102
280
169
143
164
228
278
251
178
145
184
250
323
345
314
243
191
168
183
352
500
668
667
812
792
667
623
566
321
66
75
92
393
576
661
792
886
1010
1104
1058
804
389
321
269
202
222
237
232
214
206
208
173
102
47
21
7
4
11
21
28
67
192
363
501
514
478
382
253
125
32
3
1
1
2
3
4
2
3
6
7
8
9
11
16
19
21
27
21
26
27
25
35
25
18
14
8
8
5
0
0
0
1
2
5
4
4
26
51
102
182
283
370
409
371
346
268
202
134
47
11
9
6
3
12
24
33
33
86
169
224
259
256
212
184
203
213
209
202
204
216
234
161
51
27
38
59
61
17
16
12
15
16
5
0
0
0
3
6
8
13
104
330
476
574
562
539
526
492
515
502
450
343
229
223
252
287
248
259
260
215
201
207
222
246
307
302
187
51
33
33
27
31
40
30
36
56
54
75
98
91
51
8
6
13
9
2
0
3
2
8
0
0
6
14
22
5
1
7
5
3
0
3
4
8
3
5
1
1
0
0
0
0
1
3
2
7
1
2
10
24
18
5
13
20
36
69
62
43
16
2
0
2
44
102
124
83
37
34
68
144
167
132
39
7
0
0
9
67
139
111
34
0
0
2
2
2
1
0
0
2
0
10
10
7
8
3
0
0
0
0
0
0
0
0
0
12
47
71
84
78
73
50
37
20
10
15
7
4
10
7
13
19
28
50
55
79
80
48
0
0
0
3
7
23
249
560
980
1209
1563
2230
2760
3437
4032
4431
4286
3638
3046
2179
1484
1337
1230
1340
1398
1412
1272
938
691
475
808
1333
1466
1261
791
355
472
477
442
590
608
387
226
158
103
219
194
149
215
233
466
648
456
377
197
257
250
205
303
359
168
241
279
248
172
259
362
462
510
576
582
430
399
576
709
543
419
424
534
579
473
303
237
216
165
108
83
95
64
102
134
169
159
160
177
199
283
438
371
166
177
181
146
114
108
115
73
49
51
61
96
127
128
71
67
71
44
20
35
24
13
9
15
15
14
12
42
27
25
160
267
240
149
39
7
21
63
68
37
41
152
210
165
85
8
4
41
81
112
68
1
0
5
0
0
0
6
15
11
1
0
0
0
0
0
0
9
31
30
43
60
20
10
28
31
23
12
3
0
53
104
92
9
6
1
16
4
0
3
16
20
3
2
74
105
73
22
0
0
1
9
11
5
0
0
0
0
0
0
14
32
5
5
28
25
10
5
0
0
0
0
0
0
0
0
0
0
0
0
0
0
0
3
20
0
0
0
0
0
0
0
0
0
0
0
0
0
0
0
0
0
0
0
0
0
0
0
0
0
0
0
0
0
0
0
0
0
0
0
0
0
0
0
0
0
2
26
21
9
40
33
18
10
2
4
11
0
0
0
35
72
34
3
0
0
14
39
28
0
0
8
51
84
67
13
0
0
17
23
45
26
0
0
0
0
0
0
0
0
0
0
0
0
0
0
0
0
0
0
0
0
0
0
0
0
0
8
18
2
0
0
0
0
0
1
0
0
1
1
13
33
13
2
35
41
17
4
0
0
17
31
6
0
0
0
0
0
0
0
0
0
0
0
0
0
0
0
0
0
0
0
0
0
0
0
0
2
0
0
0
0
0
0
0
0
0
0
0
0
0
0
0
0
6
0
0
0
0
0
0
0
0
0
0
0
0
0
0
0
0
0
0
0
0
0
0
0
0
0
0
0
6
37
23
0
14
20
17
10
4
51
309
484
546
468
300
139
29
4
0
7
14
14
42
48
88
748
780
1235
1645
1831
1796
1611
1315
1012
776
445
281
214
240
290
244
168
159
119
85
70
51
27
9
0
0
1
10
10
16
13
20
21
33
41
35
61
64
48
43
36
31
13
9
2
2
0
2
3
8
1
0
0
0
0
0
0
0
0
0
1
10
5
3
5
10
23
54
79
190
528
850
1186
1746
2168
2240
1640
703
369
631
390
398
738
1061
1104
1114
1104
1201
1132
1114
1166
1075
914
680
448
254
171
65
32
31
543
178
343
629
1001
1440
1848
2221
2718
3395
3896
4557
5107
5585
5756
5537
5720
5733
5627
5726
6003
6102
5874
5751
5265
4717
4039
3075
2217
1312
692
724
1319
1713
1900
2176
2564
2983
3061
2822
2957
3094
3200
3389
3356
3532
3633
3737
3700
3627
3267
3262
3402
3423
3485
3527
3591
3373
2980
2560
2125
1614
1122
647
663
1180
1952
2508
2966
3155
3215
2777
2354
2240
2162
2118
2066
2081
2214
2286
2465
2663
2668
2573
2455
2276
2307
2581
3186
3590
3705
3609
3315
3040
2710
2459
2330
2539
2473
2250
1773
1224
938
912
918
647
774
1030
1386
1678
1844
1905
1758
1511
1166
1016
940
854
778
698
552
470
460
372
289
232
181
327
74
75
91
134
144
97
45
63
77
68
105
107
88
115
354
871
1435
2045
2815
3499
3808
4010
3927
3307
2842
2504
2110
1357
844
648
421
441
282
133
152
181
154
238
476
635
548
447
329
229
256
311
353
415
492
576
584
542
423
302
208
88
84
162
208
245
281
328
339
313
325
326
316
228
138
182
210
246
281
289
252
214
176
161
276
447
509
516
447
325
156
79
65
131
228
242
302
286
288
290
285
247
229
241
243
237
205
201
210
203
192
169
130
96
71
45
31
42
29
20
13
8
33
60
60
39
19
28
40
44
47
31
25
58
76
82
95
89
74
57
38
14
7
12
26
40
78
61
26
17
17
12
11
11
72
69
68
18
17
25
18
5
7
12
48
88
67
42
2
0
0
0
0
1
0
0
0
0
0
0
4
8
10
3
0
0
0
0
1
2
3
4
12
7
0
0
0
0
0
0
0
0
1
5
25
51
45
24
1
0
0
0
0
0
0
0
0
0
0
0
0
0
0
0
21
21
6
2
13
17
18
8
1
6
5
1
0
0
0
0
2
2
2
0
0
0
0
0
0
0
0
11
23
17
2
1
10
13
8
4
1
0
1
7
16
30
37
15
15
27
33
29
36
54
44
22
4
6
1
2
3
0
0
3
3
3
2
3
26
19
18
59
91
46
1
0
17
34
19
8
3
0
0
0
3
20
28
24
16
18
12
12
12
16
23
23
3
35
43
8
8
20
13
21
16
44
71
114
221
223
210
176
153
135
241
285
301
290
272
290
265
200
136
118
109
79
69
47
25
99
225
346
380
396
469
292
58
15
21
52
80
136
173
146
127
84
48
81
142
221
258
227
150
57
61
129
210
241
238
174
109
63
22
17
40
96
79
46
33
7
0
2
17
19
5
2
0
1
31
43
35
28
16
15
12
12
20
8
3
1
9
54
97
118
103
31
7
9
10
8
11
7
35
137
396
802
1041
1260
1626
1904
2329
3016
3725
3994
4078
3855
3391
3055
2464
1858
1421
1165
1011
884
575
293
166
239
413
472
461
404
355
240
97
39
24
14
11
10
7
46
110
284
623
973
1218
1292
1248
1169
1015
747
561
517
631
892
1141
1524
2177
2487
3365
4245
4762
5360
5477
4273
3882
2742
1523
1340
985
825
576
782
1024
1167
1290
1615
1915
2004
1921
1905
1421
871
555
935
463
465
479
485
493
534
660
720
800
1004
1188
1244
1115
978
854
790
715
539
375
201
80
47
51
98
125
96
47
42
29
34
53
90
77
17
17
62
42
10
10
25
39
22
76
277
277
231
215
135
96
91
101
114
98
77
65
63
80
79
31
14
34
59
111
110
101
102
46
22
37
74
130
190
221
152
65
3
1
26
113
132
103
62
36
28
24
11
27
17
13
3
0
0
0
0
0
1
1
0
0
0
0
0
0
0
0
0
1
14
9
8
1
0
0
0
0
0
0
0
2
1
0
0
0
0
0
0
1
7
9
1
0
0
0
0
0
0
0
0
0
0
7
28
14
0
8
12
13
10
2
0
0
0
0
0
0
4
36
99
136
104
41
312
579
670
641
348
88
337
660
849
819
725
484
257
67
70
191
225
217
227
188
154
120
39
25
94
141
160
138
96
39
4
24
81
139
188
270
404
591
785
962
1174
1415
1625
1785
1834
1800
1753
1613
1441
1257
1069
915
757
655
499
352
217
183
148
100
155
308
490
700
925
1121
1241
1292
1364
1407
1556
1626
1727
1795
1888
1918
1897
1756
1642
1404
1232
965
712
412
287
315
450
488
514
496
392
274
226
270
410
504
583
498
374
224
121
301
469
491
441
328
235
246
326
342
284
206
128
95
214
316
313
335
346
453
516
538
557
593
715
869
892
879
670
416
358
805
1012
1123
1148
1159
1132
730
318
132
162
157
232
322
311
386
475
427
292
230
243
333
346
332
281
280
199
114
88
68
173
420
621
776
992
942
880
772
555
365
395
542
667
732
732
700
690
795
811
681
484
273
338
455
373
190
175
294
414
397
324
164
159
385
551
549
439
247
65
32
115
177
171
179
214
273
266
242
199
104
454
375
132
173
247
269
300
397
488
552
593
547
552
527
462
393
398
451
408
276
159
208
243
267
266
180
149
169
164
135
156
189
239
374
376
276
214
285
298
292
341
383
347
276
157
156
130
111
140
332
432
254
66
163
310
346
475
686
814
843
608
376
304
240
116
92
163
247
245
208
196
205
248
269
280
273
308
325
330
331
310
304
308
226
155
97
71
73
54
69
63
40
22
3
1
0
12
66
187
292
339
367
351
306
233
158
74
24
9
18
19
7
1
10
34
41
31
40
22
10
3
6
13
55
111
149
172
163
347
78
102
146
180
211
239
270
253
223
189
129
78
46
29
35
19
6
2
10
26
18
0
10
14
10
5
0
0
0
0
0
0
3
1
0
1
0
0
1
0
6
10
21
21
37
51
89
79
34
6
0
5
2
2
3
2
0
0
0
0
0
1
3
7
10
15
22
16
5
0
0
0
0
0
0
0
0
0
0
0
0
0
0
0
8
110
365
599
941
1299
1879
2339
2607
2724
2936
2974
2799
2324
1619
721
842
639
1022
1223
1178
876
565
1023
1523
1675
1422
702
538
865
1082
1155
963
757
581
688
1092
1418
1472
1408
1472
1460
1240
855
867
848
729
634
706
1048
1180
1310
1343
1159
1015
749
434
352
587
737
840
815
688
526
342
182
189
178
167
160
129
376
720
1037
1139
1202
1173
996
718
423
357
484
563
811
920
677
426
364
442
410
473
583
654
576
408
179
135
237
396
567
595
451
356
257
125
55
120
189
134
46
158
418
669
781
826
890
949
1027
913
620
559
631
708
795
781
603
424
448
419
471
377
249
112
25
12
10
41
43
41
14
2
9
26
38
30
9
0
2
19
19
2
6
12
11
11
3
0
15
15
3
0
10
9
8
0
0
0
0
1
1
2
1
0
0
1
24
46
89
64
41
22
2
2
0
1
1
3
3
0
0
0
0
0
0
0
0
0
0
0
0
0
0
0
0
0
0
0
0
0
0
0
0
0
0
0
0
0
0
0
0
0
0
0
0
0
0
0
0
0
9
15
12
0
10
9
8
2
0
0
0
0
0
0
0
0
0
0
0
0
0
9
25
13
0
12
12
8
5
2
0
0
0
0
0
0
0
0
0
0
0
0
0
0
0
0
0
1
5
0
0
0
0
0
22
21
0
10
15
13
12
4
0
0
0
0
0
0
0
0
0
0
0
0
0
0
0
0
0
0
0
0
0
0
0
0
0
2
1
0
0
0
0
0
0
0
0
0
0
0
0
0
0
0
0
0
0
0
0
0
0
0
0
0
0
0
0
0
0
0
5
21
12
0
0
0
6
6
8
6
1
1
0
0
0
0
0
0
0
0
0
0
0
0
0
0
0
0
0
0
0
0
0
0
0
0
0
0
0
0
0
0
0
0
0
0
0
0
0
0
0
13
26
10
0
6
11
10
7
2
0
0
0
0
0
0
0
0
0
0
0
0
0
0
0
0
0
0
0
0
0
0
0
0
0
0
0
0
0
0
0
0
0
2
29
23
23
82
72
62
9
0
0
0
1
14
26
45
68
59
34
13
0
0
0
0
4
21
46
43
29
17
15
17
9
6
17
23
56
58
48
28
5
0
0
1
1
0
0
0
0
0
0
1
0
0
0
0
0
3
5
12
16
4
0
0
0
1
1
0
1
0
0
0
0
0
3
5
10
7
5
0
1
46
117
130
106
50
12
19
25
10
9
27
61
79
58
34
7
10
29
51
64
47
19
94679
0
0
0
0
0
0
0
0
0
0
0
0
0
0
0
0
0
0
0
0
0
0
