1669
2442
3091
5469
4054
4240
4266
4104
4207
16223
987
1017
982
1052
1196
1443
1789
2019
2246
2293
2374
2426
2495
2382
2138
1862
1589
1338
1189
1052
1020
1013
915
833
729
703
747
767
630
505
471
312
212
123
77
19
2
4
1
7
11
57
183
346
617
890
1224
1597
1845
2099
2260
2274
2393
2399
2460
2476
2399
2388
2376
2328
2299
2178
2080
2078
1924
1868
1707
1622
1482
1416
1375
1329
1110
1013
828
656
473
384
303
259
218
165
161
203
355
574
836
1062
1289
1532
1811
1939
2117
2138
2237
2268
2300
2297
2156
2021
1879
1693
1413
1170
824
447
252
194
274
410
693
1095
1421
1741
1975
2181
2346
2422
2519
2546
2435
2331
2194
1983
1838
1739
1575
1330
1109
937
645
522
364
193
63
26
9
119
319
466
729
910
1259
1434
1648
1822
2074
2229
2411
2510
2559
2560
2541
2424
2350
2313
2201
2088
1921
1729
1504
1235
980
748
502
295
178
119
163
280
421
767
973
1230
1472
1609
1718
1838
1925
2012
2020
2141
2138
2065
2058
2048
1995
1938
1782
1674
1587
1474
1346
1235
1106
1028
886
786
695
569
482
438
358
317
412
497
724
952
1121
1277
1387
1498
1564
1648
1739
1743
1715
1772
1923
2087
2200
2263
2313
2345
2225
2120
1891
1647
1334
1030
712
413
220
90
57
108
291
563
818
1033
1252
1434
1576
1626
1746
1770
1865
1771
1834
1722
1579
1368
1194
1071
937
748
637
641
581
432
259
231
209
179
151
141
129
149
282
453
591
750
1008
1345
1679
1975
2185
2310
2446
2596
2652
2719
2663
2607
2457
2380
2079
1805
1454
1044
626
345
188
216
520
824
1213
1526
1753
1989
2240
2381
2507
2576
2542
2481
2410
2420
2440
2366
2178
1993
1843
1652
1464
1269
1227
1042
883
756
564
491
525
507
459
428
428
418
431
492
526
568
690
788
877
968
1035
1097
1243
1289
1378
1404
1494
1480
1517
1433
1460
1413
1513
1519
1212
1126
1302
1525
1542
1539
1491
1220
641
534
782
970
976
878
689
543
523
628
767
898
1033
1198
1396
1511
1644
1679
1767
1756
1867
1828
1755
1624
1534
1433
1247
1058
931
775
566
472
352
244
185
192
259
291
303
466
652
901
1165
1326
1454
1626
1791
2026
2280
2451
2557
2535
2621
2557
2488
2411
2349
2355
2204
1874
1587
1366
1076
811
499
249
196
308
446
637
953
1259
1488
1586
1786
1880
2096
2249
2286
2316
2311
2224
2256
2281
2175
2101
1962
1855
1704
1579
1375
1179
1066
883
700
524
356
217
90
46
54
49
129
234
361
556
673
871
1070
1266
2404
1541
1634
1734
1776
1901
1902
1837
1844
1825
1710
1628
1488
1294
1179
935
793
606
486
345
296
181
125
109
148
243
349
522
635
787
987
1144
1260
1378
1548
1668
1728
1760
1808
1840
1823
1794
1818
1765
1733
1696
1577
1488
1367
1350
1173
1160
980
880
749
643
554
352
223
90
34
20
6
56
150
333
564
757
928
1096
1229
1321
1469
1557
1626
1673
1670
1651
1658
1574
1536
1376
1260
1097
973
781
631
428
236
89
12
0
0
15
56
137
250
369
392
407
479
433
430
399
372
321
236
169
123
90
52
29
19
12
11
7
6
4
2
5
3
0
0
4
1
3
5
8
9
23
57
96
110
89
68
54
40
48
31
16
4
1
4
3
5
10
9
7
12
12
17
24
28
36
36
50
62
73
50
62
47
43
47
40
28
18
13
10
21
27
40
88
155
254
336
436
562
642
690
806
906
897
984
1024
1039
1051
1063
1000
986
850
804
699
555
425
309
181
121
42
11
6
4
44
147
372
515
654
801
973
1082
1210
1327
1414
1517
1529
1541
1607
1604
1639
1616
1616
1603
1578
1511
1467
1373
1311
1281
1205
1119
1045
946
833
752
619
413
264
141
50
16
0
20
56
155
364
559
675
855
952
1096
1187
1257
1346
1431
1465
1511
1507
1521
1538
1477
1471
1465
1333
1239
1171
1022
898
735
602
449
315
189
85
23
0
0
2
42
111
223
343
525
610
699
807
868
949
1015
1034
1102
1167
1152
1223
1237
1269
1227
1240
1177
1145
1052
1073
922
841
774
646
575
444
298
186
111
69
23
5
0
7
20
57
123
240
409
539
644
738
888
983
1093
1168
1242
1366
1370
1456
1450
1473
1501
1534
1474
1494
1411
1286
1249
1097
943
804
594
427
248
144
61
24
4
16
40
78
189
374
536
655
751
909
973
1071
1124
1197
1243
1345
1318
1383
1320
1296
1238
1218
1187
1098
1073
967
881
829
764
661
602
487
429
314
205
112
76
25
13
0
0
8
38
97
236
444
556
680
839
974
1087
1186
1269
1350
1437
1488
1565
1576
1637
1672
1687
1691
1679
1664
1552
1589
1492
1405
1345
1260
1118
962
864
679
528
343
182
70
30
0
3
41
108
313
463
595
772
1000
1069
1186
1340
1412
1453
1594
1594
1670
1665
1748
1695
1706
1640
1623
1482
1432
1344
1242
1161
1046
982
851
741
629
490
307
215
105
60
31
12
2
16
39
90
191
313
506
627
705
855
944
1062
1188
1262
1348
1427
1498
1613
1615
1655
1683
1740
1711
1657
1598
1518
1368
1331
1207
1076
916
762
606
1002
170
76
18
0
0
24
105
261
453
696
771
929
1111
1287
1412
1541
1580
1697
1750
1824
1878
1927
1867
1868
1820
1787
1716
1683
1576
1488
1416
1310
1166
1121
993
878
732
559
351
251
130
47
15
1
15
58
160
381
517
675
791
939
1061
1177
1350
1418
1536
1636
1680
1796
1813
1874
1892
1933
1876
1832
1729
1749
1607
1550
1382
1223
989
833
649
463
259
142
69
9
1
4
46
148
328
532
674
794
965
1156
1253
1340
1433
1488
1578
1589
1624
1663
1618
1601
1539
1457
1358
1253
1126
961
876
816
692
589
482
356
225
137
72
47
51
17
19
58
114
220
376
533
657
753
853
961
1042
1135
1173
1290
1276
1404
1396
1419
1389
1392
1400
1389
1430
1339
1249
1211
1131
1037
941
777
665
520
423
282
156
64
8
0
0
0
14
60
115
260
381
501
574
687
850
942
986
1081
1127
1235
1260
1279
1287
1293
1262
1230
1212
1170
1107
1039
1006
929
879
783
760
669
571
502
381
264
185
87
40
14
4
4
37
90
206
339
515
670
829
982
1093
1276
1331
1444
1501
1606
1634
1699
1735
1780
1733
1656
1600
1515
1430
1362
1246
1081
883
765
602
458
292
181
96
39
3
0
1
25
94
227
412
568
716
873
1024
1199
1284
1374
1438
1532
1588
1612
1600
1601
1565
1590
1562
1527
1502
1495
1446
1268
1152
1069
989
892
800
658
513
400
256
147
61
21
1
7
38
114
324
561
716
842
1036
1202
1360
1509
1629
1740
1950
1970
2015
2050
2142
2071
2068
2021
1903
1866
1764
1651
1526
1209
999
867
677
507
343
194
123
98
117
150
248
346
455
552
773
869
966
1121
3230
1503
1537
1602
1674
1674
1694
1711
1689
1666
1640
1541
1532
1401
1334
1293
1165
1037
888
738
569
437
313
238
165
74
36
19
1
1
8
37
76
131
194
293
404
517
633
790
951
1042
1210
1340
1448
1546
1707
1702
1799
1771
1856
1805
1909
1846
1788
1778
1611
1560
1429
1225
1049
872
753
526
345
200
85
17
5
1
11
45
174
319
465
631
789
986
1140
1293
1500
1602
1598
1738
1678
1762
1684
1701
1694
1647
1601
1555
1433
1418
1332
1242
1160
1067
993
882
811
738
707
653
661
506
307
71
56
121
302
433
463
531
609
749
950
1089
1263
1371
1509
1718
1729
1818
1872
1941
2010
2026
1967
1867
1826
1692
1542
1430
1235
982
884
712
523
386
383
384
374
437
543
749
885
1023
1246
1412
1510
1614
1642
1738
1884
1943
1975
2005
1962
1892
1797
1702
1680
1620
1454
1364
1275
1161
1079
980
863
764
608
466
349
226
125
71
50
50
147
704
522
656
834
988
1168
1397
1594
1786
1875
1915
1978
2025
2029
2025
1992
1900
1771
1674
1469
1316
1090
937
779
573
413
271
116
17
9
12
63
152
322
550
740
896
1041
1199
1292
1417
1502
1594
1631
1676
1702
1638
1621
1583
1485
1383
1338
1284
1161
1103
960
856
737
633
525
416
345
242
206
281
213
134
96
139
303
486
642
720
807
929
1037
1194
1251
1345
1432
1480
1571
1601
1626
1620
1634
1626
1572
1533
1414
1371
1226
1068
898
750
628
408
264
115
44
14
22
55
160
436
631
821
1001
1058
1216
1281
1400
1415
1410
1443
1402
1441
1344
1337
1226
1156
1096
1063
974
846
779
662
568
493
415
358
305
262
241
189
151
107
72
54
24
10
2
0
0
0
2
22
4
8
13
2
0
0
0
0
0
0
0
0
0
1
0
0
0
0
0
0
0
0
0
0
0
0
0
0
0
0
0
0
2
10
1
0
0
0
0
0
10
11
0
14
4
1
1
0
0
4
9
14
19
40
46
69
98
114
138
147
136
120
75
39
16
4
0
1
1
0
0
0
0
0
0
0
6
0
8
0
0
1
0
0
0
0
0
0
0
0
0
0
0
0
0
0
0
0
0
0
0
0
6
16
0
9
3
0
0
0
0
0
0
0
0
0
0
0
0
0
0
0
0
0
0
0
0
0
0
0
1
0
0
0
0
0
0
4
2
1
1
0
0
3
1
1
1
11
27
61
89
158
301
474
572
724
892
1024
1139
1265
1356
1504
1534
1585
1627
1650
1626
1654
1536
1546
1472
1417
1288
1192
1064
899
781
635
447
367
249
127
44
19
1
0
0
7
28
111
263
392
482
621
707
864
957
1039
1128
1197
1230
1251
1266
1307
1244
1243
1214
1187
1175
1120
1109
1048
1040
866
830
697
661
546
458
341
268
195
137
69
35
5
1
16
31
62
128
265
410
514
634
792
908
1057
1126
1271
1330
1394
1437
1526
1504
1519
1565
1529
1535
1497
1450
1415
1369
1288
1204
1066
878
783
621
471
342
216
120
35
17
8
8
27
61
109
221
347
415
528
626
749
832
889
974
1052
1120
1148
1217
1215
1263
1267
1289
1306
1291
1292
1271
1246
1235
1191
1121
1085
1000
973
876
788
690
596
458
290
207
98
41
21
6
16
53
182
327
482
615
781
906
1049
1104
1269
1283
1426
1464
1534
1549
1608
1584
1627
1651
1602
1560
1535
1449
1368
1256
1122
966
755
609
403
280
155
67
14
2
5
29
60
205
357
468
521
677
1649
949
1144
1197
1303
1372
1424
1483
1541
1567
1538
1542
1510
1502
1418
1395
1350
1261
1260
1123
1003
967
835
799
729
629
505
398
290
159
66
27
1
7
37
103
280
403
546
660
775
912
994
1167
1213
1320
1367
1368
1396
1454
1430
1470
1462
1420
1352
1266
1216
1030
948
781
675
544
467
381
305
196
123
57
8
0
1
5
22
58
183
291
398
525
724
904
1043
1270
1396
1451
1536
1543
1545
1561
1494
1454
1401
1352
1266
1253
1148
1084
991
869
765
702
631
557
485
401
338
278
201
117
56
22
2
0
7
16
49
143
312
464
630
703
852
996
1088
1259
1225
1394
1425
1505
1532
1522
1538
1560
1508
1479
1399
1364
1240
1120
1019
1020
1059
1165
1169
954
715
451
269
122
83
204
398
667
834
934
1008
1266
1368
1582
1698
1803
1862
1692
1581
1491
1534
1716
1782
1580
1527
1383
1220
1080
965
965
930
803
685
591
540
441
361
234
90
16
18
96
214
361
562
698
858
1030
1225
1366
1528
1647
1783
1873
1935
2064
2093
2136
2151
2075
2161
2065
2084
2020
2045
2123
2095
2130
2048
1944
1806
1686
1562
1352
1107
887
747
546
381
241
117
57
44
120
246
440
605
837
1102
1293
1488
1671
1825
1895
1993
2107
2182
2232
2239
2222
2205
2178
2110
2005
1954
1834
1712
1532
1486
1242
1054
890
713
543
368
214
116
42
1
0
25
73
142
283
399
597
706
860
982
1162
1244
1375
1522
1522
1628
1679
1698
1743
1688
1753
1750
1776
1776
1599
1438
1300
1094
904
745
578
443
261
77
13
4
7
50
128
210
340
501
678
841
1026
1232
1367
1496
1603
1604
1696
1794
1790
1777
1787
1733
1683
1602
1610
1479
1428
1356
1245
1135
1016
981
882
749
634
459
342
256
174
138
77
40
16
37
72
125
245
433
588
734
939
1107
1262
1394
1509
1595
1719
1784
1813
1873
1789
1802
1781
1751
1688
1573
1457
1342
1141
1007
784
621
494
300
161
44
3
2
5
43
107
344
630
847
1134
1467
1614
1762
1846
1781
1846
1854
1850
1826
1789
1704
1643
1567
1490
1395
1272
1152
1104
968
863
781
663
536
410
254
155
44
16
0
14
56
138
320
519
621
751
908
1087
1285
1490
1697
1794
1905
1928
2006
1964
1952
1964
1894
1866
1799
1755
1632
1552
1419
1262
1087
887
723
480
302
177
63
23
0
18
44
139
278
451
615
783
897
1114
1266
1333
1445
1522
1653
1727
1729
1669
1621
1532
1487
1427
1435
1289
1232
1102
1090
1051
1089
1186
1445
1605
1700
1828
1751
1630
1482
1317
1068
850
692
644
733
857
998
1055
1110
1173
1247
1286
1335
1372
1533
1561
2768
1521
1501
1545
1523
1535
1529
1476
1502
1370
1311
1277
1189
1081
887
717
600
432
364
245
142
95
52
21
35
80
166
338
447
547
694
795
892
1010
1122
1177
1240
1269
1311
1315
1350
1353
1360
1406
1386
1379
1328
1263
1164
1129
949
919
803
715
644
528
428
328
266
184
73
29
24
20
46
71
144
310
457
556
684
818
938
1056
1223
1287
1392
1475
1615
1696
1770
1810
1824
1847
1847
1773
1742
1648
1534
1381
1259
1073
966
821
664
585
442
302
207
91
31
7
10
39
145
382
565
735
900
1016
1089
1086
1212
1281
1373
1498
1592
1707
1760
1817
1828
2859
2798
1605
1534
1442
1347
1302
1233
1138
1058
983
914
826
825
766
755
745
580
405
270
127
68
22
14
25
62
165
355
546
706
861
962
1110
1249
1417
1529
1650
1736
1857
1925
1984
1992
1990
1985
2019
1936
1878
1746
1654
1488
1399
1208
1136
999
864
742
571
387
220
118
21
4
2
17
114
290
481
652
856
1013
1124
1239
1245
1317
1378
1405
1424
1464
1489
1452
1465
1424
1456
1371
1393
1411
1378
1332
1329
1257
1276
1189
1089
999
910
814
701
652
557
409
307
245
191
130
75
101
202
276
385
552
805
955
1142
1422
1591
1766
1853
1845
1966
2019
1990
2103
2106
2169
2148
2092
2034
1986
1912
1861
1795
1700
1574
1425
1267
1165
1012
793
650
480
319
199
67
27
15
16
68
174
405
526
740
932
1036
1180
1254
1311
1381
1481
1517
1524
1530
1532
1486
1475
1425
1368
1298
1203
1149
1004
924
879
842
767
672
602
560
530
517
461
394
357
289
217
165
130
142
168
207
300
416
548
765
932
1001
1057
1082
1109
1106
1234
1381
1449
1581
1647
1747
1762
1786
1850
1880
1838
1772
1746
1614
1522
1431
1241
1101
930
753
556
430
254
83
22
1
8
52
160
374
508
671
848
999
1115
1200
1317
1377
1461
1521
1531
1557
1522
1534
1507
1492
1397
1314
1245
1144
1072
1021
930
858
821
716
612
521
372
256
202
151
109
73
39
13
31
32
17
50
110
211
337
485
638
756
913
1036
1134
1259
1361
1385
1469
1522
1543
1601
1617
1591
1592
1598
1570
1514
1363
1300
1195
1080
955
773
695
645
595
442
320
184
121
123
148
191
383
473
626
799
887
1012
1111
1210
1317
1341
1474
1530
1543
1566
1543
1509
1476
1429
1367
1290
1183
1185
1103
1062
940
914
791
672
567
512
416
368
292
310
251
166
110
80
53
45
70
180
334
472
538
687
881
1060
1123
1208
1276
1345
1386
1427
1461
1468
1504
1437
1460
1457
1443
1350
1280
1247
1160
1010
937
818
800
673
532
363
529
123
82
46
19
49
168
310
489
647
796
915
1076
1193
1327
1428
1563
1689
1703
1705
1734
1719
1747
1712
1792
1770
1608
1390
1298
1307
1208
1159
1100
1029
1015
864
821
762
615
504
399
301
118
44
20
19
69
200
411
637
841
1089
1280
1389
1573
1740
1810
1874
2019
2061
2098
2082
2107
2043
2080
2009
1948
1845
1730
1553
1430
1280
1037
823
591
337
122
44
1
0
29
153
295
456
572
688
778
893
1015
1100
1190
1227
1302
1348
1390
1409
1438
1391
1403
1334
1259
1245
1228
1156
1105
1015
955
868
866
801
669
613
541
516
494
436
354
218
176
159
146
111
60
2
17
47
128
318
503
637
756
930
1109
1275
1373
1550
1702
1819
1866
1948
2042
2090
2053
2075
1993
1869
1796
1635
1559
1369
1140
1007
772
651
496
337
221
93
46
12
3
15
64
154
334
507
633
835
935
1048
1154
1271
1350
1455
1512
1590
1600
1610
1579
1597
1501
1524
1473
1432
1321
1284
1211
1167
1062
1003
936
853
809
753
712
619
582
470
390
285
219
161
53
15
12
40
121
222
472
682
854
1091
1205
1436
1605
1792
1993
2163
2208
2326
2432
2494
2477
2536
2575
2543
2451
2372
2208
2039
1922
1775
1585
1296
1083
839
620
395
226
105
29
37
72
140
271
408
588
739
892
1067
1161
1349
1464
1588
1672
1693
1739
1732
1722
1757
1701
1656
1643
1566
1479
1440
1311
1375
1339
1185
1040
977
915
653
468
349
226
136
83
43
56
118
226
544
878
1073
1142
1269
1433
1495
1617
1777
1909
2026
2038
2045
2008
1914
1810
1820
1996
2068
2139
2045
2099
2051
2184
2031
1942
1920
1914
2119
2229
2361
2551
3107
3672
3842
3927
3486
3209
3116
3388
3649
3758
3711
3629
3546
3261
2859
2304
1947
1593
1865
1887
1734
1651
1580
1285
940
590
307
254
250
182
137
187
332
529
709
909
1027
1037
981
1003
1051
1136
1199
1253
1262
1309
1303
1240
1146
1082
879
743
544
354
171
80
16
9
45
187
372
564
723
875
982
1139
1225
1320
1375
1322
1437
1378
1342
1334
1208
1172
1079
988
880
776
692
546
408
271
136
58
35
21
63
113
212
294
391
424
432
412
397
431
401
366
389
292
269
257
191
161
140
107
53
26
13
6
3
6
8
27
41
45
66
84
108
122
152
172
172
226
256
260
269
303
292
239
183
121
60
23
7
18
39
91
232
395
552
756
904
1051
1172
1284
1436
1652
1710
1866
2002
2001
2025
2134
2022
1936
1829
1693
1604
1403
1222
1036
818
578
361
176
76
19
20
49
158
360
509
706
824
1049
1149
1289
1439
1542
1589
1671
1738
2787
1571
1506
1451
1424
1330
1253
1200
1098
1040
950
931
820
728
640
604
495
434
336
262
193
109
58
38
54
71
135
267
414
538
667
820
939
1018
1139
1218
1307
1352
1428
1436
1440
1481
1451
1397
1321
1202
1109
988
957
917
703
511
292
77
29
21
38
56
94
217
390
537
680
782
916
1026
1124
1216
1316
1343
1417
1402
1411
1472
1446
1443
1404
1387
1272
1191
1135
1053
966
886
806
672
571
451
368
334
280
197
178
116
119
114
137
157
208
297
396
584
729
882
1023
1198
1312
1450
1547
1638
1738
1767
1822
1832
1845
1847
1815
1776
1716
1676
1577
1439
1332
1176
1049
876
721
603
383
262
135
78
14
21
49
102
193
377
573
680
917
1005
1187
1322
1375
1461
1443
1454
1469
1447
1438
1430
1409
1383
1341
1284
1243
1199
1153
1078
1025
954
875
768
703
634
545
477
399
298
221
151
79
47
26
0
12
43
110
230
437
555
665
773
936
1005
1197
1301
1421
1506
1634
1725
1788
1884
1921
1997
2070
2098
2137
2078
2008
1923
1767
1657
1522
1282
1123
988
835
656
455
258
125
86
84
121
214
352
518
667
866
985
1151
1304
1404
1577
1697
1771
1923
2007
2150
2172
2154
2123
2025
1956
1818
1698
1479
1289
1101
962
827
734
663
562
461
373
317
281
198
97
65
77
81
147
298
428
512
580
687
837
983
1064
1114
1162
1244
1307
1389
1447
1564
1536
1478
1443
1440
1422
1397
1431
1403
1305
1186
1056
919
860
823
764
757
649
531
427
447
318
119
72
159
141
49
50
165
342
440
543
634
783
908
1097
1253
1280
1283
1327
1365
1344
1401
1490
1421
1424
1361
1331
1392
1369
1347
1233
1165
1093
1003
885
795
671
605
513
382
320
189
96
45
21
47
121
209
274
327
402
541
855
1125
1297
1355
1269
1251
1181
1041
1064
1174
1323
1474
1441
1457
1502
1548
1579
1457
1298
1178
1258
1296
1137
866
545
349
206
178
115
201
389
688
948
941
902
921
985
1127
1303
1525
1840
2141
2270
2251
2065
1913
1824
1761
1679
1581
1531
1461
1309
1155
1249
1347
1330
1273
1127
925
700
513
333
203
125
178
281
408
536
631
749
834
967
1101
1239
1393
1455
1589
1669
1751
1811
1754
2799
2719
1596
1519
1352
1135
964
781
602
465
263
164
92
30
17
41
105
238
371
510
647
785
954
1130
1244
1284
1246
1207
1194
1110
1115
1068
1088
1070
1000
930
859
852
833
799
699
634
497
401
356
291
190
117
53
28
32
59
98
226
350
478
620
791
913
1095
1234
1346
1383
1406
1274
1238
1258
1256
1282
1196
1184
1129
1106
1084
1070
1846
879
780
615
402
204
86
57
18
22
72
126
206
262
401
561
747
898
1062
1207
1276
1381
1451
1523
1623
1672
1685
1733
1697
1705
1552
1404
1364
1284
1284
1221
1210
1069
973
842
649
483
317
257
234
200
188
113
54
66
173
382
578
803
916
997
1059
1142
1318
1459
1632
1810
1967
2186
2183
2216
2149
2150
2221
2298
2207
2117
1982
1887
1626
1393
1101
932
726
511
285
92
46
83
157
273
455
648
993
1190
1413
1592
1774
1890
2031
2102
2206
2234
2217
2177
2102
1990
1959
1824
1769
1736
1609
1472
1326
1250
1147
1011
904
761
690
560
466
348
238
103
41
9
27
70
153
232
362
545
743
951
1119
1292
1342
1447
1588
1785
1927
2084
2154
2224
2257
2330
2428
2415
2414
2419
2265
2120
1997
1816
1707
1550
1340
1108
876
674
486
296
140
126
111
151
79
153
294
273
302
435
683
898
1110
1185
1250
1411
1679
1899
2093
2198
2047
2038
2102
2188
2244
2238
2098
1892
1719
1575
1527
1413
1236
1104
1073
871
753
634
451
424
335
222
126
112
169
193
301
399
707
1004
1132
1308
1474
1660
1746
1762
1750
1747
1807
1905
2032
2138
2243
2229
2283
2262
2111
2013
1989
1986
1953
1990
1906
1715
1556
1523
1659
1731
1939
2227
2378
2476
2524
2378
2380
2375
2300
2202
1846
1806
2122
2533
2916
3145
3222
3140
3022
2953
2956
2936
2848
2785
2700
2643
2550
2630
2630
2612
2486
2176
1922
1710
1507
1214
919
1032
1331
1322
1315
1168
1323
1504
1672
1807
1819
1782
1793
1840
1871
1862
1867
1784
1803
1742
1654
1608
1610
1694
1916
2187
2173
1801
1225
776
760
951
1367
1555
1747
2175
2378
2405
2449
2507
2428
2395
2449
2404
2253
1997
2023
2197
2237
2126
1784
1917
1645
1521
1514
1452
1323
1371
1682
1810
1781
1580
1138
725
472
452
427
478
448
264
490
669
825
1037
1068
885
993
1432
1739
1957
1992
2055
2054
1908
1667
1674
1718
1808
1899
1909
1773
1809
1942
2085
2129
2095
1945
1677
1465
1110
632
456
715
844
949
1040
1023
797
572
774
895
1130
1278
1471
1740
1861
2035
2021
2058
2036
2008
1926
1881
1776
1770
1825
1937
2058
1959
1790
1534
1301
1203
1004
858
633
363
262
172
133
127
138
245
326
375
487
664
773
1007
1051
1058
959
953
1111
1436
1639
1753
1802
1824
1803
1928
2015
2113
2194
2350
2644
2806
2839
2858
3035
3287
3515
3748
3764
3768
3422
3072
2790
2540
2262
1850
1338
1027
746
831
889
876
982
932
900
972
1069
1288
1450
1633
1648
1599
1430
1624
2110
2023
1530
1146
932
870
843
790
770
821
926
899
924
966
1143
1103
960
902
897
830
804
677
624
562
431
367
266
160
126
182
31
40
69
99
171
238
336
401
464
529
604
631
617
593
562
598
550
499
403
325
250
172
92
47
57
95
78
118
166
249
389
484
583
689
812
846
944
1013
1006
1064
1081
1076
1092
1058
982
987
955
920
862
795
724
663
502
346
272
137
53
2
6
34
127
225
384
573
688
745
882
929
968
988
1001
1031
1026
1066
1050
1105
1119
1088
1038
1000
987
924
854
706
637
507
413
332
223
184
120
59
59
86
83
84
116
191
205
231
238
301
314
358
406
454
497
542
584
625
684
670
708
675
706
691
660
632
597
575
487
493
430
357
353
336
230
163
113
53
25
7
4
5
21
69
107
161
279
331
419
486
553
629
722
792
924
982
1065
1150
1227
1253
1296
1331
1393
1414
1406
1417
1434
1391
1295
1207
1089
979
848
745
601
413
292
208
58
21
8
1
9
56
119
277
373
429
568
685
779
870
936
1007
1099
1148
1214
1197
1253
1185
1144
1178
1087
1089
1040
1046
969
935
882
867
801
755
731
648
579
535
385
261
193
107
50
19
0
0
6
53
97
187
248
403
488
555
659
789
831
897
1001
1015
1101
1047
1076
1020
1036
1025
994
986
935
858
777
731
625
515
459
328
224
142
68
19
4
18
39
78
142
250
386
465
574
667
779
875
919
1015
1080
1115
1096
1077
1066
1048
1025
936
959
881
822
812
707
637
622
546
431
315
231
136
84
43
34
26
7
46
84
122
213
284
410
476
563
624
692
807
865
897
987
1036
1057
1111
1101
1117
1091
1088
1058
1024
947
869
769
652
544
437
262
140
40
27
1
28
64
100
189
297
447
511
602
717
828
924
1017
1049
1080
1150
1135
1186
1146
1198
1168
1189
1108
1046
953
888
832
725
600
558
459
408
316
189
117
55
28
1
0
7
50
58
104
223
346
478
544
657
747
880
957
1011
1122
1172
1217
1285
1285
1285
1303
1277
1260
1231
1174
1133
1036
936
787
642
572
388
225
108
56
4
41
77
106
180
256
396
555
685
793
949
1102
1172
1302
1366
1449
1499
1517
1547
1519
1512
1421
1349
1251
1146
1004
921
825
692
610
468
303
194
116
72
14
0
0
26
38
129
298
454
578
707
861
1026
1186
1310
1474
1566
1607
1745
1736
1808
1818
1859
1831
1782
1786
1721
1613
1497
1355
1217
1011
837
683
518
318
196
63
51
65
111
210
345
489
587
706
830
936
1037
1094
1184
1232
1265
1321
1334
1346
1267
1298
1172
1168
1129
1071
1007
935
840
763
697
637
573
462
817
311
233
168
113
62
27
4
1
5
39
93
171
276
444
589
705
862
969
1137
1316
1345
1480
1586
1650
1690
1710
1788
1747
1746
1736
1675
1609
1508
1420
1263
1212
1037
900
759
675
589
468
395
304
249
219
171
167
183
202
291
366
478
552
652
758
925
1040
1189
1253
1296
1424
1476
1556
1681
1685
1693
1645
1636
1670
1530
1493
1396
1332
1157
1141
1081
999
944
821
789
704
629
521
446
373
280
184
141
88
55
22
11
0
4
15
62
135
289
475
663
839
1004
1180
1315
1457
1615
1775
1847
1956
1973
2009
2079
1987
2043
1965
1865
1732
1513
1379
1214
946
720
544
366
180
62
61
78
164
285
415
589
758
948
1071
1183
1391
1450
1516
1631
1652
1706
1711
1607
1591
1505
1380
1356
1238
1166
1073
994
933
916
884
750
678
497
399
278
219
151
139
134
136
164
187
260
371
507
614
694
819
971
1128
1266
1316
1491
1597
1653
1733
1781
1866
1870
1885
1831
1799
1704
1666
1497
1282
1071
924
721
551
379
240
111
23
5
5
20
79
192
324
434
588
736
831
955
1079
1192
1227
1356
1402
1461
1451
1483
1467
1436
1356
1299
1225
1115
1103
1007
2136
705
634
507
387
264
194
117
45
13
4
12
69
170
317
487
651
825
958
1160
1310
1485
1616
1747
1857
1969
1938
2006
2047
2061
2094
2121
2060
1927
1845
1784
1714
1654
1490
1333
1203
1030
862
659
531
300
177
112
101
163
287
479
667
888
1098
1273
1424
1526
1720
1777
1925
2019
2053
2173
2209
2219
2250
2231
2169
2056
1968
1835
1738
1656
1581
1474
1371
1312
1207
1013
889
798
703
558
489
390
261
186
82
33
25
43
123
265
415
555
683
866
1011
1313
1448
1558
1751
1914
1937
2036
2161
2275
2449
2443
2482
2523
2438
2460
2415
2315
2111
1987
1838
1644
1554
1265
1037
709
376
176
83
9
28
106
240
497
710
921
1110
1357
1522
1678
1852
1950
2051
2090
2083
2124
2055
1971
1903
1822
1719
1624
1538
1420
1330
1241
1110
946
812
660
491
359
260
238
227
226
198
176
226
325
495
629
765
890
1030
1221
1346
1436
1451
1530
1578
1675
1619
1591
1565
1459
1402
1306
1197
1085
902
763
609
457
258
106
19
7
7
46
90
158
267
386
555
686
862
948
1055
1144
1255
1336
1453
1432
1421
1501
1456
1423
1426
1403
1329
1264
1208
1147
995
930
789
707
560
402
312
235
128
65
21
3
6
21
78
171
323
475
640
736
895
996
1142
1236
1302
1367
1450
1437
1455
1395
1431
1363
1362
1287
1188
1054
940
810
679
527
390
239
101
26
6
1
11
52
133
229
840
460
608
637
736
789
886
903
971
963
986
1006
1025
996
933
952
902
888
815
762
650
614
496
407
341
213
153
101
21
1
7
1
7
36
96
214
406
510
578
672
808
906
965
1066
1116
1181
1215
1253
1274
1293
1326
1323
1308
1282
1311
1238
1213
1174
1060
940
861
735
642
536
416
287
167
69
29
11
11
21
48
132
257
367
490
568
708
811
872
986
995
1056
1115
1117
1149
1151
1168
1134
1093
1082
1064
976
918
874
831
758
722
638
540
462
350
258
170
96
57
23
8
1
1
20
55
118
252
402
495
585
669
760
914
964
1059
1169
1190
1284
1344
1353
1374
1350
1349
1296
1298
1253
1196
1140
1014
912
762
666
560
446
312
201
82
38
17
17
32
86
180
219
374
485
531
664
783
847
934
1016
1060
1104
1130
1150
1176
1215
1176
1194
1190
1176
1168
1140
1116
1062
1062
980
932
837
744
643
572
448
313
143
59
6
1
2
13
89
205
391
591
762
891
1024
1151
1277
1421
1504
1624
1711
1782
1833
1799
1795
1820
1841
1773
1737
1638
1520
1391
1269
1057
894
700
536
398
288
218
173
219
276
381
470
612
711
832
915
1049
1101
1203
1267
1251
1318
1323
1364
1291
1302
1232
1229
1199
1172
1135
1081
1020
977
892
857
808
753
677
606
547
457
435
390
340
317
270
223
195
216
214
250
301
377
476
584
704
832
945
1052
1097
1234
1280
1378
1366
1435
1439
1422
1411
1398
1372
1331
1291
1206
1147
1007
904
868
821
717
651
656
644
617
623
621
647
627
646
631
671
702
733
770
841
917
938
961
999
1041
1008
1044
990
989
970
955
965
933
925
915
830
822
740
718
662
677
595
541
530
470
446
411
372
320
248
229
192
201
221
303
392
501
629
770
929
1070
1172
1336
1361
1418
1464
1531
1551
1533
1497
1485
1477
1373
1279
1172
1019
964
855
734
660
590
479
416
363
330
329
331
347
405
463
530
621
675
728
784
869
931
1004
1050
1110
1170
1213
1210
1255
1228
1200
1217
1161
1119
1064
966
876
877
782
727
694
639
575
579
529
512
491
467
418
465
445
454
457
483
494
450
485
464
478
474
496
524
549
586
663
727
781
860
928
993
1065
1138
1144
1219
1255
1275
1289
1290
1227
1231
1195
1148
1079
1026
946
900
834
800
784
794
796
807
774
779
750
740
705
691
678
661
650
658
600
626
627
633
574
569
594
575
561
559
562
551
567
598
611
603
628
616
656
670
690
670
662
654
644
584
557
511
537
543
589
613
642
680
1330
790
852
868
902
924
930
1023
1097
1113
1204
1271
1319
1421
1413
1488
1494
1511
1523
1508
1506
1489
1452
1467
1421
1415
1374
1242
1148
1160
1021
1008
1017
1061
1117
1160
1156
1144
1163
1201
1262
1239
1311
1360
1343
1308
1266
1302
1173
1180
1120
1032
963
912
869
827
800
813
806
804
915
934
1070
1072
1030
949
869
846
893
846
811
804
750
682
690
670
669
630
611
574
590
558
516
470
454
459
522
579
624
748
885
1011
1161
1254
1415
1534
1607
1697
1798
1811
1864
1814
1838
1757
1715
1635
1553
1440
1390
1191
1029
955
827
828
758
708
664
605
652
812
937
1148
1262
1310
1294
1312
1317
1334
1278
1327
1385
1461
1496
1584
1679
1676
1696
1647
1652
1658
1646
1596
1522
1454
1363
1310
1255
1091
1049
891
769
646
495
373
273
197
111
61
13
21
46
136
254
371
547
659
823
953
1112
1275
1434
1485
1593
1670
1754
1852
1914
1969
1962
1931
1903
1882
1785
1725
1597
1484
1320
1114
893
688
464
311
183
74
36
37
91
160
301
405
522
681
766
942
1005
1152
1201
1252
1339
1356
1404
1354
1352
1322
1226
1222
1095
1023
962
845
806
715
606
498
443
318
258
169
124
59
33
25
25
47
48
91
114
152
205
300
345
439
533
624
730
836
875
953
1064
1140
1194
1298
1299
1372
1367
1419
1417
1468
1424
1456
1379
1363
1198
1137
955
832
710
531
428
312
235
205
175
179
202
216
272
365
397
452
510
528
595
664
680
785
853
882
926
997
1012
1101
1146
1248
1320
1407
1399
1337
1267
1177
1107
1147
1076
1035
1000
936
818
780
834
867
925
880
731
554
477
427
414
409
508
682
791
860
1094
1250
1418
1512
1739
1888
2095
2143
2176
2258
2243
2234
2210
2081
1966
1868
1672
1484
1315
1164
1064
900
772
640
629
611
653
680
720
720
768
773
799
893
918
995
1036
1100
1168
1254
1336
1345
1420
1402
1458
1466
1445
1399
1399
1321
1297
1271
1169
1098
1073
1011
891
902
765
747
689
616
505
429
355
278
199
154
81
43
13
13
27
85
177
293
456
545
697
841
980
1108
1260
1391
1466
1508
1580
1629
1656
1696
1725
1747
1752
1724
1731
1633
1522
1273
1217
1272
1253
1312
1280
1190
1032
836
553
227
78
81
195
334
488
540
655
758
891
1008
1156
1388
1516
1669
1784
1738
1793
1748
1685
1678
1617
1552
1444
1370
1233
1113
1050
924
871
772
669
629
600
549
403
213
173
136
162
257
225
204
248
385
502
611
759
879
1037
1160
1317
1466
1613
1758
1945
2034
2114
2115
2274
2305
2371
2408
2381
2217
2128
2147
2146
2065
1794
1632
2699
1330
1000
850
594
443
367
283
314
330
279
387
530
649
796
1007
1135
1353
1435
1487
1558
1626
1690
1751
1753
1844
1753
1783
1760
1787
2631
2449
1336
1257
1204
1153
1102
909
695
481
405
313
347
429
306
145
82
95
91
122
308
633
984
1401
1956
2871
3817
4554
4702
4845
4867
4542
4195
3772
3270
2801
2602
2458
2512
2566
2541
2530
2380
2173
2022
1741
1387
1109
1051
1037
1014
762
503
204
451
708
861
1045
1126
1292
1477
1773
2301
2903
3544
4088
4725
4920
5670
6676
6689
7336
6567
5626
4622
3736
2998
2352
1886
1440
1109
989
1155
1257
1237
898
682
881
1244
1294
1161
1063
1342
1577
1610
1630
1647
1770
2040
2285
2384
2299
2224
2315
2313
2284
2256
2265
2257
2160
2026
1846
1683
1426
1208
1035
948
721
581
508
403
308
405
552
656
761
658
812
956
1052
1054
994
994
1024
1143
1287
1480
1612
1673
1785
1813
1843
1800
1744
1657
1607
1469
1339
1230
1118
1046
900
811
702
540
479
327
247
190
156
152
122
116
111
165
238
326
383
447
552
616
689
798
830
1011
1092
1173
1251
1324
1402
1485
1512
1520
1552
1560
1535
1471
1390
1371
1321
1215
1084
929
762
644
498
309
246
146
89
112
145
224
327
473
543
695
837
940
1016
1115
1083
1155
1217
1298
1353
1354
1327
1303
1277
1244
1156
1125
1046
982
985
910
880
789
692
636
496
435
339
251
181
124
91
46
20
17
57
100
163
252
409
566
680
864
981
1044
1130
1237
1374
1503
1643
1724
1835
1975
2032
2009
2088
2131
2119
2104
2067
2034
2008
1930
1827
1794
1642
1581
1407
1296
1145
960
734
582
398
241
139
67
22
31
54
143
270
418
602
704
846
1021
1106
1254
1326
1436
1514
1622
1657
1683
1740
1763
1782
1847
1825
1859
1861
1856
1784
1668
1557
1458
1344
1246
1150
1119
1011
929
825
682
608
438
309
187
108
56
23
16
13
25
55
169
345
531
720
858
1004
1075
1256
1382
1507
1659
1822
1918
2110
2174
2173
2258
2284
2218
2115
2050
1973
1855
1731
1615
1481
1384
1216
1055
902
702
521
368
239
149
66
36
58
137
241
338
504
629
708
824
945
1026
1096
1149
1222
1269
1287
1278
1277
1318
1307
1276
1318
1223
1185
1130
1065
1010
942
882
875
773
709
646
584
498
422
324
238
180
117
57
31
22
4
9
42
89
128
235
355
457
581
669
761
812
961
1006
1073
1160
1195
1240
1256
1259
1235
1213
1134
1035
938
826
719
609
483
320
194
85
33
15
25
40
87
189
279
378
454
518
629
707
786
840
933
941
1043
1038
1135
1140
1174
1127
1094
1097
1078
982
944
1562
857
800
774
639
516
387
323
338
276
180
158
91
38
28
18
4
18
48
119
256
383
472
616
800
884
934
1011
1144
1318
1491
1522
1479
1509
1524
1685
1737
1754
1732
1700
1651
1640
1543
1434
1243
1064
877
759
622
449
286
188
102
83
75
94
159
245
345
453
574
698
841
964
1177
1368
1475
1571
1690
1841
2012
2196
2376
2421
2434
2352
2247
1919
1681
1486
1330
1382
1666
2052
2325
2353
2140
1966
1617
1109
573
485
412
493
564
588
856
1008
1328
1413
1423
1452
1698
1706
1647
1790
1860
1863
2070
2151
2248
2364
2226
2137
1953
2082
2451
2998
3202
2991
3094
3320
3333
3102
2738
2293
1983
1904
1881
1622
1403
1247
1280
1366
1205
1292
1471
1578
1612
1678
1752
2006
2115
1899
1968
1897
1771
1885
1883
1717
1529
1574
1495
1565
1493
1412
1169
971
1034
1212
1284
1322
2011
2946
3560
4125
4190
3982
3840
4090
4352
4573
4527
4544
4260
4074
3288
2731
2690
2957
2931
2850
2773
2520
2225
1836
1317
861
773
675
536
382
362
456
597
747
921
1049
1202
1339
1396
1491
1521
1536
1505
1528
1429
1440
1389
1313
1237
1170
1065
965
885
801
686
557
487
338
282
224
157
140
142
136
163
258
348
485
597
724
794
965
1022
1181
1247
1303
1382
1394
1417
1408
1466
1413
1334
1283
1153
1093
950
806
654
526
409
241
138
68
40
62
28
28
79
146
197
235
334
423
504
515
633
624
676
716
743
818
793
748
711
731
682
608
584
526
436
402
357
288
249
217
182
141
100
48
34
19
9
17
35
56
127
234
341
453
555
680
745
851
914
984
1053
1100
1210
1192
1248
1223
1218
1226
1168
1068
969
870
721
573
413
273
132
62
37
19
32
62
108
196
302
415
524
606
735
829
887
951
1010
1034
1008
1081
1015
987
973
924
874
841
776
773
765
678
628
566
566
462
375
320
278
233
198
178
114
71
57
69
90
112
110
149
162
263
382
436
507
630
710
778
869
955
1002
1149
1171
1256
1316
1315
1324
1314
1251
1220
1194
1102
994
913
761
642
548
389
281
173
115
68
50
65
80
153
258
326
428
555
620
702
837
910
1038
1118
1147
1166
1148
1135
1204
1109
1138
1066
980
927
855
768
762
651
554
512
394
336
241
169
130
68
16
1
1
18
39
100
209
320
406
580
692
718
884
979
1039
1127
1128
1193
1177
1228
1203
1219
1178
1165
1073
985
919
780
649
521
371
244
121
46
8
18
19
62
128
233
339
473
619
691
822
873
1006
1008
1106
1131
1198
1141
1129
1170
1074
1107
1025
971
943
864
1439
710
568
594
494
419
394
301
249
177
112
73
37
24
5
23
49
102
221
344
430
538
610
773
904
1039
1150
1216
1281
1376
1421
1493
1523
1582
1555
1588
1576
1590
1525
1462
1434
1323
1227
1180
1016
917
825
727
597
439
327
204
105
36
21
19
39
135
285
431
621
744
818
968
1016
1120
1206
1207
1258
1287
1298
1302
1407
1623
1640
1592
1583
1510
1452
1268
1106
1027
1034
1102
1090
1096
1045
1004
989
856
753
722
713
648
502
343
192
90
56
57
63
42
59
145
246
334
454
546
643
756
859
1001
1113
1222
1301
1380
1423
1507
1502
1559
1492
1518
1503
1379
1315
1210
1111
998
839
727
556
431
275
140
89
55
31
25
43
134
358
504
616
727
829
943
995
1115
1174
1223
1247
1275
1248
1272
1231
1203
1167
1113
1090
1016
972
925
838
795
729
643
561
504
429
360
292
200
128
87
45
31
29
23
44
85
162
259
399
501
593
690
831
901
991
1086
1209
1309
1370
1461
1509
1527
1514
1492
1526
1535
1460
1290
1245
1204
1103
924
748
639
539
423
315
221
107
46
22
53
105
187
298
437
540
645
789
893
1002
1109
1186
1189
1309
1292
1303
1326
1345
1327
1297
1253
1183
1132
1080
1014
1009
912
867
799
743
680
619
541
428
308
185
117
42
22
24
81
223
386
568
797
895
1124
1255
1417
1510
1613
1737
1792
1850
1887
1972
1967
1872
1800
1698
1574
1482
1279
1083
864
654
441
287
116
40
2
6
64
181
384
550
702
878
1012
1127
1211
1234
1396
1430
1429
1484
1449
1411
1421
1325
1279
1193
1139
1052
985
916
847
774
720
696
634
553
424
277
246
215
149
84
76
187
397
587
744
904
1012
1137
1306
1426
1584
2924
3019
1861
2008
2099
2101
1996
1878
1829
1795
1707
1564
1392
1223
1054
931
773
581
436
297
295
257
161
62
39
115
220
386
532
635
790
883
1009
1068
1108
1145
1169
1198
1248
1277
1272
1273
1194
1209
1217
1140
1105
1052
1094
1087
1039
953
809
730
618
459
378
315
230
171
120
93
73
39
8
24
43
63
93
156
284
422
534
642
843
1101
1165
1200
1250
1336
1476
1625
1770
1770
1705
1577
1564
1557
1548
1486
1389
1310
1224
1118
868
795
627
446
167
57
54
38
55
96
290
618
888
1007
1108
1071
1156
1332
1506
1549
1531
1505
1607
1622
1553
1513
1449
1503
1436
1423
1420
1417
1325
1195
1049
982
778
708
587
569
510
430
360
294
256
250
246
157
79
25
36
75
208
398
702
871
947
997
1078
1210
1338
1448
1546
1621
1656
1665
1657
1639
1513
1471
1359
1208
1997
902
637
480
386
313
263
194
124
98
144
260
394
513
667
894
1057
1167
1252
1290
1287
1357
1307
1343
1317
1367
1351
1319
1225
1158
1124
1066
1020
983
923
850
813
714
626
553
446
333
192
147
65
43
33
54
111
243
406
542
699
843
1041
1155
1307
1402
1471
1527
1551
1613
1612
1547
1557
1518
1450
1431
1369
1213
1137
940
814
675
531
413
238
121
49
24
44
100
193
354
509
678
833
960
1103
1195
1353
1414
1480
1519
1599
1573
1569
1540
1511
1412
1319
1308
1245
1179
1069
997
927
831
742
647
558
465
357
265
168
152
177
173
143
110
133
245
377
474
579
751
841
1008
1075
1186
1325
1368
1420
1540
1546
1538
1607
1602
1578
1617
1621
1583
1530
1373
1322
1240
1136
983
896
652
578
384
220
95
108
269
314
332
520
731
973
1612
2165
2532
2686
2685
2424
2148
1786
1613
1722
1739
1673
1564
1448
1402
1301
1258
1085
934
1015
948
745
665
700
752
792
660
383
178
250
407
551
468
337
251
218
448
678
927
1028
889
961
960
950
1049
1231
1430
1549
1804
2040
1952
1818
1801
1889
2178
2351
2311
1918
1751
1685
1426
1148
953
977
934
1015
1085
756
584
743
835
1145
1527
1711
2139
2019
1822
1672
1766
2083
2285
2359
2528
2463
2361
2279
2062
1837
1786
1763
1645
1462
1479
1737
2140
2187
1581
1030
671
423
365
334
338
322
292
288
399
599
865
1049
1131
1214
1376
1417
1541
1617
1706
1749
1807
1889
1940
1866
1842
1767
1666
1559
1521
1412
1255
964
766
611
391
179
35
12
53
180
348
553
713
924
1187
1359
1499
1632
1665
1810
1756
1766
1702
1661
1572
1595
1567
1628
1629
1671
1728
1661
1690
1626
1587
1508
1387
1241
940
768
626
508
430
520
573
602
893
1190
1260
1004
729
758
822
1027
1216
1333
1355
1380
1415
1547
1750
1887
1941
1955
1817
1755
1690
1656
1590
1456
1258
1136
953
765
622
487
333
236
130
101
161
257
483
615
765
974
1289
1532
1651
1729
1825
1788
1800
1797
1711
1677
1545
1382
1188
1045
975
843
749
667
622
510
436
355
270
202
186
151
96
71
52
30
90
127
226
298
359
486
654
903
1111
1378
1586
1740
1846
1875
1917
1909
1920
1969
1893
1810
1746
1626
1488
1325
1110
990
801
668
501
338
257
193
119
80
100
147
289
464
638
742
802
790
893
962
1133
1208
1301
1404
1402
1438
1437
1398
1330
1279
1263
1158
1124
988
943
819
763
626
520
412
331
248
155
115
83
45
28
16
33
84
132
245
375
499
665
805
936
1073
1155
1310
1374
1454
1502
1512
1571
1584
1615
1555
1552
1467
1368
2117
974
768
656
525
419
249
89
37
13
6
4
29
128
287
389
523
705
794
976
1048
1129
1178
1284
1279
1311
1325
1323
1278
1248
1239
1185
1196
1105
1091
996
921
850
698
623
544
440
379
251
156
70
16
0
0
16
49
130
242
418
508
611
734
830
923
1013
1084
1092
1191
1179
1211
1226
1251
1246
1243
1189
1167
1092
1062
952
906
840
710
666
516
424
298
194
91
28
8
3
0
15
50
154
294
395
490
583
711
770
889
922
945
1029
1079
1076
1087
1084
1053
1044
990
1011
982
961
863
823
741
655
582
503
472
374
320
253
184
123
47
16
4
0
0
22
46
95
210
314
416
540
630
773
879
990
1089
1199
1276
1343
1336
1372
1372
1463
1400
1391
1366
1291
1175
1135
989
874
750
635
496
383
247
129
90
36
12
16
26
34
78
183
292
397
485
569
656
779
818
912
984
996
1056
1097
1045
1079
1041
1017
978
890
908
810
810
709
661
574
529
454
380
281
185
99
48
21
5
9
12
40
93
165
271
383
496
581
696
786
859
930
1016
1050
1151
1177
1220
1244
1288
1258
1294
1326
1330
1290
1270
1164
1112
1036
934
830
676
567
433
308
159
54
15
5
6
22
68
217
347
506
632
746
860
974
1082
1180
1283
1311
1397
1430
1438
1470
1419
1379
1328
1258
1181
1102
1056
1001
890
810
722
619
577
521
443
374
283
219
153
124
99
78
73
52
52
64
89
139
211
304
426
541
661
793
891
948
1104
1223
1298
1379
1440
1481
1544
1532
1477
1495
1369
1294
1217
1074
926
808
610
517
419
321
241
172
148
124
147
201
307
427
534
660
746
908
983
1061
1114
1161
1242
1242
1304
1282
1293
1229
1201
1148
1100
1030
961
900
835
769
689
586
504
386
313
248
140
77
28
6
6
3
23
50
111
190
249
339
455
530
586
684
768
876
941
1011
1092
1102
1136
1152
1159
1225
1218
1201
1162
1133
1089
1002
923
825
691
607
469
341
240
178
135
102
94
111
118
198
315
412
505
557
617
666
678
712
717
743
752
774
759
770
735
752
721
706
697
681
653
607
584
551
498
448
399
360
267
225
181
146
100
90
88
86
81
80
68
58
75
76
88
129
175
233
321
394
515
612
708
803
899
957
1055
1165
1176
1230
1317
1325
1384
1389
1451
1364
1387
1311
1251
1174
1089
967
808
628
471
353
174
77
15
0
1
5
28
94
312
408
522
675
832
865
997
1008
1093
1105
1163
1135
1169
1131
1144
1052
1016
1018
985
947
974
935
1651
929
957
899
877
766
710
589
471
324
174
87
25
4
12
73
213
331
448
577
715
827
876
1022
1022
1161
1160
1150
1197
1211
1254
1218
1216
1225
1234
1217
1119
1005
856
778
623
517
393
266
170
83
49
27
26
69
135
271
390
558
704
791
885
925
1052
1007
1081
1084
1166
1124
1122
1104
1122
1064
1080
1027
1006
941
873
814
789
747
676
633
490
372
279
205
123
62
17
4
19
48
156
280
438
555
696
832
957
1054
1158
1216
1280
1305
1372
1382
1422
1429
1415
1397
1361
1234
1175
1070
945
787
638
476
337
241
158
106
97
210
321
490
653
747
971
1019
1160
1299
1349
1403
1442
1465
1457
1426
1442
1284
1227
2775
1045
962
890
839
796
763
739
660
529
387
236
181
115
80
48
36
38
63
143
307
409
526
687
781
974
1086
1244
1299
1357
1422
1547
1622
1728
1733
1679
1668
1666
1704
1686
1597
1469
1260
1132
1054
860
727
517
359
198
73
27
0
10
26
118
326
630
912
1142
1284
1380
1438
1474
1491
1473
1490
1384
1432
1323
1266
1273
1257
1173
1102
1012
928
874
768
706
598
527
433
359
280
180
81
24
4
1
25
67
174
291
489
603
732
892
1077
1188
1426
1606
1935
2106
2149
2092
2230
2345
2262
2184
2165
1977
1739
1736
1630
1554
1423
1226
1080
884
702
537
505
494
381
426
547
558
393
366
359
343
332
195
315
408
438
530
560
568
483
431
354
381
431
517
561
611
828
924
834
777
790
749
607
607
656
986
1133
1109
1113
1111
1081
1083
1011
933
755
837
951
1068
1042
921
833
684
551
430
262
60
86
178
235
267
309
424
597
715
840
980
1048
1073
1332
1591
1723
1777
1875
1842
1862
1951
1821
1911
2023
2057
2033
2025
1994
1965
1828
1698
1469
1174
1125
1109
1050
797
483
455
470
450
393
281
286
562
805
939
1131
1278
1448
1522
1625
1601
1846
2129
2409
2443
2380
2322
2444
2368
2235
2007
1890
1896
1930
1733
1609
1518
1373
1192
1093
976
808
718
577
471
368
269
180
95
33
67
107
149
195
273
424
544
719
815
935
1017
1043
1082
1212
1456
1551
1584
1504
1604
1673
1753
1765
1762
1761
1764
1636
1475
1325
1293
1303
1192
1118
1041
844
651
476
286
231
328
541
684
719
757
801
936
1177
1379
1506
1606
1638
1649
1600
1555
1544
1573
1463
1357
1301
1223
1101
907
817
938
1107
1152
1055
990
698
612
752
772
776
808
742
747
684
567
502
548
650
705
852
958
1074
1111
1537
2203
2547
2525
2225
1773
1545
1470
1481
1563
1574
1507
1375
1232
1180
1045
924
744
616
834
205
132
88
115
175
318
404
531
662
740
778
878
932
1007
1052
1127
1144
1218
1185
1201
1155
1090
1042
1053
993
929
835
790
727
658
583
467
444
356
256
140
60
23
0
0
1
21
75
174
315
460
559
646
784
910
997
1097
1194
1250
1295
1303
1314
1329
1336
1290
1256
1184
1115
1032
904
788
660
538
432
300
197
61
28
12
13
44
97
230
323
423
500
597
683
694
802
824
862
905
901
917
873
908
837
853
786
734
650
615
550
526
480
456
434
416
357
326
285
212
131
60
40
14
0
9
44
110
225
390
491
616
709
829
886
1004
1083
1162
1209
1246
1297
1306
1280
1287
1306
1291
1328
1259
1210
1075
958
794
611
461
288
127
63
72
119
208
328
446
545
696
762
861
929
975
1025
1032
1035
1027
1037
1059
944
998
959
924
843
817
745
736
661
622
549
472
423
316
257
210
130
81
48
29
10
2
13
37
98
198
294
395
513
616
671
837
946
1033
1129
1200
1245
1333
1284
1365
1337
1390
1330
1342
1248
1214
1088
977
856
778
634
570
407
338
188
82
24
20
13
20
48
67
121
236
365
461
556
697
747
786
859
944
1050
1101
1140
1194
1165
1154
1127
1089
1110
1098
1041
1053
953
892
815
730
654
541
454
337
224
132
76
28
13
52
117
190
235
330
492
559
704
826
930
1003
1078
1127
1171
1264
1291
1369
1396
1454
1395
1359
1369
1381
1388
1375
1283
1224
1154
1046
920
750
585
453
298
127
52
31
33
60
83
186
342
465
601
726
871
955
1085
1180
1290
1360
1474
1482
1479
1503
1534
1499
1471
1445
1386
1312
1247
1210
1151
1049
1003
930
884
801
770
685
583
490
404
335
261
153
70
29
9
25
118
222
362
499
648
763
964
1114
1263
1358
1455
1524
1592
1619
1649
1742
1753
1755
1722
1676
1579
1444
1297
1129
930
762
596
433
253
104
58
17
30
61
152
328
484
581
767
841
957
1068
1173
1244
1280
1307
1315
1284
1260
1225
1188
1173
1112
1064
1012
939
853
799
721
617
575
451
330
233
152
92
34
8
5
24
73
179
322
520
636
764
914
1017
1166
1243
1293
1387
1416
1483
1507
1570
1585
1567
1493
1405
1317
1187
968
800
599
445
269
78
29
8
5
38
115
296
476
594
769
893
1050
1135
1217
1328
1364
1413
1449
1520
1505
1469
1399
1308
1227
1120
1022
891
751
639
559
442
315
195
105
36
5
4
8
40
104
315
457
625
767
944
1096
1253
1395
1466
1567
1602
1604
1642
1652
1642
1640
1561
1479
1374
1259
1137
1013
1622
654
441
245
97
24
4
1
26
79
201
366
521
665
870
947
1103
1190
1304
1364
1449
1528
1539
1617
1611
1643
1617
1453
1454
1466
1391
1305
1231
1168
1019
970
860
787
695
577
390
310
198
115
59
11
3
26
69
170
338
467
568
696
842
977
1093
1216
1343
1414
1484
1468
1585
1623
1648
1661
1649
1612
1520
1419
1322
1150
997
844
692
492
324
127
54
4
4
4
62
217
408
556
714
828
941
1096
1172
1331
1374
1352
1327
1320
1254
1228
1166
1154
1106
1064
945
952
858
757
706
642
542
462
364
265
193
110
81
63
25
17
36
113
231
418
544
657
768
948
1037
1166
1270
1364
1424
1479
1562
1539
1609
1596
1578
1513
1468
1287
1213
1031
869
668
505
362
239
137
109
84
74
154
299
413
498
731
904
1016
1142
1273
1317
1379
1388
1400
1352
1382
1295
1261
1203
1177
1091
1060
979
881
812
738
632
542
481
405
307
206
125
82
31
25
35
74
197
349
475
659
792
910
1063
1192
1354
1450
1576
1658
1743
1781
1807
1850
1852
1799
1707
1567
1466
1311
1142
935
745
573
412
253
105
26
5
1
5
19
119
224
359
502
617
698
807
919
987
1061
1080
1135
1191
1188
1161
1199
1185
1146
1107
1110
1078
1018
1002
902
836
789
670
558
403
312
246
147
59
18
0
0
21
59
151
315
455
536
660
786
882
996
1144
1189
1270
1396
1414
1490
1577
1535
1623
1605
1567
1547
1438
1318
1229
1086
951
775
609
506
328
192
91
29
3
1
11
52
146
274
385
489
622
707
802
897
957
1077
1114
1186
1185
1219
1223
1170
1144
1173
1072
1037
977
922
847
745
623
546
439
328
272
208
117
78
29
21
34
39
52
94
213
431
660
744
766
791
972
1112
1246
1305
1399
1432
1616
1642
1681
1690
1721
1812
1763
1654
1565
1524
1509
1402
1210
968
832
711
564
342
178
239
224
79
105
279
432
531
618
767
962
1106
1269
1427
1525
1629
1627
1693
1758
1819
1742
1767
1768
1705
1603
1566
1489
1442
1367
1292
1184
946
804
669
493
375
224
107
40
14
0
19
56
99
202
281
461
519
633
748
855
994
1109
1274
1357
1459
1560
1636
1662
1781
1796
1795
1796
1778
1688
1631
1561
1420
1255
1129
930
780
563
434
240
100
129
14
63
161
275
405
571
702
844
1012
1164
1262
1353
1471
1568
1611
1659
1740
1689
1706
1678
1620
1583
1526
1441
1348
1227
1113
988
908
758
644
512
429
277
145
47
0
0
9
74
205
425
577
727
879
1007
1168
1287
1410
1449
1543
1535
1575
1575
1533
1571
1522
1452
1361
2066
1017
835
666
563
413
273
168
66
25
6
2
27
46
114
195
353
461
538
621
748
789
915
915
1036
1068
1110
1157
1169
1182
1168
1182
1148
1087
1069
978
946
947
842
807
748
666
604
538
442
340
201
118
54
23
7
3
32
96
230
435
543
679
790
942
1039
1192
1288
1424
1494
1537
1630
1696
1753
1762
1732
1600
1493
1353
1146
1009
845
711
567
446
319
195
122
77
64
39
67
86
148
228
288
394
509
583
651
753
708
805
831
839
883
884
861
848
876
861
809
800
795
699
673
616
590
545
481
466
417
405
339
292
226
159
92
54
21
1
0
0
39
72
148
244
377
526
627
760
925
998
1095
1179
1265
1352
1424
1486
1562
1634
1685
1693
1727
1631
1562
1446
1355
1231
1111
969
804
648
453
283
165
61
25
18
19
64
92
204
380
472
582
695
812
934
1094
1294
1427
1473
1430
1357
1388
1506
1568
1611
1670
1670
1679
1621
1388
1169
1070
1000
907
770
686
567
450
319
246
199
129
78
26
19
3
24
38
89
147
260
360
482
540
651
720
814
888
976
1050
1154
1237
1286
1379
1383
1399
1412
1428
1480
1439
1412
1358
1260
1146
1062
970
869
713
626
500
331
173
87
39
10
1
11
63
198
352
493
633
837
888
1023
1145
1262
1341
1461
1497
1530
1522
1511
1438
1450
1406
1376
1325
1269
1175
1086
1079
983
973
900
864
800
711
555
426
297
243
161
123
107
121
132
191
273
471
607
724
864
937
1108
1162
1322
1415
1560
1624
1638
1668
1699
1718
1631
1608
1566
1476
1302
1155
998
905
692
523
411
337
254
155
76
20
30
87
239
411
592
779
891
1075
1198
1344
1427
1433
1358
1276
1269
1229
1233
1223
1098
1106
1076
977
860
818
771
749
613
603
563
527
489
395
309
173
85
38
27
69
158
283
436
624
837
992
1151
1328
1366
1426
1434
1500
1510
1458
1455
1418
1341
1365
1311
1196
1099
943
791
655
533
412
260
190
173
168
178
186
217
298
441
566
686
768
878
995
1098
1133
1197
1216
1259
1263
1295
1265
1252
1221
1181
1145
1057
984
929
836
734
675
612
520
442
330
227
135
71
49
20
20
41
106
238
410
549
626
774
912
1039
1163
1234
1318
1407
1403
1506
1477
1472
1465
1448
1431
1362
1290
1203
1098
1000
820
753
601
472
357
249
143
72
23
6
16
23
70
166
326
433
538
597
694
830
920
964
1060
1069
1180
1172
1204
1230
1215
1216
1168
1155
1149
1070
1049
990
885
847
802
665
604
513
413
314
216
129
67
28
8
11
97
133
253
438
595
738
889
1020
1143
1252
1380
1399
1531
1614
1545
1565
1600
1530
1520
1576
1505
1390
1281
1235
1067
940
792
663
464
352
186
82
34
18
4
53
90
241
373
522
654
801
879
1002
1119
1230
1303
1368
1409
1384
1393
1411
1395
1378
1414
1356
1317
1296
1184
1121
1010
906
822
769
729
650
480
403
290
192
111
54
21
1
9
52
132
245
372
512
617
749
883
1027
1159
1316
1551
1869
2157
2275
2279
2298
2353
2434
2375
2262
2006
1808
1576
1461
1359
1262
1162
1046
1008
966
801
697
523
356
288
197
117
75
72
57
65
100
168
267
346
394
483
578
767
822
918
982
1011
1103
1102
1161
1223
1205
1197
1194
1181
1175
1184
1126
1042
1023
990
908
850
779
691
621
579
506
475
453
426
358
263
182
86
38
13
6
13
39
57
122
181
290
351
387
546
650
733
851
959
1034
1175
1252
1360
1361
1392
1339
1334
1349
1314
1244
1205
1084
1017
957
898
729
662
517
376
324
164
90
78
53
51
56
39
68
185
282
338
420
500
644
706
829
916
953
1043
1090
1188
1166
1211
1172
1225
1181
1250
1241
1238
1186
1180
1041
1026
974
880
828
722
624
506
422
321
248
129
49
33
25
30
38
91
153
299
433
517
646
709
853
901
1066
1097
1187
1295
1370
1388
1443
1480
1510
1482
1512
1503
1436
1435
1385
1275
1165
1032
893
769
587
498
414
314
234
178
107
90
89
93
128
187
286
358
448
551
634
699
770
860
969
1080
1146
1235
1241
1303
1324
1333
1314
1311
1273
1258
1202
1091
1098
1008
928
841
748
685
672
528
453
363
304
220
132
70
34
71
96
123
146
249
314
385
444
492
574
597
653
693
743
843
887
953
1018
1082
1134
1132
1211
1161
1229
1141
1146
1139
1081
993
940
833
707
608
590
456
418
352
300
251
215
163
217
211
224
232
311
382
424
507
572
653
770
780
829
909
960
955
972
951
928
901
853
843
790
781
756
776
765
726
707
711
649
650
624
602
604
526
531
513
540
609
606
531
383
263
157
87
60
87
186
381
596
685
814
967
1172
1357
1487
1554
1582
1600
1653
1608
1553
1508
1479
1500
1530
1399
1378
1252
1223
1070
941
798
661
539
422
327
231
154
104
97
133
187
235
242
293
407
496
486
577
650
672
771
813
876
950
926
937
963
917
918
884
839
865
788
851
862
840
826
766
716
657
666
568
487
416
354
268
199
129
77
27
18
6
18
40
102
230
327
414
557
729
862
976
1070
1205
1283
1382
2527
1500
1502
1514
1460
1405
1350
1312
1253
1151
1108
1006
861
735
644
475
388
264
195
115
94
102
145
219
259
336
445
454
548
594
709
780
855
967
1042
1094
1182
1189
1268
1296
1326
1278
1299
1297
1213
1200
1105
1052
949
832
784
662
569
485
419
346
302
239
167
109
67
26
11
13
2
25
50
91
214
334
430
513
631
750
815
1003
1032
1139
1204
1337
1373
1433
1466
1481
1447
1357
1349
1272
1199
1095
979
827
738
604
504
430
321
207
119
60
22
15
47
82
147
242
318
378
478
549
625
692
730
821
926
925
1016
991
1028
1025
948
1003
986
954
993
929
856
830
778
723
671
599
506
436
353
297
201
120
68
36
16
17
30
65
142
245
379
459
531
726
785
914
963
999
1110
1113
1182
1236
1231
1276
1243
1259
1178
1137
1086
1055
921
803
661
567
453
357
255
173
118
97
87
84
101
137
177
255
317
389
484
548
677
693
752
800
808
849
890
897
943
926
917
876
828
773
758
673
630
586
567
509
421
384
304
261
194
152
80
41
23
3
0
13
53
87
205
286
375
482
517
634
685
749
778
832
907
965
994
1069
1068
1067
1078
1077
1013
1048
998
858
814
1287
1080
399
280
202
138
68
44
22
20
19
19
67
190
297
383
442
534
658
715
833
902
958
1069
1078
1086
1070
1069
1016
1076
993
998
923
893
824
819
778
716
663
550
487
403
321
238
177
83
40
16
6
20
79
226
327
574
1038
1608
1843
1916
1920
1914
1825
1562
1737
1981
2097
2213
2402
2549
2564
2509
2408
2258
1984
1769
1500
1231
1003
806
635
637
584
575
507
394
333
350
346
376
464
582
673
810
906
1020
1088
1163
1248
1243
1333
1351
1433
1418
1416
1417
1391
1343
1303
1248
1212
1226
1115
984
887
799
738
663
615
542
466
435
348
313
256
158
105
68
53
48
71
121
214
373
523
676
824
962
1103
1240
1360
1529
1589
1706
1762
1835
1820
1809
1734
1707
1605
1544
1392
1251
1090
937
735
622
469
331
218
99
41
1
1
8
11
33
109
245
344
419
507
639
739
817
885
1030
1096
1092
1139
1154
1139
1171
1102
1081
1014
921
895
753
697
626
561
471
388
323
268
219
141
75
46
24
18
15
9
23
55
89
163
279
384
439
545
654
793
845
921
962
1015
1040
1006
1033
952
898
814
702
560
511
353
234
149
58
44
53
78
125
195
231
306
420
464
567
680
741
761
814
864
918
948
928
945
942
886
943
914
894
865
808
788
1305
706
623
571
555
457
390
328
219
177
131
120
168
270
339
415
515
597
834
1038
1172
1276
1328
1381
1411
1488
1573
1612
1679
1754
1735
1740
1658
1637
1569
1483
1330
1236
1046
873
704
528
409
278
198
136
69
58
98
174
267
399
519
621
758
850
971
1022
1095
1182
1194
1210
1231
1239
1204
1265
1222
1200
1221
1156
1105
1093
1057
953
853
787
677
610
484
409
325
195
90
29
5
29
72
209
320
514
597
726
852
992
1103
1195
1235
1291
1390
1425
1451
1454
1424
1305
1193
1107
978
931
824
734
623
542
439
372
221
120
71
74
94
134
230
354
459
570
693
813
937
1108
1232
1233
1278
1282
1274
1277
1269
1286
1245
1277
1217
1115
1182
1052
957
936
815
712
624
546
497
479
498
518
542
374
365
429
482
481
426
446
422
415
378
414
441
542
625
764
888
1022
1104
1214
1307
1414
1488
1518
1573
1525
1504
1421
1353
1327
1189
1101
955
835
640
553
476
395
320
289
244
224
248
282
384
487
528
710
771
883
975
1090
1168
1234
1226
1285
1395
1360
1307
1312
1273
1212
1131
1084
1046
1017
922
835
776
711
574
461
361
278
218
127
51
28
34
22
81
96
199
335
420
448
557
630
714
745
789
790
768
796
784
749
659
577
484
446
365
243
143
109
79
40
21
9
22
56
161
254
311
453
495
558
598
612
669
660
637
666
636
543
534
492
437
399
382
324
292
281
248
190
145
71
63
23
18
9
37
48
97
175
240
457
523
577
695
826
899
973
1079
1202
1273
1364
1474
1484
1502
1492
1548
1566
1562
1548
1425
1356
1148
1022
986
910
874
749
563
332
161
85
107
128
179
270
410
593
700
813
895
935
1043
1175
1250
1223
1259
1243
1211
1140
1085
1040
961
847
788
762
694
611
543
437
370
286
202
136
71
21
7
1
22
58
109
182
237
365
470
619
685
782
932
1033
1088
1222
1282
1273
1286
1446
1496
1504
1480
1408
1290
1254
1113
1052
914
844
723
564
413
262
204
153
127
120
122
164
244
268
318
415
471
513
598
729
829
950
1066
1124
1291
1240
1165
1074
1090
1219
1256
1244
1296
1364
1295
1124
894
800
787
882
778
675
585
512
399
298
334
344
201
103
73
87
133
209
297
443
590
740
823
1021
1127
1276
1315
1488
1564
1584
1595
1556
1628
1582
1541
1471
1327
1203
1049
884
705
600
421
299
172
97
32
5
0
6
28
83
163
290
347
449
523
617
716
806
856
864
931
971
997
1053
1086
1091
1018
955
933
900
799
782
1256
524
462
425
403
346
264
143
100
47
21
8
0
34
99
229
361
549
715
870
1031
1166
1332
1500
1608
1724
1758
1826
1868
1802
1719
1628
1560
1361
1247
1068
877
802
610
483
376
282
295
418
476
448
393
348
380
420
475
540
570
659
795
842
890
933
996
1060
1094
1058
1056
1059
1007
1027
981
890
781
733
655
730
748
660
550
458
415
339
241
197
191
174
175
213
215
222
272
405
429
393
461
553
626
718
813
860
917
987
1021
1067
1131
1176
1225
1225
1195
1096
1105
1115
1069
1076
1069
1010
996
877
763
606
463
458
441
376
312
319
336
420
256
248
187
225
336
466
566
689
788
909
966
1032
1071
1143
1166
1185
1240
1223
1160
1118
1053
1054
1149
1147
1156
1080
994
918
921
946
987
985
917
825
790
753
717
654
583
454
328
158
181
194
158
158
284
403
529
676
832
1000
1123
1271
1376
1424
1563
1640
1683
1799
1805
1805
1757
1663
1663
1747
1751
1699
1592
1538
1507
1305
1157
833
614
375
172
43
14
8
82
170
310
438
636
843
1076
1275
1367
1463
1587
1682
1788
1812
1761
1731
1754
1766
1716
1617
1568
1543
1503
1470
1399
1417
1329
1304
1172
1040
947
816
704
571
424
267
151
72
38
92
158
291
402
502
667
877
1037
1180
1303
1474
1578
1665
1714
1764
1859
1890
2024
1946
1963
1850
1813
1729
1645
1595
1459
1329
1162
1024
874
706
421
229
118
33
10
17
81
121
250
381
480
689
754
898
992
1110
1177
1294
1325
1399
1406
1405
1403
1370
1371
1375
1340
1349
1252
1182
1178
1090
1049
991
997
968
952
888
818
727
605
511
380
249
131
41
7
26
82
186
328
528
703
807
965
1104
1171
1276
1328
1396
1422
1459
1461
1502
1527
1533
1502
1450
1375
1281
1238
1140
996
908
785
635
503
385
271
138
78
14
6
5
3
11
37
140
257
381
464
549
661
682
785
850
884
977
979
1024
1033
1109
1111
1102
1104
1123
1180
1246
1160
995
917
936
945
879
826
761
650
771
794
622
295
196
123
105
119
94
22
30
68
159
287
379
477
584
714
794
918
1010
1107
1210
1268
1355
1384
1405
1425
1463
1478
1472
1476
1446
1354
1342
1294
1260
1353
1341
1236
948
563
583
791
1017
1189
1119
909
620
346
357
651
1031
1244
1442
1564
1572
1475
1394
1288
1361
1554
1737
1751
1734
1731
1677
1559
1413
1344
1347
1392
1276
1143
974
810
692
568
518
449
348
254
161
110
47
4
25
100
287
594
1081
1581
1808
1580
1859
2851
3289
3407
3388
3260
3244
3117
2898
2780
2578
2431
2344
2225
2129
3483
1923
1769
1636
1454
1167
1044
902
804
691
521
371
255
131
168
304
434
489
526
562
717
819
877
967
1178
1403
1587
1577
1570
1584
1621
1656
1721
1707
1727
1767
1752
1755
1702
1640
1622
1551
1532
1551
1529
1416
2223
580
655
923
1284
1605
1939
2153
2063
2240
2406
2527
2717
2817
2902
2907
2936
2802
2814
2895
2937
2990
2826
2710
2590
2346
2206
2126
2183
2147
2095
2047
2246
2130
1946
1804
1675
1170
512
290
273
529
914
1191
1281
1279
1396
1624
1897
2087
2327
2502
2475
2365
2314
2183
2202
2204
2151
2020
2000
1993
1869
1700
1562
1429
1436
1581
1603
1305
815
526
635
894
1022
866
554
254
92
249
631
1006
1223
1278
1325
1383
1411
1399
1289
1367
1493
1531
1597
1594
1385
1240
1133
1062
893
693
497
249
138
89
66
48
68
151
299
432
600
689
812
868
994
1063
1143
1208
1215
1070
955
904
866
876
833
756
723
738
727
767
698
566
440
314
242
143
64
18
7
7
21
49
157
293
429
571
687
838
978
1078
1178
1281
1252
1248
1420
1585
1609
1631
1651
1642
1585
1611
1609
1582
1425
1186
1056
827
629
606
651
512
317
109
88
122
188
218
383
513
580
732
781
953
1159
1315
1374
1309
1310
1344
1543
1708
1744
1677
1627
1461
1198
1025
1052
1092
1033
909
757
585
438
311
221
264
307
341
315
229
115
78
85
243
419
530
697
831
923
978
1051
1160
1239
1336
1392
1434
1495
1597
1681
1695
1772
1752
1744
1656
1529
1441
1262
1094
971
719
572
407
251
158
71
24
0
4
28
126
265
402
615
722
876
951
1065
1146
1201
1264
1344
1383
1500
1682
1708
1639
1534
1364
1192
989
732
594
524
377
231
126
57
42
47
45
120
236
375
481
676
781
919
1037
1125
1209
1302
1321
1343
1436
1482
1446
1389
1315
1247
1084
978
780
644
509
318
192
78
29
1
4
38
114
252
509
760
892
1098
1311
1438
1493
1577
1538
1660
1709
1758
1890
1746
1610
1511
1407
1402
1323
1307
1341
1369
1456
1394
1395
1296
1233
1235
1043
887
652
446
398
349
239
186
201
363
419
454
554
784
941
1061
1166
1424
1601
1659
1727
1859
2000
2066
2089
2092
2087
1917
1844
1721
1668
1564
1368
1150
900
571
303
191
289
463
533
542
528
546
595
710
818
928
1011
1106
1187
1302
1314
1370
1398
1412
1406
1427
1472
1456
1374
1372
1266
1119
1024
921
827
807
756
715
691
621
493
415
325
257
230
218
188
258
380
532
721
832
1110
1252
1428
1606
1775
1960
2046
2067
1964
1923
1834
1788
1759
1701
1652
1550
1276
1152
1121
1172
1128
1047
988
752
448
468
381
913
547
658
835
1100
1303
1408
1560
1587
1595
1646
1575
1582
1579
1599
1524
1404
1269
1203
1116
1036
937
841
732
695
705
660
541
420
334
185
89
48
61
41
85
204
369
502
694
862
1070
1240
1376
1521
1611
1654
1690
1755
1779
1743
1706
1633
1469
1322
1172
1074
910
759
569
392
232
162
124
104
106
100
152
263
426
539
677
848
998
1098
1200
1257
1300
1366
1411
1430
1564
1640
1720
1665
1638
1536
1425
1360
1219
1105
1015
830
691
510
401
250
85
27
0
11
34
92
199
364
547
672
786
1003
1085
1169
1262
1319
1352
1426
1433
1474
1464
1565
1575
1630
1598
1537
1414
1229
1085
823
641
474
392
403
546
830
819
623
329
227
278
346
399
699
1078
1235
1048
809
865
1198
1427
1539
1553
1381
1306
1287
1229
1224
1252
1103
965
843
743
647
696
910
1092
1143
1045
873
661
346
55
248
518
625
714
751
761
804
1018
1122
1279
1370
1396
1469
1471
1406
1354
1394
1351
1296
1247
1121
1088
985
919
789
686
547
442
306
165
68
16
3
17
83
275
415
578
721
904
973
1116
1214
1319
1411
1488
1547
1587
1615
1622
1658
1617
1603
1619
1584
1429
1396
1375
1297
1163
1094
1024
904
793
560
509
540
373
121
54
73
133
292
479
612
730
892
1045
1279
1467
1685
1795
1923
2025
2084
2089
2051
1976
1943
1898
1740
1635
1463
1156
860
704
581
495
365
218
119
52
33
68
201
317
447
539
665
810
869
1008
1064
1082
1135
1165
1129
1162
1156
1172
1107
1077
1002
1015
972
892
860
750
652
541
395
270
183
104
34
5
6
28
84
172
297
462
619
805
972
1123
1201
1327
1377
1400
1450
1473
1429
1413
1458
1384
1308
1167
1008
801
603
408
309
264
249
280
331
387
453
496
548
619
588
664
831
978
1070
1197
1261
1172
1097
1076
1122
1079
1122
1113
1081
1059
966
936
882
826
761
686
608
498
419
345
199
91
30
9
11
35
101
244
356
438
466
450
466
385
324
284
241
183
93
49
21
6
1
0
3
4
18
54
93
122
140
117
144
133
125
124
105
83
52
35
44
71
70
46
45
47
88
171
212
263
368
539
683
687
749
817
894
966
1038
1101
1110
1155
1207
1227
1201
1181
1145
1077
971
897
750
601
460
299
152
49
10
17
52
76
151
322
407
557
757
1021
1232
1392
1377
1361
1375
1360
1253
1232
1175
1180
1251
1226
1179
1159
1168
1196
1124
996
817
721
615
641
653
558
477
439
335
286
228
206
273
490
647
779
902
1050
1213
1372
1414
1453
1546
1629
1741
1793
1769
1687
2994
1916
1953
1936
1798
1576
1344
1167
1023
959
819
645
348
199
102
49
93
221
358
471
646
981
1473
1748
2073
2167
2259
2383
2307
2161
2157
2051
1810
1720
1661
1558
1502
1311
1490
1638
1412
1147
1024
920
783
694
459
258
185
157
163
122
172
303
446
623
844
1045
1115
1300
1429
1633
1762
1862
2020
2047
2152
2135
2064
2087
2090
2073
1925
1771
1560
1436
1348
1203
1000
689
548
358
157
39
17
43
49
148
393
599
787
1104
1287
1439
1669
1763
1938
2061
2055
2045
1995
2128
2171
2180
2051
1857
1711
1632
1392
1259
992
736
567
477
358
210
125
159
339
557
785
1084
1311
1495
1724
1934
2067
2188
2206
2200
2230
2097
1937
1759
1600
1427
1165
937
607
326
122
49
63
100
273
540
726
958
1283
1505
1477
1573
1811
2085
2314
2355
2319
2193
2111
2015
1826
1709
1571
1378
1238
1023
857
776
639
512
391
266
164
108
85
125
272
463
659
897
1046
1276
1450
1602
1782
1883
1990
2048
2091
2095
2140
2117
2021
1976
1875
1706
1469
1253
1039
768
492
253
119
30
28
88
274
488
703
894
1104
1379
1515
1680
1770
1851
1917
1928
1950
1947
1882
1784
1706
1632
1451
1356
1223
1124
981
912
819
722
597
530
424
301
216
166
147
160
178
181
237
338
440
600
716
831
969
1122
1237
1360
1476
1550
1656
1670
1701
1753
1774
1740
1755
1653
1548
1389
1278
1082
854
633
449
239
85
10
3
27
119
200
433
604
785
1015
1162
1291
1473
1561
1633
1712
1719
1768
1755
1688
1692
1593
1473
1378
1284
1160
1107
968
877
708
634
475
303
190
92
28
5
4
48
155
355
587
768
910
1120
1281
1447
1637
1800
1929
2058
2090
2178
2233
2326
2268
2233
2161
2144
2006
1844
1683
1455
1198
938
678
505
275
137
153
235
392
563
769
950
1159
1353
1489
1722
4347
2062
2140
2167
2129
2033
1966
1887
1827
1809
1684
1573
1502
1372
1244
1104
927
815
625
492
311
133
63
7
42
109
249
525
655
837
1098
1286
1523
1684
1899
2055
2232
2278
2380
2473
2446
2395
2345
2203
2043
1903
1709
1514
1343
1177
993
764
495
314
218
256
262
255
157
213
438
638
862
1074
1365
1480
1615
1608
1697
1781
1800
1784
1741
1761
1717
1697
1622
1554
1496
1402
1291
1237
1145
1077
1009
902
739
569
461
363
202
103
50
53
125
222
442
683
788
936
1045
1146
1258
1384
1484
1703
1879
1948
1958
1981
1960
2023
2050
2000
2023
1956
1866
1730
1552
1299
1160
952
869
744
487
284
96
42
24
53
85
214
403
622
828
1006
1214
1316
1457
1547
1688
1729
1816
1787
1768
1727
1783
1647
1526
1463
1342
2059
1054
921
825
692
609
464
316
189
106
30
1
4
32
93
213
345
496
650
774
906
1079
1181
1289
1399
1413
1474
1535
1523
1520
1548
1457
1411
1335
1217
1080
941
730
570
405
210
91
16
3
0
21
62
196
393
531
643
754
887
1024
1106
1173
1266
1294
1302
1309
1320
1312
1246
1269
1251
1187
1109
1094
966
907
824
742
643
513
393
279
169
72
16
5
33
86
223
409
573
706
899
1029
1185
1294
1395
1538
1542
1592
1634
1604
1632
1573
1547
1415
1335
1161
1045
895
720
580
419
287
172
100
72
70
65
77
96
125
213
313
408
430
531
594
709
740
824
889
920
936
959
981
960
998
930
971
888
856
843
787
725
644
580
528
422
366
251
178
134
88
43
12
11
32
69
159
286
435
531
667
726
899
1003
1128
1228
1292
1359
1351
1393
1365
1342
1331
1272
1245
1158
1104
985
914
822
664
604
507
366
263
224
180
168
155
161
174
191
268
339
449
567
617
672
767
831
943
923
1014
1005
1068
1073
1084
1073
1131
1095
1096
1093
1045
1030
993
957
895
840
741
644
568
494
383
283
187
109
49
26
10
27
78
178
312
458
608
728
846
1035
1161
1268
1331
1398
1473
1524
1545
1567
1611
1545
1417
1377
1289
1131
974
801
624
459
293
137
49
11
0
0
17
56
128
246
372
503
653
694
810
944
1015
1061
1129
1089
1169
1149
1207
1183
1177
1161
1078
1015
973
929
836
738
700
580
487
445
322
240
167
74
29
1
1
25
83
170
345
502
636
791
963
1028
1193
1313
1364
1466
1520
1533
1535
1551
1526
1494
1413
1407
1326
1203
1082
953
798
656
596
415
336
239
178
194
208
254
342
419
512
597
722
775
815
883
932
959
1004
997
1024
1012
1040
980
1021
1011
972
918
889
846
816
784
762
698
664
626
585
563
532
487
436
371
328
252
249
210
264
332
402
498
585
682
801
982
1054
1189
1247
1409
1452
1481
1497
1529
1521
1511
1465
1383
1294
1163
1006
876
806
670
616
543
453
367
268
237
215
264
317
438
532
598
660
768
843
884
904
998
1031
1022
1045
1008
1003
997
1024
1024
1017
965
1002
904
893
882
827
788
725
661
562
517
459
364
287
214
162
123
68
46
81
150
281
410
551
710
824
972
1045
1226
1283
1382
1435
1446
1432
1397
1393
1375
1310
1288
1177
1114
945
872
707
595
476
336
195
102
23
17
45
85
152
227
333
491
610
719
847
936
1007
1029
1101
1158
1194
1210
1212
1257
1241
1245
1155
1149
1064
1005
944
881
804
1438
643
523
374
279
179
72
29
10
38
112
254
422
599
795
927
1153
1307
1454
1661
1768
1940
1989
1978
2073
2114
2118
2141
2140
2107
1968
1874
1696
1622
1439
1287
1151
1006
805
641
509
288
140
39
18
27
54
119
285
515
712
929
1119
1313
1427
1583
1726
1805
1846
1876
2008
2056
2031
1957
1845
1719
1677
1557
1468
1333
1284
1144
1118
1116
1106
1036
1004
943
832
495
239
139
128
190
208
225
347
459
570
705
818
934
1049
1162
1308
1447
1588
1730
1866
1992
2089
2037
2125
2270
2365
2377
2423
2369
2456
2644
2830
2946
2906
2711
2602
2407
2198
1853
1362
849
684
460
337
264
208
192
183
194
264
337
472
637
754
837
1001
1197
1345
1553
1738
1953
1975
2056
2154
2182
2210
2234
2266
2230
2181
2034
1909
1700
1574
1463
1343
1232
1098
968
897
785
730
665
511
457
526
580
770
824
767
861
886
879
945
1083
1067
1156
1234
1379
1561
1693
1759
1787
1862
1905
1926
1888
1796
1757
1570
1445
1244
1120
889
675
506
418
336
331
381
472
569
632
716
781
896
967
1015
1097
1161
1191
1221
1262
1304
1359
1373
1334
1322
1345
1285
1242
1272
1216
1185
1142
1085
976
870
790
687
622
478
403
321
186
107
77
42
25
144
308
452
492
564
709
951
1236
1424
1734
1995
2089
2209
2318
2434
2525
2510
2618
2735
2739
2648
2624
2484
2151
1794
1510
1378
1381
1338
1256
1151
1042
930
891
883
848
894
981
1028
1010
1074
1129
1062
1230
1373
1622
1773
1988
2103
2169
2231
2244
2333
2471
2486
2604
2808
2920
3020
3127
3142
3175
3237
3072
2915
2666
2248
2092
1965
2024
2048
2081
1986
1730
1420
1197
1116
1158
1276
1413
1534
1581
1623
1575
1389
1430
1489
1506
1483
1443
1385
1279
1217
1096
927
857
631
503
387
258
146
105
70
57
75
91
150
211
260
305
378
495
540
588
650
671
723
745
810
864
843
871
901
904
905
910
831
861
777
760
694
670
632
590
607
517
462
378
249
169
93
63
39
9
8
32
72
132
247
317
395
490
617
690
834
958
1064
1172
1219
1199
1269
1343
1418
1484
1652
1690
1626
1527
1455
1377
1296
1197
1084
944
852
684
508
308
171
132
82
68
116
118
136
217
302
443
550
627
792
856
917
953
986
1049
1080
1118
1121
1164
1198
1235
1202
1193
1182
1065
1024
983
949
858
811
757
726
648
586
528
461
357
220
156
78
58
47
13
22
53
143
213
337
455
569
667
761
842
935
962
1039
1104
1091
1136
1101
1119
1011
1019
909
829
752
632
514
383
236
132
72
23
5
0
3
19
47
87
176
268
826
442
512
565
580
632
644
679
699
741
744
731
715
713
672
656
605
545
507
418
365
307
224
181
143
104
75
69
38
39
24
2
11
27
48
105
172
287
384
450
563
657
713
760
842
864
929
958
965
993
989
1023
1016
1002
999
973
940
865
799
760
689
556
506
400
279
201
104
63
21
23
30
65
110
157
238
345
452
552
660
752
819
904
971
1017
1124
1095
1152
1177
1153
1154
1140
1102
1026
1001
919
927
836
768
735
688
606
538
466
355
249
180
122
71
41
23
13
28
52
125
248
423
524
656
706
853
933
1043
1182
1223
1293
1338
1351
1333
1316
1317
1284
1268
1176
1156
1054
880
842
685
614
532
371
222
100
34
9
10
36
62
124
275
398
482
1330
1455
850
987
1004
1071
1088
1077
1134
1097
1088
1056
1035
1000
974
869
850
775
716
681
593
570
524
396
318
218
129
89
43
1
5
8
8
31
62
108
237
343
445
566
620
674
721
846
925
980
1021
1121
1151
1137
1196
1180
1188
1139
1175
1063
967
889
841
666
530
433
268
118
44
19
13
64
109
208
351
496
634
737
816
903
979
998
1011
1058
1081
1106
1071
1033
1082
1039
996
901
857
792
696
627
554
478
360
301
207
162
150
198
152
91
75
152
318
436
456
513
628
619
746
844
924
1015
1047
1124
1203
1251
1259
1276
1342
1453
1525
1493
1469
1560
1560
1425
1364
1189
991
741
490
291
178
170
130
79
84
192
341
562
809
867
1020
1138
1207
1250
1304
1321
1423
1415
1432
1370
1331
1300
1305
1249
1292
1208
1067
921
772
663
547
432
311
183
100
24
5
0
26
59
169
326
514
617
772
909
1062
1178
1267
1334
1359
1359
1342
1298
1188
1152
1111
985
908
774
603
498
302
162
75
22
2
2
23
55
130
183
306
393
491
568
647
672
731
713
777
762
789
811
791
780
749
689
666
624
595
527
467
399
367
255
186
115
54
35
24
20
12
22
16
14
18
25
26
20
25
5
13
4
0
3
0
16
23
25
39
67
63
98
170
264
358
443
526
640
688
746
836
800
786
749
681
621
562
431
360
321
195
132
78
37
9
0
0
7
13
25
52
77
133
160
267
320
388
391
443
457
476
494
482
552
559
520
568
586
563
567
546
505
466
417
357
310
242
167
92
43
59
99
227
372
458
473
449
451
587
766
935
1021
1147
1192
1174
1183
1226
1398
1528
1629
1659
1600
1383
1329
1227
1173
1102
964
846
633
493
313
811
445
563
826
1141
1362
1582
1618
1682
1693
1743
1721
1578
1583
1559
1565
1531
1516
1524
1508
1502
1561
1690
1926
2118
2162
2159
2115
1894
1732
1485
1247
1134
947
882
801
824
795
874
948
1028
953
860
693
303
192
421
674
849
1017
1178
1321
1483
1557
1642
1581
1654
1674
1701
1620
1512
1347
1309
1262
1247
1282
1229
1179
1035
855
737
596
485
352
236
134
78
38
46
85
147
219
352
462
611
741
846
957
1105
1392
1755
2113
2396
2600
2738
2827
2669
2448
2348
2189
1918
1599
1403
1351
1415
1456
1519
1352
1271
1176
1150
1011
909
806
804
698
675
810
950
1052
1079
1100
1149
1059
860
974
1176
1386
1594
1744
1824
1883
1940
1931
1858
1834
1826
1751
1672
1616
1569
1443
1316
1101
877
574
339
165
52
5
0
3
59
172
362
568
756
915
1067
1135
1225
1284
1394
1406
1474
1439
1470
1393
1368
1356
1217
1202
1101
1011
943
864
796
719
665
689
691
776
923
1014
1018
982
943
887
646
402
343
406
455
427
410
353
317
252
231
291
434
570
645
727
730
799
911
990
964
1042
1066
1170
1277
1400
1367
1293
1226
1187
1300
1416
1375
1353
1246
1200
1170
1069
994
888
783
668
556
434
316
180
90
56
7
6
8
14
62
101
264
383
509
580
724
797
933
924
1100
1129
1219
1185
1222
1205
1192
1137
1128
1104
1067
973
973
890
857
717
708
587
524
439
304
255
189
111
46
32
18
3
11
32
50
84
164
270
355
472
516
586
638
678
729
755
808
816
832
848
834
822
779
743
727
662
531
462
357
274
165
114
74
42
31
38
68
101
135
214
281
379
443
515
584
586
629
672
717
715
725
732
768
709
739
703
709
664
631
606
510
450
368
251
218
539
648
518
403
277
197
178
195
225
256
323
348
286
342
436
480
533
589
603
648
690
774
837
880
926
985
997
999
1021
1010
956
935
894
842
787
646
576
498
392
290
146
48
25
24
43
93
161
293
450
556
615
776
870
942
1030
1062
1144
1101
1137
1122
1097
1078
1028
1005
964
883
841
695
633
513
443
339
278
200
130
72
58
46
21
10
31
33
39
47
66
97
136
199
289
418
509
577
665
753
814
878
928
1013
1031
1036
1040
1060
1046
1051
1017
981
943
829
740
662
557
450
322
214
119
61
19
1
1
7
22
71
184
324
443
536
608
710
755
848
871
950
955
1002
981
985
927
902
872
859
793
751
720
645
622
529
467
399
297
219
133
57
1
0
12
30
80
150
234
721
461
573
611
705
789
875
928
941
1008
1025
1045
1053
1022
1005
975
934
864
789
686
589
541
432
334
260
135
81
30
17
4
3
13
41
73
187
261
412
475
531
668
731
773
824
883
923
949
939
984
966
981
906
941
858
832
746
698
621
570
508
415
334
255
157
92
45
12
0
11
37
89
170
286
428
522
633
723
781
930
949
1042
1079
1094
1162
1133
1151
1151
1067
1000
902
782
705
585
426
323
210
108
48
25
9
4
32
62
122
264
325
396
508
578
634
655
737
787
828
846
851
892
876
893
937
901
871
873
793
787
723
688
629
594
547
457
397
363
268
188
122
52
32
3
8
24
74
167
286
419
512
649
710
824
911
959
1056
1103
1130
1141
1126
1096
1069
965
836
739
648
493
327
193
56
17
3
14
31
69
131
224
330
444
527
591
697
727
834
875
1105
1113
1006
1003
994
980
1059
1205
1086
863
754
737
681
626
592
514
399
358
298
181
111
78
31
0
22
63
80
165
324
481
642
854
911
1067
1128
1250
1445
1513
1598
1674
1743
1721
1718
1683
1631
1535
1420
1183
1064
855
697
443
257
114
37
6
14
43
105
300
476
551
684
743
859
924
1021
1086
1106
1167
1119
1107
1109
1039
1076
1021
989
913
817
688
610
502
410
265
166
75
16
0
2
42
118
217
347
509
601
707
847
967
1034
1142
1243
1230
1312
1302
1318
1292
1294
1181
1154
1069
932
810
680
574
406
262
158
64
29
0
4
21
57
202
323
439
547
667
764
814
937
957
1040
1037
1073
1090
1059
1061
981
935
826
805
734
680
596
525
459
386
316
261
142
83
40
8
7
26
68
147
264
368
483
574
714
854
938
1008
1080
1174
1213
1246
1247
1283
1300
1295
1264
1198
1032
968
814
655
573
449
244
123
64
25
3
3
27
52
94
252
347
402
522
610
658
807
850
898
944
946
1026
976
1047
979
988
925
937
908
929
925
875
839
774
652
527
404
285
186
87
27
6
19
53
128
187
331
474
586
695
798
924
1007
1091
1145
1137
1154
1114
1067
1046
948
913
798
725
562
425
285
172
120
56
6
1
7
36
80
157
309
411
510
610
676
729
787
853
881
908
905
937
942
956
908
888
825
806
1217
1051
401
313
171
113
32
15
10
29
78
183
346
485
619
725
844
904
1057
1093
1189
1218
1246
1257
1240
1161
1099
968
892
748
635
455
253
119
46
12
5
9
32
74
188
325
430
564
657
1514
962
985
1112
1126
1187
1220
1228
1207
1239
1206
1162
1111
1050
1011
913
844
739
688
547
522
399
240
154
73
30
2
21
69
191
345
490
661
789
916
1038
1228
1279
1337
1411
1500
1545
1556
1599
1626
1510
1457
1349
1237
1054
870
663
503
376
215
84
31
24
7
24
96
212
350
497
626
683
810
862
881
949
966
1021
1018
989
969
944
902
869
850
777
724
668
633
528
472
370
287
172
114
62
17
9
7
5
1
0
2
2
0
2
0
2
0
1
0
1
1
1
0
0
0
0
0
1
25
41
71
107
112
111
120
154
195
265
326
408
543
612
721
816
931
988
1075
1140
1207
1228
1298
1272
1358
1323
1302
1250
1092
1046
891
730
579
398
230
104
27
2
2
2
14
38
82
191
308
440
572
662
806
846
925
1016
1018
1085
1039
1028
997
942
907
855
822
756
735
740
723
734
687
675
646
610
540
441
333
220
139
75
36
11
20
24
53
117
182
266
373
482
570
687
826
887
1009
1114
1160
1228
1281
1335
1340
1375
1332
1252
1210
1075
982
847
736
576
397
233
102
37
2
0
3
16
75
158
297
429
501
640
690
762
835
887
913
932
963
921
929
962
938
914
905
880
866
833
834
773
780
754
693
677
598
580
487
412
359
247
194
105
42
11
5
9
31
73
161
302
391
506
622
714
815
879
1043
1073
1157
1266
1233
1331
1365
1387
1390
1361
1302
1217
1125
1014
875
757
608
505
366
209
100
47
4
0
3
33
80
186
334
488
644
783
885
963
1028
1148
1171
1196
1262
1192
1223
1177
1138
1114
1062
963
919
820
738
650
528
452
341
224
138
89
33
14
1
0
1
28
117
161
192
205
188
221
309
401
521
591
662
747
847
933
1025
1077
1073
1152
1137
1146
1133
1108
1070
1015
1006
937
868
780
685
592
481
359
202
105
35
22
9
7
42
82
144
237
362
449
560
610
699
782
913
996
993
1099
1077
1100
1112
1091
1082
1060
1065
1025
1002
960
918
850
816
775
704
622
517
381
270
142
92
76
111
118
114
158
252
295
390
456
585
653
743
833
912
992
1048
1082
1147
1164
1199
1156
1128
1171
1050
1046
980
894
804
693
558
437
293
175
77
24
8
4
13
35
83
210
301
409
507
659
715
836
898
942
983
1051
1037
1068
1065
1054
1018
972
925
866
784
743
663
619
547
482
423
338
288
207
116
57
30
18
1
2
22
56
135
207
291
392
511
629
680
716
864
902
1761
961
1053
981
1030
978
973
909
843
827
754
616
520
417
301
204
123
72
31
6
3
18
31
80
120
194
269
368
399
516
562
640
634
728
760
771
824
853
812
850
795
797
769
736
690
676
607
575
487
430
340
267
137
62
12
0
1
35
104
264
470
554
704
811
944
1011
1096
1153
1225
1212
1255
1225
1238
1201
1180
1118
1026
965
838
749
605
454
353
224
101
44
7
3
5
34
51
74
133
238
288
384
434
520
567
615
665
672
762
753
791
760
795
786
701
706
656
592
563
501
470
436
356
321
228
190
129
54
28
27
18
17
22
70
95
172
293
387
482
585
636
736
811
875
938
996
1036
1071
1066
1101
1064
1064
1046
1042
1052
1009
948
914
770
639
524
355
246
126
72
37
47
39
57
106
176
257
333
419
497
577
646
693
727
771
809
811
852
830
876
880
901
881
916
900
911
883
835
826
723
686
608
559
470
398
319
201
135
68
12
2
1
0
7
42
97
211
303
509
567
648
774
870
965
1054
1158
1189
1236
1317
1283
1316
1287
1286
1245
1238
1135
1081
967
823
695
588
475
405
243
131
65
16
13
9
32
49
109
149
262
331
432
521
562
660
741
784
821
876
954
991
1002
1036
1044
1033
1041
1021
992
941
940
842
817
735
667
599
540
474
386
257
157
101
44
24
0
7
29
92
215
331
547
641
732
874
968
1093
1155
1193
1295
1284
1322
1382
1357
1372
1337
1295
1252
1184
1122
952
842
700
605
420
254
105
38
3
0
4
36
99
216
390
464
602
696
826
892
1001
1067
1152
1198
1224
1263
1250
1285
1270
1266
1278
1262
1393
1424
1581
1812
1970
2016
1936
1778
1564
1272
1031
797
623
435
238
121
62
33
35
61
91
166
275
389
471
560
670
823
887
1034
1085
1212
1208
1283
1291
1299
1244
1221
1192
1128
1025
930
859
734
631
501
447
379
224
121
73
38
3
4
24
76
190
280
398
527
574
667
782
786
863
921
947
984
992
1018
972
967
940
832
758
725
665
596
543
461
397
352
312
243
138
70
28
4
4
3
32
60
155
245
391
476
590
705
852
1008
1094
1207
1270
1392
1426
1475
1480
1491
1513
1490
1429
1395
1333
1188
1075
979
822
682
552
406
269
158
72
42
18
7
12
40
116
203
336
412
559
691
754
854
917
977
999
1077
1105
1076
1084
1072
1051
984
960
941
911
867
821
743
719
652
569
525
484
412
369
363
294
243
180
110
54
124
213
484
331
398
493
612
707
855
975
1081
1238
1255
1369
1397
1426
1442
1466
1440
1421
1375
1265
1219
1066
902
766
582
492
354
211
113
70
75
75
75
123
176
242
293
439
515
572
654
747
791
838
890
921
993
1028
992
985
1022
966
910
913
820
787
721
682
588
558
534
449
426
359
274
215
134
90
44
1
0
0
10
32
89
158
275
374
497
556
690
790
883
940
1022
1093
1129
1149
1221
1146
1119
1146
1026
998
849
753
673
525
392
287
188
93
38
18
7
22
73
175
309
389
463
601
723
715
865
892
954
937
979
1011
992
1021
941
987
863
784
712
688
563
508
465
365
271
214
134
103
62
46
16
7
13
44
107
160
256
301
416
506
633
764
831
963
1037
1185
1292
1376
1383
1428
1404
1442
1439
1438
1386
1288
1242
1136
1119
1056
880
674
499
340
217
122
44
4
2
28
64
118
182
267
353
479
618
730
810
993
1064
1218
1236
1275
1330
1357
1367
1339
1361
1222
1197
1121
1020
940
855
774
751
666
593
511
426
342
293
188
97
42
1
0
6
52
116
273
369
489
567
701
837
937
1053
1168
1266
1384
1501
1534
1633
1627
1703
1697
1630
1569
1539
1457
1366
1232
1064
911
714
534
346
189
61
12
12
31
82
253
368
546
672
780
2579
1121
1178
1258
1302
1386
1410
1433
1443
1433
1390
1411
1365
1332
1302
1280
1222
1140
1138
1043
958
905
775
733
612
560
465
378
300
238
138
59
23
6
0
1
25
53
118
239
331
462
564
703
804
947
1053
1169
1292
1421
1512
1549
1658
1666
1696
1734
1679
1622
1521
1426
1201
1043
890
690
523
303
186
64
9
0
6
42
122
288
413
540
695
774
903
997
1052
1114
1097
1133
1123
1133
1111
1097
1085
1009
1045
944
923
839
757
681
631
545
528
459
395
312
255
165
104
44
18
0
0
0
12
36
104
188
283
376
481
609
685
782
908
1021
1123
1197
1283
1333
1396
1404
1445
1484
1491
1472
1404
1435
1422
1317
1281
1237
1077
948
812
642
471
320
203
133
92
73
116
171
241
299
420
526
611
750
822
922
1020
1079
1152
1199
1239
1318
1300
1317
1236
1255
1251
1231
1291
1357
1447
1511
1557
1565
1567
1371
1177
926
805
524
398
249
147
331
375
395
383
315
355
466
672
839
989
1181
1434
1566
1682
1827
1878
1951
1971
1873
1868
1774
1648
1473
1307
1079
930
713
547
378
225
122
97
37
30
57
152
307
456
584
774
866
964
1120
1227
1333
1438
1466
1466
1513
1486
1436
1322
1259
1201
1061
992
885
1355
574
492
422
384
344
299
297
285
231
178
177
180
263
384
505
580
733
864
1047
1202
1290
1399
1503
1563
1652
1673
1652
1613
1635
1508
1447
1349
1214
1070
861
690
534
374
213
96
27
11
8
5
44
179
360
491
612
782
921
1005
1109
1214
1259
1321
1378
1346
1368
1337
1293
1292
1236
1121
1081
1001
917
855
741
677
618
495
407
328
246
217
230
311
367
306
206
228
445
655
776
866
968
939
957
1171
1444
1676
1842
1986
1972
1930
1868
1783
1786
1831
1701
1517
1336
1188
1151
908
751
818
479
137
107
71
60
109
185
382
564
906
1109
1275
1465
1574
1701
1684
1714
1794
1755
1788
1734
1623
1566
1477
1478
1435
1454
1433
1396
1240
946
693
504
443
393
284
243
265
231
253
219
127
247
465
682
795
980
1085
1133
1230
1349
1436
1417
1531
1555
1599
1564
1470
1399
1397
1281
1223
1136
970
880
781
620
409
328
213
171
124
115
172
253
314
471
585
741
908
927
1026
1063
1109
1122
1215
1248
1248
1194
1132
1080
1041
946
867
817
678
621
623
576
483
433
338
209
86
79
217
305
385
533
600
639
688
740
929
1085
1201
1355
1462
1531
1583
1621
1631
1603
1598
1562
1518
1418
1273
1130
973
812
629
528
341
172
73
42
19
22
83
122
215
346
475
634
763
914
1035
1115
1198
1276
1290
1340
1367
1382
1362
1390
1348
1300
1244
1245
1149
1094
986
897
798
658
551
426
308
177
84
49
91
207
239
155
212
328
438
566
712
886
1080
1201
1371
1598
1732
1698
1717
1783
1858
1835
1725
1701
1757
1696
1423
1218
1155
1029
832
681
631
524
313
104
44
79
89
111
233
442
652
789
924
1078
1188
1290
1309
1320
1442
1473
1482
1482
1526
1549
1511
1441
1391
1251
1213
1082
1002
904
830
728
659
530
419
305
175
102
40
22
12
62
117
270
