438
64
66
339
83
81
311
79
288
227
95
19
14697
22
32
114
254
343
387
482
579
600
560
577
887
1103
1270
1283
1207
1630
2158
2394
2462
2541
2438
2190
2132
2077
1930
1528
1129
702
1195
1745
2273
2668
3025
3075
2931
2712
2483
2127
1746
1586
1597
916
758
1088
1533
1856
1746
1674
1492
1287
1174
1167
1239
1250
1085
842
554
299
214
222
320
352
424
461
486
456
425
384
266
185
86
62
44
68
38
25
42
24
14
22
20
16
14
4
2
1
2
1
2
0
3
18
30
121
370
685
823
806
736
640
538
419
213
68
16
33
36
71
79
121
230
382
519
669
742
760
722
569
390
179
87
118
98
125
107
57
58
37
18
7
4
1
4
3
0
0
0
0
0
3
0
1
0
0
0
0
0
0
0
0
0
0
0
0
4
4
0
0
0
0
3
8
17
12
9
16
21
23
20
14
10
6
10
12
15
8
10
6
12
2
25
39
22
8
29
40
18
0
8
5
2
0
0
0
0
0
0
5
20
21
4
15
15
19
29
58
153
324
422
504
534
521
444
417
314
233
166
100
81
59
31
14
57
109
142
160
164
152
139
114
126
185
324
493
622
662
609
631
639
700
835
900
962
999
1084
1132
1172
1081
925
815
692
739
874
1039
1224
1361
1488
1547
1552
1529
1397
1199
984
765
565
313
263
442
692
780
1026
1217
1370
1385
1327
1264
1294
1354
1302
1039
841
944
1260
1442
1505
1345
1080
1025
1155
1225
1147
902
572
510
779
944
1053
1168
1301
1415
1531
1651
1645
1721
1753
1761
1747
1635
1580
1403
1142
875
609
445
487
450
412
274
268
311
357
333
331
247
188
179
143
81
21
6
6
20
26
10
13
11
2
1
1
0
2
2
3
5
4
3
0
0
1
0
0
0
0
0
0
0
0
0
0
0
0
0
0
1
0
0
0
3
4
17
56
232
474
691
780
719
606
548
421
266
128
37
26
29
39
40
33
34
28
30
91
161
201
174
144
115
81
89
85
96
64
63
47
33
19
13
11
4
0
0
0
0
0
19
74
136
262
373
474
517
514
420
266
97
5
0
0
0
0
0
0
1
8
15
8
7
1
3
0
0
0
0
0
0
1
0
0
0
0
0
0
0
0
0
0
0
0
0
0
0
0
0
0
0
0
0
0
0
0
0
0
0
0
0
0
0
0
0
0
0
0
0
0
0
0
1
0
0
0
0
0
0
0
0
0
0
0
0
9
1
1
0
1
2
42
179
250
310
333
294
290
273
276
268
209
200
165
106
93
107
121
108
51
78
210
344
494
557
614
625
656
661
606
547
446
307
182
87
31
17
46
60
75
96
127
148
152
133
134
112
76
51
33
38
79
150
293
507
661
699
582
492
396
273
247
271
253
214
224
288
284
186
142
128
116
99
64
29
31
30
33
42
85
121
105
111
147
138
78
61
39
72
111
91
26
43
104
123
127
146
164
173
246
281
336
464
528
526
425
357
335
379
333
265
323
444
555
557
619
697
742
574
387
282
337
363
316
317
297
228
165
123
137
107
95
76
51
20
8
0
0
4
0
17
22
51
64
50
133
307
445
516
558
534
487
420
314
177
72
8
0
0
0
0
0
0
0
0
0
2
4
6
7
31
74
139
228
321
400
442
495
424
398
363
300
207
137
109
85
74
27
10
19
31
22
25
19
20
16
15
12
25
25
10
4
1
0
0
0
0
0
0
1
0
0
0
3
9
12
9
9
1
3
1
0
0
0
1
0
0
0
0
0
0
0
0
0
0
0
0
0
0
0
0
0
0
0
0
0
0
0
0
0
0
1
26
64
130
130
132
122
151
245
256
274
582
1185
1995
3182
4058
4694
4972
4800
4389
3635
2973
1980
1618
1195
915
650
629
609
549
482
328
221
151
101
154
183
267
420
514
472
454
453
365
237
174
159
87
31
29
36
59
143
148
95
71
139
171
162
121
83
87
107
149
129
104
101
105
141
210
413
736
1155
1395
1366
1122
851
703
470
467
657
830
954
991
1088
1071
1027
1099
1155
1189
1052
844
572
511
603
610
549
476
410
368
320
299
313
324
274
216
201
170
134
103
93
108
120
83
66
53
24
19
16
11
10
10
11
4
1
36
145
280
449
1131
1794
2398
2881
2969
2656
2433
2189
2313
2356
2178
1972
1519
1166
897
604
425
266
136
75
70
60
66
62
47
56
38
22
19
26
39
62
83
90
54
14
47
151
200
234
227
221
178
176
178
120
76
70
102
190
331
551
867
1297
1538
1765
1897
1778
1915
2030
1780
1295
1295
1211
1083
1136
974
920
737
646
811
867
1058
1002
794
742
700
790
980
1189
1190
1132
1083
1166
1421
1570
1818
1812
1712
1344
1027
630
451
517
501
457
481
544
569
554
528
447
423
600
915
983
979
1108
1248
1169
863
735
799
774
758
1439
1159
1061
940
876
721
686
735
614
446
107
270
505
580
635
595
489
455
409
308
215
177
193
218
211
154
37
13
6
26
52
35
6
0
1
0
0
0
2
2
3
11
23
7
15
17
15
9
5
6
11
77
104
140
172
238
331
416
686
948
1156
1353
1281
1557
1683
1560
1398
1107
1260
1335
1190
756
721
560
330
120
155
245
106
14
54
73
118
213
280
290
291
261
62
280
441
549
713
569
356
347
386
190
121
310
400
379
206
297
312
301
308
322
341
404
398
394
406
470
501
482
550
717
775
671
312
402
365
252
253
414
429
375
256
130
137
195
231
276
270
184
126
110
114
79
124
82
140
174
253
249
247
200
96
80
198
227
287
367
426
538
527
480
391
475
721
1048
1465
1772
1969
1728
1187
584
404
492
498
635
632
556
519
612
663
655
700
768
789
787
726
730
729
786
781
719
701
678
622
515
446
390
362
306
285
317
509
902
1382
1930
2363
2847
3130
3089
2913
2543
2234
1984
1655
1215
892
556
413
518
513
473
267
199
162
172
173
138
84
73
127
255
249
168
112
51
50
108
182
216
126
148
169
101
57
63
49
19
27
25
16
10
7
4
8
10
5
0
1
0
2
5
0
2
11
15
16
5
2
1
2
4
7
11
3
0
0
0
1
0
1
0
25
45
12
0
0
0
1
3
0
0
0
1
2
1
1
0
0
0
0
0
0
0
8
9
4
8
6
8
5
4
36
50
56
53
50
40
30
32
17
10
6
4
4
4
4
3
1
1
0
0
0
0
0
0
0
0
2
4
0
0
0
0
0
0
0
1
1
4
2
5
9
10
11
23
32
29
21
22
29
9
9
13
23
8
4
1
0
1
3
7
5
4
6
8
3
1
0
3
3
3
1
0
0
0
0
29
1
5
17
24
91
159
225
246
277
290
270
203
165
207
283
316
346
357
240
124
204
275
328
309
235
138
171
200
201
193
185
75
40
75
141
162
121
35
0
85
205
254
258
209
96
8
34
139
180
165
107
35
16
38
81
111
65
8
6
72
108
72
15
0
1
7
13
0
0
0
0
0
0
0
0
0
0
0
0
0
0
0
0
0
1
46
146
208
267
285
399
456
497
501
476
527
594
648
712
677
581
467
363
296
263
295
314
340
303
204
205
175
91
7
5
24
201
38
53
72
55
50
49
45
42
42
37
25
21
21
36
23
16
6
3
4
9
17
13
2
5
15
22
15
38
46
9
2
2
4
5
3
1
4
4
11
14
3
5
11
7
4
3
5
3
4
4
4
2
5
3
7
4
9
4
8
12
1
0
36
37
4
9
37
17
1
6
8
10
13
6
5
83
128
119
100
126
148
140
119
160
207
237
228
229
186
197
205
211
245
299
327
351
352
340
289
252
205
152
96
75
40
18
7
6
22
24
19
31
17
20
22
17
17
20
14
13
2
0
1
0
1
0
0
0
0
0
0
0
3
16
23
32
40
53
81
106
92
123
127
126
144
143
148
152
142
145
123
119
149
170
181
179
167
140
155
171
161
130
76
28
3
7
12
11
3
0
0
0
0
0
1
3
9
13
18
8
8
1
0
2
5
16
17
13
7
0
0
0
0
7
24
17
0
1
0
0
8
6
30
47
17
0
0
5
3
0
0
0
0
3
4
0
3
20
14
1
6
17
28
13
0
0
0
4
6
5
0
0
0
0
0
0
0
0
0
2
0
12
23
24
62
122
209
262
237
183
193
208
231
215
211
195
188
165
129
96
71
61
30
9
0
0
0
2
5
25
35
45
80
118
129
118
112
111
143
151
223
318
304
234
165
213
300
366
409
476
488
501
412
405
395
418
399
346
191
107
112
139
118
73
72
105
134
155
190
189
204
172
148
115
89
75
58
57
49
37
28
6
2
2
1
5
5
5
9
7
13
4
11
13
7
1
9
9
2
3
9
10
8
3
3
22
12
5
10
8
6
5
2
12
9
8
2
1
0
0
3
2
2
20
23
10
9
4
1
0
1
1
4
6
8
13
32
53
65
71
39
30
18
18
47
54
48
41
44
84
74
69
20
32
61
55
41
37
50
55
61
52
42
33
53
53
44
68
133
196
263
341
386
368
330
248
122
32
11
1
0
2
1
0
0
0
0
0
0
0
1
1
4
1
2
2
2
1
0
0
0
0
1
34
69
130
197
269
324
337
355
373
343
293
214
127
65
33
28
33
49
85
114
125
88
74
53
19
5
25
51
11
7
28
50
70
118
168
154
80
13
11
51
151
301
368
390
339
253
208
157
172
302
374
378
366
287
198
106
151
113
83
35
18
59
92
63
29
14
12
31
54
78
73
110
228
333
411
426
348
184
60
13
48
34
10
43
87
95
99
36
0
32
82
105
92
67
50
56
31
20
17
14
38
56
48
18
13
14
19
45
52
76
84
49
15
2
6
4
1
8
7
14
27
45
77
79
43
13
11
1
23
105
169
153
104
91
79
21
2
20
33
18
0
0
3
3
2
8
10
19
67
77
62
60
119
151
143
157
158
158
130
124
116
94
53
35
38
34
25
16
15
58
87
235
411
490
559
521
466
383
273
164
68
33
19
16
12
14
22
23
22
14
10
6
13
14
10
6
11
3
2
0
0
0
0
3
13
17
18
7
8
4
12
20
26
34
34
14
7
2
3
0
4
7
0
1
2
4
1
0
0
0
0
0
0
0
0
0
0
0
1
6
1
0
0
0
0
0
0
0
0
0
0
0
0
0
0
0
0
0
0
0
0
0
0
3
1
2
0
1
3
4
5
15
18
29
40
66
79
85
82
69
76
75
51
50
61
44
46
36
33
47
26
30
23
18
16
25
20
11
7
10
9
3
1
1
0
0
8
3
9
9
8
4
2
1
4
6
6
6
10
19
26
20
20
21
35
31
34
28
32
25
12
3
3
3
4
1
0
0
0
0
0
1
0
1
1
1
11
26
18
12
11
4
5
4
1
1
2
2
1
0
0
0
0
0
0
0
0
0
0
0
0
0
0
21
57
117
157
204
191
171
133
76
10
5
0
0
5
9
4
3
0
0
0
0
0
0
0
0
0
0
0
1
3
23
86
162
183
173
191
213
175
148
253
440
518
494
399
237
249
334
436
470
424
316
277
237
206
161
134
111
74
36
20
18
6
2
6
11
22
51
57
58
33
19
7
22
43
47
42
58
44
42
19
17
60
44
37
5
2
1
3
5
0
0
0
0
0
0
1
0
0
0
0
0
0
0
0
0
7
8
63
193
293
345
358
337
344
326
325
337
301
211
142
99
94
78
86
100
131
75
28
15
66
131
142
157
119
84
71
76
91
132
68
67
91
86
40
20
19
7
12
9
3
0
0
1
0
0
1
52
122
190
169
129
105
4
0
14
23
10
19
22
9
20
25
46
29
38
17
10
21
5
2
1
1
3
46
31
53
85
112
175
255
275
289
257
226
181
137
127
123
113
93
70
71
49
10
2
41
30
14
4
3
11
31
57
89
117
89
84
97
63
31
17
20
20
8
10
10
13
28
0
2
2
31
127
243
338
354
461
554
692
801
735
1090
1592
2514
2945
2883
2401
1944
1398
905
680
614
627
665
758
769
759
727
682
592
480
363
285
261
236
212
82
147
411
640
875
1233
1588
1993
2362
2461
2489
2527
2430
2171
1943
1587
1285
955
795
538
273
411
841
1296
1908
2675
3456
4371
4897
5303
5119
4505
3588
2705
2027
1539
1125
668
428
362
361
362
344
273
111
148
250
305
286
159
19
163
356
477
476
365
161
304
484
492
455
351
129
111
231
232
183
108
95
183
273
314
313
306
355
440
453
365
306
329
384
364
289
208
105
117
141
160
103
64
28
30
8
3
1
11
4
0
2
4
10
11
9
5
4
16
25
45
71
90
129
179
290
444
615
705
725
705
673
633
490
387
400
577
655
799
843
851
739
721
659
562
459
327
249
450
561
591
598
549
443
328
164
156
340
437
524
599
600
597
525
330
142
341
410
492
446
390
365
288
246
143
146
233
350
449
494
467
396
291
148
80
80
175
180
155
97
28
2
1
42
104
97
53
1
7
46
76
55
36
26
39
48
30
12
9
8
5
31
117
203
302
335
314
264
213
143
77
41
29
24
20
19
15
5
2
0
0
0
0
3
18
61
138
242
299
280
302
404
468
386
325
343
412
444
715
961
1219
1437
1678
1906
1958
1953
1789
1542
1243
947
601
448
796
877
1095
1353
1467
1404
1380
1279
1023
781
573
563
368
219
148
215
200
103
56
130
177
117
22
47
90
80
19
36
30
28
13
16
27
15
55
112
105
46
1
4
8
2
4
1
0
0
0
0
0
0
1
0
0
0
0
0
0
0
0
0
0
0
0
0
0
0
0
0
0
0
0
0
0
0
0
0
0
26
131
364
517
642
649
627
477
332
252
247
293
420
526
526
467
304
227
431
499
596
602
560
460
281
103
56
47
13
38
48
80
143
254
409
531
542
503
408
272
172
70
13
5
9
21
52
31
2
0
0
0
0
0
1
1
1
3
18
30
36
31
26
11
6
2
1
0
0
0
0
0
0
0
0
0
0
0
0
0
0
0
0
0
0
0
0
0
0
13
16
157
136
226
314
384
393
296
187
107
54
44
30
19
14
22
13
5
0
0
0
0
0
0
0
1
1
6
10
7
1
3
11
47
206
352
486
558
656
685
674
693
782
919
997
1082
1152
1268
1378
1332
1185
917
663
534
521
493
393
589
618
522
204
494
438
277
36
313
463
585
456
656
738
632
585
502
403
284
150
348
540
538
482
304
109
138
83
130
166
92
32
49
47
59
93
64
36
35
11
2
3
1
0
4
32
314
624
815
792
1110
648
1051
1238
1166
749
401
684
739
776
882
1006
1142
1360
1373
1120
670
488
293
198
405
533
515
323
206
173
187
247
384
507
622
766
725
679
673
662
629
610
619
616
616
625
580
562
530
537
515
515
503
518
536
544
543
513
519
476
433
381
302
247
185
128
81
46
40
26
22
23
15
16
7
9
3
13
12
4
10
7
9
9
3
2
0
0
0
0
0
0
0
1
0
0
0
0
0
1
0
1
1
0
0
1
3
9
11
10
6
4
9
14
19
11
13
10
0
6
5
9
42
39
62
110
90
100
175
250
357
451
628
978
978
1146
1260
1373
1624
1720
1892
2012
2140
2157
2069
1921
1681
1487
1245
1127
1199
1056
1258
1234
1057
781
472
308
394
417
416
436
437
431
431
379
278
215
143
149
167
184
230
242
228
209
209
188
149
96
31
24
8
6
4
6
3
5
1
3
6
4
4
2
1
0
0
0
0
0
0
1
0
0
0
0
0
0
0
0
0
0
0
0
0
0
0
0
0
0
0
0
0
2
0
0
3
4
8
4
5
18
61
169
1301
1277
1790
2043
2219
2349
2423
2144
1955
1761
1400
1068
638
387
283
190
110
27
101
149
120
78
75
82
81
91
191
288
285
305
370
420
474
551
565
561
541
456
281
208
272
295
271
252
227
218
190
169
148
140
103
62
165
287
468
708
860
735
623
494
317
153
42
48
40
22
1
2
7
6
0
2
0
2
0
1
0
6
8
42
110
136
156
298
525
657
665
639
572
561
518
478
430
660
706
681
560
399
409
637
874
1071
1239
1435
1476
1362
1221
1106
1020
924
893
769
604
712
715
778
726
603
503
416
356
293
318
374
397
410
389
376
351
339
287
269
274
282
268
251
248
252
223
196
152
152
287
562
889
1116
1238
1343
1355
1394
1311
1246
1156
1045
1034
1154
1237
1393
1487
1608
1530
1392
1283
1258
1785
1295
1235
1011
876
892
918
935
1017
1208
1600
2021
2379
2670
2915
2941
2772
2526
2251
1984
1697
1083
1081
862
701
482
415
574
689
716
651
393
155
166
320
433
491
477
445
314
192
184
207
114
146
439
640
798
857
872
674
444
396
519
568
431
191
142
211
227
142
38
5
17
58
56
19
27
76
80
19
5
52
158
190
70
26
77
186
210
251
348
491
687
823
891
906
990
985
1114
1487
1858
2081
2286
2325
2332
2332
2273
2123
2052
1966
1773
1645
1443
1266
1071
892
787
552
266
84
137
179
205
221
261
277
337
496
633
465
472
816
1222
1512
1653
1676
1635
1410
1062
826
506
758
739
675
545
238
312
335
275
229
213
268
356
418
381
284
193
152
105
74
55
41
11
5
2
9
17
17
17
4
0
1
0
3
5
22
17
19
28
49
99
153
216
293
337
349
382
423
450
399
433
398
421
430
368
318
291
312
313
329
355
358
394
417
439
410
404
386
343
308
312
295
262
204
148
120
67
70
130
242
312
369
406
427
497
653
733
620
454
389
369
338
195
110
94
123
118
117
135
156
121
60
42
49
49
38
24
14
3
5
4
26
42
37
53
62
61
39
15
12
15
17
24
12
12
10
13
10
15
17
9
0
0
6
19
20
15
5
5
3
6
11
12
15
9
5
7
7
0
1
3
0
0
1
0
1
0
1
0
0
0
0
1
0
0
0
0
0
0
1
0
19
11
0
8
7
3
0
1
1
2
3
3
3
3
1
1
2
1
0
0
1
0
0
0
0
0
1
21
25
18
19
17
8
9
7
2
1
1
1
1
2
1
0
0
13
55
68
41
35
15
5
0
0
0
1
0
0
0
0
0
0
0
0
0
0
1
0
0
0
0
1
0
0
21
52
101
203
232
273
339
537
547
661
931
1110
1157
1051
978
930
938
814
712
556
452
344
318
369
499
533
536
539
495
427
337
248
138
73
42
34
32
34
33
26
18
16
9
6
6
9
9
11
11
13
29
31
44
50
71
76
48
32
32
34
29
25
20
10
9
24
59
91
137
135
108
62
29
11
6
5
4
3
3
8
9
10
10
15
18
34
45
44
45
35
26
24
18
17
14
13
6
0
1
1
2
0
3
1
3
3
4
21
52
98
129
160
195
181
128
76
65
100
128
120
68
53
30
29
24
19
16
13
8
6
3
0
14
19
30
32
25
26
20
18
15
12
5
2
0
3
1
0
1
4
14
22
32
29
18
0
0
3
1
2
7
16
9
11
14
15
23
29
22
19
22
28
27
27
30
26
26
19
14
11
10
11
18
25
53
80
111
114
121
94
73
53
15
4
0
0
0
55
217
443
688
805
811
771
600
466
319
203
140
125
113
76
70
78
93
93
76
49
26
8
11
12
21
22
20
22
21
46
33
27
133
261
399
606
930
1242
1345
1361
1237
1039
962
953
873
903
921
911
941
945
1049
1037
869
638
629
675
789
848
936
1085
1192
1147
1121
1166
1034
989
961
915
1019
1220
1255
1266
1176
1053
895
712
599
618
591
587
524
549
584
663
702
671
631
518
350
307
377
316
282
288
278
312
322
318
320
262
221
228
403
510
600
559
587
480
310
216
192
230
162
75
27
9
21
54
160
258
201
176
338
585
690
712
677
397
495
698
808
615
664
767
738
699
582
433
112
207
385
348
352
532
550
472
333
103
87
366
687
1076
1326
1194
904
788
708
580
493
264
113
42
37
52
92
128
130
92
52
65
89
100
113
104
110
112
133
83
36
82
153
161
126
98
96
124
121
154
97
80
90
80
54
38
18
6
4
8
4
5
0
2
19
23
6
12
10
1
3
1
2
0
0
0
19
86
143
245
306
213
150
146
197
184
56
137
234
195
120
394
638
746
641
539
208
67
29
97
169
156
137
120
181
189
204
171
159
176
157
162
198
131
121
113
105
173
199
249
195
117
83
57
50
76
213
543
781
1023
1038
1014
1359
1506
1250
919
803
618
813
1017
1128
1230
1179
1133
967
771
563
432
212
93
52
11
6
72
53
63
75
38
70
33
44
102
93
29
2
43
62
48
5
2
14
2
138
300
349
452
545
605
700
898
1026
1551
2028
2398
2491
2294
2257
2156
1974
1713
1613
1484
1316
1045
639
525
552
683
826
873
974
1023
1091
1131
1153
1123
1041
910
897
924
884
866
1077
1152
1260
1381
1513
1580
1671
1823
1719
1531
1374
1269
1095
813
625
411
257
287
297
343
346
631
1054
1586
1989
2217
2439
2433
2168
1733
1306
1031
887
738
690
884
879
717
602
640
734
670
529
512
533
532
378
305
308
296
274
271
244
249
381
524
530
522
470
418
508
464
668
731
646
522
425
296
158
139
124
149
139
124
359
565
602
749
375
368
313
259
321
559
617
802
967
919
921
945
777
725
828
913
1197
1173
1171
1038
878
645
430
436
483
494
201
277
578
858
1024
1847
2567
3041
3229
3050
2702
2502
2415
2393
1848
1671
1521
1616
1439
872
510
400
578
759
1124
1583
1940
2052
1945
1677
1332
975
549
243
196
540
743
901
923
752
375
281
393
517
564
588
546
513
562
557
538
465
368
320
274
404
534
698
764
878
921
930
870
702
576
398
246
168
117
58
39
44
45
50
40
38
22
31
36
37
39
33
48
56
115
303
584
822
1059
1261
1649
2139
2747
3231
3466
3492
3067
2485
1514
1040
935
860
1034
1209
1272
1134
929
592
129
247
431
654
875
949
781
392
353
315
319
275
234
428
778
1101
1450
1996
2581
3391
4360
5056
5305
4913
4085
3295
2605
1302
794
1017
917
730
722
952
1237
1537
1579
1330
829
637
629
753
882
906
903
901
763
725
1150
1192
763
858
927
998
1018
1009
1062
1295
1437
1316
1099
996
1084
1346
1437
1471
1397
1329
1430
1634
1883
2226
2551
2798
2975
3025
2814
2523
2222
1897
1572
1309
1035
735
487
496
731
1222
1842
2547
3364
4043
4524
4502
4337
4104
3798
3592
3234
2798
2417
2075
1811
1507
1079
744
429
324
303
297
297
273
266
240
169
149
193
180
205
192
178
194
257
334
361
275
280
328
398
371
349
441
709
882
929
1000
1048
1241
1390
1485
1498
1428
1292
1057
761
417
223
89
86
142
225
370
579
658
615
542
692
648
489
327
281
319
506
680
801
927
1042
1221
1390
1595
1826
2139
2223
2007
2171
2166
1967
1493
1087
977
1028
971
939
927
1038
1219
1279
1179
1065
860
683
567
415
408
566
756
1006
1118
1117
1026
995
1011
1269
1665
1791
1711
1602
1451
1456
1503
1559
1492
1541
1689
2085
2581
3076
3555
3937
4177
4100
4051
4086
4365
4276
3955
3119
3006
2302
2088
1861
1467
1015
1332
1650
1932
2456
2999
3184
3171
3067
2774
2159
1735
1595
1423
1212
1333
1535
1576
1724
1993
2339
2524
2995
3589
4016
3428
2668
1930
1368
856
980
1485
1932
2533
3132
3794
3933
3666
3083
2440
1614
1409
1522
1341
1307
1177
937
851
840
721
478
367
434
543
606
620
484
275
253
244
178
165
208
280
260
232
117
69
53
76
75
76
114
165
225
221
180
136
95
59
17
9
52
130
147
200
170
128
120
86
30
2
18
19
2
0
0
5
7
10
23
42
76
64
39
17
22
38
33
15
8
1
2
3
1
3
2
2
3
4
4
7
8
8
11
10
15
9
4
85
231
435
679
1611
1197
1180
1049
940
748
609
763
933
1009
1077
1074
1117
1052
966
1038
1027
717
377
635
945
1126
1119
979
899
681
530
398
438
516
669
735
746
631
309
151
268
466
561
518
464
395
407
297
335
528
695
637
492
326
119
48
214
375
427
390
379
273
193
142
150
205
296
350
375
301
155
61
257
491
591
541
431
306
106
7
51
224
336
351
261
168
165
297
338
299
165
45
21
36
58
91
109
156
296
462
527
534
412
303
210
163
100
56
35
37
62
71
80
106
135
178
202
244
254
261
264
239
218
152
151
153
134
103
96
54
40
80
132
187
207
220
155
80
37
83
169
273
407
509
592
699
728
748
716
579
341
390
522
534
449
311
191
77
113
186
207
101
48
85
167
183
175
88
53
158
245
280
230
60
4
88
178
214
212
139
35
3
0
1
1
1
0
0
0
3
6
2
5
10
4
3
93
300
452
541
492
389
248
183
111
73
94
140
142
138
103
63
20
0
3
22
47
184
321
496
631
732
730
592
498
509
783
931
1053
1129
1151
1062
929
760
664
662
582
497
361
257
214
216
258
242
262
280
293
312
317
286
288
297
313
319
268
248
242
222
137
23
23
52
28
3
5
61
48
11
22
163
430
563
566
512
434
324
211
149
98
88
100
98
126
105
101
74
56
94
141
163
128
69
11
0
2
2
1
3
6
8
5
11
24
46
59
105
115
115
140
138
141
158
165
156
152
158
186
172
117
129
88
87
70
49
38
12
19
7
0
0
9
4
0
0
0
0
0
0
0
1
3
2
0
0
1
0
0
0
0
0
0
0
0
0
0
0
0
0
0
0
0
0
0
1
0
2
1
3
2
2
1
10
5
2
5
4
2
5
1
1
0
0
53
170
352
700
961
1129
1064
909
674
602
471
392
371
429
466
399
279
220
149
189
254
281
398
443
494
487
447
422
386
395
169
420
578
538
430
390
352
349
315
299
222
200
192
153
66
2
10
18
52
38
18
3
1
2
1
2
0
1
5
2
0
2
5
28
3
2
6
5
5
2
0
0
0
0
0
0
0
0
0
0
0
0
2
8
23
52
66
92
155
237
324
414
501
555
597
600
555
529
476
418
353
307
249
262
241
246
231
212
229
239
187
183
172
158
126
102
84
56
30
23
22
16
54
2
5
6
1
1
5
8
38
39
64
81
95
120
137
153
191
218
240
263
265
304
306
315
328
314
359
391
406
427
403
413
397
375
344
297
283
254
264
328
542
784
1060
1255
1499
1715
1913
2050
2108
2074
2075
2035
2021
2082
2182
2355
2395
2215
1940
1580
989
407
297
232
128
200
270
292
298
263
203
126
168
285
348
389
366
336
295
272
328
391
376
354
375
408
376
222
96
42
28
10
10
23
35
37
52
54
45
43
57
52
54
49
35
24
23
20
12
9
3
4
1
0
3
3
8
25
65
100
111
135
155
166
164
172
136
89
35
16
10
29
45
46
41
38
39
33
29
32
44
38
46
60
126
266
507
722
744
576
415
395
312
275
317
404
514
656
712
762
848
916
865
777
662
541
418
366
315
172
177
209
209
225
180
106
65
72
56
51
69
137
155
149
144
218
364
363
264
202
178
141
120
103
76
32
17
26
45
34
9
3
4
0
0
0
0
3
0
0
0
6
13
30
43
102
153
179
163
205
217
283
337
370
375
402
358
325
293
287
265
275
268
258
281
356
441
467
452
383
343
319
317
310
284
268
245
229
232
239
277
307
379
431
428
412
342
215
257
270
174
102
84
46
20
27
34
59
37
40
46
63
82
52
30
14
1
10
21
4
0
4
5
2
0
0
0
0
0
0
0
0
0
0
0
0
0
0
0
3
0
0
0
0
0
17
37
92
107
121
90
41
14
6
3
3
15
43
78
104
130
186
248
341
405
429
421
440
433
400
353
297
254
198
181
178
161
177
170
168
164
147
151
109
81
55
41
31
20
16
11
2
0
2
4
54
163
456
657
771
817
784
655
472
313
425
451
463
404
306
236
230
202
163
110
98
79
84
108
158
215
286
375
411
418
552
1043
1227
1066
650
493
493
434
328
321
312
230
176
204
154
96
92
85
90
93
62
65
55
53
43
23
9
10
16
21
14
8
8
9
6
8
16
7
5
1
2
0
1
1
1
0
2
20
4
4
8
9
3
8
20
61
134
194
221
236
227
212
186
182
210
338
388
431
423
369
260
89
8
31
113
145
112
60
43
36
36
38
36
40
31
30
23
27
19
25
40
50
54
56
57
79
78
64
39
25
11
10
12
7
0
0
0
16
78
172
263
321
361
426
486
882
474
397
335
264
350
544
638
693
685
677
688
632
513
483
590
595
630
685
740
636
465
596
761
773
811
935
942
893
751
586
369
337
345
506
622
664
655
600
479
264
73
81
113
98
79
47
1
1
52
92
80
84
67
34
25
32
53
56
29
24
20
28
39
35
16
12
10
21
14
3
3
0
2
3
0
2
1
0
0
0
0
0
2
0
2
0
7
11
9
12
10
13
9
20
6
13
7
3
4
0
2
3
4
44
126
278
399
531
731
917
951
955
891
791
655
517
374
255
170
116
78
80
107
127
147
148
125
67
11
0
0
0
0
6
11
9
13
3
4
10
7
7
1
2
3
17
40
72
134
214
270
320
337
407
459
485
431
341
239
296
319
335
326
325
367
398
442
572
736
970
1199
1399
1450
1429
1358
1269
1167
1024
816
557
386
430
530
688
977
1131
1219
1356
1543
1503
1325
1104
1381
1343
1401
1481
1677
1753
1777
1720
1776
1896
2116
2267
2240
2126
1788
1329
904
899
917
803
551
333
231
392
490
751
930
938
923
776
688
581
556
785
1005
1245
1631
1891
1930
1634
1327
939
540
685
972
799
411
388
368
232
312
647
859
889
842
963
819
495
342
474
415
719
846
752
534
599
476
302
786
393
272
315
530
808
777
984
1148
1127
775
626
837
1345
1191
995
750
591
943
1046
958
703
508
288
320
322
220
416
623
607
315
232
250
271
283
276
243
187
228
445
671
713
607
510
499
489
547
702
708
673
925
1309
1424
1462
1775
1999
2118
2045
1910
1756
1600
1496
1283
1033
833
655
574
601
630
532
308
115
111
168
158
142
50
32
47
60
130
179
238
208
182
82
62
132
180
186
130
89
64
76
85
86
114
121
133
150
134
130
141
136
98
107
154
174
160
130
121
151
141
119
133
111
105
85
64
52
45
45
43
43
43
31
39
53
98
133
198
226
267
298
303
324
325
314
311
319
313
338
352
333
323
298
258
220
202
160
127
97
74
70
56
34
31
33
28
20
18
16
16
12
9
5
7
8
12
17
30
40
31
33
45
77
106
118
150
149
183
220
272
336
352
384
374
346
309
263
186
125
83
36
5
0
0
4
29
0
7
5
5
9
9
9
15
16
16
11
8
6
6
5
8
8
8
2
2
2
4
4
2
5
3
3
5
1
1
0
0
0
0
0
0
0
0
2
0
0
0
0
0
0
0
0
0
0
0
0
0
1
0
0
0
10
38
71
160
238
414
730
1145
1467
1662
1660
1582
1466
1266
988
999
988
1006
1017
1026
879
832
803
625
586
624
685
999
1387
1461
1181
718
729
874
796
625
448
347
505
430
279
329
370
328
267
206
165
133
183
287
602
794
848
740
607
527
536
674
765
828
775
774
842
786
665
731
847
904
829
836
695
571
452
342
352
362
353
358
369
412
453
366
298
222
150
45
37
147
496
1195
1822
2112
2258
2259
2028
1700
1226
1095
936
667
401
155
180
261
450
579
674
692
714
551
312
471
598
443
312
115
52
206
313
409
427
436
393
260
205
245
266
202
252
341
368
414
541
776
1097
1363
1574
1878
2003
2078
2024
1635
1554
1578
1617
1502
1163
797
569
470
351
360
315
252
217
154
128
72
90
132
199
180
135
177
228
246
221
175
174
147
108
97
104
126
127
128
137
153
175
156
142
89
35
48
58
42
15
4
14
83
66
37
10
8
12
17
33
37
12
15
28
40
63
76
56
61
60
93
107
142
155
198
241
240
209
191
218
240
259
322
393
531
650
764
804
854
889
937
969
1077
981
974
911
850
725
654
541
418
282
146
97
98
177
246
280
353
450
538
503
368
319
550
765
998
1003
968
846
651
751
767
768
648
589
580
571
563
540
484
409
361
261
244
169
93
100
112
194
263
242
129
68
63
148
181
136
132
153
146
171
201
306
446
496
513
445
358
270
300
278
210
141
150
189
184
196
226
290
437
484
442
312
110
60
320
485
580
622
566
513
494
497
481
433
345
202
124
168
325
491
647
660
632
525
401
267
83
58
93
95
45
14
17
64
134
197
156
72
5
7
26
18
4
10
28
32
56
70
74
84
111
91
54
46
42
31
9
3
4
4
6
3
0
5
11
36
50
32
28
31
16
21
22
24
25
10
11
6
0
2
0
0
1
0
9
15
7
31
38
46
47
68
115
144
120
106
71
46
27
25
23
32
28
28
54
75
52
34
27
27
15
7
2
0
0
1
0
0
0
0
0
0
0
0
0
0
0
0
0
0
0
0
0
0
0
0
0
0
0
1
0
2
2
3
17
94
166
209
282
374
489
685
939
1059
1035
971
861
697
636
497
378
308
274
243
195
190
338
371
354
385
472
545
542
426
168
534
480
363
304
534
735
811
885
1028
1078
1041
838
833
819
678
658
677
668
827
896
888
783
839
782
865
848
891
872
783
654
439
331
379
336
256
144
205
236
242
220
192
151
150
200
222
372
736
1440
1981
2190
2404
2232
1870
1420
784
815
841
862
778
604
369
216
242
534
944
1280
1495
1627
2008
2199
2176
1306
1098
1193
932
255
319
528
572
401
114
87
253
465
512
447
719
1081
1265
1190
990
725
563
640
1101
1159
1154
1102
942
840
796
755
776
815
702
606
612
543
504
463
302
425
490
688
890
678
632
523
399
242
121
392
561
778
567
69
136
114
96
118
71
6
0
3
6
4
10
22
37
58
58
46
43
48
71
79
101
124
128
117
96
72
63
62
47
31
17
18
38
116
366
675
930
997
1100
1173
1179
1025
934
1041
1287
1580
1818
2013
1967
1557
1183
907
789
832
945
1019
938
742
405
344
366
317
241
195
278
445
660
824
902
902
799
328
573
689
649
472
298
390
478
565
658
742
858
839
547
339
601
683
629
467
421
543
609
682
906
1016
956
990
939
747
469
337
283
227
190
182
224
255
315
444
699
951
1033
953
890
685
514
429
619
868
904
874
813
703
566
690
658
463
431
414
330
385
448
499
609
786
1110
1355
1463
1376
1295
1257
1253
1191
1095
927
533
409
626
718
730
727
676
607
591
527
501
475
431
440
476
535
603
668
599
478
367
434
618
851
906
829
717
616
482
367
246
95
71
112
83
100
108
76
112
105
104
178
239
226
295
384
526
672
798
873
853
794
611
512
421
324
240
170
176
175
176
126
122
106
105
68
45
42
49
34
29
29
27
12
0
6
1
0
0
1
0
0
0
0
0
0
0
0
0
0
0
0
0
0
0
0
0
0
0
0
1
0
0
0
0
0
0
0
0
0
0
1
0
0
0
0
0
0
0
0
0
0
1
0
0
0
0
1
6
8
5
1
1
6
6
4
42
86
141
145
164
213
223
204
115
30
3
1
4
1
0
0
0
0
0
0
9
26
10
0
4
9
9
2
4
11
10
10
51
119
178
230
150
75
57
140
169
131
61
74
85
93
85
70
66
32
40
82
79
28
35
78
97
82
45
9
5
0
2
5
1
3
13
34
38
7
0
4
8
5
27
1
0
0
0
0
10
4
4
3
0
3
65
205
366
566
787
991
1558
1025
861
703
514
366
224
120
218
303
280
266
288
330
411
503
510
500
489
441
388
342
286
234
210
192
167
142
118
106
98
61
50
63
53
43
53
53
42
32
34
39
30
50
63
66
67
72
48
30
26
16
22
9
5
4
1
1
0
0
0
0
0
0
0
0
0
0
0
0
1
17
92
180
258
305
338
349
297
191
112
33
12
6
4
5
7
1
1
0
2
2
2
0
0
0
0
0
0
0
0
0
0
0
0
0
0
0
0
0
0
4
133
361
489
526
494
401
296
213
145
45
48
55
37
0
1
0
0
0
0
0
0
0
0
0
0
0
0
0
0
0
0
0
0
0
0
0
0
0
0
0
5
6
0
2
21
29
10
5
7
27
43
25
13
5
14
42
26
8
8
13
3
2
0
0
0
0
0
0
0
0
1
10
13
14
18
27
55
107
197
280
355
405
594
816
975
1173
1339
1521
1727
1862
1783
1377
971
661
890
1292
1489
1433
1042
887
807
632
499
551
588
630
662
605
423
527
688
846
868
1009
1211
1527
1796
1722
1389
965
737
769
685
525
419
263
526
809
1056
1253
1357
1503
1670
1759
1240
1037
1160
954
804
988
1170
1208
947
1028
1235
1484
1423
1115
1082
1025
839
588
824
846
723
638
487
412
649
929
960
537
388
451
337
214
447
804
934
678
278
527
655
485
303
364
438
379
366
420
438
495
486
413
435
418
402
389
357
235
255
413
659
808
865
828
805
729
637
529
434
426
417
367
316
264
273
196
194
206
195
162
134
113
132
135
122
107
61
66
56
65
91
103
111
90
70
107
111
100
102
91
42
40
27
28
36
51
54
48
68
68
76
66
40
44
54
44
39
46
39
18
2
1
2
1
2
3
5
5
6
7
19
37
25
20
7
9
10
37
29
7
15
11
0
0
0
0
0
0
15
30
30
62
107
165
243
333
410
516
647
746
834
839
871
737
602
530
478
406
317
184
140
150
185
221
238
259
265
248
267
260
273
305
387
416
376
345
296
286
298
340
325
299
232
214
205
163
204
251
233
204
236
240
203
146
230
203
167
118
67
47
70
91
119
83
32
90
133
126
96
73
23
9
55
102
103
106
115
113
133
155
152
136
108
89
81
150
179
151
92
69
35
40
46
37
16
0
3
8
22
33
16
1
1
3
10
9
35
13
8
6
27
5
14
45
86
67
40
31
64
94
87
81
94
20
1
8
13
4
0
6
5
21
18
14
29
38
37
31
37
54
70
94
134
174
224
218
231
222
229
222
215
168
169
105
86
61
44
34
58
79
97
88
82
80
90
126
122
119
117
88
86
115
147
146
169
207
226
260
281
330
313
286
148
41
180
303
404
436
571
676
763
810
779
835
607
516
403
344
465
446
350
234
174
141
92
58
61
93
69
48
62
58
30
22
17
14
15
8
2
6
29
70
85
72
33
19
153
349
430
415
135
298
295
315
310
269
153
69
27
18
58
67
63
70
47
25
10
12
23
17
37
49
45
39
27
19
30
22
21
15
11
4
0
0
0
0
17
122
330
591
845
1018
1009
931
1177
1185
1102
910
1021
1062
1018
840
693
550
427
277
225
306
402
474
585
617
1034
904
503
365
310
375
388
284
266
311
380
337
259
205
207
241
271
312
313
353
398
444
415
402
309
267
227
208
284
288
296
342
303
228
355
670
914
804
645
691
562
372
244
121
141
169
147
67
29
124
305
422
568
723
810
873
957
959
967
964
842
758
765
775
657
472
444
650
975
1381
1284
940
892
1035
825
570
388
354
329
339
334
278
328
422
451
471
438
405
387
386
359
336
329
329
326
323
344
336
319
327
339
317
279
262
212
199
176
163
226
287
337
454
589
607
532
438
461
469
308
103
38
42
44
70
62
59
62
64
96
100
128
152
183
172
159
156
149
160
152
149
158
154
144
133
132
125
117
123
108
95
70
58
69
120
190
207
194
194
171
185
171
163
152
118
111
93
124
136
159
168
204
247
276
277
278
309
316
302
280
221
122
63
19
12
2
5
4
5
25
83
160
218
260
293
265
292
409
310
224
194
153
122
99
67
60
30
5
0
2
5
14
58
119
198
252
305
374
400
401
390
332
355
295
240
281
250
288
280
278
271
178
253
508
380
238
138
82
26
39
65
92
114
119
134
131
134
103
100
88
77
42
50
25
33
35
44
44
30
16
11
23
26
29
41
34
28
44
45
39
116
162
145
33
77
68
32
40
68
87
99
101
113
132
157
155
155
142
123
115
97
93
90
96
79
87
103
204
276
306
324
237
109
63
86
103
141
169
155
137
129
92
79
48
39
46
31
43
84
165
178
405
584
731
764
801
789
867
882
810
762
649
622
590
432
384
337
325
340
319
305
276
190
242
254
233
345
425
434
355
393
398
420
370
339
353
301
268
267
240
187
158
136
104
95
96
101
95
51
24
59
110
106
57
42
26
25
19
2
0
0
0
9
13
10
9
3
2
0
1
3
6
16
22
25
19
15
10
1
0
8
136
328
385
536
672
720
632
426
531
831
1066
1151
821
434
599
724
481
119
544
614
396
254
506
397
291
386
656
605
283
469
599
558
507
673
881
906
741
760
816
733
669
630
396
419
512
471
395
366
265
119
83
218
483
642
659
719
972
1149
1145
1100
995
933
928
915
816
814
852
752
801
776
709
596
454
199
71
196
219
175
152
99
79
88
88
96
39
41
112
72
41
23
12
6
11
4
0
7
40
67
37
6
6
151
229
288
400
536
565
504
460
404
335
205
93
13
32
48
45
56
104
108
105
74
36
14
27
92
141
160
180
215
234
268
295
390
484
556
567
526
410
313
318
317
338
303
184
67
57
62
83
124
125
135
107
114
121
112
112
82
43
20
5
0
4
3
0
0
1
0
1
1
0
0
0
0
4
1
1
2
2
5
10
17
7
0
0
0
0
0
0
0
0
0
0
0
1
15
22
25
22
22
31
21
16
17
31
59
70
92
103
100
88
106
175
333
491
463
546
582
569
560
510
480
411
460
524
490
465
518
508
505
460
406
428
449
470
400
448
475
479
451
377
367
357
370
453
608
800
744
626
549
577
702
767
901
1026
1104
1124
1097
963
745
514
490
615
822
1134
1384
1564
1134
965
783
724
578
642
750
860
1182
1561
1866
2151
2223
1925
1502
1136
960
1118
1728
2227
2212
2320
2134
1950
1673
1440
1022
580
660
1118
1640
2029
2442
2757
2828
2833
2659
2048
1370
1011
767
578
707
947
1014
1113
1246
1345
1519
1607
1463
1186
851
968
1104
1437
1684
1668
1521
1429
1034
702
387
341
637
723
1046
1461
1667
1629
1505
1228
1044
1181
1381
1235
1209
1296
1278
1104
891
783
710
629
522
313
179
157
234
374
457
510
568
591
398
102
136
241
241
205
172
135
96
60
10
0
0
3
35
69
105
135
149
242
396
450
502
570
625
632
636
601
525
442
343
296
309
329
456
604
804
952
965
953
897
837
732
616
481
396
264
132
87
43
23
17
16
58
43
48
52
46
36
1
0
2
22
12
7
12
11
10
8
13
11
9
11
12
12
7
4
5
5
3
2
2
2
1
1
1
2
0
0
0
1
2
1
0
0
1
1
0
0
0
0
0
0
0
0
0
0
0
8
2
0
1
0
0
0
0
0
0
0
0
0
1
0
1
0
1
2
0
0
0
0
2
0
2
1
0
0
0
0
0
1
0
0
0
0
0
0
0
0
0
0
0
0
0
0
0
0
0
0
0
0
0
0
0
0
0
0
0
0
5
25
111
211
292
351
327
298
223
159
94
33
24
54
89
157
229
255
336
407
511
625
755
951
1155
1284
1270
1050
817
881
1190
1227
1081
848
648
637
581
446
242
93
79
209
392
458
482
477
470
492
520
529
475
439
406
402
361
336
437
554
585
517
384
305
306
351
382
383
338
238
186
216
195
161
310
700
1066
1378
1631
2293
2820
2978
2935
2733
2689
2323
1733
1566
1392
1350
962
783
700
748
737
637
738
710
636
548
513
668
808
920
838
822
788
675
569
474
400
351
265
160
145
98
103
148
224
290
399
463
436
371
296
222
199
165
150
120
99
116
115
142
155
146
140
137
140
227
448
707
903
1116
1313
1524
1669
1624
1507
1282
900
637
529
373
286
208
318
315
431
347
238
332
493
449
377
500
475
376
397
501
427
395
568
596
455
434
389
446
364
160
377
649
651
667
439
488
411
259
150
239
259
233
224
351
403
393
403
526
634
588
509
318
214
169
94
90
150
171
164
172
174
153
147
115
123
198
322
416
472
530
592
601
597
537
418
461
480
485
423
269
118
140
226
210
90
81
295
404
445
475
494
466
377
193
232
541
500
286
210
125
72
27
24
110
186
219
200
214
192
195
189
194
285
354
407
478
564
606
721
822
958
1068
1106
1171
1169
1168
1107
1007
690
439
369
236
244
137
66
8
9
18
8
14
64
94
97
99
108
109
94
81
75
122
164
168
673
217
158
158
106
56
27
29
61
89
80
89
134
146
198
271
368
456
580
631
662
642
579
466
330
186
71
23
25
64
55
34
12
26
54
65
40
17
1
8
13
11
3
29
49
23
1
0
4
0
0
18
34
42
20
0
0
3
39
79
105
76
60
33
14
1
1
0
0
6
14
17
2
0
2
0
0
0
0
0
1
7
2
0
8
0
4
16
52
95
104
104
127
79
102
207
292
372
427
428
425
409
370
272
207
154
118
108
118
130
137
152
149
150
155
178
187
207
262
295
334
348
373
374
365
354
326
297
241
179
115
77
38
20
6
3
4
32
87
135
156
133
125
147
226
237
233
196
177
167
169
217
218
193
156
108
56
39
46
44
32
45
78
64
65
66
67
96
100
78
70
85
121
204
234
219
184
141
115
85
62
62
42
11
6
5
3
2
5
5
10
27
38
57
79
136
185
250
276
333
396
379
398
394
373
371
315
290
302
301
293
316
284
267
220
152
101
58
25
8
4
0
0
0
0
0
0
0
0
0
3
5
12
24
42
80
131
239
359
461
475
367
285
169
126
80
38
28
18
40
44
32
14
19
13
5
9
24
49
53
63
65
76
99
166
257
315
349
385
470
490
552
574
610
568
539
408
247
354
332
488
695
922
1084
1073
980
883
640
653
858
1124
1331
1487
1748
2077
2029
1745
1441
803
706
721
485
502
583
702
827
903
909
931
1025
1085
1149
1114
1012
822
682
542
537
611
600
582
470
367
260
159
91
67
64
46
23
12
0
0
0
2
0
1
29
81
154
178
278
482
623
547
693
988
1106
974
680
445
372
156
464
531
473
539
787
1031
1167
990
539
275
179
169
180
161
118
82
72
62
75
43
40
27
27
49
182
229
228
169
80
63
47
5
3
3
13
18
25
33
28
36
43
26
8
0
2
8
7
11
0
0
0
0
0
0
0
0
0
0
0
0
0
0
1
0
0
0
0
0
0
0
0
7
24
29
101
314
676
958
1112
1073
1072
930
880
843
741
728
748
796
832
871
963
1111
1179
1265
1375
1257
1172
1006
1002
1107
1029
1104
1214
1204
1359
1764
2099
2314
2239
1970
1672
1216
896
650
587
590
484
366
333
369
497
645
635
575
614
918
1197
1407
1395
1436
1403
1304
1208
1203
1039
834
573
357
346
354
429
709
1095
1579
2136
2554
3102
3461
3536
3436
3319
3174
2859
2424
1777
957
996
867
478
323
566
589
528
511
567
585
614
569
484
417
385
381
446
340
208
107
196
408
504
551
460
389
318
191
141
98
80
85
77
58
34
11
1
1
1
4
11
32
72
71
80
116
132
174
178
159
190
183
278
373
439
448
439
374
289
189
104
33
9
1
1
0
0
0
2
23
101
116
136
135
159
389
162
162
158
165
130
115
98
56
20
0
0
0
0
0
0
0
0
0
0
0
0
0
0
0
0
0
0
0
0
0
0
0
0
0
0
0
0
0
0
0
0
0
0
0
0
0
0
0
0
2
7
19
24
19
29
35
72
146
242
351
401
419
385
333
281
189
117
39
12
14
30
26
15
7
8
6
0
0
0
5
20
0
0
3
0
0
0
0
0
3
13
21
26
19
9
4
0
0
0
0
0
1
8
9
29
35
40
46
45
53
43
43
28
16
12
5
2
2
3
0
0
0
0
0
0
0
0
0
0
0
0
0
0
0
0
0
0
0
0
0
0
0
3
0
0
0
0
0
0
0
0
0
0
0
0
0
0
0
0
0
0
0
0
2
1
0
0
0
0
0
0
0
0
0
0
0
0
0
0
0
0
13
0
7
6
4
0
0
0
0
0
0
0
0
0
0
0
0
0
0
0
0
0
0
0
0
0
0
0
0
0
0
0
0
0
0
0
0
0
0
0
2
0
0
31
107
134
118
101
71
13
0
0
10
51
75
94
102
50
29
11
3
0
0
0
1
1
1
0
0
0
0
0
0
0
0
0
2
3
6
27
66
130
237
357
519
663
763
1000
1218
1368
1586
1795
2010
2143
2232
2225
2194
2062
1786
1419
1073
646
404
621
682
740
607
350
64
28
27
14
26
44
90
128
291
469
602
698
569
357
787
905
875
749
670
516
447
390
385
251
325
468
507
500
484
471
459
430
384
320
278
273
280
308
262
239
339
482
717
931
1197
1318
1430
1410
1248
959
795
710
661
608
637
766
911
998
1128
1245
1352
1279
1293
1122
1367
1619
1539
1302
902
1573
1654
1406
1122
915
706
561
464
342
390
1034
1461
2035
2516
2608
2420
2269
2207
2251
2207
2076
1951
1814
1676
1541
1368
1075
783
682
624
654
632
647
614
550
461
346
300
228
315
379
447
578
1117
1417
1574
1467
1192
331
469
483
362
569
833
1042
1222
1276
1106
725
631
510
738
1135
1616
2025
2364
2763
3004
2956
2710
2498
2182
1902
1681
1255
814
793
784
957
1091
1150
1117
913
870
1008
1102
1271
1445
1620
1727
1930
2171
2265
2366
1600
1598
1643
1420
1200
848
642
518
617
632
575
669
862
986
1035
1152
1236
1343
1419
1335
955
559
684
800
722
540
429
387
384
355
345
334
327
281
130
50
70
201
283
345
382
369
343
297
215
165
89
88
28
45
39
25
9
6
3
9
11
12
27
36
34
25
43
53
58
49
48
57
69
89
103
107
104
95
87
86
93
96
129
124
132
95
55
36
14
25
41
53
73
87
102
119
108
102
134
164
183
195
185
173
150
132
152
294
483
586
620
656
645
661
677
664
668
630
579
558
565
564
493
323
113
51
166
296
445
549
614
623
552
485
442
371
273
197
109
26
16
36
113
191
277
282
205
160
111
52
87
155
252
284
294
289
287
290
268
227
203
140
84
42
11
4
11
13
22
23
44
24
9
0
0
0
1
0
5
7
7
10
15
7
5
0
0
0
0
0
0
0
0
0
0
0
0
2
0
0
0
0
0
0
0
0
0
3
13
11
2
0
0
0
2
12
32
65
68
96
194
312
422
597
776
1012
1175
1350
1498
1685
1845
2025
2149
2176
2172
2063
1948
1851
1730
1497
1368
1130
795
631
445
324
234
155
134
187
262
259
228
177
137
89
69
66
53
62
101
120
92
125
315
510
524
429
132
13
12
6
9
9
0
10
22
43
47
58
106
145
144
116
72
35
11
50
110
132
147
137
145
138
115
223
244
184
106
34
15
9
11
27
21
3
0
1
4
1
3
58
197
234
120
23
8
5
6
6
3
3
15
21
35
50
56
58
71
72
76
82
97
77
85
88
82
80
65
74
128
170
137
139
122
102
96
76
85
34
70
130
126
143
170
189
221
214
214
170
114
86
64
69
46
73
68
65
36
25
15
11
11
22
9
10
15
14
9
6
4
12
5
11
11
21
38
57
70
87
89
85
73
65
55
51
57
71
71
98
112
111
102
107
103
91
82
62
67
54
34
33
56
73
106
155
170
155
125
101
38
2
0
1
0
0
6
16
25
46
80
131
114
83
75
56
50
2
0
0
6
6
2
0
0
5
0
0
0
0
0
3
12
36
62
47
28
21
19
5
0
0
0
0
0
0
0
0
0
0
0
0
0
0
0
0
0
0
0
0
0
0
0
11
6
0
0
0
0
0
0
0
0
0
0
0
0
0
0
0
0
0
0
0
0
0
0
0
0
0
8
30
1
3
3
40
144
263
399
458
428
379
371
319
286
294
317
348
385
424
432
456
359
311
325
339
397
406
409
415
396
315
193
140
329
477
588
680
699
650
543
439
74
9
0
12
22
64
78
60
23
4
34
25
8
26
0
3
12
18
24
28
47
64
78
112
138
170
252
345
415
449
456
469
456
466
466
472
478
427
394
358
312
263
219
205
233
262
301
322
367
362
350
290
352
443
481
436
223
184
172
130
107
105
56
8
19
25
15
110
157
117
90
90
79
72
67
60
81
76
59
5
0
0
1
0
0
0
0
1
0
0
0
0
0
0
0
0
0
0
0
0
0
0
0
3
11
6
5
6
8
3
5
2
4
30
94
134
148
149
170
143
139
107
63
22
9
11
14
13
9
13
11
10
37
7
9
7
6
4
6
4
12
14
27
24
28
17
8
15
35
47
51
67
84
95
107
110
97
86
76
51
44
53
57
72
66
50
54
94
88
127
159
219
260
314
333
396
428
387
345
413
538
485
414
519
550
436
286
313
363
424
430
316
231
119
64
148
154
168
121
88
57
38
25
39
80
145
177
191
192
177
149
121
97
84
61
44
27
27
3
0
0
5
2
2
0
0
0
0
0
0
0
1
0
0
0
0
0
0
0
0
0
0
0
0
0
0
0
0
0
0
1
1
1
0
0
0
0
0
0
0
0
0
0
0
0
0
20
22
2
12
7
3
0
0
0
0
0
0
0
0
0
0
15
19
0
12
14
29
218
551
876
1043
1082
989
761
558
608
1055
1158
1094
814
435
405
729
1014
1247
1173
977
1065
1151
1187
1173
1017
898
756
606
444
296
172
40
17
20
31
43
23
61
148
203
212
235
265
254
247
249
270
275
280
295
308
323
296
322
385
400
369
342
319
291
248
188
96
40
27
74
218
377
440
506
341
63
156
93
39
47
39
23
24
21
8
1
8
1
0
0
0
1
0
1
1
0
0
0
0
2
30
115
208
263
262
250
245
240
200
125
37
33
230
313
223
48
25
28
42
54
67
46
32
13
109
108
72
15
0
0
0
0
0
0
0
0
0
0
0
0
0
0
30
0
7
2
42
136
102
0
0
2
0
1
0
1
6
12
9
6
14
23
28
26
36
57
68
71
85
100
96
89
66
78
61
60
55
39
38
50
48
56
48
16
15
8
5
1
1
11
116
237
392
403
370
190
223
363
379
193
27
46
6
31
54
24
5
0
0
2
6
8
11
6
6
58
15
49
45
28
53
106
153
194
246
271
285
302
322
352
371
382
397
479
603
654
746
820
874
921
1018
1091
1078
997
913
767
615
482
359
232
174
109
51
11
12
23
17
1
6
24
15
0
7
16
13
13
15
15
52
146
419
694
1033
1350
1597
1725
1791
1878
1895
1841
1793
1667
1506
1278
1046
814
519
251
85
55
227
446
621
813
1007
1084
1160
1104
1019
875
636
406
156
74
179
357
480
570
627
598
530
416
365
299
260
206
164
105
57
53
49
40
50
30
12
9
0
0
0
0
0
0
6
26
10
0
5
3
5
4
0
3
10
12
12
10
7
0
0
0
0
0
0
0
0
0
0
0
2
1
4
4
4
3
4
4
1
0
0
0
0
0
0
0
0
0
7
39
95
172
254
390
581
770
979
1171
1331
1379
1293
1210
1002
731
609
478
386
446
538
516
359
295
272
265
199
209
161
140
137
78
52
37
10
1
1
2
1
1
1
8
17
46
28
47
64
87
98
157
279
418
478
777
822
792
875
911
868
602
596
632
663
655
470
532
726
750
578
647
492
592
814
833
931
889
646
554
736
665
721
788
979
999
738
523
258
267
320
337
290
186
114
85
80
70
43
35
41
55
42
27
16
19
21
13
17
22
19
12
11
20
55
68
65
42
12
2
2
3
9
23
48
92
121
113
148
188
271
305
270
253
261
317
350
356
355
290
141
77
98
144
166
125
105
79
65
57
46
55
84
99
93
105
161
171
111
111
130
220
220
231
223
280
346
380
401
459
593
880
1142
1406
1376
1114
690
486
477
422
310
308
305
253
208
145
107
125
95
32
39
79
132
158
150
78
23
10
3
9
14
18
11
9
22
24
51
105
159
150
112
92
87
62
62
35
25
21
25
26
7
1
1
9
29
39
31
37
85
175
232
281
239
162
109
101
90
94
75
80
117
157
164
138
86
40
40
71
100
105
107
101
92
72
47
22
27
35
62
151
308
452
747
966
1142
1427
1520
1643
1558
1451
1053
805
1032
1200
1372
1413
1570
1712
1546
1414
1135
976
780
556
432
380
255
198
184
128
103
109
148
179
152
148
145
139
154
165
174
174
140
117
132
104
110
128
110
119
147
178
156
146
191
197
176
208
297
369
417
320
274
192
153
128
89
96
87
97
158
263
305
245
169
247
268
246
273
301
279
465
201
339
382
366
330
227
107
217
210
250
306
378
552
807
910
900
796
768
1050
1210
1272
1350
1386
1347
1325
1291
1180
1029
873
785
687
633
660
726
768
798
766
788
811
751
592
494
412
349
326
239
122
12
56
157
220
246
168
190
307
668
1257
1948
2641
3187
3438
3107
2259
1016
871
1123
1067
1101
1331
1499
1482
1248
992
705
523
691
1283
1965
2355
2135
1226
741
1116
1259
1488
1785
2064
2219
2188
1725
1044
624
473
400
497
489
408
207
68
40
14
23
53
106
223
419
846
1570
2392
2540
2440
1859
1395
1188
957
654
549
546
456
194
52
20
22
31
11
26
122
169
188
188
188
149
154
184
210
191
182
139
122
164
143
101
152
354
531
764
1012
1189
1365
1511
1629
1713
1877
1996
2135
2175
2144
2177
2050
1730
1472
1126
659
525
367
342
400
434
524
643
720
733
700
770
913
1160
1373
1453
1363
1286
1053
909
1048
978
959
954
887
812
791
1081
1342
1432
1548
1771
1847
1713
1506
1222
948
725
691
522
292
139
103
152
246
312
303
201
115
88
112
104
62
49
77
136
190
215
261
232
130
64
69
116
203
241
249
244
211
187
205
269
343
370
408
306
90
52
83
77
74
100
198
382
799
1017
903
707
491
324
200
86
37
35
49
55
95
99
105
134
156
192
194
172
170
177
235
359
471
687
899
896
655
1362
1837
1963
1724
1483
998
1067
1512
1552
1329
711
1207
1544
1577
1536
1368
1176
989
930
787
614
820
982
811
753
726
746
899
964
1035
1225
1513
1913
2431
2658
2616
2569
2623
2976
3246
2978
2777
2661
2454
2091
1181
669
532
532
644
679
700
625
638
692
653
581
428
287
153
62
18
25
96
132
276
569
893
1089
1008
981
1342
1469
1556
1500
1469
1451
1319
1235
1065
999
924
751
420
235
500
825
808
234
801
1108
1110
1018
909
691
275
367
607
361
214
709
802
752
671
551
502
423
351
326
226
114
216
353
321
133
307
534
692
727
624
513
330
227
79
85
185
150
280
399
473
409
249
203
345
569
734
860
995
1094
1264
1366
1505
1555
1607
1576
1328
1194
963
871
947
1210
1497
1626
1794
1769
1705
1434
1133
990
751
603
387
259
163
133
173
152
104
59
81
124
88
65
23
16
49
106
62
62
82
77
58
35
25
50
237
624
1022
1379
1641
1854
2066
2513
2409
2555
3336
3712
3845
3879
3558
3172
2759
2316
1875
1331
948
681
704
565
283
267
339
410
333
249
176
99
44
47
25
29
47
15
18
47
3
0
0
1
8
10
0
0
1
0
0
0
2
0
1
1
1
1
0
0
0
0
0
1
0
0
0
0
0
1
0
0
0
0
0
0
0
0
6
19
7
33
39
21
2
0
0
0
0
0
11
83
139
103
51
13
3
5
54
160
190
203
185
102
2
1
3
2
2
36
39
7
9
2
2
1
5
2
1
0
0
1
0
1
0
17
58
38
8
0
0
0
0
5
13
7
8
1
0
2
3
1
0
0
6
7
1
0
0
2
1
0
0
0
0
0
0
0
0
3
3
0
0
0
0
0
2
0
0
0
0
0
0
7
5
5
0
0
7
17
15
1
2
7
15
18
18
6
12
22
28
22
25
62
129
156
160
139
98
69
37
39
31
27
50
64
114
131
129
148
220
345
474
540
580
464
291
152
100
92
54
40
60
150
270
300
218
120
97
109
123
119
89
63
49
28
14
0
0
0
1
6
13
3
0
0
0
0
0
0
6
8
26
35
18
25
39
22
30
24
21
12
5
5
10
6
1
0
0
0
0
0
0
0
0
0
6
13
12
6
16
20
20
12
0
1
4
0
0
0
0
0
0
10
119
238
288
320
368
334
228
176
140
175
200
216
130
80
105
127
143
144
139
147
116
102
77
76
55
64
54
70
108
162
246
356
456
419
291
161
71
56
53
82
121
164
213
244
329
424
526
607
687
744
879
949
1027
1094
1225
1166
1000
770
605
508
449
390
366
341
378
419
377
360
310
239
177
155
159
149
175
168
217
261
322
284
149
50
31
41
50
92
103
144
140
175
207
202
209
239
301
308
309
286
286
268
302
391
488
561
593
566
558
604
769
955
1136
1188
1260
1204
1159
1045
934
798
759
763
727
701
633
577
637
675
639
545
471
404
307
234
188
199
178
126
78
91
51
29
67
110
193
276
281
188
116
116
139
144
155
124
149
160
145
117
85
60
65
35
12
8
24
24
12
9
2
5
20
35
49
44
35
51
52
31
2
9
33
0
1
3
1
2
12
6
1
0
0
1
0
0
0
0
0
0
0
0
0
0
1
5
8
16
12
13
5
4
2
7
9
15
22
5
4
7
4
0
0
2
2
0
0
0
0
0
3
0
0
0
0
5
0
0
0
0
0
0
0
0
4
1
0
0
0
0
9
2
0
0
0
0
0
0
0
8
31
0
5
12
7
6
1
0
0
0
15
159
378
508
567
622
646
612
605
580
504
415
308
185
79
58
45
35
16
5
4
0
0
0
0
0
0
0
0
0
1
0
0
0
0
0
0
0
0
0
0
0
0
0
7
68
170
276
365
379
358
317
271
212
106
59
33
21
30
26
36
53
64
55
59
68
43
36
21
15
5
0
0
0
0
0
0
0
0
0
0
0
1
3
0
0
3
0
0
0
0
0
0
0
0
0
0
0
0
0
0
0
0
0
0
0
0
0
0
0
3
3
36
25
14
38
64
76
89
116
113
160
223
241
285
324
385
433
467
441
420
367
318
269
208
188
126
100
64
36
16
12
20
44
55
76
129
218
256
259
239
180
118
86
57
20
7
0
0
0
0
1
0
5
0
0
0
0
0
0
0
0
2
0
2
2
1
3
8
24
0
0
3
1
0
1
12
36
36
9
6
6
10
14
25
32
40
40
33
12
26
20
0
5
23
7
4
9
2
25
15
16
35
38
31
24
19
11
29
50
79
138
193
275
349
318
225
103
53
28
31
27
16
6
0
5
2
1
0
0
48
106
213
238
225
137
18
0
4
15
35
65
89
146
139
164
258
354
363
391
479
556
639
687
729
690
657
692
718
690
630
639
673
732
673
628
566
531
457
378
375
406
398
411
337
214
114
85
60
37
22
22
22
41
41
15
19
39
42
7
8
22
32
34
42
57
70
70
81
81
75
49
61
43
39
16
40
36
7
16
30
58
63
107
115
129
169
186
173
166
111
77
75
63
74
107
123
119
119
87
75
40
13
0
0
0
0
0
1
17
24
28
35
60
55
1
14
32
24
30
48
71
41
25
1
3
18
37
22
1
3
20
23
34
29
29
29
15
15
3
5
9
3
1
31
17
11
0
8
24
40
71
173
241
240
171
114
106
128
139
122
100
86
80
102
153
242
294
291
284
261
191
116
27
1
3
7
2
1
2
0
0
0
1
8
31
106
199
298
380
453
460
440
389
299
214
175
136
110
97
91
57
25
5
19
26
48
71
27
5
25
49
59
74
105
88
44
20
9
25
14
17
58
75
38
11
24
28
15
3
15
16
1
3
9
7
1
0
0
10
10
9
1
10
8
2
0
0
0
2
12
0
1
0
0
1
1
0
0
0
0
0
0
1
0
0
0
0
0
0
0
0
0
0
0
0
9
41
70
61
49
15
25
22
6
0
0
8
17
23
10
7
13
44
41
14
23
18
7
1
0
9
3
1
0
0
5
6
0
9
24
16
0
4
5
4
11
5
3
0
5
18
23
10
34
81
130
159
331
558
1295
1702
1944
2123
2117
2286
3052
3486
3287
2914
2382
1699
1103
1239
1502
1746
1536
1113
1069
982
965
992
1175
1239
1374
1321
1411
1420
1213
1136
1048
1038
1009
960
833
652
474
386
331
265
235
234
152
89
93
90
97
125
185
201
209
204
214
192
162
140
133
184
308
448
678
849
843
703
449
274
484
609
653
648
723
651
601
565
462
373
268
735
1277
1529
1606
1681
1506
1156
1051
1018
1025
1084
1105
1063
1034
1074
999
1018
965
908
821
682
494
222
805
1090
1336
1014
347
466
271
380
580
642
911
1097
1244
1370
1445
1624
1936
2068
2169
2314
2542
2827
2938
2761
1617
1221
1370
1047
919
784
750
732
741
715
620
417
246
389
763
1141
1488
1722
1888
1977
1958
1735
1378
1043
579
460
467
404
348
283
158
102
129
61
62
125
137
88
62
43
36
65
183
305
411
461
485
633
907
854
773
509
434
417
231
210
444
625
838
1112
1511
1796
1784
1668
1693
1766
1863
1916
1853
1644
1480
1296
1003
575
765
896
964
1104
1199
1284
1286
1252
1114
900
616
521
647
752
740
633
571
623
692
714
697
676
1001
1397
1569
1606
1787
2015
2159
2179
2265
2263
2242
2112
2073
1831
1552
1417
1130
953
686
548
751
1102
1328
1450
1557
1648
1767
1780
1613
1465
1199
1155
1036
983
875
783
557
559
673
723
806
819
826
790
611
414
292
309
341
346
308
252
168
177
265
357
497
585
654
705
666
613
625
679
638
596
593
567
529
452
502
738
1099
1606
2135
2566
2886
3040
2869
2564
2356
2106
2056
1847
1813
1752
1756
1614
1469
1374
1099
741
677
821
1107
1351
1561
1803
2249
2599
2939
3012
2911
2726
2304
1912
1440
958
617
937
1214
1455
1526
1542
1506
1408
1279
1182
1125
977
755
483
182
91
286
593
951
1147
1226
1200
1136
909
652
266
184
360
458
496
514
563
578
621
650
710
836
888
1088
1356
1723
1833
1806
1718
1675
1626
1543
1385
1190
950
941
1082
1261
1409
1538
1435
1313
1224
1263
1183
987
977
1397
1635
1705
1419
1207
1137
1093
1057
998
915
687
640
758
953
1094
1121
1151
964
590
1148
653
650
743
809
817
885
909
1003
1075
1148
1155
1115
1062
952
811
553
260
322
476
582
711
798
863
859
770
679
600
517
430
418
437
449
487
545
602
748
930
1044
1120
1075
874
827
705
566
473
353
224
347
505
584
714
809
821
763
738
660
655
659
590
494
439
483
597
546
495
417
370
249
114
86
110
143
206
243
267
264
218
197
201
229
249
284
307
307
306
322
337
233
161
253
260
179
85
35
13
22
36
36
19
15
12
9
5
24
36
46
28
27
27
22
27
43
54
66
51
35
9
1
0
2
0
0
0
0
0
1
14
0
5
4
4
1
0
6
1
4
28
147
427
800
1188
1590
2023
2356
2762
3121
3433
5521
3478
3326
3089
2973
2812
2709
2739
2725
2585
2593
2411
2090
1704
1385
1267
1204
1175
1068
996
1024
987
939
1009
989
1044
1000
889
812
609
389
300
389
578
738
789
804
878
1095
1146
1102
1011
872
736
693
683
631
580
605
599
682
691
704
695
615
611
679
699
612
536
462
341
288
227
213
150
106
61
77
66
41
18
51
95
149
171
156
146
106
55
81
76
47
34
15
5
1
0
14
59
44
44
36
38
16
9
10
23
29
27
36
29
24
16
27
33
19
10
20
24
6
11
6
3
1
0
0
1
3
7
5
1
30
56
134
198
190
173
142
51
22
20
19
5
1
9
9
4
2
1
0
0
0
0
0
0
0
0
0
0
0
0
0
0
0
0
0
3
5
22
87
110
65
31
11
6
3
12
14
22
45
88
105
98
111
73
31
39
41
59
63
33
35
33
34
23
27
28
31
25
14
14
6
7
6
4
3
1
0
3
4
13
21
30
20
24
15
15
16
21
10
11
11
8
0
9
13
24
12
8
5
7
3
5
4
1
0
1
0
0
0
0
1
3
5
5
3
2
1
0
0
0
26
158
410
556
595
575
481
389
315
229
136
64
29
22
24
30
42
45
40
30
16
7
7
2
0
0
0
0
0
1
0
0
0
2
2
4
27
52
103
157
220
246
243
188
143
69
21
11
21
20
13
2
1
0
0
0
0
2
7
3
7
2
0
0
0
1
0
0
0
0
2
1
0
1
0
0
2
1
1
0
0
0
0
0
1
0
0
0
1
0
1
2
3
2
0
1
0
1
2
1
0
1
0
1
0
0
0
0
0
0
0
0
0
0
1
0
0
0
0
0
0
0
1
0
0
0
1
0
1
0
1
1
19
13
3
8
12
8
9
3
2
3
1
1
4
10
5
5
8
4
5
14
43
124
207
290
404
541
913
1191
1313
1163
1117
1158
1157
954
828
737
583
469
422
345
204
137
90
69
46
89
191
289
321
294
264
276
270
312
295
241
203
204
202
166
150
117
121
152
213
273
232
159
112
87
51
36
34
39
38
43
39
51
60
79
77
65
58
47
50
76
82
97
139
158
196
248
280
314
354
357
358
381
349
337
298
270
241
196
152
107
95
78
62
89
79
117
200
243
314
581
942
1393
1680
1568
1374
1198
1039
809
616
482
385
269
233
254
435
519
532
535
519
449
353
370
459
511
544
614
629
640
609
496
286
165
443
617
805
1002
1362
1523
1610
1460
1316
1040
886
665
478
428
395
324
240
105
71
134
175
176
187
188
291
557
870
1075
1145
1205
1188
1250
1327
1333
1396
1485
1447
1196
975
747
600
494
418
357
319
277
345
410
409
474
547
569
490
210
446
493
426
398
651
980
1109
1103
815
603
565
598
782
912
900
845
795
712
650
568
466
352
297
372
403
304
396
381
234
113
150
89
17
118
156
101
79
167
266
352
430
398
381
366
345
262
169
120
97
63
83
103
100
96
112
104
94
64
50
60
86
107
96
77
70
53
50
48
37
13
5
63
160
255
297
399
514
555
593
751
926
1180
1327
1284
991
813
1175
1273
1305
1317
1400
1402
1288
1335
1282
1137
1041
1039
1121
1095
943
775
883
1053
1121
1361
1584
1591
1421
1134
818
572
296
489
550
625
672
817
934
993
1137
1362
1873
2309
2354
2185
1968
1677
1450
1344
1512
1695
1584
1424
1216
1023
918
1088
1420
1606
1564
1471
1595
1700
1390
986
919
729
428
341
397
570
668
660
606
417
322
301
316
242
176
112
112
190
274
390
478
562
582
576
491
415
334
245
110
61
54
51
84
122
194
185
185
169
203
214
187
186
169
179
179
196
203
203
172
115
62
22
1
0
0
1
1
23
47
53
58
71
68
74
115
206
467
802
1019
1373
1845
2214
2411
2574
2416
2172
1750
1331
1094
735
529
572
718
676
439
286
700
1233
1737
2209
2504
2629
2666
2596
2601
2280
2082
1874
1557
613
497
785
768
693
546
523
442
366
270
375
504
576
627
671
706
713
629
508
364
227
148
66
25
42
41
45
47
67
71
128
410
294
352
523
723
1038
1240
1376
1737
2047
2395
2663
2602
2515
2175
1864
1731
1519
1167
871
540
353
396
365
434
557
510
367
154
202
467
657
857
1111
1071
906
678
475
406
404
465
477
457
439
454
493
644
754
703
630
537
474
480
690
906
995
1123
1375
1653
2064
2380
2483
2447
2337
2140
1919
1805
1804
1870
1997
2151
2273
2379
2282
2114
1880
1648
1470
1407
1270
1122
818
589
338
401
468
441
332
270
157
153
163
186
202
175
107
11
2
6
14
14
1
3
35
89
67
19
0
0
0
1
0
2
1
0
7
6
1
1
2
8
0
0
0
0
0
2
5
2
6
15
10
0
1
1
8
2
13
9
2
0
0
5
5
2
0
0
0
0
0
0
0
0
0
0
9
14
9
0
2
3
5
4
0
0
0
0
0
0
0
0
0
0
0
0
0
0
0
1
0
1
4
7
14
9
0
1
0
0
0
0
0
2
6
10
8
4
0
0
0
0
0
0
0
0
0
0
0
0
0
0
0
0
0
12
1
3
1
14
20
50
110
213
364
449
465
482
510
548
552
540
404
249
162
195
203
167
95
37
27
43
27
28
30
30
56
62
66
81
38
28
17
5
0
10
29
22
51
71
22
34
56
94
95
71
75
76
76
57
57
75
97
80
70
52
41
29
22
35
45
41
26
31
24
42
34
30
39
21
20
10
7
4
4
3
2
0
1
0
0
0
0
0
1
0
0
0
0
0
0
0
0
0
0
0
29
86
241
391
491
524
501
444
362
268
136
41
58
47
46
41
21
5
4
2
0
0
0
0
0
0
0
0
0
0
0
0
0
0
0
0
0
0
0
0
0
0
0
0
0
0
2
0
0
0
0
0
0
0
0
0
0
0
7
101
185
235
213
163
116
82
67
39
1
2
27
75
107
121
105
50
3
0
2
8
0
0
0
0
0
0
0
0
0
0
0
0
0
0
0
0
1
0
0
0
0
0
1
1
0
0
0
0
0
0
0
0
0
0
0
0
0
0
0
8
104
189
293
332
357
353
332
322
309
268
225
240
266
249
113
118
184
210
166
75
40
52
103
126
51
15
16
45
38
16
8
7
2
4
4
9
3
2
2
0
1
3
8
8
7
18
84
217
406
590
709
727
742
652
573
557
448
339
267
255
263
253
257
248
235
451
149
115
92
63
40
18
14
4
4
1
1
0
0
0
0
0
5
1
0
0
0
1
1
2
0
2
0
0
0
2
1
1
2
3
7
23
30
35
13
10
54
136
227
293
306
291
316
401
530
639
621
528
452
499
438
379
408
345
215
257
344
262
129
93
183
239
252
202
175
134
16
17
142
228
248
274
249
224
170
74
4
36
122
158
173
238
337
405
445
462
429
393
351
311
272
210
140
127
98
113
86
116
101
126
145
165
158
155
131
129
99
107
104
121
107
96
68
44
23
6
1
0
1
0
3
6
12
30
30
54
82
122
136
160
193
223
221
216
209
181
163
156
156
193
216
236
240
228
199
155
101
74
77
106
111
139
168
201
239
272
269
248
244
190
139
78
26
5
1
11
9
4
7
7
9
11
14
23
46
29
38
35
29
32
50
78
41
8
8
11
8
17
10
11
29
59
55
23
22
58
110
131
105
75
36
21
44
63
101
114
86
56
35
35
29
26
15
11
8
21
28
52
100
150
432
443
215
168
141
99
69
28
13
3
0
3
4
3
2
6
7
6
12
14
12
17
20
20
18
22
27
37
48
47
42
29
23
24
24
20
13
8
5
3
0
0
0
0
0
0
0
1
3
3
5
5
6
6
4
2
3
1
0
0
0
0
0
0
0
0
0
0
1
0
0
0
0
1
0
0
0
0
0
1
0
3
3
2
3
0
0
0
0
0
0
0
0
0
0
0
0
0
0
1
0
0
2
2
6
30
31
24
4
0
0
1
1
0
0
0
0
0
0
0
0
0
2
0
0
0
0
3
2
3
1
0
2
0
0
0
3
58
130
131
72
30
21
77
120
133
84
37
8
1
1
1
4
14
21
16
27
134
224
292
313
296
222
111
59
42
54
45
64
66
57
56
48
51
33
26
18
74
229
333
411
416
389
344
261
151
39
15
6
5
5
7
9
18
24
28
41
72
110
201
258
299
341
358
388
402
371
324
250
190
132
100
77
57
24
19
9
5
2
0
0
0
0
0
0
0
0
1
1
0
1
4
0
3
0
0
0
0
0
2
4
0
3
3
9
21
33
20
24
31
44
37
16
20
9
5
3
2
2
0
0
0
0
0
0
0
0
0
0
0
0
0
0
0
1
0
0
0
0
0
0
0
0
0
0
0
0
0
1
0
1
1
0
0
0
0
5
38
24
12
0
0
2
9
7
0
0
0
4
42
212
386
524
626
715
785
842
860
921
972
1068
1171
1258
1399
1512
1579
1612
1713
1756
1715
1623
1557
1355
1089
817
575
381
218
125
67
21
6
0
0
0
3
2
18
41
66
160
255
222
220
231
317
381
331
145
77
44
41
35
25
54
74
82
90
87
98
94
95
104
118
139
133
126
101
85
69
31
4
1
5
0
0
0
0
6
22
73
121
162
225
287
381
387
399
344
251
213
154
178
184
161
218
340
525
623
732
730
685
605
418
255
112
40
33
132
260
496
650
848
937
1202
1359
1469
1553
1647
1777
2061
2252
2272
2211
1983
2207
2516
2565
2246
1970
1782
1668
1527
1367
1250
1164
1101
980
818
726
574
440
392
390
380
428
424
394
381
295
132
84
79
102
176
274
398
419
398
430
481
570
788
969
971
1042
1259
1258
1129
896
583
303
214
308
309
304
400
741
969
1079
1024
930
815
785
719
718
691
668
657
679
720
679
710
757
686
646
435
177
59
165
369
638
704
670
536
486
536
593
712
738
675
673
810
913
1028
1050
865
592
446
506
600
560
439
479
667
642
499
382
270
261
259
234
197
159
128
99
79
104
211
280
254
121
16
71
124
61
76
55
22
22
42
135
216
169
110
76
94
128
113
142
169
215
297
341
389
421
367
361
370
479
492
515
534
557
548
494
392
349
335
285
228
185
240
315
343
412
476
589
628
641
655
585
540
494
456
417
388
366
293
136
79
57
61
64
52
43
21
10
0
5
14
8
0
3
14
41
41
24
12
0
2
13
35
26
2
22
120
187
238
265
274
236
194
200
220
293
373
425
492
467
438
349
172
133
153
208
244
240
239
225
217
177
147
109
69
96
153
207
237
279
207
160
43
5
86
165
183
214
189
143
66
7
0
23
78
141
122
62
11
15
50
172
253
438
731
839
781
755
922
768
748
925
1722
2799
3117
3390
3577
3464
3111
2545
1963
1448
911
649
646
637
650
578
483
379
281
325
329
316
275
252
220
240
344
537
679
666
659
506
301
376
374
368
421
504
547
826
1330
1655
1536
1121
688
391
262
263
208
130
235
402
417
344
252
229
144
96
279
580
715
663
434
177
218
391
733
1065
1449
1807
2087
2280
2617
3745
3062
3127
3399
3418
2508
1069
967
824
752
641
599
662
821
922
985
1125
1182
1102
1095
1135
1147
1160
1090
1045
893
771
712
584
523
546
539
601
545
519
448
329
297
267
280
221
94
16
13
64
72
39
24
45
116
179
182
109
89
117
155
142
81
46
26
50
27
20
25
40
66
64
148
243
244
236
207
219
265
280
243
249
242
214
207
178
129
89
74
78
95
112
99
82
31
4
1
4
15
44
110
131
108
90
89
79
39
28
66
125
89
72
145
186
169
117
62
16
0
14
56
76
95
126
145
133
64
66
83
95
83
81
84
98
79
31
37
51
29
9
9
19
52
51
18
8
33
47
36
62
119
179
226
230
207
168
185
165
99
44
28
78
119
119
51
8
12
55
108
110
34
12
1
10
30
25
22
11
10
4
2
6
4
3
5
7
0
0
0
1
0
0
0
0
0
0
1
12
24
10
0
0
5
14
22
28
34
38
41
23
8
24
53
17
25
45
38
33
56
61
39
24
11
6
5
17
44
72
100
70
40
14
5
9
22
64
138
204
207
137
34
18
28
25
15
32
85
143
141
80
31
16
16
7
47
106
93
54
49
95
126
91
19
0
73
182
160
35
4
22
50
79
93
57
35
20
51
122
225
369
446
634
948
1426
2258
3155
3835
4253
4300
4000
3493
2909
2279
1886
1740
1616
1238
845
502
339
396
334
167
78
44
37
46
37
26
41
89
186
308
385
314
222
99
84
80
90
80
89
44
11
13
9
8
9
5
1
9
11
10
27
40
56
52
54
33
16
26
35
43
44
34
18
6
15
13
9
0
5
13
16
13
9
15
3
1
0
1
2
3
2
0
3
1
1
0
0
0
1
6
7
5
4
10
6
3
1
0
0
0
0
5
20
26
16
19
6
3
8
13
6
0
0
1
2
1
0
0
3
3
5
3
4
10
7
6
6
5
1
1
1
4
8
39
144
245
343
447
475
467
462
441
434
347
235
165
100
107
138
152
202
301
374
409
395
384
343
278
197
133
66
51
99
190
269
322
340
379
364
304
218
107
23
28
136
208
246
241
239
175
151
94
32
2
0
5
25
65
99
99
104
126
87
72
46
18
15
14
12
3
3
13
16
8
3
2
3
3
6
5
6
8
11
23
22
3
0
1
6
9
15
19
89
23
14
4
8
4
2
12
5
6
1
5
0
1
1
0
0
5
8
3
1
3
6
12
16
8
8
5
5
25
7
1
5
4
4
0
0
11
30
32
36
45
69
68
56
36
24
14
11
14
17
17
10
11
21
32
31
22
34
51
49
16
4
5
4
10
14
11
2
6
7
12
6
23
38
125
162
193
184
177
274
312
300
226
170
151
82
95
85
109
131
189
254
262
327
331
301
270
331
355
372
409
479
525
488
444
397
303
170
191
327
475
542
446
308
397
465
518
558
517
297
177
235
257
270
304
357
402
376
346
255
139
75
62
75
132
108
171
279
378
447
436
354
262
168
155
165
202
213
207
206
276
445
578
641
637
518
356
215
65
13
11
12
7
11
15
18
13
9
31
78
125
112
109
104
71
30
7
8
45
75
89
92
89
76
45
19
21
16
56
94
111
141
178
301
427
551
609
553
467
509
694
1100
1481
1945
1842
1805
1673
1731
1716
1694
1657
1428
1409
1518
1667
2002
2166
2250
2392
2371
2156
2203
2190
2139
2029
1818
1554
1541
1390
1096
776
674
581
583
815
774
942
1250
1521
1776
2058
2226
2460
2253
2398
2054
1902
1972
1800
1663
1417
1267
1415
1301
973
912
959
893
800
713
579
491
363
308
297
305
299
332
279
206
169
161
255
341
383
645
887
981
925
781
573
438
448
498
395
150
106
159
160
145
152
192
326
469
598
637
668
693
591
654
695
703
1374
416
375
235
148
126
77
70
73
61
75
59
34
42
35
24
15
26
40
46
60
47
39
69
78
116
273
419
501
420
192
66
74
141
132
47
29
57
59
61
67
47
61
69
102
171
205
232
195
159
156
152
137
145
116
106
68
76
55
56
73
87
94
74
42
14
2
12
37
54
57
67
48
21
8
11
8
7
7
26
55
56
26
9
5
0
2
3
3
14
17
8
1
0
0
0
0
0
0
0
0
0
0
0
0
0
0
0
0
0
0
0
0
0
0
0
0
0
0
0
0
0
0
0
0
0
0
0
0
0
0
0
10
21
7
1
0
1
0
1
3
2
0
1
3
0
0
0
4
2
2
0
4
5
6
9
31
79
128
232
329
475
595
607
492
483
473
403
324
290
355
490
630
706
747
755
814
827
877
910
1022
1135
1350
1664
1891
2138
2046
1886
1682
1574
1452
1361
1135
1029
1101
1076
934
1262
740
847
982
1307
1783
2299
2607
2672
2383
2171
1976
1697
1721
2217
2462
2437
2442
2198
1677
1205
1358
1466
1428
1371
1315
1274
1235
1220
1245
1329
1411
1504
1517
1567
1671
1735
1835
1939
2026
2032
2081
2028
1857
1821
1791
1687
1584
1437
1253
1327
1468
1582
1329
1209
1225
1201
1924
2452
2960
3438
3827
3965
3678
3515
3413
3353
3089
2639
1826
1381
1234
888
839
1010
1678
2579
3109
3444
3611
3788
3810
3512
2707
1961
1635
1287
1088
1119
1271
1377
1341
1255
1113
1066
963
1106
1129
1217
1429
1068
1599
1675
1943
2009
2324
2741
3065
3279
3370
3279
2968
2550
2395
1921
1263
1156
1483
1587
1344
1081
847
933
1164
1360
1552
1637
1426
1057
732
649
636
623
797
914
915
873
705
525
438
472
468
510
517
554
592
518
356
225
216
266
281
250
230
235
285
343
411
535
587
564
512
506
626
731
741
879
1133
1309
1375
1331
1558
1798
1814
1717
1633
1526
1553
1473
1270
933
822
795
972
1394
1905
2511
2962
3514
3567
3533
3354
3298
2996
2619
2302
1927
1535
1310
1089
957
734
706
804
849
760
552
245
59
87
129
112
50
48
110
133
126
91
90
93
62
61
28
22
12
6
5
2
2
0
2
10
6
2
2
0
0
0
1
0
1
0
0
0
1
0
2
7
15
28
32
26
22
16
9
7
5
4
1
0
0
0
0
0
0
0
0
0
0
1
3
0
0
0
2
1
2
8
13
12
4
2
0
0
3
5
2
0
1
4
1
1
0
0
0
0
0
0
0
0
0
1
3
2
3
8
3
1
0
0
0
0
0
0
0
0
0
0
0
0
0
0
0
0
0
0
0
1
0
0
0
0
0
0
0
0
0
0
0
0
0
0
0
0
0
0
1
0
0
0
0
0
0
0
0
0
0
0
0
0
0
0
0
1
2
5
3
0
0
0
0
0
0
0
0
0
0
0
1
3
63
152
179
156
101
10
49
123
247
302
249
120
11
5
48
69
46
37
21
35
45
42
19
2
0
0
1
2
0
0
0
0
0
0
0
0
0
0
0
0
0
0
0
0
0
0
0
0
0
0
0
0
0
0
0
0
0
1
0
0
0
0
0
0
0
0
0
0
0
0
0
0
0
5
7
25
36
62
76
85
90
107
111
112
105
120
126
147
160
202
264
295
352
370
445
567
690
731
884
1249
1604
1934
2298
2584
2742
2766
2578
2237
2203
2153
1892
1518
1128
1174
1334
1467
1474
1503
1501
1477
2539
1487
1569
1534
1524
1582
1615
1610
1527
1306
1094
1026
943
893
916
922
859
742
566
411
253
197
267
350
472
660
1031
1248
1609
1913
1989
2010
1938
1702
1752
1876
2131
2266
2158
2011
1934
1925
1653
1215
930
656
425
237
148
84
56
46
31
28
36
31
16
16
45
41
54
78
128
173
188
172
184
197
196
202
208
229
228
241
268
267
340
279
232
179
188
235
270
230
137
80
70
14
59
97
131
291
460
695
1077
1315
1547
1757
2101
2204
2501
2835
3199
3485
3379
2919
2920
620
489
515
321
214
237
202
245
280
270
289
289
295
387
547
722
813
847
967
1043
98596
0
0
0
0
0
0
0
0
0
0
0
0
0
0
0
0
0
0
0
0
0
