0
0
14
0
3
0
13
0
2
48
5
20512
2
5
5
9
27
78
97
138
163
149
138
119
122
135
181
159
184
184
171
216
251
293
371
407
466
534
649
794
965
1287
1455
1253
828
1063
1452
1627
1613
1212
894
1274
1298
864
759
975
1454
1862
2444
2712
2640
2466
2602
2708
2722
2553
2067
1742
2123
2506
2592
1921
2098
2489
2901
2837
2947
2833
2678
2519
2210
2162
2201
2239
2569
3020
3412
3900
4408
4530
4017
3460
3363
3714
4290
4659
4546
4081
3390
2957
2585
2372
2762
2564
1927
1791
2234
2074
1692
2701
2214
993
1132
1149
1176
1466
1689
1649
1567
1503
1510
1397
1241
984
1018
1114
1102
1053
1074
1140
1226
1446
1611
1763
1790
1738
1537
1354
1075
818
581
320
343
423
472
497
554
599
604
579
541
555
540
409
287
207
232
257
309
331
239
131
88
90
125
119
96
70
33
27
59
115
226
306
487
633
583
571
569
589
568
577
593
621
708
684
642
592
498
537
575
546
396
356
307
223
142
101
76
61
136
173
197
226
278
407
498
562
617
648
631
591
577
545
528
567
580
704
706
527
691
671
783
793
824
879
960
925
881
767
640
494
460
443
463
558
727
739
761
902
948
907
905
829
775
744
608
459
370
281
212
115
32
39
54
43
45
47
59
86
106
121
176
276
388
469
568
596
615
637
719
759
780
742
760
744
758
740
674
583
458
378
310
221
129
43
18
8
40
117
112
110
173
227
251
244
187
157
106
124
89
65
23
18
25
17
22
5
3
5
62
209
350
530
615
634
570
525
551
642
692
764
736
681
661
607
568
512
525
512
526
467
398
239
197
203
262
272
280
255
211
203
246
264
378
581
697
694
702
597
468
377
356
576
890
1054
957
866
913
933
963
1044
1019
1134
978
951
983
1128
1129
926
877
1007
851
353
457
546
495
406
168
82
120
284
456
633
712
722
674
642
687
754
839
858
923
813
687
640
584
463
394
387
456
598
705
747
752
678
545
430
342
256
138
71
29
19
7
4
4
10
11
12
11
8
7
2
2
0
0
2
4
5
23
26
35
72
135
190
277
396
487
533
556
525
490
421
269
207
226
250
289
357
351
357
353
302
165
41
13
12
73
84
101
128
246
422
637
959
1185
1108
1046
918
809
714
696
695
746
689
576
433
241
162
124
116
142
108
79
74
45
18
10
30
33
35
31
13
0
3
1
0
0
5
8
20
28
38
39
30
9
0
1
31
60
113
27
3
1
0
1
5
19
29
11
33
101
161
206
232
268
416
582
749
841
972
1069
1088
1194
1270
1204
1222
1182
1210
1156
1102
1038
894
756
623
406
219
179
164
137
148
95
119
145
268
391
515
810
1131
1335
1363
1110
931
843
733
671
609
474
383
416
515
644
741
757
618
493
408
421
512
718
869
703
645
536
450
485
483
473
495
572
675
901
1074
1664
2310
2465
2319
1615
1139
1340
1646
1717
1651
1574
1647
1827
1964
2054
2143
2135
2296
2307
2048
1564
1373
1556
1364
1216
1174
1353
1341
1577
1689
1790
1835
2069
2387
2743
3030
3123
2945
2966
2888
2564
2225
1915
1636
1319
1035
1150
996
812
670
480
466
411
292
244
283
424
391
352
425
627
758
768
838
854
850
843
745
591
475
400
402
444
536
607
594
576
706
734
783
749
902
1044
1142
1172
1351
1576
1769
1646
1445
1364
1185
1083
933
789
570
428
406
661
1046
1139
1035
859
827
863
994
1086
1128
1048
1097
1300
1366
1382
1459
1501
1612
1743
1794
1584
1301
1098
782
721
897
990
1034
1108
1237
1383
1566
1797
2095
2334
2266
1659
1526
1586
1479
1271
1238
1525
1689
1847
1753
1732
1856
2327
2622
2773
2817
2904
2776
2595
2524
2509
2408
2617
2474
2313
2243
2414
2629
2766
2517
2237
2454
2349
1939
1749
1177
908
939
1033
1012
863
1185
2049
1700
474
574
1116
896
897
900
700
332
165
180
251
391
396
343
221
345
586
771
787
687
528
550
659
824
897
905
914
842
862
871
950
1044
860
683
481
367
604
647
638
588
527
463
431
409
403
359
337
334
386
505
651
595
532
623
600
509
468
411
347
321
330
359
388
459
523
548
660
699
649
594
781
1014
1171
1193
1037
752
499
380
310
318
322
291
323
452
323
235
187
173
175
321
319
359
384
405
450
477
434
432
422
449
436
413
392
351
290
197
179
170
126
76
99
107
114
169
215
209
138
42
11
2
0
0
0
2
4
17
25
22
26
17
13
5
2
10
35
49
71
57
48
47
122
287
359
277
182
190
439
535
416
196
171
316
468
466
411
421
721
987
959
981
1091
1266
1424
1289
1042
887
692
885
1038
1178
1504
1684
1891
1946
1891
1846
1830
1292
978
1141
1269
1204
989
575
328
151
112
91
121
154
275
435
525
454
380
303
308
523
607
558
446
430
366
300
277
306
313
311
300
270
230
217
174
143
106
95
83
121
171
258
257
224
224
278
376
439
461
417
407
460
470
407
293
245
244
254
275
223
133
392
38
47
25
18
25
22
29
24
12
3
7
12
20
18
20
56
41
2
12
83
111
91
26
16
65
123
179
311
560
1081
1798
2449
2772
2768
2987
2706
2768
2432
1962
1623
1345
1249
1047
852
738
755
644
402
244
169
154
149
145
90
56
49
48
70
109
102
91
70
74
88
95
59
65
36
36
36
54
84
128
211
330
503
689
884
1040
1322
1607
1955
2126
2239
2175
2272
2227
2140
1918
1348
1011
773
623
614
458
624
734
508
315
377
441
478
476
424
370
292
200
128
92
85
51
36
47
34
20
24
49
89
63
47
29
86
204
231
126
34
38
146
230
262
179
172
263
347
380
261
164
119
108
124
150
172
122
134
164
263
399
453
525
642
719
609
525
360
332
239
239
288
348
376
400
381
394
294
251
255
306
315
250
286
358
407
426
406
344
299
299
256
203
136
66
41
41
54
93
138
204
239
296
349
367
436
489
632
839
1085
1244
1403
1619
1836
2009
2216
2548
2936
3312
3592
3684
3691
3573
3321
3095
3032
3302
3436
3340
2911
2491
2568
2543
2216
1982
1519
1107
1015
898
1488
1854
2650
3116
3106
3170
3447
3672
3947
4372
4293
4490
5037
5315
5215
4841
4725
4597
3898
3518
3552
3043
2429
2860
2785
2297
1775
1537
957
729
861
732
1100
1219
1437
1303
1039
974
1051
1113
958
1222
1120
931
464
310
433
521
447
263
71
72
123
115
127
144
191
306
395
577
824
1072
1168
1168
1111
1073
966
690
300
201
303
367
292
155
200
322
421
476
545
545
416
311
113
128
153
162
201
247
831
380
416
454
507
545
584
557
666
735
755
772
801
1023
1331
1717
2226
2709
2958
2933
2836
2591
2271
1685
1310
1055
889
919
796
740
832
755
733
571
470
382
323
242
162
139
134
167
131
126
83
70
49
42
49
74
132
225
344
493
622
788
908
1078
1224
1196
1357
1666
1985
2280
2654
2772
1996
1419
1071
796
567
290
382
682
1026
1294
1090
951
862
859
1058
1156
1133
979
749
715
624
911
1524
1801
1714
1759
1721
1313
1059
1057
988
741
351
97
66
65
83
49
48
71
100
105
164
243
296
479
584
683
713
781
721
617
601
553
466
295
233
214
150
92
43
24
64
86
61
63
70
17
24
32
55
111
252
428
600
887
1033
954
906
732
565
450
386
550
636
677
663
626
535
431
355
447
630
726
822
906
878
786
578
308
575
742
833
964
973
891
796
727
581
432
297
189
134
142
132
146
125
56
32
34
62
17
13
21
31
56
137
223
285
315
316
380
399
437
514
548
618
596
531
461
432
405
390
404
410
401
395
387
395
422
489
505
449
364
232
128
111
115
60
47
96
147
183
202
198
200
171
183
212
225
253
301
349
381
377
349
323
282
219
140
92
108
131
149
179
217
206
186
146
66
3
0
1
1
0
3
0
0
0
0
2
17
36
60
71
70
56
55
50
42
20
10
0
1
2
15
41
64
86
91
111
155
216
292
282
295
278
224
162
87
36
10
9
4
5
17
15
12
6
0
7
24
52
93
120
145
141
162
193
182
168
157
134
112
83
67
55
39
25
18
15
9
3
0
1
13
17
28
44
48
73
100
145
191
227
261
283
307
316
319
347
378
372
399
398
390
307
300
290
311
307
318
355
381
333
245
105
67
139
213
327
488
641
870
1057
1169
1247
1265
1184
1042
840
718
611
470
395
384
403
407
418
406
386
380
397
422
439
477
449
375
319
260
295
341
345
275
231
297
286
280
236
275
242
184
134
90
64
87
144
269
438
559
572
594
549
457
458
527
573
470
448
375
376
381
368
340
319
275
238
328
425
481
566
601
608
694
747
833
838
858
890
916
982
1043
1047
968
835
712
654
564
566
555
520
435
317
205
168
219
337
401
410
417
404
322
217
218
245
270
293
323
404
487
593
756
829
813
820
792
716
579
536
524
464
333
349
491
569
602
645
663
777
809
669
605
663
713
757
893
1069
1165
1183
1237
1200
1115
1063
981
1003
1079
1005
849
633
427
211
199
211
314
350
264
273
322
338
410
422
371
379
309
340
368
397
364
318
341
417
584
732
823
769
701
772
721
624
526
488
1092
1598
1782
1640
1282
1057
917
941
863
726
851
1050
1037
914
745
450
207
152
104
93
145
189
240
314
305
281
209
216
168
110
72
67
94
144
110
20
19
59
62
70
48
45
35
36
33
37
37
59
171
570
1608
2569
3212
3935
4247
4300
3771
3640
3490
3558
3184
2721
2236
1874
1814
1432
965
998
969
864
750
979
1270
1480
1587
1782
2194
2651
2667
1842
2415
2676
2910
2897
2621
2542
2592
1975
1580
1674
1621
1653
1851
2015
2271
2262
2121
2047
1854
1579
1304
1033
832
567
633
640
620
610
562
534
478
401
523
539
609
680
755
750
562
431
397
478
660
948
1057
1420
1643
1595
1516
1481
1308
1147
1172
1162
890
793
815
653
591
950
520
398
348
452
582
516
407
417
362
238
149
398
1067
1667
1953
2084
2041
1864
1450
1042
832
805
971
858
536
696
975
854
791
711
790
926
1118
1246
1240
1052
923
890
740
606
485
487
334
283
268
385
496
608
659
708
729
654
570
517
642
624
552
565
471
412
349
191
173
258
358
491
535
458
455
654
767
877
1125
1220
1250
1218
1147
1062
758
974
1454
1503
1590
1692
1580
1570
1576
1485
1481
1419
1296
1237
1183
1052
907
985
819
684
664
458
372
424
450
404
395
242
149
160
175
93
79
99
67
45
103
124
135
112
76
44
38
77
149
201
249
337
459
429
213
200
321
402
373
231
130
90
74
76
93
79
105
174
178
172
161
151
161
155
137
136
145
161
157
133
70
49
44
65
110
87
82
105
116
92
95
105
117
172
140
187
245
258
305
364
432
444
391
368
380
381
366
357
379
310
186
212
204
208
243
258
257
311
433
521
585
637
555
617
439
293
348
448
417
405
389
354
277
282
311
229
190
456
667
859
926
975
968
844
626
427
338
635
734
721
486
195
233
413
455
469
493
478
488
431
317
179
311
495
584
640
745
916
467
510
269
385
418
404
370
197
118
199
387
562
692
721
725
717
644
564
437
277
128
61
59
56
45
49
25
3
0
4
17
26
26
7
8
7
8
3
1
13
22
48
40
63
57
57
29
41
43
36
55
116
196
171
137
53
8
6
20
80
103
119
56
22
16
23
28
60
73
61
43
19
9
0
0
11
58
115
177
181
118
78
40
34
13
3
10
12
10
2
0
0
0
1
0
2
9
24
12
50
115
188
268
371
435
548
662
578
512
389
314
206
117
295
352
398
380
289
245
210
147
115
105
194
327
290
269
193
110
147
99
87
139
172
166
162
162
151
137
161
216
236
245
216
152
121
81
66
42
28
27
33
30
15
10
6
13
55
85
171
178
133
100
65
34
21
17
14
8
11
34
35
43
62
107
104
69
76
108
108
115
118
114
116
114
61
21
3
12
16
24
18
18
31
17
230
538
790
997
1072
1213
1277
1329
1439
1498
1429
1385
1306
1250
1239
1238
1091
928
720
613
520
348
213
95
27
25
30
32
48
67
105
108
103
63
101
288
430
497
570
698
813
1078
1259
1311
1293
1165
1228
1265
1262
1185
1025
889
801
962
927
863
573
683
698
670
646
611
857
389
338
371
578
900
1005
1139
1295
1305
1231
1139
901
806
733
690
659
647
688
731
727
583
566
596
590
508
420
384
225
180
88
148
199
269
335
397
382
403
500
709
854
1032
1166
1163
979
666
481
378
336
400
479
543
528
419
291
379
567
676
711
477
243
194
182
164
147
166
164
167
169
141
90
44
40
82
84
52
40
59
68
25
15
18
28
92
201
305
433
638
883
940
796
987
977
801
793
861
1291
1432
1227
915
908
1027
922
908
1056
1233
1789
2089
1986
1447
1338
1424
1485
901
910
846
790
565
455
426
444
362
327
350
442
654
707
631
509
340
277
315
361
413
499
530
459
385
366
427
547
549
522
520
568
608
603
542
477
459
402
317
248
231
214
245
120
54
54
59
57
36
11
4
14
38
50
15
9
11
28
36
30
18
29
59
357
352
90
100
97
71
37
8
7
20
45
15
10
7
0
0
0
0
1
0
2
3
10
26
17
6
13
11
12
5
0
0
0
0
0
2
7
20
50
95
116
156
163
177
179
166
166
139
92
42
20
5
0
0
0
0
0
0
0
0
0
0
1
2
7
19
25
22
9
3
1
0
0
1
0
0
0
1
6
10
13
12
18
19
21
14
9
4
0
0
0
0
0
0
0
0
0
0
0
0
0
0
0
0
0
0
2
34
68
61
72
138
150
144
159
137
73
39
23
19
19
27
30
20
2
7
13
9
15
2
0
0
6
20
41
64
54
57
66
97
141
167
186
178
144
115
46
9
1
3
4
1
2
1
0
0
0
1
8
24
24
30
12
19
26
38
32
38
25
26
19
11
2
2
3
0
0
0
0
0
0
0
0
0
0
0
0
0
0
0
0
0
0
9
20
19
10
0
0
6
26
48
64
17
1
0
0
6
9
4
5
4
17
12
18
17
29
56
102
188
208
172
173
264
276
251
163
98
160
186
189
64
34
89
279
319
296
289
245
284
386
411
502
547
607
715
803
831
634
285
242
289
354
400
548
556
540
693
766
654
477
341
250
211
152
110
124
143
179
173
175
169
176
109
83
152
272
421
494
489
522
561
384
178
165
168
163
130
130
101
45
31
33
62
105
122
118
124
134
121
120
95
53
117
199
211
209
172
120
81
57
68
65
44
20
7
4
7
1
3
8
37
95
125
251
123
50
64
113
92
194
261
307
392
432
419
330
260
265
355
340
328
397
401
436
427
507
557
552
491
382
300
311
442
654
814
901
913
970
911
852
832
771
602
392
114
276
395
461
515
574
596
587
562
506
456
406
391
453
509
543
651
743
688
570
572
602
637
645
709
809
951
1127
1204
1200
1004
799
803
875
918
852
841
674
693
583
495
409
318
273
236
302
389
392
343
282
192
243
335
222
163
271
297
285
297
330
397
453
667
829
700
453
365
277
205
175
148
92
28
8
82
185
355
480
603
674
815
1181
1424
1296
1010
928
990
978
910
849
811
771
725
550
444
449
508
516
473
452
384
328
249
351
473
564
706
797
935
943
818
677
535
372
200
418
647
822
861
855
791
826
795
745
668
584
468
416
486
470
481
490
421
363
466
571
726
966
1428
1726
1928
1958
2003
1767
1472
1286
1553
2243
2631
2670
2702
2389
1788
1272
903
754
708
543
832
1616
2120
2263
2273
2251
2355
2144
1822
1424
1158
1015
978
904
995
1037
1132
1167
1024
819
593
304
259
347
303
321
361
466
489
442
338
176
122
60
66
41
38
17
3
14
36
48
37
31
12
31
30
36
63
120
127
123
133
135
163
317
479
596
682
871
879
877
998
984
905
824
664
592
577
590
517
488
518
589
704
925
1204
1391
1600
1856
2130
2143
2035
2016
1847
1542
1269
1071
1007
888
789
734
687
589
625
717
714
902
976
971
805
615
477
303
220
198
190
118
64
46
29
29
53
91
137
129
105
147
65
108
165
132
98
39
28
23
16
9
3
9
4
3
4
10
11
27
18
77
298
719
941
1283
1263
1091
1272
1717
2050
2221
2274
2340
2268
2021
1450
1005
714
523
288
184
93
62
81
67
74
89
104
67
39
20
11
7
11
28
29
34
47
46
48
19
62
134
187
266
263
277
271
262
242
305
410
449
414
444
545
648
703
670
717
725
651
614
542
473
411
335
253
188
189
182
196
194
252
264
280
219
226
184
148
93
87
177
253
402
471
465
473
527
574
625
808
1049
1249
1548
2014
2312
2375
2673
2519
2532
2144
1808
1366
1203
931
822
724
584
670
1089
1499
1805
1828
1862
1764
1566
1354
951
1022
818
825
774
1364
1582
1496
1538
1408
1278
693
633
1008
1234
1294
1152
994
937
843
757
575
450
531
773
778
628
409
461
632
882
1184
1137
1230
1117
1134
1184
1352
1486
1687
1875
1720
1619
1263
1009
803
1155
781
925
643
487
559
786
926
766
762
915
742
868
866
842
638
602
801
891
844
665
477
404
355
293
272
340
361
407
429
430
287
231
254
225
201
208
218
203
142
116
182
365
419
317
270
266
223
192
252
290
327
456
616
919
1033
903
805
667
640
825
888
899
655
575
604
718
746
502
345
306
243
260
371
410
400
414
317
143
142
249
340
412
406
297
162
47
44
158
212
260
249
180
245
421
666
664
551
579
628
792
750
650
470
465
527
599
652
661
633
537
568
572
477
347
264
315
350
346
305
233
152
160
353
437
402
360
329
305
374
455
516
444
468
512
523
390
221
201
250
290
239
217
204
281
213
87
80
119
89
35
52
78
113
149
203
292
377
390
408
407
348
286
175
51
4
0
1
2
1
0
1
2
5
11
25
56
116
218
251
324
351
352
354
305
237
225
177
148
102
60
23
8
0
1
0
3
5
9
4
9
8
6
1
1
0
0
0
0
2
0
0
0
0
0
0
0
0
0
0
0
0
0
0
0
0
0
0
0
0
0
0
0
0
0
0
0
0
0
0
0
0
0
0
0
0
0
0
0
0
0
0
0
2
3
17
34
65
115
153
196
225
212
202
149
96
56
33
8
2
2
3
9
4
5
3
0
1
1
0
0
0
0
0
2
7
8
13
15
13
16
14
10
7
5
0
0
0
0
0
1
0
0
0
0
0
0
0
9
20
48
57
30
12
1
2
6
24
24
40
67
75
79
75
36
20
19
32
60
101
118
115
88
33
5
0
4
34
106
156
157
137
66
5
1
10
29
69
75
79
69
60
22
0
0
17
52
80
71
72
32
8
7
3
38
67
52
20
0
0
2
15
26
47
66
41
5
0
0
21
49
46
31
5
0
3
17
32
25
12
1
1
2
2
4
6
3
0
0
0
0
0
2
1
0
2
9
17
30
30
24
20
15
5
11
18
8
5
7
19
13
10
4
2
0
0
0
0
0
0
0
0
0
0
0
0
0
0
0
0
0
0
0
0
0
0
0
0
0
0
0
0
0
0
0
0
0
0
0
3
3
1
0
0
0
0
0
0
0
0
0
0
0
0
0
2
0
4
5
9
5
2
0
3
1
1
1
1
1
7
15
9
2
0
2
12
19
37
59
51
171
0
8
41
73
63
38
19
15
10
17
4
5
6
5
9
9
4
9
8
19
19
20
47
47
48
45
53
82
71
82
39
35
23
6
3
2
1
36
0
5
33
78
155
238
336
547
780
982
1261
1326
1451
1798
2103
2254
2347
2531
2063
1649
1297
1480
2295
3213
3688
3792
3505
2863
2113
1157
656
807
934
795
889
1005
1179
1349
1352
1372
1315
1059
629
349
266
285
465
586
525
793
1231
1620
1946
1995
1897
1702
1758
1882
1639
1390
1487
1625
1706
1754
1695
1779
1720
1619
1557
1348
1424
1693
1901
1975
1833
1533
1597
1567
1877
1952
1987
1832
1607
1635
1650
1732
1889
1853
1887
1807
2021
2249
2308
2728
3158
3498
3562
3193
2977
2949
2978
2970
2541
2120
1970
1807
1561
1374
1366
1338
1200
1032
892
977
989
879
820
876
1030
1080
1081
979
1111
1551
1551
1740
1864
1625
1475
1295
1181
1023
899
939
856
627
532
482
526
526
463
452
532
560
687
824
821
833
897
848
858
796
731
619
479
384
277
191
163
276
303
296
269
293
268
270
309
294
422
537
648
617
592
461
403
408
419
371
415
495
618
660
748
946
1092
1156
1371
1396
1074
937
966
904
875
838
661
612
669
870
946
993
895
807
730
469
442
371
215
179
223
332
324
292
308
272
162
137
185
254
266
263
267
245
155
98
38
10
1
0
2
13
27
42
53
67
83
74
70
32
24
71
110
160
190
192
203
182
155
101
67
24
9
11
8
20
43
43
31
22
11
6
4
20
38
65
71
55
32
11
0
3
1
5
17
24
13
9
0
0
3
28
43
74
65
47
57
134
203
232
308
388
459
532
712
954
925
1111
1357
1602
1644
1564
1454
1368
1403
1359
1120
1000
1127
1187
1228
1359
1433
1423
1363
1429
1665
1676
1472
1419
1222
978
896
758
734
753
820
805
738
695
704
873
1455
2038
2285
2223
1671
1105
771
808
923
997
947
806
698
643
623
570
510
489
491
506
506
546
513
553
509
580
658
695
694
753
846
988
957
965
1030
999
951
895
768
672
545
497
503
527
468
445
457
362
354
357
286
213
135
109
173
178
167
147
145
175
142
101
142
273
186
123
52
124
191
244
279
287
259
172
107
59
59
69
83
72
33
17
35
48
35
70
159
257
334
374
360
400
359
282
233
206
188
196
209
205
178
162
242
306
342
332
261
309
319
258
199
200
208
189
194
249
362
483
528
496
387
295
259
279
322
315
286
223
196
168
270
794
528
709
744
835
1121
1361
1340
1025
822
849
744
658
627
586
476
407
466
464
479
460
436
437
550
637
623
588
575
586
672
694
697
724
920
930
1051
989
740
510
411
350
279
269
294
362
430
381
332
238
263
331
358
378
420
458
510
550
543
536
468
416
333
284
156
167
209
233
213
206
178
221
249
276
286
329
397
396
317
288
339
289
343
404
447
522
561
683
759
749
689
624
540
532
457
410
349
310
345
419
436
411
295
344
447
571
685
770
768
693
690
665
612
656
717
701
593
426
380
398
541
714
730
737
815
679
389
457
639
789
797
709
546
579
735
800
1005
1075
1082
1107
1205
1238
1305
1260
1280
1176
1147
1086
1055
864
627
627
668
675
642
548
418
368
350
293
425
519
551
554
496
469
382
407
357
430
479
481
412
291
265
279
335
310
188
135
136
146
166
186
173
163
131
178
239
335
460
648
782
916
912
1022
1027
945
818
846
902
954
934
895
1054
1517
1940
1856
1940
2063
2230
2401
2424
2332
2218
2256
2158
2017
1809
1507
1113
854
665
629
699
881
1034
853
955
1196
1428
1588
1719
1730
1633
1682
1884
2133
2379
2451
2501
2442
2196
2079
1972
2012
1932
1704
1435
1214
959
1005
1021
1157
1371
1406
1403
1352
1349
1378
1414
1252
1035
872
870
774
688
707
719
776
804
832
819
882
920
995
1056
1124
1226
1393
1444
1317
1323
1276
1226
1193
1241
1240
1438
1611
1564
1554
1629
1409
1386
1520
1221
1086
1148
1216
1345
1504
1443
1454
1435
1581
1822
2113
2158
2031
2113
2227
2330
2337
2375
2256
1894
1558
1604
1684
1714
1553
1270
851
752
519
495
796
1226
1706
1884
2180
2620
2752
2650
2231
1966
1895
1859
1792
1780
1818
1858
2094
2258
2215
2190
2343
2244
2223
2192
2587
2893
2856
2785
2750
2559
2518
2789
2965
2772
2671
2175
1483
1405
1723
1585
1342
1293
1857
1957
1510
1324
1493
1361
1187
1151
1127
1305
1502
1822
1920
2247
2554
2572
2454
2269
2294
2492
2750
2895
2821
2822
2653
2598
2474
2276
1863
1397
1301
1298
1368
1810
2594
3398
3960
4549
4884
4734
4631
4442
3682
3178
2443
2360
2434
2492
2377
2271
2065
1839
1589
1280
1194
1150
985
866
953
991
1038
1023
866
980
1154
1140
1235
1106
1142
1338
1807
2264
2501
2272
1887
1590
1305
1230
1196
1219
1186
1102
987
1029
1098
1091
961
831
714
677
767
803
782
755
795
782
911
914
783
726
603
730
878
1120
1486
1954
1942
1604
1288
1200
1189
998
1017
1002
700
593
984
1155
1432
1758
1434
1362
1385
1280
1179
1525
1837
2025
2463
2847
3005
2558
3595
2761
2397
2191
1997
1718
1452
1180
976
1052
1268
1533
1581
1641
1859
2103
1890
1715
1919
1995
2123
2374
1895
1588
1823
2034
1463
1300
1137
1314
1461
1595
1657
1565
1410
1115
1055
1216
1291
1413
1350
1191
933
919
1091
1320
1530
1437
1240
1157
1033
1006
731
444
203
90
107
168
299
307
223
306
422
626
865
1278
1751
2032
2150
2107
1847
1399
1207
1019
886
927
1082
1188
1211
1177
1328
1523
1693
1743
1644
1351
897
1030
1392
1400
1109
762
578
698
821
931
893
850
884
832
758
623
491
470
604
804
865
589
454
354
229
143
172
314
349
345
474
503
385
373
418
586
751
834
765
653
656
707
637
518
360
245
283
409
509
476
321
317
305
282
267
291
399
499
467
394
271
181
138
142
213
231
261
275
231
177
110
78
37
11
13
18
66
181
224
313
375
409
513
569
577
431
258
159
157
235
271
277
276
266
312
317
320
308
297
265
185
165
174
343
562
653
687
664
648
595
623
617
633
614
454
268
243
253
291
292
272
250
258
263
292
339
342
305
190
159
187
145
123
106
85
73
92
105
103
158
312
458
541
711
889
1067
1232
1364
1476
1588
1594
1615
1448
1238
913
629
580
565
502
411
391
427
456
366
204
147
70
109
274
632
328
240
373
575
750
988
1227
1393
1595
1768
1816
1825
1895
1927
1788
1641
1341
1450
1426
1356
1389
1507
1642
1729
1363
715
829
1307
1263
953
628
490
599
581
574
622
611
634
541
462
355
434
419
391
397
373
341
322
256
209
178
188
175
161
184
107
81
63
82
117
116
161
219
225
178
230
238
191
176
157
118
78
63
37
26
31
39
28
38
38
45
53
58
29
26
10
12
6
0
0
3
4
2
6
6
14
18
8
8
2
1
0
0
0
0
0
1
0
0
0
0
0
0
0
2
21
19
29
66
83
100
92
97
61
43
87
105
111
145
120
78
49
27
15
14
19
22
5
2
1
3
1
1
0
0
8
0
0
0
1
0
0
0
0
0
0
0
0
0
0
0
0
0
0
0
0
0
0
0
0
42
30
0
28
0
2
3
1
0
0
0
0
0
0
0
0
0
0
0
0
0
0
0
0
0
0
0
0
0
0
0
0
0
0
0
0
0
0
0
0
0
0
0
0
1
0
0
0
0
0
0
1
10
31
81
57
66
70
23
14
6
5
0
2
0
0
0
0
0
0
0
1
0
0
6
0
0
0
0
5
24
4
28
23
7
17
37
113
156
144
145
143
162
145
123
56
48
42
4
0
0
1
5
17
29
41
60
47
50
43
25
29
24
22
23
22
27
33
23
31
41
42
58
54
65
71
69
55
37
28
14
0
0
0
0
0
1
0
0
0
0
0
0
0
0
0
0
0
0
0
0
0
0
0
0
0
0
0
1
1
1
3
2
7
5
0
0
0
8
17
19
13
18
38
17
15
11
6
8
9
22
28
7
1
4
0
1
4
9
9
8
1
1
0
0
6
54
108
111
84
58
16
13
39
72
124
134
128
168
211
276
294
309
279
228
151
85
23
13
13
18
43
77
82
72
65
73
92
139
200
246
268
240
156
74
28
7
0
0
0
0
0
0
3
9
11
15
7
9
4
15
26
57
115
189
188
179
176
169
122
91
71
37
26
24
19
16
7
7
10
13
23
28
50
88
110
122
117
110
93
52
30
19
10
1
0
0
0
0
0
1
1
0
0
0
0
0
0
0
0
0
0
0
0
1
4
2
4
1
0
1
1
4
5
4
6
11
39
76
143
208
251
286
267
221
167
112
52
24
8
1
0
0
0
0
32
152
341
520
606
653
738
801
743
685
660
555
606
626
616
496
279
271
466
572
546
530
554
716
792
929
945
983
1014
852
677
665
709
804
1037
1203
1093
909
651
583
575
638
635
501
421
431
424
568
637
681
708
749
801
841
845
740
540
418
338
252
146
149
144
165
161
199
213
201
174
160
135
158
202
198
224
244
268
281
224
190
184
320
365
479
594
683
671
614
639
447
370
325
423
511
602
730
729
750
823
786
626
655
565
579
625
429
239
295
483
818
1082
1177
1143
1159
942
866
744
698
651
720
765
738
724
760
811
870
874
864
791
679
444
289
204
271
428
525
626
657
704
661
585
499
398
224
125
76
41
51
53
43
33
16
17
21
19
18
15
8
0
0
0
0
0
0
0
0
1
0
0
0
0
0
0
10
26
7
9
22
11
1
5
5
4
5
3
2
1
2
3
0
0
1
1
0
1
1
4
2
21
50
49
49
66
93
99
88
91
56
43
37
22
9
4
0
0
0
0
0
7
10
14
16
22
19
13
10
15
19
11
12
10
14
4
5
7
6
10
26
54
401
129
121
124
114
71
33
28
18
10
5
5
5
2
10
9
4
0
0
0
1
2
6
1
0
0
0
0
0
2
2
6
12
29
48
59
52
38
20
10
2
0
1
10
15
15
7
0
0
0
0
0
1
0
0
0
0
0
0
0
0
0
0
0
0
0
0
0
25
11
41
27
13
4
0
0
3
10
1
0
0
0
3
3
5
0
0
0
0
2
6
13
0
0
0
0
1
0
0
0
0
0
0
0
0
0
0
0
0
0
7
0
1
21
47
9
36
39
27
10
16
24
26
48
103
216
223
257
296
328
279
229
177
168
183
206
183
242
323
354
394
493
453
336
330
310
274
274
365
350
341
359
351
341
379
474
770
1025
1257
1363
1432
1431
1407
1244
1002
880
931
873
814
850
802
793
773
715
624
507
369
362
468
520
547
528
554
550
555
564
591
609
556
512
471
446
419
379
346
300
247
223
253
319
402
447
448
464
525
517
492
435
316
347
445
483
427
365
248
219
222
250
432
528
557
438
298
198
130
111
124
132
138
117
114
109
64
52
37
60
128
171
204
223
258
199
190
311
353
263
272
468
1053
2205
2663
2707
2733
2458
1734
965
768
639
494
285
102
61
196
662
1660
3012
3894
4105
3757
2275
1030
941
870
712
504
127
367
531
692
882
945
838
524
332
452
396
213
87
99
148
290
453
549
615
661
672
740
992
1193
991
768
506
460
634
748
794
725
574
440
385
297
194
130
114
91
54
15
18
20
32
89
113
71
16
333
630
870
1084
1365
1564
1761
1944
2049
2089
2126
2011
1810
1703
1697
1625
1320
1520
1459
1411
1209
1059
991
977
1044
1151
1285
1394
1423
1492
1504
1646
1690
1719
1879
2153
2433
2577
2585
2524
2357
2216
2033
1720
1401
1150
1069
967
927
712
647
688
724
800
748
724
805
761
588
515
442
386
301
410
659
881
1127
1298
1421
1370
1018
741
580
347
246
189
113
111
87
120
232
349
376
363
396
354
345
299
268
251
268
240
277
263
323
319
413
540
693
895
1015
1024
1187
1146
1201
1161
1211
1378
1459
1572
1733
2024
2427
2508
2664
2567
2625
2418
2256
2082
1914
1659
1260
849
549
295
174
112
99
130
163
207
275
400
481
436
272
155
136
178
275
270
207
178
216
296
289
324
368
376
358
311
299
243
262
247
221
177
188
173
145
133
102
39
23
9
5
6
7
10
59
239
622
1542
2367
2926
3953
2316
1727
1339
1187
878
621
618
672
923
1264
1526
1738
1859
1969
2125
2293
2224
1771
1438
1240
1044
851
620
552
613
878
977
908
773
581
403
357
258
221
305
473
700
891
1072
1250
1358
1446
1439
1509
1696
1796
1727
1594
1493
1595
1626
1569
1484
1434
1527
1717
1806
1530
1143
848
580
500
568
599
581
556
539
515
543
600
700
623
457
341
194
185
253
375
528
810
989
1149
1320
1299
1211
1141
1072
948
772
685
627
763
971
1099
1179
1171
1130
866
569
430
463
687
765
739
718
707
692
672
644
567
472
439
392
342
286
210
106
65
63
56
51
48
48
81
151
184
211
203
175
162
133
101
68
30
2
1
1
0
0
0
0
10
15
50
76
98
134
157
184
209
206
208
180
113
43
21
38
57
100
109
86
79
44
11
0
0
0
0
0
0
0
0
0
10
3
2
10
25
45
43
79
301
575
818
1010
1214
1313
1371
1293
1082
1037
871
873
1111
1223
964
717
646
611
524
484
385
252
148
161
259
288
278
241
199
112
45
32
64
65
70
57
37
31
39
26
39
38
62
108
77
77
48
36
41
31
14
4
4
4
3
6
11
11
2
0
0
1
2
4
7
12
14
5
144
365
613
899
1125
1388
1553
1719
1689
1772
1654
1546
1318
1778
1751
932
811
722
622
525
400
379
409
304
138
59
37
23
70
81
61
50
126
298
554
835
1122
1440
1408
1783
2032
2430
2675
2520
2431
2481
2647
2857
2781
2414
2060
1515
983
844
1080
1068
1122
1366
1730
2065
2289
2268
2178
2237
2560
2538
1957
1808
1934
2040
1755
1393
1498
1910
1984
1792
1384
747
339
340
461
591
637
496
390
280
302
486
674
673
685
665
643
577
527
481
429
349
318
197
126
199
282
263
249
228
216
207
206
135
86
80
75
46
54
95
142
165
171
185
122
91
116
107
82
49
41
59
66
66
60
49
25
15
7
22
147
313
400
502
498
485
448
378
284
248
186
139
104
65
59
44
74
108
146
169
236
298
328
407
447
507
475
466
452
450
434
447
430
466
682
816
829
789
816
825
691
656
515
392
275
194
135
79
47
78
77
66
97
175
204
233
250
253
231
193
135
101
86
26
3
3
2
7
12
15
16
13
7
8
4
0
0
1
0
0
1
0
4
4
0
3
0
0
0
0
0
0
0
0
1
1
0
1
0
2
5
11
72
158
131
102
37
14
10
6
36
96
146
155
262
20
30
201
318
379
360
263
141
24
62
139
211
251
260
201
116
28
2
7
68
129
156
117
53
9
16
54
96
85
67
20
3
0
2
4
1
6
2
1
4
29
45
34
8
4
5
6
14
4
1
1
0
1
0
1
0
2
9
0
3
6
0
0
0
8
7
3
2
1
0
0
4
3
3
1
6
5
4
3
8
5
18
24
30
29
53
86
46
36
8
13
22
24
25
37
31
39
28
28
21
13
2
1
0
3
6
2
1
1
0
0
0
0
0
0
0
0
0
0
3
3
4
2
2
0
1
1
6
5
6
6
2
0
0
0
0
4
17
30
51
63
54
46
30
5
1
0
0
0
0
0
1
2
1
0
0
0
0
0
0
0
0
0
0
0
0
5
0
6
5
0
0
0
0
0
0
0
3
2
3
2
0
0
0
0
0
2
9
15
15
18
57
118
185
127
13
80
148
87
2
23
20
28
62
123
155
206
232
217
244
261
205
142
54
30
17
30
47
110
177
288
381
418
365
255
197
127
52
59
57
132
268
386
370
389
332
340
282
227
126
65
19
27
9
14
26
34
30
35
21
15
15
15
18
29
57
74
120
191
296
378
432
412
420
469
546
535
520
468
438
413
340
299
280
235
202
143
51
26
16
37
70
115
119
119
62
54
64
78
66
41
49
65
50
52
64
59
41
37
58
59
46
47
78
103
90
88
93
105
80
79
74
85
72
67
101
103
117
113
110
113
108
100
115
119
122
133
144
165
189
197
216
228
263
287
290
276
243
254
290
455
596
642
676
686
724
726
814
877
889
900
794
845
803
732
696
652
624
591
619
584
693
754
964
1105
1355
1552
1943
1995
1810
1543
1221
1060
1135
1115
1129
1020
868
797
808
714
512
293
227
226
233
214
151
173
173
57
25
84
125
188
245
281
207
104
82
75
104
181
277
565
830
880
1056
1341
1917
2709
3002
3077
3094
3014
3394
3559
3375
3053
2872
2812
2836
2898
2647
2388
2315
2356
2413
2372
2159
2011
1903
2032
2068
1854
1656
1481
1152
907
693
725
727
633
965
1203
829
411
738
802
433
402
449
485
813
941
810
622
718
735
783
732
643
562
722
871
866
857
733
713
753
845
960
942
990
781
600
394
223
212
216
161
87
33
24
22
56
65
85
226
310
344
240
132
96
51
101
51
14
14
188
72
122
204
335
479
611
716
803
808
788
781
814
788
723
747
791
862
838
760
654
619
563
564
507
369
176
317
327
260
114
254
225
341
389
301
299
327
300
229
103
134
297
477
667
700
501
462
480
399
292
220
135
85
134
213
232
134
87
75
108
144
246
267
252
189
135
108
106
85
75
108
161
158
160
188
192
208
209
214
210
220
183
97
65
45
26
9
2
6
7
35
187
438
815
1243
1624
2012
2368
2596
2882
2965
3100
2949
2882
2851
2602
2269
1865
1640
1448
1437
1320
1269
1118
1023
925
974
830
525
453
548
737
821
818
830
749
842
1061
1324
1468
1614
1762
1654
1460
1221
1233
953
418
589
755
670
887
998
1016
927
803
495
283
229
415
581
602
525
459
440
672
920
1101
1129
944
582
311
417
542
523
531
498
579
677
712
718
593
615
803
836
817
983
1024
970
952
746
558
473
489
582
580
620
749
764
856
903
881
791
742
715
631
623
669
751
808
827
735
616
673
821
852
1020
929
943
943
819
703
646
507
396
352
270
170
165
94
76
78
131
165
177
241
244
234
238
233
257
253
198
229
261
316
299
250
165
105
36
50
29
19
12
47
169
239
293
288
253
185
175
134
116
107
70
41
6
1
2
1
14
36
49
51
53
50
39
27
18
4
0
0
0
0
1
1
1
0
1
0
1
0
1
0
3
0
0
2
3
17
52
158
345
492
605
590
513
448
510
655
771
1127
1407
1388
1428
1443
1217
1049
817
628
429
304
340
477
558
625
592
559
478
424
385
510
649
632
459
315
299
275
309
366
497
562
462
345
280
274
304
420
602
559
445
378
267
279
433
514
523
505
438
415
385
387
313
266
261
248
265
248
305
388
498
578
687
686
577
435
322
308
284
272
267
309
358
453
631
789
929
1013
1125
1157
1182
1142
1019
888
732
580
397
246
180
63
68
241
374
457
424
432
426
350
273
297
305
345
359
303
315
302
319
332
308
253
220
162
119
45
11
8
51
127
131
156
137
128
106
96
71
46
61
72
63
57
52
32
21
13
13
6
4
9
14
18
13
4
0
1
1
2
4
3
1
1
0
1
2
0
0
0
0
2
1
2
2
1
0
0
1
1
2
0
0
0
0
0
0
0
0
0
0
1
0
0
0
2
1
0
0
0
2
26
76
196
444
950
1290
1501
1773
1806
1758
2795
1573
1307
947
938
1028
842
673
377
186
300
468
710
935
1246
1467
1655
1300
1830
2382
2826
2794
2549
2038
1355
1016
739
605
467
366
254
178
87
132
183
203
163
111
22
3
6
14
22
65
220
432
640
924
1259
1395
1367
1139
842
930
1058
1087
1016
1291
1223
1051
951
750
633
611
455
338
272
139
114
110
191
252
395
592
813
1124
1527
1991
2344
2542
2685
2794
2640
2428
2253
2170
2119
2143
1491
978
1237
1421
1105
961
796
771
898
936
815
578
531
558
624
691
657
580
301
178
265
326
396
500
485
365
187
174
326
527
574
442
235
174
189
177
216
487
64
146
220
192
87
70
84
144
164
235
328
346
311
297
279
289
298
256
149
128
135
68
36
25
40
45
56
54
58
38
22
10
29
56
81
59
84
77
114
94
67
106
208
289
274
287
242
161
139
84
56
35
10
2
20
127
255
422
560
671
783
836
741
516
403
294
249
261
299
358
400
434
407
529
716
836
877
865
786
655
451
306
247
234
230
250
246
231
205
146
91
40
24
32
70
132
225
263
277
264
275
283
293
247
225
218
190
186
159
155
209
236
327
415
536
652
722
802
875
931
980
1070
1098
1125
1183
1189
1208
1147
1181
1048
995
971
876
729
626
458
364
246
192
140
92
48
33
15
6
30
37
49
60
95
113
104
119
123
122
98
115
91
104
84
71
75
82
85
74
57
59
28
15
20
13
33
32
78
37
16
10
21
14
12
17
22
33
23
13
5
3
5
4
0
0
0
0
0
0
0
0
0
0
0
1
0
1
0
9
46
59
40
13
18
84
249
470
671
804
883
764
637
576
351
246
305
307
358
304
320
384
530
679
740
775
705
495
426
371
249
409
676
854
1048
1236
1389
1446
1500
1573
1552
1488
1440
1365
1230
1183
1129
909
828
831
775
709
666
607
517
413
295
152
51
34
47
86
125
150
133
113
90
50
24
11
7
11
7
7
5
9
17
24
9
0
1
2
4
6
2
0
1
9
4
0
0
0
0
0
0
0
1
1
0
12
34
83
105
205
432
837
1386
1976
2867
3442
3834
4002
4017
3816
3614
3550
3428
3169
3006
3071
3129
2979
2812
2505
2098
1622
1238
884
607
441
301
346
417
545
612
642
748
724
623
565
507
486
460
349
312
226
201
159
151
145
138
162
171
175
161
141
114
95
64
260
963
1676
2088
2380
2695
2942
2980
2895
2451
3736
2819
2887
2986
3057
3038
3026
3043
3081
3142
3131
2857
2514
2072
1623
1526
1284
1068
1008
901
759
440
558
870
1028
1082
1057
1047
1101
1054
868
631
589
503
490
365
258
293
235
107
45
24
24
36
42
64
72
64
82
126
250
419
722
1169
1594
1887
2021
2239
2220
1948
1622
1286
991
833
795
769
929
963
1024
1295
1465
1561
1434
1288
1276
1346
1304
1150
1166
1122
1050
908
979
951
1278
1562
1622
1595
1729
1852
1888
2024
2288
2283
1923
1509
1179
1144
1205
1739
2206
2293
2189
2019
1800
1662
1431
1291
1333
1538
1717
1907
2097
2265
2313
2178
2005
1636
1244
860
722
1007
1530
1992
2107
2052
2017
1998
1928
1799
1615
1634
1580
1502
1228
1005
830
674
596
817
1214
1177
1049
958
921
873
701
588
532
566
511
381
316
378
381
368
348
351
297
183
72
93
107
75
28
49
174
221
220
189
146
131
134
159
185
312
576
800
1101
1394
1694
1950
2005
2068
1923
1812
1656
1464
1342
1264
1120
1007
901
805
749
686
636
567
513
440
315
174
85
62
87
77
49
58
200
352
442
438
664
908
1082
1064
1028
925
755
585
563
631
592
531
475
461
521
583
565
512
414
337
313
365
528
711
941
1298
1154
843
721
648
522
439
327
220
117
69
86
197
306
382
428
494
549
645
745
752
717
690
645
579
579
597
602
597
621
677
703
726
729
775
746
728
776
847
867
773
566
483
339
260
217
218
153
188
161
132
133
118
145
204
347
528
585
707
697
664
666
643
640
625
693
742
697
637
610
418
512
338
546
657
807
791
753
745
648
576
462
587
420
268
341
237
180
167
172
161
144
116
36
10
4
11
27
34
41
49
59
102
99
127
113
30
84
85
77
41
61
29
51
9
0
1
1
0
2
2
1
1
1
10
67
168
190
221
196
112
45
16
102
235
332
382
367
343
210
105
62
67
93
131
177
162
104
51
26
19
44
82
151
148
92
34
11
13
56
272
589
1016
1344
1478
1423
1277
1134
1080
984
777
620
551
491
349
476
673
863
1000
1085
1061
975
861
637
540
533
643
683
693
859
905
1164
1261
1297
1240
1332
1480
1602
1581
1456
1269
1022
770
664
553
443
287
205
233
277
313
368
392
405
416
424
443
452
477
671
787
795
709
593
640
728
827
944
1049
1021
855
737
757
993
1051
1046
938
816
830
877
914
883
784
692
480
417
429
515
407
363
247
155
249
329
277
169
137
105
94
84
150
245
274
769
216
116
77
164
334
408
225
79
78
150
221
172
70
132
307
372
368
726
1159
1539
1724
2045
2190
2030
2222
2365
2351
1849
1117
1247
1192
701
411
801
977
742
569
782
683
307
406
710
806
1020
1432
1697
1797
1904
1965
1965
1928
1720
1374
1240
1226
1249
1310
1249
1063
970
966
1195
1404
1459
1638
1419
1119
775
631
667
925
841
730
787
1031
1043
854
766
748
800
603
523
445
519
559
488
374
312
269
364
274
239
204
150
129
134
125
158
215
282
329
332
319
286
234
173
63
18
13
50
64
66
84
93
76
64
79
108
124
67
25
5
8
8
9
4
12
12
17
17
18
15
11
7
2
1
16
16
16
21
7
5
0
3
1
3
18
36
18
30
79
101
101
118
131
172
149
143
158
174
291
472
590
526
277
115
86
66
103
248
303
345
377
346
244
154
159
245
264
261
249
296
370
414
423
463
558
658
642
552
495
433
308
231
117
60
70
199
275
486
459
426
355
314
274
304
533
607
579
836
878
860
743
503
343
206
161
248
525
899
1173
1347
1468
1452
1227
983
717
539
409
289
178
186
163
137
108
101
44
19
2
8
35
70
126
136
104
86
69
103
160
157
77
21
2
33
81
130
125
111
78
81
113
116
131
97
58
33
33
96
111
113
108
134
159
173
158
156
147
68
13
13
20
11
16
21
27
43
37
32
17
3
7
12
6
8
2
1
0
3
2
4
16
32
43
57
65
56
44
32
7
1
0
1
3
5
3
0
0
0
1
0
0
0
0
0
4
4
12
20
20
17
26
30
12
18
11
6
8
1
6
13
30
56
33
10
12
14
8
11
10
18
10
3
6
23
48
60
42
39
18
9
5
0
0
1
0
0
2
3
1
4
4
3
39
46
93
113
140
159
122
99
84
35
23
3
0
0
0
1
1
2
9
0
1
0
0
0
0
1
0
1
1
4
1
0
0
0
0
0
0
2
8
36
62
129
172
218
266
287
235
228
146
50
7
10
15
10
3
16
14
21
48
124
279
414
506
565
617
633
608
549
508
411
340
275
213
271
347
409
501
476
450
348
324
301
301
313
318
340
358
352
388
374
339
320
326
312
281
236
209
166
132
94
83
75
94
126
113
171
232
263
262
279
354
434
510
567
570
1487
871
935
936
866
765
660
563
413
322
274
280
501
340
354
403
433
470
488
434
347
328
295
277
265
300
316
279
214
157
163
141
133
93
47
37
34
29
56
54
58
72
99
176
240
365
459
515
596
651
711
717
705
656
609
551
528
509
528
497
461
388
295
221
169
255
343
382
432
458
451
404
357
300
337
313
275
211
163
140
115
118
122
115
105
117
112
147
165
233
274
321
310
307
280
245
227
171
124
58
32
3
2
0
0
0
0
1
3
7
13
20
26
23
20
18
12
1
14
56
78
112
162
236
286
390
569
796
886
976
995
993
874
775
659
575
455
296
227
254
344
459
622
829
939
1013
1161
1236
1270
1157
1123
1060
1028
1085
1102
994
931
806
578
304
115
349
590
669
725
875
1028
1201
1344
1531
1378
1120
762
509
493
392
212
363
527
601
665
738
843
994
1066
1029
944
802
731
693
898
1135
1387
1582
1891
2054
2005
1729
1379
1143
1064
1002
957
811
731
696
699
632
518
479
478
454
304
554
706
719
594
455
296
98
76
208
257
322
372
380
443
424
408
378
370
425
544
587
546
366
596
781
819
772
653
418
407
409
256
166
161
181
167
157
126
79
85
120
188
230
239
192
174
172
227
334
431
466
447
498
591
716
860
991
986
843
611
269
108
48
55
98
116
107
101
112
139
151
178
177
187
135
75
67
55
42
56
78
130
184
224
307
510
833
1130
1332
1440
1636
1733
1805
1645
1571
1559
1398
1234
1026
844
903
1023
899
611
506
636
812
643
530
516
501
497
650
802
927
1060
1356
1785
2191
2382
2631
2910
2834
2382
2116
2005
1815
1410
1226
953
942
1397
1675
1914
2066
2027
2211
2358
2459
2359
2070
1238
1067
1325
1291
1085
844
742
560
497
554
558
626
633
668
700
593
446
294
377
262
336
239
168
215
306
378
550
804
672
491
702
467
286
524
772
776
683
601
571
640
646
524
480
484
442
437
358
276
229
215
155
119
62
5
4
12
25
34
26
25
16
19
27
30
22
8
1
5
12
10
33
102
177
327
575
799
850
896
891
644
676
477
464
339
358
392
402
392
245
252
223
240
255
363
428
530
595
597
561
514
469
376
368
419
457
431
404
490
434
331
305
377
352
342
439
560
502
420
292
245
297
305
266
181
121
236
317
223
79
58
135
151
102
29
33
82
98
98
97
113
242
586
1071
1389
1365
1132
1062
1383
1508
1456
1525
1632
1725
1666
1636
1463
1295
996
1199
430
391
373
625
735
964
1484
1934
2170
2036
1890
1821
1748
1631
1187
835
825
1028
1216
1552
2168
3039
3801
4419
4829
4970
4721
4129
3590
2979
2660
2012
2639
2931
2853
2489
2342
2006
1753
1727
1535
1399
1347
1555
1740
1963
2056
2119
2253
2315
2197
2133
1991
2095
2562
3371
3791
3675
2688
1719
1792
1508
1067
1665
2493
2823
2685
1921
1490
2568
2461
2007
2697
2840
2260
1842
1641
1432
1499
1420
1037
551
475
522
573
416
337
301
245
317
703
1314
1549
1266
1024
758
866
868
897
1181
1551
2279
2831
3145
3365
3252
2892
2472
2106
1764
1481
1087
975
1037
1086
1131
1032
949
738
516
316
334
270
175
143
87
25
19
14
13
26
26
10
1
1
1
2
40
265
546
735
812
725
800
788
783
865
911
958
1116
1215
971
694
682
758
897
990
989
795
784
727
622
536
339
254
285
280
256
178
161
273
370
336
135
85
134
143
52
29
94
152
133
101
66
29
18
65
134
214
403
454
387
395
390
452
452
559
628
693
977
1384
1558
1646
1482
1515
1553
1699
2131
2158
1897
1423
1181
1012
902
1032
1316
1538
1621
1647
1546
1328
1230
1247
1066
706
651
716
618
708
575
530
458
312
220
173
196
228
249
428
589
692
909
1208
1441
1451
1200
1068
1109
1010
1111
1018
893
813
624
488
568
649
641
650
716
701
580
422
467
351
346
324
295
312
383
301
147
83
54
94
148
225
287
237
195
206
231
267
312
269
218
191
144
118
97
95
111
130
76
58
55
70
92
71
48
19
5
14
66
113
171
184
148
110
125
102
123
173
200
197
184
123
71
60
92
153
299
324
222
84
105
254
362
410
395
373
341
289
251
294
279
204
117
55
65
175
275
339
395
420
420
377
325
273
216
167
137
87
115
186
249
283
289
351
355
367
277
288
207
153
74
81
111
183
274
302
250
230
220
157
162
152
197
169
138
140
108
96
63
33
8
3
0
3
13
23
26
30
27
28
37
37
51
53
50
25
11
3
4
5
5
3
7
27
57
84
140
218
249
249
241
219
209
267
339
418
455
489
407
301
316
358
300
176
72
74
210
242
221
81
69
82
120
121
85
98
210
269
243
131
22
42
129
204
144
105
138
190
235
264
247
413
587
716
692
663
702
663
644
631
544
437
429
326
247
202
169
149
166
95
101
138
167
177
221
220
202
260
286
296
341
381
459
465
442
470
440
463
458
440
413
420
356
278
778
421
347
415
426
519
610
615
613
573
563
685
768
900
938
847
724
654
549
525
460
326
240
252
233
225
237
304
316
388
433
523
488
556
592
571
580
562
587
572
499
403
291
150
33
3
11
23
23
36
57
56
130
177
169
126
102
95
90
77
58
36
43
47
29
16
2
0
0
9
32
61
98
93
119
117
80
54
40
31
26
8
6
5
5
25
56
77
75
76
63
51
36
19
6
0
0
0
0
1
5
9
5
6
11
3
0
2
0
0
0
0
0
0
0
0
0
0
0
0
0
0
0
0
0
0
0
0
0
0
0
0
0
2
2
10
10
8
2
2
0
0
0
3
18
20
53
51
67
56
52
45
32
12
3
0
0
0
0
2
0
2
1
1
0
0
0
0
0
0
0
0
0
0
0
0
0
0
0
0
1
2
0
0
0
0
0
0
0
0
2
8
5
0
0
0
0
0
0
0
0
0
0
0
0
2
4
5
42
54
52
58
33
13
24
12
7
6
3
0
2
6
3
4
5
1
0
0
0
40
119
184
218
273
227
235
233
301
349
360
402
433
411
374
349
298
273
278
364
472
488
430
266
217
173
140
126
78
84
79
127
99
69
86
93
66
49
15
44
28
51
55
48
73
183
400
543
691
759
771
811
795
843
810
745
662
520
390
293
235
268
298
320
314
349
400
396
397
366
350
316
285
289
287
292
299
301
308
343
337
283
181
189
186
154
116
55
20
2
2
0
0
2
4
2
1
2
0
0
0
0
0
1
19
28
37
52
80
183
433
873
1200
1257
1289
1119
958
842
785
772
748
1304
1428
881
793
829
902
947
1014
1166
1210
1153
999
857
657
533
424
339
304
319
328
470
537
584
564
524
539
562
517
524
481
633
859
1151
1506
2000
2250
2412
2297
1916
1356
784
842
1302
1900
2378
2540
2568
2326
2186
2200
2090
1860
1525
936
899
763
545
486
395
399
404
434
475
571
588
594
612
613
616
511
547
477
452
446
550
895
1280
1332
919
485
837
1143
1077
900
806
908
1122
1316
1416
1424
1418
1578
1839
1634
1375
1173
1141
1091
1046
897
830
721
571
446
367
281
227
238
284
454
726
1003
1322
1508
1696
1838
1891
1907
1760
1608
1470
1268
1178
1075
904
809
785
671
523
332
194
111
147
289
368
478
503
449
414
410
439
442
440
398
336
211
148
112
49
46
142
140
244
320
380
452
458
482
554
661
843
1041
1280
1494
1655
1803
1898
1962
2035
2038
2064
2151
2129
1758
1458
1197
1034
1148
1082
996
981
946
843
798
836
762
706
677
472
280
181
127
121
107
61
61
41
35
54
67
79
56
54
68
82
88
76
66
53
41
21
12
0
0
0
0
0
0
0
0
1
0
0
0
0
0
0
0
0
0
0
0
0
0
0
0
0
0
0
0
0
0
0
0
1
1
1
8
2
3
1
2
2
1
0
0
0
0
1
0
0
0
0
7
11
1
0
0
0
0
0
0
0
0
0
1
0
1
1
0
3
7
9
9
8
13
3
1
6
17
15
25
29
18
9
4
6
30
25
0
10
10
6
0
0
1
2
0
2
3
11
22
22
28
23
23
19
17
8
6
4
1
1
0
0
0
5
25
154
344
595
725
600
421
383
290
186
144
187
211
209
186
159
226
299
281
267
260
274
261
211
159
139
92
75
59
33
10
16
22
6
7
3
7
1
5
0
1
0
1
3
7
12
9
2
5
1
0
0
0
0
0
0
0
0
0
0
0
0
0
0
0
0
0
0
0
0
0
0
0
0
1
0
0
0
1
1
0
0
0
0
0
0
0
0
0
0
0
0
0
0
0
0
0
0
0
1
0
2
11
39
24
26
11
7
3
9
20
65
52
59
75
68
74
60
62
66
93
83
73
65
83
129
124
129
121
166
206
234
284
281
311
351
372
394
470
534
632
673
704
748
781
755
850
960
1088
1201
1303
1431
1449
1696
2006
2509
2979
3226
3164
3300
3466
3366
3077
2605
1838
1644
1584
1544
1439
1464
1522
1326
1325
1128
911
904
841
875
917
1114
1027
659
310
364
373
282
230
190
172
122
64
75
124
286
412
560
724
852
902
870
967
995
954
957
847
706
619
599
616
334
128
157
225
192
237
255
233
180
141
101
57
13
20
73
106
88
48
41
41
48
73
92
135
142
148
221
288
310
339
361
374
378
384
382
392
358
322
287
293
286
393
578
1044
1617
2083
2153
1950
1640
1396
1302
1191
987
925
1147
1242
1526
1899
2145
2420
2712
2783
2446
2278
2252
1946
1719
1736
1867
1613
1442
1732
2105
1978
1839
1742
1706
1568
1370
1039
758
671
682
857
868
823
836
734
898
1174
1470
1830
1927
1851
2038
2201
2278
1911
1721
1712
1899
2145
2221
2157
2038
1741
1232
826
733
804
1036
1338
1491
1570
2356
1428
1407
1478
1662
1751
1851
1833
1876
1854
1912
1799
1654
1299
1030
909
1020
1137
1450
1764
1813
1646
1683
1605
1273
817
744
810
1001
1143
1163
1272
1449
1790
2180
2485
2817
3409
3503
3320
3116
2726
2010
1259
1629
1759
2112
2268
2002
1864
1474
1126
945
882
851
873
872
864
858
881
819
706
412
289
298
314
221
164
139
114
87
165
289
450
725
844
873
817
657
513
415
363
294
240
249
374
499
655
726
777
813
845
783
725
715
618
345
515
751
636
534
400
277
246
200
167
252
219
199
139
93
62
13
73
94
74
65
49
25
14
16
19
43
67
94
108
110
99
90
95
132
158
124
85
41
25
22
28
58
54
41
8
1
0
2
3
2
0
0
0
0
2
0
0
0
0
2
4
19
10
17
11
11
5
4
9
11
6
0
16
61
184
283
454
644
692
809
850
1024
1147
1386
1521
1747
1870
1689
1549
1269
1055
939
750
666
518
374
196
69
29
32
48
83
128
185
217
292
317
390
459
602
730
921
1179
1377
1585
1682
1725
1826
2004
1865
1579
1484
1551
1396
1476
1657
1769
1892
1860
1698
1233
1465
1804
1537
1411
1556
1555
1335
1516
1730
1853
1669
1402
1150
906
694
559
413
272
314
321
240
191
119
131
202
209
244
312
398
463
410
288
186
110
101
129
125
104
143
207
271
247
223
168
137
139
165
166
136
139
189
269
373
378
419
384
368
299
260
272
255
207
196
236
255
295
394
487
445
364
272
289
428
509
595
603
635
653
667
655
659
598
519
443
351
242
140
100
65
58
67
65
69
41
24
15
8
1
1
1
4
24
60
92
186
312
471
556
684
917
1114
1119
1309
1504
1543
1715
1702
1606
1444
1145
744
679
699
721
920
937
786
755
781
818
781
714
860
1049
1131
849
491
220
205
462
576
422
221
153
131
194
225
259
273
313
515
565
626
548
399
352
591
732
759
628
575
442
344
281
264
267
242
313
520
772
780
736
744
688
674
614
557
496
436
379
335
236
204
174
197
136
102
308
862
1516
1915
1976
1722
1001
411
512
332
206
204
128
80
163
143
145
96
71
76
103
87
61
51
78
132
157
146
117
53
84
159
179
149
141
170
168
146
83
128
135
98
68
52
102
107
114
114
123
134
107
32
109
172
181
113
42
31
14
82
180
191
180
166
301
227
187
168
236
240
218
171
160
135
92
92
89
105
40
35
41
30
26
73
87
159
86
67
91
163
218
260
268
195
123
73
179
293
434
663
879
1184
1346
1487
1498
1468
1367
1362
1149
1037
908
807
580
407
186
139
97
173
324
460
430
332
275
243
262
222
107
45
105
131
167
105
47
36
29
46
38
14
21
21
47
53
36
28
13
11
5
6
8
7
5
3
2
2
0
6
3
10
27
74
96
104
120
121
131
155
168
146
110
85
57
35
27
9
3
1
0
0
0
0
0
0
0
0
0
0
0
0
0
0
0
0
0
0
0
0
0
0
0
0
0
0
0
0
0
0
0
0
0
0
0
0
0
0
0
0
0
0
0
0
0
0
0
0
0
0
0
0
0
0
0
0
0
0
0
0
0
0
0
0
0
2
0
0
0
0
0
0
0
1
2
6
7
9
3
0
1
0
0
0
1
8
8
0
0
0
0
0
0
1
0
0
2
4
2
3
22
32
34
14
2
3
0
1
1
0
0
3
12
42
102
231
346
432
513
531
501
922
302
223
153
136
76
55
40
34
17
10
5
2
1
0
0
5
8
30
91
206
212
152
166
182
155
99
24
16
55
150
205
216
108
132
142
106
66
31
12
7
13
16
10
18
20
15
15
32
36
69
89
130
192
185
167
60
2
4
2
5
5
10
18
34
79
63
73
81
106
145
168
197
202
190
169
103
14
24
136
237
320
269
252
219
131
46
31
114
218
295
368
415
424
493
549
570
618
654
639
594
516
434
329
307
299
261
213
157
129
187
219
134
57
59
118
112
49
25
36
64
64
35
6
26
42
54
82
105
117
110
90
115
65
84
135
122
85
61
40
35
38
50
77
48
70
58
46
80
155
306
287
160
190
190
138
77
29
43
8
5
15
21
20
28
41
56
32
17
6
7
4
6
6
0
0
0
0
0
0
2
3
9
13
21
9
1
0
41
41
28
4
20
38
16
15
14
13
8
0
0
3
8
3
3
2
1
0
1
0
0
15
5
13
4
8
12
11
5
3
1
1
0
1
21
16
0
1
0
7
9
16
13
9
12
2
0
0
1
2
1
1
0
3
7
5
2
1
5
34
94
185
308
407
461
516
507
414
346
296
238
156
108
67
43
20
22
18
12
10
3
1
1
2
3
6
30
20
14
7
16
16
15
13
12
2
3
27
194
75
80
33
8
5
3
22
62
81
82
66
19
0
9
49
62
37
17
0
0
0
7
3
0
0
4
5
1
0
2
5
31
71
118
141
108
87
82
102
117
134
203
168
173
160
153
85
25
13
37
61
63
40
27
58
149
227
305
218
122
109
159
215
190
146
135
179
232
270
296
266
255
298
288
299
247
201
150
114
103
68
32
22
31
44
29
33
31
21
19
15
12
11
3
1
6
8
10
3
2
12
12
21
4
3
2
3
5
21
39
7
3
0
0
3
2
4
23
34
66
88
93
73
73
72
62
71
74
126
204
331
422
557
754
851
831
793
710
660
639
650
609
590
558
549
468
419
313
246
254
169
108
48
24
21
13
30
34
7
5
9
11
5
1
0
0
0
16
17
23
13
29
37
63
68
78
124
209
282
387
482
633
770
1091
1319
1522
1643
1702
1702
1779
1901
1900
1738
1388
1265
1166
1036
884
731
606
446
366
404
805
1344
1714
1924
1991
2138
2207
2377
2356
2216
1949
1998
2058
1911
1790
1676
1529
1251
1098
1129
994
758
557
478
491
395
333
339
395
379
313
261
271
325
328
217
127
103
77
29
36
58
58
83
134
126
85
86
88
74
64
38
24
38
43
42
18
12
13
7
8
5
3
6
4
2
1
0
1
0
13
32
17
5
3
4
3
0
2
8
9
18
14
13
16
33
62
81
94
104
63
23
17
21
22
15
4
0
0
0
0
14
21
58
98
110
162
260
407
530
610
651
676
635
592
558
499
420
286
258
324
385
358
312
320
355
349
305
212
126
118
123
114
79
70
97
259
383
451
376
146
41
80
114
115
88
73
129
240
357
438
436
327
240
225
244
247
172
103
59
59
62
46
13
11
8
18
36
38
64
91
115
131
159
197
247
313
366
409
450
514
554
566
594
568
532
484
404
356
299
260
174
103
27
11
16
3
0
0
16
150
215
245
201
188
200
144
89
68
85
174
239
243
290
367
499
594
617
615
589
480
471
373
324
264
210
178
143
95
57
39
43
46
51
40
54
67
67
69
74
79
59
47
27
16
5
0
0
0
2
0
0
0
0
0
0
2
13
17
30
38
39
26
23
16
18
4
2
0
2
1
1
1
0
1
1
0
0
0
0
0
0
0
0
0
0
0
2
25
17
0
2
8
10
8
6
34
4
1
2
10
24
25
9
1
0
0
1
1
3
14
2
0
0
2
4
5
8
23
9
1
2
3
4
9
4
6
2
0
0
0
0
0
12
26
19
8
0
0
0
0
6
3
2
0
0
0
2
4
2
0
0
0
0
0
2
0
0
0
0
0
0
0
1
0
0
0
0
0
0
0
0
0
0
0
0
0
0
1
0
0
2
0
0
0
0
0
0
0
0
0
0
0
0
0
0
0
0
0
0
0
0
0
0
0
0
0
0
0
0
0
0
0
0
0
0
0
1
14
23
59
105
101
96
90
74
49
28
38
26
0
7
4
4
3
6
14
17
30
30
36
30
26
15
8
2
0
0
0
0
0
0
1
8
9
13
27
26
28
14
12
0
0
0
1
0
1
0
0
0
0
1
0
0
0
0
0
0
0
0
0
0
0
0
0
0
0
0
0
0
0
0
0
0
0
0
0
0
0
0
1
0
0
0
0
1
1
0
0
1
7
13
33
43
60
72
76
84
60
22
4
14
33
70
73
46
29
4
2
0
9
4
7
9
6
0
0
0
0
0
0
0
0
0
0
0
0
0
0
0
0
0
0
0
0
0
3
3
2
7
4
6
10
16
14
12
16
10
5
22
22
2
6
5
3
1
1
0
0
0
0
0
0
0
0
0
1
0
0
0
0
0
0
0
0
0
0
0
0
0
0
0
0
0
0
0
0
0
0
0
0
0
0
14
5
1
2
2
12
35
39
1
23
46
49
47
36
6
0
17
40
26
1
3
7
6
0
17
10
30
74
100
104
79
65
48
34
18
48
68
84
68
42
32
40
45
58
80
155
205
241
258
252
313
373
400
459
459
538
584
611
586
541
406
262
75
61
134
182
204
176
146
76
35
18
6
5
4
17
33
23
4
1
3
5
7
5
3
2
13
51
70
90
128
256
514
747
938
1030
949
850
805
943
1051
1331
1430
1471
1329
1298
1424
1542
1438
1387
1359
1265
1127
984
830
564
466
333
193
108
102
145
224
277
454
663
953
996
783
686
804
1078
1224
1440
1640
1701
1778
1789
1685
1661
1517
1422
1253
1191
1061
1040
1007
1003
1036
979
996
998
940
745
513
453
374
314
264
234
302
365
426
455
474
493
560
524
678
673
645
613
617
646
581
546
609
651
602
559
433
275
262
503
86
79
77
85
81
76
66
42
12
11
27
47
61
51
36
35
43
61
50
60
59
52
46
21
25
29
26
36
24
32
37
33
46
67
49
58
79
71
42
39
88
142
140
75
30
28
43
147
219
287
288
243
223
225
223
291
461
608
740
760
770
853
972
974
900
797
602
348
253
189
238
312
473
1250
1381
918
951
900
884
723
530
394
284
242
165
210
285
410
659
801
1021
1222
1261
1095
943
1323
1545
1419
1221
1012
1037
925
839
961
1266
1572
1542
1609
1789
2007
2184
2252
2162
2035
2015
1737
1586
1433
1307
1135
1003
994
955
941
856
794
804
775
736
580
534
565
627
589
497
427
391
516
601
683
684
592
353
84
158
387
534
576
519
334
92
173
368
450
436
392
199
86
435
573
572
355
119
183
336
359
341
274
208
301
588
877
1085
1283
1358
1608
1878
2086
2033
1883
1572
1659
1547
1479
1311
1197
1267
1227
1253
1187
1194
1129
1011
820
669
678
886
1037
1140
1152
1146
1001
654
683
922
1095
1270
1464
1555
1490
1218
901
680
551
427
329
346
467
582
686
732
536
233
192
218
208
234
410
517
522
543
643
815
996
1076
1225
1534
1659
1484
1150
759
1218
1483
1580
1672
1734
1707
1563
1406
1254
1198
1178
858
454
841
1194
1457
1496
1494
1635
1751
1728
1704
1647
1964
2230
1896
1384
1085
1283
1336
1261
1412
1433
1209
1091
1122
992
799
581
515
601
531
362
185
204
309
344
378
284
300
292
235
174
160
197
304
436
466
525
575
692
813
830
816
833
782
816
722
698
754
862
896
836
851
888
946
877
742
611
649
807
862
525
279
237
207
189
134
161
244
338
237
283
334
350
456
545
555
512
467
424
381
352
374
428
550
640
588
703
642
538
552
484
370
242
200
208
156
103
67
48
35
15
3
1
3
20
4
30
55
41
22
46
5
4
9
13
62
82
111
241
492
702
724
793
728
672
668
533
409
429
480
513
483
425
420
376
212
192
202
336
411
378
368
383
484
555
689
715
655
626
431
238
162
144
128
131
145
169
167
229
235
235
230
232
238
200
215
226
246
185
90
377
815
1301
1900
2038
1834
1716
1925
2437
2864
2390
2356
2309
1972
1830
1641
1450
1293
1137
1018
1230
1179
899
942
1045
1137
1286
1403
1454
1319
1040
934
924
859
713
611
524
409
319
415
668
878
1094
1023
1157
1657
1868
1816
1812
1732
1593
1343
1186
912
763
636
614
606
557
576
617
625
590
529
526
557
1063
772
766
785
812
871
900
981
1040
1139
1288
1386
1295
1193
1100
1010
974
1045
1378
1499
1357
1059
1327
1321
1397
1397
1270
1342
1445
1687
1475
1086
800
421
472
653
751
871
966
710
502
677
933
1151
1221
1160
1003
783
616
566
806
1029
1090
1276
1329
1436
1415
1134
798
472
335
419
467
588
947
1480
2018
2203
2245
2851
2607
1912
1739
2212
2159
1735
1255
1209
1410
1770
1923
2221
2262
2353
2168
1825
1592
1658
1907
1684
1371
986
784
696
549
629
600
437
464
446
448
529
746
860
831
685
627
1030
1202
1124
932
693
453
328
557
841
928
811
631
400
318
385
457
445
345
186
110
208
251
204
69
23
30
25
12
12
12
21
33
51
49
23
26
20
7
17
14
19
11
12
4
15
18
18
18
23
28
25
27
26
13
15
12
14
10
6
6
11
18
27
26
36
66
152
268
254
91
19
7
43
64
71
48
6
10
24
51
66
48
29
18
19
21
17
18
6
5
9
3
6
13
5
3
17
19
40
50
14
22
24
18
6
10
3
4
2
10
7
19
38
18
10
4
4
3
5
2
4
1
2
2
5
2
0
0
0
0
0
3
24
33
36
22
19
29
48
59
55
30
29
26
134
246
413
692
986
1266
1518
1674
1918
1981
1899
1897
1840
1558
1322
1169
992
630
896
863
900
924
760
466
280
373
336
258
93
33
49
123
93
140
295
460
624
764
835
838
953
1024
979
944
888
935
881
716
639
512
447
439
418
464
721
1035
1237
1427
1530
1629
1570
1407
1255
1022
880
758
655
624
521
320
219
413
368
332
239
144
69
52
52
24
37
46
59
37
44
66
68
49
42
35
37
37
63
67
81
189
378
632
918
1141
1283
1273
1211
1213
1069
832
706
653
763
888
1113
1321
1516
1670
1833
1892
1788
1572
1041
1038
1206
1192
1230
1265
1275
1178
1151
991
1160
1310
1707
2158
2179
2583
3419
3988
4312
4216
3745
3276
2455
1880
1506
1277
741
529
616
583
638
687
660
654
640
669
460
390
392
441
410
210
159
285
397
523
489
327
212
159
119
77
54
79
158
320
454
717
779
843
927
1095
1060
892
722
841
1082
1285
1593
1887
1902
1778
1608
1478
1353
1173
1011
1005
1091
1083
981
792
729
764
831
969
1097
1217
1352
1685
2128
2460
2252
1878
1670
1502
1328
1174
1191
1570
1664
1874
1915
2184
2144
2003
1794
1700
1698
2002
2192
1808
1367
1108
900
1040
1407
1365
1229
1056
975
929
856
923
853
732
402
232
417
470
412
552
375
387
477
678
959
1257
1553
1695
1677
1755
2003
2083
2201
2038
1785
1560
1324
1109
903
709
657
555
441
396
344
390
528
599
628
675
733
649
422
530
527
506
452
455
478
399
397
405
325
226
172
216
258
249
191
113
116
143
155
132
135
182
204
90
28
96
257
287
149
58
52
153
165
126
155
233
283
311
279
235
197
167
131
141
149
166
64
12
3
3
6
3
1
0
0
0
1
0
0
0
0
1
0
0
0
0
0
0
0
0
0
0
0
0
0
0
0
1
0
1
4
5
1
6
6
7
5
8
4
2
3
1
0
2
0
0
0
0
0
0
0
0
0
0
0
0
0
0
0
0
0
0
0
0
3
18
87
116
119
82
28
12
16
44
81
116
137
124
113
49
12
18
43
91
115
73
32
12
2
13
49
86
91
70
20
0
1
9
36
67
29
14
2
0
0
4
21
53
46
16
0
0
4
11
16
13
0
0
0
0
1
3
6
7
3
0
0
0
7
22
36
33
12
2
4
14
22
21
25
21
12
8
2
1
18
43
50
30
27
18
31
43
53
78
65
65
18
5
6
14
18
10
1
0
0
0
2
1
1
0
0
0
0
0
0
0
0
0
0
0
0
0
0
0
0
0
0
0
0
0
0
0
1
1
0
0
0
5
5
1
0
0
0
0
1
2
5
3
0
0
0
0
12
23
14
1
0
3
5
2
0
1
0
0
0
1
3
3
0
0
0
0
1
2
0
4
0
0
15
27
23
6
0
1
14
19
19
11
1
0
0
1
6
14
14
3
0
0
0
1
0
2
0
1
15
47
85
109
119
127
129
123
127
148
166
141
108
62
18
5
22
54
82
85
58
16
0
0
7
47
62
36
10
0
0
6
17
33
17
0
0
0
4
3
6
1
0
0
0
4
17
15
1
0
0
0
0
1
0
0
0
0
1
0
0
0
0
0
0
3
9
11
26
5
9
10
0
5
9
5
3
4
3
0
0
0
0
1
0
0
1
40
34
0
0
0
3
2
0
0
1
2
7
8
7
8
0
3
2
0
4
1
0
1
0
0
0
0
0
0
1
0
1
7
13
14
6
2
0
1
0
0
0
0
0
0
0
0
0
0
0
0
0
1
3
0
0
0
0
1
0
0
2
0
10
33
1
7
2
0
0
0
0
0
0
0
0
0
0
1
3
0
7
6
5
6
7
3
6
2
2
0
1
0
0
0
0
0
0
0
0
0
0
0
0
0
0
0
0
0
0
0
0
0
0
3
3
5
10
10
15
6
1
0
0
0
0
0
20
0
15
7
1
0
0
0
0
0
0
0
0
0
0
0
0
0
0
0
0
0
4
6
5
1
1
1
1
2
1
1
0
3
0
1
2
8
20
34
71
314
954
1388
1417
1236
1254
1412
1588
1650
1738
1654
1315
1374
1523
1428
1624
1856
1791
1313
959
1892
2536
2430
2045
1548
1598
1777
2017
2062
2065
1871
1682
1646
2010
2523
3148
3531
3951
4363
4928
5354
5413
5198
5180
4949
4225
4029
4004
3900
3513
3222
2994
2313
1879
1319
1272
1321
959
988
1577
1478
1341
1566
1502
1055
962
922
871
820
850
856
791
673
716
872
1043
1161
1120
941
966
1191
1642
1936
1444
1211
1905
2449
2454
2131
2231
2889
3407
3781
3984
4272
4653
4762
4615
4256
3533
2582
2177
2236
2012
2021
2135
2264
1614
1094
1063
929
939
700
660
652
669
572
348
335
312
364
406
621
872
1083
985
1016
1086
1252
1132
936
1456
1708
1336
1027
1063
941
843
854
759
634
504
351
205
86
39
57
42
36
32
12
14
15
29
38
48
39
16
6
0
0
0
0
0
0
0
0
0
7
9
17
13
12
11
11
24
36
73
151
221
291
340
370
435
555
593
642
583
484
477
524
590
572
589
631
637
651
609
615
653
900
1366
1602
1790
1755
1627
1592
1623
1573
1339
1222
1055
1016
918
836
648
748
763
810
601
529
616
656
776
1177
1399
1938
2476
2751
2832
2655
2640
2659
2509
2154
1735
1449
1142
590
370
571
982
1261
1642
1797
1893
1768
1772
1551
1349
1081
1029
830
625
624
737
736
646
623
576
550
594
567
421
342
348
290
323
240
119
71
81
59
55
48
24
18
25
44
12
62
52
2
3
7
51
77
16
33
44
7
2
1
0
0
2
5
3
7
7
20
19
16
13
7
18
13
14
21
40
34
32
32
23
31
23
20
8
12
8
16
22
27
62
55
10
10
14
15
21
43
91
369
673
805
569
256
225
235
190
115
81
105
104
82
40
8
12
43
133
270
393
522
568
613
612
547
509
436
334
269
204
156
118
121
128
89
50
62
83
133
198
259
273
259
239
141
88
63
55
52
65
69
40
4
1
1
2
0
0
0
0
0
0
0
0
0
0
0
0
0
0
0
0
0
0
0
0
0
0
0
0
0
0
0
0
0
0
0
0
0
0
0
0
0
0
0
0
4
15
22
15
20
45
69
94
103
90
61
18
0
6
30
45
59
57
43
39
39
23
23
17
3
12
19
7
0
0
0
0
0
0
0
0
0
0
0
0
0
1
10
3
2
0
0
0
0
0
0
0
6
29
74
123
186
190
182
210
216
178
151
110
63
56
58
72
81
67
57
38
22
10
1
2
0
0
0
1
0
0
2
13
6
0
0
0
0
0
2
0
0
0
0
0
0
0
0
4
5
10
19
3
0
4
7
0
7
10
0
1
0
0
0
0
0
0
0
0
0
0
0
0
0
0
0
0
0
0
0
0
0
0
0
0
0
0
0
0
0
0
0
0
0
0
0
0
0
0
0
0
0
0
0
0
1
0
0
0
0
0
0
0
0
0
0
0
0
0
0
0
1
1
1
2
1
0
0
0
1
6
8
8
2
4
6
4
2
7
12
34
23
17
43
43
149
262
279
83
0
18
12
1
13
5
1
0
0
0
0
0
0
0
0
1
0
0
0
0
0
0
0
1
3
4
7
9
15
10
7
5
1
0
0
0
0
0
0
1
0
3
7
9
12
17
17
22
19
17
20
15
18
11
7
4
1
0
0
0
0
0
0
0
0
0
0
1
3
0
0
0
0
1
4
12
28
102
303
613
1022
1354
1556
1512
1550
1591
1556
1457
1380
1269
1163
1026
901
675
469
266
164
98
89
85
59
45
59
74
71
56
45
38
42
19
24
50
60
70
103
109
121
176
336
429
481
553
542
607
786
915
815
559
336
250
181
225
265
204
139
137
150
96
133
113
93
98
133
128
147
143
128
172
176
149
81
83
112
101
56
40
89
145
94
74
69
75
68
44
21
15
12
14
29
38
60
100
82
71
80
108
116
147
166
203
234
273
298
305
309
320
329
379
395
466
567
683
753
710
822
876
1017
1169
1210
1208
1120
985
875
723
589
495
399
366
345
377
366
407
478
537
512
519
515
454
365
295
220
144
75
46
45
93
151
150
181
162
194
217
216
143
113
69
29
13
14
14
21
52
63
68
47
48
78
73
99
162
215
312
396
494
596
736
884
961
993
1109
1247
1318
1348
1322
1451
1671
1871
1931
3393
2269
2199
2047
1958
1858
1771
1665
1578
1464
1411
1337
1268
1143
1118
1021
1023
961
904
775
671
594
509
451
421
355
302
238
254
244
218
175
203
249
294
361
386
447
599
657
726
761
754
805
753
753
745
723
743
717
672
631
609
592
523
515
520
502
498
433
429
441
387
338
278
240
233
207
187
185
200
225
181
90
66
71
74
105
125
120
80
107
116
150
163
188
185
257
342
366
422
510
493
467
437
245
124
69
52
55
57
119
117
66
45
28
56
62
50
54
75
101
144
145
78
63
33
25
23
43
59
64
63
52
38
20
3
4
2
3
23
32
0
2
1
7
18
15
23
27
89
202
409
555
601
594
523
471
414
375
328
301
193
131
98
93
54
56
73
87
148
230
392
517
652
758
880
1004
1153
1035
900
689
601
494
460
519
585
576
507
380
213
167
382
517
568
523
488
529
599
722
898
887
794
729
579
459
444
267
326
382
353
295
234
245
272
263
283
297
286
303
296
278
254
214
184
134
98
63
69
59
50
37
45
36
10
3
0
1
0
0
1
0
0
1
3
5
2
2
0
0
7
7
0
19
47
74
130
152
257
336
335
397
524
711
790
796
706
674
490
330
186
166
295
314
265
276
216
167
163
70
33
60
81
92
85
80
41
30
19
10
7
3
1
2
0
0
1
7
9
1
0
9
7
0
9
14
10
22
28
224
29
29
9
15
31
53
90
116
114
107
116
122
70
78
68
49
20
18
9
7
0
0
2
2
5
0
1
0
1
2
0
2
1
0
0
0
0
24
61
89
136
166
201
264
359
519
678
909
1167
1355
1565
1846
2125
2220
2319
2376
2475
2481
2302
2049
1994
1956
1766
1652
1349
1156
960
819
638
402
415
616
720
887
946
977
1009
1037
1172
1313
1318
1794
2170
2286
2432
2719
3482
4109
4374
4164
3736
3192
2873
2874
2910
2802
2637
2507
2542
2474
2257
1961
1820
1626
1533
1407
1330
1332
1269
1363
1388
1492
1571
1566
1284
927
407
271
285
462
635
1094
1595
1964
2412
2631
2636
2531
2728
2999
3402
3633
3753
3835
3931
4095
4266
4431
4696
4837
4806
4452
4092
3451
3092
3172
2986
2828
2724
2713
2568
2225
1920
1678
1444
1336
1280
1394
1540
1654
1566
1355
1217
1145
952
736
713
814
955
1279
1753
1948
2144
2242
2152
2418
2629
2937
3164
3370
3583
3647
3710
3935
4251
4356
4237
3949
3597
3313
3112
2903
2759
2527
2668
2837
2189
1878
2247
2401
3155
1210
926
841
834
870
855
703
560
552
506
403
442
521
564
509
416
375
355
378
459
457
396
354
347
299
323
307
315
329
198
150
151
139
221
306
464
582
658
725
672
580
512
549
522
441
377
367
422
394
472
690
874
707
594
799
898
923
868
826
781
721
753
707
743
797
824
879
883
854
841
782
824
796
922
1115
1271
1380
1283
980
692
531
359
333
379
464
586
649
696
652
614
550
529
651
738
693
593
456
388
269
310
380
423
478
482
430
432
416
371
271
211
251
379
527
662
850
1023
1088
1124
1075
1193
1258
1414
1312
1279
1270
1199
1042
731
581
336
376
471
601
657
664
519
382
510
536
493
441
357
255
203
202
178
82
48
36
46
36
20
37
70
118
140
94
29
3
9
32
31
8
21
30
52
46
23
19
6
5
2
0
0
0
0
0
1
3
2
3
7
4
12
20
29
33
43
33
31
32
28
30
40
32
21
18
15
8
9
2
3
6
7
1
4
1
0
0
0
0
11
28
19
34
91
136
160
146
146
118
102
92
80
77
59
57
40
25
13
4
2
4
5
8
5
3
4
5
1
1
1
0
0
0
0
0
0
0
0
0
0
0
0
1
0
0
0
0
0
0
0
0
0
1
6
3
3
10
16
49
136
233
394
517
640
756
847
1076
1603
2096
2669
3141
3505
3557
3286
2848
2374
2016
1565
1049
883
916
1045
1043
776
376
258
198
174
104
134
252
330
343
246
183
115
30
23
30
34
13
8
0
1
5
6
4
3
1
4
15
20
70
152
182
176
115
36
1
23
29
12
3
0
0
2
41
138
238
276
334
380
421
440
511
616
571
520
329
64
143
212
183
123
54
21
41
63
39
26
14
13
8
8
9
3
9
11
5
3
2
10
13
4
12
28
49
69
91
120
169
194
214
208
211
203
232
262
270
287
254
233
270
379
532
662
733
670
517
279
186
321
330
301
204
198
305
409
366
292
357
361
384
312
401
519
494
435
372
416
409
272
154
127
100
91
62
47
23
10
14
30
22
5
7
5
5
8
10
6
18
12
17
28
30
32
37
33
22
27
24
35
41
68
62
52
102
203
319
386
446
504
584
803
1123
1250
1332
1259
1225
1205
1072
766
569
571
519
443
389
282
125
111
153
120
64
36
45
63
68
69
70
55
47
37
24
16
12
7
10
26
4
1
0
0
0
8
87
180
203
194
213
226
249
203
109
85
109
125
110
71
14
17
54
47
26
1
4
11
3
0
3
0
0
0
0
0
0
0
0
0
0
0
0
0
0
0
0
0
0
0
0
1
2
0
0
0
4
15
7
0
2
5
4
0
0
0
0
0
0
3
22
0
17
82
105
95
22
1
2
9
20
36
54
38
4
3
0
18
17
17
0
0
1
4
2
5
2
0
1
2
7
3
0
0
0
2
1
1
0
0
0
0
0
0
0
0
0
0
1
0
0
0
0
0
0
0
1
2
7
9
5
0
1
1
8
14
19
12
15
16
17
21
30
28
29
58
107
107
51
72
183
254
236
83
60
175
247
209
84
81
127
228
304
222
187
259
477
737
894
963
872
729
483
355
280
346
481
416
183
209
301
426
470
464
426
394
239
165
229
292
196
189
294
354
367
243
263
199
183
195
319
403
359
269
217
233
238
248
276
319
325
312
381
402
432
451
371
298
276
248
301
397
428
481
506
493
389
236
138
108
86
94
59
15
0
6
26
23
20
9
4
4
3
22
9
8
1
0
1
0
0
0
9
53
92
83
59
23
1
0
5
9
8
18
21
25
19
2
9
17
21
11
2
0
0
0
0
0
0
3
0
3
0
0
1
3
2
15
10
3
17
21
29
28
6
0
1
2
0
0
0
1
2
10
13
22
20
21
21
18
15
18
27
45
66
82
78
69
38
33
24
20
9
4
0
5
2
5
9
10
2
0
0
0
0
1
0
0
0
0
0
0
0
0
0
0
0
0
0
0
0
0
0
0
0
0
0
0
0
0
0
0
0
0
0
0
1
0
0
0
0
0
0
0
2
0
2
1
2
0
0
0
0
0
0
0
0
0
0
0
0
0
0
0
0
0
0
3
3
1
3
3
0
2
1
2
0
3
1
17
116
236
415
615
826
881
843
1103
1213
1241
1253
1451
1715
1766
1701
1540
1380
1358
1391
1289
1162
1051
983
850
810
830
995
1042
1041
887
742
613
513
462
479
472
425
337
219
158
281
320
608
960
1194
1431
1311
1052
547
313
158
406
546
471
441
447
418
540
591
634
585
545
516
430
292
140
198
360
497
626
760
863
953
974
1126
1311
1428
1475
1480
1487
1401
1379
1244
1172
1049
932
770
643
485
746
152
48
18
7
15
30
33
47
37
49
37
29
14
24
86
181
199
138
67
137
359
447
219
174
256
132
71
151
269
152
205
244
214
108
74
118
84
78
75
16
6
4
9
0
6
16
2
2
2
1
0
0
3
1
0
0
1
0
0
0
1
0
0
0
0
2
1
0
1
1
6
16
1
6
10
2
0
0
0
0
1
0
0
0
0
5
22
4
2
7
4
1
0
0
1
2
2
5
3
5
3
0
4
1
0
1
2
7
0
0
0
0
0
0
0
0
0
0
0
0
0
1
1
0
0
0
0
0
0
0
0
0
0
0
0
0
0
0
0
0
0
0
0
0
0
0
0
0
0
0
0
0
0
0
21
6
0
3
0
0
5
3
0
1
0
0
0
0
0
0
0
0
0
0
0
0
0
0
0
0
0
0
0
0
0
0
0
0
0
0
0
0
0
0
0
0
0
0
0
0
0
0
0
0
0
0
0
0
0
0
0
0
0
0
0
0
0
0
0
0
0
0
0
0
0
0
0
0
0
0
0
0
0
2
5
4
5
5
8
1
4
0
0
0
0
0
0
0
0
0
0
0
0
0
9
0
0
0
0
0
5
3
0
0
0
0
0
0
0
0
0
0
0
0
0
0
0
0
0
0
0
0
0
0
0
0
0
0
0
0
0
0
0
10
26
5
0
16
13
26
43
8
10
28
15
8
10
14
16
29
14
21
25
19
18
6
8
3
1
2
1
8
12
10
1
0
0
0
1
1
0
0
0
0
0
0
0
0
0
0
0
0
0
0
0
0
0
0
0
0
0
0
0
0
0
0
0
0
0
0
0
0
0
0
0
0
0
0
0
0
0
0
0
0
0
0
0
0
0
0
0
0
0
0
0
0
0
0
0
2
2
0
0
0
2
6
0
0
0
2
0
0
0
0
0
0
0
0
0
0
0
0
0
0
0
0
0
0
0
0
0
0
0
0
0
0
6
9
0
0
0
0
0
0
0
0
0
0
0
0
0
0
0
0
0
0
1
0
3
0
1
0
2
3
1
0
0
0
0
0
0
14
18
0
3
2
0
0
0
0
0
0
0
0
0
1
1
0
4
2
0
0
0
0
0
0
0
0
0
0
0
0
0
0
0
0
0
0
0
0
0
0
0
2
2
4
6
7
0
0
0
0
2
0
0
0
0
0
0
0
0
0
0
0
2
0
0
0
0
0
0
0
0
0
0
0
67
242
308
272
160
0
166
414
518
458
328
60
10
81
139
171
118
12
37
74
61
40
2
9
7
6
9
2
38
64
6
1
1
11
2
0
11
0
0
2
2
0
0
1
3
0
0
0
0
0
0
0
0
0
0
0
0
2
1
0
3
1
8
8
7
4
2
2
4
2
2
1
2
0
0
0
0
0
0
0
0
0
0
0
0
0
0
0
0
0
0
0
0
0
1
1
2
1
0
2
2
4
2
0
1
0
1
1
1
0
0
0
0
0
0
0
0
0
0
0
0
0
0
0
0
0
0
0
0
0
0
0
0
0
0
1
0
0
0
0
0
0
0
0
0
0
1
1
0
0
0
0
0
0
48
45
0
3
0
0
0
0
0
0
0
0
0
0
0
0
0
0
0
0
0
0
0
0
0
0
0
0
0
0
0
0
0
0
0
0
0
0
0
0
0
0
0
0
0
0
0
0
0
0
0
0
0
0
0
0
0
1
0
0
2
0
3
3
1
3
2
4
5
11
7
7
3
8
8
10
11
9
22
36
5
4
9
7
0
0
0
0
0
0
0
0
0
0
0
1
0
0
4
20
23
37
51
54
44
38
32
26
22
28
38
80
133
122
119
113
98
84
133
112
115
97
160
127
81
69
66
57
65
108
145
174
176
175
162
93
74
55
26
33
14
10
10
5
0
3
1
1
5
9
10
6
3
7
3
14
13
21
11
11
8
12
12
18
43
49
62
102
90
34
8
1
12
34
6
2
10
25
0
19
78
74
37
7
37
95
67
2
6
31
22
3
95145
0
0
0
0
0
0
0
0
0
0
0
0
0
0
0
0
0
0
0
0
0
0
0
0
0
