13021
390
603
748
859
909
778
748
1100
1561
2126
2520
2544
2491
2155
1655
1090
477
482
568
757
905
958
894
759
640
482
357
207
60
9
39
67
98
176
280
405
527
582
622
654
699
772
845
1250
1730
1783
1335
636
335
234
244
285
376
418
420
320
231
399
579
643
670
546
531
474
321
236
186
126
48
24
66
64
137
161
157
129
90
65
63
76
65
53
109
231
390
560
801
946
1041
1366
1779
1874
2005
2244
2356
2438
2471
2472
2259
1893
1325
988
761
626
695
821
1141
1334
1480
1437
1146
1093
1033
930
824
628
508
470
341
209
66
72
35
4
22
31
12
40
41
64
85
110
166
266
361
436
547
659
791
1144
1424
1254
899
578
415
298
246
370
564
784
1003
1065
1036
1227
1265
1205
1253
1334
1296
1198
1034
822
518
168
114
94
193
377
394
322
305
354
431
548
611
744
879
841
755
651
694
648
586
533
454
368
349
306
195
131
99
69
43
26
57
176
395
474
454
414
308
176
81
11
35
47
54
103
131
198
163
134
85
68
68
33
5
32
58
26
3
63
94
17
13
12
5
0
7
13
0
5
8
25
62
56
61
40
49
50
52
39
61
20
64
63
1
30
24
20
19
12
8
11
25
27
17
5
3
0
0
0
0
0
0
5
76
18
30
29
30
10
0
0
0
0
0
0
2
36
13
0
2
14
69
72
4
92
108
34
11
50
70
16
0
0
3
18
34
0
34
12
0
6
28
29
7
0
4
22
13
4
0
5
3
0
0
3
0
1
0
0
0
0
0
0
0
0
0
0
0
0
0
0
0
0
3
56
183
284
339
311
207
107
46
20
12
12
20
5
2
1
19
2
0
14
2
14
19
10
12
11
2
0
0
1
7
23
0
10
23
9
2
0
0
0
0
0
0
0
0
0
0
0
0
0
0
0
0
27
90
167
236
289
258
197
123
69
11
0
0
0
1
0
0
0
0
42
63
372
407
204
83
57
59
55
49
48
3
19
6
0
3
6
31
37
18
6
0
3
0
0
0
1
35
36
6
11
7
4
3
0
1
0
3
1
3
6
10
34
21
1
3
8
4
0
19
102
259
360
408
398
304
175
91
39
19
3
6
5
0
0
0
0
0
0
0
0
0
0
0
0
0
0
0
0
0
0
0
0
8
27
4
0
8
7
3
1
2
33
3
4
2
4
0
3
4
2
10
8
6
4
0
0
0
0
0
0
0
0
0
0
0
0
0
0
0
0
0
0
0
0
0
0
0
0
0
0
0
0
0
0
0
0
0
0
0
0
0
0
0
0
0
0
3
17
4
0
4
2
4
2
0
0
0
0
0
0
0
0
0
0
0
0
0
0
0
0
0
4
13
2
47
278
437
511
439
420
401
424
364
282
194
142
65
15
25
27
13
14
17
11
8
13
9
9
66
184
81
81
63
1
4
31
22
41
95
175
204
164
134
145
157
127
109
75
36
5
0
0
0
0
12
3
1
10
19
27
28
24
30
16
13
11
7
12
18
11
4
2
0
0
0
0
0
0
0
0
1
1
13
23
47
44
48
18
2
0
0
0
0
0
0
0
0
4
17
11
0
7
27
52
40
4
7
16
3
8
13
0
2
0
0
3
6
5
0
0
0
7
36
31
14
9
3
2
12
26
21
0
1
4
0
2
0
0
0
0
0
0
1
1
0
0
6
4
12
37
32
23
4
7
11
35
34
28
34
24
6
16
25
20
2
9
36
38
0
30
28
3
7
38
73
64
0
7
34
77
101
28
1
3
29
31
29
3
3
0
10
6
0
0
0
0
0
18
28
36
46
60
10
0
5
0
0
35
83
25
2
30
43
69
195
364
531
597
528
400
197
54
29
26
3
41
53
38
8
4
10
0
5
15
28
31
18
0
0
0
0
2
4
0
0
0
0
0
0
16
56
119
181
211
238
248
208
183
160
85
22
39
81
148
171
123
35
31
18
23
48
33
29
48
42
59
83
65
13
6
4
16
18
2
22
60
78
53
7
50
95
59
9
3
2
3
9
25
62
94
102
71
38
6
0
0
0
0
2
4
5
4
15
22
10
9
17
16
19
18
19
29
30
61
59
24
41
61
25
20
70
106
146
128
205
296
377
432
447
469
425
403
381
323
258
241
216
175
180
119
102
136
191
213
207
215
234
275
358
400
372
315
315
414
534
600
647
667
654
592
536
490
449
413
356
307
245
168
94
52
26
12
0
0
0
0
3
33
42
25
20
22
26
18
9
12
14
5
6
11
26
23
15
0
25
45
32
6
0
10
15
2
0
0
1
0
10
12
0
0
0
0
1
0
11
47
4
4
7
3
0
0
0
0
0
0
1
21
0
5
23
21
31
24
7
7
1
4
0
0
0
24
32
27
26
11
0
0
0
0
0
15
37
3
2
10
8
3
0
0
0
0
0
0
0
1
0
0
0
0
0
0
0
0
0
0
0
60
52
58
16
2
7
28
66
73
40
17
17
33
65
88
33
2
5
16
7
7
0
16
0
1
0
0
4
0
30
82
5
35
39
14
0
0
0
28
32
38
21
70
37
28
91
12
75
42
24
0
26
48
36
1
29
13
17
46
20
39
89
139
158
115
74
60
35
75
25
203
184
159
45
17
7
12
13
0
0
0
0
0
0
0
2
9
55
165
349
700
631
675
1358
1874
2785
3590
3999
4039
3809
3381
2912
2557
2173
1787
1393
969
667
412
313
321
405
480
493
470
400
418
376
959
308
327
362
322
191
63
36
125
199
308
372
395
374
249
234
177
209
186
150
191
146
60
24
6
21
50
35
46
51
32
39
42
26
8
5
8
12
48
87
130
72
48
38
87
97
35
1
4
2
2
26
99
335
584
886
1109
1478
1941
2355
2729
2975
3304
3520
3558
3260
2832
2287
1813
1547
1178
737
419
225
226
292
280
251
209
192
410
312
255
305
339
410
362
348
446
689
828
706
356
113
89
307
554
836
1074
1067
652
597
318
86
554
714
467
52
134
151
88
42
44
140
202
173
59
2
23
7
23
221
323
210
103
26
16
15
39
82
75
26
0
0
0
0
0
1
0
1
0
0
0
0
0
0
0
11
35
9
6
8
9
8
22
17
12
14
6
1
0
0
0
0
0
1
7
7
20
19
47
236
531
740
773
723
585
375
174
84
16
1
0
3
11
19
4
1
0
0
0
0
0
0
0
0
0
0
0
0
0
0
0
0
0
0
0
0
0
3
2
0
0
0
0
0
0
0
0
0
0
0
0
0
0
0
0
0
0
0
0
0
0
0
0
0
0
0
0
0
0
0
1
0
0
0
0
0
0
0
0
0
0
0
0
0
0
0
0
0
0
0
0
0
0
0
0
0
0
0
0
0
0
0
12
22
0
1
7
6
2
0
0
0
0
0
0
0
0
0
0
3
53
138
272
413
500
566
587
569
518
405
276
187
111
39
5
18
30
29
21
3
1
3
0
0
1
0
0
0
22
24
4
5
15
17
11
9
4
0
0
0
0
0
0
0
0
0
0
0
0
0
0
0
0
4
31
28
3
1
3
10
7
8
5
0
1
3
1
1
0
0
0
0
0
0
0
0
0
0
0
0
0
0
0
0
0
0
0
0
0
2
25
29
5
0
8
8
8
10
5
3
2
1
0
0
0
0
0
0
0
0
0
0
0
0
0
0
0
16
35
8
0
8
6
6
5
5
0
0
0
0
0
0
0
1
2
0
7
29
28
0
3
8
7
3
3
1
0
0
0
0
0
0
0
0
0
0
0
0
0
0
0
23
36
5
0
7
5
9
8
5
0
0
0
0
0
0
0
0
0
0
0
0
0
0
0
0
20
31
7
0
6
6
8
3
1
0
0
0
0
0
0
0
0
0
0
0
11
31
7
1
2
5
8
5
4
0
0
0
0
0
0
0
0
0
2
20
26
4
0
4
2
7
12
14
6
0
0
0
0
0
1
0
0
0
0
0
0
0
0
0
0
0
4
0
0
0
0
2
0
0
0
0
0
0
0
0
0
1
0
0
0
0
0
0
0
0
0
1
0
1
8
31
19
0
6
6
9
3
3
0
0
0
0
0
0
9
19
4
0
0
1
3
3
6
5
8
0
0
0
0
0
0
0
0
0
3
31
18
0
2
7
9
3
1
0
0
0
0
0
0
2
8
3
0
0
0
0
0
0
0
0
0
3
29
17
0
6
8
8
4
1
0
13
24
19
37
59
10
24
18
3
0
8
7
8
3
0
0
0
0
0
0
12
19
20
51
99
62
43
23
15
17
12
15
8
4
0
3
0
0
0
0
0
0
0
2
0
0
0
0
0
0
0
22
43
40
16
0
20
45
3
0
0
0
0
0
8
12
5
2
0
0
0
0
0
0
5
4
0
0
0
2
7
8
0
0
0
0
0
0
0
0
0
0
0
0
0
0
0
0
0
0
0
0
0
0
0
24
18
0
11
8
4
1
0
0
0
0
0
0
0
0
0
0
0
36
286
510
724
882
964
937
746
508
279
72
19
12
22
15
11
20
0
13
10
9
6
0
2
1
0
1
2
3
6
14
69
158
248
321
363
348
347
327
342
281
178
118
78
50
38
28
25
84
146
41
21
28
20
45
66
41
76
25
23
7
0
4
0
15
10
6
0
0
0
0
0
4
31
20
3
11
19
41
10
0
10
6
5
0
0
12
24
12
18
72
52
12
0
1
5
2
0
0
3
37
186
267
322
323
308
316
296
232
136
52
26
21
22
18
3
3
86
127
107
46
17
30
8
11
25
5
15
0
0
0
0
0
8
216
543
799
942
1226
1691
2157
2639
3287
3631
3746
3746
3502
3183
2614
2075
1775
1468
1323
1271
1252
1273
1396
1467
1303
1125
952
910
830
708
580
531
723
642
617
729
655
599
520
363
333
357
382
455
510
444
358
267
319
275
177
186
167
163
133
159
97
56
53
123
104
102
147
155
83
66
95
153
103
98
59
54
133
147
76
88
134
51
84
93
28
1
37
62
24
80
59
44
73
72
18
10
62
114
105
309
437
422
427
305
183
162
52
76
63
37
76
68
32
76
45
75
51
64
69
23
85
148
63
111
79
39
61
53
74
42
97
69
33
122
168
93
16
8
53
75
47
41
73
65
24
68
45
32
10
54
30
0
6
27
35
20
68
69
39
98
89
23
70
20
27
43
23
8
2
8
46
101
93
70
12
44
62
36
21
37
90
145
103
95
280
221
213
219
221
319
431
323
222
218
254
338
431
410
379
569
622
693
750
717
637
483
330
397
493
836
776
732
819
806
814
948
921
661
507
536
440
337
300
361
429
520
360
448
699
1092
1243
1096
981
870
444
194
272
479
324
389
452
411
278
351
171
230
322
411
464
532
511
485
456
408
304
286
408
412
382
387
311
311
317
348
641
729
692
575
406
242
214
315
431
439
406
387
368
264
142
206
385
243
222
294
373
665
927
1000
837
790
537
384
520
811
1144
1375
1622
1738
1542
1074
919
993
913
708
424
326
242
120
141
129
183
216
245
232
164
198
200
235
259
280
281
316
343
230
287
358
406
379
360
345
331
329
374
537
508
426
414
463
514
486
536
689
750
737
719
689
609
592
481
383
475
632
796
734
543
531
703
1017
1273
1193
951
765
684
701
764
686
496
394
411
488
319
142
251
458
557
570
632
663
499
600
775
778
571
335
338
460
283
296
430
467
443
328
292
247
207
245
229
156
190
269
350
248
295
315
254
329
331
450
442
249
339
423
252
217
335
494
546
373
239
403
442
1112
1896
2625
3232
3619
3960
4356
4636
4785
4637
4051
3765
3329
2798
2267
1675
1153
707
395
126
159
251
508
890
1030
964
825
670
581
543
532
488
452
449
323
225
169
160
204
337
455
533
468
260
220
118
5
32
136
188
182
142
308
414
383
223
59
36
35
54
72
37
16
3
0
0
0
0
0
0
0
0
0
0
0
0
0
0
4
0
0
0
0
0
0
0
0
1
1
0
0
0
0
0
0
0
1
2
2
15
64
148
257
356
415
462
480
458
418
353
318
288
289
300
266
231
187
131
55
22
12
8
4
2
4
3
6
13
15
21
23
10
0
0
0
0
0
0
0
0
1
2
3
4
23
24
1
1
7
11
0
2
0
1
0
0
0
0
0
0
0
0
0
0
0
0
0
0
0
0
0
21
24
5
0
4
6
3
1
0
0
0
0
0
0
0
0
0
0
0
0
0
0
0
0
0
0
0
0
0
0
0
0
0
0
24
17
0
4
9
6
5
3
0
0
0
0
0
0
0
0
0
0
0
0
0
0
0
0
19
16
0
5
7
11
4
3
0
0
0
0
0
0
0
0
0
0
0
0
0
0
0
0
0
0
0
0
0
0
0
0
0
0
0
0
7
29
11
0
7
6
4
3
0
0
0
0
0
0
0
0
0
0
0
0
0
0
0
0
0
0
0
0
0
0
0
0
0
0
0
0
0
5
2
7
150
334
422
386
343
267
126
53
35
12
14
30
19
17
15
41
31
6
31
55
15
4
44
51
52
22
3
1
1
1
1
2
9
14
8
7
14
32
26
19
8
10
0
0
17
27
8
0
3
8
25
24
23
19
20
20
40
89
152
185
188
194
131
64
37
27
43
38
27
1
0
0
0
9
0
11
18
6
5
12
3
0
0
10
15
0
18
27
14
4
4
2
4
5
17
20
4
2
0
18
48
32
2
0
6
18
15
15
4
2
0
0
0
0
0
0
0
5
14
11
4
0
0
10
25
46
51
83
124
162
194
184
133
72
8
23
63
38
33
45
52
73
51
64
54
32
7
13
60
55
16
10
17
6
6
11
10
0
0
0
0
7
21
3
0
0
0
0
0
0
1
2
1
0
3
24
37
42
19
5
10
11
3
15
59
63
29
3
0
0
0
2
0
33
4
16
12
28
34
40
54
86
107
62
32
14
7
0
0
0
0
2
1
0
0
0
0
0
0
0
0
1
0
0
8
0
1
4
27
75
42
89
98
129
139
139
120
112
104
94
38
60
49
50
100
55
31
57
27
16
12
12
3
21
19
0
0
4
4
4
16
5
59
95
80
101
139
137
129
75
29
43
59
31
25
19
39
6
24
1
21
22
36
3
6
8
3
4
31
11
9
17
0
1
9
25
17
23
25
19
7
17
40
47
55
73
80
85
117
105
67
40
19
17
14
3
5
9
9
18
45
24
16
6
0
0
64
63
15
39
71
61
47
11
0
8
5
2
2
1
0
10
1
1
13
3
0
0
3
0
4
0
33
22
55
69
43
27
63
61
47
41
72
70
71
34
0
4
0
0
2
3
0
0
0
2
0
3
10
2
2
15
46
72
116
206
303
278
132
53
54
82
81
130
193
125
153
97
90
73
31
41
36
19
60
32
33
106
36
75
77
43
24
33
46
73
40
25
22
19
7
0
3
40
45
20
11
14
39
10
49
33
15
10
17
43
36
12
5
0
0
0
0
7
46
1
12
7
4
1
0
0
22
20
2
35
127
122
23
16
31
46
40
19
1
0
3
6
0
0
0
1
0
0
18
36
1
9
7
0
15
12
0
3
1
5
68
39
16
19
35
18
53
140
219
184
155
124
37
12
7
1
5
0
0
21
60
138
277
357
367
375
271
170
54
13
29
19
23
22
47
44
46
69
49
16
36
39
41
20
4
23
10
16
57
4
21
27
59
24
9
29
41
18
7
0
1
2
28
69
34
2
26
34
9
15
16
21
15
18
70
143
183
167
158
97
44
31
29
29
33
9
0
0
0
0
0
0
0
4
12
12
11
10
3
1
5
6
36
59
71
47
29
27
11
2
0
2
24
13
0
0
3
16
1
0
0
0
28
73
19
68
86
36
56
30
42
12
28
46
10
76
142
212
276
261
281
339
304
264
238
181
141
98
56
53
113
232
326
371
333
187
20
48
139
239
319
397
449
452
431
348
243
154
49
6
3
5
14
46
35
20
11
4
5
16
21
17
15
7
0
32
40
3
52
23
5
43
122
42
37
86
108
47
80
43
46
2
41
44
24
8
1
12
15
14
2
1
1
0
0
0
0
0
0
0
0
0
0
0
0
12
9
13
27
266
795
1288
777
2055
2448
3194
3684
3432
3100
2325
1750
1308
1108
1093
1162
1283
1344
1306
1215
1205
1154
1090
898
757
502
360
292
317
352
355
344
328
369
375
347
276
230
169
98
47
82
135
141
122
154
177
204
138
90
51
31
42
81
173
260
280
235
123
61
79
93
98
112
129
97
57
46
37
44
35
14
29
139
183
117
85
126
128
82
83
103
129
98
110
141
177
229
225
95
80
118
178
205
216
231
189
120
113
198
333
521
779
1026
1316
1623
2069
2512
2960
3297
3585
3585
3401
2896
2321
1655
1252
893
506
334
233
219
422
616
783
842
676
347
124
155
202
307
405
431
385
231
203
409
816
1071
1113
1028
759
471
297
301
368
362
512
627
593
584
410
324
226
61
48
26
34
68
81
89
133
101
87
83
90
23
1
1
7
17
35
17
14
10
11
14
12
2
5
2
0
1
6
0
1
9
34
28
1
17
46
34
19
6
21
22
33
19
3
32
57
55
9
0
0
59
80
2
48
83
34
6
0
1
0
0
0
0
0
0
0
0
0
0
0
0
0
0
0
0
0
0
0
0
0
0
0
0
0
0
0
1
8
107
292
476
620
615
422
259
265
336
373
317
203
71
74
196
316
265
188
196
259
353
409
392
375
337
289
250
192
102
90
58
58
56
40
43
37
31
25
21
23
14
7
3
0
0
0
0
0
0
0
0
0
0
0
0
0
0
0
0
0
0
0
0
0
0
0
0
0
0
3
19
15
0
6
6
2
3
2
1
0
0
0
0
0
0
0
0
0
0
0
0
0
0
0
0
0
0
0
0
0
0
8
19
53
88
112
112
139
130
132
159
196
357
509
484
413
404
355
254
82
19
3
12
100
214
246
284
292
283
265
240
170
118
167
319
369
324
185
67
71
74
253
264
63
44
35
10
22
19
11
4
1
3
3
0
0
0
0
8
14
3
0
0
0
0
0
0
0
0
0
0
0
1
7
33
77
124
120
101
150
192
229
239
211
170
154
142
123
71
34
26
55
48
75
138
200
231
129
24
3
23
142
231
102
18
24
38
88
71
30
12
24
15
32
36
19
2
0
8
11
2
0
43
104
40
78
11
12
4
0
1
3
2
35
1
26
17
0
8
24
80
88
95
109
91
30
4
1
0
7
9
0
8
11
4
0
0
0
0
0
0
3
59
376
747
1019
1123
1108
965
924
916
969
984
934
923
950
1053
1220
1442
1500
1614
1608
1535
1412
1246
1029
775
529
332
220
253
278
222
194
134
70
72
71
52
52
65
92
65
34
27
79
117
92
120
89
48
16
5
3
4
8
0
9
10
1
2
66
119
70
50
8
0
27
50
97
162
134
148
159
168
162
139
210
187
89
38
63
131
10
62
106
44
60
145
93
88
86
70
67
46
95
98
94
136
50
58
29
25
0
46
22
1
31
94
96
88
159
126
183
228
185
133
125
115
71
30
9
2
0
0
0
29
36
9
2
17
32
39
44
54
51
64
31
63
97
103
35
23
110
205
298
342
335
244
226
186
78
21
15
23
50
57
7
1
27
41
50
68
85
99
155
117
60
80
54
72
77
81
87
62
7
8
12
1
0
0
0
0
2
1
5
33
61
117
138
157
335
886
1300
1479
1234
937
977
1105
1254
1350
1482
1524
1500
1390
1164
993
816
616
544
641
529
461
470
412
302
241
345
370
465
443
375
375
437
460
488
455
399
260
153
96
54
19
43
113
149
100
71
61
52
40
23
26
44
34
17
3
12
5
14
72
23
7
33
63
80
96
88
72
75
92
126
161
152
118
85
36
17
72
119
61
2
0
2
6
8
6
1
0
35
31
4
13
16
9
0
8
1
0
2
1
1
2
7
10
1
0
0
0
0
5
27
19
5
4
4
3
45
12
10
73
73
49
28
45
46
36
13
36
61
24
11
37
36
37
4
13
7
0
1
0
1
0
4
1
0
0
0
0
0
0
0
0
0
0
0
0
0
0
0
0
0
0
0
0
0
1
12
13
0
35
0
32
67
17
54
23
7
0
0
14
29
45
41
32
58
85
12
55
109
39
56
102
40
2
3
23
38
29
0
44
21
15
36
2
1
42
17
5
2
89
136
5
35
31
3
5
12
27
13
0
33
86
154
216
238
254
205
138
110
82
38
8
22
47
28
63
21
33
23
25
45
34
29
29
39
47
20
1
18
3
0
11
26
4
14
55
28
53
83
64
49
70
83
57
108
36
35
7
47
31
19
25
1
4
0
0
5
31
18
18
5
3
67
49
45
11
0
0
16
35
23
18
20
38
28
8
27
28
2
34
30
48
39
49
53
68
110
152
219
267
239
134
64
24
18
16
12
19
43
130
463
1010
1374
1301
689
1488
2326
2891
3393
3429
2989
2456
1955
1848
2035
1871
1744
1718
2027
2325
2361
2037
1321
1070
1517
1538
1307
995
795
1133
1225
1206
1206
1056
620
406
286
292
315
370
332
286
248
199
200
251
261
235
255
262
212
251
283
316
279
214
174
113
154
213
354
241
106
113
117
157
190
251
269
235
229
207
132
84
23
5
0
13
21
18
14
20
3
8
12
7
17
2
25
19
0
10
22
35
79
128
171
192
226
277
332
328
348
375
376
399
412
453
550
673
826
1055
1283
1524
1478
1307
965
680
529
595
650
747
816
871
729
519
890
975
889
712
533
454
336
360
283
201
131
107
210
368
541
870
957
866
846
677
499
449
795
977
862
906
958
818
513
267
409
385
386
419
462
526
659
898
1158
1193
1170
947
588
453
673
823
844
723
681
663
999
1722
2297
2548
2778
2849
2733
2680
2327
2003
1715
1365
915
577
422
326
252
189
174
237
288
510
899
1138
1176
890
570
522
607
602
533
399
165
132
196
136
191
279
260
123
21
8
9
6
13
30
32
42
22
13
16
15
20
14
17
18
26
28
8
0
0
0
1
0
0
0
0
0
0
0
0
0
0
0
0
0
0
0
2
31
22
0
1
7
6
7
0
0
0
0
0
0
0
0
0
0
0
0
0
0
0
0
0
0
0
0
5
30
11
0
6
7
5
2
2
0
0
0
0
0
0
25
158
325
392
482
469
414
316
212
118
57
16
3
0
0
0
0
0
0
0
0
0
0
0
0
0
0
0
0
0
0
0
0
0
0
4
20
6
0
5
5
1
0
0
0
0
0
0
0
0
0
0
0
0
0
0
0
0
0
0
0
0
0
0
0
0
0
0
0
0
0
0
0
0
0
0
0
0
0
0
0
0
0
0
0
0
0
0
0
0
0
0
0
0
0
0
0
0
0
0
0
0
0
0
0
0
0
0
0
0
0
0
0
0
0
0
0
0
0
0
35
296
709
1196
1057
780
2080
3360
4552
5128
5225
4570
3927
2801
2105
1201
868
1221
1710
2172
2626
2907
2988
3211
3228
3164
2760
2404
2329
2207
1894
1643
1253
805
625
529
409
284
207
265
380
540
759
863
782
1296
846
865
688
647
742
752
679
440
275
125
47
50
61
109
110
104
12
0
1
4
17
18
17
43
26
120
235
339
280
238
266
383
413
221
176
98
81
273
401
321
135
144
185
152
84
23
29
4
68
43
39
39
0
2
32
20
9
4
2
0
0
0
0
0
0
0
0
0
0
0
0
0
0
0
0
0
0
0
0
0
1
3
1
7
26
31
53
99
180
216
190
152
98
46
36
33
16
23
22
15
4
0
0
0
0
0
1
43
24
0
10
13
6
0
0
0
0
0
0
0
0
0
0
0
0
0
2
17
48
103
150
109
66
84
82
74
42
25
19
9
4
0
0
0
0
0
2
56
23
12
12
11
8
3
1
2
0
0
3
0
0
0
0
0
0
0
0
0
0
0
0
0
2
34
17
0
2
6
7
3
2
1
0
0
0
0
0
0
0
0
0
0
0
0
0
0
0
0
0
0
0
0
0
0
4
9
22
38
25
20
12
4
1
5
0
3
7
8
12
88
375
662
784
734
571
426
291
305
401
452
458
451
371
648
749
643
474
347
257
332
282
194
71
24
39
27
43
90
90
39
76
158
116
75
33
22
1
0
4
10
45
127
229
277
232
83
20
51
55
66
158
34
40
4
0
17
10
8
4
4
1
0
0
5
9
15
10
11
15
19
7
0
11
46
6
0
10
6
7
3
0
1
5
10
28
48
41
58
40
28
17
2
0
0
0
0
0
0
1
2
5
13
37
70
114
126
99
75
75
39
21
4
0
0
0
12
7
0
0
0
1
0
2
4
3
1
4
33
2
15
12
7
2
1
0
0
0
0
0
0
0
0
0
0
0
0
0
0
0
0
0
0
0
0
0
0
0
0
0
0
0
0
0
6
0
0
0
0
0
0
7
49
10
8
12
9
5
2
0
0
0
0
0
0
0
27
44
24
55
105
174
273
282
239
199
136
59
38
46
0
1
2
0
1
7
42
25
26
40
1
0
8
67
36
0
1
2
10
25
0
2
9
21
38
75
54
1
63
71
73
46
18
40
168
140
34
4
0
0
6
61
111
52
1
45
96
22
69
195
252
264
181
69
14
5
76
119
61
10
0
10
39
295
683
837
943
1208
1839
1756
1945
2133
2274
2129
1592
722
628
543
599
925
2121
2046
2197
2300
2271
2146
2064
1920
1669
1323
1092
897
812
794
721
661
616
550
528
484
474
389
316
239
120
71
104
88
23
1
56
110
113
66
22
11
2
62
142
121
51
160
411
700
1123
1649
2041
2440
2749
3073
3276
3527
3653
3359
2536
1766
1143
827
508
340
204
181
124
107
212
417
834
1318
1226
831
562
616
625
564
541
568
619
628
589
440
160
2
22
17
5
40
34
14
15
24
55
53
47
41
45
58
58
64
50
30
75
95
85
25
93
100
73
94
111
123
58
26
6
12
10
0
0
10
2
0
0
2
8
6
3
11
37
25
31
119
190
256
265
218
126
63
32
8
18
49
45
18
34
19
13
7
5
5
30
32
4
28
38
102
155
163
161
115
65
18
13
22
7
3
21
38
46
27
10
4
0
0
2
0
0
0
0
1
2
2
0
0
0
0
0
0
0
0
0
0
1
13
16
37
54
61
94
209
428
621
643
474
276
276
451
538
515
341
142
71
105
135
132
181
222
137
71
29
11
6
2
3
4
1
0
0
0
0
0
39
42
28
0
10
29
20
3
0
0
0
0
0
0
0
0
0
0
0
0
0
23
25
5
8
16
7
5
3
2
0
0
5
10
15
15
9
11
0
0
0
0
0
0
0
0
0
0
0
0
0
0
0
0
0
0
0
0
0
0
0
0
0
0
0
0
0
0
0
0
0
0
0
1
0
0
0
0
0
0
2
2
6
16
11
6
6
4
0
0
0
2
0
11
14
6
0
1
5
6
0
0
0
0
0
1
0
0
1
0
1
2
6
12
9
2
13
9
11
9
10
18
11
6
2
0
0
0
0
0
0
0
0
0
0
0
0
0
0
0
0
0
0
0
0
0
0
0
0
0
0
0
0
0
0
3
34
46
16
2
14
22
20
4
15
6
4
7
19
24
29
19
5
5
18
27
33
5
17
9
3
64
289
352
286
38
2
18
22
20
23
28
140
104
57
11
0
2
4
26
47
15
15
26
27
1
17
9
0
0
3
2
14
20
13
5
5
9
18
12
11
0
44
62
38
1
0
10
3
35
30
7
6
0
0
0
0
0
0
0
0
0
0
0
0
6
26
8
0
5
7
2
6
24
32
18
49
64
36
18
9
24
29
58
11
40
4
41
1
30
39
21
49
19
18
3
1
15
15
60
4
35
61
33
1
37
9
1
0
14
0
15
41
1
14
1
0
2
39
0
18
28
1
2
115
98
37
110
39
25
23
6
1
3
32
2
37
30
52
13
14
46
18
4
10
7
70
73
59
64
5
22
17
45
21
27
50
18
14
53
46
1
22
13
0
1
0
0
0
0
0
1
0
0
0
0
0
0
0
0
0
0
25
31
0
2
8
7
7
1
0
0
0
2
1
4
1
0
0
0
0
17
45
1
4
9
10
1
19
18
18
53
51
26
22
44
44
11
0
0
0
0
0
0
0
0
0
0
0
0
0
0
0
0
0
0
0
0
0
0
0
0
0
0
0
0
0
0
51
15
0
10
17
7
6
0
0
0
0
0
0
0
0
0
0
0
0
0
0
0
0
0
0
2
1
16
16
74
61
58
60
130
239
388
470
509
652
711
771
698
584
486
404
386
349
293
194
65
113
185
48
156
163
101
32
36
157
134
65
65
36
55
51
52
96
169
185
130
276
378
386
364
411
479
497
534
560
524
582
636
604
588
638
668
685
715
687
689
693
673
658
616
543
423
267
203
120
101
85
57
46
39
37
41
31
69
71
150
195
189
139
66
120
93
86
290
468
474
347
302
259
230
160
134
132
113
141
211
159
90
62
68
56
48
39
84
116
148
163
200
258
339
399
445
452
505
486
487
600
784
986
1151
1287
1402
1475
1689
1720
1666
1661
1599
1551
1580
1587
1426
1324
1258
1278
1429
1429
1129
726
419
415
333
120
79
152
304
462
509
573
727
917
853
663
604
691
706
849
1046
961
791
668
633
556
539
479
311
250
308
458
490
331
237
215
235
193
199
233
228
277
216
122
69
25
30
29
31
30
29
7
7
2
0
15
23
1
0
0
0
34
33
78
249
215
46
58
49
18
100
136
88
41
100
226
271
187
87
21
7
2
3
3
0
1
2
2
0
0
3
6
30
112
206
197
81
8
18
26
11
6
9
1
23
60
118
123
73
39
75
74
85
121
197
193
181
200
200
207
236
241
205
159
145
292
523
793
997
1146
1639
2305
3155
3747
3720
3379
2582
1978
1826
2191
2536
2914
3041
2675
1781
1454
1704
1881
1846
1886
1797
1690
1266
730
734
772
810
782
701
653
916
1080
1085
1140
870
631
991
1231
1685
1821
1465
1101
787
954
1368
1448
1333
1177
1060
1042
1015
1216
1023
893
892
898
1183
1454
1762
2023
2143
2049
1758
1317
736
330
253
494
590
690
1185
1150
404
547
1185
1171
746
421
255
424
424
488
440
351
680
673
372
113
93
50
97
221
452
630
639
422
277
135
314
349
323
344
490
543
615
985
1321
1754
1968
1827
1700
1669
1344
1771
2443
3193
3772
4306
4420
3912
3167
2648
1958
1032
697
651
1048
1575
1651
1375
1317
1199
892
516
381
361
258
115
66
74
106
76
49
34
14
40
42
13
27
18
0
0
0
1
2
0
0
0
0
0
1
0
0
0
0
0
0
0
0
0
0
0
0
0
28
21
2
8
25
50
39
5
0
6
13
31
25
11
3
10
33
5
26
33
7
0
0
14
46
31
42
48
32
6
22
47
41
28
0
39
55
28
0
1
1
4
4
5
14
14
0
0
0
1
0
2
11
28
6
0
7
4
0
2
1
0
0
0
0
0
0
27
166
537
803
388
1154
2045
2667
3819
4278
4222
3693
2917
2210
1537
1161
704
667
816
1174
1336
1574
1631
2144
3016
3506
3989
3974
3494
2814
2251
1825
1266
727
375
416
635
944
1028
909
807
776
667
638
719
632
484
483
387
113
28
15
10
15
26
24
38
56
38
16
12
1
2
0
3
1
0
0
0
0
0
0
0
12
57
175
316
402
496
574
656
685
639
545
436
281
121
20
1
7
118
289
445
549
634
626
524
376
220
117
37
13
5
3
8
26
55
64
52
14
2
0
1
8
23
75
108
106
70
39
13
5
1
8
104
337
503
589
540
349
217
375
575
634
523
370
227
138
64
34
23
24
32
44
47
29
22
31
22
22
36
38
32
19
6
1
0
0
0
1
0
0
0
0
2
2
0
0
0
0
0
0
0
0
20
29
0
9
9
7
7
2
0
0
0
0
0
0
0
2
1
0
0
0
0
0
0
0
0
0
0
0
0
0
0
0
0
0
0
0
13
14
15
37
35
0
25
13
0
0
5
0
0
0
1
0
1
0
0
0
0
0
0
0
0
0
1
8
16
4
0
0
0
0
0
0
3
1
0
0
0
0
0
0
0
0
0
0
0
0
0
0
1
65
67
24
31
71
29
9
102
99
95
82
12
0
0
0
0
0
0
0
0
0
0
0
0
0
0
0
0
0
0
7
9
0
8
3
0
0
0
1
0
16
38
35
34
27
0
2
2
20
61
43
11
84
61
26
51
5
23
22
0
0
0
0
0
14
45
26
2
0
10
26
19
6
0
4
4
15
54
24
0
0
0
19
10
0
0
0
0
0
0
0
1
8
2
0
0
0
0
0
0
0
0
0
0
0
0
0
0
0
0
0
0
0
0
0
0
0
15
4
0
5
5
2
0
0
0
0
0
0
0
0
0
0
0
0
0
0
0
0
0
0
0
0
0
0
0
0
0
0
0
0
0
0
0
0
0
0
0
0
0
0
0
0
0
0
0
0
0
0
0
0
0
0
0
2
21
8
0
2
12
5
3
0
1
70
221
368
478
639
666
459
203
60
48
72
96
93
88
75
57
42
22
18
11
7
2
2
0
3
3
0
13
56
305
423
369
205
32
26
51
109
156
103
58
75
67
73
83
109
130
72
57
22
60
55
74
41
6
20
56
43
12
50
3
34
28
9
41
25
29
69
7
31
60
41
42
15
9
53
61
20
3
30
20
21
50
26
0
8
44
33
1
20
35
13
2
13
32
34
7
0
0
2
37
22
30
29
22
23
27
27
25
58
25
83
60
5
35
41
27
9
52
1
80
115
37
0
11
58
67
36
31
15
5
1
1
0
0
0
0
0
0
0
2
0
0
0
0
0
0
0
0
0
0
12
37
17
1
0
1
6
6
3
4
1
0
0
0
0
0
0
0
0
0
0
16
27
0
0
2
1
0
10
85
202
135
107
105
48
137
202
218
90
35
44
106
103
30
23
36
87
74
30
32
79
44
11
17
8
0
22
157
279
401
361
241
147
175
273
376
267
129
55
50
81
138
163
135
32
67
63
15
4
25
26
9
2
1
47
125
97
33
5
20
140
145
37
18
18
25
10
25
57
10
26
28
1
23
24
28
44
23
157
525
970
1249
1233
983
570
167
63
82
82
32
8
23
17
9
27
36
54
61
58
61
43
20
2
9
9
28
50
21
3
2
16
51
94
37
35
33
14
5
6
13
3
15
6
0
40
55
57
0
17
48
44
31
24
16
3
1
0
0
2
1
0
0
1
0
18
29
0
1
0
5
4
2
37
37
34
32
6
0
0
2
0
0
0
0
0
0
0
0
0
7
31
9
0
4
12
2
3
1
0
0
0
0
0
0
0
0
0
0
0
0
0
0
0
8
24
29
29
5
1
0
0
6
0
0
0
7
14
12
0
0
0
0
0
0
0
0
0
0
0
0
0
0
0
0
0
0
0
0
0
0
0
0
2
2
0
0
0
0
0
0
0
0
0
2
3
5
46
424
1107
1697
1811
2321
2476
2879
3735
3842
3704
3296
3011
2788
2338
1707
1401
1378
1491
1633
1909
2334
2357
2193
1850
1620
1325
932
881
821
637
538
474
392
343
287
189
203
269
404
593
753
775
774
770
637
595
590
609
616
502
359
244
185
298
342
367
419
286
189
191
193
139
132
176
164
138
112
129
151
106
72
79
104
129
146
151
154
159
159
126
77
71
141
169
144
132
78
58
66
72
111
166
214
246
173
77
77
107
103
65
26
5
41
40
30
49
65
63
110
177
192
89
135
170
199
148
105
104
114
108
47
60
46
112
245
337
335
236
154
44
24
61
68
56
39
15
35
47
31
21
21
26
28
42
31
21
66
184
418
720
995
1406
1843
2221
2796
3438
3638
3958
3789
3315
2504
1644
1059
907
1009
795
659
691
1063
1482
1282
747
326
397
535
757
889
692
255
73
271
111
4
109
80
4
12
9
0
2
0
0
0
0
4
69
187
265
327
286
188
42
4
46
146
226
246
284
257
154
5
0
0
0
0
0
0
2
17
13
0
10
42
66
46
21
0
0
6
35
55
32
0
7
4
1
3
13
159
256
258
222
168
116
72
57
64
145
261
384
373
267
91
2
0
6
5
0
0
0
0
0
0
1
0
0
0
0
0
0
0
0
0
0
0
3
28
13
0
13
12
6
3
2
0
0
0
0
0
0
0
0
0
0
0
0
0
0
0
0
0
0
0
0
0
5
7
10
2
0
1
2
0
0
0
0
0
0
0
1
3
0
0
0
3
24
17
0
6
8
5
3
2
0
0
0
0
0
0
0
0
0
2
7
3
0
0
0
0
0
19
39
23
2
25
0
0
5
0
1
8
2
0
0
0
0
0
0
16
36
4
0
6
8
4
3
0
0
0
0
0
0
0
0
0
0
0
0
0
0
0
0
0
0
0
0
0
0
0
0
0
0
0
0
23
13
0
4
7
3
0
0
0
0
0
0
0
0
0
0
0
0
2
13
30
7
0
15
31
257
392
446
518
1243
2099
3197
3958
4126
3526
2583
1798
1448
1676
2078
2611
2958
3595
4597
5292
5302
4475
3427
2655
1838
1176
757
553
459
521
887
2999
735
356
448
553
806
861
346
418
971
916
197
182
364
61
35
38
31
119
93
14
2
0
0
1
1
0
0
0
0
0
0
0
0
0
3
0
0
0
0
2
36
4
8
11
6
2
0
0
0
0
0
0
1
0
0
0
0
0
0
0
0
0
0
0
0
0
0
0
0
0
0
0
0
0
0
0
0
0
0
0
0
0
0
4
42
9
0
8
10
4
0
0
0
0
0
0
0
0
0
0
0
1
0
0
0
0
0
0
3
0
0
0
15
37
1
1
11
6
1
1
0
0
3
0
0
0
0
0
0
0
0
0
0
0
0
0
0
0
0
0
0
0
0
3
4
0
0
0
0
0
0
0
0
6
38
3
1
9
13
2
3
1
0
0
0
0
0
0
0
0
0
0
0
0
0
0
0
0
0
0
0
0
0
0
0
0
0
0
0
0
15
28
0
2
12
4
3
0
0
0
0
0
0
0
0
0
0
0
0
0
0
0
0
0
0
0
0
0
2
24
26
0
11
9
5
1
0
0
0
0
0
0
0
0
0
0
0
0
0
0
0
0
0
0
2
32
22
0
8
19
24
2
3
3
1
0
0
0
0
0
0
0
0
3
0
0
0
0
0
0
0
0
0
0
0
0
0
0
0
0
0
0
41
241
329
324
289
214
104
113
286
404
458
418
259
53
4
44
99
64
24
10
5
1
6
1
0
0
1
5
3
0
0
0
0
0
0
0
0
0
0
0
0
0
0
0
0
0
0
0
0
33
9
1
11
10
3
0
0
0
0
0
0
0
0
0
0
0
0
3
0
0
0
0
0
0
0
0
0
0
0
0
0
0
0
0
0
0
0
0
0
0
1
0
0
0
19
1
39
1
11
40
55
14
41
45
12
12
26
26
12
0
0
0
0
0
1
5
16
23
17
2
0
0
0
0
0
0
0
2
0
0
0
0
0
0
0
0
0
0
0
0
0
0
0
0
0
0
0
0
0
0
0
0
0
0
0
0
0
0
0
0
0
0
0
0
0
0
0
0
0
0
0
0
0
0
0
0
0
0
3
4
3
0
0
0
19
1
2
15
40
126
195
402
473
453
346
51
0
0
0
0
0
0
0
0
0
0
0
0
0
0
0
0
0
0
0
0
0
0
0
0
0
0
0
0
0
0
0
0
0
0
0
0
0
0
0
0
0
0
0
0
0
0
0
0
19
26
0
0
3
6
5
1
0
0
0
0
0
0
0
60
255
376
463
448
408
472
625
688
636
437
135
128
183
85
7
4
18
13
2
0
0
0
0
1
18
19
5
0
8
7
2
2
1
0
2
2
0
0
0
0
0
0
0
0
0
0
0
0
0
0
0
0
0
0
0
0
0
1
0
0
0
0
0
0
0
0
0
0
0
0
0
0
0
0
0
8
28
12
0
4
7
4
5
0
19
17
0
1
4
7
3
2
0
0
0
0
0
0
0
0
0
0
0
0
0
0
8
17
4
2
5
6
2
2
0
0
0
3
19
16
0
0
3
3
6
3
0
0
0
0
0
0
0
0
0
0
0
0
0
6
23
7
0
4
5
4
2
1
0
0
0
0
0
0
0
0
0
0
0
0
0
0
0
0
0
6
16
78
167
225
271
340
331
263
187
147
118
93
59
30
10
0
2
3
32
32
92
162
46
5
91
55
35
9
12
6
3
0
0
1
0
1
0
2
16
54
54
52
53
31
48
46
88
127
136
146
165
204
238
210
134
51
17
15
13
36
38
35
41
62
159
94
36
148
163
151
133
106
83
67
122
146
163
169
179
181
176
176
183
188
156
120
75
54
50
42
26
19
11
8
2
3
8
26
46
71
83
79
68
48
25
14
6
4
16
18
39
38
41
47
39
15
1
7
11
18
11
3
1
0
2
0
0
2
2
0
1
5
14
24
30
37
26
13
11
3
3
1
9
7
7
4
4
3
1
4
0
0
0
0
0
0
0
0
8
16
4
0
7
6
3
1
0
0
0
0
0
0
0
0
0
0
0
0
0
0
0
0
0
0
0
0
0
0
0
0
0
0
19
20
0
0
7
5
3
0
0
0
0
0
0
0
0
0
0
0
0
0
0
0
0
0
0
0
0
0
0
0
0
0
0
0
0
0
8
24
9
0
6
7
1
2
0
0
0
0
0
1
0
0
1
3
3
0
2
4
9
6
0
0
0
0
0
0
0
0
0
0
0
0
0
0
0
0
0
0
4
32
9
0
11
13
10
4
1
0
0
0
0
0
0
0
0
0
0
0
0
0
0
0
0
0
0
0
0
0
0
0
0
0
0
0
0
0
0
0
0
0
0
0
0
0
0
0
0
0
0
0
0
0
0
0
0
0
0
0
0
0
0
0
0
0
0
0
0
9
7
0
1
3
2
0
0
0
0
0
0
0
0
0
0
0
0
0
0
0
0
0
0
0
0
0
0
0
0
0
0
0
0
0
0
0
0
0
0
0
0
0
0
0
0
0
0
0
0
0
0
0
0
0
0
0
0
0
0
0
30
4
0
5
4
1
0
12
90
209
369
441
494
433
389
410
405
303
268
261
283
321
396
478
418
341
309
259
238
191
131
97
88
66
34
68
47
21
20
21
17
67
89
115
107
94
97
145
144
124
76
41
8
0
0
0
2
0
5
8
21
60
99
122
117
105
75
66
139
185
220
223
166
99
60
37
56
34
14
15
19
33
44
52
83
84
67
55
49
76
104
123
119
130
218
388
522
565
653
659
654
645
687
695
702
724
781
848
978
1016
1067
1189
1006
941
878
727
406
620
687
744
692
620
597
594
642
714
799
880
912
1007
1105
1110
938
916
892
740
623
478
346
215
243
228
136
37
28
78
152
216
230
176
134
124
51
6
10
6
12
62
66
23
1
6
34
54
46
8
39
40
24
23
7
21
33
15
36
68
33
25
44
50
32
8
1
8
8
1
0
0
14
93
141
124
67
26
19
62
87
98
92
60
61
124
185
108
38
33
15
10
11
19
60
82
120
120
64
18
216
24
62
78
102
139
208
210
169
127
127
147
200
253
292
326
247
166
219
283
204
103
78
116
70
31
94
140
130
92
54
31
31
15
34
40
49
59
85
97
100
103
159
230
315
434
574
693
726
677
565
442
328
237
180
144
92
60
49
37
28
26
33
43
55
19
15
42
43
13
36
26
63
45
18
47
39
9
16
33
31
15
14
15
3
0
0
7
6
7
9
0
14
27
32
11
5
14
30
52
84
39
0
42
81
2
23
31
21
8
0
45
76
37
5
35
18
0
0
0
0
0
0
0
0
0
0
0
0
0
0
0
0
0
0
0
0
0
20
32
1
3
9
2
2
1
0
0
0
0
0
0
0
0
0
0
0
0
0
2
20
41
30
22
2
1
4
0
27
90
39
4
8
2
0
1
8
0
0
13
36
29
12
0
0
0
0
0
0
0
0
0
0
0
0
0
0
0
0
0
0
0
9
26
44
46
0
29
0
22
40
7
45
38
3
11
48
149
246
200
39
63
111
199
202
94
3
0
4
15
27
10
21
35
8
3
54
101
93
78
63
18
40
0
43
42
12
0
10
64
208
275
186
39
30
44
57
70
40
40
23
10
20
30
23
15
0
0
5
12
16
7
0
1
4
0
0
0
0
7
2
0
0
0
0
0
0
0
0
0
0
0
0
0
0
0
0
1
7
28
9
0
7
7
6
3
3
7
22
30
8
0
0
0
28
73
49
9
37
10
21
7
2
37
46
25
81
108
90
67
41
20
24
14
0
0
11
11
0
0
2
14
15
4
0
2
1
0
0
0
0
9
35
25
2
1
4
5
6
6
1
1
0
0
0
0
0
0
0
0
0
0
0
0
0
0
0
0
0
0
0
0
0
0
12
37
14
0
0
5
3
0
6
1
0
1
2
8
5
3
3
1
1
1
0
6
7
4
2
0
0
0
0
0
0
0
0
0
0
0
0
0
0
0
0
0
0
1
0
2
25
26
4
0
7
6
10
7
3
0
0
9
3
2
0
0
0
0
0
2
4
0
6
3
4
3
3
4
4
1
2
2
3
11
35
26
22
38
37
47
28
41
37
9
7
16
12
9
3
0
0
0
0
0
0
0
0
0
0
0
1
24
26
3
1
4
9
7
4
2
0
0
0
0
0
0
0
0
6
27
51
63
25
28
27
49
39
15
4
8
10
8
8
3
5
1
0
0
0
0
0
0
0
0
0
0
0
0
0
0
0
0
0
0
0
3
25
24
5
0
6
9
7
8
7
3
1
1
0
0
0
0
0
0
0
0
0
0
1
0
0
0
0
0
0
0
5
25
23
0
7
13
10
5
2
0
0
0
0
0
0
0
0
0
0
0
0
0
0
0
0
0
0
3
25
22
0
0
8
9
6
5
0
0
0
0
0
0
0
0
0
0
0
0
0
0
0
0
17
26
8
0
0
9
7
7
4
1
0
0
0
0
6
0
0
0
0
0
0
0
0
0
0
10
36
6
0
12
10
8
3
0
0
0
0
0
0
0
0
0
0
0
0
0
0
0
0
0
28
31
5
0
11
9
8
7
2
0
0
0
0
0
0
0
0
0
19
30
3
3
10
9
5
1
1
0
0
0
0
0
0
0
0
0
0
0
0
0
0
0
0
0
0
0
0
0
0
0
0
0
0
0
0
3
13
61
80
15
91
84
83
230
346
361
385
416
325
68
56
192
95
151
339
460
372
200
97
99
204
176
166
76
28
46
43
24
4
16
28
10
19
24
6
7
34
48
71
87
35
44
21
21
47
8
17
32
17
12
61
63
130
230
225
168
75
24
0
7
6
43
68
31
0
0
0
2
0
0
0
0
0
0
0
2
4
29
98
100
130
160
170
153
68
21
42
122
161
126
87
177
407
435
250
51
332
378
173
14
115
162
55
17
7
1
6
12
14
43
99
88
33
14
4
1
3
1
3
0
16
28
17
0
14
0
23
21
4
3
28
75
12
14
28
51
37
15
43
7
11
24
37
33
16
9
2
11
39
102
342
450
462
400
280
133
34
8
12
43
33
36
15
83
55
12
18
63
79
67
114
144
189
178
188
118
135
78
50
3
26
0
1
1
0
0
25
24
5
0
0
1
0
0
0
0
0
0
0
9
59
33
1
4
9
5
6
4
2
23
111
209
271
251
249
240
152
76
95
78
164
355
241
137
102
193
336
345
415
452
293
137
66
72
108
237
561
726
634
419
48
28
43
24
4
5
9
5
13
54
75
41
8
19
38
39
100
145
151
115
86
93
72
63
79
185
447
506
178
238
683
573
116
199
230
91
56
113
126
131
99
67
43
11
4
9
19
14
6
6
12
16
6
4
8
12
7
26
50
45
32
22
10
4
16
5
0
0
0
0
0
0
16
75
33
0
12
21
17
2
17
18
1
0
0
0
0
2
4
11
3
0
19
21
7
2
115
537
904
1171
1768
2457
3262
3932
4176
3913
3205
2341
1678
1293
853
813
1124
1444
1694
1636
1655
1499
1050
1193
1455
1914
1978
1841
1551
1228
958
812
801
776
779
755
994
1278
1473
1614
1611
1303
839
604
514
486
478
662
1181
1563
1735
1557
1058
1102
1210
1080
748
815
1349
1830
2175
2285
2213
2084
1969
1910
1908
1910
2868
1693
1299
761
420
365
311
226
206
264
369
564
708
819
728
683
598
496
462
348
336
290
204
109
84
79
92
94
76
38
17
17
16
5
2
0
1
0
0
0
0
0
0
2
5
2
1
2
5
9
8
6
22
14
13
28
24
34
25
7
3
2
12
19
51
70
79
73
83
103
112
109
106
128
117
134
159
106
78
45
12
1
10
54
107
134
102
78
39
22
19
15
26
24
16
49
107
89
14
1
16
5
0
0
0
0
0
0
0
0
0
0
0
0
0
0
0
0
1
16
7
0
11
8
5
2
1
0
1
0
1
5
1
1
0
0
0
0
0
0
0
0
0
0
0
0
0
0
0
0
0
0
0
2
9
12
26
95
146
164
181
229
225
220
103
29
41
80
141
90
13
10
30
28
7
0
0
25
56
56
40
43
22
0
5
14
22
2
0
5
1
14
24
8
0
0
8
0
0
1
2
16
24
60
100
162
404
506
279
177
466
460
198
54
373
471
347
115
169
245
158
56
35
40
16
18
30
5
0
0
0
1
13
10
4
2
5
15
6
2
8
2
5
12
2
0
0
9
4
0
7
10
5
0
0
6
12
17
19
1
10
17
16
0
15
16
5
0
0
0
2
5
0
8
2
0
0
0
0
1
2
3
3
5
2
3
2
23
37
87
88
28
19
32
25
0
29
18
2
20
33
22
0
6
7
0
0
0
1
17
13
2
12
42
8
20
5
9
6
10
11
0
5
13
1
10
15
0
3
7
4
34
28
11
18
52
60
45
43
42
37
26
20
4
0
0
0
0
0
0
0
5
4
3
2
10
10
6
5
4
11
12
6
4
18
41
60
66
95
72
102
104
59
36
9
18
30
32
18
5
1
9
17
16
48
103
161
263
316
355
367
296
187
100
48
15
2
0
0
1
15
43
81
97
54
35
10
79
58
2
26
30
11
5
2
0
3
15
3
0
3
13
16
1
0
1
0
0
0
0
0
0
0
0
0
0
0
0
0
0
0
0
0
0
0
0
0
0
6
4
4
0
0
0
6
43
25
7
9
17
15
20
28
39
61
64
46
54
40
24
8
0
0
0
0
0
0
5
29
11
0
9
5
6
2
0
0
0
0
0
0
0
0
0
0
0
0
0
0
0
0
0
0
0
0
0
0
0
0
0
13
38
10
0
9
7
7
5
4
2
2
35
177
284
299
286
315
328
403
433
223
139
164
95
220
269
145
29
14
90
134
51
0
0
25
121
166
70
5
24
54
35
15
8
21
32
16
25
20
32
13
4
10
35
53
49
85
52
6
0
0
3
19
28
166
247
283
110
38
118
77
62
50
32
118
41
30
56
49
26
8
5
14
12
8
5
0
10
26
7
14
19
3
3
15
25
5
0
0
48
13
21
23
19
37
45
10
0
0
0
2
16
0
0
22
15
3
44
17
5
21
25
24
5
26
72
10
24
30
10
14
11
15
132
350
300
154
25
62
125
169
130
80
95
124
170
182
175
139
85
23
10
12
7
5
38
120
260
341
221
66
37
7
8
10
23
10
100
104
26
46
157
159
78
30
45
150
308
383
333
288
201
69
2
2
0
35
34
34
40
32
19
7
2
6
0
8
33
83
278
355
287
74
8
13
14
38
36
3
0
0
3
0
0
0
0
0
0
0
0
0
0
3
0
0
0
0
2
19
45
3
4
6
10
7
2
1
13
29
13
1
56
55
0
31
29
2
0
0
9
55
2
7
0
18
50
0
23
10
0
31
30
0
37
95
124
4
74
78
27
0
40
31
9
7
0
0
0
0
0
0
0
0
0
0
0
0
0
0
0
0
0
0
0
0
1
0
4
2
16
81
252
341
295
205
100
0
5
36
77
108
111
58
17
3
0
1
0
0
0
0
0
19
27
7
0
0
0
0
0
0
0
0
0
0
0
0
0
0
0
0
3
38
8
92
228
306
296
181
14
0
3
5
18
12
2
27
27
0
9
10
9
2
1
0
0
0
4
6
13
18
31
37
49
28
17
5
1
1
7
10
4
1
0
0
0
0
0
0
2
1
1
0
0
1
13
24
29
33
43
35
24
0
0
0
0
0
0
0
0
0
0
0
0
2
11
10
3
0
0
0
0
0
0
0
0
0
0
0
0
0
0
0
0
0
0
0
0
0
0
0
3
7
9
4
22
3
0
9
6
0
0
0
0
0
0
0
0
0
0
0
0
4
5
22
47
45
7
8
9
9
0
15
28
19
2
40
12
18
26
0
1
0
0
2
19
7
0
0
0
0
0
0
2
10
2
0
0
0
0
0
0
0
0
0
0
0
0
0
0
1
14
14
17
23
17
1
0
0
0
0
0
0
0
0
0
0
0
0
0
0
0
0
0
0
0
0
0
0
0
0
0
0
0
0
0
0
0
0
0
0
0
0
0
6
4
0
2
3
0
0
0
0
0
0
0
0
0
0
0
0
0
0
0
0
0
0
0
0
0
0
0
0
0
0
0
0
0
0
0
0
7
13
1
0
0
0
1
0
1
0
4
1
0
2
0
0
0
9
12
2
0
0
2
4
2
0
0
0
0
0
0
0
0
0
0
0
0
0
3
2
13
10
16
22
28
45
59
68
93
136
164
198
260
283
343
452
470
558
649
726
791
851
947
983
992
1046
1056
1110
1271
1358
1408
1365
1315
1169
1077
967
973
1069
1427
1845
2139
2088
1712
1255
762
303
183
230
342
522
681
686
540
369
123
73
1058
2417
3226
3292
2852
2080
1468
1154
1099
1187
1186
1268
1364
1398
1426
1470
1525
1662
1713
1645
1460
1459
1418
1286
1118
1015
914
823
775
674
520
395
330
258
151
51
4
1
15
68
192
271
330
413
506
541
568
563
519
467
384
320
253
178
90
26
10
2
6
25
90
91
128
167
176
147
126
126
119
92
32
1
11
38
32
31
49
84
109
83
13
0
6
0
0
0
0
10
36
19
8
34
14
0
2
5
2
22
9
5
41
39
13
2
0
2
4
0
0
0
0
0
0
0
0
0
0
0
3
0
0
0
6
0
16
22
10
2
14
32
9
20
18
1
7
16
7
6
5
24
60
42
2
3
32
29
2
0
4
6
0
1
6
27
9
22
70
14
24
21
13
67
158
246
314
351
300
169
63
29
36
17
15
9
0
4
0
3
0
2
23
29
24
28
21
4
0
2
18
37
17
13
7
3
0
0
0
0
0
0
0
0
0
0
0
0
12
28
11
0
4
3
3
4
4
2
2
0
30
256
495
576
558
497
470
412
443
481
447
370
199
155
162
106
11
5
9
2
4
0
0
0
0
0
0
0
0
2
0
0
0
0
0
0
0
0
0
0
0
0
0
0
1
19
19
0
5
10
9
5
0
0
0
0
0
0
0
0
0
0
0
0
0
0
0
0
0
1
0
0
0
0
0
0
0
1
8
10
11
25
37
27
22
30
4
1
0
0
0
0
0
0
0
0
0
0
0
0
0
0
0
0
0
3
0
0
0
0
5
42
3
15
13
18
13
0
0
0
0
0
0
0
24
50
48
3
23
66
23
0
0
0
0
2
36
16
2
19
11
5
1
0
0
0
0
0
0
0
0
0
13
50
2
0
9
9
9
4
0
0
0
0
0
0
0
0
0
2
0
0
0
0
0
0
0
0
3
0
0
0
0
0
0
0
0
174
451
549
398
229
105
61
82
124
97
55
39
33
35
39
6
0
3
9
4
1
0
0
0
0
0
0
0
0
0
1
0
1
0
0
1
1
0
0
1
1
0
0
0
0
0
0
4
3
0
0
0
0
0
0
0
0
0
8
21
103
460
878
674
1032
1743
2385
3360
4290
4413
4056
3611
3007
2380
1794
1319
863
578
630
722
740
1060
1488
1814
1998
1670
1499
1011
547
588
588
746
834
852
794
709
677
656
578
527
468
411
416
390
398
362
317
282
196
142
131
144
213
263
223
235
187
218
172
123
129
250
699
961
1163
1292
974
463
1160
1402
1411
1262
992
695
420
237
315
339
221
72
130
264
186
95
116
128
181
539
856
1089
1277
1262
1125
718
698
569
478
494
505
495
383
225
114
54
27
19
17
97
260
486
612
826
989
1176
1300
1378
1300
1264
986
619
417
451
513
509
396
295
199
229
311
374
289
156
106
79
92
101
139
82
146
160
67
16
110
140
112
76
68
53
87
139
120
26
29
16
29
0
2
42
123
260
427
652
909
972
942
1009
1096
904
805
634
344
101
109
381
688
955
829
471
390
304
297
132
20
62
107
112
67
5
5
56
37
3
34
81
162
244
281
310
316
303
281
254
243
259
263
577
1040
1334
1249
1069
490
957
998
801
677
665
915
1081
1155
1062
948
582
457
299
158
97
106
39
11
1
0
11
5
10
31
30
56
21
23
13
13
12
6
12
22
25
5
22
16
3
23
3
18
0
0
18
46
36
1
3
9
12
22
5
13
2
1
13
8
1
1
0
0
1
2
3
7
29
50
40
19
16
26
21
24
24
4
0
19
23
3
1
1
4
0
0
4
48
16
6
32
20
28
58
40
2
23
20
0
3
2
0
1
0
1
2
11
33
27
23
12
5
2
0
1
5
8
3
15
20
37
7
10
15
9
10
3
0
16
10
8
6
6
11
6
17
17
16
8
6
5
5
0
0
0
1
3
5
13
30
55
30
13
11
9
24
24
35
60
47
6
7
1
1
0
6
14
17
3
0
0
0
0
0
0
0
1
1
2
0
1
0
0
0
0
18
35
7
2
4
10
12
7
6
0
0
0
0
0
0
0
0
0
11
18
9
0
0
1
0
3
35
28
15
16
14
9
6
1
0
1
0
5
0
2
2
0
3
0
0
0
0
0
0
0
1
0
0
26
101
506
899
1311
1292
951
1027
1117
1230
1105
884
507
689
562
410
408
406
323
245
265
266
311
238
217
431
579
535
258
246
454
504
727
1044
1385
1653
2069
2299
2404
2224
1984
1659
1318
948
554
368
278
245
223
188
113
49
52
56
75
98
106
139
102
120
178
134
219
322
396
305
119
34
133
158
92
109
114
116
124
125
67
33
34
34
63
54
25
30
44
61
46
14
13
24
21
1
1
0
0
4
40
61
51
34
26
29
22
9
13
47
98
262
522
662
752
866
918
1156
1231
1183
965
623
189
439
662
938
1063
1047
949
817
634
529
412
253
249
256
231
166
71
73
66
80
76
83
118
200
331
503
702
944
1249
1631
2097
2640
3225
3788
4353
4390
3852
3211
2644
1907
1225
1080
1198
1016
858
862
1101
1285
1089
617
603
830
919
763
654
371
118
66
49
18
58
44
23
9
31
60
43
37
42
84
142
269
418
525
674
791
805
747
585
350
300
342
322
295
339
515
454
270
778
1111
890
581
481
654
743
718
465
250
238
263
226
117
79
122
149
202
145
75
42
23
3
32
42
45
47
34
21
60
83
13
45
58
45
10
30
51
30
62
157
130
104
132
176
338
352
275
218
212
132
60
23
118
75
32
19
20
33
12
14
8
0
0
0
0
0
1
0
1
0
1
5
15
55
145
181
277
345
359
419
448
476
470
413
364
404
379
368
343
339
275
193
220
192
166
191
205
169
91
29
5
3
11
25
48
86
121
132
142
148
141
143
107
93
92
58
55
41
17
3
0
4
6
1
0
0
3
0
0
4
28
41
42
16
1
0
0
2
38
56
26
58
93
107
96
87
98
87
53
75
26
43
72
85
41
0
0
60
91
30
21
29
12
10
0
0
22
30
22
72
87
49
9
54
61
30
12
37
37
42
29
17
69
192
32
17
42
7
5
22
134
168
143
106
25
34
109
100
55
17
66
68
31
16
27
40
33
45
64
106
118
142
124
51
21
6
5
9
64
20
37
21
18
9
22
37
106
135
172
125
30
59
103
143
105
38
2
0
3
0
0
0
0
0
0
0
0
0
0
0
1
0
0
0
0
0
0
0
0
0
0
0
0
0
0
0
0
0
0
16
33
0
13
14
6
4
1
0
0
0
0
0
0
0
0
0
0
0
0
0
0
0
0
0
0
0
0
0
0
0
24
27
0
8
10
2
1
0
0
0
0
0
0
0
0
0
0
0
0
0
0
0
0
0
0
0
0
0
0
0
0
0
0
0
0
0
0
0
0
0
0
28
25
0
8
15
12
4
0
0
0
0
0
0
0
0
0
0
0
11
24
57
168
249
248
221
153
70
23
8
4
0
0
1
0
1
0
14
10
1
0
3
8
23
34
50
94
156
179
172
144
81
66
31
18
13
24
41
94
183
217
204
114
40
16
15
28
39
83
55
8
18
18
15
11
9
12
10
4
7
6
8
1
0
1
1
3
0
0
0
0
0
0
0
0
0
0
0
31
26
1
8
14
14
11
6
2
0
0
0
0
0
2
0
0
0
0
0
0
0
0
0
0
0
0
23
33
3
0
8
9
9
5
2
0
0
0
0
0
0
0
0
0
0
0
0
0
0
0
0
0
0
0
0
0
0
0
0
0
0
0
0
0
0
0
32
33
0
0
7
10
8
7
3
0
1
0
0
0
0
0
0
0
0
0
0
0
0
0
0
0
0
0
0
0
0
0
0
5
43
20
0
2
8
7
7
5
2
0
0
0
0
0
0
0
0
0
0
0
0
0
0
0
0
0
0
0
0
0
3
41
12
125
871
1502
1415
695
1713
2187
3181
3807
3982
3722
3326
2797
2093
1433
1099
849
645
502
466
437
535
674
763
860
942
1020
1020
878
684
608
585
593
527
391
464
535
619
849
1229
1469
1617
1691
1644
1748
2367
2751
2783
3246
3559
3395
3311
2701
1886
1289
1029
2173
1129
1028
1012
1091
1058
1088
1089
1116
1092
928
763
583
537
526
467
336
268
411
714
1033
1192
1138
1120
1036
884
993
1012
1033
1141
1289
1825
2244
2901
3218
3848
4398
4883
4286
3267
2275
968
804
858
933
910
1067
1394
1211
920
895
825
603
444
464
957
504
362
85
9
5
11
34
53
4
5
25
34
18
16
12
46
45
15
0
0
2
0
0
3
8
29
65
146
148
102
68
43
33
22
7
3
14
82
228
328
336
286
248
410
645
739
809
878
1025
1128
1224
1372
1497
1565
1683
1793
1892
2032
2077
2141
2180
2125
1858
1506
1108
771
488
232
78
15
19
71
204
473
751
1030
1220
1481
1756
2052
2351
2615
2928
3150
3252
3353
3236
3028
2896
2884
2951
3058
3102
2943
2720
2559
2502
2464
2356
2218
2100
1980
1696
1371
976
634
409
219
44
55
181
309
384
591
792
906
905
910
840
767
665
539
356
192
162
169
220
215
173
152
164
171
179
186
217
246
196
164
148
129
89
49
40
26
12
17
18
28
46
96
265
286
207
92
83
119
158
206
225
144
140
113
75
91
119
84
32
13
34
56
6
92
105
13
25
17
28
42
40
31
17
0
1
3
14
22
8
7
2
0
0
5
3
0
1
6
0
1
1
0
1
4
3
25
33
0
36
36
7
0
9
24
13
34
36
27
39
55
49
4
24
50
25
1
7
35
66
28
11
14
54
41
22
124
280
475
702
756
463
79
464
712
572
266
131
329
372
246
109
105
71
28
54
85
27
9
39
37
5
2
3
17
19
98
184
242
264
126
14
25
14
5
5
2
29
41
2
22
52
44
14
13
55
24
69
82
31
14
19
21
9
1
19
17
7
7
23
22
16
18
17
22
29
28
43
28
11
9
23
42
21
0
5
29
28
11
0
5
59
55
35
30
40
59
48
22
35
206
349
265
82
49
266
247
63
25
119
149
81
52
43
24
7
8
4
5
3
0
0
1
0
2
7
3
12
7
39
39
4
0
6
7
8
3
0
0
0
1
3
1
4
8
8
3
20
24
4
13
16
20
25
14
13
4
1
0
0
0
0
0
0
3
16
19
3
0
4
9
7
7
3
0
0
0
0
0
0
0
0
0
0
0
0
0
0
9
31
7
0
8
8
5
6
2
0
0
0
0
0
0
0
0
0
0
0
2
23
11
0
6
10
4
1
0
0
0
0
3
0
0
0
0
0
0
0
0
0
2
0
0
0
0
0
0
10
27
8
0
5
6
8
4
4
0
0
0
0
0
0
0
0
0
0
1
0
0
0
0
0
2
23
17
1
0
3
7
3
3
3
1
0
0
0
0
0
0
0
0
0
0
0
0
0
0
0
0
0
0
0
0
0
0
0
0
0
0
0
0
0
0
1
18
16
0
8
9
10
8
0
0
0
0
0
0
0
0
0
28
17
0
5
8
17
21
4
0
0
0
0
0
0
0
0
5
7
8
4
0
39
20
0
7
15
8
7
3
1
0
2
2
0
0
0
0
0
0
0
0
1
3
8
24
26
40
25
5
0
1
51
181
221
215
176
83
44
61
105
75
40
16
5
2
0
0
0
0
0
0
0
0
0
0
0
0
0
0
0
0
0
0
0
1
0
1
0
0
0
0
0
0
0
0
0
0
0
0
0
0
0
29
31
0
0
5
4
3
2
0
0
0
0
0
0
0
0
0
0
0
0
0
0
0
0
15
0
60
338
782
1238
1177
1071
1924
2547
3160
3458
3548
3344
3014
2810
2455
2199
2074
1844
1588
1648
1616
1380
994
759
978
1229
1362
1374
1275
1141
972
841
817
574
266
269
312
345
413
427
453
624
816
1016
1188
1370
1523
1640
1685
1581
1291
911
365
457
503
598
652
657
683
645
574
481
372
332
311
250
228
227
200
127
107
633
986
1804
1771
1206
922
1043
1063
1009
1123
1014
912
818
748
711
667
483
292
348
287
193
202
244
232
278
331
317
269
277
370
515
690
837
1063
1376
1783
1774
2036
2366
2435
2493
2531
2220
1801
1402
1060
658
318
123
162
221
231
236
98
103
321
521
597
599
581
519
423
360
324
309
228
174
159
166
140
105
89
74
127
147
111
103
69
64
90
79
53
10
13
106
238
446
789
1207
1503
1683
1922
2261
2592
3107
3599
4020
4019
3456
2974
2369
1493
785
865
1150
1202
1148
804
495
421
386
406
443
337
223
155
105
104
47
12
32
100
110
46
13
123
320
460
589
617
621
564
438
275
124
29
6
0
35
95
119
141
88
20
15
110
49
72
120
236
382
539
902
1725
2611
3335
3722
3343
2976
2141
1760
1465
1353
1356
1320
1203
632
1329
1513
1604
1758
1792
1663
1202
767
1052
1416
1847
2098
2273
2085
1852
1335
1396
1056
730
375
223
250
320
414
687
1086
1766
2105
2477
2807
3128
3421
3297
3015
2546
1869
1206
670
428
837
1312
1463
1337
1265
1118
828
431
326
269
230
134
170
175
179
233
266
324
343
373
340
223
189
217
350
436
425
587
621
384
308
123
44
52
16
27
65
118
120
50
44
20
6
40
70
37
34
99
9
5
8
11
2
7
27
10
0
0
0
0
16
52
65
40
7
0
0
0
0
0
0
0
0
0
0
3
23
4
0
0
1
0
0
0
0
1
0
2
0
0
0
0
0
0
0
0
0
0
0
0
0
0
7
18
4
0
1
4
0
0
0
0
0
0
0
0
0
0
0
31
46
17
24
52
88
110
82
55
46
35
34
21
90
195
211
263
440
537
487
565
782
1151
1941
2675
2823
2677
2466
2126
1644
1187
784
621
924
1397
2252
3184
3401
3016
2494
1939
1012
200
1218
2281
3104
3781
4428
4655
4760
4475
4092
3305
2395
1650
840
711
980
1201
1198
1129
1180
1242
1318
1384
1422
1603
1777
1572
1041
567
350
662
1064
656
204
215
246
320
458
476
488
501
435
184
3
75
69
20
12
3
4
11
1
2
2
0
22
47
27
3
27
52
20
37
13
34
35
2
21
24
0
14
28
7
0
0
0
7
5
0
15
18
0
3
9
5
4
0
0
4
4
20
52
53
0
45
54
15
1
4
17
38
34
32
42
65
44
34
52
117
178
251
242
251
241
175
112
68
16
0
0
2
0
13
38
36
10
0
36
90
38
12
5
13
8
2
1
6
20
33
32
38
31
30
21
12
3
4
10
19
12
2
0
0
0
1
3
3
6
3
2
0
0
0
0
0
0
0
0
0
0
0
0
0
0
0
0
7
23
52
139
232
295
311
291
259
219
152
87
42
10
1
2
36
30
5
0
1
0
0
0
0
1
0
0
0
0
0
0
0
0
0
0
0
0
0
0
0
0
0
0
0
0
0
0
0
0
0
0
0
0
0
0
0
0
0
0
0
0
0
10
193
465
686
803
926
905
833
686
509
349
214
110
63
41
25
13
3
0
0
0
0
0
0
5
9
16
20
36
45
98
253
413
613
755
841
850
820
726
555
478
360
240
165
110
81
98
95
79
52
50
17
0
0
0
0
0
0
1
0
3
0
0
0
1
0
6
28
20
10
15
17
14
5
32
45
44
29
5
1
0
0
0
0
0
0
0
0
2
17
31
15
0
4
2
2
0
0
0
0
0
0
0
0
0
0
0
0
0
0
0
9
8
7
3
1
0
0
0
1
0
0
0
0
0
2
0
0
0
0
0
0
0
0
0
0
0
0
0
0
0
0
0
0
12
27
16
0
5
7
2
0
0
0
0
0
0
0
1
4
0
0
0
0
0
0
0
11
106
450
989
1628
2056
2543
3580
4199
3661
3286
2537
1940
1216
1033
1392
1720
1866
1822
1248
484
450
610
840
1003
1126
1122
1105
1001
874
671
458
280
182
77
43
82
137
237
347
397
390
306
250
155
112
128
213
110
21
173
210
198
181
155
190
142
226
156
61
49
3
60
167
217
369
488
607
784
1033
1115
958
625
395
453
487
396
342
352
301
145
34
264
373
358
354
320
224
114
72
114
204
211
185
112
41
46
63
112
108
79
61
46
36
65
103
73
43
21
5
18
35
69
96
67
66
44
24
22
51
49
60
89
168
176
177
185
176
187
183
185
213
348
519
756
823
755
840
817
770
760
772
743
669
533
265
136
127
123
105
109
81
74
38
73
135
171
168
177
180
92
139
105
64
28
48
37
25
42
54
53
37
3
4
31
66
112
137
277
416
468
625
712
705
628
546
418
137
46
85
125
148
212
249
313
490
764
1041
1225
1346
1411
1464
1446
1358
1268
1135
926
672
544
425
432
532
514
447
420
407
376
355
348
370
415
482
464
492
488
358
279
312
295
353
415
471
503
446
363
280
192
204
198
168
150
83
78
100
153
205
415
552
752
783
835
1105
1215
1502
1858
2097
1943
1588
1018
1000
973
1031
1209
1281
1159
1048
930
897
923
926
1048
1081
989
814
639
575
563
558
531
500
527
473
454
424
387
461
494
535
524
524
541
538
491
495
423
332
253
308
435
566
585
452
262
341
422
409
290
239
216
179
156
148
94
66
55
36
84
153
252
413
560
619
671
591
450
326
192
147
161
251
270
260
251
176
397
551
484
291
217
244
241
184
114
85
202
216
188
220
237
348
389
323
323
361
566
862
1336
1645
1855
1918
1977
1776
1204
1986
1456
1325
1429
1279
1348
2213
2962
3158
3552
4165
4375
4532
4398
3832
3180
2590
2262
1915
1547
1126
749
712
851
861
811
583
352
283
212
131
118
286
467
650
808
949
1096
1208
1155
1000
962
971
918
973
1279
1490
1646
1728
1822
1723
1332
860
524
462
538
517
582
535
503
465
286
343
334
553
771
837
748
426
318
357
277
182
94
195
199
233
245
199
123
106
97
103
117
46
37
43
69
44
43
22
1
4
15
10
0
1
17
36
10
8
14
25
25
20
25
31
56
49
56
50
31
45
26
12
3
0
19
0
0
2
5
5
11
46
91
84
107
431
681
779
710
518
297
310
325
351
323
284
244
196
155
141
159
181
157
105
39
12
9
1
0
2
0
3
0
0
0
8
43
51
18
14
61
39
14
1
5
0
4
2
1
0
0
0
0
9
42
35
8
0
8
18
3
0
0
0
2
22
7
0
2
3
1
2
3
13
3
0
0
1
3
0
0
0
0
0
0
0
0
1
1
2
0
6
27
45
60
57
56
44
8
0
18
30
37
15
32
55
72
68
86
88
42
0
0
9
36
39
32
24
23
33
64
63
82
88
104
113
147
170
170
186
195
256
316
384
371
387
362
426
415
216
15
16
25
22
14
1
9
18
9
39
43
33
18
28
9
3
0
0
3
0
0
0
0
0
0
0
0
0
0
0
0
0
0
0
0
0
0
0
0
0
0
0
0
0
0
0
0
0
0
0
0
0
0
0
0
0
0
11
0
0
5
1
0
0
0
0
0
0
0
0
0
0
6
14
3
0
7
50
334
846
929
364
1209
1777
2838
3721
4214
4099
3377
2961
2525
1998
1482
1057
657
441
370
354
361
426
489
553
533
452
321
137
96
151
151
103
43
105
209
212
127
13
97
212
187
123
81
254
349
371
292
244
501
725
852
961
1093
1035
876
669
545
437
352
336
327
380
440
473
499
579
643
846
1251
1689
1981
2266
2407
2542
2574
2884
2407
1605
1713
2338
2344
2100
1399
871
726
371
440
466
446
320
243
250
202
155
121
139
110
124
148
152
122
316
972
1616
1914
1831
1993
1891
2072
1843
804
710
867
928
639
688
325
745
964
441
727
1291
1619
1430
857
555
518
654
627
515
378
366
403
433
514
557
699
785
840
830
717
765
787
704
649
610
454
197
116
231
307
319
586
775
964
987
999
876
741
587
435
275
283
287
431
604
572
491
678
781
582
499
543
642
649
600
450
485
744
644
366
373
330
305
264
119
47
43
73
74
13
39
203
434
538
342
81
350
359
114
452
731
997
1517
2218
2651
2768
2613
2345
2037
1870
1746
1608
1269
1187
1259
1018
655
659
467
211
92
247
308
287
371
538
602
619
755
741
531
236
85
256
416
595
718
832
883
843
823
746
731
806
899
1066
1160
1419
1736
1897
1838
1821
1669
1473
1403
1288
1127
758
552
506
684
892
842
945
764
904
1051
905
786
563
517
482
415
361
283
399
275
439
330
347
392
321
282
208
171
124
219
309
198
74
50
47
28
37
72
51
106
152
113
75
15
84
160
190
247
386
603
689
431
394
555
779
762
541
196
153
198
225
268
306
494
625
733
971
1042
931
839
805
735
743
711
849
1304
1432
1125
1048
1607
1454
785
983
867
435
648
702
656
601
626
500
316
233
278
355
329
230
183
166
368
359
471
757
787
490
334
365
524
752
911
1050
1002
807
623
508
478
524
556
520
447
427
505
564
563
691
834
897
921
910
1002
1115
1220
1293
1231
1168
1107
1067
1033
963
846
761
666
580
538
475
421
360
294
214
80
148
87
11
46
40
49
119
52
59
23
40
86
117
145
246
567
909
1344
1887
2036
1984
1869
1532
1507
1797
2074
2417
2853
3027
3211
3041
3052
3267
3307
3099
2417
1974
2811
573
681
836
864
720
775
624
579
567
578
547
512
494
493
451
399
282
183
213
261
363
442
462
517
516
492
434
376
311
329
304
314
396
457
464
414
522
761
1157
1561
1759
1874
1960
2171
2418
2503
2361
2149
1917
1564
1018
884
1161
1410
1392
1302
1258
1321
1395
1347
1413
1236
743
700
883
1196
1314
1051
772
745
645
410
261
415
530
464
532
564
414
351
413
611
627
559
482
316
146
55
32
63
77
71
73
90
66
63
50
57
71
87
109
43
16
16
42
50
36
43
75
135
185
128
65
34
14
18
30
42
57
52
67
45
12
7
2
7
5
18
12
4
0
0
0
5
8
15
19
12
9
0
1
2
4
0
5
13
0
1
6
0
0
0
0
0
0
0
0
0
0
0
0
0
0
0
0
0
0
0
0
0
0
0
0
0
0
0
0
0
0
0
0
2
23
1
0
6
3
0
0
0
0
0
0
0
0
0
0
0
0
0
0
0
0
0
0
0
0
0
2
4
2
0
0
3
0
20
31
0
1
6
4
0
0
0
0
0
0
0
0
0
0
0
0
0
0
0
0
0
0
0
0
0
0
0
0
0
0
0
0
0
31
14
0
6
5
4
2
2
1
0
0
0
0
0
0
0
0
0
0
0
0
0
0
2
36
10
0
5
4
5
2
0
0
0
0
0
0
0
0
0
0
0
0
0
0
0
0
0
0
0
0
0
0
0
0
0
0
0
0
0
0
0
0
0
0
0
0
0
0
0
0
3
34
14
312
701
877
827
673
344
490
175
162
125
101
113
83
36
12
5
0
0
0
0
0
0
0
0
0
0
0
0
0
0
6
26
9
0
3
6
6
2
0
0
0
0
0
0
0
0
0
0
0
0
0
0
0
0
0
0
0
0
0
0
0
0
0
0
0
0
0
0
0
0
2
6
3
0
0
0
0
0
0
0
0
0
0
4
17
1
0
2
4
3
0
0
0
0
0
0
0
0
0
1
8
9
1
0
0
0
0
0
0
0
0
0
0
0
0
0
0
0
0
0
0
0
0
0
0
0
0
2
7
0
0
4
3
0
5
10
1
0
0
0
0
0
0
0
18
27
126
333
515
585
503
356
276
240
210
220
176
154
74
40
53
146
356
851
1272
1483
1623
1984
2453
2959
3272
3527
3608
3499
3301
3213
2846
2274
1743
1363
956
556
381
352
311
270
302
259
272
215
144
93
50
32
52
44
30
41
42
26
57
53
105
105
91
34
51
21
0
4
5
12
16
1
1
2
17
40
23
2
38
119
176
165
200
253
338
481
731
1317
2150
2901
3317
3619
3928
4030
3403
2300
1182
425
773
1557
1900
1818
1560
1438
1427
1438
1470
1093
892
671
627
694
712
586
271
150
131
140
160
164
106
23
58
88
161
174
111
26
7
6
8
3
3
0
0
1
0
0
0
0
0
0
0
0
0
0
0
0
0
0
0
0
0
0
0
0
0
0
0
19
15
0
0
7
1
2
3
1
0
0
0
0
0
0
0
0
0
0
0
0
0
0
0
0
0
0
0
0
0
0
0
0
0
0
0
0
3
11
2
2
7
4
0
0
0
0
0
0
0
0
0
0
0
0
0
0
0
0
0
0
0
0
0
0
0
0
0
0
0
0
0
0
0
0
0
0
0
0
0
0
0
0
0
0
0
0
1
9
1
0
5
2
0
0
0
0
0
0
0
0
0
0
0
0
0
0
0
0
0
0
0
0
0
0
0
0
0
0
0
0
0
0
0
0
0
0
0
0
0
0
0
0
0
0
0
0
0
0
0
0
0
0
0
0
0
0
0
0
1
0
0
0
0
6
17
2
0
2
0
0
0
0
0
0
0
0
0
0
0
0
0
0
0
0
0
0
0
0
0
0
3
19
5
0
6
0
0
0
0
0
0
0
0
0
0
0
0
0
0
0
0
0
0
0
0
0
0
0
0
2
27
8
0
5
8
5
1
0
0
0
0
0
0
0
0
0
0
0
0
0
0
0
0
0
0
2
17
5
0
4
5
1
0
0
0
0
0
0
0
0
0
0
0
0
0
0
0
0
0
0
0
0
9
39
58
62
39
19
0
0
0
0
0
0
0
0
0
0
0
0
0
0
0
0
0
0
0
0
0
0
0
0
0
0
8
23
0
7
7
6
1
0
0
0
0
0
0
0
0
0
0
0
0
0
30
21
0
4
5
4
0
0
0
0
0
0
9
32
19
14
6
1
11
46
40
1
1
23
21
51
193
344
426
455
440
386
379
382
367
330
268
230
243
214
233
305
363
327
247
227
200
136
181
42
84
86
18
2
29
25
20
4
0
12
11
0
0
0
1
0
0
0
0
0
0
0
0
0
0
0
0
0
0
4
34
9
0
7
8
2
3
2
0
0
0
0
0
0
0
0
0
0
0
0
0
0
0
0
4
0
0
0
0
0
0
0
0
0
0
0
0
0
0
0
0
0
31
24
0
2
5
4
2
3
0
0
0
0
36
191
414
782
1290
1506
1611
2101
3119
3984
4419
4663
4109
3447
2707
2075
1407
1023
981
818
765
679
609
598
599
573
543
559
476
362
337
336
318
299
368
557
405
143
173
444
546
363
214
251
63
164
328
384
243
196
353
490
886
1140
1265
1468
1403
1318
1168
1106
804
944
950
750
578
507
403
324
351
377
276
138
78
19
9
18
131
208
334
457
406
367
324
324
419
494
555
534
829
945
1041
1254
1371
1382
1452
1655
1844
1999
1899
1607
1318
1428
1632
727
1108
965
953
1090
432
502
519
321
418
588
538
441
555
632
624
605
578
548
563
617
648
701
765
943
1092
1170
1087
947
793
789
799
777
725
675
743
737
629
630
640
540
493
390
374
343
337
259
119
69
55
39
16
49
116
111
255
289
245
322
388
508
705
747
1156
1533
2018
2168
2369
2206
1860
1368
578
1594
2404
2612
2728
2288
2206
2161
1794
2071
2355
2185
1630
1620
1572
1375
1076
765
646
767
842
801
514
490
641
722
1060
1300
1530
1463
1258
1035
1003
1135
1547
1932
2428
2899
3304
3679
3250
2765
1760
1522
1839
1922
1917
1872
1863
1987
2120
2013
2141
2128
1963
1617
1353
1106
945
781
636
520
384
181
48
80
155
207
257
143
74
24
110
271
509
562
865
1137
1258
1350
1456
1561
2754
2414
2592
2594
2804
2885
2682
2191
1876
1677
1459
1102
911
754
689
748
821
649
395
345
583
676
683
732
932
1252
1492
1512
997
375
371
632
328
106
267
200
221
260
293
328
438
476
328
231
189
104
49
20
23
33
14
0
4
15
5
1
0
0
0
0
0
0
0
0
0
0
6
38
118
196
275
321
300
304
228
143
73
14
2
1
2
10
71
178
145
206
433
548
515
334
115
113
155
157
120
88
76
114
163
242
301
254
193
209
134
108
233
428
581
768
917
1060
1173
1237
1236
1277
1254
1287
1265
1360
1425
1406
1214
913
650
468
457
346
196
83
100
168
241
340
338
269
301
430
458
398
301
247
295
309
252
152
33
43
84
121
160
202
270
368
346
215
59
38
168
144
152
175
183
198
309
595
608
701
700
514
267
127
105
206
244
201
308
248
251
138
69
34
39
61
282
459
503
460
345
226
127
22
4
8
3
0
0
0
0
4
1
0
21
61
62
41
14
0
7
0
0
6
24
15
39
17
1
4
54
34
64
78
53
23
36
32
14
19
70
84
94
141
201
273
240
94
20
6
73
204
321
350
208
58
256
420
449
371
231
35
37
52
88
127
166
249
275
258
240
298
280
225
194
161
113
92
43
11
8
8
38
65
99
111
90
42
3
19
18
8
0
2
2
1
0
5
18
14
15
33
22
45
6
34
29
3
11
7
18
17
157
200
131
11
61
312
309
274
211
149
78
61
91
72
43
15
24
37
6
2
17
34
27
10
0
0
0
0
0
0
0
0
1
8
19
20
3
0
0
0
1
0
0
1
0
3
3
1
1
0
3
3
18
177
358
439
427
337
242
299
214
110
83
86
77
39
75
116
153
185
227
266
299
326
331
333
312
251
194
113
70
33
32
44
85
132
144
158
156
174
204
199
207
204
248
270
222
150
89
78
135
210
310
300
292
310
255
149
125
100
129
80
4
4
9
0
3
35
44
16
32
38
56
67
103
102
126
136
118
139
142
188
99
40
63
161
281
321
255
176
177
188
209
198
215
234
290
264
197
87
40
48
46
13
13
30
34
59
108
121
77
54
67
62
15
31
38
41
56
58
80
122
135
141
126
83
37
38
53
52
22
35
53
80
73
51
17
29
27
25
26
31
16
8
11
6
58
177
319
496
879
333
188
150
155
154
131
132
157
162
163
143
100
54
65
57
63
45
33
79
37
26
38
48
33
55
83
58
46
45
56
98
94
99
87
124
178
240
310
393
397
342
352
316
265
240
214
172
124
95
140
203
308
359
283
200
172
125
40
41
32
27
50
153
266
394
445
389
256
115
115
263
366
506
571
520
576
708
986
1336
1674
2213
2391
2493
2562
2384
1991
1750
1716
1858
1725
1608
1686
1907
1918
1474
1084
690
738
1112
1278
1447
1563
1866
2134
2060
2015
1971
1835
1504
1192
805
488
362
585
742
914
1082
1258
1360
1341
1331
1294
1115
942
791
395
101
198
417
601
690
756
733
662
616
565
556
496
408
428
788
1013
1090
1101
1161
1141
945
720
529
523
483
400
493
613
517
498
584
664
624
795
1086
1160
1269
1109
624
450
244
202
184
206
192
217
172
124
85
152
260
282
253
165
82
26
26
46
32
66
62
38
5
0
0
2
45
127
235
277
274
255
202
172
132
76
52
37
26
40
82
180
218
171
122
95
103
154
219
226
240
304
330
357
375
386
453
526
594
628
689
687
683
664
712
735
723
696
745
786
775
670
570
345
308
263
87
62
174
349
355
415
385
295
171
85
105
61
85
69
47
89
249
410
543
620
676
759
825
825
756
587
494
475
277
162
88
23
45
83
92
31
15
21
59
171
157
90
61
58
45
37
65
31
3
17
65
102
88
131
115
49
40
52
73
42
4
36
116
107
55
57
57
42
62
60
16
20
15
17
25
17
1
9
12
18
14
5
0
1
2
0
5
6
21
29
26
29
26
13
3
1
1
0
3
8
12
11
13
0
0
18
32
27
8
14
26
20
6
18
29
32
19
15
16
27
37
20
55
107
170
198
178
172
204
248
204
71
64
50
33
123
168
129
103
27
1
3
6
6
1
0
2
24
82
71
21
10
0
5
22
16
0
0
0
0
2
0
0
5
31
8
0
0
1
1
2
3
2
0
0
0
0
0
0
0
0
1
2
24
50
55
33
5
34
50
3
3
4
19
24
22
13
0
1
0
0
0
0
12
46
7
1
24
26
16
4
0
0
0
0
1
7
31
46
84
110
132
88
129
96
85
31
14
58
26
37
31
23
21
5
11
7
23
1
0
4
6
1
3
11
4
0
1
28
25
1
2
0
0
0
5
4
2
0
25
19
2
0
3
3
1
1
2
0
0
0
0
0
0
0
0
0
0
0
0
0
0
0
4
49
275
441
396
170
17
22
39
44
47
119
103
76
39
2
23
41
50
61
60
40
43
37
11
23
20
12
51
36
10
4
4
0
4
4
0
0
1
0
6
17
25
32
17
1
8
78
250
416
687
965
1228
1373
1423
1666
2104
2614
3033
3195
2979
2710
2513
1926
1431
1114
1005
764
633
642
621
514
511
467
492
458
403
308
166
68
5
4
2
6
39
55
84
71
56
62
65
89
115
141
123
79
74
168
305
441
522
654
874
1033
973
771
587
403
234
316
410
367
299
292
297
263
223
213
293
290
263
266
225
113
87
136
155
115
72
68
127
166
171
133
126
114
106
70
45
23
44
48
26
23
26
40
61
61
46
45
66
87
53
23
1
2
4
18
15
1
0
0
2
22
93
168
211
190
126
42
17
43
62
25
2
5
5
7
20
22
28
23
4
6
66
63
78
60
25
20
8
14
20
2
20
33
34
14
5
10
17
23
25
50
129
211
238
319
541
773
1061
1168
1165
1153
1207
1372
1434
1395
1505
1496
1560
1744
1774
1705
1545
1295
1029
856
755
749
776
903
1066
1136
1283
1297
1049
683
667
643
661
902
1108
1203
1169
854
447
530
632
605
440
164
97
43
99
168
178
212
238
215
181
148
83
43
54
47
59
69
55
6
9
23
12
0
19
60
54
37
95
125
158
148
162
212
275
258
197
135
123
114
73
83
82
143
185
87
38
84
68
31
18
4
2
0
0
0
0
6
20
10
6
8
19
22
28
44
60
86
64
90
94
130
158
141
176
188
204
217
182
156
237
392
413
437
460
637
796
914
737
494
504
655
777
803
756
767
592
487
507
469
501
414
355
339
282
228
194
122
65
92
55
76
121
138
110
75
84
152
93
7
3
1
2
1
0
1
0
2
7
11
14
18
30
15
0
5
0
2
3
1
0
1
2
35
25
0
3
3
2
3
2
2
5
29
40
47
55
80
87
98
150
230
296
287
278
257
293
324
332
345
372
414
470
600
776
929
960
973
971
905
836
810
822
801
722
480
273
321
481
658
833
762
585
263
211
263
300
339
392
393
390
353
235
229
284
312
270
300
316
274
212
195
246
270
201
175
157
174
111
133
83
65
45
115
346
130
155
251
203
149
74
118
66
31
75
26
6
0
0
0
4
0
1
0
9
12
38
67
75
62
70
81
80
57
37
29
43
68
69
59
7
0
1
0
0
21
34
35
68
229
419
641
764
546
224
284
502
634
719
710
561
480
319
52
35
269
352
348
258
60
20
119
135
133
126
55
17
8
28
25
47
54
82
100
79
11
0
1
5
30
5
0
3
4
6
6
4
21
25
32
54
66
48
34
45
24
9
2
1
0
0
0
0
0
0
0
0
0
0
0
0
0
0
1
14
35
0
0
3
3
3
0
5
0
0
1
3
0
0
0
11
38
38
3
0
0
0
0
2
0
0
0
1
0
1
0
1
35
25
1
8
7
7
1
1
0
0
0
0
0
4
3
325
582
687
753
683
614
486
447
462
372
303
262
162
101
98
103
126
126
55
64
38
15
22
10
24
75
185
374
506
446
136
121
351
278
49
57
156
225
224
109
0
4
0
19
87
125
109
73
64
50
85
134
134
140
205
257
222
162
86
81
117
123
114
86
42
15
9
4
2
1
0
0
0
0
1
1
0
0
0
6
5
3
5
1
3
9
14
15
15
19
18
13
1
0
0
0
0
0
0
0
0
0
0
0
2
32
6
0
3
5
0
0
0
0
0
0
0
0
0
0
0
0
0
0
22
29
0
33
35
26
91
196
292
303
312
290
340
357
307
319
386
393
371
351
324
255
109
53
33
11
3
1
4
2
7
1
0
0
21
10
27
53
28
21
38
47
81
75
85
54
52
40
66
89
142
178
221
190
123
39
41
40
22
0
4
23
56
71
80
190
303
379
462
520
643
747
830
741
537
491
619
644
643
333
48
108
330
407
334
294
369
406
435
516
644
646
575
459
422
410
312
366
494
559
566
489
455
481
513
490
446
444
431
386
315
262
273
338
303
202
178
294
376
349
419
547
835
956
1035
1014
946
935
946
1010
1002
937
1001
1183
1345
1398
1323
1361
1445
1358
1478
2037
2082
1231
432
328
622
693
810
815
592
187
297
463
341
312
451
471
416
373
365
352
323
282
311
315
283
244
220
139
58
39
177
399
552
672
771
912
871
740
593
532
471
339
241
187
160
122
71
53
20
29
38
69
113
133
174
181
108
70
54
30
24
4
0
0
1
21
31
0
5
