17218
477
526
483
499
459
427
360
249
142
78
102
218
398
637
974
1251
1634
2060
2360
2768
3195
3396
3690
3846
3781
3900
4040
4034
3666
3401
3603
3887
3857
3475
3225
3122
3094
3147
2901
2599
2534
2456
2318
1890
1385
1003
1535
2316
2728
2553
2301
1845
1455
910
703
564
464
460
641
698
578
409
531
705
747
680
841
990
1042
1001
1040
1152
865
1125
2134
3744
3543
3526
3699
3438
3045
2420
1774
1238
615
852
883
732
781
889
935
984
1003
986
825
616
584
846
1112
1184
1309
1295
1156
1014
1082
1053
988
1003
1133
1141
961
597
420
549
762
752
963
969
821
826
1129
1733
2025
1910
1450
756
615
670
622
662
646
647
657
857
758
412
393
547
1097
1714
2549
3444
3662
3307
3019
2767
2344
2157
2213
2379
2562
2602
2767
2790
2450
2140
1829
1775
2017
1740
1359
937
505
626
891
1148
1483
1658
1379
1176
953
938
1243
1397
1236
978
477
249
177
163
534
1518
1995
2130
2015
1988
1693
1569
1648
1542
1425
1339
1257
1139
867
652
488
340
217
222
238
195
262
413
554
611
579
496
251
73
53
95
224
281
292
308
247
104
68
127
233
232
204
161
75
141
670
1382
1715
1603
1118
464
52
632
885
869
800
623
291
98
73
311
269
235
198
137
124
61
6
39
133
205
277
205
91
62
31
26
35
95
77
49
61
66
60
80
93
70
28
16
10
3
1
18
5
9
6
6
2
0
0
10
0
1
0
8
8
3
9
6
0
1
2
3
16
4
12
7
2
4
5
2
1
3
4
0
0
0
1
0
0
0
0
0
0
0
0
0
0
0
0
0
0
0
0
0
0
0
3
5
2
1
5
4
1
0
0
1
3
4
0
0
2
7
5
1
2
5
8
5
20
36
9
11
12
15
14
4
6
62
42
22
8
11
25
11
13
13
8
0
35
51
6
34
21
0
0
1
0
0
0
0
0
1
2
2
2
2
0
0
0
4
7
17
51
83
127
108
94
31
9
25
10
10
10
10
8
11
7
4
0
0
0
0
5
10
5
0
0
0
8
6
11
30
59
92
63
35
22
21
9
14
3
7
8
4
5
3
1
0
0
0
0
0
0
0
0
0
8
2
6
62
69
67
27
14
25
21
8
4
2
5
6
0
0
1
0
0
0
2
2
0
0
1
1
0
0
0
4
5
1
0
0
10
40
41
23
7
1
14
2
1
4
9
3
0
9
3
2
77
36
21
7
39
41
28
22
11
13
24
22
25
47
103
179
212
232
207
194
168
184
198
212
238
277
276
243
233
252
266
246
219
137
93
59
46
31
8
20
25
48
61
126
357
504
610
660
564
482
721
922
910
819
610
416
379
363
309
243
119
35
14
7
7
10
35
92
166
219
265
264
256
222
202
205
269
310
328
327
338
272
227
182
163
152
92
48
17
9
1
0
0
0
0
1
8
4
25
21
24
57
92
94
113
93
63
13
0
8
18
0
17
19
2
25
47
66
75
130
165
125
115
116
88
82
74
66
102
94
88
65
57
26
25
50
46
44
32
14
8
27
62
33
23
88
215
270
274
246
223
213
208
219
213
209
199
196
175
147
95
39
36
14
1
2
5
9
55
188
330
509
590
611
623
613
579
649
583
434
373
304
235
190
145
118
68
31
41
23
1
0
0
8
15
36
74
76
53
88
148
172
158
133
61
47
33
27
14
8
1
0
2
0
3
0
0
0
0
1
19
32
33
13
2
0
3
2
1
0
0
0
0
0
0
0
0
0
0
1
0
0
0
0
0
10
13
0
12
21
21
27
67
69
49
33
12
3
1
2
2
1
8
3
0
2
0
5
12
9
6
0
0
2
9
21
8
1
6
9
0
0
0
0
0
0
0
0
0
0
7
10
11
9
11
5
2
0
1
0
0
0
0
0
0
0
0
0
0
0
6
23
54
50
40
21
11
5
0
7
9
25
9
9
18
15
40
50
34
14
10
15
30
41
82
135
127
83
76
138
178
131
96
77
62
33
10
3
4
6
4
1
3
6
7
14
23
39
50
54
53
65
72
60
51
54
44
30
32
29
19
16
12
6
2
1
3
10
11
11
17
23
19
23
74
114
73
47
40
38
134
192
185
115
33
30
54
131
146
128
115
93
134
129
135
82
57
33
4
2
1
1
3
4
7
26
30
40
62
141
232
385
568
702
816
890
1012
1110
1117
1028
969
931
804
706
598
475
346
231
175
117
83
91
117
183
277
341
354
379
391
376
403
390
343
316
306
251
261
321
258
188
157
151
162
118
80
72
59
48
44
39
33
33
28
29
40
54
93
105
106
114
157
172
239
324
369
452
527
576
591
653
738
902
1069
1217
1403
1486
1207
906
657
613
1519
785
853
995
1089
1036
1257
1482
1362
860
680
592
470
385
289
340
485
774
1058
1092
1022
1237
1534
1689
1838
1856
1891
2157
2206
2119
2148
2197
2258
2332
2539
3111
3413
3050
2579
2470
2480
2390
2204
2291
2122
1501
1145
936
519
252
681
1024
1147
949
1234
1989
2853
3281
3627
3033
2802
3125
3435
3582
3922
4377
4531
4604
4869
4933
4877
4367
4073
4089
3862
3449
3148
2682
2073
1505
929
434
927
1403
1742
2006
2055
2128
2194
2119
2038
1891
2056
2519
2739
2883
2799
2729
2674
2447
2378
2288
2272
2133
2015
1830
1608
1659
1569
1688
1950
2035
2059
2051
1817
1584
1951
2344
2870
3243
3502
3665
3719
3739
4776
5857
5815
4906
3350
2531
4041
5277
5774
5762
5024
3639
1349
567
931
957
1399
1865
2097
2442
2225
1621
1135
504
502
1117
1477
1327
775
275
55
347
888
1163
956
514
108
124
83
41
62
170
213
179
177
170
137
151
187
258
340
343
344
302
281
272
279
295
278
222
165
137
118
80
64
69
85
69
62
48
31
38
43
41
42
37
30
19
17
6
4
0
0
0
0
1
21
10
8
16
23
32
15
5
11
16
13
9
8
14
6
6
2
2
2
0
0
0
0
0
0
0
0
0
0
0
0
0
0
3
16
17
13
8
13
28
21
27
14
2
0
11
4
0
1
0
0
2
5
1
2
2
1
3
4
2
0
0
0
17
60
139
177
168
88
13
3
1
3
4
8
26
46
50
75
87
64
52
30
28
36
49
48
46
36
28
27
23
14
7
8
1
1
0
27
274
254
44
74
28
244
657
167
118
376
239
212
111
98
52
82
210
68
60
210
15
23
85
42
195
6
5
15
12
9
2
13
18
35
67
51
24
20
17
15
21
32
86
153
168
158
95
71
67
56
51
39
26
16
8
2
0
0
0
0
0
0
0
1
7
11
11
12
19
24
14
3
1
18
26
28
15
9
13
4
4
7
13
28
51
104
200
292
403
414
310
168
107
133
153
136
119
79
43
34
30
18
12
8
6
4
6
1
0
1
0
0
0
1
0
0
0
2
2
0
2
0
0
0
0
0
0
0
0
0
0
8
52
141
164
93
51
31
21
29
21
10
1
7
24
31
19
0
0
14
35
28
10
5
2
0
1
0
1
2
0
0
2
29
5
1
8
0
0
0
0
0
0
0
5
0
0
0
0
8
6
21
37
0
0
2
12
52
62
66
87
179
115
141
109
18
99
126
99
53
1
14
24
11
30
13
3
8
17
12
7
11
12
8
10
12
19
31
26
0
3
28
33
11
1
28
65
43
8
3
0
2
7
19
13
21
17
12
10
7
0
0
0
4
9
24
81
127
124
65
42
55
50
47
50
58
114
178
272
400
496
520
484
402
341
275
236
217
125
89
54
32
20
8
2
1
11
12
40
85
146
257
354
479
704
867
885
898
833
694
547
371
241
113
56
11
4
6
2
4
30
82
97
70
61
63
83
86
56
32
8
3
5
3
18
88
211
297
269
211
140
90
48
25
13
12
15
6
5
6
3
12
14
8
7
1
4
3
1
2
1
6
22
62
146
333
441
538
585
630
560
499
471
352
242
179
124
68
31
20
6
1
3
6
19
9
12
21
4
1
9
0
0
3
6
5
4
8
19
36
75
120
184
276
391
462
605
736
980
1241
1578
1965
2318
2688
3088
3360
3529
3844
3916
3903
3975
3980
3899
3678
3528
3351
3209
3118
2929
2630
2156
1732
1075
462
550
981
1161
1060
895
583
558
757
1019
1363
1809
2535
2956
2985
2433
2013
1846
1717
1570
1489
1458
1338
1106
806
460
275
281
384
581
659
563
350
231
260
308
309
253
193
170
243
326
350
243
138
70
88
184
318
448
381
279
296
270
225
272
334
323
326
362
352
341
301
262
427
731
967
1162
1263
1268
1168
1012
621
308
599
1019
1222
1433
1476
982
434
424
555
621
667
674
663
617
565
455
306
106
69
166
393
559
704
843
924
811
756
798
773
736
863
1114
1234
1227
1062
713
400
165
66
137
647
1185
1481
1435
1047
544
110
115
345
605
860
908
738
629
655
703
583
266
64
2
0
0
19
18
22
52
72
68
75
80
35
16
12
23
14
33
70
33
10
22
30
57
91
85
82
110
141
173
170
227
237
296
331
369
438
461
377
295
226
89
16
17
33
43
60
39
7
0
0
0
0
0
17
9
0
4
10
0
41
120
212
283
313
275
191
65
39
50
57
61
73
93
128
129
143
121
98
48
48
31
25
14
27
91
244
381
451
462
414
335
238
217
222
204
179
160
183
155
97
69
42
31
22
14
2
1
0
0
1
1
3
30
43
41
45
42
9
40
53
16
8
13
0
11
11
0
19
10
6
20
9
0
1
6
11
12
1
0
1
1
28
127
262
334
586
276
147
62
55
58
50
49
36
12
2
0
0
0
0
2
2
0
4
13
14
14
2
8
0
0
0
3
1
4
0
0
4
0
0
2
2
1
0
3
22
262
440
533
466
310
169
88
122
171
167
140
122
104
56
27
9
0
0
0
0
0
0
0
7
17
12
17
10
0
0
1
0
0
0
0
7
15
12
14
21
0
0
0
0
27
33
9
9
13
17
4
6
7
0
0
1
1
20
1
13
24
19
0
46
43
0
15
3
6
6
3
16
7
2
2
10
31
46
24
1
51
52
6
1
0
6
13
5
10
0
0
9
23
16
2
0
0
0
0
0
1
3
5
3
3
0
6
29
28
18
15
9
12
39
47
50
31
12
2
4
26
162
316
437
488
522
467
431
356
324
333
264
259
254
184
123
170
162
136
148
101
56
35
19
8
18
46
140
217
274
258
187
132
87
68
56
116
129
119
204
295
365
342
322
328
301
238
129
42
5
7
21
25
31
33
1
2
0
3
5
1
33
225
384
423
286
107
29
23
46
95
151
147
143
89
45
49
154
185
141
94
47
38
39
33
28
33
28
33
28
16
19
36
51
40
12
12
1
28
26
38
235
453
540
543
518
434
362
263
215
152
104
108
64
12
8
16
33
71
132
175
224
224
311
291
296
318
422
504
543
572
574
507
421
330
274
196
106
48
11
12
11
34
24
27
41
174
347
476
556
532
550
520
409
265
234
213
165
132
103
68
34
33
38
47
83
77
30
86
213
166
21
24
22
21
34
7
1
11
29
17
16
57
42
39
90
106
84
58
45
37
36
29
17
15
30
34
43
23
48
59
81
66
48
48
21
16
5
3
8
9
7
6
3
6
10
7
16
21
31
17
6
5
14
122
230
323
421
433
398
327
231
140
71
29
11
6
15
13
31
26
14
20
14
15
28
18
31
25
25
30
62
106
160
130
114
113
97
53
22
15
18
25
17
11
12
17
8
6
23
17
0
0
0
0
1
0
0
0
1
2
4
1
1
4
3
8
4
3
4
3
2
0
2
3
5
3
2
1
5
8
5
6
1
2
0
0
2
29
133
279
345
339
265
196
126
39
6
4
1
2
0
1
2
0
0
0
0
0
0
0
0
0
1
11
34
92
137
132
160
25
6
1
4
0
0
0
0
0
0
0
1
0
0
0
0
2
1
4
3
0
0
0
0
0
0
0
0
0
0
1
0
2
0
2
0
0
0
1
0
0
0
0
0
0
0
0
0
0
0
0
0
0
0
0
0
0
0
0
0
0
0
0
1
2
1
0
5
0
0
0
0
0
0
0
0
0
0
0
0
0
0
4
16
14
33
18
28
56
69
53
46
24
25
18
31
66
32
3
3
0
0
2
6
17
20
9
3
1
0
1
0
0
1
0
0
0
0
0
0
4
9
26
46
43
54
40
60
102
154
245
276
241
152
146
121
103
128
134
137
118
73
61
39
47
64
55
29
37
27
25
40
12
10
10
1
13
34
27
19
6
0
0
1
3
2
4
5
8
13
13
7
2
1
10
23
17
14
16
12
11
14
21
32
86
142
199
225
176
68
20
7
1
0
0
0
0
0
8
11
18
28
29
18
16
29
29
47
67
119
179
251
328
346
338
305
319
283
251
211
165
131
62
50
41
20
14
5
5
1
0
0
0
1
0
0
0
0
0
0
0
5
6
5
6
1
4
4
5
3
0
0
4
2
2
1
1
1
0
17
28
14
12
23
25
19
13
18
24
25
21
10
13
8
4
2
3
1
0
0
0
0
0
0
0
0
0
0
0
0
8
13
19
10
5
2
0
0
0
0
5
6
16
13
9
7
4
1
1
1
0
0
0
0
0
0
0
10
20
14
10
0
0
0
1
0
0
0
0
0
0
0
0
0
0
3
3
4
2
2
0
0
0
0
0
0
0
0
0
0
0
3
10
13
8
4
0
0
0
0
0
0
6
9
3
5
4
2
1
3
4
7
8
4
2
0
0
0
0
0
0
4
10
7
4
1
0
0
0
0
0
0
1
2
3
5
5
5
5
3
0
0
0
0
0
0
0
0
0
0
0
0
3
0
2
8
10
16
19
24
28
18
14
6
1
11
28
25
18
14
6
2
0
0
1
0
3
0
1
0
0
0
0
0
0
3
14
85
201
415
546
385
244
106
82
182
302
348
286
99
27
6
1
25
39
2
0
0
1
0
0
0
0
0
1
0
0
0
0
0
3
7
8
11
10
10
11
13
8
9
6
3
2
0
1
1
0
0
0
0
0
0
0
0
0
0
0
0
0
0
11
7
0
1
5
5
5
8
7
10
3
4
8
12
19
21
12
6
4
2
2
1
0
0
1
0
1
0
0
0
1
0
1
2
3
4
3
4
3
1
1
0
0
0
0
0
0
0
0
0
0
0
0
0
0
0
0
0
0
1
2
4
3
2
1
1
0
1
9
18
12
6
5
6
10
10
0
0
0
0
0
0
0
0
0
0
1
0
0
0
0
0
2
10
10
49
322
552
486
612
752
880
1045
1127
1314
1515
1742
2209
2559
2608
2329
2269
2368
2281
2007
1819
1825
1974
2195
2370
2286
2099
1654
1102
994
1089
1110
1122
1070
989
975
960
1002
1041
854
726
632
793
887
874
845
874
912
991
847
692
628
615
643
641
598
620
543
242
161
109
105
49
22
4
15
16
37
180
425
791
950
1322
1622
1729
1317
828
533
293
396
493
464
565
872
1445
2100
1948
1167
377
87
751
1671
2466
2835
2856
2959
3177
3297
3127
2561
1798
1363
976
766
513
180
79
185
316
442
599
733
806
822
915
1003
1161
1422
1694
1921
1932
1955
2041
2163
2514
2650
2514
2392
2297
2225
2010
1704
1457
1303
1105
549
303
523
562
358
208
247
324
390
365
187
154
87
29
15
22
68
208
444
643
687
424
106
82
428
618
764
861
927
883
849
638
335
209
285
569
1009
1045
976
976
992
1099
1173
1136
1088
1321
1255
696
100
287
1742
3569
4822
5092
3879
2903
2091
1598
1495
1445
1453
1638
1624
1643
1381
1161
994
694
617
802
872
939
1096
1247
1245
1199
1203
1118
1048
805
693
498
323
209
176
291
439
425
373
344
203
162
114
63
78
121
169
263
286
255
345
508
680
622
468
294
119
95
133
160
191
176
156
155
169
170
167
153
145
177
184
166
83
53
59
75
73
65
36
15
11
27
66
100
182
245
235
161
182
749
1461
1706
1334
1367
2152
2764
2983
3192
3583
4285
5011
5606
5932
6126
6107
6084
5728
5270
4744
4156
3587
3261
3088
2840
2449
2251
1917
1494
834
415
1128
1649
2050
2215
2151
1850
1594
1332
1330
2101
2626
3118
3177
3070
2686
2564
2387
2228
2181
2243
2163
2091
1925
1892
1840
1730
1174
901
860
749
547
487
766
1002
1180
1347
1596
1752
1996
2412
2587
2877
3028
3053
3394
3779
3864
4072
4118
3765
3421
3705
3829
3838
3570
3386
2706
1577
1125
799
1205
1356
1363
1291
1248
952
769
718
863
939
796
638
370
409
560
753
889
1489
2494
3306
3762
3721
3273
2986
2420
1541
1300
1860
2042
3012
2286
2864
3672
4109
4005
3824
3427
2883
2505
2214
2354
2285
2053
1630
1271
813
381
309
586
862
993
1126
1255
1325
1295
1359
1483
1468
1418
1456
1383
1315
1187
972
764
546
298
91
40
151
258
406
456
507
646
856
1042
1087
1062
1005
933
852
783
700
606
534
441
325
166
67
49
54
171
235
244
190
89
28
17
22
20
7
1
11
28
39
45
45
56
37
35
49
32
18
25
27
33
33
37
54
66
51
61
72
84
207
369
437
382
291
173
116
111
139
158
141
101
50
48
45
42
44
71
82
76
49
38
14
2
0
0
0
0
0
1
3
0
1
2
0
3
16
17
5
0
2
10
15
11
11
13
21
26
34
39
32
29
19
14
11
7
5
5
1
0
3
40
128
200
213
128
75
105
196
218
200
112
50
51
49
25
10
12
15
12
17
24
48
103
118
101
66
34
77
59
50
46
77
82
68
57
54
32
38
54
39
26
70
50
63
136
168
209
199
122
77
64
40
45
52
48
40
26
22
28
17
2
0
1
2
1
5
1
5
6
4
1
10
14
16
22
24
24
27
30
29
28
35
25
19
12
6
10
32
67
99
87
66
33
16
15
23
38
57
72
63
30
5
39
64
56
61
54
26
12
98
241
314
270
118
39
63
132
222
275
271
211
162
153
167
111
90
73
87
72
8
1
2
6
22
43
82
146
217
231
174
92
55
42
59
65
57
72
88
105
64
51
26
3
0
1
14
34
43
26
13
6
5
2
1
10
8
3
2
7
30
31
6
10
9
9
11
11
3
0
0
2
2
2
3
26
124
218
252
201
104
51
42
31
35
37
78
118
140
157
162
162
109
76
62
57
60
41
29
20
10
8
1
5
14
11
6
4
2
1
2
2
3
4
2
7
47
153
187
92
21
29
26
22
18
35
87
159
230
304
345
403
500
557
611
561
465
386
319
263
243
200
167
171
134
93
78
46
26
46
96
172
241
296
280
274
239
206
183
250
236
199
179
531
1077
1874
2509
2851
2900
3138
3085
2955
2843
2844
3474
3680
2774
2202
2214
2392
2676
3100
3300
3511
3587
3568
3225
2686
2037
1485
1217
1114
778
777
752
622
715
1070
1560
1848
1896
1627
1339
939
570
388
414
399
296
365
418
449
392
196
195
538
695
772
775
655
570
532
428
313
212
150
184
248
301
489
585
637
598
552
752
317
348
464
599
519
456
350
227
239
266
268
276
337
428
479
495
441
382
330
263
242
385
564
696
870
990
961
776
523
410
357
255
232
215
235
145
68
83
81
81
78
42
9
2
24
57
83
105
124
107
132
155
145
66
15
2
1
9
8
23
54
107
145
172
168
170
284
422
525
570
521
480
357
242
211
173
118
77
86
71
81
70
111
129
148
133
114
108
71
108
230
306
368
329
251
166
106
91
99
145
164
199
188
180
161
126
141
139
107
54
165
67
47
116
62
71
33
35
90
131
196
196
179
166
179
188
222
252
333
373
432
496
558
639
762
744
584
383
203
173
151
163
144
172
235
225
89
42
40
13
25
57
41
34
30
27
14
14
28
22
41
25
16
40
47
45
26
18
13
14
9
7
16
22
8
4
8
3
21
29
16
15
9
8
14
9
102
11
5
7
8
9
13
22
22
22
24
29
20
12
16
68
39
23
18
75
151
187
183
256
317
342
315
337
192
63
36
77
88
120
124
155
130
42
39
56
57
65
62
141
230
316
404
381
395
353
265
167
120
107
84
68
96
130
200
352
451
527
609
441
217
137
129
157
156
167
196
153
125
86
72
58
89
124
122
131
149
161
167
147
139
157
221
205
195
180
220
259
301
350
380
282
279
218
138
107
63
57
44
34
33
29
32
47
52
22
11
6
6
8
14
24
19
10
78
181
245
250
202
163
125
115
106
153
132
90
105
137
129
153
146
127
114
57
34
45
43
34
31
26
18
2
19
152
356
430
297
241
280
180
136
135
131
155
209
258
214
176
107
70
48
40
40
51
42
33
70
62
88
209
160
26
47
6
136
242
63
69
58
51
168
232
345
378
377
289
166
80
103
108
151
129
94
89
62
66
70
62
53
49
31
8
3
13
8
9
40
55
37
18
9
6
4
3
1
0
1
1
0
0
1
0
1
0
0
0
0
1
1
12
21
24
21
23
56
167
271
461
1030
1446
1869
1921
1836
2062
2206
2144
1878
1694
1563
1390
1147
779
443
673
786
745
655
548
333
153
322
997
1497
1046
677
552
567
686
623
419
282
186
177
159
149
92
118
125
117
75
27
5
5
3
2
9
13
15
19
10
10
4
8
5
6
7
6
4
10
10
16
22
38
27
10
15
27
24
22
40
13
7
5
2
0
0
0
0
0
0
0
0
0
0
0
5
6
3
1
0
0
0
0
2
1
2
0
1
3
4
4
8
0
2
4
8
7
4
0
4
1
2
10
18
28
38
28
19
7
1
6
11
14
15
16
11
10
14
15
6
3
2
0
0
0
0
0
0
1
0
0
0
6
8
11
14
20
17
17
12
19
16
11
11
8
9
1
0
0
0
8
5
1
0
3
3
2
2
0
0
4
6
6
9
6
3
0
1
7
12
6
6
7
5
2
0
0
0
0
0
1
2
9
10
9
12
7
0
0
7
12
9
6
8
7
2
0
0
0
0
0
1
3
8
9
3
0
0
0
0
0
0
1
1
0
1
0
0
0
0
2
8
9
6
5
5
3
0
0
12
40
69
33
7
6
10
6
14
21
18
4
0
9
5
0
9
8
0
2
1
0
1
3
7
5
6
9
3
0
0
0
6
15
10
3
1
5
3
6
5
0
0
0
0
0
0
0
0
0
0
0
0
0
8
27
56
82
84
65
37
18
3
2
3
1
2
0
0
0
0
0
0
0
7
7
1
0
5
6
11
8
16
13
9
1
0
0
0
0
0
1
0
0
0
0
0
0
0
0
1
6
8
2
0
0
0
0
0
0
0
0
0
1
0
1
7
3
6
8
12
10
4
0
0
0
0
0
0
0
0
0
10
6
4
8
5
12
1
0
3
6
6
7
3
3
0
0
0
0
0
0
0
0
0
0
0
5
14
13
13
11
8
4
1
0
0
0
0
0
0
0
0
0
0
0
0
4
10
9
6
9
5
4
5
4
2
0
0
0
0
0
0
0
0
0
0
0
0
0
0
0
0
0
0
0
0
0
0
0
0
2
6
11
12
10
12
16
3
4
10
10
8
7
6
5
6
7
5
0
0
0
0
0
0
0
0
0
0
0
0
0
0
0
0
0
0
0
0
0
0
0
0
0
0
0
0
0
0
0
0
0
0
0
0
0
0
0
0
0
0
0
0
0
1
2
0
0
0
0
0
1
0
0
0
0
0
0
0
0
0
0
0
0
0
0
0
0
0
0
0
0
0
0
0
0
0
3
1
1
0
0
0
0
0
0
0
0
3
27
76
69
20
0
0
0
0
0
0
0
0
0
0
0
0
0
0
0
0
0
0
0
0
0
0
0
0
0
0
0
0
0
0
0
1
0
0
0
0
0
0
0
0
0
0
0
0
0
0
0
0
0
0
0
0
0
0
0
0
0
0
0
0
0
0
0
0
0
0
0
0
0
0
0
0
0
0
0
0
0
0
0
0
0
0
0
0
0
0
0
0
0
0
0
0
1
4
1
2
3
3
1
0
0
0
0
0
6
4
0
0
4
4
2
7
9
10
29
51
83
105
103
103
69
41
35
8
0
0
1
0
2
0
2
0
0
0
0
0
0
0
0
4
4
2
8
8
6
5
15
19
38
62
71
51
26
14
27
33
33
19
8
4
6
18
11
10
46
26
10
45
26
10
10
19
25
38
15
2
8
1
1
1
1
6
13
17
24
24
23
26
15
19
16
9
3
6
5
7
8
14
8
18
47
38
12
35
19
8
12
10
3
2
13
9
0
1
21
17
3
0
5
8
12
5
0
0
0
0
0
0
0
1
0
0
0
9
15
4
7
10
5
0
0
0
0
0
0
0
0
0
0
0
3
0
0
0
1
6
17
27
28
9
14
31
5
14
35
25
0
9
31
22
4
0
1
0
4
0
0
1
0
0
0
7
14
8
0
0
1
0
5
2
4
4
2
0
0
0
0
1
0
0
3
0
0
42
48
0
4
18
5
0
2
20
18
0
1
0
3
1
0
0
1
26
116
245
356
333
189
112
161
184
158
90
55
30
23
17
18
13
9
12
37
22
18
22
11
27
12
18
14
23
18
22
13
19
8
10
12
7
13
13
7
9
9
9
8
8
16
34
40
11
41
25
7
19
17
6
0
0
3
6
14
14
13
19
19
8
6
11
8
7
5
9
0
3
10
33
30
34
126
176
294
404
376
268
252
220
183
143
151
139
179
196
171
138
102
60
30
16
3
5
11
19
30
62
74
81
87
110
91
95
73
59
46
75
144
218
320
402
438
431
385
262
214
164
120
101
62
52
51
35
25
62
49
92
25
18
23
2
32
7
3
19
14
5
2
18
47
23
1
2
26
146
336
382
354
307
212
136
127
163
169
184
174
172
122
86
78
52
22
4
1
4
4
4
4
2
1
7
40
92
100
68
22
28
81
89
56
109
12
9
7
4
0
0
9
8
2
1
0
3
6
0
2
0
0
0
0
0
0
9
19
11
13
5
2
5
18
39
71
107
244
340
505
649
787
884
872
879
817
721
633
588
546
470
415
335
216
153
66
20
3
60
103
165
135
59
30
39
35
21
36
45
41
19
34
71
68
46
33
18
9
18
27
29
26
41
50
90
88
103
106
118
118
104
140
116
77
89
89
87
59
33
27
11
41
64
58
36
37
42
36
31
39
24
19
16
5
3
12
12
19
36
17
0
0
3
9
42
133
273
345
303
246
180
123
74
46
34
29
32
46
26
15
7
2
5
5
6
4
2
1
0
0
1
5
17
109
282
440
497
457
409
284
172
75
26
9
7
11
12
17
14
5
1
2
23
58
74
55
26
19
27
13
7
12
32
21
8
4
5
18
33
41
70
69
39
15
9
6
0
1
26
20
33
19
3
9
17
21
32
31
31
32
28
7
2
7
1
1
0
0
0
0
20
26
15
0
22
20
10
13
37
39
6
1
23
23
36
100
232
299
295
202
95
61
69
84
91
85
76
82
119
143
148
154
168
199
193
183
223
203
151
119
76
40
32
20
4
5
10
30
12
8
7
3
3
2
2
0
6
6
17
31
78
109
128
145
153
119
99
79
42
26
16
16
22
17
16
45
54
43
39
76
86
75
50
28
21
23
19
10
5
2
25
44
29
46
102
151
198
196
196
173
111
72
49
32
82
87
66
68
70
42
38
40
27
4
51
58
65
196
341
421
420
386
282
193
122
78
46
25
3
2
6
16
6
0
4
3
7
24
22
9
16
50
116
162
212
242
219
160
80
47
49
116
285
395
475
463
434
432
417
345
190
65
52
72
59
24
29
71
108
125
162
140
134
115
126
186
269
349
379
376
419
624
876
1107
1489
2057
2622
3094
3196
3071
3110
2735
2873
3001
2962
2768
2133
1366
747
564
491
931
1865
2500
2876
3082
3030
2807
2441
2632
2520
2322
2272
2033
1580
1110
706
515
539
604
645
673
712
766
699
594
571
596
632
598
527
478
423
357
300
266
288
365
417
325
203
108
60
30
30
17
14
18
4
0
3
21
45
61
46
27
28
28
17
19
27
31
29
19
64
143
327
481
509
535
598
587
514
364
381
478
503
531
455
359
348
452
502
503
993
251
171
98
70
55
55
22
18
35
24
22
20
22
2
5
19
1
0
0
0
1
2
2
0
5
27
12
10
8
6
7
16
16
10
12
15
16
0
0
0
0
0
0
0
0
0
0
0
0
1
2
7
6
9
8
6
2
1
6
7
10
8
8
15
21
65
13
19
84
161
154
99
35
3
2
10
16
8
8
3
1
0
0
0
0
0
1
0
0
0
0
0
0
0
0
2
0
0
0
0
1
0
0
0
2
0
0
2
19
126
309
609
1151
1811
2505
3432
3992
4244
4448
4424
4883
5221
5235
5051
4605
4201
3701
3202
2533
1919
1357
847
589
547
645
571
625
1649
2887
3952
4752
5335
5561
5551
5808
5914
5999
6070
5515
4911
4441
3604
3070
2641
2195
1683
1304
938
399
137
461
735
918
961
1019
938
805
815
930
1075
1429
1718
1849
1793
1580
1238
777
240
78
579
770
770
617
243
115
170
180
177
154
90
42
2
16
56
55
49
62
140
220
205
154
170
221
358
434
314
305
417
246
100
200
475
849
1184
1287
1318
1258
1147
1054
1011
857
852
871
846
908
850
698
395
167
73
82
109
97
104
21
77
71
127
79
30
71
20
28
65
55
59
75
99
66
49
29
32
52
41
22
30
93
180
328
370
414
411
366
326
405
421
504
571
659
808
982
1231
1676
1792
1781
1978
2078
2156
2414
2598
2733
2817
2784
2629
2694
2597
2344
2018
1651
1381
1217
1192
1278
1331
1343
1006
407
431
401
349
440
631
583
551
464
362
225
97
23
5
4
21
36
39
42
35
40
43
60
26
17
12
9
8
8
6
3
0
1
0
0
0
5
28
42
23
6
34
97
145
157
101
30
4
14
10
8
7
2
4
1
2
4
2
0
1
2
1
2
2
1
0
0
0
0
0
4
0
0
0
0
0
0
0
0
0
0
1
1
0
0
0
0
0
0
0
0
0
0
0
0
2
11
32
80
105
83
53
20
9
2
0
0
0
0
0
0
1
0
0
0
0
0
0
0
0
0
0
1
5
22
86
120
92
85
55
38
19
8
7
9
4
7
8
7
8
0
0
0
0
0
0
0
0
0
1
0
1
0
5
4
1
5
2
5
5
6
4
0
1
1
0
0
4
2
0
0
0
1
1
0
0
0
2
21
0
0
2
3
5
1
0
2
2
0
0
0
8
14
9
8
17
11
2
0
0
0
0
0
9
2
24
60
100
147
203
272
273
238
198
114
62
60
71
62
71
46
42
28
21
13
6
0
1
0
0
0
2
9
35
63
106
132
115
84
49
22
5
0
5
4
8
2
1
0
0
1
1
0
0
0
0
0
0
1
1
0
7
12
8
0
0
0
3
15
15
4
3
0
2
1
0
0
0
0
0
0
0
0
0
2
12
6
1
2
10
20
43
80
114
107
110
76
31
5
0
0
0
0
0
0
2
11
18
19
12
11
3
0
0
0
0
3
2
0
0
0
0
0
0
0
0
0
0
0
0
0
0
0
0
0
0
0
0
0
0
0
0
1
0
0
0
0
0
0
0
0
0
0
0
0
0
0
0
0
1
0
3
1
0
0
0
1
0
0
0
0
0
0
0
1
0
1
1
7
6
5
7
5
3
1
0
0
2
2
3
42
115
175
341
738
1251
1785
2461
2984
3168
3142
3128
3100
3480
3936
4182
3981
3517
3243
2893
2346
1689
1073
607
269
142
250
404
561
583
391
126
184
37
324
824
1042
1148
1396
1889
2516
2979
3244
3531
3644
3540
3359
3264
3309
3858
3818
3801
3339
2735
1957
1335
1092
869
622
234
117
98
61
37
44
82
94
67
31
37
36
14
10
2
3
8
9
9
14
10
4
0
0
0
0
2
7
13
22
71
126
144
102
80
69
86
72
55
85
134
133
92
73
54
31
5
8
19
25
26
31
24
15
18
12
9
4
6
7
8
5
36
18
20
35
8
15
24
11
26
17
12
30
52
78
117
103
64
38
16
13
17
24
25
15
15
7
6
0
0
0
0
0
0
1
6
1
2
0
0
0
0
2
3
11
11
10
11
14
11
9
15
79
153
154
80
35
16
10
11
3
14
24
25
26
25
22
40
68
66
57
43
44
50
41
31
19
14
5
1
1
1
17
8
32
37
5
6
8
5
3
1
2
0
2
19
32
22
18
37
25
26
27
34
39
29
18
10
5
13
4
3
0
2
0
2
3
10
22
46
67
132
200
232
245
202
198
239
256
262
261
234
219
163
108
62
32
14
18
15
1
2
3
14
8
10
19
17
23
21
19
31
100
220
381
428
355
232
140
148
143
105
72
41
22
25
22
23
7
2
0
0
2
7
9
9
18
18
14
36
132
217
274
268
215
154
115
125
132
93
64
50
31
76
10
13
23
72
120
192
219
264
333
369
368
293
193
118
89
66
50
30
13
15
2
10
38
8
2
15
38
41
27
20
13
2
6
4
7
3
0
0
0
0
5
3
5
12
0
1
0
0
2
2
0
0
1
1
2
4
4
0
0
0
5
9
10
4
4
29
25
46
84
131
215
292
326
279
192
101
76
61
53
55
17
9
18
23
1
1
3
22
21
0
4
7
7
13
12
6
3
0
1
8
26
48
52
21
10
50
58
50
104
182
204
187
150
122
119
95
75
63
112
129
172
161
91
19
19
29
21
12
12
15
19
6
12
22
6
19
27
32
77
81
114
211
410
533
562
630
614
602
527
381
354
367
351
340
369
373
331
331
397
412
388
384
399
392
348
346
276
249
177
114
130
145
166
190
163
122
113
105
102
101
85
56
52
57
61
76
43
24
44
84
58
16
10
4
9
7
7
10
7
3
0
0
5
2
0
1
1
19
8
6
6
17
6
3
2
1
0
7
26
7
3
12
4
3
10
11
11
26
25
34
50
61
35
12
10
5
10
7
0
0
0
1
1
0
0
0
0
0
0
0
18
44
170
319
430
448
391
286
167
82
40
49
54
60
59
59
49
38
31
20
14
16
10
17
23
20
25
24
21
33
38
59
67
53
49
46
46
47
55
75
70
77
66
48
39
32
37
57
80
89
93
74
52
44
53
45
38
45
39
43
64
35
31
32
19
4
4
6
6
4
0
0
0
0
0
3
5
6
6
6
8
7
7
2
0
0
3
9
9
9
8
3
0
0
0
0
0
0
0
0
0
1
0
0
15
19
10
14
14
7
0
0
0
7
16
18
9
6
6
3
0
0
9
45
129
170
135
113
81
114
188
151
97
65
36
42
56
66
54
55
56
49
46
27
35
24
36
27
31
9
7
9
2
5
2
0
23
14
9
11
6
6
0
18
30
25
12
18
18
30
58
80
115
129
109
82
43
35
26
52
52
57
45
32
53
51
32
22
22
17
13
5
0
3
1
3
7
10
14
14
13
9
0
5
11
15
14
5
5
2
0
0
0
0
0
0
0
11
21
157
239
226
176
172
145
150
175
206
208
248
312
343
310
222
190
134
138
89
44
18
16
7
2
15
9
12
19
8
1
7
1
4
8
6
0
0
1
1
0
3
6
8
23
23
18
16
7
0
3
30
38
0
8
20
16
7
0
2
0
0
0
0
20
24
11
9
9
10
18
16
39
25
1
0
0
0
0
0
0
0
4
6
0
0
0
14
19
10
6
8
8
7
1
0
0
1
1
19
19
3
1
6
7
3
0
5
9
7
7
13
14
10
2
0
0
0
4
23
16
1
0
0
2
1
0
14
28
16
3
0
0
0
0
1
5
12
33
117
222
328
268
201
85
38
25
60
75
89
153
208
160
184
211
175
155
108
79
83
84
80
55
69
76
81
79
63
76
92
71
57
35
20
10
1
0
0
0
0
0
0
1
1
2
1
0
1
0
1
1
0
0
0
0
0
0
0
0
0
0
2
4
4
4
5
0
1
0
0
0
2
8
0
0
1
0
0
0
0
0
0
0
0
0
0
0
0
0
9
18
8
13
24
13
11
8
20
41
87
207
354
458
495
524
565
671
790
868
1064
1381
1758
2274
2674
2679
2776
3156
3421
3932
4283
4577
4594
4329
3399
1406
1190
3223
3818
3927
4077
3903
3628
3251
3232
3063
2641
2090
1508
1179
1113
1104
960
772
640
592
580
530
425
292
163
142
195
192
159
113
82
39
14
15
36
84
159
170
191
148
56
29
24
29
58
110
193
228
207
139
91
47
38
28
52
30
1
9
12
11
5
2
5
5
5
0
2
1
1
0
2
9
3
3
34
122
259
334
321
249
127
47
46
142
292
324
291
198
137
93
113
147
145
110
98
92
70
29
8
3
1
1
2
2
2
3
4
7
6
9
14
21
36
47
51
102
182
238
240
213
151
75
36
13
7
6
7
9
22
12
0
4
0
1
0
3
7
15
11
11
24
38
90
181
279
309
232
160
83
57
49
7
10
28
26
7
12
6
27
38
29
3
5
4
9
25
59
119
125
131
106
101
62
29
29
37
42
45
33
5
5
27
26
19
18
8
4
3
11
2
0
1
5
14
18
28
26
21
37
55
53
51
48
55
36
23
13
3
7
4
10
4
36
39
16
0
8
0
0
12
23
10
3
4
0
32
39
13
1
8
6
0
1
4
1
0
2
0
2
1
0
1
0
3
4
7
5
9
88
120
102
69
71
78
66
49
36
24
11
3
0
1
0
0
0
0
12
8
18
33
58
105
126
123
104
67
29
9
9
1
0
0
2
0
1
0
0
2
0
18
26
0
1
0
0
7
30
143
183
40
5
1
0
2
2
5
24
44
36
17
12
32
22
3
12
2
0
0
0
2
7
0
0
3
11
0
9
5
0
0
4
0
0
0
0
3
1
8
10
2
0
8
0
7
6
2
2
25
22
9
14
11
21
8
4
0
3
1
4
7
0
0
15
4
2
0
0
14
46
10
12
30
40
18
1
9
15
14
7
2
0
0
0
0
1
0
0
10
0
0
0
3
0
0
0
0
0
0
7
18
35
49
56
65
50
36
14
14
5
0
0
0
0
1
2
0
2
2
5
21
17
11
17
68
120
114
96
109
139
114
103
74
48
29
8
1
0
6
12
13
34
142
366
519
562
535
436
297
196
86
22
10
4
5
6
1
1
0
0
0
0
2
4
7
12
0
0
0
0
0
13
36
37
27
1
2
0
41
48
118
173
204
190
200
218
186
141
67
87
80
67
72
104
159
174
150
116
71
46
29
21
7
1
8
13
49
43
18
17
5
13
48
98
197
275
328
303
220
150
81
42
21
7
2
6
5
5
0
0
0
0
0
2
0
1
7
24
47
142
223
238
206
137
46
3
16
24
16
15
2
0
4
11
36
100
195
218
209
177
134
125
98
80
51
32
17
14
6
7
5
4
3
2
4
2
5
0
2
14
52
115
175
190
157
103
62
45
10
15
18
11
0
10
3
2
24
126
146
125
106
81
24
10
5
4
6
4
15
37
48
71
128
192
272
241
168
128
75
52
23
19
5
7
1
1
6
10
6
2
0
0
1
19
12
9
11
9
7
13
21
14
14
13
8
15
11
2
1
10
3
6
6
11
20
16
19
17
17
12
12
13
33
33
14
18
11
12
11
2
2
0
5
0
0
0
0
0
0
0
0
0
0
0
0
0
0
0
0
0
0
0
0
0
0
0
0
0
3
2
8
6
7
6
6
0
8
15
13
10
11
6
1
2
0
0
0
0
1
0
0
0
0
1
4
17
20
16
17
18
16
47
35
28
32
14
197
7
6
2
9
4
7
6
3
21
20
21
24
16
6
2
16
10
8
2
1
0
0
0
3
4
3
7
10
7
7
16
6
7
7
3
2
3
4
0
0
2
7
6
5
3
2
4
7
2
0
0
0
0
0
1
3
4
4
11
18
21
12
5
0
1
0
8
12
14
8
4
2
0
0
0
0
0
0
0
0
0
1
2
1
1
1
1
4
3
3
0
1
0
3
11
10
7
19
19
23
26
28
25
29
23
24
19
23
32
31
17
24
7
3
5
4
1
0
1
19
40
178
314
496
582
677
1023
1494
1860
2307
2650
3175
3517
3921
4032
4216
4228
4189
4236
4009
3855
3778
3806
3823
3651
3210
2766
2227
1690
1262
955
718
601
386
235
346
554
754
853
875
772
638
626
666
677
394
325
638
1196
1766
2051
2174
2371
2155
1863
1665
1445
1354
1279
1305
1337
1201
942
582
222
45
92
96
94
41
22
34
60
81
98
166
373
523
603
653
723
766
869
810
638
337
117
23
7
6
6
9
3
2
1
13
13
11
9
18
17
4
0
10
22
16
14
13
11
8
0
0
0
0
1
0
52
275
529
614
545
322
108
45
62
224
319
322
220
63
78
132
124
58
50
50
46
68
103
240
315
280
391
630
815
909
859
566
194
26
92
199
225
211
255
407
631
625
324
168
163
153
113
146
182
179
147
93
48
34
24
17
8
5
2
1
1
0
0
0
2
3
7
9
8
7
4
3
9
19
9
0
14
20
13
17
10
17
27
51
79
95
86
56
28
15
4
2
11
3
2
7
14
13
11
6
1
0
4
7
26
29
8
10
18
13
3
11
18
16
19
34
35
36
28
26
26
4
4
4
3
2
0
0
0
0
0
3
0
1
0
0
0
0
13
24
7
136
358
620
902
1293
1532
1687
1823
1858
1959
2263
2634
2930
3033
2835
2506
2344
2547
2836
2685
2304
2144
1873
1503
1055
1060
1688
2306
2819
3101
3335
3479
3591
3471
3341
3453
3294
2860
2859
2869
2861
2785
2721
2619
2404
2301
2146
1914
1785
1839
2041
2168
2216
1944
1319
1093
916
707
582
292
110
137
80
75
153
291
529
477
196
121
104
52
20
10
31
96
170
187
175
157
124
172
217
218
239
195
189
158
101
54
37
20
1
0
0
0
1
2
12
17
28
46
57
53
26
13
17
12
14
9
6
0
1
0
1
0
0
3
0
6
2
4
8
6
9
6
2
6
4
0
3
3
4
1
0
0
0
0
0
0
0
0
0
0
0
4
8
10
7
2
0
0
8
14
8
9
10
17
10
13
10
10
16
18
20
15
14
7
4
10
13
7
9
9
1
2
0
1
4
5
6
5
2
3
16
52
40
10
0
9
19
18
3
35
59
38
6
0
12
10
0
2
5
1
0
0
5
11
7
7
2
3
3
1
0
0
0
0
0
0
0
0
4
4
7
5
6
6
5
9
7
0
0
0
0
1
0
2
1
2
1
0
0
0
9
19
18
22
28
11
2
0
0
0
0
0
0
0
0
0
0
0
0
0
0
0
0
6
7
8
8
6
6
1
0
5
9
21
31
33
27
26
12
9
2
1
7
8
9
11
9
8
16
10
6
2
0
3
10
10
7
3
2
0
0
0
0
0
1
0
0
1
0
0
2
5
12
6
5
1
0
4
8
10
9
5
4
0
0
0
0
0
0
0
0
0
0
0
0
0
9
9
10
16
8
1
0
1
6
8
11
10
10
5
3
0
0
0
1
2
3
2
0
3
7
10
15
8
3
0
0
0
0
9
8
6
8
8
10
7
0
0
0
0
0
0
0
4
6
17
5
6
6
2
3
3
9
9
7
7
6
3
4
1
0
0
0
0
0
0
0
0
0
0
0
0
0
0
0
0
0
3
7
8
5
0
1
0
3
4
2
3
3
4
2
0
0
0
1
0
0
0
0
0
0
0
0
4
18
8
13
6
8
5
0
0
0
0
4
5
5
6
4
5
3
0
0
0
0
0
0
0
14
42
65
89
93
87
70
35
8
2
0
5
5
6
12
10
7
2
8
13
19
14
9
5
7
9
4
3
1
0
0
0
0
0
0
0
0
0
0
0
0
0
0
0
4
1
2
5
6
14
26
24
7
0
0
5
14
20
13
10
9
3
0
0
0
0
0
0
0
0
0
0
1
1
3
6
3
0
0
0
0
4
8
4
0
0
3
5
6
2
2
0
0
0
0
0
0
0
1
1
34
79
36
10
2
6
6
1
4
6
1
0
0
0
11
2
0
0
0
0
0
0
0
0
0
0
0
0
0
0
0
0
0
0
0
0
0
0
0
0
0
0
0
0
0
0
0
0
2
10
5
7
5
5
0
0
0
0
0
0
2
0
0
1
0
0
0
0
0
7
11
11
7
5
4
16
11
4
1
0
0
4
0
0
0
0
0
0
0
0
0
0
4
3
11
42
169
208
97
50
58
88
135
111
67
51
63
55
34
24
19
17
4
13
20
12
7
17
13
9
18
20
20
12
16
16
10
10
14
12
16
14
17
9
2
2
2
6
1
1
0
0
2
10
18
21
24
19
17
8
8
9
4
3
7
5
0
0
0
0
0
1
4
7
23
48
65
49
21
5
2
9
7
5
17
21
4
37
16
0
4
3
0
0
1
0
0
0
0
0
0
0
0
0
0
0
0
8
16
13
0
1
10
6
2
7
18
48
62
36
21
7
10
24
16
9
4
0
0
0
0
0
0
0
0
0
0
0
0
0
0
1
3
1
1
43
58
12
56
65
32
11
21
35
38
34
19
10
6
1
19
45
28
24
30
26
8
21
50
37
36
35
21
12
12
8
10
7
3
50
113
83
46
14
7
41
32
79
144
178
252
413
1157
2031
2419
2786
3365
3727
3799
3966
3765
3503
3027
2730
2743
2982
3038
3155
2949
2700
2398
2273
1871
1584
1257
1038
708
440
372
399
463
649
985
1618
2343
3025
3407
3401
3024
2206
1570
1193
1100
1231
1468
1745
2022
2325
2817
3024
2776
2469
2445
2637
2941
3472
3668
3263
2772
1858
784
978
1482
1497
945
562
500
577
700
699
717
879
1132
1354
1549
1739
1823
1827
1738
1556
1345
1129
896
601
385
240
288
389
510
521
477
504
623
733
749
758
725
641
541
374
166
68
108
108
93
59
50
83
85
103
72
37
18
86
188
278
326
323
336
326
314
310
302
299
306
288
256
198
145
85
35
39
66
61
156
369
670
928
1130
1527
1476
1414
1480
1358
1125
1329
1371
1408
1186
872
744
722
718
633
380
365
364
410
345
202
98
66
61
39
24
66
141
157
233
287
287
296
244
229
201
172
214
263
314
377
378
375
424
456
472
454
389
205
60
62
81
74
52
25
9
20
45
16
3
29
81
115
118
95
73
73
80
108
151
162
157
137
172
213
205
178
147
112
23
15
30
53
75
72
44
29
67
108
141
143
85
41
33
22
35
59
68
73
186
491
1063
1620
1929
2223
2130
1771
1541
1305
963
636
623
654
595
578
620
704
628
514
518
538
476
433
433
439
459
503
501
512
521
505
520
467
321
198
167
132
125
152
180
171
123
145
131
44
31
22
19
20
28
44
32
7
22
40
53
43
27
14
45
87
208
657
302
231
322
610
681
717
749
698
573
451
316
310
217
218
204
187
146
118
132
270
389
486
564
519
405
240
128
101
105
133
171
184
139
93
92
57
62
70
65
106
95
53
54
75
71
46
50
82
26
16
11
43
91
82
38
55
73
101
197
324
453
615
728
777
763
715
664
651
689
760
715
685
638
470
294
158
37
14
40
55
82
126
84
49
45
46
33
9
16
27
54
209
418
490
494
447
338
175
43
8
6
3
12
10
21
73
277
434
451
414
343
303
193
66
12
6
10
27
30
33
29
21
22
20
21
32
34
37
52
48
27
53
85
197
265
245
140
36
38
89
67
32
67
161
249
236
158
61
5
13
85
62
39
27
30
38
32
4
1
4
3
7
5
1
1
1
1
1
5
4
1
7
3
7
4
0
0
0
0
1
2
3
5
10
12
19
13
17
10
15
22
32
47
37
31
18
10
15
33
106
159
238
385
505
608
683
674
650
594
521
313
109
45
69
71
140
207
226
193
93
63
36
15
13
24
15
15
40
33
9
19
18
16
14
8
0
4
10
12
18
29
46
68
73
71
30
9
14
9
15
5
7
9
8
9
9
11
10
3
1
1
4
1
0
4
27
87
138
205
251
235
206
178
109
86
60
39
38
28
24
15
27
26
4
7
11
60
93
97
154
198
212
203
208
156
167
208
208
176
151
97
89
245
416
555
638
740
712
539
402
289
206
193
134
106
125
228
232
264
254
159
139
104
123
140
124
95
85
78
57
12
12
23
63
133
156
138
121
89
67
60
47
16
4
7
7
28
51
56
45
34
24
17
6
4
22
48
44
42
48
38
45
67
111
106
74
47
30
20
22
29
26
24
24
14
3
3
1
5
4
1
0
0
0
0
0
0
0
0
0
0
0
0
0
0
0
0
0
0
0
0
0
0
0
0
4
8
16
13
35
133
197
208
487
673
117
125
619
849
679
294
204
231
205
168
94
68
63
37
11
8
4
6
4
2
0
0
3
4
8
2
1
0
1
0
0
0
0
0
2
0
0
0
1
0
0
0
0
0
0
0
1
0
0
0
0
0
0
0
2
0
1
0
2
8
10
13
13
10
0
1
5
5
0
0
4
7
8
5
0
0
0
0
0
0
1
9
15
27
72
13
5
2
7
11
12
14
23
23
38
58
90
94
62
41
14
3
21
6
1
1
1
6
5
2
5
15
22
34
44
44
43
35
23
19
17
15
17
33
39
35
32
31
30
11
22
50
77
46
11
123
276
282
206
67
22
15
36
45
52
31
40
29
46
55
70
82
59
69
87
106
133
153
128
99
60
47
24
47
48
57
54
50
51
39
13
23
91
69
5
51
60
36
44
101
72
29
28
12
10
9
14
19
21
14
8
18
40
88
183
317
385
393
321
233
127
48
10
13
27
10
12
26
51
52
69
138
105
78
110
253
307
288
243
182
128
125
98
53
41
97
114
90
72
36
29
17
15
15
20
25
29
25
21
8
1
7
6
15
20
22
9
9
30
49
63
50
30
12
3
3
8
15
13
2
0
6
12
8
3
1
4
13
15
24
11
6
6
2
1
4
13
19
28
25
23
14
1
1
0
4
14
38
75
74
61
31
8
4
9
15
18
23
18
48
42
20
40
29
23
20
3
2
13
18
19
16
16
11
15
16
20
14
7
5
0
4
15
22
16
19
10
11
13
14
20
32
55
46
28
11
14
14
39
41
24
21
16
6
2
2
0
0
0
0
0
2
2
14
26
20
17
27
70
224
199
96
71
80
23
16
24
40
8
55
76
88
49
28
9
13
15
13
6
13
4
0
17
2
4
37
44
4
27
70
78
48
22
10
1
1
10
11
5
2
0
11
44
29
9
7
4
6
22
58
107
44
7
90
225
168
43
3
4
1
4
2
16
21
18
17
12
3
2
1
1
6
9
16
10
2
4
7
3
17
8
7
20
16
2
0
4
14
54
136
258
321
299
240
132
54
35
23
8
18
7
12
23
14
2
4
4
0
1
4
4
19
37
60
66
59
38
31
31
20
20
30
41
22
46
37
15
7
9
19
19
22
15
16
16
9
4
6
8
8
2
37
122
234
294
236
121
49
8
6
2
1
8
14
15
18
41
78
134
150
161
138
92
71
78
116
120
97
92
89
122
95
82
107
150
95
77
100
61
34
32
27
36
26
16
18
19
15
15
9
0
1
3
6
6
12
9
5
2
9
14
14
15
4
0
0
0
21
62
126
194
231
192
127
66
35
20
15
9
15
43
70
70
84
368
290
288
235
169
112
81
80
107
97
85
71
56
39
23
32
23
32
38
36
19
20
25
10
7
3
11
11
27
34
54
43
25
54
79
120
236
370
449
480
684
895
1003
954
953
953
886
582
210
105
78
80
76
79
61
52
56
70
74
80
88
57
47
53
47
35
43
29
26
16
5
12
23
69
71
84
99
109
82
65
73
98
123
104
99
94
108
142
134
86
37
10
14
18
6
3
4
6
9
13
11
11
18
22
29
40
16
10
3
9
20
41
61
71
73
87
73
47
1
12
42
45
51
56
46
18
6
11
13
12
11
7
0
1
10
8
9
12
2
0
2
12
12
11
15
5
11
24
19
6
11
9
15
18
22
16
16
11
2
4
6
8
2
1
0
0
0
4
8
5
2
4
3
2
0
1
0
0
1
1
0
2
4
15
0
2
4
0
0
0
3
5
7
10
10
5
3
5
9
9
18
15
8
13
9
6
3
7
14
28
44
79
92
118
158
166
109
100
54
10
22
24
50
33
13
37
40
51
66
90
88
66
51
35
26
53
72
87
87
73
60
47
33
16
3
17
17
10
6
5
0
1
0
4
8
33
34
58
47
60
61
66
52
71
169
321
379
384
319
179
121
175
163
121
135
152
189
284
319
262
223
112
13
10
19
27
103
219
382
351
273
242
260
366
309
256
213
156
116
129
142
209
413
407
402
502
650
646
543
303
238
140
84
68
61
65
62
54
53
46
33
59
64
178
33
17
12
30
56
75
121
89
90
76
73
74
61
60
43
26
48
48
36
24
15
22
91
160
190
216
236
174
138
95
53
22
9
9
6
14
28
34
20
29
45
64
64
56
29
14
9
9
1
0
0
4
7
5
11
13
12
32
39
36
23
20
14
4
0
0
0
3
4
3
1
1
0
0
0
1
0
3
2
1
0
0
6
0
1
0
1
0
0
0
4
18
39
55
48
35
10
1
1
0
1
0
0
0
0
0
0
0
0
0
5
0
0
0
0
0
0
0
0
0
0
0
0
0
0
0
0
0
0
0
0
0
0
0
0
0
0
0
0
0
0
0
0
3
0
1
1
1
0
0
0
0
0
0
0
0
0
0
0
0
0
0
0
0
0
0
0
0
0
0
0
0
0
0
0
1
2
0
0
0
0
0
0
0
0
1
2
0
0
0
0
0
0
0
0
0
0
0
0
0
0
0
0
0
0
0
0
0
0
0
0
0
0
0
0
0
0
0
0
0
0
0
0
0
0
0
0
0
0
0
0
0
0
0
0
0
0
0
0
0
0
0
0
0
0
1
2
0
0
0
0
0
0
0
0
0
0
0
0
0
0
0
0
0
0
0
0
0
0
0
0
0
0
0
0
0
0
0
0
0
0
0
0
0
0
0
0
0
0
0
0
0
0
0
0
0
0
0
0
0
0
0
0
0
0
0
1
1
0
0
0
0
0
0
1
0
0
0
0
0
0
0
0
0
0
0
0
0
0
0
0
0
0
0
0
0
0
0
0
1
0
0
0
0
0
0
0
2
0
0
2
0
0
0
0
0
2
3
5
10
9
14
8
4
0
0
0
0
0
0
1
0
0
0
0
0
1
4
6
5
0
12
50
47
12
16
33
40
21
11
1
0
0
1
0
0
1
0
0
0
0
0
0
0
0
0
0
0
0
0
0
0
0
0
0
0
1
0
2
0
1
0
0
0
0
0
0
0
0
0
0
0
0
0
3
0
0
0
0
0
0
0
0
0
0
0
0
0
0
0
0
0
0
0
0
0
0
0
0
0
0
0
0
0
0
1
2
7
1
0
0
0
0
0
3
8
9
0
0
0
0
0
0
0
1
4
2
0
0
0
0
1
2
5
7
4
0
1
0
2
4
6
8
14
21
9
1
10
2
0
0
0
0
0
0
0
0
0
1
0
0
1
0
0
4
4
5
5
1
0
0
1
3
5
5
7
9
16
23
35
21
13
7
10
8
9
3
6
0
2
1
6
5
5
4
9
14
10
5
3
2
3
1
1
0
0
3
3
1
0
0
3
5
6
13
14
8
4
1
2
4
1
1
0
0
0
0
0
0
0
0
0
5
6
10
11
19
4
8
9
10
14
5
1
1
3
0
0
0
1
4
4
0
1
11
10
11
8
0
4
8
6
7
8
6
5
2
0
0
0
0
0
0
0
0
0
0
0
0
0
0
0
2
1
4
10
13
18
23
155
340
584
915
1170
937
669
769
787
638
498
324
197
173
121
97
94
206
248
282
336
411
461
525
558
601
645
1288
688
613
588
537
462
411
332
237
150
93
44
41
27
5
14
38
62
42
26
15
59
58
78
50
45
55
31
24
37
25
26
15
16
18
24
19
4
38
39
85
204
290
275
297
278
248
193
190
136
83
47
45
43
40
74
39
6
12
24
32
26
19
18
16
15
21
50
97
236
300
250
241
141
111
120
72
20
44
60
27
25
22
19
10
7
5
6
0
2
1
12
6
6
16
2
0
0
0
0
0
3
4
6
11
17
22
20
29
4
0
8
12
18
12
20
21
8
5
0
0
0
0
0
0
0
0
0
0
0
17
12
0
21
42
5
0
5
11
9
1
0
0
10
7
5
16
27
37
32
13
7
4
21
36
32
5
3
15
39
44
33
19
12
4
13
13
9
9
2
1
1
3
10
20
8
2
1
3
3
2
1
3
0
0
0
0
0
0
0
0
0
0
0
0
1
0
0
0
0
1
1
4
2
0
0
4
4
0
0
1
0
0
0
0
0
2
0
4
3
1
7
5
5
13
48
74
29
102
106
176
489
884
1127
1434
1726
1916
2310
2446
2489
2749
2854
3283
3448
3494
3295
2889
2211
1616
1294
1037
839
655
171
538
1062
1419
1735
2046
2459
2606
2288
1431
987
947
1082
1469
1789
1899
2032
2389
2646
2800
3128
3373
3501
3335
2996
2581
2339
2601
2725
2589
2457
2220
1963
1761
1607
1403
1007
567
502
499
416
307
169
81
115
77
156
308
198
119
115
90
118
106
177
292
376
410
401
340
279
174
68
33
20
26
25
4
9
11
10
20
34
46
34
18
24
17
15
8
10
16
24
23
19
7
38
40
18
22
32
17
4
17
28
18
17
7
9
6
9
13
10
15
15
29
11
7
7
2
0
3
6
5
0
0
0
0
0
2
0
4
5
8
3
3
2
0
1
0
0
0
0
1
1
0
0
12
5
5
1
1
0
3
1
1
5
4
2
0
0
4
0
0
2
4
0
0
0
0
1
0
0
0
0
8
15
10
0
0
0
0
3
43
49
24
29
13
0
0
0
0
0
0
0
0
0
1
1
9
24
56
49
29
2
9
65
42
1
19
30
4
16
61
68
91
60
87
94
68
45
64
39
65
107
180
134
93
42
41
58
41
35
21
23
42
36
18
59
69
88
87
132
205
433
777
793
566
454
318
163
100
109
192
319
410
393
679
196
280
417
402
406
409
269
164
90
194
276
282
287
253
200
128
90
41
44
135
187
137
43
21
77
182
386
724
1162
1718
2213
2589
2944
3248
3418
3363
3271
3151
3036
2894
2629
2374
2025
1597
975
588
471
763
928
922
951
1072
1275
1689
2080
2269
2060
1256
552
459
1046
1510
1730
1914
2082
2247
2518
2975
3324
3300
3089
2652
1983
1557
1133
772
577
478
441
436
529
632
718
634
485
292
203
223
309
428
405
404
550
714
780
678
344
134
238
279
213
188
276
456
616
655
517
392
449
328
442
597
576
350
223
178
195
174
110
103
121
101
66
76
136
222
410
580
772
925
1106
1368
1714
1676
1606
1857
2118
2073
1847
1652
1566
1535
1427
1047
566
266
324
571
854
689
518
568
718
1085
911
710
760
708
317
222
729
1572
1772
1648
1632
1525
1382
1242
1084
1039
1147
1125
1098
999
854
694
468
187
36
34
34
36
32
48
43
71
81
49
23
3
0
2
19
31
27
8
9
1
1
23
32
46
45
11
2
7
38
86
139
195
143
35
10
100
103
46
28
77
124
136
148
601
908
553
210
334
570
661
708
841
909
1128
1419
1669
1863
2050
2143
2197
2354
2554
3031
3316
3021
2539
1705
720
1239
1820
2263
3535
3905
3651
3814
3658
3122
2717
2505
2191
1963
1852
1645
1303
1077
891
510
219
167
197
197
227
287
277
283
241
244
207
121
66
49
51
68
71
24
14
20
8
4
1
3
16
19
19
15
42
168
590
1184
1476
1552
1577
1456
1272
953
562
381
268
709
1283
1668
2032
2197
2215
2274
2141
2021
1681
1448
1443
1339
1134
805
230
61
337
512
532
664
694
671
515
489
756
808
657
412
384
452
461
415
343
258
211
100
70
79
95
108
186
227
217
119
52
28
11
8
4
18
41
33
28
24
23
32
53
85
118
141
195
186
196
100
96
91
63
38
67
75
50
24
15
25
35
56
52
42
94
96
110
80
52
21
17
45
60
36
11
53
94
87
70
54
82
92
78
69
112
109
97
71
49
114
199
344
550
814
732
411
320
307
258
257
249
230
183
176
176
161
128
41
7
7
23
37
49
44
23
17
36
24
6
1
1
5
6
10
24
32
48
48
40
22
2
1
0
0
1
0
9
6
3
14
32
27
16
29
33
21
18
10
1
0
1
5
0
14
11
0
8
6
1
1
13
16
2
1
1
116
192
148
59
36
77
58
26
1
0
5
7
2
16
0
0
1
16
8
8
6
11
5
0
0
0
0
1
0
0
7
16
12
6
10
46
67
47
17
34
49
48
23
11
5
2
2
11
34
67
92
52
41
37
20
6
6
5
14
12
13
20
17
18
30
45
25
18
31
10
7
1
0
0
1
1
12
20
40
118
319
484
549
545
476
365
219
148
91
102
108
107
98
104
71
98
231
462
532
505
370
268
155
140
215
215
259
288
315
271
195
159
180
212
257
382
509
596
640
701
800
679
499
393
310
163
91
74
80
40
34
26
13
26
38
40
60
58
24
13
88
59
28
52
29
22
14
28
69
202
297
310
215
107
66
76
57
37
26
30
28
17
67
10
20
6
4
40
78
73
46
38
10
0
1
10
17
7
9
14
0
0
0
76
32
32
40
0
32
37
15
6
0
0
0
0
1
0
0
3
1
0
4
3
3
9
8
46
39
31
25
6
24
22
9
0
0
0
0
0
0
0
0
1
0
0
0
0
1
2
2
8
37
14
86
40
68
58
12
16
0
0
0
0
0
0
0
0
0
0
4
5
0
3
10
65
21
52
70
5
4
7
0
0
0
0
0
2
3
0
6
19
0
0
0
20
23
10
62
38
39
12
0
4
1
0
0
0
0
0
0
0
0
0
0
0
0
0
1
5
42
0
26
25
0
0
0
0
9
6
0
0
0
0
0
0
1
1
2
2
8
1
3
8
7
0
0
0
0
0
2
1
4
6
4
4
16
19
19
5
1
1
17
93
38
40
41
2
3
0
1
1
2
3
4
6
9
17
35
40
42
124
124
198
329
372
369
283
244
152
82
65
53
106
145
119
132
130
105
95
60
48
82
108
34
98
40
32
57
67
38
49
26
6
2
0
15
25
8
54
123
230
259
189
143
155
145
111
84
32
30
32
33
25
21
37
33
35
41
47
40
35
37
24
39
43
35
46
23
18
19
21
11
8
6
6
8
141
443
929
1353
2087
2891
3215
3891
4695
5046
4875
4249
3764
3350
2844
2243
1557
413
1115
1746
2092
2338
2553
2495
2237
1864
1934
2136
2275
2607
2834
2869
3037
3103
2868
2438
2035
1793
1626
1510
1561
1123
752
397
213
141
373
695
839
836
770
762
767
711
622
563
520
476
417
311
275
261
209
170
154
132
119
84
74
51
32
26
28
19
12
27
134
34
58
55
40
45
45
24
2
2
1
2
6
7
7
6
2
4
2
4
8
12
20
22
12
16
9
7
6
8
10
8
4
2
3
9
20
15
23
15
21
16
16
4
5
0
0
1
2
7
2
3
4
4
11
27
53
88
138
144
113
75
99
100
26
8
8
3
16
8
1
7
5
7
4
7
0
2
20
44
51
82
77
70
62
53
37
47
46
68
70
54
55
66
51
39
32
50
76
104
166
208
204
161
83
22
9
6
3
3
0
0
0
0
0
0
0
0
1
5
17
23
39
43
20
24
14
3
3
2
1
1
1
0
2
0
0
0
2
7
5
4
6
8
33
58
98
131
185
209
213
184
142
77
10
61
141
163
205
175
95
62
58
59
41
20
0
1
10
22
31
16
5
0
9
14
3
3
12
51
125
146
169
108
79
47
24
17
18
14
23
36
63
53
24
10
1
0
2
1
0
0
0
0
0
0
0
0
0
0
2
14
8
3
0
0
0
3
45
79
59
29
9
0
0
0
1
13
25
5
0
16
42
43
44
50
11
1
5
23
23
10
2
2
26
39
45
35
0
0
6
20
19
0
1
17
63
48
23
2
4
15
21
8
4
10
16
129
653
1184
1463
1237
1562
2454
3057
3331
3401
3658
3896
3775
3491
3246
3302
3530
3583
3613
3237
2537
1905
1271
678
298
133
138
165
305
800
1550
2277
3079
3362
3440
3376
3133
3312
3505
3807
3873
3681
3454
3048
2782
2453
2256
2036
1740
1630
1499
1246
1057
824
486
234
141
124
214
464
669
783
836
1056
1063
1015
1345
1723
1673
1332
733
315
860
1641
1934
1755
1756
1862
1961
2017
2018
2078
2265
2418
2383
1834
1192
636
107
170
205
48
48
265
302
295
233
84
100
111
80
36
15
5
1
3
0
0
0
2
0
0
0
0
0
0
0
0
0
1
0
0
0
0
0
0
0
0
0
0
0
0
0
0
0
0
0
0
0
0
0
0
0
0
0
0
0
0
3
0
0
3
4
0
0
0
0
0
0
0
0
0
0
0
0
0
0
0
5
10
25
24
17
11
3
0
4
2
1
0
1
0
1
0
0
0
0
0
2
0
0
2
2
0
0
0
0
0
0
0
0
0
0
0
0
0
0
0
2
3
0
0
0
2
2
0
0
0
0
0
0
0
0
0
0
0
0
0
0
0
0
0
0
0
0
0
0
0
0
0
0
0
0
0
0
0
0
0
1
135
565
679
744
624
383
101
0
2
55
139
75
28
40
3
38
26
4
1
2
8
2
0
1
1
5
14
27
37
46
42
32
9
4
1
1
1
1
0
0
0
0
1
0
0
0
0
38
25
3
0
0
0
0
0
0
0
0
0
0
0
0
0
4
0
0
0
0
3
10
27
20
22
2
1
1
0
2
2
1
1
0
0
0
26
8
3
12
23
29
19
14
33
22
2
4
0
0
0
0
0
0
0
1
5
3
1
3
0
7
15
3
0
0
0
0
0
0
0
0
0
5
11
2
27
45
43
9
1
6
0
0
0
0
0
0
0
0
0
2
0
0
0
2
11
0
2
45
60
25
0
1
17
27
26
6
0
0
0
0
0
2
0
0
0
0
0
0
0
3
11
11
0
12
0
0
0
0
0
1
1
0
0
0
2
6
0
0
33
14
0
0
0
0
0
0
0
0
1
2
2
2
1
0
2
0
0
0
0
0
0
0
0
0
0
0
4
0
0
1
0
0
0
0
0
2
0
0
0
0
0
0
0
1
0
1
0
1
0
2
3
0
0
0
0
0
0
0
0
0
0
0
0
0
0
0
0
0
2
4
3
4
2
2
0
3
9
6
25
8
1
0
0
0
0
0
0
0
3
4
22
6
2
0
0
6
5
13
23
10
0
0
4
0
0
0
0
0
2
4
2
0
0
1
3
0
0
0
0
0
0
0
0
9
17
3
2
2
2
0
5
3
1
0
4
1
0
2
0
6
0
0
1
2
1
0
0
0
2
1
0
0
0
0
0
0
4
2
0
0
0
1
0
0
0
0
0
0
0
0
0
0
20
39
22
0
30
37
15
1
0
0
1
0
0
13
30
5
12
8
0
3
25
12
0
0
0
6
3
0
0
0
0
0
0
0
0
0
0
0
0
0
10
6
5
10
18
7
1
0
0
0
0
0
0
0
0
0
1
5
24
10
2
6
6
1
1
0
0
2
7
15
9
1
11
14
0
0
0
1
1
52
35
19
68
33
0
0
0
1
0
1
3
18
36
37
34
20
14
1
2
0
0
0
0
0
4
25
88
109
182
278
380
433
388
368
212
178
428
772
989
1176
1176
1282
2895
1925
1814
1952
2134
2193
2082
2064
2438
2790
2767
2504
2320
1972
1667
1506
1297
1538
1886
1777
1412
962
1779
2858
3618
4024
4149
3944
3610
3385
3219
2831
2273
1585
869
457
268
406
607
758
762
782
690
389
193
244
439
735
756
873
1065
1336
1658
1885
1850
1664
1640
1959
2288
2356
1746
949
707
637
496
631
1021
1099
1274
1574
2010
2203
2138
1866
1597
1523
1409
1288
1247
1229
1318
1099
747
494
617
773
806
748
597
500
411
393
605
690
706
632
476
216
79
56
60
73
85
74
80
111
111
86
60
38
147
341
597
987
1299
1598
1819
2161
2499
2501
2237
2016
1892
1828
1780
1516
1251
1164
1088
992
1038
1134
1271
1397
1125
929
950
936
889
783
716
871
1138
1550
2134
2933
3772
4260
4193
4164
4259
4110
3866
3468
3156
3045
2985
2930
2869
2790
2731
2595
2331
2024
1871
1590
1279
1016
608
314
283
314
364
362
470
864
870
642
324
146
93
155
203
110
56
20
18
11
2
3
9
13
11
6
7
3
0
0
0
2
2
0
1
2
4
6
7
12
7
9
9
11
14
11
21
18
12
9
8
9
2
0
0
0
0
0
0
0
0
2
6
9
12
7
4
1
1
4
5
7
6
7
1
0
0
0
0
2
0
0
0
0
3
5
3
28
165
430
572
602
554
582
1084
1383
950
299
834
1785
1899
1129
605
860
763
569
488
323
156
62
91
149
219
324
429
445
498
464
444
421
415
447
482
466
383
309
231
200
171
149
134
128
110
67
43
6
4
3
0
0
0
0
4
2
5
0
0
6
1
1
8
0
3
3
0
0
0
2
16
35
39
29
9
1
3
5
8
21
4
0
1
3
2
1
3
7
2
4
0
0
1
1
0
1
0
0
0
0
0
0
0
0
0
0
0
0
0
0
0
0
0
0
0
0
0
0
0
2
2
0
1
4
10
2
1
11
6
12
9
8
11
7
2
1
3
2
1
5
7
31
114
229
272
214
151
77
43
32
28
27
17
5
8
17
11
7
6
7
20
56
131
115
61
69
84
201
343
321
201
96
152
144
158
124
23
142
437
465
225
47
25
50
84
63
34
9
4
7
26
34
62
83
97
54
32
54
45
28
21
38
44
68
86
94
84
88
74
64
52
58
47
34
37
18
8
9
10
13
17
4
24
8
9
5
3
12
18
6
1
1
1
0
0
1
0
0
0
0
0
0
0
4
21
6
12
12
20
20
17
10
6
8
33
157
482
1088
1839
2503
3061
3550
3770
3916
3902
3877
3655
3176
2823
2473
2134
1675
1290
969
808
883
997
1159
1272
984
707
835
1339
1888
2350
2667
2997
3278
3691
3990
4374
4598
4373
3607
3119
3046
2755
2304
1584
1043
837
711
1193
1736
2173
2053
1968
2350
2814
3553
4294
5416
6410
6431
6257
6747
6827
6695
6533
6453
5951
5034
4061
4956
5946
6320
6060
5333
4850
4658
4991
5481
5779
5564
4925
4730
4270
4186
3953
3605
2925
2746
2673
2664
2698
2812
2584
2275
1967
1657
1305
1050
752
542
321
163
91
39
20
7
6
16
22
18
55
202
383
586
888
1309
1575
1911
2048
2294
2351
2262
2071
1855
1653
1488
1318
1162
1022
934
1049
1338
1400
1464
1530
1662
1589
1532
1577
1228
777
518
392
195
155
206
346
425
504
592
680
819
1015
1241
1503
1695
1823
1953
2001
2002
1923
1761
1612
1450
1262
1062
814
471
239
95
79
132
242
298
322
499
512
714
1234
1629
1569
1258
897
785
589
457
649
832
1576
2128
2152
1996
1883
1788
1814
1975
1911
1683
1523
1380
1104
662
126
253
464
260
12
48
52
170
321
287
346
528
963
1311
1508
1473
1493
1466
1175
1087
1160
1350
1440
1170
741
220
499
651
460
226
358
339
258
312
397
501
339
175
114
118
121
138
181
167
101
107
164
195
185
190
177
178
169
147
129
91
73
88
97
82
103
80
54
25
12
0
0
0
0
0
0
2
13
3
1
19
18
13
2
2
0
1
11
3
0
0
3
9
42
59
42
63
115
151
258
416
404
531
638
577
562
455
319
187
138
106
8
22
81
104
81
89
70
54
39
13
1
1
1
2
0
0
0
1
0
0
0
0
0
3
9
3
3
4
6
7
1
0
1
1
16
11
0
5
11
6
3
0
9
5
0
1
0
0
0
0
0
0
0
5
12
47
173
275
364
416
425
380
364
338
313
171
80
33
20
9
3
3
3
2
0
0
0
0
0
0
0
1
0
2
0
0
0
8
12
10
13
19
19
16
21
19
24
33
47
53
80
82
96
89
67
63
41
17
12
2
0
1
0
0
1
2
2
3
2
8
4
0
0
2
13
8
2
0
0
0
0
0
0
0
0
0
0
0
0
0
0
0
0
0
0
0
0
0
0
0
0
0
0
0
0
0
0
0
1
1
0
0
0
0
0
0
2
7
4
1
0
4
50
120
222
296
274
220
130
59
17
0
19
5
3
2
1
1
1
2
0
1
0
0
1
2
1
0
0
11
29
68
92
110
110
95
60
41
29
9
2
5
7
15
22
22
19
14
7
2
0
0
0
0
0
0
0
0
0
0
0
0
0
0
0
0
0
0
0
0
0
0
0
0
0
0
0
0
0
0
0
0
0
0
0
0
0
0
1
2
2
0
0
2
0
0
0
2
3
3
5
2
0
0
2
10
5
2
1
0
1
0
0
0
4
4
9
0
0
0
0
0
0
0
0
0
0
3
1
4
2
6
0
1
3
2
7
12
10
14
7
12
14
12
9
8
6
1
5
3
2
1
1
0
0
7
3
0
0
0
0
0
0
0
0
0
0
0
1
3
5
4
0
0
0
0
0
0
0
0
0
0
0
0
0
0
0
0
0
0
0
0
0
0
0
0
0
0
0
0
0
0
0
0
0
0
0
0
0
0
0
0
0
0
0
0
0
0
0
0
0
0
0
0
0
0
0
0
0
0
0
0
0
0
0
0
0
0
0
0
0
0
0
0
0
0
1
147
382
560
579
431
261
162
299
388
295
195
79
61
51
51
35
28
23
27
25
20
23
13
17
15
16
6
9
1
2
6
2
0
0
1
0
62
123
190
255
282
275
286
265
263
203
188
218
311
383
453
512
596
705
746
911
965
937
916
1030
1069
1178
1183
1320
1339
1359
1391
1398
1342
1288
1064
985
833
684
527
391
246
145
90
72
80
57
25
50
89
144
149
175
199
183
193
203
212
209
162
121
81
51
31
12
4
1
1
3
4
0
0
0
0
0
0
0
0
0
0
1
2
4
18
17
8
10
6
6
2
0
1
2
2
2
15
16
5
6
3
2
1
0
0
0
0
5
16
1
31
37
10
4
14
19
38
74
81
105
71
97
92
95
117
149
149
82
41
31
10
10
29
31
5
23
23
7
1
0
0
23
21
0
0
7
0
0
0
3
3
4
2
0
3
1
0
0
1
2
1
6
8
11
12
0
7
5
2
3
4
0
0
0
0
0
0
0
0
0
0
0
0
0
2
0
0
0
0
0
0
0
0
0
0
0
1
3
0
1
4
4
5
3
0
0
0
0
0
13
16
1
0
16
35
41
46
51
33
27
10
0
0
0
0
0
0
1
1
2
0
7
1
0
2
5
1
0
1
5
3
10
10
12
4
7
6
5
3
4
6
7
25
2
6
29
18
0
0
9
2
2
1
3
2
1
1
0
0
4
24
51
134
300
368
394
410
367
344
392
500
456
381
226
200
194
177
208
148
91
81
62
44
40
23
16
9
49
55
33
40
51
50
36
27
32
15
6
3
1
4
5
0
0
12
191
663
961
1132
1231
1086
1052
965
679
522
529
571
565
544
498
445
392
321
305
206
94
40
133
248
287
296
392
461
436
378
388
316
230
73
19
7
18
5
23
41
91
124
160
182
217
311
285
275
270
266
239
238
291
368
360
258
194
150
123
95
95
79
64
46
55
46
34
40
70
115
80
185
415
747
796
802
719
612
501
373
254
195
193
141
145
125
104
124
83
87
80
84
79
73
83
112
155
245
310
377
411
446
381
320
203
74
25
25
147
470
814
996
976
881
727
480
375
288
291
340
392
378
389
345
312
285
218
204
171
96
50
37
29
29
146
249
185
358
435
461
514
639
751
756
825
838
865
795
770
690
630
547
518
465
371
253
160
78
17
6
14
10
6
12
41
100
91
67
97
95
125
137
92
45
21
1
0
0
0
0
4
64
144
167
83
33
12
6
24
59
78
202
362
489
494
491
505
486
487
463
443
514
587
509
541
588
665
657
586
537
552
516
480
421
389
351
260
175
104
96
93
83
89
63
54
47
40
51
44
42
26
17
22
12
22
16
14
10
1
0
