0
0
0
0
0
1
23
2
49
1
10
11051
476
653
750
774
853
929
973
983
962
986
951
1016
1026
1051
1053
1089
1035
1019
1064
1015
984
873
758
623
538
461
364
299
246
204
211
229
270
334
448
576
772
1005
1203
1225
1261
1356
1402
1507
1603
1709
1884
1969
2045
2091
2114
2141
2233
2313
2421
2421
2428
2338
2310
2279
2207
2174
1925
1485
1045
814
704
768
870
1009
1012
837
1201
1724
1651
1361
1748
1815
1703
1806
1833
1718
1592
1451
1341
1271
1291
1205
1130
1010
1047
980
946
962
1001
1010
966
803
584
385
287
218
147
79
41
28
21
13
11
4
1
3
3
0
0
0
0
0
0
0
0
1
27
104
251
368
423
389
340
245
183
112
55
48
28
15
6
0
0
0
2
3
52
165
251
195
127
78
52
34
30
24
26
40
39
72
79
34
7
0
0
0
13
50
98
175
270
347
360
348
305
191
106
35
4
2
0
0
4
9
17
30
363
571
386
293
352
496
586
618
551
586
443
259
320
558
629
539
377
228
224
258
187
99
91
163
151
99
63
14
59
98
93
50
33
28
82
91
58
32
13
72
174
266
348
391
416
335
243
140
79
43
36
34
32
18
17
9
0
0
0
0
1
1
4
13
23
26
34
38
48
68
59
66
73
80
103
117
98
135
227
190
166
223
214
149
95
93
61
29
45
112
207
296
354
337
278
200
143
70
41
43
29
35
28
17
12
1
1
0
0
0
2
0
5
8
6
5
2
0
0
0
0
0
0
0
0
0
0
0
0
0
0
0
0
0
0
0
0
0
0
0
3
24
48
65
563
909
767
508
274
226
289
365
416
486
436
286
173
77
113
243
377
487
492
396
209
88
54
96
200
212
158
100
44
12
1
1
8
15
21
12
2
1
0
3
3
13
22
30
13
2
0
1
3
0
0
4
2
6
5
10
20
43
47
64
55
47
49
47
44
52
53
66
47
22
1
0
5
28
35
34
29
33
66
129
167
184
177
153
116
74
52
51
33
14
5
0
0
0
0
0
0
0
0
1
2
1
2
1
3
8
17
20
30
22
32
38
42
44
48
22
5
1
1
0
2
1
1
0
1
0
0
5
3
10
23
21
19
19
19
32
36
39
64
92
151
215
323
395
448
478
432
372
293
120
22
2
0
1
0
2
3
3
4
1
0
0
0
0
0
1
5
5
22
36
78
101
144
387
144
107
39
13
11
4
9
48
91
71
37
27
23
13
22
24
10
11
5
10
10
11
19
10
2
1
5
0
0
2
0
0
0
0
0
0
0
0
0
0
0
0
3
35
98
70
8
178
478
442
208
153
283
383
303
187
213
249
94
32
148
227
137
31
45
87
60
5
4
3
1
12
70
125
69
26
37
51
64
59
71
152
283
281
281
260
201
150
147
147
123
63
31
8
2
3
4
1
9
8
14
14
19
46
129
151
116
88
56
36
34
10
3
5
10
52
69
152
280
397
542
664
680
666
676
709
771
771
785
742
658
573
495
412
395
445
419
325
296
337
428
513
678
870
1214
1247
1088
982
905
807
667
606
536
370
306
355
427
347
418
466
563
636
708
690
508
550
507
384
464
611
670
650
638
649
761
1301
1830
2279
2231
1759
1614
1639
1527
1402
1315
1049
1037
1153
1111
937
637
334
438
463
246
207
217
180
124
129
117
64
33
27
25
14
2
0
0
1
0
5
2
11
9
23
39
67
110
108
96
114
126
104
93
95
100
99
65
69
54
50
53
44
47
47
58
47
39
26
24
25
33
21
21
26
36
31
19
15
10
10
7
8
6
2
1
6
8
6
6
5
7
8
11
14
13
12
10
6
0
0
0
0
0
0
0
0
0
0
0
1
0
0
0
0
0
0
0
0
0
0
0
0
0
0
0
0
0
12
111
285
521
724
1016
1267
1608
1728
1705
1699
1548
1536
1708
1498
1086
1338
1386
1442
1198
1207
1199
1268
1185
1229
1232
1228
1199
1230
1159
1155
1212
1212
1223
1242
1260
1271
1297
1230
1194
1295
1402
1360
1000
743
568
358
336
421
564
926
1389
1737
1566
1341
1570
1769
1883
1851
1886
1723
1218
768
703
429
136
43
113
165
172
247
341
313
366
470
632
735
730
720
714
754
850
865
816
746
711
564
480
366
286
241
232
220
219
138
91
67
48
32
33
36
25
17
14
16
15
10
7
12
16
11
6
0
0
0
17
26
18
32
55
134
332
524
642
805
1062
1465
1784
2139
2314
2203
1765
1352
737
835
910
934
791
560
313
154
180
230
234
218
317
595
1039
1428
1518
1303
1048
786
717
905
977
857
678
630
652
611
518
355
393
496
420
200
76
34
25
21
43
54
28
1
0
0
0
0
0
0
0
0
0
0
1
1
2
2
8
10
15
13
11
2
0
2
2
1
0
15
0
1
1
1
0
0
0
1
8
7
26
45
81
107
116
118
130
99
116
161
227
317
368
477
500
490
641
913
897
691
404
370
494
632
700
889
1162
1307
1402
1360
1212
1018
843
680
535
521
603
662
732
757
791
661
517
387
229
255
565
796
836
691
674
729
763
865
805
763
552
220
313
444
455
412
341
341
549
590
399
630
755
777
835
853
835
791
984
1050
978
853
1011
969
805
827
918
934
886
841
811
708
522
280
342
399
426
407
404
388
342
275
272
422
543
613
561
443
273
125
94
44
31
74
47
9
2
5
4
13
20
45
67
181
370
699
956
1147
1261
1343
1353
1399
1370
1300
1252
1217
1132
987
871
743
555
418
302
157
54
154
215
284
320
359
363
343
273
260
236
200
167
181
186
229
410
614
764
900
922
874
789
748
724
684
600
564
584
462
293
314
317
359
384
396
407
501
619
718
842
988
1104
1197
1188
1099
984
805
703
740
955
1066
1117
1073
838
738
620
469
370
293
263
261
248
217
226
213
223
296
415
467
479
510
511
503
409
207
148
203
191
105
76
77
68
61
63
65
67
78
80
77
74
92
165
345
518
680
842
946
987
934
918
858
806
699
586
496
467
423
442
493
705
902
1042
978
838
653
473
430
498
452
342
204
190
287
378
383
428
466
541
690
568
435
725
245
319
245
73
111
191
213
214
212
174
164
140
97
91
38
17
10
16
34
34
32
33
43
39
40
37
30
70
76
82
114
167
278
379
467
488
546
616
726
798
807
761
706
616
530
431
388
375
339
405
442
501
481
315
109
241
271
203
171
134
175
231
290
306
317
342
332
303
274
238
211
160
71
21
110
194
279
331
367
369
390
374
346
364
368
389
424
441
432
270
150
297
300
269
250
249
238
238
248
271
432
586
848
1059
1266
1370
1474
849
776
1027
522
196
177
138
203
215
192
133
80
99
96
52
43
36
22
11
5
30
40
44
74
81
101
72
27
1
6
7
2
6
102
218
201
112
26
30
28
29
33
69
84
138
142
109
91
71
41
30
34
19
10
18
55
79
77
68
58
34
50
43
29
50
153
136
31
2
3
36
24
30
19
18
26
31
19
1
0
0
0
0
0
2
10
15
18
27
41
56
54
63
88
132
160
148
168
213
260
289
291
271
229
217
212
252
336
357
609
109
18
13
36
55
58
56
58
66
100
138
149
117
91
51
28
5
1
0
0
0
0
0
1
4
2
2
4
0
0
0
0
0
0
0
0
0
0
0
1
1
0
0
0
0
0
1
0
0
0
2
37
205
770
1035
1081
949
732
652
331
133
144
135
23
9
72
89
77
81
119
172
211
204
133
44
8
18
24
14
7
2
0
0
2
2
7
10
18
12
4
9
9
9
9
8
8
22
18
9
57
246
373
476
389
302
167
92
84
112
239
400
551
653
581
469
403
255
136
12
3
62
192
230
198
138
124
138
184
228
369
423
466
427
380
293
181
160
168
175
187
208
206
201
156
107
33
10
9
39
89
117
173
221
300
373
414
418
348
286
190
136
96
88
134
298
408
393
195
57
17
82
66
40
61
61
51
86
119
147
169
220
240
212
155
153
120
89
59
55
54
72
80
90
99
114
114
105
85
103
124
130
98
63
37
3
0
0
2
9
13
12
6
5
12
10
10
9
4
3
5
0
2
95
248
362
356
381
377
329
237
209
308
264
203
201
203
163
195
187
201
220
360
472
497
611
749
721
579
490
621
843
720
211
384
745
833
718
535
272
55
66
117
105
119
123
104
94
106
85
116
130
160
167
198
180
188
218
218
195
165
122
109
120
131
149
117
79
57
18
0
0
1
3
1
0
0
0
0
3
4
12
12
12
6
4
9
5
1
0
1
1
3
10
10
6
3
19
35
51
51
37
26
22
21
24
20
22
14
9
13
1
0
3
2
0
0
0
0
1
1
0
1
0
0
0
0
0
0
0
0
0
0
0
0
0
0
0
0
0
0
0
0
0
0
1
0
0
65
337
438
366
294
215
115
47
41
204
378
438
372
265
126
76
73
113
214
369
480
470
391
271
148
67
33
15
37
34
42
38
43
35
40
23
19
8
7
9
3
6
12
12
24
20
18
11
5
4
6
7
11
13
13
5
0
3
1
0
0
0
0
0
0
0
0
0
0
0
0
0
0
0
3
7
25
325
457
312
212
148
157
246
396
380
242
251
244
220
219
272
273
207
191
240
159
80
99
178
154
24
32
59
51
7
2
24
36
11
6
0
0
0
0
0
12
18
14
14
12
5
0
0
0
0
0
0
0
0
0
0
31
2
6
11
22
29
35
43
47
52
97
157
414
795
933
973
865
765
681
593
522
453
341
216
187
166
152
87
41
9
5
22
68
113
60
23
32
61
124
193
211
158
141
127
141
212
336
348
234
107
73
134
197
241
184
160
146
114
53
46
26
16
6
0
6
18
48
109
164
170
152
109
109
112
137
132
148
136
126
134
108
96
85
106
88
71
84
98
121
111
115
85
47
46
104
207
227
209
156
80
92
103
112
127
109
72
37
31
21
22
28
16
9
5
5
0
0
0
2
2
8
3
2
4
1
1
7
7
10
7
5
12
10
13
15
11
9
7
5
7
0
1
0
4
6
10
10
1
3
1
2
0
1
0
0
0
0
0
0
1
0
0
0
0
0
1
14
49
83
67
45
21
21
16
7
3
0
6
17
1
0
5
9
18
38
47
43
18
15
3
4
6
0
6
14
14
10
6
2
11
26
20
4
0
3
3
5
10
15
30
35
46
55
58
67
60
60
62
62
59
51
81
103
147
221
278
256
245
220
216
218
178
165
117
65
25
12
45
101
147
230
274
357
451
621
795
874
1018
1152
1244
1296
1149
844
649
505
426
181
333
469
564
465
465
557
561
425
327
443
683
765
607
649
780
743
695
1026
1319
1401
1403
1370
1346
1365
1447
1709
2100
2227
2313
2008
1863
1837
1799
1787
1789
1738
1621
1453
1350
1173
943
740
752
834
817
671
571
682
817
960
1052
1039
1123
1168
1137
1144
1187
1278
1274
1230
1203
1265
1292
1245
1096
1073
1016
976
1024
967
799
747
681
547
456
394
350
334
263
78
61
106
138
170
235
296
517
702
768
828
969
1054
1179
1358
1531
1584
1508
1457
1383
1259
1229
929
677
417
223
123
143
174
219
352
443
473
494
490
570
646
626
678
680
706
815
953
950
843
687
494
267
156
179
137
106
117
170
278
177
79
84
143
196
186
100
37
54
66
65
42
28
25
32
38
33
41
64
73
99
122
128
171
153
139
150
174
176
132
168
247
237
134
117
86
107
230
388
570
739
884
1002
1129
1262
1355
1391
1365
1364
1320
1275
1184
1202
1139
1094
978
1049
1275
1380
1501
1644
1682
1593
1371
812
440
376
449
438
273
226
319
672
1002
1073
857
587
376
319
387
591
787
821
629
824
908
832
719
700
630
445
354
352
457
494
489
466
425
405
355
375
343
316
287
297
264
247
163
94
91
99
135
119
82
106
128
145
114
80
44
17
6
3
5
3
5
7
7
12
29
57
102
206
315
385
401
371
321
323
304
185
36
13
77
140
212
245
243
249
265
234
114
36
25
20
11
10
11
26
11
7
7
5
6
20
26
23
33
74
118
151
174
180
303
345
317
363
412
553
658
700
693
678
620
574
487
331
228
246
229
233
198
214
227
336
428
461
528
592
675
881
882
607
289
208
233
300
243
147
72
48
46
44
81
171
312
449
461
388
215
121
66
50
44
65
87
161
329
270
187
152
180
167
175
143
73
92
128
130
130
197
280
319
290
311
386
442
471
424
414
378
346
296
236
343
440
413
634
703
749
767
853
786
701
681
657
589
572
534
540
540
510
525
520
625
801
991
1136
1207
1286
1238
1168
934
637
658
744
645
411
252
126
62
78
116
124
135
128
137
124
75
26
4
2
16
28
56
69
78
67
46
40
34
34
24
19
24
21
16
11
12
11
10
11
12
16
19
22
32
51
81
158
262
329
339
269
223
271
385
524
543
536
531
502
577
691
796
855
818
833
872
1171
1563
1758
1703
1174
909
1634
1751
1440
837
398
281
273
191
261
297
321
345
299
174
83
88
245
462
718
1013
1246
1319
1097
738
574
629
536
390
257
141
119
168
186
193
194
286
404
427
391
317
287
293
231
142
98
58
40
42
41
30
19
15
16
11
5
22
31
45
68
72
74
47
10
6
10
13
17
26
44
59
45
43
61
53
61
73
65
77
79
92
105
95
99
108
90
102
77
67
44
29
20
31
35
38
48
51
63
76
91
87
78
86
113
105
91
81
87
81
76
78
78
90
116
142
185
187
189
205
262
352
365
352
400
516
506
545
520
461
477
437
406
399
431
399
428
392
448
527
625
650
616
630
836
1032
1164
1366
1531
1759
1732
1640
1379
1189
958
741
510
339
217
293
412
478
546
612
616
651
730
818
888
778
670
552
529
559
591
601
641
697
662
625
596
523
478
436
387
316
264
212
164
143
131
156
210
240
200
200
156
85
47
34
41
42
33
25
7
13
18
20
29
51
41
26
5
9
18
30
42
63
146
260
420
599
640
723
714
756
758
795
766
714
558
740
726
471
442
327
172
76
56
50
26
20
78
132
178
201
181
152
119
80
38
20
25
15
16
6
22
6
10
26
51
59
72
62
55
67
60
59
63
71
70
73
55
53
35
24
44
25
52
60
112
145
166
223
292
365
490
668
675
704
778
853
980
1177
1265
1218
863
902
967
959
1064
1044
1024
922
908
786
782
789
1032
1086
1039
978
908
764
547
369
359
285
180
102
38
19
9
56
161
303
460
726
933
1153
1258
1230
1128
975
716
458
557
956
1298
1685
2221
2627
2905
3062
3125
2637
1794
1110
898
896
805
590
404
549
526
352
499
696
773
872
789
826
702
555
500
596
732
761
726
652
647
648
607
552
518
445
374
344
336
238
159
115
173
353
654
942
1020
908
646
553
628
591
432
300
479
368
122
191
222
195
103
100
71
58
59
72
37
63
104
118
132
264
316
342
401
389
429
456
454
556
695
853
975
1064
1110
1177
1217
1332
1456
1594
1629
1522
1388
1327
1397
1290
1220
970
670
498
403
375
297
284
361
399
403
290
227
182
105
75
109
112
123
116
104
111
99
84
89
90
72
45
58
56
57
53
45
33
28
26
12
9
4
14
45
97
196
264
394
431
532
652
863
1100
1277
1324
1334
1313
1221
920
814
646
515
573
645
530
346
386
562
678
739
876
827
696
579
381
291
397
463
474
503
492
564
587
587
640
637
638
744
828
729
439
231
271
332
368
457
387
408
622
809
866
829
626
461
307
266
203
244
193
197
287
294
252
286
292
327
301
424
439
405
405
547
517
445
437
508
632
836
949
932
840
816
769
636
550
459
338
246
193
204
170
139
167
225
272
282
241
220
228
231
166
166
245
442
731
1008
1215
1305
1403
1319
1169
898
608
271
372
235
186
218
158
154
181
202
210
222
245
246
232
213
155
105
84
53
41
58
117
245
339
393
471
617
762
923
965
940
859
867
781
909
1222
1235
871
648
552
858
1086
1139
996
839
742
639
830
765
499
175
114
239
231
219
206
164
305
716
1234
1780
2232
2318
2451
2135
1709
1578
1968
2363
2547
2477
2423
2310
2071
1469
904
899
1299
1394
1244
1299
1204
1049
1089
999
728
509
479
427
364
298
490
467
398
281
253
206
141
117
137
157
180
180
189
203
217
288
344
365
396
402
385
365
328
318
325
318
348
342
380
403
449
421
382
323
213
120
68
34
0
0
0
6
3
6
15
9
10
19
17
9
13
21
32
27
46
47
36
17
14
9
4
18
12
9
4
1
0
1
12
81
26
43
57
91
96
152
199
217
246
262
255
304
321
391
502
606
627
574
578
725
879
1060
1201
1311
1400
1331
1133
922
711
524
317
111
199
417
603
656
563
524
319
56
83
72
70
48
62
79
134
189
263
348
458
532
506
487
472
486
569
601
656
715
744
681
305
485
485
560
701
874
987
1032
910
519
236
472
350
296
283
297
319
266
213
189
164
136
123
123
85
66
49
40
50
45
41
39
49
44
28
24
48
85
111
134
137
110
88
73
52
52
76
82
57
79
49
61
110
122
138
156
217
320
332
329
356
370
408
491
638
710
738
722
725
750
710
639
534
402
564
623
665
558
432
314
313
376
459
619
670
381
103
494
504
408
244
353
791
834
581
701
934
947
707
668
1094
1212
1000
777
807
734
649
520
429
332
269
270
258
285
281
125
269
365
353
145
302
442
342
426
707
1017
1503
1884
2231
2334
2330
2032
1641
1685
2153
2604
2708
2755
2582
2096
1388
747
945
1173
1240
1284
1380
1228
1019
909
929
847
549
428
418
440
343
445
652
807
794
648
551
573
715
842
960
968
850
816
918
981
936
681
448
365
339
285
356
411
382
300
274
295
319
380
465
540
594
634
634
658
623
646
615
638
653
690
683
728
675
600
447
281
182
121
84
60
39
42
58
99
124
163
205
216
230
229
203
166
134
70
23
0
0
0
9
20
41
53
48
34
26
22
23
22
31
6
0
0
0
0
0
0
0
0
0
6
4
0
2
0
1
1
5
0
0
0
4
4
1
1
2
2
0
0
0
1
0
0
0
8
1
0
0
0
0
0
0
0
0
0
0
0
0
0
0
0
0
3
2
3
15
31
36
33
29
31
24
17
26
19
14
3
0
0
0
0
0
0
2
5
2
1
0
0
0
0
1
0
0
2
0
1
4
7
35
91
219
402
550
676
822
1015
1157
1229
1103
858
672
480
331
235
157
114
80
53
35
7
7
6
12
7
12
14
15
16
7
12
12
23
23
24
16
9
1
0
5
2
0
0
0
0
0
0
0
14
24
88
271
457
484
230
117
63
52
45
40
25
29
27
30
36
47
103
217
270
222
169
117
120
126
155
170
211
247
262
253
284
315
311
326
368
398
447
438
435
435
413
342
290
226
185
139
93
71
41
22
11
11
64
130
118
93
61
29
39
45
132
25
15
18
15
21
33
322
116
142
129
78
26
21
21
33
20
18
18
7
7
3
2
6
5
2
8
25
17
20
19
29
47
40
38
20
19
11
9
10
0
0
1
2
1
1
0
0
0
0
1
0
0
0
0
0
2
1
2
6
1
0
2
0
1
0
0
0
0
0
10
67
181
232
245
291
341
349
270
186
142
79
57
61
68
48
21
25
33
36
54
96
131
138
145
164
179
225
302
385
456
554
653
757
839
897
959
969
937
864
822
782
677
590
469
368
359
354
376
407
463
518
544
518
366
210
138
130
95
85
85
104
147
236
299
327
448
541
554
649
679
667
597
528
423
311
190
126
76
37
7
2
4
20
57
97
227
296
386
426
515
565
609
621
644
682
671
672
750
806
866
841
833
791
717
642
542
458
363
280
196
115
57
52
109
130
163
188
184
163
180
169
167
193
220
274
372
394
473
477
405
319
273
200
109
49
22
78
187
294
418
505
700
943
1104
1241
1348
1384
1395
1351
1287
1219
1091
924
763
592
471
324
192
112
43
0
0
15
55
91
136
148
183
190
196
181
143
89
63
62
51
46
44
15
6
2
72
181
201
138
48
29
76
143
208
309
374
459
488
416
288
159
90
89
115
118
88
58
30
5
5
0
5
18
44
61
50
28
6
0
0
1
1
11
16
6
0
0
0
0
0
0
0
0
0
1
0
3
0
5
6
120
408
466
355
273
254
494
842
1165
1355
1310
1153
1284
1336
1076
1123
1049
910
720
305
721
853
1045
1167
1390
1454
1462
1368
1107
983
797
531
336
339
420
539
762
1002
1066
992
762
452
308
344
280
254
213
155
107
70
23
20
7
5
2
2
6
8
15
18
17
13
11
8
1
1
1
0
0
0
0
0
11
1
0
4
1
1
0
0
0
0
2
0
3
1
0
0
0
0
0
0
0
0
5
3
6
7
4
8
6
7
4
6
2
2
0
0
0
0
0
0
0
2
0
2
0
0
1
3
5
2
3
0
0
0
0
0
0
0
0
0
0
0
0
0
5
4
3
3
4
7
6
5
2
4
2
7
9
2
1
0
0
0
0
0
0
2
8
5
4
8
7
7
1
1
1
1
0
0
0
0
0
0
0
0
0
0
0
0
0
0
0
0
0
0
0
0
0
0
0
0
0
0
0
0
0
0
0
0
0
0
0
0
0
0
0
0
0
0
9
7
0
0
2
0
0
0
0
0
0
0
0
1
1
3
1
0
1
0
0
0
0
0
0
1
0
0
0
0
4
4
5
1
4
6
12
18
43
90
124
146
158
178
169
148
109
68
40
11
1
0
2
1
2
0
0
0
0
0
0
0
4
3
3
6
5
4
2
0
0
0
0
0
0
0
0
0
0
0
0
0
0
0
0
0
0
1
1
4
19
19
18
6
2
3
1
1
0
0
0
1
8
31
76
159
209
243
252
221
196
149
85
53
29
33
74
153
220
260
329
509
759
1053
1124
1153
1192
1202
1076
806
303
82
311
489
538
514
560
634
623
514
437
477
635
716
702
612
561
480
402
272
148
67
45
26
12
29
80
153
239
316
386
357
481
624
749
813
779
756
811
979
1144
1304
1425
1290
885
420
133
105
70
83
194
372
533
605
673
729
672
923
1084
1135
1239
1268
1218
1135
1064
916
874
850
852
826
786
709
459
187
104
368
476
262
127
127
102
124
189
66
17
6
4
15
37
14
5
3
5
6
5
4
17
22
24
14
4
4
5
21
35
19
0
0
1
0
2
0
8
6
3
9
7
0
0
2
6
0
0
0
0
0
0
0
0
0
0
0
0
0
0
0
0
0
0
0
0
0
0
0
0
4
15
57
101
203
373
520
645
731
794
839
918
915
905
844
775
647
553
460
348
255
142
87
93
131
163
178
185
192
212
209
221
260
290
283
259
245
235
226
234
259
280
295
303
312
321
330
340
364
404
466
537
583
672
770
853
929
977
986
930
882
841
774
660
565
452
347
242
187
97
46
11
2
0
1
14
23
36
43
37
37
36
31
24
26
26
26
22
12
8
6
11
12
15
18
30
63
127
202
265
268
282
235
183
130
74
47
32
20
12
14
8
7
3
0
0
0
0
0
0
0
0
0
0
0
0
0
0
0
0
0
0
0
0
0
0
0
0
0
0
0
0
0
0
0
0
0
0
0
0
0
1
3
7
11
18
37
72
103
88
80
124
164
148
92
64
153
239
306
334
340
407
507
493
419
310
291
303
299
256
226
173
130
69
23
4
1
13
44
102
187
283
365
396
433
472
487
479
447
378
313
259
208
142
77
28
6
15
329
386
494
609
688
664
567
373
171
54
56
102
96
62
51
29
21
25
27
24
29
16
25
27
20
16
15
18
31
17
3
2
1
0
3
2
2
3
10
24
22
46
50
39
44
33
23
19
14
16
14
15
10
16
17
11
24
24
17
15
18
16
14
7
9
10
9
2
3
0
0
0
5
10
39
55
115
187
260
240
161
71
56
57
55
54
22
27
29
5
0
0
0
0
0
0
1
0
0
0
1
9
8
10
4
0
2
18
0
0
0
0
0
0
0
0
0
0
0
0
0
0
0
0
0
8
4
1
1
0
0
3
27
154
246
290
342
370
350
364
328
272
158
101
30
13
10
6
5
12
11
14
26
23
22
8
3
8
7
13
10
0
1
9
0
2
5
0
0
12
38
76
168
321
472
569
557
389
172
42
40
53
68
39
17
21
61
131
145
99
54
53
74
81
58
48
38
32
73
140
269
282
238
218
258
309
337
396
400
374
320
176
68
46
39
90
167
312
430
426
377
343
392
469
497
469
392
329
266
318
308
290
303
303
314
314
276
227
190
186
200
218
257
305
355
420
455
466
498
511
471
442
425
389
344
287
232
176
109
42
2
0
27
104
230
352
487
623
752
885
967
1043
1069
1004
945
867
766
582
440
306
197
124
63
18
3
7
45
99
175
209
225
251
231
230
206
163
136
86
49
18
1
0
0
0
0
0
2
2
5
9
10
12
11
17
9
3
1
1
1
2
2
0
1
1
0
0
0
4
2
0
0
1
1
0
4
5
1
0
1
0
0
0
0
0
0
0
0
0
21
77
70
13
19
53
33
25
4
0
0
0
0
1
23
106
280
527
781
937
1096
1263
2091
1129
1042
939
755
608
668
829
989
1385
1751
1794
1908
2166
1645
1059
773
978
954
1137
1298
1077
968
943
854
776
694
846
1206
1217
1400
1480
1383
1292
1223
1059
928
843
909
898
665
882
905
519
235
311
364
226
34
24
25
4
6
15
33
14
2
0
0
1
0
0
1
0
0
0
0
0
0
0
0
0
0
0
0
1
0
0
0
0
0
0
0
0
0
0
0
0
0
0
0
0
0
0
0
0
0
0
0
1
5
4
3
3
4
8
7
14
35
41
51
51
48
42
21
7
0
0
0
1
3
16
26
26
43
47
50
56
55
51
89
33
18
6
0
0
0
0
0
0
1
3
5
1
0
0
0
0
0
0
1
0
0
0
0
0
0
0
0
0
0
5
9
0
0
1
2
0
0
0
0
0
0
0
0
0
0
0
0
3
4
0
0
0
0
0
0
2
6
14
18
30
40
56
53
55
33
25
17
17
17
27
49
55
52
59
48
53
61
80
99
109
117
132
144
151
133
132
178
213
269
231
110
49
60
51
39
21
11
3
20
13
13
13
10
10
8
6
6
7
3
0
0
0
0
0
0
3
2
3
2
0
0
0
1
2
0
0
2
0
0
0
0
0
0
0
0
0
0
0
2
2
0
0
0
10
5
0
0
1
0
1
1
2
5
4
0
0
2
0
1
3
3
3
1
22
122
180
106
36
15
15
29
45
63
80
44
27
18
30
43
33
30
36
34
33
28
44
82
85
73
46
24
20
11
8
21
42
51
47
24
5
18
37
38
59
80
76
81
73
89
80
85
87
93
94
86
68
44
29
27
19
18
26
18
36
40
78
99
96
67
30
3
0
0
3
2
0
0
0
0
2
24
26
15
12
18
38
30
29
7
3
4
6
9
9
5
2
2
2
0
1
2
0
3
6
17
20
39
46
50
51
44
30
6
7
7
8
6
1
3
3
7
4
6
12
18
17
16
6
11
19
37
52
74
124
144
160
197
250
325
421
504
597
621
655
642
679
714
702
733
682
640
571
535
474
420
353
256
175
102
31
20
7
31
61
94
127
172
242
294
350
399
470
504
524
499
510
497
454
416
330
303
304
246
173
128
134
127
117
110
81
49
30
25
23
10
4
1
6
6
4
3
1
1
4
34
60
134
237
421
648
864
1037
1170
1172
1199
1160
1100
1061
1018
947
880
828
767
699
621
541
459
311
106
5
15
183
470
661
841
962
1083
1217
1302
1402
1520
1595
1666
1672
1665
1575
1470
1347
1289
1262
1181
1084
955
780
578
316
158
76
100
155
199
274
300
359
358
317
321
275
250
201
165
128
98
87
66
53
53
45
36
29
51
84
83
85
71
56
53
45
29
6
4
0
1
0
0
0
0
0
0
0
0
0
0
0
0
0
0
0
0
0
0
0
0
0
0
0
0
0
0
0
0
8
0
0
0
0
0
0
0
0
0
0
0
0
0
0
0
0
0
0
0
0
0
0
0
0
0
0
0
0
0
0
0
0
4
0
0
0
1
0
4
12
34
41
63
161
230
218
188
172
120
88
74
45
30
15
2
0
1
1
0
0
2
6
12
15
18
16
1
1
0
1
0
0
1
0
1
0
0
0
0
1
0
0
0
0
0
0
0
0
0
0
0
0
0
0
0
0
0
0
3
12
19
12
30
33
21
19
29
14
12
0
0
0
0
0
0
0
0
1
0
0
0
0
0
0
0
0
0
1
16
48
54
48
50
36
16
4
74
151
154
106
79
109
98
109
153
185
257
302
267
263
248
222
238
225
225
211
226
234
201
157
134
88
75
73
70
52
38
36
32
13
13
26
13
16
42
81
98
124
98
79
67
72
87
136
154
128
87
73
21
6
5
10
17
10
11
11
6
9
17
26
10
14
5
10
4
4
6
4
5
14
34
31
47
26
28
29
25
21
2
0
0
1
0
0
0
0
0
0
1
0
0
0
0
0
0
0
0
0
0
0
0
0
0
0
2
15
19
10
8
1
6
10
10
17
21
20
7
13
7
8
19
52
134
299
410
463
499
530
563
543
540
464
462
429
441
398
364
308
286
280
318
415
494
512
399
213
63
55
63
49
66
112
90
76
74
77
143
87
58
231
331
346
346
390
539
649
643
655
577
530
515
518
488
465
430
410
382
353
340
335
288
231
200
181
181
158
139
108
70
58
52
50
51
36
30
18
8
4
9
1
3
7
5
0
4
2
2
4
9
10
17
15
9
6
2
1
0
3
4
5
17
28
39
36
29
16
21
26
32
34
31
30
20
13
25
22
33
49
48
54
63
69
68
72
63
70
59
75
86
98
79
70
63
38
32
23
26
31
27
26
29
21
10
2
0
0
2
0
0
0
0
0
0
0
0
0
0
0
0
0
0
0
0
3
0
0
0
0
0
0
0
0
0
0
0
0
0
0
0
0
0
0
0
0
0
0
0
0
0
2
3
4
2
5
3
4
5
4
5
15
21
26
28
26
9
1
7
6
4
1
0
0
1
0
0
0
0
0
0
0
0
0
0
0
0
0
0
0
0
0
0
0
0
0
0
0
2
6
8
20
28
33
42
51
32
42
46
35
28
20
26
19
18
12
17
10
20
2
0
0
0
0
0
0
3
1
0
3
3
10
10
3
4
4
5
2
2
1
0
0
0
0
8
70
137
174
152
159
171
212
219
204
208
221
223
189
168
118
118
137
147
140
162
206
295
310
227
188
163
102
47
34
68
71
59
50
34
24
25
18
8
2
0
0
0
3
1
0
2
11
4
7
4
0
0
0
2
3
2
3
3
13
29
38
33
34
9
5
3
4
2
3
9
4
0
0
1
0
1
2
2
1
5
2
5
0
4
6
11
12
8
7
9
7
11
6
5
5
4
2
0
0
0
0
0
0
0
0
0
0
0
0
0
0
0
0
0
0
0
0
0
0
0
0
0
0
0
0
0
0
0
0
0
0
0
0
0
0
0
0
0
0
0
0
0
0
0
0
0
0
0
0
0
0
0
0
0
0
0
0
0
0
0
0
1
1
1
29
84
179
192
132
49
5
1
15
127
190
177
95
12
1
0
8
31
43
20
1
3
12
16
5
4
0
13
26
71
91
115
88
73
23
9
12
6
1
1
0
26
58
12
16
4
2
0
0
0
1
5
18
50
92
177
252
354
452
502
548
530
549
530
541
580
661
669
742
752
701
702
651
570
475
418
377
340
316
239
197
146
105
82
40
25
14
11
12
20
21
16
7
1
0
1
0
3
0
0
0
0
0
0
0
2
7
8
7
5
2
3
7
10
28
41
45
39
33
30
25
18
13
8
6
7
12
15
16
27
12
10
12
24
41
56
69
56
47
41
32
23
4
2
0
0
0
0
0
0
0
0
0
0
0
0
0
0
0
0
0
0
0
0
0
0
0
0
0
0
0
0
0
0
0
0
0
0
0
0
2
0
4
0
0
0
0
0
0
0
1
0
11
125
301
351
325
147
44
6
0
12
17
20
19
11
8
8
8
11
40
46
52
36
14
16
16
18
15
11
13
12
10
7
18
22
33
36
51
59
62
59
50
39
27
12
5
0
6
12
26
34
44
43
58
66
50
42
41
24
8
0
4
7
4
11
23
34
53
119
217
259
296
369
420
446
452
512
628
750
769
711
605
417
206
124
61
11
15
60
52
20
14
9
11
12
40
93
110
36
3
0
13
73
245
481
620
488
273
438
574
721
781
806
781
780
736
701
640
1055
472
394
286
243
177
125
91
78
81
79
81
55
30
15
6
0
13
14
5
1
0
1
1
5
11
5
13
11
33
55
122
207
279
382
470
556
653
694
759
784
777
661
630
528
475
400
289
188
121
73
52
45
34
30
9
3
1
0
2
3
8
7
12
8
7
11
16
14
10
14
12
20
36
68
72
87
97
106
112
108
112
111
131
126
121
116
102
74
57
47
32
25
5
11
9
3
3
7
2
2
0
0
0
0
3
3
2
1
2
0
0
1
3
3
11
23
42
60
69
62
65
50
39
17
18
11
5
5
4
15
22
34
41
42
34
33
42
43
45
41
36
67
142
227
274
237
353
484
554
541
612
730
722
535
452
369
331
375
354
260
97
180
299
335
434
420
388
360
354
350
350
348
346
316
167
353
495
694
768
660
455
250
211
110
117
118
119
107
72
50
35
52
121
181
282
328
301
179
86
81
52
56
66
87
104
102
115
87
65
50
24
7
0
0
0
0
0
0
1
0
0
2
0
0
0
0
0
1
0
0
1
14
37
87
162
215
268
309
321
304
267
257
276
312
330
319
315
237
176
131
84
100
123
115
236
291
299
313
341
412
471
476
457
480
476
484
497
505
502
555
550
541
477
397
308
261
237
186
136
113
72
30
3
2
15
60
94
125
135
168
163
164
136
147
141
129
105
96
79
73
88
125
240
359
514
588
665
700
712
712
700
652
632
570
637
649
527
387
295
189
84
56
44
30
22
41
119
136
173
176
104
118
104
76
55
38
17
6
8
17
19
11
10
17
20
30
33
39
47
46
35
42
43
39
23
18
7
32
152
301
550
823
1036
1190
1242
1228
1190
1188
1034
902
765
659
538
447
387
307
315
358
370
337
179
165
104
84
120
256
406
399
334
237
157
79
81
129
147
126
56
37
20
25
127
156
91
50
15
1
29
88
188
206
146
109
113
85
30
58
54
98
166
306
476
564
656
771
941
1154
1435
1607
1547
1263
1075
721
238
329
394
421
314
304
210
86
42
46
69
51
50
48
33
14
9
3
8
7
1
0
0
0
0
0
0
0
0
0
0
0
0
1
1
9
2
17
30
22
1
0
0
0
0
0
0
0
0
0
0
0
0
0
0
0
0
0
1
0
0
0
0
0
0
0
0
0
0
0
0
0
0
0
0
0
0
0
0
0
0
0
0
0
0
0
5
58
88
63
22
30
89
213
246
262
242
169
108
105
94
164
202
219
147
59
35
28
29
66
107
135
114
78
58
41
45
57
71
90
66
48
49
44
61
69
44
44
40
25
18
31
41
27
23
26
13
12
5
3
2
0
0
0
2
4
7
17
27
28
18
16
6
1
0
0
0
25
59
130
180
121
55
42
37
44
36
22
5
12
9
13
10
5
2
0
0
0
5
9
17
20
16
11
6
1
0
1
0
0
4
0
5
41
98
80
59
101
237
370
370
356
365
348
311
197
88
86
223
427
590
661
756
806
977
1009
879
621
348
129
62
1
38
130
267
420
424
323
169
110
146
186
174
105
48
9
2
6
2
10
7
3
0
0
0
0
0
1
0
0
0
1
0
1
2
3
0
0
1
1
2
1
2
0
1
0
1
1
1
2
4
8
19
32
34
42
57
52
74
95
138
193
236
269
255
213
171
111
80
36
16
6
6
1
0
2
0
0
0
0
0
0
0
0
0
0
0
0
0
0
0
0
0
0
0
0
0
0
0
0
0
0
0
0
0
0
0
0
12
0
0
1
0
0
0
0
0
0
0
0
0
0
0
0
0
0
0
0
0
0
0
0
0
0
0
0
0
0
0
0
0
0
0
0
0
0
0
0
0
0
0
0
0
0
0
0
0
0
0
0
0
2
0
2
1
0
0
0
0
0
0
0
0
0
0
0
0
0
0
0
0
0
0
0
0
0
0
0
0
0
0
0
0
0
0
0
0
0
0
0
0
0
0
0
0
0
0
0
0
0
0
0
0
0
0
0
0
0
0
0
0
0
0
0
0
0
4
5
3
0
0
0
0
0
0
0
0
0
0
0
0
0
4
46
29
8
64
80
13
51
101
57
49
110
48
0
48
25
37
134
171
97
37
76
82
36
1
52
38
112
310
266
57
6
55
20
20
121
76
6
2
56
48
0
0
2
1
24
60
89
231
328
515
537
384
259
209
160
158
186
283
377
336
134
70
156
181
111
54
32
85
127
101
35
60
72
79
64
31
13
16
42
73
87
88
65
36
80
111
178
277
332
315
292
208
132
111
120
82
38
24
20
20
34
24
29
53
228
107
120
75
18
11
23
63
51
14
30
23
13
4
29
25
2
0
2
5
20
19
13
13
5
15
3
1
7
0
0
0
1
2
3
11
6
10
6
7
0
9
10
30
39
55
59
57
53
32
31
33
41
38
37
35
37
24
21
23
8
16
14
17
19
12
3
2
3
10
19
31
53
114
192
273
344
446
376
240
255
314
463
628
757
828
786
701
682
703
878
953
1189
1445
2824
1416
1173
888
724
737
628
575
400
423
524
597
851
882
680
464
533
555
593
648
607
568
664
827
905
787
450
137
197
181
100
148
190
159
129
154
81
49
5
2
15
45
87
112
85
51
10
15
23
30
35
34
30
26
26
21
17
29
64
170
320
492
572
659
742
727
724
705
553
371
305
289
293
287
268
197
161
136
107
124
115
139
255
543
683
590
413
370
479
550
570
557
428
162
195
177
126
63
42
84
97
164
262
320
292
241
201
114
81
73
53
46
63
61
91
144
148
170
212
179
116
89
60
25
17
20
2
5
7
7
23
41
100
234
296
339
458
468
484
517
557
588
646
653
677
666
634
597
551
508
557
776
981
1096
1188
1206
1107
860
621
374
252
142
135
147
210
226
237
215
193
199
167
160
149
127
108
82
64
97
131
198
262
314
360
434
504
492
451
401
456
428
437
440
396
388
347
332
289
232
285
286
323
311
272
196
110
54
11
9
16
2
0
0
0
2
1
5
16
30
23
1
0
0
0
0
0
0
0
0
0
0
0
0
0
0
0
0
0
0
0
0
0
0
1
0
0
0
0
0
0
0
0
0
1
2
8
0
0
0
0
0
0
0
4
20
43
59
53
41
24
9
1
4
4
6
12
22
25
30
37
61
65
62
62
65
87
134
190
191
190
190
193
180
127
96
66
58
66
64
63
80
91
165
333
479
553
721
868
917
896
902
986
986
996
944
921
858
738
614
452
308
201
106
36
9
1
10
36
36
30
34
59
61
51
15
11
45
117
203
272
351
457
504
597
653
584
477
332
187
145
91
121
222
293
251
311
399
446
461
417
389
362
345
308
198
158
147
167
187
213
195
199
210
253
278
336
327
351
339
356
404
450
517
538
532
535
571
573
601
708
773
651
572
741
937
1010
1018
1121
1127
1050
1039
1051
1118
1151
1045
967
882
1349
637
600
559
570
551
494
441
421
380
377
407
480
495
535
542
520
493
485
478
548
589
729
756
758
620
494
441
370
336
302
301
311
348
354
366
359
375
334
300
244
170
101
49
64
97
116
141
161
180
187
169
145
125
94
71
51
39
18
18
28
56
67
91
90
94
97
88
91
85
64
54
47
53
60
82
116
188
319
350
277
165
83
93
99
103
127
152
138
124
98
74
28
4
0
7
26
41
42
51
59
66
72
62
56
42
34
21
11
4
6
8
12
14
13
22
20
39
47
36
34
31
27
31
29
36
58
82
112
155
242
291
305
270
242
248
287
301
306
308
291
246
246
225
196
184
163
171
158
108
76
64
46
29
17
6
0
11
46
63
75
89
120
160
203
212
275
292
332
325
384
431
482
548
603
607
600
514
457
380
287
194
106
110
147
233
286
346
391
400
403
407
405
387
368
328
311
319
320
301
265
204
165
124
89
66
13
3
15
101
198
261
247
240
212
180
151
108
70
57
44
39
44
50
53
76
134
170
196
178
144
99
92
147
138
98
69
40
27
74
149
172
179
143
102
55
7
9
18
16
25
55
126
233
362
468
488
483
370
275
216
194
182
135
73
52
58
131
237
191
82
62
123
186
223
224
268
260
262
287
389
345
301
208
151
94
42
18
18
25
36
56
81
105
138
148
127
98
76
68
120
155
167
247
340
396
436
381
365
322
333
375
356
316
267
236
193
141
88
63
51
54
54
30
10
6
3
22
32
58
87
101
80
42
33
38
50
22
17
22
31
43
14
10
9
0
0
0
0
0
0
6
11
19
35
40
48
47
40
37
26
19
27
37
43
57
43
46
44
44
48
48
51
52
36
27
13
3
3
5
6
9
16
14
13
19
32
15
15
16
18
18
39
50
71
154
157
122
229
285
238
201
181
134
126
103
131
169
198
239
303
376
388
378
238
97
72
61
39
43
45
44
44
63
76
104
168
203
242
337
490
461
263
86
72
76
37
14
5
7
27
33
33
22
47
57
75
87
115
111
121
119
100
63
51
39
34
28
52
58
56
40
18
5
5
5
8
11
29
40
45
48
30
12
8
7
11
19
24
30
57
94
99
117
105
94
59
45
25
5
4
3
0
2
8
16
27
32
29
22
51
29
46
33
20
13
17
25
46
46
24
19
22
30
23
19
20
13
9
10
9
6
3
2
4
5
2
2
0
3
1
5
4
6
9
9
11
14
10
10
10
12
15
18
14
14
18
17
24
22
23
33
60
144
202
348
447
447
398
368
340
329
241
190
158
116
92
61
39
20
14
10
8
12
11
10
6
5
10
6
5
3
6
4
2
2
4
7
12
12
13
14
20
21
27
44
76
58
26
15
15
15
14
12
8
8
3
4
2
4
4
3
3
0
0
2
7
10
25
31
23
28
36
38
29
45
44
34
26
16
11
5
4
2
0
2
8
9
7
10
15
7
4
0
0
0
0
0
0
5
7
6
4
8
4
7
12
28
31
56
95
114
90
42
7
1
2
9
15
18
17
8
9
17
20
28
10
3
3
5
13
20
27
32
31
30
18
15
14
21
13
25
65
77
71
68
67
58
50
40
21
21
8
14
22
25
17
8
2
0
0
0
3
3
4
18
5
2
1
2
0
1
1
1
1
9
5
11
6
0
0
0
0
1
2
2
5
2
2
2
8
8
13
14
7
4
1
4
3
1
0
1
0
0
0
16
43
24
10
16
15
15
11
10
9
9
22
28
38
42
37
23
29
26
22
23
21
33
54
61
55
30
23
20
33
46
22
9
2
3
1
3
47
77
111
160
168
170
122
64
12
7
12
31
42
54
58
53
27
28
23
14
9
37
30
25
51
50
38
44
60
61
69
63
60
38
27
31
34
35
30
33
31
28
36
40
48
48
51
50
47
35
19
17
18
15
17
16
18
15
17
23
25
25
26
26
27
40
51
50
31
18
11
8
8
23
48
51
15
3
6
6
19
15
15
6
6
17
22
25
38
20
21
19
15
3
0
0
0
0
4
10
16
20
13
20
29
32
32
35
41
18
10
1
4
2
1
1
17
181
383
582
534
383
391
430
439
415
353
287
261
258
243
250
296
328
355
306
207
89
61
88
125
132
131
138
98
62
54
61
62
44
24
25
34
58
62
46
41
16
15
15
24
36
67
79
72
122
16
41
32
11
2
0
2
1
4
5
4
3
16
11
21
12
13
6
7
1
4
12
18
17
7
5
1
0
0
0
1
0
0
1
0
3
1
25
52
78
60
35
30
0
3
10
14
13
5
0
0
0
0
1
1
3
2
0
0
0
0
2
5
0
0
6
8
6
3
3
0
0
0
0
0
5
1
1
2
0
0
6
9
5
2
1
0
0
0
0
8
12
18
36
56
61
48
41
27
11
0
1
4
3
5
6
9
12
12
12
23
14
19
20
9
8
6
3
21
42
71
69
32
16
16
19
8
8
4
6
12
19
16
9
7
11
35
40
36
23
6
1
2
2
3
12
42
100
170
240
291
404
528
622
758
878
944
883
831
776
758
685
591
452
346
283
362
547
724
810
911
948
924
833
672
326
171
255
298
257
200
102
53
46
30
23
12
15
11
13
11
10
8
3
8
17
27
46
64
104
151
184
217
249
275
332
298
254
300
540
734
731
529
239
657
717
449
565
710
790
801
812
759
683
639
537
296
271
451
500
427
314
225
195
216
226
227
250
204
193
174
176
188
271
428
582
624
640
587
526
458
421
412
401
396
339
277
226
187
177
173
147
165
138
148
125
117
112
116
84
55
35
31
43
52
98
79
70
44
41
44
74
53
26
7
2
1
0
0
0
0
3
4
5
6
2
2
3
0
3
6
7
5
7
36
103
100
90
101
105
80
57
52
36
32
31
42
49
42
28
39
76
111
130
143
114
74
106
173
242
344
435
397
320
234
228
207
349
555
582
503
446
432
446
450
457
350
210
206
227
344
433
476
417
254
171
123
132
207
305
363
320
282
204
170
154
123
87
88
90
71
33
25
54
83
80
68
61
43
36
45
79
103
130
152
156
129
104
46
18
11
9
0
15
27
10
3
17
54
72
37
9
0
25
18
12
24
38
43
61
77
89
63
50
42
50
32
4
5
8
10
23
27
3
0
0
4
12
17
36
37
36
37
20
10
4
16
9
0
2
10
27
56
58
46
45
53
50
31
24
14
14
15
12
10
17
35
44
60
67
71
91
92
77
39
14
8
3
2
9
21
35
62
84
107
152
173
224
224
248
214
178
145
153
109
82
56
43
61
69
39
27
9
15
35
23
9
1
2
5
6
7
12
10
6
4
2
4
7
9
9
5
7
2
0
0
0
0
0
0
0
0
0
0
0
0
0
0
0
0
0
0
1
0
0
0
0
0
0
0
0
0
0
0
0
0
0
0
0
0
0
0
3
7
26
52
62
92
86
81
91
69
55
44
53
78
63
22
13
39
129
257
296
281
261
227
114
42
36
22
10
0
1
0
0
0
1
7
3
1
0
7
10
12
5
3
1
2
6
3
1
0
0
0
0
0
0
0
0
0
0
0
0
0
0
0
0
0
0
0
0
2
4
19
27
34
32
40
32
32
27
32
25
11
14
9
8
4
9
25
27
19
33
37
21
15
1
5
12
13
11
5
0
0
0
0
2
4
4
3
5
3
9
5
9
7
13
29
86
161
224
250
215
181
127
92
84
82
56
46
43
20
12
2
0
0
0
0
0
1
1
0
0
1
0
0
0
0
0
0
0
2
9
65
126
174
105
36
107
152
168
158
113
92
74
71
84
61
57
109
121
109
58
19
14
65
101
120
81
42
21
15
10
4
9
14
38
28
32
37
24
27
29
36
32
29
17
3
4
10
10
9
3
0
0
0
0
0
0
0
0
0
0
0
0
0
0
0
0
0
0
0
2
2
10
7
2
0
0
0
0
2
8
6
2
4
3
4
8
7
6
9
7
9
11
12
21
20
14
27
45
95
111
121
86
67
63
50
50
32
39
41
39
36
49
114
131
85
23
14
10
7
4
0
0
0
1
2
3
10
45
45
49
59
67
75
97
100
70
49
47
51
48
76
102
170
204
199
174
171
127
77
46
33
51
57
52
33
31
35
33
48
58
54
31
21
25
25
13
19
57
110
85
36
8
4
11
11
0
0
0
4
6
0
0
3
0
0
0
0
0
0
1
2
10
26
29
25
29
20
5
11
22
27
30
30
24
17
22
22
19
13
8
15
17
15
13
10
11
2
1
3
18
41
83
144
194
222
216
239
224
145
140
187
289
331
302
276
234
186
171
174
122
104
75
82
76
112
100
98
79
59
21
24
12
35
66
96
112
84
55
34
41
88
250
434
643
757
762
752
843
979
1028
933
840
579
718
1178
1552
1632
1305
782
608
1012
1501
1818
1875
1581
1158
746
522
324
241
161
131
127
80
59
54
22
26
47
71
107
143
263
370
391
390
368
346
282
202
145
68
46
61
115
204
279
388
475
472
458
502
513
508
556
632
703
741
745
632
454
251
99
57
33
18
21
58
82
209
170
272
413
512
539
449
398
358
335
349
169
57
31
35
30
63
168
278
328
368
331
410
515
521
397
178
99
61
32
5
6
4
5
17
37
42
32
59
85
58
77
107
164
271
390
500
619
720
896
1013
1098
1191
1325
1286
1235
1082
845
647
455
371
300
226
153
99
115
171
178
123
52
23
10
17
41
84
128
209
267
256
178
110
94
61
51
34
29
29
31
43
73
112
127
120
84
48
10
2
0
3
6
13
44
48
65
51
52
49
55
80
103
113
108
78
41
30
29
23
10
5
1
1
0
9
10
10
8
6
4
2
1
1
2
2
3
3
2
2
2
4
2
3
2
1
0
0
1
0
3
2
3
4
10
4
1
3
4
7
9
6
4
2
7
4
2
2
3
5
9
8
10
33
33
27
35
37
25
17
7
8
11
14
42
129
181
158
104
111
153
175
163
122
123
127
169
194
197
157
124
92
46
29
27
16
9
3
0
0
1
12
38
62
81
111
117
106
92
78
66
51
40
25
17
13
9
3
4
10
24
21
11
9
9
10
6
6
3
3
2
0
0
0
0
0
0
0
0
0
0
1
3
1
3
7
18
29
22
17
9
8
9
14
14
16
17
12
12
25
33
30
21
19
13
11
11
5
4
0
3
1
0
3
0
2
0
0
6
35
82
83
35
9
2
5
3
6
2
7
11
26
55
65
62
56
48
27
10
1
10
27
57
103
162
204
208
191
235
267
227
124
147
159
44
11
1
6
14
11
1
5
14
21
12
0
14
68
199
232
125
277
785
1119
1274
1139
793
471
645
1036
1155
1102
867
586
260
115
255
489
444
295
176
255
333
391
471
480
329
181
112
87
139
109
52
21
68
176
276
356
405
413
422
546
620
636
557
362
169
74
129
114
115
141
109
76
64
19
8
19
37
36
35
39
38
33
30
94
259
506
721
845
871
859
686
448
563
757
856
980
1093
1007
750
390
88
120
141
150
112
86
103
136
195
215
216
193
150
82
65
36
39
49
60
36
22
21
17
14
8
5
0
0
0
0
0
2
1
8
33
46
54
26
5
3
5
4
7
6
4
3
0
1
5
1
1
5
55
241
448
649
718
643
476
218
229
466
539
503
370
266
213
135
20
5
16
11
8
9
9
5
2
4
35
154
280
640
741
897
1014
1063
1064
951
877
755
620
647
656
554
201
706
815
827
756
761
760
961
974
827
579
379
279
209
175
121
144
344
521
731
830
822
740
634
589
527
517
480
488
515
485
506
605
719
717
647
595
605
683
778
940
971
1010
1217
1159
1022
776
637
549
483
368
284
247
231
306
397
644
905
1384
1597
1531
1510
1348
1138
1197
856
304
768
1186
1455
1579
1563
1325
1144
1147
1040
1002
918
761
358
89
48
51
82
127
171
182
164
137
138
136
129
277
426
629
699
623
607
546
460
263
68
23
28
62
64
44
9
10
53
67
277
458
525
573
639
717
805
865
927
1034
1086
1036
902
551
212
42
86
90
82
84
99
95
67
59
2
0
10
3
1
11
24
37
23
20
19
31
27
22
58
151
312
493
649
799
950
1031
1120
1230
1283
1223
1068
977
892
790
694
616
515
528
556
540
427
309
202
161
124
81
22
27
32
24
39
32
55
86
96
50
48
91
126
104
58
31
16
8
2
7
5
7
5
13
6
4
2
8
14
16
13
15
19
23
22
26
28
38
45
53
47
22
8
8
12
18
15
22
24
21
23
17
14
9
7
6
7
4
1
0
0
2
10
12
9
0
0
0
1
0
0
0
0
0
0
0
0
0
0
4
24
48
103
199
313
331
350
417
532
600
707
761
823
908
949
951
922
859
819
873
862
835
692
480
229
135
90
113
109
114
98
88
54
44
26
24
75
132
172
227
377
607
891
981
961
870
812
711
634
497
413
279
166
81
94
115
82
47
16
8
15
28
35
13
5
2
4
4
121
383
520
583
324
167
74
55
78
111
59
29
7
4
0
0
8
3
0
0
0
0
0
2
22
39
269
581
776
833
774
943
1058
1032
1041
1087
1000
1072
1073
1135
1018
1210
1272
1192
1036
961
677
316
105
57
33
41
37
7
8
11
40
49
54
80
116
125
114
123
177
375
593
614
539
505
426
305
245
137
80
46
42
49
17
3
1
0
3
4
2
0
0
0
2
4
1
1
2
4
5
8
3
4
20
96
156
248
386
395
86
363
522
512
355
113
180
299
457
608
760
945
1059
1106
1121
1004
911
946
1016
875
687
396
206
175
340
563
819
997
1082
1082
1108
1079
1011
890
801
818
821
734
577
332
130
85
113
124
125
102
72
135
201
211
162
137
120
111
89
131
210
408
1771
1737
1790
1793
1781
1551
1489
1371
1250
1099
898
818
759
754
655
431
339
403
509
532
546
549
531
490
440
415
368
258
196
172
134
124
84
58
37
21
41
99
176
257
268
202
169
221
304
321
251
167
108
95
129
177
226
299
370
358
390
428
443
442
417
415
459
421
437
418
391
374
290
218
165
150
114
108
103
82
65
76
76
68
77
98
92
83
69
63
49
45
35
22
14
12
16
16
29
50
124
153
162
151
127
124
159
206
224
221
177
126
73
49
46
49
43
97
188
212
213
184
161
122
69
37
22
19
35
55
92
117
144
153
169
169
147
97
37
1
1
2
7
5
3
3
0
0
0
0
0
5
15
24
44
60
67
66
52
50
41
41
29
24
16
26
22
28
35
51
58
99
170
229
262
216
207
209
221
257
220
146
72
44
47
57
84
44
27
13
10
4
1
2
6
5
3
1
1
0
1
0
0
0
2
3
13
8
6
0
6
8
1
2
9
3
0
0
0
0
0
0
0
0
0
0
0
0
8
15
22
25
20
19
28
48
94
145
162
138
107
60
19
2
6
15
33
80
150
141
101
86
149
171
180
232
252
259
279
246
101
21
8
9
16
24
9
7
26
27
8
14
24
59
51
29
15
5
1
1
4
14
11
19
16
12
13
9
4
4
4
9
6
7
7
11
21
12
8
3
1
1
3
0
0
0
0
0
0
0
0
0
0
0
9
19
20
17
9
2
0
0
0
0
0
0
0
0
0
0
0
0
1
7
19
27
39
32
29
27
15
3
3
5
11
39
48
86
120
163
203
220
228
230
177
115
68
19
7
4
2
5
11
5
0
0
3
5
7
16
10
7
4
6
3
0
0
0
0
6
5
1
0
0
1
0
3
3
5
4
5
3
2
1
0
0
0
0
0
0
0
0
0
0
0
0
0
1
0
0
0
0
0
1
8
8
4
4
5
4
0
0
3
7
19
19
0
0
1
7
9
4
1
0
0
0
0
0
0
0
0
0
0
0
0
0
0
0
0
0
0
0
0
0
0
1
11
73
204
382
555
791
1002
1055
992
945
841
639
558
448
289
149
104
162
232
247
259
256
238
170
84
61
60
60
45
28
19
10
0
15
34
22
3
2
3
6
8
2
4
6
5
18
32
61
208
216
259
309
276
272
211
147
56
21
27
61
69
72
68
124
160
201
252
358
399
406
393
383
373
432
445
551
628
734
872
986
1119
1245
1334
1437
1478
1483
1512
1463
1452
1394
1328
1220
1059
849
676
574
476
410
370
483
659
761
917
1026
1152
1249
1335
1332
1338
1252
1182
1222
1094
1005
972
913
769
732
711
698
787
874
784
643
475
249
128
77
58
96
108
124
148
340
655
797
766
761
656
558
378
236
137
93
91
94
81
89
120
123
113
103
89
73
70
55
55
71
41
41
60
87
114
189
222
153
94
66
15
88
148
175
180
116
69
64
35
13
10
36
105
179
159
86
23
11
3
1
3
13
16
18
17
27
32
39
33
35
46
50
49
27
21
37
48
57
57
58
53
37
53
56
38
25
8
3
5
3
7
12
27
44
59
94
124
145
130
98
81
323
52
40
39
41
58
46
25
17
35
38
38
21
29
33
26
7
31
83
252
339
268
125
78
43
76
90
74
69
61
61
57
48
32
30
14
18
25
16
5
6
11
10
1
5
3
2
0
0
0
0
0
3
5
0
0
18
21
0
1
22
35
29
76
231
306
268
267
343
394
397
348
295
241
227
169
105
42
26
29
24
30
55
87
68
61
49
37
26
19
18
21
12
13
17
14
25
54
45
35
16
8
8
8
6
5
0
0
0
0
1
0
1
1
0
4
10
1
3
6
1
0
2
0
0
0
0
0
0
0
5
8
0
2
2
1
3
5
1
0
0
2
0
9
14
22
53
83
67
54
77
16
23
11
7
15
32
42
49
63
79
84
80
99
107
93
73
77
136
165
108
76
123
109
79
80
71
52
51
80
193
293
252
224
460
623
686
772
866
922
916
877
710
481
719
843
807
742
884
1244
1372
1162
778
446
372
552
907
1080
1310
1580
1808
1832
1681
1375
986
723
500
303
244
180
241
357
343
282
197
103
42
38
53
57
64
60
49
28
21
31
42
26
16
14
42
42
36
26
19
26
28
29
31
28
14
11
9
0
0
6
62
120
150
156
184
337
465
492
492
336
237
434
509
477
395
441
615
811
833
841
613
863
933
885
652
539
528
657
769
900
922
978
1000
918
652
466
267
102
101
81
49
69
97
105
73
50
41
32
32
55
63
46
30
13
4
2
2
8
60
128
184
255
292
462
346
436
530
572
603
632
664
653
599
545
443
426
531
542
598
685
639
497
352
647
805
774
725
632
600
894
1088
1136
1132
1013
786
436
179
196
194
264
332
268
173
86
40
161
443
723
778
801
814
840
638
491
469
402
206
84
109
101
65
56
41
44
33
23
23
35
42
47
40
10
0
1
8
15
14
14
15
20
11
8
7
17
44
41
30
59
143
340
327
255
183
135
104
121
92
93
71
121
165
209
205
146
85
66
65
76
130
130
117
58
13
39
102
107
75
46
28
23
36
60
96
136
139
156
162
128
78
18
4
12
43
53
39
49
22
7
0
0
0
1
0
0
0
0
0
0
0
0
0
0
0
0
0
0
0
0
0
0
0
0
0
0
0
0
0
0
0
0
1
1
3
11
42
40
20
13
4
0
2
0
0
0
0
0
0
0
4
9
5
5
11
4
0
0
0
0
0
0
0
0
0
3
6
0
0
1
2
0
0
1
2
5
9
4
0
0
0
0
0
2
2
2
0
1
0
1
0
0
0
0
0
0
0
0
0
0
0
1
3
11
20
51
83
128
194
196
188
201
182
127
113
106
84
158
243
322
348
290
239
266
307
373
518
579
606
549
580
687
692
649
624
594
592
550
530
487
414
387
333
289
281
261
207
188
141
64
69
121
172
258
293
304
329
402
529
799
960
1037
1105
1087
1103
897
617
430
316
233
149
46
39
36
36
58
134
261
380
491
468
505
586
612
666
703
677
627
501
372
256
128
82
40
72
141
211
268
369
479
510
567
712
724
592
450
233
67
54
105
33
9
15
43
88
191
328
371
389
392
337
379
366
266
176
109
71
55
53
147
294
421
464
412
379
376
328
155
274
397
418
375
387
350
226
251
328
487
695
769
867
852
823
676
420
118
57
55
49
35
22
18
24
22
7
1
0
1
20
32
31
23
62
88
98
97
92
95
101
80
70
62
102
175
272
328
340
273
179
68
1
0
2
2
0
4
9
28
36
50
31
26
9
7
6
2
0
1
2
2
6
0
0
0
2
2
0
0
0
1
8
9
19
25
49
71
81
85
94
70
61
62
74
112
187
236
224
194
109
108
170
273
305
211
74
59
84
134
114
89
87
112
141
145
177
260
310
367
440
648
894
1055
987
801
598
561
219
168
154
156
142
85
53
59
20
26
42
40
36
32
44
84
127
271
526
627
600
438
245
91
69
90
60
53
48
66
86
68
63
58
46
41
26
11
22
21
20
24
12
12
20
15
9
10
16
12
6
21
48
64
63
60
84
64
39
10
5
1
3
3
3
1
0
4
0
0
0
2
0
0
0
0
0
0
0
0
0
0
0
0
1
0
0
0
0
0
0
0
0
7
3
0
1
0
0
0
0
1
0
0
0
44
7
0
0
0
11
19
24
26
20
13
27
26
19
15
18
17
6
13
15
7
4
4
5
11
5
6
9
12
9
2
4
0
0
0
2
7
6
7
0
0
0
25
14
2
0
13
24
18
3
0
0
5
3
4
6
6
4
1
0
0
0
0
3
7
4
0
0
0
0
0
3
6
0
0
1
3
3
3
3
5
5
7
4
5
5
11
6
3
2
0
7
17
0
0
0
6
20
70
63
50
27
0
0
0
1
30
61
74
100
166
229
406
653
720
640
401
109
110
371
486
546
462
339
365
391
383
257
81
51
74
97
133
117
111
112
120
209
580
924
1084
1176
1150
957
581
440
642
937
1059
1053
1087
1121
948
567
138
347
502
788
1144
1232
1326
1303
1301
1293
1109
1175
1251
1234
1155
1011
753
338
139
164
130
92
166
208
209
209
200
158
121
73
71
62
38
43
56
22
6
0
0
0
0
0
0
0
0
2
11
12
7
4
2
2
1
22
40
75
96
168
223
274
287
271
247
255
325
473
524
502
259
133
402
534
644
721
698
687
540
415
418
567
727
751
538
138
280
353
243
50
0
54
95
88
43
31
25
21
12
7
9
18
21
12
7
16
13
1
15
25
47
59
91
92
56
64
105
71
52
78
84
113
122
116
95
77
62
27
26
32
20
14
0
53
134
199
250
283
337
316
275
161
76
16
4
2
0
0
0
0
3
6
5
3
3
2
1
0
0
0
0
1
1
1
9
33
44
63
74
65
71
62
50
38
23
35
23
29
106
165
226
280
264
245
210
130
23
19
9
0
0
1
0
0
0
0
17
143
236
301
330
343
343
265
203
178
252
245
206
192
172
163
134
177
214
207
183
207
231
265
324
389
418
379
341
260
159
96
54
43
21
7
1
4
22
23
19
20
8
1
0
0
0
0
2
2
3
4
4
2
4
5
5
11
7
14
13
7
9
8
29
51
60
50
16
1
0
5
10
10
17
5
0
0
0
0
0
1
7
4
6
7
1
0
2
50
150
214
226
116
334
456
550
582
487
294
379
247
125
166
189
85
34
164
260
261
205
85
365
456
434
133
180
365
377
340
391
411
437
418
344
317
304
344
301
220
314
369
359
309
266
388
428
422
456
448
315
232
367
406
492
572
620
702
764
713
496
334
317
268
286
304
404
453
484
522
580
607
529
419
442
493
667
761
743
595
462
448
431
416
386
431
516
642
690
824
959
1027
1037
987
896
865
869
877
829
761
739
735
664
577
500
384
295
239
223
206
160
130
83
60
42
34
30
28
34
41
49
36
33
58
66
102
118
95
79
74
47
53
30
34
44
65
121
200
269
332
335
330
330
293
225
180
178
168
150
127
158
216
238
287
328
353
392
413
419
415
392
400
379
380
410
443
434
382
347
364
391
434
519
565
539
464
373
313
293
348
437
617
762
895
1019
1089
1163
1186
1173
1242
1402
1460
1487
1529
1519
1404
1282
1187
1184
1251
1242
1004
653
335
295
245
187
121
153
218
270
368
483
614
762
953
1139
1269
1274
1291
1448
1617
1599
1497
1418
1404
1364
1384
1276
1299
1190
1154
1073
1002
868
727
570
366
258
211
210
196
210
256
349
310
333
361
333
314
233
152
218
266
262
253
298
425
670
853
698
509
397
496
674
708
578
471
519
607
602
565
434
357
317
290
297
296
304
217
188
139
91
29
19
73
194
241
209
182
141
70
12
0
18
32
33
34
12
4
2
0
1
6
5
2
2
4
5
11
14
10
11
16
16
34
31
21
8
7
7
8
8
5
1
1
0
1
0
0
0
0
1
2
0
0
1
5
1
0
5
3
3
2
2
3
1
1
2
2
0
1
5
7
5
73
329
555
664
605
518
457
334
266
220
231
387
560
576
507
403
276
177
153
208
292
345
400
483
561
552
508
429
321
223
201
221
239
233
242
194
150
121
118
113
93
75
43
36
58
70
33
16
14
20
22
62
90
107
119
111
80
54
81
102
157
229
278
262
210
156
109
72
40
15
11
3
7
4
0
0
0
0
8
19
20
19
25
58
130
144
111
121
199
206
188
152
139
119
113
77
53
30
20
33
41
92
25
24
26
19
35
58
69
45
18
53
100
113
72
28
8
0
1
2
1
1
0
0
0
1
0
0
0
0
63
240
410
551
467
436
648
763
776
788
662
447
311
246
236
266
428
568
618
516
308
136
60
68
50
62
111
184
257
297
268
210
169
144
198
249
294
264
306
180
104
166
242
248
206
166
92
36
9
2
1
7
9
7
8
6
7
6
2
20
81
100
72
37
12
8
7
0
1
5
2
0
0
0
0
0
0
0
0
0
0
0
0
0
0
0
0
9
0
0
0
0
0
0
0
0
2
2
3
3
4
3
3
4
1
2
0
0
1
0
4
4
4
5
2
2
0
5
3
1
25
19
37
62
38
23
32
13
17
20
3
9
11
11
14
4
6
3
2
6
24
39
57
58
35
19
17
10
25
20
3
3
5
4
8
16
21
27
24
16
11
10
14
13
13
7
4
11
18
36
49
34
30
33
72
78
86
96
118
129
144
146
148
179
175
228
243
285
325
373
453
552
612
710
770
846
813
746
615
491
405
378
440
568
777
968
1070
1080
1188
1331
1506
1643
1845
1994
2069
2249
2330
2469
2486
2435
2287
2011
1692
1354
1084
934
821
730
575
441
301
187
147
135
194
217
276
283
256
192
124
116
125
146
116
123
163
177
130
38
18
24
27
41
32
22
34
64
58
25
15
5
42
160
314
415
370
292
280
520
633
598
460
308
299
357
397
404
354
311
280
203
156
128
112
66
44
84
101
61
61
67
52
51
35
12
14
20
41
62
46
9
0
0
9
6
11
43
76
60
43
31
21
18
27
21
25
41
49
40
60
78
87
106
151
154
148
144
92
106
84
74
66
61
58
47
22
13
17
25
5
12
31
17
3
2
9
10
3
2
4
1
0
1
12
110
171
131
117
110
173
300
321
152
45
139
204
163
69
24
59
94
150
139
122
159
171
123
125
117
64
36
65
121
145
104
49
23
44
35
28
91
81
51
47
57
40
27
32
42
13
0
0
0
1
8
32
56
43
19
5
0
5
7
9
6
2
1
8
13
11
2
0
3
2
7
4
1
0
0
0
0
0
0
34
97
198
253
339
320
216
114
170
393
507
533
545
570
510
426
314
206
89
55
105
237
405
499
524
382
140
53
89
107
75
113
140
100
93
101
112
300
62
43
48
39
43
47
33
36
36
46
50
44
27
8
0
0
0
0
0
0
0
1
3
7
10
12
11
8
6
0
0
0
3
7
8
0
0
0
5
12
15
42
214
417
594
658
466
271
466
636
573
476
305
523
755
891
690
350
451
682
798
837
681
557
539
544
565
533
480
505
483
392
359
381
412
336
196
178
266
389
370
286
138
23
35
168
348
387
260
103
124
247
411
522
513
553
507
604
655
641
528
398
315
268
286
286
284
292
211
158
108
79
48
30
14
24
55
61
41
10
44
55
44
37
35
22
25
19
14
18
34
27
23
14
9
16
13
19
19
22
17
8
5
3
3
1
0
0
0
0
1
10
50
101
72
28
18
31
50
43
62
117
100
28
19
28
38
18
8
16
20
40
28
31
85
148
247
347
387
386
359
284
254
252
247
223
285
386
412
370
417
514
593
585
537
592
537
465
456
399
393
419
468
510
491
494
337
229
294
288
222
159
133
216
256
270
299
363
363
322
291
302
255
221
315
393
412
411
482
512
413
420
494
525
493
494
487
419
307
205
103
74
179
237
262
291
343
394
447
473
412
339
262
184
132
115
120
173
194
224
233
267
328
440
596
715
775
793
819
837
798
786
780
786
813
807
786
781
744
749
732
607
445
330
239
192
183
162
134
111
101
128
137
151
176
145
124
104
106
101
84
86
69
128
260
392
421
301
151
220
285
266
204
139
118
190
273
272
372
468
511
468
367
265
151
177
268
350
504
522
482
634
866
1215
1424
1514
1383
1254
1063
722
447
819
1092
1300
1256
1171
1231
1119
1079
879
526
473
486
447
358
299
293
184
235
237
200
194
178
139
122
118
108
106
121
131
118
99
80
68
76
86
83
91
139
184
222
277
298
272
246
214
196
154
54
18
61
69
68
55
38
47
54
70
52
14
2
12
72
212
419
418
130
3
68
130
134
98
67
38
14
30
62
87
127
122
117
71
57
76
101
128
100
56
50
61
64
51
39
35
28
12
5
9
13
17
28
45
52
19
3
6
8
4
7
11
17
9
10
18
28
47
61
63
58
49
28
19
19
9
7
6
9
4
1
9
39
107
136
147
138
120
104
90
67
29
23
25
28
16
20
54
66
77
82
100
133
136
106
98
86
85
82
92
116
254
253
260
200
180
220
238
193
208
189
190
134
86
124
162
250
337
332
211
85
58
70
81
99
61
42
96
112
178
134
158
135
112
88
47
44
74
70
78
141
228
186
115
114
89
116
185
218
229
169
136
90
60
47
63
64
57
68
125
149
95
64
48
32
30
60
68
48
43
37
22
12
2
2
2
3
13
34
19
3
0
0
0
0
1
0
0
1
0
0
0
0
4
1
1
0
0
0
0
17
26
20
8
4
1
3
13
1
1
5
4
12
20
17
7
2
4
4
3
10
22
21
23
14
1
1
1
10
11
30
22
5
16
24
35
53
77
110
132
148
190
404
594
867
1188
1384
1510
1516
1433
1253
1018
1333
1391
1114
683
748
519
363
294
397
581
670
728
817
833
754
682
555
249
380
438
461
482
436
338
284
289
217
120
83
76
106
109
94
66
56
40
49
57
79
95
86
61
57
44
46
52
50
35
36
31
39
83
123
150
184
227
137
96
131
235
264
292
420
543
584
631
682
710
670
615
660
650
578
526
455
384
338
283
289
296
377
687
1073
1405
1541
1448
1206
1066
989
933
1131
1423
1502
1279
1073
780
494
329
250
364
450
421
343
369
364
400
446
494
303
313
231
194
205
320
374
343
473
556
582
535
401
316
317
279
234
179
168
173
205
208
217
174
200
228
165
93
64
56
78
148
202
175
92
59
58
37
43
16
3
0
0
4
7
28
64
28
18
30
37
49
31
40
34
46
69
82
202
292
213
157
99
51
55
56
38
44
45
55
78
126
133
142
166
191
183
170
166
145
76
42
24
24
38
33
16
14
7
5
13
26
7
17
31
20
33
20
5
30
33
35
64
79
90
71
65
39
16
9
10
46
77
103
141
164
92
19
57
78
162
214
163
48
72
33
36
43
29
24
47
74
69
101
115
89
93
72
48
45
35
39
41
43
70
55
35
18
6
7
1
1
2
3
2
9
2
16
11
5
0
8
9
4
9
16
30
46
52
38
30
27
14
18
16
14
11
12
29
49
45
36
36
47
40
31
16
12
11
24
34
30
20
24
22
33
37
48
53
75
90
86
122
185
301
307
342
346
382
450
500
554
638
764
889
923
982
997
1040
1076
1099
1267
1358
1128
862
937
895
928
1036
1072
1058
1027
933
804
703
477
367
505
736
946
1115
1624
931
977
867
994
1207
1231
1143
847
454
482
523
475
328
190
135
180
232
276
266
241
252
246
196
167
119
80
84
114
119
147
322
603
853
1168
1283
1316
1421
1499
1406
1452
1313
1276
1546
1755
1617
882
1328
1977
2394
2430
2056
1767
1520
1431
1355
1093
843
734
760
756
877
1112
1591
2133
2859
2912
2957
2960
2554
2155
1990
1755
1093
847
794
697
409
160
271
388
524
529
430
410
431
264
202
199
193
202
275
312
330
307
295
336
441
574
660
932
1276
1781
2390
2782
2828
2564
2194
1730
1453
1331
1289
1254
1218
1092
944
903
838
800
644
568
625
604
441
331
304
223
100
59
271
530
622
429
293
171
142
138
96
76
99
158
201
193
126
117
184
215
191
264
446
467
427
382
362
368
368
340
289
162
76
55
45
56
67
96
108
92
78
76
90
68
47
40
26
21
25
42
40
45
58
52
49
50
57
78
76
53
56
108
131
88
63
53
44
44
47
43
55
90
169
223
217
189
119
41
21
17
10
7
7
6
1
0
0
4
14
36
36
23
12
17
40
88
170
276
433
540
559
459
348
243
144
170
240
217
169
143
128
107
68
33
14
9
15
39
87
138
187
201
176
130
125
102
84
66
43
44
63
64
60
73
97
132
85
38
121
148
177
173
157
145
146
102
50
35
32
46
99
168
222
212
159
113
156
221
252
238
187
174
115
177
200
151
106
111
77
22
12
7
10
8
15
25
40
62
81
72
47
24
19
19
20
22
21
8
1
4
24
67
70
54
15
0
3
2
0
1
11
8
10
9
23
41
61
71
81
118
168
188
188
189
149
172
155
160
194
208
280
299
257
228
177
146
80
84
89
55
21
4
4
13
31
41
50
28
32
91
188
287
241
133
78
47
28
34
59
76
79
97
122
169
200
202
194
157
133
126
139
175
179
153
206
178
155
117
112
120
93
64
64
92
67
40
51
192
416
628
709
702
602
480
391
366
371
341
277
217
147
98
88
130
137
140
136
161
191
237
394
624
869
971
919
767
604
393
329
254
182
72
69
127
172
175
140
109
88
74
163
267
338
443
565
636
603
481
347
348
330
292
239
191
193
154
127
102
76
54
60
37
49
41
43
64
80
86
72
57
60
102
112
140
136
148
151
144
124
118
122
103
101
97
110
101
96
98
109
91
68
39
11
81
46
69
91
116
126
112
90
58
75
64
119
154
150
159
150
144
114
113
144
123
117
97
76
77
72
48
40
59
81
101
77
87
114
116
108
100
140
154
147
162
166
158
125
133
109
64
31
54
158
169
119
90
85
47
48
43
17
1
4
12
36
37
31
16
4
2
10
11
7
0
0
0
0
0
8
19
54
70
45
33
16
34
51
43
42
36
23
60
78
61
31
20
16
12
39
59
45
39
50
85
75
90
85
51
91
120
149
146
118
121
105
105
115
107
93
63
50
36
26
19
22
13
25
36
41
34
26
39
51
99
198
274
340
374
305
210
170
120
49
12
37
64
90
92
101
139
136
157
176
196
244
254
217
147
105
59
43
102
178
251
149
51
106
165
199
185
162
146
84
74
72
84
68
21
37
63
96
128
139
150
155
122
84
76
48
30
13
18
34
43
32
31
21
30
44
68
102
105
137
144
145
92
64
88
105
129
135
88
93
122
101
92
85
80
77
56
42
32
20
28
14
10
27
32
35
39
33
24
21
24
17
20
13
5
6
5
6
9
5
6
4
2
3
1
0
0
0
0
0
2
0
2
1
0
0
0
0
0
0
0
1
3
6
8
8
11
17
138
19
9
13
7
6
29
74
129
191
131
99
60
60
54
56
38
18
20
36
59
94
92
92
91
62
54
39
14
9
28
49
74
67
69
116
428
535
514
329
86
162
244
322
298
275
202
97
129
251
304
210
168
306
432
398
343
287
213
168
133
156
121
135
152
224
284
291
187
110
83
83
62
47
40
18
18
16
10
6
7
21
45
70
96
97
91
88
67
62
73
56
49
45
65
30
41
101
108
69
52
18
30
15
51
116
109
49
72
69
37
48
100
60
21
43
51
19
7
17
17
20
25
44
59
90
137
108
58
57
52
28
31
20
5
3
5
14
106
283
449
620
789
721
577
606
737
810
757
725
654
490
392
437
558
851
991
967
751
609
519
541
579
469
322
311
646
895
1013
900
646
370
253
364
560
588
473
321
318
381
415
437
523
647
689
762
877
926
930
922
862
838
843
869
822
787
647
463
352
245
166
246
371
426
406
352
341
372
424
507
515
586
587
598
604
605
574
485
352
293
242
211
213
191
181
167
153
195
257
233
238
209
382
271
267
249
230
152
119
173
190
177
179
180
195
222
268
297
328
325
334
312
258
270
242
189
135
120
164
188
235
237
268
270
278
230
164
109
109
185
272
290
262
210
203
173
114
93
123
137
101
58
55
121
282
329
265
231
289
429
592
642
673
587
475
365
236
158
129
99
68
41
24
14
43
88
121
145
159
171
161
127
102
121
118
112
126
117
78
45
20
10
7
12
15
16
15
15
18
20
22
32
44
40
37
24
8
4
13
41
50
57
53
47
49
43
39
37
26
21
12
24
83
149
232
306
418
474
371
199
220
304
434
427
460
401
322
463
601
606
519
419
429
539
519
381
283
215
358
545
618
649
689
939
1348
1663
1935
1860
1550
1517
1729
1997
2120
2184
2349
2358
2170
1964
1781
1583
1357
1132
838
617
475
392
520
676
820
1033
1111
1140
1084
767
444
327
384
419
405
443
531
606
666
624
598
605
689
849
1024
1264
1461
1420
1049
568
436
755
925
998
959
939
890
885
786
713
609
431
223
101
101
190
219
154
81
48
30
32
70
102
118
143
139
192
339
374
395
449
530
627
670
700
606
492
348
162
36
163
339
458
498
476
384
298
358
433
467
449
350
261
165
116
74
97
99
119
96
90
65
58
50
45
35
21
20
16
6
6
3
0
0
2
6
0
0
7
69
90
27
5
37
39
46
74
86
61
43
49
32
14
12
8
7
6
10
10
17
13
19
20
27
31
24
19
16
11
11
5
9
13
14
16
15
25
26
25
21
6
0
0
0
0
0
1
2
2
9
11
12
14
14
14
10
5
2
10
6
6
5
1
3
5
7
2
0
0
0
1
4
4
11
9
7
0
3
4
1
2
5
6
3
1
1
0
0
0
0
0
0
0
0
0
0
0
0
0
0
0
0
0
0
0
0
0
0
0
0
0
0
0
0
0
0
0
0
0
0
0
0
1
1
2
3
4
2
8
12
9
6
2
6
5
8
11
8
7
4
6
7
13
8
13
12
8
0
0
0
0
0
0
0
0
0
0
0
0
0
0
0
7
20
22
20
35
33
44
26
29
31
24
22
7
5
7
13
9
17
17
19
32
45
52
61
64
61
54
46
33
23
7
0
0
0
0
0
3
7
9
18
15
5
4
0
1
0
0
0
0
0
0
0
0
0
0
0
0
0
0
0
0
0
0
0
0
0
1
2
6
18
46
91
116
95
52
23
10
10
15
20
18
11
19
29
28
21
22
18
34
34
34
23
6
3
0
1
0
0
0
0
0
1
8
20
46
54
65
58
36
13
9
0
1
0
0
0
0
0
0
0
2
0
1
0
0
0
0
0
0
0
0
0
0
0
0
0
0
0
0
0
0
0
0
0
0
0
0
0
0
0
0
0
0
0
0
10
109
182
206
188
152
109
107
81
107
109
103
64
15
7
20
89
155
187
100
17
20
61
132
202
230
182
116
34
20
15
3
2
0
0
1
1
3
2
0
0
0
0
0
0
0
0
0
4
1
6
10
7
16
22
50
86
126
160
198
265
285
331
315
298
261
250
267
242
197
134
86
59
44
26
18
15
13
14
30
61
76
91
133
168
194
207
227
215
209
161
126
76
38
8
21
64
94
59
54
39
31
37
20
0
0
3
0
1
6
0
0
0
0
0
0
1
10
8
19
47
43
85
171
243
358
409
392
416
478
659
831
890
836
848
664
435
246
308
311
283
384
422
358
265
221
223
278
292
287
314
307
285
260
218
186
151
131
66
44
61
125
169
199
278
321
326
323
292
232
180
102
43
30
47
88
154
168
218
239
234
261
285
288
310
302
296
276
277
251
218
191
175
145
96
202
317
410
454
469
391
311
298
287
316
334
218
148
164
187
134
73
35
17
45
42
52
56
73
63
63
57
39
20
16
13
7
6
9
50
120
197
247
244
252
210
169
118
45
18
11
9
12
39
60
44
27
17
4
45
52
28
14
14
24
31
41
33
26
16
23
31
73
117
171
248
358
595
653
618
660
601
544
433
466
510
567
574
513
403
301
225
237
301
344
447
533
699
662
496
276
45
48
141
160
98
60
45
53
88
119
167
200
222
282
404
493
411
286
234
200
172
302
404
478
624
660
697
742
787
855
971
1069
1133
1318
1356
1432
1460
1415
1204
932
564
186
28
17
99
156
331
526
702
640
643
952
1062
1083
1287
1418
1210
1018
916
855
797
778
660
474
310
226
202
286
270
200
166
160
153
167
179
173
212
243
266
350
397
441
451
416
316
292
383
279
166
182
193
147
98
68
43
26
19
43
82
120
160
179
240
261
273
260
268
255
223
372
106
83
55
21
18
16
22
15
32
57
67
54
66
52
62
54
30
7
3
0
1
2
0
0
4
1
0
3
184
406
415
256
70
1
2
0
4
0
0
0
0
0
1
3
17
33
34
52
66
61
52
47
54
63
45
19
4
4
30
128
169
125
71
61
54
46
47
33
27
14
12
14
14
18
26
41
54
27
30
35
58
76
89
146
353
468
469
386
333
282
242
206
173
138
75
30
124
314
370
324
258
212
197
215
252
292
323
377
385
374
375
353
343
354
332
290
240
184
130
77
33
4
0
1
20
53
79
164
279
786
979
744
878
1015
1044
1082
1062
1016
1002
942
825
734
630
535
433
321
208
100
64
18
6
22
60
135
178
247
284
286
290
286
241
229
221
192
186
156
110
70
42
32
17
14
7
3
8
8
8
12
9
0
0
0
1
0
0
0
0
0
0
0
0
5
5
8
8
11
11
9
7
5
2
2
2
0
1
3
8
8
0
0
0
0
0
1
1
1
10
5
11
7
4
2
1
0
0
0
0
0
0
0
0
0
0
3
9
23
26
29
32
30
46
41
28
26
57
91
105
98
107
164
245
420
579
696
874
992
1067
987
908
759
598
394
153
312
321
86
278
368
328
323
246
101
303
393
491
427
368
476
723
963
947
891
1000
1219
1189
1017
800
658
605
517
542
672
600
404
192
16
10
11
11
2
14
6
0
3
17
23
23
26
21
26
36
48
44
51
45
37
32
35
86
196
249
241
196
135
89
44
48
79
72
42
15
2
26
48
52
42
58
73
72
47
40
46
78
51
28
18
19
42
50
65
87
137
220
274
255
200
159
113
77
76
87
81
90
90
118
145
154
118
78
53
28
23
42
58
66
93
101
113
101
90
85
93
104
119
121
122
91
83
41
12
10
21
36
72
100
123
125
128
147
165
173
180
175
180
170
161
119
102
79
64
34
6
0
3
11
26
34
41
28
9
10
20
64
126
147
135
121
119
128
132
130
145
133
125
147
167
206
209
196
217
186
142
93
53
54
72
98
142
147
138
82
2
8
122
163
86
78
96
65
57
81
116
152
167
212
247
258
247
253
235
201
168
124
116
103
105
98
103
114
141
186
195
212
197
209
214
198
153
89
46
36
34
27
23
11
1
2
2
1
12
0
0
0
0
0
0
0
0
0
0
0
0
0
0
2
7
19
21
25
32
21
26
10
4
2
1
0
0
0
2
0
0
0
0
0
0
0
0
0
0
0
0
0
0
0
0
0
0
0
0
0
0
0
0
0
0
0
0
0
0
0
0
0
0
0
0
0
0
2
12
1
1
21
45
49
30
16
9
6
5
0
5
9
6
1
1
0
0
0
0
0
0
0
0
0
0
1
0
0
4
2
0
0
1
0
3
2
0
0
1
34
251
337
267
302
276
212
182
133
160
303
204
96
95
94
42
3
69
258
362
285
87
10
26
27
6
0
1
28
42
26
8
4
18
108
80
45
56
41
21
12
49
47
19
8
27
3
0
0
1
0
2
3
0
0
1
12
7
0
0
0
0
0
0
0
0
0
0
0
0
0
0
0
0
0
0
0
0
0
0
0
0
0
0
0
0
0
0
0
0
0
0
0
0
0
0
0
0
0
0
3
1
0
5
7
7
1
0
0
0
0
2
0
6
22
8
16
37
43
62
50
31
6
7
4
4
3
8
10
17
71
187
266
249
123
63
31
25
33
17
14
9
11
4
4
2
0
3
2
6
7
6
2
0
1
7
26
23
7
24
61
34
16
0
0
0
0
0
5
13
2
0
0
0
0
3
7
45
117
132
107
65
23
5
4
1
13
24
29
29
17
7
6
1
3
0
0
1
0
0
0
0
0
0
0
5
9
7
4
3
0
0
0
0
12
52
56
17
2
1
0
1
0
0
29
79
125
178
218
217
231
211
212
189
183
190
174
151
121
64
14
0
4
1
11
43
101
283
380
306
193
157
143
109
86
78
55
35
52
44
11
11
36
91
196
445
571
530
374
365
386
365
404
468
544
575
565
469
330
274
333
305
239
267
311
219
148
128
134
78
76
170
274
447
674
885
1033
1096
1154
1172
1153
1109
1052
928
875
767
666
572
416
349
219
119
51
14
3
0
21
44
70
104
130
141
144
132
124
120
116
90
80
73
74
68
67
56
46
46
28
44
41
38
26
14
14
23
16
12
4
15
15
9
5
7
0
0
0
0
1
10
7
2
0
0
0
0
0
1
0
0
5
0
4
1
9
4
1
0
0
0
0
0
0
0
0
0
0
0
0
1
0
2
0
0
0
0
0
0
0
0
0
0
0
0
0
0
0
0
0
0
0
0
0
0
0
0
0
0
0
0
0
0
2
1
0
0
0
0
0
0
0
0
0
0
0
0
0
0
0
0
0
4
10
17
27
43
47
52
47
45
53
48
57
71
70
81
78
77
73
61
44
23
1
0
0
0
11
23
38
42
59
99
128
134
118
102
124
108
98
95
100
100
91
71
55
45
34
16
4
0
0
0
0
0
0
0
1
0
8
10
13
11
8
5
5
2
0
0
0
0
0
1
0
0
0
0
0
0
0
0
0
0
0
0
0
0
0
0
0
0
0
0
0
0
0
0
0
0
0
0
0
0
0
0
0
0
0
0
0
0
0
0
7
16
34
54
83
99
105
123
100
89
83
71
73
57
42
24
11
0
0
0
0
0
11
37
112
165
167
165
170
190
184
186
179
179
157
153
136
113
91
49
18
5
0
0
0
0
0
0
0
0
0
0
0
0
0
0
0
2
2
3
2
1
2
4
5
5
6
5
11
7
6
2
2
0
0
0
0
0
0
0
0
0
0
0
0
0
0
0
0
0
0
0
0
0
0
0
0
0
0
0
0
0
0
0
0
0
0
0
0
0
0
0
0
0
0
0
0
0
0
0
0
0
0
0
0
0
0
0
0
0
0
0
0
0
0
0
0
0
0
0
0
0
0
0
0
0
0
0
0
0
0
0
0
0
0
0
0
0
0
0
0
0
0
0
0
0
0
0
0
0
0
0
0
0
0
0
0
0
0
0
0
0
0
0
0
0
0
0
0
0
0
0
0
0
0
0
0
0
0
0
0
0
0
0
0
0
0
0
1
0
2
0
0
0
0
0
0
0
0
0
0
0
0
0
0
5
5
4
9
3
0
0
0
0
0
0
0
0
0
0
0
0
0
0
0
0
1
2
5
1
1
0
0
0
0
0
0
0
0
0
0
0
0
0
0
0
0
0
0
0
0
6
0
0
4
0
0
0
0
0
0
0
0
0
0
0
0
0
0
0
0
0
0
0
0
0
0
0
1
4
3
10
15
10
5
2
0
0
0
0
0
0
0
0
0
0
0
0
0
0
0
0
0
0
0
0
0
0
0
0
0
0
0
0
0
0
0
0
0
0
0
0
0
0
0
0
0
0
0
0
0
0
0
0
0
0
0
0
0
0
0
0
0
0
0
0
0
0
0
0
0
2
1
2
0
0
0
2
4
7
13
16
27
34
38
71
70
63
65
41
37
17
13
10
6
0
0
0
0
0
5
5
4
10
20
38
48
35
50
61
61
76
77
79
75
72
67
37
27
19
16
17
15
11
6
3
5
6
8
9
12
3
4
7
10
9
8
14
14
15
10
17
24
17
19
14
18
13
14
12
9
11
15
31
32
31
42
57
63
74
89
100
137
150
151
180
182
175
187
191
192
192
188
184
214
224
220
227
228
257
254
259
248
265
264
279
306
329
307
322
290
299
282
249
198
170
102
74
79
90
116
116
101
88
102
155
226
310
329
402
445
538
705
846
981
1079
1120
1142
1135
1113
1057
1095
1077
1048
998
953
943
882
940
898
851
739
564
444
321
199
157
154
132
147
221
303
426
528
596
679
804
860
873
834
803
775
718
660
640
577
562
518
467
447
393
309
283
212
193
135
144
121
102
51
25
13
6
2
1
16
16
4
0
0
0
0
2
