241
198
1130
2259
2968
854
978
723
170
168
677
159
14709
257
216
185
185
159
177
262
287
275
245
184
135
187
252
224
218
273
295
179
47
10
9
8
0
3
3
4
1
1
0
0
1
1
0
0
0
0
0
0
0
0
8
12
0
0
1
0
0
0
0
0
0
0
0
5
0
0
0
0
0
0
0
0
1
0
0
2
9
5
0
4
4
2
9
12
5
1
4
4
0
0
0
0
0
0
0
0
0
2
17
32
5
0
0
1
3
0
0
0
4
9
2
0
1
0
0
0
0
1
0
0
0
0
0
11
14
3
0
0
4
2
0
0
0
0
0
0
0
0
0
0
0
0
0
3
3
0
0
2
7
4
16
1
6
2
4
6
24
30
58
72
76
77
84
86
73
51
37
24
26
35
17
23
23
12
5
2
2
2
0
1
1
9
25
35
63
52
56
63
56
75
167
274
420
546
811
1134
1356
1188
1140
1074
1135
1032
769
682
901
920
895
779
638
587
413
484
595
675
842
957
941
881
858
699
519
389
356
323
299
322
354
375
308
306
544
764
761
566
401
359
375
381
339
376
390
413
487
498
401
255
239
271
293
275
274
302
331
360
354
432
537
636
655
653
588
380
191
158
245
167
168
154
116
105
157
359
362
221
114
393
409
246
107
94
95
222
418
469
475
430
358
265
170
194
247
312
367
389
431
604
877
1196
1508
1674
1621
1362
1037
958
876
609
390
293
193
174
161
208
413
594
676
634
544
521
450
383
324
377
405
424
410
348
336
298
230
173
429
639
805
892
770
622
547
351
772
895
822
574
351
216
314
276
133
80
81
113
228
389
657
968
1232
1358
1377
1325
1239
1028
854
717
630
544
395
331
366
420
426
368
306
217
120
64
73
53
28
7
11
8
22
42
77
109
54
10
100
182
170
145
136
170
291
276
290
318
255
228
353
419
580
672
721
736
652
510
342
159
49
35
121
250
329
405
523
807
775
637
370
88
121
114
97
50
25
26
57
87
89
70
45
22
6
6
1
0
0
0
0
0
0
0
0
0
1
0
0
0
2
29
24
7
12
3
3
6
4
2
0
0
0
1
1
2
1
0
0
1
0
6
3
2
1
10
17
40
108
250
339
366
405
314
281
273
289
264
206
190
177
193
170
188
144
108
114
132
84
78
124
185
230
197
195
262
312
235
144
122
129
18
6
4
6
35
81
87
177
229
265
264
236
225
255
571
684
578
380
515
407
309
235
177
184
249
248
186
81
46
95
92
95
82
153
221
245
334
377
414
429
277
132
62
58
78
82
91
87
92
92
111
114
114
132
169
229
271
313
424
408
330
208
122
79
48
44
79
78
63
60
75
49
44
53
55
62
58
66
75
90
36
0
0
0
0
0
1
2
5
6
4
5
11
22
14
17
43
41
18
9
3
19
13
31
61
26
6
8
6
17
19
30
20
30
72
94
119
197
295
316
324
354
401
473
468
409
350
287
214
187
203
218
278
313
354
435
590
793
704
648
622
684
682
779
951
854
853
1035
1642
1679
1407
818
1050
1224
1379
1260
1100
659
1146
1682
1441
1131
629
622
1074
1087
912
612
418
203
116
118
148
141
176
353
458
497
539
507
430
375
292
257
556
781
770
346
251
579
473
262
168
114
325
755
937
1050
1175
1087
962
893
841
760
594
441
551
690
756
735
875
880
833
729
447
475
713
922
949
942
1064
1183
1121
952
785
539
805
1073
1252
1369
1355
1140
1169
1150
1226
1201
1209
1176
1022
947
719
580
510
464
569
615
726
703
646
526
406
318
286
292
295
284
287
288
307
327
289
268
253
204
162
148
206
334
416
495
551
628
553
466
425
355
412
538
620
812
993
1092
1001
970
893
882
763
773
763
727
641
648
774
887
865
857
752
668
621
575
585
613
621
591
549
530
517
473
461
404
327
301
263
209
330
525
686
979
1330
1760
2105
2256
2190
2038
1830
1717
1529
1266
982
761
639
493
377
322
377
359
256
185
299
413
434
437
473
475
514
491
486
463
431
423
428
465
783
1040
1238
1290
1318
1346
1285
1173
1040
764
567
463
252
357
410
464
669
646
567
599
521
586
615
673
725
590
354
222
251
387
582
574
597
613
706
906
1082
1023
907
836
697
609
507
416
312
256
255
233
200
171
92
39
17
11
15
9
20
23
39
73
124
236
337
407
367
340
297
260
200
113
61
70
81
85
87
71
63
58
41
43
276
467
676
796
885
956
1037
1085
875
781
828
908
899
800
645
532
521
621
674
565
372
474
1368
2396
2775
2481
1518
1298
1035
736
446
607
694
527
388
289
284
272
217
152
133
164
214
180
128
90
68
72
149
165
138
125
104
59
51
123
236
330
393
443
425
302
212
153
131
182
226
392
262
270
255
242
197
165
297
613
742
922
1750
1763
1747
1560
1294
995
717
532
508
542
590
621
748
831
988
1105
1125
1086
985
848
793
755
730
829
1435
1692
1877
2114
2111
1787
930
861
1384
1198
930
739
558
348
435
309
132
194
265
211
386
723
1094
1300
1408
1349
1285
661
1026
1277
1053
858
552
619
870
921
735
698
758
831
930
910
896
920
955
1104
971
1151
1010
723
490
310
166
60
38
37
139
240
205
162
134
90
77
57
54
52
49
38
18
3
0
0
16
31
23
0
0
1
12
20
17
3
0
24
41
1
0
2
5
1
0
0
0
0
0
0
0
1
0
0
1
5
11
2
3
2
9
18
46
68
94
161
194
219
213
234
271
341
532
747
868
925
1018
1029
971
1116
1194
1324
1503
1586
1607
1480
1291
1031
900
751
684
556
472
395
406
441
473
584
509
410
350
437
594
693
740
716
689
584
452
356
255
336
376
342
354
354
439
604
541
465
498
502
579
663
590
394
291
216
208
226
193
197
220
203
188
200
208
241
253
262
303
240
175
242
298
262
218
213
189
225
221
253
418
504
540
665
787
920
892
823
774
768
698
674
731
710
631
491
350
284
232
204
167
98
32
13
1
4
13
29
54
102
149
167
242
338
457
578
750
914
1025
1259
1394
1407
1423
1382
1271
1079
877
667
688
638
731
810
756
693
640
564
433
424
374
347
442
569
668
694
746
783
773
670
541
529
540
597
680
760
937
1115
1473
1800
2290
2646
2900
2911
2679
2378
1989
1750
1840
1836
1512
1174
1046
942
834
780
712
704
816
1085
1387
1548
1638
1580
1507
1322
1030
865
684
574
441
438
467
508
591
723
733
754
716
688
741
775
805
1123
1412
1858
1955
1630
1191
861
677
931
3155
2181
2454
2696
2637
2428
2152
2311
2207
2071
1846
1596
1171
947
1084
1189
1142
1052
899
1009
1141
1325
1384
1370
1314
1318
1193
1419
1721
1458
1136
710
547
694
764
716
672
699
647
516
420
331
249
206
215
202
209
258
396
428
423
521
603
723
887
1006
1141
1104
1150
1197
960
740
583
523
585
826
874
781
266
105
62
98
135
145
142
117
97
110
107
95
100
218
210
100
55
95
90
121
200
372
459
546
502
511
426
368
237
153
84
102
124
78
90
127
231
391
548
719
960
1084
904
933
840
836
900
947
869
725
464
362
509
701
728
798
664
549
557
447
386
402
398
343
275
334
328
355
357
861
370
373
424
427
382
323
286
267
250
210
207
178
243
272
274
235
240
185
122
101
93
80
84
90
45
27
26
39
29
24
29
70
139
230
233
213
148
94
78
85
126
146
154
168
149
123
114
132
135
135
126
93
63
43
42
38
38
42
44
16
1
2
0
0
0
3
13
16
64
203
583
842
802
645
645
787
805
683
567
523
459
192
215
220
264
224
374
331
311
296
350
417
466
412
266
120
24
2
18
21
28
51
271
438
521
443
604
585
554
534
569
686
795
869
834
867
972
1151
1024
1063
956
745
444
615
515
544
641
710
914
982
1051
1001
939
770
611
608
666
772
800
753
659
625
655
653
627
533
565
919
1139
1246
1404
1592
1881
1862
1616
1215
745
514
226
562
559
608
723
815
884
925
871
986
943
1044
1079
1147
1212
1178
1042
970
928
726
458
649
1063
1583
2070
2190
2084
1778
1465
1619
1662
1846
1998
1991
1753
1535
1343
1266
1260
1197
1038
816
618
447
411
510
620
647
670
762
834
863
967
935
940
853
848
827
703
588
460
363
278
269
299
326
392
443
444
437
487
494
703
903
1015
1015
977
853
758
631
597
482
395
360
308
321
365
375
382
345
249
190
268
378
565
695
832
954
1050
1149
1112
1035
867
683
617
609
609
656
798
975
1294
1422
1429
1277
905
509
206
265
346
611
1202
1817
2052
1887
1814
1396
919
482
633
888
1222
1324
1524
1376
1057
728
655
458
251
255
287
236
199
197
273
428
477
490
544
684
726
662
537
308
298
417
554
700
822
800
579
643
599
419
366
465
614
627
573
617
563
460
385
412
433
434
445
523
357
190
108
106
84
96
159
201
130
40
10
18
30
21
89
214
214
181
108
62
17
73
119
86
99
147
123
155
188
159
93
96
107
131
154
209
385
618
847
898
811
874
903
925
863
798
781
653
502
374
301
405
562
503
437
341
282
258
254
269
301
402
456
565
772
735
441
361
225
199
104
106
51
32
19
12
9
10
5
11
15
25
23
22
27
15
18
27
36
37
45
71
82
79
61
51
39
36
27
17
14
7
10
16
12
13
16
19
57
78
132
234
327
433
584
540
375
366
298
285
185
111
66
108
180
183
188
149
148
166
187
168
157
137
124
133
150
228
415
602
577
549
452
356
398
571
456
174
139
275
181
103
58
27
36
72
95
88
65
41
98
176
280
653
729
884
822
471
296
287
115
95
106
51
60
36
4
3
7
5
0
0
0
0
1
1
2
5
9
12
11
10
11
12
12
20
28
20
12
9
8
7
6
7
10
11
8
6
13
15
9
10
8
4
3
1
3
0
0
0
11
135
222
280
282
252
226
184
144
89
25
0
0
0
0
1
13
17
13
9
6
0
0
0
0
0
0
5
11
6
3
0
0
4
3
0
25
78
98
93
72
63
33
24
8
46
70
139
240
261
241
197
139
73
40
51
56
86
119
114
84
78
53
44
30
21
4
3
11
10
5
2
5
45
77
81
68
58
55
23
5
4
4
8
13
71
176
257
359
461
594
1017
1274
1412
1511
1583
1535
1397
1214
1127
1056
1039
952
666
391
251
175
293
288
450
780
913
881
500
185
735
1132
1270
1398
1546
1388
1136
953
755
549
350
361
652
1021
1475
1583
1702
1850
1895
1860
1728
1645
1530
1475
1199
730
785
961
1444
1886
2216
2410
2568
2282
1978
1625
1279
1018
1013
1186
1507
1813
1916
2050
1936
1823
1456
1278
1238
1128
1006
897
775
738
808
853
953
1149
1188
1218
1436
1606
1012
866
686
468
300
355
467
415
393
415
482
465
425
405
371
281
186
152
154
164
187
227
249
279
286
259
248
193
200
233
240
226
208
218
234
212
188
155
131
149
171
154
147
159
158
210
289
309
281
219
188
190
223
234
235
177
111
74
42
35
36
34
36
62
83
137
220
261
258
301
335
345
394
444
513
538
440
410
381
330
390
390
370
323
311
228
170
172
234
322
450
552
506
324
200
143
146
176
163
172
185
155
46
12
18
22
19
30
73
123
238
259
222
170
149
196
236
220
390
453
711
865
875
866
399
735
970
1065
955
583
595
954
1326
1381
1597
1418
1187
876
470
521
706
852
595
385
300
224
90
107
128
116
151
282
469
634
776
850
856
812
681
590
540
496
566
579
622
592
592
670
737
840
781
570
407
693
1012
1115
1003
765
832
950
784
526
470
509
554
611
664
747
699
591
480
534
717
1072
1262
1453
1554
1717
1940
1995
1843
1806
2049
2188
2224
2233
2357
2329
1946
1727
1255
820
766
658
477
301
416
383
300
295
452
547
476
574
857
921
923
1308
1502
1577
1501
1502
1531
1438
1311
1116
790
870
1141
1306
1261
1107
968
840
549
491
735
678
430
323
389
658
839
931
982
1028
1105
1140
1499
2096
2462
2291
1790
1412
1386
1471
2101
944
867
933
976
1115
1147
1220
1295
1354
1367
1457
1420
1259
1002
784
632
470
394
448
584
567
479
459
467
571
746
857
701
279
318
639
700
703
575
415
265
182
139
115
107
172
261
291
175
77
169
185
178
157
164
260
214
148
88
57
62
66
65
58
67
71
62
68
47
28
7
1
0
0
0
0
10
12
13
11
24
33
49
42
73
38
26
21
28
29
27
17
18
20
10
34
57
57
33
29
34
38
41
29
23
14
11
4
0
4
4
8
0
0
0
0
0
0
0
0
0
0
0
0
0
0
0
0
0
0
0
0
0
0
0
0
0
0
0
0
0
0
0
0
4
44
136
202
238
286
322
292
201
140
116
94
62
49
64
76
53
27
12
8
3
0
1
7
8
8
3
1
9
6
10
10
5
4
0
0
0
0
0
0
0
0
2
8
11
15
13
49
135
293
586
844
1126
1204
1015
974
1340
1567
1314
1028
913
732
817
931
841
628
619
707
784
819
766
640
501
368
187
103
61
76
53
31
39
47
46
38
66
238
293
106
53
19
12
18
30
60
76
77
76
100
146
170
113
71
54
39
40
21
4
12
17
57
59
66
65
46
24
6
2
0
0
2
4
0
0
4
9
12
7
2
0
0
2
14
3
0
0
0
1
5
4
1
0
0
0
0
0
1
19
52
86
86
44
0
8
14
7
2
0
3
6
7
5
27
41
24
11
5
3
7
6
10
18
36
55
44
13
2
5
22
29
12
2
1
3
7
5
1
0
1
6
2
1
3
19
19
13
24
2
20
47
44
10
5
25
27
18
15
21
22
52
62
61
56
39
25
17
8
21
43
27
12
1
0
0
0
0
0
1
0
0
0
1
2
0
2
1
0
2
0
0
6
25
61
92
105
113
99
53
24
23
10
1
6
0
0
0
0
0
2
0
15
19
11
13
24
21
5
4
7
4
2
5
7
21
60
63
64
38
43
56
12
4
1
1
1
1
0
1
0
1
2
0
0
0
4
3
2
6
17
34
39
63
86
96
103
83
62
32
35
86
90
74
86
58
22
3
4
27
61
109
179
284
494
769
657
677
1428
2017
2032
1729
1165
950
1771
2585
2425
1530
1443
1067
1066
745
469
487
409
280
170
273
265
167
118
49
32
20
39
39
29
7
2
4
16
83
277
871
1116
1211
1465
1053
442
636
891
970
870
815
729
527
196
43
28
67
129
171
176
176
155
247
576
905
1298
1627
2082
1838
979
793
1038
1200
1383
1413
1278
1169
1062
857
276
366
189
223
179
122
45
26
40
29
9
8
9
3
1
3
0
0
0
0
1
15
28
27
33
40
46
58
73
91
104
158
420
590
464
235
88
51
62
46
35
23
38
73
98
83
70
47
31
11
2
1
0
0
0
0
0
7
0
0
0
0
0
2
1
0
2
3
12
17
9
5
7
2
0
6
9
0
0
10
32
21
30
9
4
4
4
3
6
10
14
0
3
5
36
74
39
14
7
6
5
2
0
3
5
15
28
30
20
10
15
40
82
98
20
18
30
36
53
42
13
8
9
7
3
3
7
19
22
12
18
20
10
2
0
0
0
0
0
0
0
2
31
30
5
12
64
84
78
24
2
11
17
2
1
0
4
16
22
25
21
16
8
3
2
2
0
0
0
0
0
0
0
0
0
0
0
0
0
0
0
0
0
0
0
0
0
0
0
0
0
0
0
0
0
1
2
16
2
0
0
2
2
0
1
1
4
0
0
0
0
2
2
2
2
0
0
0
1
0
0
0
0
0
0
0
9
9
0
0
0
0
0
0
0
4
0
0
0
0
0
0
2
15
42
37
57
91
124
136
157
115
60
50
106
124
77
140
169
167
61
22
10
16
42
26
17
15
7
34
43
28
26
21
8
10
8
12
44
55
79
116
113
71
60
21
9
11
22
27
2
0
0
2
9
21
10
6
4
3
0
0
0
8
0
0
1
23
31
19
18
15
5
6
3
4
3
0
0
0
0
4
4
4
7
14
20
34
41
52
60
105
139
178
190
180
152
140
132
100
69
79
78
145
229
272
250
247
229
237
215
195
160
123
108
90
81
94
68
65
50
21
8
2
0
0
4
24
40
18
1
2
8
20
38
42
57
52
73
52
44
69
89
97
142
191
180
162
182
243
215
273
461
649
749
941
1099
1005
1088
1226
1263
1283
1238
1294
1391
1667
1920
2032
2061
2030
2188
2324
2402
2343
1961
2456
3064
3154
2668
1759
1558
1688
1868
1826
1546
1583
1556
1562
1547
1442
1421
1547
1768
1784
1463
1540
1642
1617
1391
1188
1305
1310
1318
1311
1334
1363
1373
1298
1574
1815
1778
1650
1612
1481
1356
1274
1285
1246
1147
868
595
691
196
285
342
328
266
234
208
216
239
281
376
460
659
858
1088
1280
1459
1632
1675
1638
1601
1594
1591
1718
1743
1819
1831
1809
1798
1710
1618
1585
1553
1578
1560
1560
1524
1449
1405
1443
1302
1276
1178
1145
1134
1120
1097
1212
1241
1181
1090
1057
999
1032
942
793
653
450
353
239
180
171
180
129
89
62
49
21
21
28
32
32
57
80
98
88
89
85
63
53
33
39
19
10
16
39
68
83
117
91
74
37
25
23
28
26
24
9
4
11
12
17
9
11
6
14
12
3
2
23
53
46
13
12
23
21
8
15
11
44
103
92
82
55
45
25
1
0
7
15
0
0
0
0
2
0
8
11
6
0
0
0
1
2
0
0
0
0
2
2
1
0
1
2
7
0
1
0
9
14
8
2
2
1
1
5
0
0
2
5
8
3
0
0
0
0
0
0
0
0
0
0
1
5
3
1
1
4
0
0
0
1
4
16
33
54
65
28
2
0
0
1
3
9
1
5
7
4
0
0
1
2
1
2
0
0
0
1
4
3
0
0
2
4
8
11
11
57
98
104
62
47
54
42
67
186
287
369
468
576
570
483
388
341
337
321
360
378
364
323
221
179
135
87
62
58
52
47
45
22
8
5
1
0
0
0
0
0
0
0
0
0
0
0
0
0
0
0
0
0
0
0
0
0
0
0
0
0
0
0
0
0
0
0
0
0
0
0
0
0
0
0
0
0
0
0
0
0
0
0
0
0
0
0
0
0
0
0
0
9
30
43
22
12
6
3
9
7
11
10
8
17
32
43
59
63
47
36
35
35
28
32
35
26
23
18
11
13
11
7
5
1
0
0
0
0
0
0
0
1
0
0
0
0
0
0
0
0
1
0
0
0
1
1
3
10
11
18
13
8
8
8
2
1
7
17
8
4
10
43
132
198
258
291
306
267
208
162
173
169
175
161
136
124
92
57
46
38
15
0
2
0
2
3
1
1
0
0
0
1
4
8
5
7
0
8
4
4
5
17
20
2
1
0
0
0
0
0
0
0
0
0
0
0
0
0
0
0
2
8
26
45
65
118
157
279
413
559
646
773
805
892
896
857
794
719
682
605
530
444
355
254
188
116
60
57
71
82
93
88
94
91
79
69
48
52
33
39
116
246
396
515
651
660
666
595
499
417
325
476
199
240
348
430
479
489
454
428
435
476
618
700
910
1102
1259
1286
1269
1192
1169
1174
1242
1184
1240
1232
1282
1151
1068
867
959
887
824
552
388
516
618
705
816
902
1031
1096
1104
1110
1192
1171
1053
909
744
625
624
704
735
779
850
946
1043
1171
1200
1107
918
781
804
1013
1251
1191
1084
1211
1326
1369
1444
1480
1456
1386
1423
1452
1530
1936
2596
2716
2831
3010
2749
2334
1856
1328
1084
907
1886
790
856
812
669
593
618
594
469
398
372
322
405
455
439
459
438
452
444
415
380
347
304
270
228
188
156
98
102
227
463
857
1296
1530
1747
1866
2009
1980
1775
1808
1714
1569
1545
1629
1421
1109
616
307
283
349
473
427
405
396
365
368
344
330
285
274
301
238
202
135
89
53
27
7
17
46
64
76
71
49
28
29
24
20
25
35
56
93
115
101
82
88
299
721
1175
1410
1328
1712
1902
1620
2126
2519
2848
2521
1604
896
1118
2112
2928
2967
2456
1166
1706
2301
2431
2026
1851
1834
1673
1480
1245
991
879
890
1150
1816
2069
1933
1696
1556
1170
675
692
621
535
778
992
1240
1382
1446
1412
1331
1249
1275
1194
1076
1029
809
436
510
1006
1222
1197
1353
1522
1318
1055
784
561
265
157
471
723
821
842
869
901
954
985
935
928
894
775
686
515
509
489
433
429
442
425
452
485
504
490
441
434
467
463
478
531
577
573
563
477
395
313
285
505
812
886
744
656
720
757
695
671
553
706
789
730
637
699
754
895
1169
1275
1287
1071
897
1026
1084
1367
1837
1846
1699
1496
1272
1260
905
719
1084
1612
2031
2053
2179
1860
1520
1431
1182
1217
1748
2426
2562
2478
2598
2409
1887
1339
806
344
219
220
217
196
191
245
261
279
343
536
648
866
1121
1425
1514
1628
1681
1504
1393
1168
898
750
867
1052
1248
1315
1398
929
750
801
563
487
745
902
942
866
874
716
666
831
1192
1587
2011
2538
2895
2856
2291
1868
901
458
500
554
442
207
194
194
147
158
184
149
57
19
42
52
58
122
234
264
181
86
92
92
95
101
143
347
589
841
1162
1380
1457
1260
1335
1913
1763
1514
1243
1242
1142
1264
1339
1327
1218
1149
883
775
841
1005
1054
1059
1104
934
819
696
610
540
614
605
556
480
483
525
539
527
551
498
388
301
321
315
324
318
261
287
440
775
1427
2003
2310
2613
2906
3159
3253
3355
3330
3355
3349
3530
3517
3493
3406
3309
3143
2999
2797
2512
2327
1995
1865
1962
2257
2729
3345
3786
3953
3741
3528
3041
1887
1227
1223
997
993
1375
1751
1975
2188
2390
3952
2421
2704
2869
3005
3089
2905
2737
2626
2501
2296
2171
2031
1842
1744
1633
1312
1171
972
791
742
686
573
452
384
386
469
604
633
648
523
250
61
328
722
808
775
408
90
91
95
20
4
18
29
7
2
0
0
0
0
0
0
0
0
1
12
64
125
228
344
426
516
663
951
1041
887
760
647
568
441
564
666
725
826
699
629
695
774
493
173
183
399
503
546
446
328
251
406
622
458
193
137
90
34
66
190
198
89
15
3
2
16
70
116
141
183
400
457
332
318
245
140
94
114
88
90
94
100
110
111
107
238
355
430
522
687
758
782
843
907
1003
1086
1151
1221
1284
1400
1454
1523
1608
1633
1803
1915
1861
1638
1307
925
722
488
365
178
140
186
334
430
553
732
982
1132
1423
1703
1947
2074
1941
1730
1466
1488
1550
1629
1636
1565
1553
1540
1567
1565
1563
1535
1469
1430
1371
1302
1150
1061
977
927
830
733
676
572
459
387
335
302
264
223
257
282
290
354
456
503
481
350
282
221
226
283
274
241
173
116
132
124
177
197
244
288
260
243
242
306
398
435
487
521
592
626
548
499
388
501
631
709
727
669
608
564
549
446
336
278
181
130
116
215
236
276
321
302
293
300
258
310
309
295
236
228
257
274
286
364
423
478
565
643
652
658
660
722
718
671
610
511
398
269
176
118
67
51
66
90
102
90
90
110
117
133
169
207
218
231
224
200
180
175
194
226
281
275
240
209
102
179
277
249
78
172
281
353
396
283
284
349
408
414
416
391
307
217
204
210
197
179
161
103
79
79
62
34
35
55
101
139
184
218
297
433
558
394
262
189
67
54
119
206
308
357
421
436
446
341
269
214
169
119
91
44
10
13
3
3
0
0
2
1
2
4
2
2
2
2
0
4
3
0
1
0
1
0
0
0
0
0
0
0
0
1
6
48
89
103
103
102
106
103
128
196
252
284
315
240
158
141
133
116
83
69
51
42
41
19
9
1
6
5
6
28
29
22
25
42
86
117
93
84
72
77
107
152
185
217
179
228
246
291
435
581
592
525
431
356
257
210
162
139
115
57
37
19
8
2
7
6
27
75
76
65
33
15
9
6
6
11
21
41
50
38
45
39
28
19
14
11
6
4
9
3
2
2
6
25
29
35
35
29
17
20
18
22
28
53
65
42
30
21
19
45
58
55
75
178
91
95
110
173
123
171
288
364
403
366
284
154
91
23
17
24
26
32
28
31
25
7
3
4
4
14
17
12
6
3
2
7
10
27
17
24
41
13
25
22
6
30
28
8
0
0
0
1
16
6
0
14
0
0
0
1
0
0
0
0
0
1
0
0
0
0
0
1
0
0
2
1
0
0
0
0
0
1
4
4
2
6
2
4
9
10
1
2
1
0
0
0
0
0
0
0
0
0
0
0
0
0
0
10
22
21
11
13
25
21
40
57
56
36
20
24
21
17
26
38
68
100
119
139
111
88
83
62
27
19
35
59
66
71
60
37
20
1
0
0
0
1
1
13
0
0
0
0
0
2
2
2
0
0
0
0
0
0
0
0
0
1
1
5
12
6
28
47
58
59
62
35
46
73
88
141
123
77
88
139
273
268
263
197
176
153
161
85
130
78
70
32
25
21
1
1
10
50
68
46
39
48
36
18
8
29
27
38
15
3
3
1
0
1
3
1
9
3
4
2
2
0
0
1
0
0
0
0
0
5
7
1
5
10
7
26
28
42
112
182
266
433
453
367
306
324
353
315
214
171
205
399
584
614
612
560
538
645
636
600
622
563
584
466
381
379
333
311
258
191
113
136
112
71
23
44
76
78
91
110
90
58
60
40
42
37
29
14
12
11
3
0
0
0
0
0
0
1
3
4
5
5
11
26
51
65
85
107
149
207
247
243
290
359
374
425
374
310
357
338
304
257
200
121
120
209
314
502
601
552
525
627
581
593
495
457
354
372
359
362
385
445
540
635
681
661
798
925
960
753
512
445
425
296
154
93
114
153
180
189
169
132
136
116
90
79
70
52
48
53
50
67
44
32
20
14
11
8
3
16
40
54
74
47
36
29
43
55
69
85
106
193
235
269
304
327
330
321
337
354
337
340
312
300
364
472
400
329
333
476
537
435
371
417
260
237
262
293
318
461
451
328
271
208
267
426
528
706
969
939
804
743
793
689
429
219
123
161
240
401
525
567
562
612
594
560
535
526
522
968
385
400
363
263
155
144
134
131
94
109
193
243
312
447
476
494
572
683
830
943
778
581
592
836
969
624
776
1003
1055
999
626
299
229
107
83
136
111
14
7
40
19
4
1
26
46
57
121
283
374
592
222
212
227
239
280
225
177
164
190
233
194
145
114
99
111
82
73
52
39
48
61
69
95
115
116
168
152
155
124
78
56
31
25
24
17
46
56
28
11
18
20
23
33
61
62
47
63
63
29
7
5
7
4
3
2
2
21
22
5
48
60
23
11
38
90
63
143
304
424
489
572
609
657
597
413
274
333
300
245
246
257
292
265
200
192
123
77
61
48
33
31
46
40
29
11
18
26
35
45
26
11
3
1
1
1
4
8
22
45
49
41
47
21
7
85
211
298
338
238
100
161
176
140
132
113
70
46
53
62
55
59
44
14
7
13
18
18
6
4
9
11
16
7
15
9
6
4
4
5
7
10
14
15
11
13
10
8
4
0
0
0
0
1
6
3
2
0
0
0
0
0
0
4
4
23
42
25
38
85
164
351
432
507
487
577
569
576
467
307
252
232
212
228
275
329
363
336
328
338
371
301
278
239
183
118
84
70
72
37
10
7
38
48
39
18
6
19
28
44
29
11
6
9
24
39
31
15
8
4
5
5
5
5
0
0
0
0
0
0
8
11
4
4
3
1
0
0
0
1
3
0
0
1
2
3
3
10
8
2
0
0
0
0
0
0
0
0
0
0
0
6
8
5
0
0
0
0
0
0
0
0
0
1
0
3
0
0
0
0
0
0
0
0
1
0
0
0
0
0
0
2
0
0
0
0
0
43
133
205
245
276
264
238
259
281
282
197
89
102
192
207
220
182
171
191
282
389
493
483
440
405
333
310
272
127
108
61
10
45
66
59
53
42
21
16
27
11
3
4
5
4
1
1
12
17
6
10
21
4
0
0
0
0
4
7
29
45
34
12
3
4
3
1
1
0
0
1
0
0
3
1
0
0
0
0
1
0
0
0
0
1
1
1
0
0
0
0
0
0
0
0
0
0
0
0
0
0
0
4
8
2
0
1
6
0
0
2
0
0
0
0
0
0
0
0
0
0
0
12
181
407
536
727
898
1032
926
637
682
1200
1445
1142
1113
1283
1208
912
765
653
823
1094
1194
1349
1244
962
620
649
512
449
365
461
645
850
838
705
493
357
316
332
318
267
164
40
20
61
98
145
186
230
325
332
300
378
404
403
393
324
310
288
207
148
117
106
81
45
27
10
2
0
0
0
0
0
0
0
12
5
8
3
7
10
4
5
2
0
11
15
4
0
0
0
7
203
533
739
902
832
722
542
395
285
184
105
76
154
168
174
159
124
148
150
135
87
45
24
31
26
46
105
195
208
164
112
85
34
22
27
7
11
26
10
7
5
13
13
12
2
1
5
6
3
4
2
7
8
14
14
8
12
9
17
20
22
5
5
2
0
1
2
26
63
82
104
136
138
98
74
74
69
64
34
50
67
65
115
199
309
404
440
420
359
200
37
81
72
42
16
3
22
60
110
208
296
418
576
688
761
698
562
421
345
337
372
352
335
367
417
424
436
398
554
844
1100
1323
1539
1426
1210
557
514
448
437
420
311
257
219
308
394
582
866
1133
1349
1388
1259
1324
1136
963
741
619
620
523
446
291
232
204
155
27
235
506
781
1205
1134
992
840
670
520
414
357
305
246
174
151
174
214
289
413
385
299
102
57
186
237
314
437
477
469
390
317
229
159
81
47
34
34
22
20
11
3
4
0
1
3
88
166
150
108
65
28
13
8
6
1
4
3
8
52
187
299
320
299
234
393
382
396
449
519
542
528
534
540
518
365
223
411
573
707
667
604
531
454
370
270
207
104
21
0
16
66
89
150
162
121
41
48
61
60
68
74
106
137
142
130
110
127
204
214
129
96
179
195
128
224
414
601
788
939
918
716
493
401
492
615
531
268
72
30
16
40
48
76
279
609
1011
1340
1446
1433
1342
1272
1037
775
625
432
258
239
185
131
53
24
7
27
43
93
141
193
80
44
98
88
105
202
357
450
286
147
45
23
31
1
50
213
368
421
355
253
234
212
251
242
192
132
86
26
4
7
19
53
91
125
126
137
179
215
142
116
183
145
86
71
76
118
164
143
123
74
51
101
77
41
36
21
2
0
0
2
0
0
6
13
33
68
60
42
38
34
33
20
10
3
13
0
1
4
11
16
4
0
0
7
10
11
12
2
15
35
38
10
14
38
120
302
703
973
1214
915
670
633
650
704
720
782
564
289
196
170
137
77
69
69
110
163
163
98
29
28
46
46
65
115
179
183
171
181
167
126
100
67
106
97
58
143
280
385
467
555
705
626
584
477
472
437
515
498
510
519
472
599
602
459
478
522
528
500
370
194
178
232
258
324
295
255
292
377
559
309
245
193
112
71
61
67
56
45
20
1
18
52
51
100
182
281
438
552
635
691
654
384
339
467
553
685
553
366
467
675
679
435
643
622
552
451
371
472
511
444
516
862
928
793
442
222
209
348
523
505
416
409
412
398
372
277
325
304
273
304
338
427
881
920
880
880
946
893
657
372
528
793
819
805
848
820
738
638
463
422
584
649
811
954
978
984
1289
1381
1305
1049
671
374
207
59
109
189
214
246
264
322
397
457
576
636
685
682
702
677
652
612
533
414
295
288
568
687
758
702
621
581
392
328
315
369
386
443
519
563
609
566
582
485
415
295
97
161
292
563
763
768
600
633
512
388
320
350
407
513
563
615
505
487
417
450
454
422
368
298
244
142
56
114
190
343
535
700
560
627
432
221
190
270
265
217
225
250
241
156
114
51
43
39
20
7
3
4
9
36
33
0
0
0
1
11
12
1
2
1
2
1
1
0
8
7
3
0
3
0
0
0
4
15
35
59
55
43
33
27
40
24
22
19
16
25
45
54
30
27
14
7
3
0
0
0
4
17
9
0
3
5
9
6
1
1
0
0
0
1
4
5
2
0
0
0
0
0
3
12
23
30
31
24
8
4
1
1
0
0
2
0
0
0
6
8
6
18
38
56
67
73
70
38
3
1
0
0
0
7
18
32
31
15
0
0
0
0
0
0
0
3
7
12
9
9
1
2
7
18
72
166
331
377
281
235
203
169
160
128
121
102
97
91
77
76
85
84
74
79
66
58
52
30
35
44
19
10
5
1
20
74
92
69
31
0
1
5
0
0
0
0
1
5
31
54
73
81
78
82
83
76
53
24
1
0
1
25
65
89
65
41
12
58
46
16
1
6
4
4
3
0
1
2
0
0
0
0
44
97
109
123
156
143
87
22
14
16
9
5
1
1
0
0
0
0
0
0
0
0
0
0
0
1
0
0
0
0
0
0
0
0
0
0
0
0
0
0
0
0
0
0
0
0
0
0
0
3
7
19
41
68
119
158
190
112
44
0
0
20
41
25
25
7
2
0
0
0
12
13
9
5
2
0
0
1
1
1
1
0
1
0
0
0
0
0
0
1
2
14
59
109
108
94
38
0
3
0
0
0
4
11
29
70
102
124
115
62
3
20
130
201
245
191
278
354
323
288
198
25
110
141
122
94
74
90
122
177
213
236
239
235
247
243
213
148
64
151
179
143
74
55
88
151
189
214
184
136
94
124
168
183
163
150
132
130
209
291
475
728
1059
1280
1402
1360
1297
1164
1156
995
867
822
684
1003
1532
1755
1490
1228
738
237
178
137
52
92
220
334
440
552
654
740
680
584
474
317
150
83
188
342
427
541
587
590
609
675
732
682
596
473
648
817
747
529
343
173
104
193
139
171
193
269
369
518
827
916
990
908
752
619
627
773
958
967
748
549
350
168
244
263
245
238
333
754
1249
1663
1798
1695
1510
1268
900
625
399
228
408
548
557
469
428
263
351
363
299
232
245
226
193
111
48
18
27
102
301
574
703
694
580
593
618
683
764
791
712
521
396
334
327
247
287
281
287
270
275
289
280
256
250
209
141
124
113
120
89
67
36
33
70
340
585
588
491
423
472
498
502
432
420
475
416
425
457
450
465
467
441
497
431
458
495
582
510
538
504
508
481
374
334
236
195
145
138
122
114
100
87
100
160
196
265
297
454
534
496
360
180
150
322
724
1202
1548
1791
1694
1823
2098
2020
1728
1427
1139
945
798
642
551
492
453
428
399
403
444
407
409
320
204
99
54
42
22
18
14
11
46
128
257
426
542
556
518
489
525
440
526
719
880
964
1028
1140
1224
1187
1082
908
809
847
1106
1113
853
666
451
447
829
1161
1151
733
642
923
1143
1251
1148
1037
942
702
412
163
67
82
91
146
121
143
208
276
184
147
172
166
197
107
60
37
47
66
79
105
138
162
236
274
324
353
388
403
619
824
1261
1656
2033
2225
2287
2184
2352
2284
2353
2448
2313
1882
1527
1067
792
682
571
274
226
272
327
451
628
1280
1447
819
327
913
1453
1611
1968
2203
2294
2417
2683
2378
2065
1857
1590
1198
983
519
529
635
629
596
609
645
612
511
451
319
215
292
300
257
194
36
106
125
70
247
396
396
274
179
131
133
148
67
37
17
3
4
18
30
12
12
7
2
5
6
12
16
36
48
40
31
60
153
182
184
160
150
125
152
197
227
249
282
345
403
346
238
181
128
80
31
13
1
0
7
0
4
7
6
22
20
16
20
20
19
18
5
7
1
6
11
13
38
56
83
102
95
103
118
130
152
153
121
120
97
78
63
46
25
8
5
3
9
30
72
98
472
160
183
169
186
190
230
281
328
388
462
510
594
570
544
519
452
427
403
361
357
328
299
273
227
188
210
218
197
104
45
7
26
37
65
78
103
184
229
266
252
272
232
222
229
199
199
207
218
201
211
231
254
252
247
241
198
148
94
61
54
29
20
20
7
0
0
3
3
8
36
131
214
212
203
199
275
346
426
458
447
407
354
308
274
206
172
119
101
71
43
25
9
2
0
0
0
0
0
0
1
10
4
3
3
0
9
0
9
29
30
16
6
6
2
0
1
10
3
4
0
0
1
3
1
2
16
27
27
34
58
127
168
153
160
155
135
113
74
50
38
20
12
10
6
1
5
4
2
0
0
0
0
0
0
0
1
1
0
0
1
0
0
0
0
1
4
0
0
1
2
1
1
1
1
2
11
6
0
1
5
7
9
1
2
6
1
0
0
0
2
1
2
6
10
11
12
8
8
8
4
14
14
5
0
0
0
0
7
0
0
0
2
3
5
3
1
5
1
0
1
4
21
114
202
189
121
79
45
34
28
22
45
61
50
41
63
77
61
58
68
68
81
74
47
14
6
4
11
7
2
4
9
4
2
3
10
5
11
22
26
21
28
28
33
46
85
127
192
234
262
321
328
367
427
408
422
445
520
688
796
803
527
483
483
455
347
267
313
300
308
414
878
1129
1004
619
275
333
653
766
757
864
1059
1136
1181
1172
1153
1110
1147
1140
1077
916
762
558
452
451
491
505
594
588
549
520
447
375
356
334
310
323
322
353
381
374
448
596
721
839
996
1114
1040
1092
1225
1260
1371
1610
1739
1728
1504
1459
1762
1795
1672
1396
1116
875
571
160
151
332
442
408
372
525
826
977
856
710
524
439
602
820
998
899
745
826
807
882
884
759
517
360
515
835
1095
1266
1296
1178
1025
856
741
688
706
778
833
826
787
800
758
737
732
671
640
585
509
439
468
463
434
429
403
370
350
246
91
90
152
157
113
66
52
58
64
77
76
40
26
68
94
81
85
53
40
28
35
47
71
105
123
122
123
109
98
101
125
111
134
127
117
107
121
94
85
72
84
88
87
84
99
117
145
164
186
241
275
309
325
339
312
307
309
272
221
151
124
98
79
46
33
37
23
15
15
12
12
7
11
6
4
0
0
1
5
12
11
3
0
1
1
2
1
0
19
1
1
0
1
0
0
0
0
0
0
9
20
27
41
52
85
105
76
38
24
29
27
23
7
9
14
20
22
22
22
28
36
26
17
5
3
1
0
0
0
0
0
0
0
2
5
5
4
8
13
12
11
15
41
124
180
212
206
215
262
249
272
276
264
249
170
131
121
66
29
23
42
59
38
60
76
80
72
89
66
76
74
65
55
72
101
145
152
137
120
96
65
56
32
42
79
89
84
74
61
33
18
10
10
6
4
2
3
3
4
15
41
84
133
183
182
133
139
216
285
333
342
306
271
274
251
192
82
55
64
42
43
53
48
5
0
0
0
4
0
0
12
42
54
66
79
59
69
56
35
29
15
6
0
0
4
8
15
16
15
8
20
26
6
4
0
0
0
0
0
0
0
0
0
0
0
0
0
0
0
0
0
0
0
0
0
0
0
0
1
0
0
0
0
0
0
2
5
0
0
0
1
0
0
0
0
1
0
0
0
0
0
0
0
0
0
0
0
0
0
0
8
1
0
0
0
0
0
0
0
0
0
1
2
1
0
0
0
0
0
0
0
0
0
0
0
0
0
0
0
0
0
0
0
0
6
1
0
0
0
0
0
2
1
0
0
1
0
0
0
0
0
0
0
0
0
0
0
0
0
0
0
0
0
5
3
0
0
0
0
8
4
2
3
5
5
6
12
10
14
14
10
4
6
11
10
11
5
3
43
13
1
5
1
0
1
6
12
29
16
9
1
0
1
0
5
17
10
11
0
26
59
106
128
104
53
60
35
16
22
34
33
15
4
27
89
65
43
61
84
111
102
76
84
84
50
39
15
4
8
8
11
17
0
0
2
0
0
4
2
1
3
10
12
16
36
25
27
41
70
66
29
13
9
5
4
15
17
50
32
25
78
110
117
147
135
75
83
105
158
226
257
167
80
50
35
19
16
24
15
6
3
29
46
112
69
50
32
10
12
12
20
69
105
110
137
98
65
97
206
405
535
574
483
498
458
415
319
237
154
184
303
335
329
333
281
263
216
98
62
26
76
168
183
83
163
180
113
10
33
9
19
60
78
120
165
200
194
157
127
68
15
1
2
11
58
81
56
23
30
3
3
3
0
4
0
0
0
1
0
1
1
3
2
3
2
5
1
9
95
47
60
64
47
19
16
25
15
1
0
0
1
5
15
18
15
4
0
1
0
0
0
0
4
3
1
1
1
0
0
0
0
0
0
4
7
26
24
7
1
3
1
0
0
0
0
0
0
1
0
0
0
0
0
0
0
0
2
8
16
30
25
6
0
0
0
0
7
14
16
11
15
14
12
7
0
0
2
4
3
11
10
7
12
5
4
4
1
1
1
0
0
0
0
0
1
0
0
0
0
0
0
0
0
0
0
0
10
4
8
2
0
0
0
0
0
0
0
0
0
0
0
0
0
0
0
0
0
0
0
1
5
6
3
4
1
0
0
0
0
0
0
0
0
0
0
0
0
0
0
0
0
0
0
0
0
3
1
0
0
0
0
0
0
0
0
0
0
0
0
0
0
1
0
0
2
1
0
0
0
0
0
5
32
72
105
169
275
320
397
526
446
434
380
407
468
540
527
349
141
66
271
440
519
610
677
724
711
740
526
377
310
528
664
739
616
451
191
236
374
442
442
364
335
279
356
440
360
183
154
200
202
182
136
132
143
163
160
157
165
181
196
208
259
258
244
173
122
188
207
123
215
478
578
550
469
400
595
833
892
753
637
698
932
1145
1071
899
630
521
573
715
771
773
797
863
918
1019
1027
1062
1012
1024
967
816
760
608
410
237
186
143
129
118
92
83
134
169
185
184
142
89
80
79
61
65
69
60
55
97
138
186
208
190
222
210
213
216
215
183
129
118
121
94
72
37
18
29
65
99
171
261
321
296
242
232
202
183
156
129
182
263
345
356
339
343
322
270
147
15
7
24
43
33
32
20
9
5
19
41
57
53
26
16
7
1
0
0
0
0
1
0
0
0
0
0
0
0
0
0
0
1
4
0
0
0
0
7
22
20
3
1
0
11
23
15
9
1
7
10
46
48
28
3
2
6
17
25
20
16
51
59
46
15
6
2
4
9
7
12
26
8
6
5
13
27
14
8
4
9
6
3
3
0
0
0
1
1
1
3
1
1
0
0
2
5
0
8
12
2
1
9
10
22
57
69
74
77
82
76
40
13
4
13
63
80
84
70
38
6
0
0
3
9
3
0
0
20
92
119
104
63
24
20
28
32
34
22
6
0
1
0
1
1
1
1
0
0
0
0
0
0
3
2
5
21
43
20
8
21
56
60
37
5
3
5
8
15
9
10
11
6
4
9
0
1
0
1
1
8
18
36
56
77
173
258
281
264
198
131
100
84
105
87
66
29
27
21
11
26
9
1
0
0
7
6
7
11
25
42
31
12
7
2
1
0
1
5
10
15
13
21
25
17
12
10
11
6
2
1
0
0
0
0
0
0
3
12
2
0
0
1
2
22
43
28
24
12
9
13
42
41
35
38
43
10
1
1
3
1
0
0
0
1
0
0
0
0
0
0
1
4
0
0
0
0
23
36
36
37
30
9
25
39
53
72
47
17
7
14
42
49
33
2
6
15
36
70
129
175
157
45
17
25
10
9
8
12
7
2
3
2
5
14
8
18
12
2
0
0
0
0
0
6
2
4
12
28
28
31
26
27
23
38
70
88
83
59
59
41
32
21
16
29
33
42
40
25
24
63
104
114
119
102
67
61
96
168
213
173
139
119
116
135
116
99
54
18
10
10
9
1
3
0
0
0
1
7
14
20
23
27
28
28
23
14
15
15
14
15
5
4
0
0
0
0
0
0
0
0
0
0
0
3
0
3
0
1
1
3
2
2
3
4
4
3
2
0
0
0
0
0
0
0
0
0
0
0
1
12
19
0
1
2
2
13
12
19
57
157
231
244
254
269
295
364
445
464
461
435
411
431
375
215
137
142
138
129
183
265
284
325
372
340
254
269
230
217
285
357
342
266
331
443
537
586
713
859
744
481
173
312
348
383
459
465
444
439
405
330
258
187
151
200
375
471
707
878
819
656
697
682
587
585
485
420
379
383
435
407
380
312
309
177
96
280
383
421
406
288
114
218
352
501
580
716
722
735
629
620
564
432
366
254
217
160
167
199
360
547
543
258
52
37
23
1
48
54
16
4
5
3
1
21
367
861
1160
1043
849
553
295
422
448
520
541
438
301
256
390
472
646
857
868
853
826
621
498
438
366
387
440
493
444
489
567
568
548
529
591
594
522
490
476
501
521
671
782
891
937
628
333
549
776
1007
1022
927
819
687
663
670
693
656
630
614
593
581
593
571
507
508
476
472
469
440
380
344
313
301
314
342
354
349
335
243
222
289
374
583
723
959
1007
1045
1142
1250
1324
1607
1854
1873
1936
1716
1063
459
222
214
248
220
293
340
319
355
399
451
481
518
581
765
788
847
939
927
958
790
697
661
542
366
262
231
186
142
103
93
66
42
107
153
193
322
1043
1125
917
1063
1127
1084
812
688
635
447
299
174
140
146
166
224
281
362
391
447
448
406
355
291
250
229
256
227
176
165
139
78
72
84
101
81
112
147
158
149
131
148
190
228
220
240
256
261
205
174
150
113
95
65
104
195
320
524
742
1053
1079
922
703
761
562
491
341
211
392
507
718
872
979
975
941
888
874
792
705
586
495
374
338
282
217
150
79
51
36
30
22
26
7
9
26
35
110
123
242
529
873
962
1050
924
797
674
638
519
302
208
182
187
263
380
401
438
424
431
403
333
298
225
190
125
89
64
58
53
36
16
5
24
71
146
294
492
712
917
971
930
871
709
675
683
639
545
317
119
112
223
331
491
624
746
880
920
957
873
752
641
533
455
602
823
1127
1331
1334
1123
820
545
360
288
242
148
67
43
58
66
73
105
125
107
78
63
41
8
1
8
28
37
42
34
23
16
12
12
8
3
3
0
5
2
0
1
0
0
0
0
0
0
0
0
0
0
0
1
4
0
0
0
0
0
0
2
5
0
0
0
0
0
0
0
0
0
0
4
2
6
13
23
31
31
28
27
20
15
12
8
4
0
0
0
0
1
0
0
0
0
0
0
0
0
0
0
0
0
0
0
0
0
0
0
0
0
0
0
0
0
0
0
0
2
0
2
4
7
9
4
2
3
7
2
4
9
9
7
9
24
51
107
243
440
579
630
687
744
699
626
567
529
428
418
460
469
392
138
0
0
0
0
0
0
0
0
0
0
0
0
6
3
0
4
0
0
0
0
0
0
3
60
350
493
565
584
582
733
744
651
477
520
675
665
764
799
836
857
798
460
602
659
539
621
536
371
323
280
334
283
208
165
215
145
46
19
27
25
25
3
1
5
7
3
5
1
2
3
4
9
13
17
21
36
43
73
72
79
85
76
75
59
82
148
268
383
323
149
51
73
102
159
174
135
104
97
98
83
72
61
42
66
87
30
3
24
29
19
8
7
2
2
4
1
1
0
1
2
0
0
0
0
0
4
10
7
7
17
20
5
4
3
0
18
10
0
14
36
56
85
104
136
153
169
113
54
178
186
247
333
451
575
632
593
837
1402
1831
1967
1873
1697
1574
1203
909
651
494
538
671
951
1330
1760
1772
1452
1380
745
524
503
367
280
262
332
257
215
289
362
305
161
56
29
47
52
40
34
22
66
71
46
16
1
0
2
4
6
11
13
35
39
59
79
78
80
72
21
16
11
18
11
24
3
4
7
5
0
0
0
0
0
0
2
1
11
15
11
7
5
4
1
0
0
0
0
2
0
0
4
1
0
0
0
0
2
0
0
6
2
20
130
214
273
316
331
416
428
400
377
398
375
380
343
232
167
98
76
74
76
52
30
4
1
0
0
69
168
227
237
249
262
167
26
43
63
50
35
14
17
22
51
101
134
341
591
765
879
721
380
334
518
564
573
569
466
387
287
229
193
182
251
312
325
332
297
263
235
218
276
339
386
371
341
353
445
474
346
161
146
219
138
295
315
402
548
697
728
714
732
1021
991
1046
1223
1528
1866
2204
2401
2222
1825
889
960
879
626
395
331
305
250
162
116
148
274
356
323
275
274
369
432
520
451
511
588
669
714
783
795
735
622
539
491
482
501
386
373
334
308
275
298
247
223
214
156
90
76
176
240
264
312
301
285
280
371
387
328
341
337
326
323
259
149
114
93
45
28
55
119
94
99
130
142
91
58
62
48
75
90
96
97
76
92
117
114
102
70
55
49
59
34
17
11
2
0
0
0
0
0
0
0
0
0
0
0
0
0
0
0
0
4
2
1
1
0
1
2
3
2
3
4
1
1
1
1
2
3
3
9
24
13
21
24
26
19
19
18
15
15
13
7
1
0
0
0
2
4
0
0
12
9
4
8
23
21
44
2
0
0
0
6
0
0
1
23
60
49
77
204
244
476
1175
2015
2502
2471
2505
2093
2149
2192
2437
2546
2232
2033
2207
2068
2018
1953
2081
2190
2131
1925
1536
1443
1377
1361
1335
1214
994
1150
1286
1361
1144
820
486
555
473
265
158
129
76
61
126
185
213
201
169
167
139
122
135
104
56
102
140
216
416
716
901
872
664
821
1364
1882
2272
2477
2611
2695
2701
2369
1864
1330
1007
520
212
137
162
256
336
241
138
92
155
196
236
252
337
428
450
369
268
154
139
154
189
188
145
85
53
32
69
277
527
584
622
669
659
575
495
442
495
716
1085
1214
1006
909
778
741
552
478
350
233
253
199
162
238
649
421
598
583
676
755
719
736
785
855
912
946
937
930
1034
1061
1032
1056
957
831
680
560
494
420
341
309
296
267
206
183
146
113
85
72
78
100
104
166
191
320
533
770
898
1024
1075
1135
1127
1185
1244
1311
1261
1214
1182
1078
989
845
734
764
811
828
822
669
562
503
405
208
112
42
20
22
49
85
104
111
121
92
29
33
21
25
23
25
17
17
24
24
17
13
9
18
10
8
7
10
19
24
45
73
93
87
65
54
67
81
134
232
411
515
633
745
885
974
1062
1090
1043
986
989
921
871
870
805
718
633
514
421
289
237
161
108
61
58
70
99
226
265
365
350
323
307
295
233
252
263
300
343
404
476
498
519
500
468
454
348
251
187
152
102
113
97
91
98
156
266
279
204
78
28
69
45
23
5
0
23
26
17
17
17
14
5
3
4
7
18
17
20
16
8
4
15
13
3
1
1
1
3
8
5
7
3
2
1
2
1
0
0
0
0
0
0
0
2
1
25
63
112
106
88
55
35
15
15
11
14
12
6
0
0
0
0
0
0
1
0
0
2
0
0
2
1
1
0
1
3
2
0
0
0
0
3
0
0
0
23
83
192
390
582
736
722
525
276
144
84
78
100
209
445
467
666
773
924
461
296
366
439
810
1127
1139
677
312
122
56
46
47
85
136
115
34
19
27
9
16
26
35
39
36
38
76
76
36
37
60
76
52
35
29
89
146
263
263
69
215
571
434
83
58
200
83
4
3
6
0
0
0
0
1
29
71
15
12
46
22
20
20
22
18
20
18
16
13
7
13
21
26
23
62
186
623
1396
1807
1943
1703
1306
833
342
156
122
103
50
25
13
0
4
10
35
22
14
2
22
5
3
2
3
14
29
56
53
26
1
8
2
0
15
10
20
8
0
1
0
0
0
4
0
8
26
113
214
328
328
109
215
86
35
80
163
135
82
96
92
121
118
116
85
73
50
16
5
1
0
0
7
3
7
14
16
26
28
33
26
12
5
3
7
1
4
2
0
0
0
9
22
16
5
21
72
177
246
275
338
844
1583
1862
1922
1860
1943
2163
2263
2537
2526
2378
1979
1511
1190
889
662
543
705
922
971
731
454
369
348
444
539
532
376
193
213
345
413
377
304
234
215
242
309
725
940
953
729
578
808
1245
1547
1523
1393
1302
1036
759
380
453
486
532
509
409
497
769
878
954
944
874
851
760
707
756
1004
1162
923
927
1380
1709
2070
2435
2459
2409
2675
2568
2074
1856
1609
1503
1453
1500
1495
1418
1345
1492
1560
1321
1261
771
726
668
606
763
895
965
928
862
945
1084
1049
1082
981
963
795
653
561
449
420
440
336
371
596
641
595
502
439
416
372
342
310
309
380
340
135
109
129
146
216
251
375
478
517
553
622
870
1034
1060
1053
958
902
869
991
1145
1304
1460
1589
1687
1889
2078
2309
2176
1924
1530
1163
769
384
132
131
403
721
974
1250
1537
1834
2076
2110
2305
2345
2439
2517
2503
2522
2506
2495
2449
2427
2430
2498
2589
2529
2417
2397
2375
2342
2288
2093
1772
1365
1095
952
897
866
793
708
584
511
477
408
367
348
275
213
161
133
110
91
74
41
31
13
17
10
5
6
7
3
8
7
3
0
0
0
0
0
0
0
0
0
0
0
0
0
13
176
571
909
1081
1037
1259
1337
1541
1734
1427
1300
1121
958
961
743
545
419
285
335
447
670
617
530
509
461
502
544
660
706
573
374
212
69
24
18
18
10
15
3
28
54
37
18
8
8
0
0
0
0
0
2
3
14
17
10
0
0
0
4
1
0
0
0
0
0
4
5
0
6
0
0
0
0
0
0
0
0
0
0
0
0
0
0
0
0
0
0
0
1
1
14
4
3
6
2
1
3
2
0
0
0
0
0
0
0
0
0
0
0
0
0
0
0
0
9
0
3
7
15
36
55
117
101
68
44
22
3
1
6
48
71
52
44
42
37
27
27
22
13
39
60
61
45
30
24
17
27
29
40
32
20
3
4
3
8
4
1
1
1
5
12
0
0
0
1
0
0
0
1
1
0
0
0
0
5
13
2
5
17
18
13
6
4
18
33
54
25
63
506
986
958
545
158
50
82
57
7
13
102
441
947
1533
1736
1706
1386
924
579
355
470
650
634
380
347
401
385
328
229
149
222
395
502
311
97
18
8
26
38
132
158
122
83
41
58
84
124
88
61
47
109
192
146
73
159
251
262
250
247
202
138
163
161
115
110
110
89
54
28
8
11
8
0
8
0
0
0
5
3
0
37
270
480
347
148
97
141
167
69
44
178
472
518
371
217
241
376
588
652
737
902
1250
1244
841
441
463
746
889
864
815
603
527
487
478
361
331
343
319
294
205
99
69
63
30
11
12
20
6
8
7
3
1
0
2
0
0
0
0
0
0
5
9
2
7
12
22
33
15
11
0
0
0
0
0
0
13
373
1231
2264
2361
1699
614
388
550
431
274
321
225
44
71
124
93
32
32
41
29
11
15
2
17
10
2
8
137
313
254
35
174
252
101
22
63
27
20
25
16
37
26
7
11
3
13
15
16
2
0
0
2
7
8
3
0
0
0
4
5
4
3
5
0
0
0
0
0
0
0
0
0
0
0
0
0
0
0
0
0
0
0
0
0
0
0
0
0
1
0
0
0
0
0
0
0
0
0
0
0
0
0
0
0
0
3
1
0
0
0
0
0
0
0
0
0
0
0
0
0
0
0
0
0
0
0
0
0
0
0
0
0
0
0
0
0
0
0
0
0
0
0
0
0
0
0
0
0
0
0
0
0
0
0
0
2
0
0
0
2
6
79
229
610
1196
1514
1499
1275
1489
1672
1780
1543
1294
1041
885
835
872
633
534
654
615
540
408
335
386
449
434
441
339
316
273
197
185
246
358
348
403
394
364
372
318
243
263
269
305
280
304
258
219
309
264
298
274
293
397
543
663
767
914
981
990
821
484
277
250
288
366
471
544
537
575
432
345
288
264
298
339
353
384
391
463
534
600
727
812
876
1048
1208
1258
1088
947
827
710
552
286
377
611
686
702
714
706
653
504
428
349
329
332
272
204
237
404
566
608
586
609
575
636
675
748
743
587
264
324
422
506
485
431
432
489
519
551
522
260
428
513
311
120
64
51
77
50
59
99
181
308
422
423
428
400
419
433
473
514
531
593
589
566
524
463
338
325
265
259
477
638
740
833
865
907
1007
1067
1224
1142
894
548
372
349
307
284
260
373
531
665
670
652
492
391
397
422
467
445
440
456
453
453
468
536
559
599
606
636
679
681
741
672
668
632
623
551
506
459
476
542
466
411
637
759
597
420
384
365
456
588
650
626
617
601
510
610
664
722
731
804
819
924
948
959
990
1171
972
689
488
291
195
120
70
42
19
9
13
27
36
28
35
50
58
77
90
99
121
142
149
140
116
120
146
128
158
137
118
151
161
139
141
147
151
140
134
122
143
133
124
106
96
99
84
86
87
87
79
66
63
66
69
63
69
62
64
72
71
63
58
55
39
33
33
94
255
370
422
786
167
356
401
317
261
296
646
1142
1675
1934
1066
1252
1279
1367
1235
1040
771
523
462
374
280
267
244
191
195
318
404
418
551
609
704
819
947
1054
1119
1142
1092
988
763
776
734
643
572
468
419
396
321
235
127
85
48
29
14
9
5
6
4
6
5
5
9
6
4
9
4
5
0
0
0
0
3
1
1
1
0
0
0
0
0
0
0
0
0
0
0
0
0
0
0
0
0
0
0
0
0
0
0
0
0
1
0
0
0
0
0
0
0
0
0
0
0
0
11
7
0
0
0
0
0
0
0
1
2
2
0
14
19
26
32
29
22
6
7
1
15
29
41
39
33
15
20
8
2
0
0
0
0
0
0
1
0
0
0
1
11
36
72
104
112
77
60
54
58
66
89
140
180
252
295
398
433
383
377
469
581
577
380
248
276
283
210
83
19
10
17
59
61
46
87
62
35
37
6
4
1
0
0
0
0
0
6
7
2
4
0
42
114
164
174
178
182
171
214
225
245
258
301
351
316
341
361
396
461
475
452
429
440
468
476
525
506
503
452
403
335
277
278
275
250
264
264
237
203
145
211
369
577
557
492
411
227
46
35
48
5
0
13
13
7
1
12
0
1
1
6
7
3
0
2
0
0
0
12
28
48
101
183
221
224
217
203
182
187
188
162
142
114
116
81
72
38
29
8
2
5
9
13
6
6
0
1
3
2
2
0
0
1
0
1
0
0
0
0
0
0
2
3
0
1
15
22
26
44
34
29
89
158
206
323
287
248
120
24
49
20
8
14
8
9
5
0
0
0
10
33
50
37
7
82
112
127
29
10
53
62
47
67
86
82
60
68
110
180
227
306
384
505
632
563
484
408
330
240
132
155
201
226
262
281
369
441
324
357
221
143
160
126
142
250
253
263
325
404
527
530
463
686
924
935
766
876
485
300
169
395
753
1085
1480
1824
2166
2204
1963
1810
1355
1107
1089
1115
1129
897
661
618
678
693
604
474
261
444
574
576
543
319
22
164
153
231
291
310
332
287
290
279
264
247
107
43
182
125
87
72
73
79
114
185
211
252
265
243
158
56
37
46
123
112
9
32
56
63
54
131
192
203
174
86
34
48
75
101
111
150
140
183
292
411
631
903
1166
1511
1811
1904
1887
1813
1742
1672
1735
1942
2191
2440
2422
2354
2829
1090
826
784
675
354
336
996
1672
2193
2358
2347
2048
1658
1284
844
561
429
433
373
317
173
149
126
92
61
59
43
39
23
15
34
59
75
159
300
645
876
1052
1047
1060
928
580
256
170
270
344
397
421
459
462
469
476
444
432
407
358
284
236
151
97
55
30
16
6
0
0
1
3
3
6
19
35
27
23
22
28
31
25
67
162
719
1355
1786
1974
2546
3294
3397
2978
2431
1518
598
1601
2821
3348
3243
2308
1128
737
882
1085
1148
1175
1328
1470
1406
1345
1037
627
728
870
735
469
172
163
179
263
313
392
369
400
489
568
568
523
470
435
432
452
470
520
548
594
576
605
581
600
577
555
526
464
432
327
290
248
237
172
181
165
121
111
90
84
99
73
61
48
59
29
48
40
39
54
51
38
18
13
15
8
5
0
0
0
0
0
0
0
1
23
102
266
383
466
471
390
349
279
249
195
178
148
95
91
53
27
6
0
0
0
8
75
209
331
432
471
472
400
334
224
173
212
249
277
312
188
102
112
85
29
35
23
45
36
27
6
0
1
0
0
0
0
0
0
0
0
0
0
0
0
0
0
0
0
0
0
0
0
0
0
0
0
0
0
0
0
0
0
0
0
0
0
0
0
0
0
0
0
0
0
0
0
4
7
0
0
0
0
0
0
0
0
0
0
0
0
0
0
0
0
0
0
0
0
0
0
0
0
0
0
0
0
0
3
39
120
148
162
229
345
400
489
628
936
1098
1294
1486
1524
1345
1183
928
678
711
556
419
328
204
164
121
71
149
278
456
731
998
1210
1436
1517
1557
1636
1750
1879
1984
2024
1983
1816
1658
1590
1734
1724
1178
593
492
496
428
493
767
1356
1892
2223
1916
1443
1003
941
1175
1764
2167
2226
2348
2172
1784
1566
1425
1094
940
1153
1060
831
902
1222
1340
1257
935
572
515
628
1210
2105
2823
3192
3736
4028
4068
3906
3971
3743
3276
3124
3011
2721
2743
2362
1705
1679
1983
2057
2154
2267
2264
2165
2045
1816
1770
1714
1718
1819
1581
1506
1476
1554
1795
1879
1847
2035
2351
2640
2711
2692
2583
2618
2712
2735
2360
2027
1925
1644
1138
1147
1009
880
725
621
829
988
1158
1172
1343
1540
1718
1979
2167
2266
2011
1544
1273
1096
1196
1317
1376
1869
2413
2649
2443
2598
2712
2600
2145
1278
698
715
727
777
946
1065
1118
1061
975
881
850
802
728
612
334
142
164
130
98
78
76
64
45
48
41
47
69
76
74
70
58
63
116
450
324
439
648
844
1071
1474
1649
1761
1764
1643
1521
1283
1145
1112
1132
1227
1393
1417
1244
1072
903
875
735
853
886
982
957
915
806
679
476
301
101
74
96
72
96
177
285
330
413
508
574
733
909
1076
1122
1133
1003
866
819
677
443
394
451
545
667
576
506
292
375
413
376
313
241
225
139
83
75
74
36
44
48
53
54
37
13
7
4
5
1
2
4
13
33
30
33
77
77
27
25
36
37
25
10
18
40
151
242
287
437
701
974
1196
1648
1978
1940
1685
1457
1506
1588
1489
1239
1256
1350
1572
1592
1427
1319
1497
1599
1454
1405
1265
982
682
762
684
677
833
893
822
747
621
667
629
622
764
1044
1186
1044
894
699
761
789
830
652
415
555
663
616
679
598
372
349
400
386
243
186
272
434
574
797
961
930
992
1103
890
1067
1399
1168
834
829
618
507
563
707
829
817
881
923
1122
1328
1232
1072
724
469
248
158
138
220
324
458
501
570
526
468
456
435
337
148
116
89
48
41
72
100
154
120
116
163
276
404
303
355
495
414
274
208
101
145
248
267
191
171
213
210
134
132
131
122
113
24
5
16
8
4
12
13
17
28
62
133
217
303
390
466
540
605
724
816
914
1074
1300
1372
1317
1364
1323
1272
1328
1465
1735
2028
2241
2674
3038
3377
3601
3730
3762
3690
3328
2748
2084
1778
1708
1507
1239
1185
1218
1040
879
688
709
841
837
806
807
867
1061
1309
1431
1515
1525
1443
1384
1222
1144
1085
977
786
557
402
390
325
331
428
538
544
430
334
361
358
408
490
569
708
746
809
777
704
623
495
495
448
388
362
347
413
398
275
216
153
96
67
51
42
33
24
8
11
6
4
23
30
50
96
149
190
204
238
259
247
271
271
330
387
405
426
444
421
316
222
193
157
110
98
135
157
150
129
111
82
56
48
41
42
53
55
39
31
31
38
53
46
55
55
60
59
57
28
5
3
1
14
13
11
7
10
13
25
30
23
15
12
10
9
11
17
12
18
25
29
8
1
0
0
0
0
11
5
8
15
24
13
3
10
31
51
59
66
102
68
51
57
54
32
14
6
2
0
1
0
0
0
0
0
6
0
0
0
12
7
12
0
1
2
6
0
1
0
11
9
9
1
6
2
1
13
90
196
308
409
410
361
274
183
93
57
108
88
80
173
253
247
178
154
71
31
10
6
16
5
4
5
1
0
0
1
73
116
226
257
272
251
218
135
76
49
22
3
1
1
0
0
4
86
270
422
441
425
326
246
177
127
199
148
213
362
420
412
376
333
280
168
41
22
15
9
7
3
0
2
1
0
2
5
8
7
9
10
14
16
22
17
16
69
306
629
910
919
811
757
595
535
479
508
537
558
557
602
579
616
601
582
600
637
610
501
468
430
368
279
213
199
197
285
331
494
769
1009
1219
1432
1626
1795
2040
2283
2498
2655
2922
3154
3255
3267
3125
2859
2662
2528
2409
2333
2175
2109
2148
2237
2721
2897
2739
2596
2581
2299
2272
2149
1997
2424
2067
1370
1430
1382
1259
780
266
270
298
229
221
178
175
160
228
268
319
436
409
325
417
340
297
552
694
831
720
334
226
349
374
340
216
59
13
42
62
107
180
253
307
413
439
387
416
439
448
411
377
355
305
267
230
202
213
298
412
414
339
218
96
40
30
26
20
5
0
0
1
11
24
7
1
0
0
1
5
0
0
0
0
0
0
0
0
3
7
72
178
181
167
343
520
355
552
627
743
578
396
376
331
274
174
70
8
4
48
99
91
88
26
8
19
49
76
58
56
20
6
6
7
3
6
1
3
0
1
2
3
5
17
54
82
72
47
46
52
55
66
93
119
158
191
190
195
180
159
87
33
69
83
82
61
46
50
97
186
337
506
641
942
1065
1091
1087
849
623
335
122
20
15
8
1
5
36
66
104
80
55
52
62
89
117
123
130
106
100
124
164
227
369
467
577
691
791
835
901
956
1102
1164
1257
1288
1229
1113
985
817
671
542
410
302
214
159
132
127
136
195
248
388
529
627
628
607
467
336
357
397
299
173
263
342
334
325
258
193
131
51
27
55
111
154
117
109
84
56
18
0
0
8
31
13
7
8
6
8
12
3
0
20
68
120
175
216
183
317
448
443
361
299
231
163
96
58
68
81
74
85
78
124
250
443
672
872
942
867
931
993
1010
972
904
861
773
502
348
185
91
34
22
40
47
43
41
44
42
51
50
41
29
24
17
13
15
8
4
0
0
0
0
7
121
269
399
465
621
727
813
836
933
984
908
942
885
839
817
769
747
682
617
534
442
361
250
180
126
97
85
47
23
26
57
51
43
21
7
23
31
21
30
26
41
59
59
51
51
36
8
1
0
0
8
45
73
83
93
73
75
92
117
164
41
40
18
36
40
74
104
130
157
204
214
171
129
71
63
54
70
68
67
99
103
55
101
165
147
129
65
187
214
203
130
75
134
179
170
45
24
26
31
23
9
6
1
2
32
30
24
65
60
26
1
1
5
3
0
0
0
0
1
1
1
0
0
5
1
35
71
152
376
644
869
1070
1185
1254
1313
1312
1320
1287
1271
1260
1332
1263
1369
1418
1464
1431
1354
1300
1237
1121
1005
855
675
512
399
342
271
316
316
300
282
244
242
211
186
167
120
106
126
140
154
166
175
187
219
257
299
340
488
678
867
1126
1198
1188
1462
1830
1532
1302
1640
1496
1181
1206
1415
1854
2231
2502
2862
3253
3479
3592
3653
3789
3268
1997
803
1849
2931
3364
3215
3187
3095
2992
2928
2947
3048
3135
3216
3551
3597
3756
3852
3612
3292
2784
1999
587
707
1614
2441
2929
3205
3145
3204
3028
2927
2905
2915
2777
2766
2862
2912
3083
3242
3080
2822
2362
2079
2459
2706
3384
3730
3810
3717
3630
3711
3336
3328
3082
2715
2441
2216
2081
2019
1861
1453
1387
1330
1059
796
646
391
235
86
45
39
42
17
11
24
19
23
13
3
4
2
0
0
2
0
0
0
0
0
0
0
0
0
2
0
5
5
8
10
33
102
227
408
992
1621
1882
1703
1643
1439
1286
1173
992
754
537
397
397
345
306
253
155
52
16
1
12
23
30
183
251
190
119
40
4
1
0
0
0
9
9
8
14
21
32
47
42
46
52
55
62
90
153
275
408
499
516
487
442
447
476
415
396
393
397
329
330
309
295
270
245
237
236
212
212
190
167
162
146
135
130
128
122
139
139
131
108
118
100
104
87
76
68
70
60
70
75
96
111
111
149
160
133
99
93
70
82
47
64
63
56
35
51
92
80
94
93
93
104
95
124
129
128
189
155
299
503
553
594
479
200
233
383
515
592
543
421
321
240
216
243
257
222
195
281
335
350
283
190
111
156
260
320
393
462
506
477
427
377
319
297
292
271
254
223
226
218
213
279
385
533
630
606
452
237
138
192
264
330
342
334
298
360
598
761
950
1065
1217
1496
1795
1850
2004
2276
2462
2734
2917
2948
2785
2794
2591
2693
2649
2423
2140
1930
1779
1616
1556
1542
1533
1367
1302
1220
1163
1077
950
897
783
715
706
635
508
416
410
512
662
1103
1544
1947
2142
2316
1804
1713
2114
2675
3194
3209
3296
3240
3192
3136
2767
2474
1964
1264
1249
1259
1243
1312
1383
1509
1532
1600
1745
1865
1871
1945
2170
3064
1545
1083
573
560
1410
2252
2575
2386
1780
1373
1258
1185
1291
1443
1560
1603
1648
1592
1565
1441
1570
2046
2394
2769
2588
2405
2007
1774
2024
2188
2196
1616
1358
1060
936
1069
1098
972
792
723
698
629
510
312
249
250
219
142
71
40
24
16
3
0
0
3
3
2
0
0
0
6
23
29
37
26
11
6
6
10
6
10
2
5
1
7
15
14
21
37
57
60
74
77
74
59
54
44
42
55
46
43
31
26
18
7
0
0
0
1
4
10
4
1
1
0
6
3
7
14
21
12
3
0
0
4
3
2
0
1
0
2
0
0
0
0
0
0
0
0
0
4
23
56
118
135
194
196
237
230
187
207
202
261
266
340
380
460
547
655
843
962
1090
1128
1211
1272
1376
1469
1637
1797
2005
2126
2160
2048
1893
1639
1368
1202
1125
1074
1003
966
867
906
836
761
686
644
583
545
443
403
368
357
361
324
321
358
411
465
509
455
389
340
362
498
505
586
675
807
835
832
872
876
834
900
896
881
876
817
827
772
807
724
733
685
628
592
571
497
448
426
407
341
285
203
124
103
87
43
11
3
1
0
0
0
0
0
1
0
0
0
0
0
0
0
0
1
5
17
57
63
1
2
15
23
11
2
1
0
0
0
0
0
2
7
13
15
33
29
17
8
5
27
87
133
157
127
124
98
66
135
230
295
407
445
421
439
404
362
393
384
374
356
323
272
276
247
178
121
82
34
11
2
3
11
58
117
147
145
145
162
173
169
200
183
121
88
35
7
2
5
0
0
2
0
0
1
1
3
7
11
5
4
1
12
63
196
337
423
506
469
393
339
298
317
321
303
203
218
277
376
415
431
488
525
544
597
528
523
480
457
366
329
289
264
314
366
418
550
638
767
958
1169
1302
1394
1491
1589
1744
1866
2094
2313
2461
2443
2162
1713
1584
1803
1930
1874
1738
1612
1545
1462
1441
1428
1372
1299
1537
1673
1707
1708
1730
1624
1550
1352
1225
1133
1064
953
883
746
703
608
558
551
496
436
356
274
243
250
284
249
176
129
102
73
45
32
19
14
17
20
24
36
39
32
22
30
69
43
7
13
34
96
202
274
339
431
442
397
351
310
256
210
197
164
85
30
19
132
364
560
770
893
946
934
951
827
779
763
706
687
665
611
580
487
405
328
270
227
136
65
141
127
41
25
28
20
24
35
31
10
0
0
5
7
4
30
14
16
20
25
24
10
6
13
29
38
32
33
26
21
6
3
1
0
8
0
2
0
0
0
4
2
0
0
0
0
0
0
0
1
0
6
9
13
17
8
0
2
0
4
3
2
5
1
14
1
0
0
0
1
1
2
1
1
0
0
1
0
0
1
3
2
0
6
0
0
25
44
10
6
3
0
0
2
3
59
239
706
1253
1507
1423
1262
1467
1663
1411
1267
1404
2095
2406
2391
2398
2279
1812
1361
1084
681
358
126
306
432
380
338
434
557
792
1027
1500
1966
2333
2455
2577
2282
1474
425
834
1100
1050
912
797
512
110
332
509
585
594
496
354
154
203
308
387
457
594
782
951
1229
1338
1578
1746
1889
2006
2043
2090
2128
2154
2191
2190
2082
2019
2025
1960
1833
1623
1314
1106
785
470
324
236
226
250
161
143
211
274
91
25
176
223
198
134
59
67
78
93
86
48
62
81
109
73
62
38
16
8
6
3
19
16
11
36
77
373
539
648
768
955
902
651
418
201
236
346
394
256
160
96
187
222
89
16
107
253
504
770
867
1103
1457
1787
1765
1611
1349
1181
945
1487
1753
1830
1750
1548
1246
946
671
632
578
473
327
308
252
303
368
300
367
459
768
975
1076
1128
1272
1398
1551
1596
1943
2199
2306
2340
2225
1944
1589
1403
1526
1746
2008
2029
2099
2063
1991
1628
1358
1355
1297
1471
1670
1569
1363
1083
868
650
493
373
211
160
156
137
189
333
427
496
583
663
697
726
763
783
785
794
851
810
829
816
779
807
734
603
493
418
451
410
345
269
273
273
190
242
307
238
118
62
72
155
184
152
110
87
73
111
84
30
0
2
2
4
2
0
0
0
13
68
199
277
186
74
260
140
38
165
60
87
173
106
184
80
18
44
14
20
6
5
20
6
1
2
5
0
4
0
4
6
32
401
657
718
497
618
1145
1913
2293
2324
1778
804
402
1286
1534
1476
1417
1334
1326
1432
1511
1487
1515
1416
1253
995
656
476
387
461
509
401
285
278
365
516
485
332
288
183
282
346
258
139
66
128
143
125
188
300
326
298
241
235
215
218
177
158
225
287
281
360
519
684
785
832
822
640
351
159
267
465
715
1031
1263
1200
767
276
334
382
276
180
86
48
55
76
106
151
160
204
229
292
300
259
250
274
269
282
327
393
408
404
357
275
194
228
233
156
95
25
6
1
19
162
360
416
364
149
101
114
81
42
30
11
9
3
0
0
0
2
86
237
307
216
152
234
486
472
240
300
172
130
305
237
81
93
170
100
91
124
148
121
134
185
299
461
665
801
744
881
1292
1309
1251
1212
1192
1156
1301
1366
2038
2464
2593
2348
2214
1933
1742
1515
1319
978
872
918
1422
2290
3194
3807
3897
3207
2835
2701
2394
1703
1243
1071
1045
924
800
746
595
466
377
278
222
201
197
156
231
262
204
107
35
11
9
21
38
45
21
20
18
30
43
52
58
41
93
139
131
157
128
112
139
121
105
46
34
44
99
397
1005
1577
1574
1267
1091
818
692
678
775
692
596
560
517
484
404
368
353
350
403
354
238
156
61
66
110
140
220
274
302
327
361
421
499
515
545
563
599
621
655
666
702
617
565
536
468
389
243
166
161
428
932
1270
1270
1011
1006
792
664
849
761
804
811
776
617
500
819
1342
1754
1926
2068
1717
1249
1492
1307
1249
1364
1126
889
797
695
600
783
1034
1136
1159
997
886
741
653
697
709
713
773
822
864
899
890
909
772
658
699
916
1337
1502
1499
1558
1619
1633
1602
1462
1385
1235
1167
1132
1153
1047
1042
953
885
780
715
598
497
485
488
560
595
895
1270
1340
1473
1587
1866
1883
1690
1782
2495
3269
3645
3658
3317
3907
4194
3788
3020
1950
1254
1632
2463
3595
4494
4910
4479
3853
2109
1038
1249
789
778
648
450
473
598
916
1472
1539
1620
1992
2061
2278
2302
2305
1918
1685
1366
1244
1204
1348
1543
1481
1406
1330
1393
1338
1466
1447
1408
1390
1257
941
662
922
910
939
948
1261
1313
1694
1725
1459
1131
1044
983
850
889
634
230
86
273
324
313
268
218
165
227
487
797
979
1170
1489
1307
1092
1252
1580
1836
2094
2069
1815
1837
1541
701
475
861
1234
1435
1537
1751
1668
1667
1599
1293
1202
1118
1102
1158
1610
1815
1904
1774
1097
1127
1028
799
605
580
697
794
793
916
1026
900
722
607
454
308
128
49
65
102
135
242
290
301
299
340
337
332
306
275
272
244
226
216
187
128
252
437
491
466
447
413
380
295
199
162
126
202
274
274
174
120
241
346
481
584
604
519
411
243
88
8
1
35
107
208
340
487
589
466
378
387
619
725
760
736
804
745
752
805
863
663
408
106
73
57
80
48
28
24
82
190
277
304
307
410
462
450
437
404
405
386
315
289
317
246
235
205
187
198
236
263
269
299
318
289
312
415
631
947
1054
1025
955
865
656
449
305
197
119
261
537
681
722
781
774
835
779
720
563
437
315
253
253
266
604
435
444
427
444
460
526
673
715
675
563
410
311
285
245
94
262
427
628
763
832
683
763
769
769
658
544
458
371
338
350
326
333
279
217
140
109
66
48
39
35
105
133
108
84
82
90
134
141
121
97
93
76
89
142
205
295
407
497
569
636
687
658
648
641
554
267
173
121
71
25
0
1
1
7
6
3
0
4
0
0
0
0
0
0
3
1
1
0
0
0
0
0
0
0
0
2
0
0
0
0
0
0
0
0
0
9
17
10
3
2
0
0
0
0
0
1
1
0
1
0
0
0
22
248
583
735
695
650
703
722
718
715
720
588
480
449
460
482
477
509
483
539
508
451
273
141
108
111
110
130
162
192
238
339
421
346
257
194
170
161
121
39
20
12
16
36
59
49
36
12
35
32
60
64
43
1
5
0
0
0
12
16
24
33
42
74
104
108
103
90
81
79
84
85
136
173
209
256
278
322
378
469
542
644
605
518
401
332
270
213
175
137
109
94
66
56
18
5
5
0
45
271
451
584
656
661
611
527
445
398
389
348
293
250
184
153
103
42
4
5
7
6
3
1
7
0
2
6
11
9
13
22
21
24
25
31
46
62
80
90
74
81
90
77
79
77
76
60
49
47
60
72
75
74
68
64
61
60
62
43
22
15
0
0
0
0
0
0
0
0
0
0
0
0
0
0
0
0
8
70
118
115
119
69
26
160
259
280
210
11
70
148
120
132
113
124
152
186
230
261
303
345
392
636
787
990
1129
1203
1422
1526
1635
1800
1925
1990
2005
2160
2069
2299
2222
2370
2005
1620
1699
1825
2039
2081
1965
3019
2012
2955
3410
3378
3179
2740
2322
2305
2543
2647
2775
2834
2605
1878
1314
1065
897
771
457
368
337
260
235
248
231
174
64
58
136
231
197
91
7
1
8
22
14
32
29
13
21
61
235
359
356
285
185
109
77
61
174
355
418
388
350
312
228
156
85
36
39
53
153
385
670
949
836
944
1045
934
684
642
682
645
497
150
259
537
749
954
1119
1261
1173
1093
1079
942
860
822
870
1039
1271
1417
1697
1922
2042
2106
2090
2008
2146
2124
2179
2290
2287
2090
1756
1031
676
1007
1498
1874
2273
2656
2931
2875
2768
2778
2754
2569
2483
2491
2537
2600
2752
3032
3301
3512
3736
3734
3732
3458
3302
3049
2748
2294
1632
567
593
781
1460
2381
3220
3926
4328
4631
4609
4283
3963
3448
3098
2552
2393
3264
1633
1857
1662
1427
1516
1493
1428
1379
1334
1214
1123
980
719
469
305
210
133
98
112
141
168
223
305
400
488
544
474
288
64
243
353
321
137
94
175
201
193
136
143
227
300
383
313
226
183
195
222
178
68
29
158
310
483
718
1009
1192
1091
1082
1100
857
414
226
353
496
512
372
267
58
153
331
551
768
845
834
943
1084
1340
1420
1504
1495
1433
1214
778
551
415
505
620
774
904
1181
1150
1105
1055
1280
1351
1271
1331
1672
1215
586
462
530
583
485
186
116
179
171
165
182
81
31
55
43
53
58
62
40
35
27
13
25
45
167
407
484
305
195
136
89
71
54
31
34
71
113
120
207
276
313
330
299
251
224
227
441
831
832
683
506
428
297
205
219
269
255
268
257
301
300
286
327
357
498
715
1006
1351
1612
1214
603
966
1242
1009
643
539
825
841
911
890
863
1089
967
629
544
452
367
464
610
758
796
966
1017
1193
1019
519
862
694
401
584
809
859
965
1425
1995
2596
2100
973
717
748
838
578
196
57
106
142
88
53
97
162
214
240
221
135
78
52
32
30
50
124
246
356
412
441
428
353
225
243
307
250
163
101
171
317
422
418
223
65
120
366
539
576
561
535
413
285
196
326
369
342
319
402
392
277
134
134
161
189
187
218
212
204
254
292
305
278
289
286
275
231
172
132
146
146
204
191
185
183
169
147
156
141
79
78
63
43
28
17
5
3
1
2
2
8
4
6
7
2
0
0
0
0
0
0
0
0
0
0
0
0
0
0
1
0
0
0
0
0
0
0
0
0
46
185
412
567
663
647
665
595
522
818
978
814
459
177
251
331
374
566
745
827
659
504
432
399
462
538
655
895
907
701
824
718
641
378
314
432
457
385
269
197
450
724
794
560
416
167
220
123
44
108
105
79
87
39
11
12
39
19
5
0
0
0
0
0
0
0
0
0
1
2
1
0
0
1
4
5
7
5
0
1
0
1
1
3
4
5
3
9
25
50
70
63
79
94
96
90
80
56
70
131
161
147
133
145
196
308
469
737
976
1116
1208
1371
1449
1351
1054
924
706
549
547
566
516
570
674
882
866
1033
1022
1029
1148
1335
1368
1411
1532
1356
1174
1207
1170
1081
976
829
760
677
551
543
652
715
686
764
855
800
789
729
648
633
553
488
445
453
460
546
539
563
531
481
543
563
551
546
876
369
350
325
323
292
317
442
695
1084
1533
1915
2279
2541
2529
2443
2198
1982
1708
1549
1450
1404
1389
1382
1486
1688
1800
1978
2084
2178
2236
2351
2371
2341
2565
2745
3211
3172
3215
3226
3064
2945
2964
2899
2800
2721
2566
2355
2388
2565
2690
2610
2506
1964
2021
2072
2126
2248
2289
2266
2201
2174
2097
1941
1660
1397
1238
1064
887
802
903
954
924
990
1027
1070
1190
1327
1372
1444
1439
1307
1180
1071
859
742
524
260
96
906
1984
2672
3097
3311
3232
2966
2662
2231
1919
1686
1307
1135
968
830
649
530
359
229
154
120
116
106
128
154
173
246
361
323
425
587
703
677
540
433
286
208
207
340
495
562
510
515
398
242
109
131
182
183
108
94
53
14
25
29
28
127
316
587
717
578
421
556
911
1112
895
662
677
381
448
542
712
775
975
547
222
225
241
198
354
574
936
1291
1537
1319
854
483
204
160
180
170
168
270
235
159
88
80
70
66
46
10
0
3
6
1
0
0
0
0
0
0
0
0
0
0
0
0
0
0
0
0
0
0
0
0
0
0
0
0
51
119
316
841
1727
2464
2518
1526
1137
872
984
531
235
352
197
192
271
229
94
50
21
22
7
20
27
27
22
24
46
93
136
127
94
29
36
51
39
37
26
14
3
5
5
18
19
9
40
145
114
108
119
135
157
166
157
155
190
253
311
465
525
633
565
260
240
125
47
9
53
152
144
106
58
33
65
101
103
89
44
52
74
63
47
29
22
9
4
4
5
9
8
17
5
4
5
2
2
0
0
0
3
1
0
0
0
4
6
9
1
3
0
0
2
0
6
0
0
0
0
0
0
0
0
0
0
2
0
0
0
15
90
82
47
8
6
0
1
5
8
17
43
40
51
56
69
89
79
63
34
52
47
47
64
98
182
272
243
255
255
211
175
60
2
49
185
247
342
368
388
187
66
90
104
127
303
198
92
119
74
16
20
23
13
5
3
8
11
7
0
0
9
11
14
28
29
44
79
84
94
67
63
46
36
33
27
60
268
434
515
558
653
589
391
203
21
46
74
22
19
17
11
30
39
148
325
502
526
330
282
171
100
87
100
60
54
162
291
306
196
103
126
133
84
25
9
3
1
0
30
130
281
348
223
139
333
259
3
64
130
70
11
23
60
12
0
0
0
0
0
0
0
0
0
0
0
0
0
0
0
0
0
0
0
1
15
64
111
102
72
25
69
62
32
24
7
4
24
216
494
639
611
373
785
1007
978
982
1293
1459
1460
1420
1342
1335
1585
2214
2728
2529
1845
1123
995
1436
1444
1069
975
1157
1225
1062
893
541
451
513
454
306
197
206
168
142
314
490
586
700
685
662
622
606
506
394
309
305
272
231
218
248
232
181
93
71
82
70
17
15
29
22
10
5
13
51
63
69
85
102
73
41
28
14
5
6
14
24
34
44
37
38
29
34
28
26
11
6
24
31
35
46
64
171
216
243
173
60
13
1
3
1
2
3
1
2
2
1
0
8
8
7
2
1
0
0
0
0
0
0
0
0
0
2
15
39
9
0
18
47
24
0
1
0
1
3
0
1
6
11
6
0
5
4
2
2
1
2
5
17
34
54
72
48
22
11
13
6
3
15
24
28
21
10
8
4
2
0
0
0
0
0
0
0
3
2
4
5
3
8
25
10
3
12
51
55
15
7
38
64
55
14
8
14
0
1
0
1
3
5
9
148
328
307
199
128
156
103
41
41
34
29
42
56
31
20
18
9
9
15
7
0
1
1
5
6
3
3
0
1
0
0
0
0
0
0
0
0
0
0
0
0
1
0
4
1
17
28
22
0
13
2
2
11
7
5
18
2
0
0
0
5
4
2
30
141
256
206
72
108
159
67
42
45
20
40
77
24
59
109
37
17
12
6
3
7
14
23
41
67
46
18
37
29
5
2
0
17
167
340
331
241
168
86
55
32
19
7
3
6
3
0
0
9
0
2
8
15
26
36
72
83
89
100
113
126
128
108
68
103
162
156
123
82
71
56
47
27
29
26
13
20
31
46
71
112
155
209
241
246
206
187
190
169
117
70
61
44
35
12
9
4
10
8
12
35
50
31
21
43
40
23
20
23
17
2
5
3
11
11
6
2
0
0
0
1
0
0
0
0
0
0
11
52
37
37
21
10
5
90
177
206
259
264
206
121
39
174
204
204
58
0
9
1
5
2
8
57
96
92
53
12
3
0
6
9
3
3
1
0
0
0
0
0
0
0
0
0
0
1
0
0
1
2
1
1
0
0
0
0
1
0
0
0
0
0
0
0
0
0
0
0
0
0
0
0
0
0
0
0
0
0
0
0
1
0
0
0
0
0
0
0
0
0
0
0
1
0
0
2
8
10
3
0
2
0
0
1
0
0
0
0
0
0
0
0
0
0
0
0
0
0
0
0
0
0
0
0
0
0
0
0
1
6
13
7
5
3
7
17
19
12
1
0
0
0
0
0
0
1
9
8
11
10
2
0
0
1
1
1
0
0
0
0
0
0
0
0
0
0
0
0
0
0
0
0
0
2
0
0
0
0
0
0
0
0
0
0
0
0
0
7
0
30
80
170
200
175
141
141
97
77
53
36
17
12
0
7
32
173
266
370
454
401
251
24
15
14
21
20
18
10
3
0
0
4
0
1
10
1
0
5
12
14
27
41
80
109
121
94
33
21
43
63
107
244
331
400
466
414
422
434
521
490
605
646
812
892
1068
1166
1196
1224
1154
1180
1240
1363
1486
1545
1588
1592
1592
1593
1540
1716
1830
1790
1881
1808
1745
1713
1947
2152
2170
2161
2199
2130
1986
1996
2019
2058
2171
2141
2150
2060
1866
1657
1418
1066
854
736
663
489
204
523
928
1206
1338
1155
688
739
740
645
603
568
573
683
895
858
648
611
724
607
747
699
604
335
309
437
487
536
630
562
408
211
321
433
416
411
356
131
241
371
366
278
189
115
94
58
21
30
99
128
79
12
1
0
0
0
0
0
0
1
1
1
0
4
1
0
16
7
35
58
53
18
0
5
30
54
67
47
8
10
15
14
6
0
3
11
66
133
62
29
118
355
641
788
954
1306
1667
2141
1853
1121
645
379
239
158
142
98
99
69
86
54
40
41
39
26
13
193
472
743
937
991
960
948
1116
1242
1330
1385
1458
1515
1546
1475
1454
1422
1419
1385
1384
1387
1378
1357
1430
1479
1482
1416
1302
1101
1052
1018
963
1159
1257
1712
1905
1591
1715
1840
1675
1324
757
651
906
1049
1182
1310
1346
1365
1164
878
1065
1207
1054
914
577
554
632
686
716
748
854
970
1054
1165
1214
1135
894
843
636
588
657
854
929
968
1037
1213
1386
1513
1634
1888
1866
1835
1583
1252
1304
1332
1505
1626
1957
2050
2041
2064
2129
2203
2377
2250
1991
1727
1841
1944
1834
1822
1535
1082
678
538
471
483
912
1285
1233
849
380
290
553
895
1284
1929
2494
2737
2716
2934
2440
2575
2277
1862
1350
1095
1205
1023
860
697
591
510
374
432
543
483
438
541
763
684
538
714
908
988
707
531
1182
1855
2288
2179
1663
1109
814
656
740
460
184
177
426
823
1068
924
427
41
36
169
295
761
1510
2435
2910
2593
2092
302
125
42
45
31
49
64
60
37
0
0
1
1
21
88
299
899
1099
1067
678
366
290
519
769
857
540
261
212
233
245
233
196
164
65
23
23
39
103
203
288
317
334
437
445
292
236
221
232
168
196
303
401
374
292
146
128
134
128
95
35
13
4
2
0
0
0
0
0
0
0
0
0
0
0
0
0
0
0
0
0
0
0
0
0
0
0
0
1
0
0
0
0
0
0
0
0
0
0
0
0
0
0
0
0
0
0
0
0
0
0
0
0
0
0
58
145
173
149
121
93
59
24
13
7
0
1
0
0
0
0
0
0
1
0
0
0
0
4
17
2
0
1
0
1
1
4
7
5
3
2
3
0
0
0
0
0
0
0
0
0
0
2
47
210
608
1035
1176
722
49
445
770
767
564
373
352
440
414
411
341
220
131
51
32
55
52
38
27
34
32
15
0
0
0
0
0
0
0
0
0
0
0
0
0
0
0
0
0
6
25
30
42
37
31
24
14
10
12
10
14
9
8
11
14
11
10
2
1
1
5
1
2
0
0
1
2
2
6
8
13
26
36
58
83
84
97
81
78
113
194
223
293
339
353
440
431
405
449
463
483
498
497
519
550
619
587
561
475
526
514
512
499
498
509
526
550
588
607
622
632
632
579
551
494
459
451
419
412
396
337
296
312
274
266
225
215
181
180
179
197
207
250
260
252
209
193
140
123
82
59
44
46
69
65
51
55
77
90
133
170
210
264
307
409
553
742
970
1224
1479
1619
1648
1784
1911
1823
1815
1729
1594
1533
1463
1464
1442
1358
1393
1358
1343
1307
1212
1093
996
839
763
662
521
446
331
220
112
73
33
14
3
4
2
0
0
1
8
53
105
176
205
203
184
170
148
121
149
193
220
276
320
305
321
258
260
241
226
220
218
220
258
317
273
222
143
82
74
48
40
44
44
32
24
17
16
14
20
30
36
43
39
39
43
38
30
13
6
5
0
0
0
0
0
0
2
