14826
1282
1388
1515
1474
1346
1158
1183
1351
1409
1462
1444
1467
1562
1615
1718
1797
1696
1691
1715
1656
1519
1434
1213
999
938
780
578
376
256
264
318
256
210
108
86
126
138
128
129
128
336
592
592
541
617
772
854
985
1059
1069
1046
891
572
460
414
680
876
979
1054
1026
926
945
778
695
578
458
353
329
270
191
137
76
27
34
65
92
97
112
126
172
237
251
134
81
108
174
191
203
240
295
309
309
330
265
238
166
112
49
44
37
33
21
10
2
2
0
2
0
6
14
24
44
84
115
121
119
119
98
90
78
60
49
44
73
102
109
122
109
49
34
27
47
100
337
613
725
638
536
478
627
635
739
648
525
325
329
412
416
372
268
220
185
112
44
30
28
57
82
133
177
167
145
140
105
94
132
132
123
112
109
81
73
82
132
175
201
157
122
59
57
44
31
32
49
63
99
120
92
75
56
55
54
55
52
44
37
51
57
45
61
54
47
25
14
8
5
3
0
2
0
1
2
0
3
14
31
32
35
27
15
11
16
32
34
31
24
13
2
4
6
3
4
4
12
13
21
34
44
65
99
116
120
113
130
99
82
57
21
9
3
9
14
10
6
3
3
5
6
8
7
5
6
10
17
12
12
12
25
13
13
1
2
9
16
15
18
24
24
33
37
34
18
6
1
0
1
3
6
12
11
12
16
18
20
24
22
21
20
21
6
5
6
19
27
30
28
32
30
47
51
44
44
42
47
42
41
48
99
220
376
547
761
957
1097
1089
1193
1271
929
316
409
914
1044
734
707
971
999
761
358
159
336
619
660
598
746
728
638
356
278
260
350
506
582
772
840
763
761
904
1030
1220
1240
1258
1475
2136
2619
2978
2953
2827
2911
3143
3185
3131
3209
3255
2926
2470
1992
1750
1568
1494
1454
1404
1213
1118
951
750
516
328
164
111
50
30
79
557
987
1322
1793
1887
1673
1321
1463
2160
2475
2462
2314
1924
1648
1878
2336
2045
1361
886
1043
1584
1867
1851
1601
1074
688
608
581
463
319
292
336
350
320
486
490
456
381
309
217
225
347
516
578
578
606
503
372
252
267
258
386
674
1119
1272
1171
1021
1153
1112
936
697
680
668
675
673
908
755
570
345
406
494
411
352
450
739
1247
1523
1401
894
705
821
789
813
759
779
657
557
411
211
233
265
286
329
363
349
300
349
362
364
355
373
455
541
681
960
1273
1876
3402
2721
2736
1920
1195
1936
2444
1984
997
689
713
558
288
311
367
374
401
471
461
479
542
521
439
302
198
74
40
40
70
65
35
15
83
182
206
149
104
77
43
28
19
32
43
46
72
98
160
242
302
369
404
386
408
423
471
504
511
474
536
634
774
806
856
836
955
1233
1402
1289
1059
783
694
666
761
761
649
499
346
238
126
81
94
62
72
102
116
146
207
251
229
239
217
218
211
192
159
124
54
24
2
8
29
49
52
44
36
15
22
46
89
166
176
257
319
397
439
514
518
521
512
433
357
331
272
254
218
159
139
147
116
111
108
103
97
61
33
19
18
32
71
172
319
453
456
338
191
183
184
106
77
68
101
112
66
18
2
12
50
87
106
113
191
364
669
688
535
414
367
306
406
575
501
328
186
217
286
377
417
380
255
156
89
135
320
450
581
596
533
440
310
174
153
166
132
93
131
170
170
164
157
188
191
181
123
93
86
130
271
477
586
561
486
352
212
147
92
88
144
207
281
380
440
334
219
113
49
26
39
41
30
3
13
45
95
122
121
114
101
98
116
121
123
111
109
168
343
691
970
1057
1032
973
843
830
862
914
968
997
1050
1130
1354
1508
1344
1161
809
487
285
308
261
220
242
213
234
217
205
212
221
178
121
81
79
66
40
12
28
98
278
458
735
970
1397
1924
2566
3113
3749
4446
5038
5160
5311
5338
4938
4530
4258
3882
3382
2850
2342
2200
2103
2129
2421
2980
3345
3137
1844
2585
2793
2670
2418
2134
1811
1590
1382
1501
2009
2384
2522
2458
1785
1159
686
596
391
216
244
224
215
285
292
349
445
577
618
584
982
1422
1934
2545
2616
2435
2430
2925
2848
2892
3290
3324
3331
3096
2946
3105
3251
3191
2828
2386
2492
2345
2085
1983
1789
1621
1650
1507
1387
1423
1533
1593
1535
1322
1168
1615
1570
1489
1728
1804
1621
1016
462
780
1504
1854
1959
2028
1875
1809
1705
1456
1353
1428
1590
1956
2130
2163
1944
1808
2296
2509
2580
2633
2644
2316
1846
1493
1205
1083
1015
977
967
1205
1360
1581
1620
1202
746
506
570
688
699
766
961
875
817
774
698
635
462
453
631
876
1076
1258
1405
1207
1134
1199
1335
1273
1103
1598
1765
1781
1775
1575
1341
1091
937
883
967
1203
1528
1707
1788
1725
1506
1181
907
699
566
490
450
444
495
540
667
1105
1682
2166
2174
2164
1997
1638
1161
901
1094
1353
1222
1438
1818
2175
2722
3074
3511
3727
3724
3532
3490
3727
3800
3521
3077
2898
2814
3090
4509
3278
3276
3092
2438
2350
2399
2370
1845
1708
1834
1841
1529
1217
1626
1479
1727
1695
1599
1281
878
768
829
759
624
494
423
698
909
1207
1494
1939
2539
2881
3117
3353
4207
4726
4439
3764
3491
3653
4550
5175
5309
5212
4912
4182
3650
3084
2327
2192
2480
2236
1704
1821
1665
1633
1841
1991
2053
1884
1676
1347
1241
1424
1242
946
728
659
632
1067
1368
1203
1026
1041
1004
969
983
963
855
724
564
692
874
893
858
855
812
815
972
1276
1721
2045
2406
2637
2468
1987
1186
407
411
326
610
778
984
1122
1161
1145
1068
1141
1138
893
429
353
333
335
494
543
515
623
639
432
179
119
178
184
260
240
469
576
613
715
920
999
937
931
940
799
763
819
1171
1300
1331
1207
1102
979
976
1131
1097
1019
915
882
874
840
840
950
1054
1103
1072
929
855
828
749
655
446
527
664
666
607
361
162
200
273
309
298
140
66
57
55
63
61
138
152
113
91
115
125
209
392
599
773
826
963
1045
1072
913
659
501
630
729
840
891
1004
1092
1095
1119
1252
941
833
817
1069
1101
1072
966
683
507
599
566
558
642
676
623
518
593
748
705
623
781
1053
1035
705
427
543
536
461
424
326
259
286
329
307
191
161
135
147
144
180
211
305
382
386
331
184
126
105
78
63
63
44
40
352
253
277
243
189
141
96
43
27
53
80
56
45
76
88
82
112
97
115
117
103
78
64
44
44
78
175
239
309
369
366
374
381
407
410
414
479
556
349
597
777
824
887
790
561
476
476
644
734
668
637
619
596
544
397
270
329
385
472
542
507
327
243
275
364
469
467
393
237
108
69
54
44
63
127
117
2
142
222
169
46
20
33
32
7
48
182
280
358
348
396
393
445
474
507
485
458
491
610
907
1046
940
855
851
1012
1187
1318
1236
1155
975
928
973
1059
1016
969
887
831
884
998
997
1029
968
837
687
557
467
381
389
387
358
335
287
251
246
185
50
27
101
135
177
384
802
912
935
970
934
985
959
950
959
1089
1080
943
757
735
886
930
662
522
424
434
698
966
985
850
810
750
813
892
956
1049
1221
1491
1736
2110
2574
3190
3730
3707
3491
3164
3096
2970
2761
2601
2282
1821
1499
1235
880
1069
1094
885
531
757
1035
996
856
675
386
238
253
248
328
335
344
306
284
294
262
279
304
297
231
211
165
140
138
125
88
51
26
31
9
17
11
49
61
56
36
43
61
85
88
106
100
108
122
157
202
633
201
202
174
128
90
51
24
10
0
0
4
5
10
2
7
5
31
4
6
8
0
0
17
24
42
68
110
135
136
101
62
34
30
13
4
21
98
151
171
112
31
23
122
132
125
76
21
22
39
71
57
22
14
9
41
40
74
98
117
174
216
211
200
210
187
196
154
120
102
67
48
42
43
34
31
26
15
9
10
12
4
0
0
0
1
5
5
8
20
21
25
25
86
265
381
264
420
1003
964
647
497
569
694
701
544
462
435
337
227
162
112
69
32
39
70
114
171
216
270
296
282
272
283
279
233
251
221
201
175
120
86
54
42
24
26
19
17
13
22
13
2
1
1
2
0
13
15
13
6
0
0
0
0
2
0
1
2
3
1
1
1
2
4
2
1
0
1
15
17
7
0
0
1
1
0
3
6
0
1
4
3
2
2
16
0
6
0
0
3
2
0
11
36
17
13
22
19
8
4
5
24
19
8
0
0
0
0
0
0
0
1
0
0
0
0
0
0
0
0
0
1
0
0
0
0
0
1
2
2
3
3
3
0
1
2
0
2
0
0
0
0
0
0
0
0
0
0
0
0
0
1
5
0
0
0
0
14
44
9
94
483
689
415
226
374
590
348
7
88
269
86
92
226
227
66
76
90
68
67
43
24
54
14
3
0
0
28
22
11
7
17
35
45
41
32
34
30
41
28
15
22
16
6
8
11
7
14
13
11
20
24
21
24
18
27
16
20
4
8
9
9
5
10
13
26
40
36
52
78
124
162
183
192
192
194
201
139
138
111
78
61
42
21
18
12
8
5
2
5
5
8
14
16
22
38
70
97
103
109
119
64
44
35
32
32
41
67
47
42
56
67
76
99
112
131
154
154
120
108
58
41
18
1
2
8
10
14
32
39
58
80
73
91
131
216
297
355
384
481
574
623
691
679
728
731
695
730
725
716
770
792
770
790
1026
1315
1348
1285
1270
1498
1619
1571
1475
1491
1660
1854
1877
1794
1597
1380
1177
950
729
613
523
517
465
437
433
370
337
292
278
256
228
203
138
96
105
64
42
36
41
69
79
81
70
66
47
40
39
35
40
16
15
10
11
27
49
109
173
314
475
467
319
225
237
267
276
276
350
471
623
700
723
696
663
593
519
485
426
315
235
153
108
48
41
33
40
28
127
16
25
22
41
49
53
43
41
17
13
28
25
26
22
8
1
0
0
24
54
86
150
229
271
254
236
309
344
538
735
1001
1195
1207
1068
865
752
687
630
670
753
775
638
372
111
16
23
48
111
170
131
156
204
244
237
211
164
128
101
63
59
26
18
12
7
4
18
8
9
12
20
22
13
14
6
5
2
3
10
30
38
72
116
133
187
196
208
246
290
303
308
320
334
316
310
242
216
170
132
78
48
88
316
821
1339
1732
1650
1478
1315
916
884
1052
835
746
677
620
507
481
522
604
801
948
1119
1323
1291
1211
940
827
580
387
266
248
355
376
377
419
370
262
231
380
507
427
328
302
273
204
297
441
490
376
550
666
855
1155
1463
1770
1881
1654
1362
1227
879
1029
1239
1384
1318
1247
1137
1031
811
684
587
490
484
370
590
978
1173
1151
1089
873
657
625
373
678
899
914
746
650
523
378
259
165
168
231
274
242
332
464
558
575
626
591
628
692
674
606
507
389
285
245
176
109
161
296
413
407
327
236
161
62
107
222
254
280
331
379
680
910
1032
1051
870
637
569
860
933
929
762
529
1055
1178
991
775
853
1191
1424
1373
1414
1224
1231
1046
745
420
318
337
398
495
539
582
687
781
827
899
821
663
551
351
314
425
373
351
541
633
675
695
729
676
540
387
258
119
63
127
185
222
284
315
381
384
397
400
385
356
335
301
238
202
168
129
131
108
107
147
136
192
298
377
389
301
94
176
203
182
189
209
664
1013
1005
701
360
233
413
475
455
415
487
597
628
570
399
259
220
113
30
33
54
38
78
116
168
163
136
106
71
99
123
106
148
170
144
142
112
150
120
101
38
17
27
45
68
84
72
106
158
161
185
221
259
288
313
285
275
235
249
226
179
167
140
145
128
97
86
65
91
88
108
128
111
115
115
55
57
30
31
24
26
33
30
48
98
75
140
151
178
242
257
205
188
302
381
370
353
252
176
120
157
192
163
124
105
80
62
45
49
56
86
72
84
63
34
14
3
23
17
59
121
160
168
122
91
64
54
27
41
36
54
57
89
59
66
89
96
83
45
19
33
62
77
75
84
57
43
68
80
63
47
23
19
8
12
5
13
27
67
162
232
268
243
224
285
461
697
1142
1577
1812
1925
2256
2565
2683
2770
2669
2661
2654
2582
2580
2615
2590
2523
2399
2249
2055
2837
1543
1464
1395
1390
1369
1362
1303
1250
1198
1022
890
741
602
541
521
536
628
666
785
875
838
827
907
1005
1325
1489
1547
1706
1642
1575
1579
1454
1374
1364
1280
1369
1261
1019
827
683
590
379
190
93
126
161
208
307
410
552
720
1087
1478
1319
854
553
856
923
994
1005
846
613
482
412
393
620
810
867
720
694
641
617
898
964
1045
858
1070
1028
898
1015
1045
1000
745
300
259
449
533
436
389
331
232
161
150
147
113
156
222
267
319
433
514
528
582
682
793
864
866
918
960
922
702
615
699
644
714
851
923
858
695
924
970
1305
1477
1227
915
788
519
627
887
1231
1321
1477
1508
1434
1343
1362
1410
1531
1578
1658
1440
1366
1262
1129
1012
843
536
297
182
146
240
373
476
606
730
842
898
828
770
775
885
1004
1094
1163
1232
1260
1374
1474
1606
1594
1594
1701
1761
1735
1560
1455
1331
1192
1206
1204
1215
1151
1117
1019
1018
976
791
605
577
541
592
674
828
1069
1289
1433
1545
1651
1722
1662
1596
1736
1797
1797
1811
1634
1613
1508
1420
1236
1108
883
814
648
466
274
182
179
193
123
81
79
108
166
148
133
240
567
883
1133
1225
1240
1294
1117
1142
1199
1278
964
565
772
997
1054
966
945
925
1067
1123
1367
1597
1684
1739
1789
1912
1915
1839
1778
1620
1155
635
880
1314
1320
1048
1041
1032
1116
1014
748
293
475
563
627
703
674
396
330
443
535
601
636
760
812
675
371
420
456
463
486
470
474
518
588
555
490
496
578
539
422
429
508
522
466
420
454
557
672
715
704
657
725
780
812
783
731
719
889
990
948
885
985
1250
1448
1399
1105
785
574
579
635
641
684
779
750
590
572
1039
1228
829
442
480
535
548
614
561
418
299
228
153
92
210
328
362
325
483
612
904
1096
983
693
538
481
484
614
756
778
816
784
743
715
616
466
423
483
730
881
916
741
476
477
541
608
590
504
290
220
268
304
303
347
369
461
486
528
368
290
253
227
169
431
705
950
1068
1370
1582
1445
1800
2188
2595
2431
1978
1295
825
728
915
830
612
566
542
509
538
572
474
445
485
458
329
230
271
305
276
257
266
236
247
302
369
487
606
588
590
812
818
740
699
639
601
516
420
439
476
525
594
703
643
1024
1824
2284
2613
2564
2039
1486
1252
1546
1914
1842
1703
1596
1510
1636
1553
1253
944
657
568
584
551
651
1455
2337
3086
2982
2439
2093
1815
1409
1187
1054
862
619
521
607
659
669
717
641
583
563
537
480
404
932
507
681
991
1359
1901
2329
2665
2837
2884
2941
2762
2450
2141
1800
1596
1265
865
828
752
606
413
541
555
411
396
454
359
307
385
475
575
676
755
873
1135
1173
1116
926
768
638
638
732
686
778
904
902
674
399
383
535
714
603
416
510
707
780
873
907
688
385
266
279
320
392
535
528
596
571
518
486
476
584
486
346
306
296
305
317
275
299
508
754
1071
1330
1304
1187
1130
1343
1565
1655
1699
1781
1711
1578
1424
1484
1645
1734
1467
1168
916
671
594
677
873
889
764
672
674
639
638
790
1221
1648
1979
2416
2928
3282
2942
2796
2448
1999
1735
1640
1568
1276
821
791
928
781
525
457
514
646
855
1179
1655
1987
2037
1712
1723
2225
2548
2451
2128
1720
1632
1692
1556
797
1522
1964
1855
1465
1005
591
389
214
156
396
633
524
462
459
348
96
28
132
221
144
29
12
82
276
242
91
53
70
103
280
446
372
252
157
200
606
1417
1785
2025
2549
2820
2516
2424
2469
2493
2481
2463
2566
2630
2559
2311
1996
1724
1541
1772
2136
2235
1999
1844
2031
2145
2290
2625
3008
3131
2493
2044
1820
1750
1674
1188
834
548
686
967
1268
1438
1714
1902
1525
1266
832
486
543
677
535
389
376
548
679
748
879
1233
1353
1326
1174
937
764
608
442
511
615
547
516
523
513
586
662
876
1230
1581
1861
2110
2322
2488
2599
2627
2707
2608
2770
2959
2954
3269
3257
3173
2987
2843
2584
2237
1959
2038
2020
2114
1948
1727
1829
1726
1406
1094
950
818
701
677
539
372
258
227
194
154
284
366
455
461
534
481
331
267
425
516
485
394
241
137
191
389
474
516
465
447
369
327
336
335
289
287
499
1001
1246
1317
1457
1390
1224
1185
1145
843
382
332
355
307
502
650
783
920
774
521
147
182
159
76
88
76
60
73
44
163
291
243
97
60
66
57
69
63
101
121
121
101
55
38
61
113
112
75
54
55
79
83
134
264
528
629
634
976
1321
1389
1124
990
1182
1618
2185
1874
1098
697
913
1029
770
904
773
552
623
826
780
753
869
761
779
854
637
304
290
287
261
254
187
125
314
400
418
288
180
179
183
174
122
90
14
6
3
5
7
18
41
62
85
110
89
94
128
151
123
73
17
27
40
32
15
16
29
48
65
78
36
10
4
4
22
48
108
152
162
164
178
168
129
64
7
4
17
16
4
5
7
19
12
44
125
175
202
199
176
148
163
170
153
145
115
78
52
37
31
36
9
1
6
6
19
33
44
70
298
118
153
158
167
161
143
101
93
65
41
27
27
27
20
9
3
0
0
7
24
81
143
188
214
231
198
188
171
164
181
200
226
219
163
114
61
57
73
52
48
84
110
114
103
70
77
71
87
100
87
62
33
32
39
52
99
131
196
199
169
121
100
104
107
104
113
139
155
150
121
113
101
48
29
46
130
197
270
312
331
290
269
256
256
250
299
342
332
308
250
178
94
50
34
16
73
119
169
197
245
285
376
398
423
425
442
522
639
755
870
988
1000
1001
989
879
819
673
617
635
658
685
648
554
450
318
207
218
250
243
225
213
220
289
312
169
62
162
153
162
159
178
178
211
244
253
209
172
149
122
111
112
103
105
88
96
148
172
147
107
97
68
57
69
71
91
98
101
106
75
27
13
22
44
62
39
30
64
136
149
158
154
144
138
127
111
99
89
109
116
109
150
197
194
187
150
145
156
165
201
225
250
285
246
191
144
151
158
112
77
60
99
150
199
202
194
204
174
151
123
85
54
86
125
188
227
212
199
196
211
247
306
398
362
349
283
232
189
180
254
350
278
275
506
804
926
1056
976
807
489
597
885
1087
1068
731
651
764
870
744
516
283
177
97
122
192
329
505
615
660
612
625
600
1065
1309
1224
1200
804
224
424
504
424
232
83
76
126
152
133
114
114
95
99
112
99
439
840
1104
1308
1388
1296
1101
1296
1431
1050
642
848
788
509
220
465
577
637
651
679
680
712
734
736
763
711
588
474
290
143
135
155
122
60
20
12
77
137
169
176
206
162
127
86
72
50
47
73
80
63
41
29
121
348
582
784
889
913
999
927
878
836
1027
1050
970
844
727
583
388
234
189
206
217
264
299
369
387
430
551
566
590
638
584
511
564
596
632
622
677
667
596
408
186
239
327
298
245
217
205
224
224
190
120
75
75
148
218
356
561
751
807
739
540
565
553
602
679
752
729
729
643
712
703
633
521
490
461
445
428
353
316
275
250
211
142
113
162
201
285
323
393
462
460
484
479
526
844
1025
1190
1286
1367
1448
1380
1469
1645
1706
1760
1659
1392
1243
902
635
558
716
841
789
515
268
428
521
534
465
376
238
95
289
449
577
656
697
636
440
564
703
696
593
425
254
551
610
519
1696
2021
1661
1734
1765
1792
1536
1462
1568
1514
1574
1363
1151
1293
1368
1069
2255
1324
1407
1732
1844
1804
2109
1901
1444
1619
2266
2403
1679
869
537
653
654
581
436
270
108
116
252
328
373
341
326
297
219
168
158
149
170
177
192
191
164
114
74
60
69
77
97
107
79
82
214
416
533
853
881
724
408
191
235
201
196
217
250
279
267
260
321
252
170
168
178
201
263
319
334
302
300
304
245
154
156
182
205
203
209
236
257
346
541
738
994
1229
1361
1355
1194
976
673
654
590
733
820
926
904
769
456
357
481
247
144
186
91
106
237
530
865
1234
1844
2400
2423
1714
1246
1533
1077
648
707
678
598
557
438
435
457
479
559
693
950
1188
1096
843
914
908
717
610
590
638
597
614
597
603
557
445
366
304
388
421
537
533
541
492
520
550
587
616
889
1234
1429
1407
1273
1105
1125
1477
1726
1839
1568
1189
1006
874
758
619
570
588
590
621
697
611
507
537
557
563
586
554
600
670
818
974
1087
1103
884
664
625
584
536
468
447
560
1120
1894
2537
2783
2209
1653
1333
1249
901
601
353
160
276
395
523
640
811
1042
1168
1232
1099
1101
1163
1039
1094
1300
1532
1603
1865
2269
2317
1960
1290
807
895
1023
1336
1436
1526
1420
1283
1013
716
496
408
280
335
372
433
554
645
672
767
898
1091
1137
1159
1220
1104
1049
1265
1637
1735
1785
1588
1285
1006
915
825
828
800
749
767
738
720
657
660
688
582
604
693
747
615
481
375
273
231
273
284
374
422
382
320
250
201
338
362
283
133
141
201
214
211
164
106
105
102
105
119
136
148
134
98
48
23
1
0
3
2
15
35
58
75
100
189
289
384
438
429
363
237
350
518
848
1312
1735
1956
1923
1731
1672
1946
2191
2305
2393
2310
1986
1588
1046
752
801
939
962
811
670
594
626
631
631
579
563
583
553
602
602
568
510
443
423
385
328
377
415
423
407
416
435
468
387
419
410
295
194
146
116
99
70
64
44
42
36
75
91
135
135
104
94
68
36
20
20
15
10
10
7
9
15
29
34
17
5
0
0
2
10
8
5
2
0
0
0
14
31
39
67
90
85
73
35
14
1
14
61
87
85
87
60
40
45
59
97
158
230
290
312
333
327
297
319
460
522
596
634
738
912
1081
1063
1172
1309
1308
1325
1308
1159
1007
867
676
370
205
131
186
301
360
354
262
245
254
302
279
243
296
367
549
776
807
856
813
855
834
775
715
587
496
471
334
193
156
126
137
123
128
97
229
216
297
350
320
282
301
266
205
244
371
627
944
1143
1360
1441
1440
1294
1037
992
1098
1035
1109
898
871
970
992
920
933
687
162
500
539
405
118
264
516
340
423
676
740
636
465
483
697
903
968
832
554
176
241
243
101
123
267
363
347
258
107
135
206
277
262
239
232
263
292
537
556
550
512
502
400
711
1130
1537
1706
1852
1784
1553
1018
450
677
761
755
634
432
204
351
489
487
389
216
216
304
375
410
347
280
171
121
104
150
147
194
306
785
1057
1214
1229
1401
1458
1669
1875
1875
1991
1991
1693
1389
1121
754
462
253
246
240
228
219
236
291
322
277
199
133
66
59
57
23
14
52
93
144
164
154
161
135
141
133
117
123
155
172
168
162
121
101
108
132
176
245
261
269
230
183
116
113
112
186
400
596
715
820
863
896
823
760
648
517
382
254
180
161
203
276
339
358
366
370
368
324
309
294
337
380
448
489
628
640
668
622
581
542
530
547
590
639
689
705
645
519
370
275
216
153
134
134
160
231
331
411
553
669
709
748
607
396
324
448
463
309
99
274
545
651
692
600
475
293
130
178
288
384
554
552
498
633
607
414
377
266
126
148
165
92
31
18
26
52
54
45
51
45
37
53
31
15
34
68
56
19
18
32
66
85
112
182
236
217
195
213
247
326
390
432
284
132
145
256
347
355
429
502
495
531
506
417
251
177
177
184
154
148
178
220
216
137
73
36
74
88
93
96
92
129
169
170
171
166
172
185
227
227
241
231
197
208
215
221
222
166
110
101
93
102
134
160
159
222
328
369
368
408
452
464
473
536
676
814
934
1029
1075
1132
1122
1055
948
821
720
599
579
564
523
490
463
507
426
362
272
200
166
135
115
119
159
193
208
196
223
259
275
337
453
600
843
903
668
545
698
775
776
802
793
850
890
961
1050
1030
798
662
551
616
567
408
249
146
128
109
123
135
123
116
98
130
288
542
721
858
1049
1017
671
418
630
704
685
654
719
813
964
1066
1030
978
817
583
469
473
429
299
98
245
410
420
366
323
318
329
357
365
352
334
345
316
371
344
338
324
284
297
262
252
207
176
140
132
142
202
200
226
239
225
153
64
384
642
945
1193
1213
955
700
387
167
317
371
321
195
114
115
148
184
194
189
191
251
291
347
235
152
146
227
258
312
364
363
522
236
172
106
109
141
203
275
286
307
262
215
185
143
128
123
109
120
136
161
191
204
212
231
264
253
252
281
272
272
294
279
242
219
206
158
141
113
79
64
121
104
110
90
199
374
415
427
407
341
208
23
176
238
254
216
147
118
83
151
294
471
585
744
758
765
746
750
707
613
533
455
376
370
347
333
331
275
175
110
95
137
131
77
71
81
87
87
110
133
152
184
184
200
219
210
222
198
207
229
233
176
141
118
80
55
50
85
122
101
89
76
72
67
69
68
54
54
30
8
17
51
103
150
127
175
268
359
408
410
501
656
805
1009
1395
1839
2299
2431
2201
1716
1160
772
667
507
397
275
189
117
113
118
136
104
93
67
110
81
83
95
120
125
96
50
24
27
29
62
101
112
118
98
70
21
11
17
108
302
575
898
1235
1650
1875
1950
1971
1713
1351
874
653
1180
1317
1464
1384
1056
1243
1692
1684
1415
923
487
681
783
777
708
597
372
275
213
190
158
245
137
177
306
342
292
275
266
143
88
82
70
75
95
75
42
81
65
41
34
29
39
44
64
80
32
40
27
77
78
99
130
121
139
309
686
788
870
855
822
641
524
548
514
388
153
137
264
344
384
367
371
272
269
284
301
326
292
245
228
258
274
311
398
429
412
375
348
302
271
277
396
456
506
508
476
491
574
740
874
977
1123
1113
1129
1072
1035
975
838
702
557
419
384
433
517
626
605
694
598
533
654
676
672
649
583
547
482
417
273
149
148
141
191
270
289
207
105
77
116
185
289
358
422
364
331
243
162
113
120
104
98
68
94
150
190
207
150
235
521
656
1296
679
406
546
602
631
598
594
619
672
682
663
636
589
600
599
611
591
610
607
542
517
524
474
495
529
483
479
507
504
412
466
538
857
845
632
529
527
583
518
536
499
601
695
743
690
468
335
361
366
509
734
1040
1388
1686
2035
2269
2648
2923
3085
3043
3004
2940
2757
2738
2828
3147
3378
3413
3254
2839
2555
2492
2574
2727
2978
3243
3131
2847
2580
2625
2494
2412
2366
2389
2400
2228
2151
1926
1720
1568
1401
1279
974
601
321
618
815
840
728
635
629
559
465
340
242
217
391
646
876
1007
1043
1024
899
698
717
1105
1219
1222
998
1250
1481
1531
1201
764
695
789
806
712
564
438
364
293
200
188
167
84
67
83
38
11
47
108
178
244
257
235
356
480
496
486
450
358
537
223
235
215
108
44
45
71
77
67
48
43
24
12
3
3
3
4
4
5
5
3
1
0
1
2
9
6
2
0
0
0
0
0
4
5
13
20
31
27
32
23
20
29
24
11
6
5
2
9
7
17
17
25
29
41
75
97
166
300
458
605
691
769
745
738
615
526
497
526
509
489
464
378
267
270
241
164
129
69
30
7
5
11
9
12
36
46
73
86
89
86
47
20
23
50
114
148
153
118
87
82
67
47
49
51
53
57
54
41
31
52
55
55
50
43
111
240
362
543
698
924
1170
1542
1740
1850
1847
1838
1813
1742
1565
1282
882
572
596
889
1081
1068
1277
1478
1444
1551
1724
2018
2375
2378
1916
1351
1276
1360
1233
957
973
887
850
863
850
953
1147
1257
1192
1002
810
700
578
467
605
933
1215
1130
822
610
569
534
514
396
253
276
297
313
356
421
412
443
519
773
920
1016
999
1098
910
733
789
706
495
427
492
385
229
468
814
976
983
902
783
767
802
835
1099
1521
1589
1246
581
968
876
448
390
374
299
312
313
233
193
261
341
318
246
247
359
359
409
404
383
336
246
195
119
10
15
89
141
150
165
167
148
175
303
352
309
205
88
127
161
170
149
176
290
379
472
460
448
400
452
460
416
395
294
167
88
53
62
134
206
225
210
164
125
103
63
34
11
3
0
0
5
10
11
8
13
5
30
59
115
201
229
172
83
129
269
290
226
194
223
225
243
216
190
141
140
160
177
204
233
161
55
10
58
104
150
190
181
175
261
415
435
389
283
182
155
128
103
95
111
132
130
125
62
85
71
26
44
86
114
128
134
139
112
70
32
5
56
193
393
594
706
764
653
593
648
575
537
472
513
629
752
889
926
767
603
450
464
357
193
138
152
177
142
130
142
121
98
112
85
60
70
124
144
150
146
127
122
98
94
227
404
539
711
953
1045
1299
1454
1426
1374
1212
965
1114
1259
1536
1882
2230
2443
2599
2567
2422
2238
1816
1171
488
166
412
768
1032
1146
993
715
532
652
978
1213
1198
1006
775
797
665
505
401
452
404
507
809
989
853
635
500
485
545
610
661
611
560
459
308
157
93
76
119
153
143
109
116
121
122
129
152
196
242
240
195
158
139
111
80
59
61
70
120
145
68
94
115
140
156
156
144
146
182
196
170
123
56
11
1
6
16
27
29
44
28
13
15
95
156
265
321
504
1461
2340
2928
3076
3020
2887
2669
2290
1929
1592
1391
1245
1157
1099
1359
1718
1920
2145
2350
2677
2917
2725
2471
2068
1572
1146
763
540
320
258
222
224
280
323
182
138
131
112
88
161
334
508
795
870
789
524
254
74
15
4
2
15
25
28
26
12
8
8
7
27
100
138
107
124
136
147
151
172
183
171
178
163
127
85
57
34
19
2
10
23
35
44
30
26
38
37
46
34
36
63
159
231
244
168
74
14
8
4
2
2
4
4
1
4
6
6
15
19
34
16
5
1
4
4
12
26
29
20
15
17
15
11
11
24
27
45
91
95
348
853
1331
1841
2693
3492
4144
4321
3963
3472
3012
2845
2772
2416
2076
1707
1389
1128
858
658
445
402
428
473
495
445
356
331
270
338
540
574
582
607
450
279
311
425
482
565
545
364
108
356
534
364
201
227
408
468
387
346
429
473
409
185
447
634
569
455
418
352
265
361
675
1125
1403
1393
983
381
221
398
669
903
990
957
772
597
442
389
556
686
560
346
314
293
311
320
266
294
359
422
403
397
553
477
400
370
410
451
425
494
660
524
294
200
335
411
327
161
85
288
426
431
266
69
97
196
220
148
123
289
412
423
246
177
212
212
232
238
179
179
272
436
616
869
1062
1182
1440
1507
1628
2044
2616
2953
3072
3116
3190
3084
2652
2181
1762
1347
1028
523
381
548
708
558
368
278
450
846
1047
1149
1175
1126
1144
1065
866
691
505
372
497
631
786
948
980
918
804
680
665
675
684
872
1134
1391
1562
1538
1619
1540
1066
962
1112
1205
1229
1347
1544
1625
1650
1604
1477
1273
1011
804
629
674
636
538
391
220
298
359
393
383
350
302
242
206
154
158
180
179
210
237
256
255
227
186
145
213
296
284
225
166
125
77
81
83
77
104
139
204
268
278
267
233
195
165
159
143
143
152
152
143
177
172
202
240
275
317
404
418
384
468
530
462
390
223
73
60
160
275
363
405
386
378
332
249
217
189
107
86
102
164
237
257
187
155
126
103
92
127
161
119
119
191
209
173
111
69
90
139
128
131
150
201
228
201
163
148
120
81
31
17
15
31
92
119
110
81
89
106
71
242
370
444
397
326
141
174
301
482
419
388
477
636
791
776
632
453
302
357
523
569
430
292
207
226
261
254
378
537
600
683
646
526
453
252
244
227
247
590
953
1115
1069
967
884
1052
691
616
472
315
200
287
377
473
556
621
654
661
643
577
513
479
456
441
425
331
195
117
80
58
95
138
163
160
175
174
176
164
131
154
233
286
324
361
367
312
272
186
256
346
402
438
415
353
327
367
379
327
250
181
202
214
246
291
325
423
543
560
626
686
664
631
564
636
639
649
505
391
282
362
406
476
564
548
527
442
391
344
368
381
436
495
574
533
526
589
630
569
601
731
831
972
1095
1111
1091
1051
1142
1261
1262
1123
1046
886
776
650
694
822
809
743
766
762
674
568
488
361
280
209
166
163
228
360
561
769
938
996
1029
950
754
601
670
703
646
547
493
519
628
666
724
763
613
509
380
298
274
352
397
384
380
392
429
473
463
437
434
429
415
306
329
458
424
421
381
302
293
297
280
153
207
296
347
335
409
438
394
387
368
326
253
242
211
181
118
82
95
168
231
223
211
204
144
96
69
57
41
49
57
50
48
58
86
120
143
221
268
272
483
490
297
172
134
182
236
225
193
172
132
162
215
286
321
365
549
964
1302
1333
1399
1616
1751
1527
1073
1208
1352
1455
1177
881
948
1056
1190
1208
1335
1288
1285
1296
1260
1104
873
907
1024
1226
1185
1094
1167
1168
1143
1100
1120
1170
1362
1585
1663
1677
1687
1714
1662
1370
1026
889
777
836
945
977
1022
1058
825
677
494
513
616
810
897
1196
1545
1764
1869
1699
1498
1083
905
823
634
488
491
337
328
483
596
594
557
467
334
298
302
275
202
243
386
511
553
581
543
481
452
506
450
398
404
535
626
597
486
395
394
374
324
247
124
151
192
207
203
190
127
98
164
308
589
873
931
906
929
1097
1636
1992
2073
1975
1697
1435
1145
810
834
779
614
564
539
457
383
256
416
631
632
522
370
529
550
562
453
239
138
126
178
405
609
748
764
761
682
936
1347
1558
1258
586
247
367
370
166
149
285
287
163
289
444
540
633
722
734
689
702
603
491
455
502
519
537
521
532
540
552
492
385
427
392
367
278
570
923
1048
699
503
346
237
337
430
416
602
766
742
657
617
671
637
644
853
945
712
521
699
1213
1661
2010
2368
2758
3259
3723
3854
3618
3191
2571
2075
2250
2355
2260
1586
1384
1896
2035
2085
1655
1155
1226
948
627
846
1116
1093
884
995
1138
1222
1233
1219
1028
915
810
701
479
548
589
452
553
678
723
733
542
519
531
1014
1511
1928
2181
2218
2019
1904
1427
2001
2151
2078
2138
2357
2492
2409
2512
2179
1667
2392
2506
2517
2438
2180
1708
1712
1780
1699
1440
1343
1314
1031
866
656
622
718
839
869
813
1131
1430
1617
1623
1547
1341
908
313
341
524
606
794
944
1131
1282
1390
1436
1353
1049
783
1072
1425
2055
2378
2350
2219
2159
2027
1861
1733
1572
1278
1053
866
677
967
1263
1386
1349
1339
1284
1202
1102
1115
1336
1397
1313
1228
1224
1251
1216
1100
1009
940
877
1003
1312
1598
1638
1472
1120
1060
1005
975
771
494
382
386
410
419
419
370
388
465
550
624
562
467
380
411
479
550
669
905
1456
2020
2138
2201
1966
1896
1593
1241
1617
1847
1788
1624
1113
844
870
1161
1212
980
629
487
507
677
938
1176
1369
1341
937
704
912
747
641
867
1131
1205
1028
796
829
1078
1364
1553
1554
1408
1284
1143
1269
1255
1123
886
886
1085
1143
1355
1621
1966
1916
1607
1219
588
802
1134
1211
1132
550
961
1242
1165
732
647
852
1046
650
543
576
501
400
371
349
281
260
268
289
227
214
230
282
346
422
473
379
325
292
311
296
311
482
719
847
1012
1137
1232
1225
1057
729
358
802
1028
769
404
618
609
409
634
834
950
827
594
444
333
358
503
615
685
780
744
697
655
702
759
810
705
454
407
506
712
1100
1579
2031
2205
2036
1941
1836
1802
1680
1187
1100
1016
849
986
1212
1117
905
911
1098
1197
1231
1107
993
846
840
849
750
683
651
661
787
838
801
728
597
254
255
348
337
266
185
123
86
62
35
76
141
199
295
423
400
409
414
474
583
677
678
636
603
505
413
439
380
305
160
117
122
140
148
143
142
144
156
179
249
325
471
692
1049
1215
1429
1635
1683
1661
1585
1335
1054
833
670
493
339
260
294
333
370
227
120
206
384
462
572
704
831
877
917
922
875
808
718
614
523
447
372
291
240
204
238
294
251
234
209
160
148
196
224
270
328
477
512
543
618
639
586
589
395
253
306
276
162
136
153
116
145
224
300
344
289
474
513
267
266
430
492
550
596
619
616
509
347
319
336
365
406
401
412
358
239
149
114
122
172
106
76
134
257
282
341
361
352
314
360
355
351
351
339
293
264
265
283
299
281
254
242
247
210
175
92
59
37
28
14
20
132
228
324
354
343
325
307
278
234
234
184
129
63
56
81
85
141
101
28
42
69
27
41
53
54
86
90
103
151
228
235
221
235
247
217
194
132
172
150
132
144
169
259
293
403
465
526
535
539
504
443
416
340
524
237
209
208
231
372
600
837
1021
1110
1070
977
903
824
672
529
474
396
230
107
161
177
135
137
123
116
150
189
321
433
499
505
515
539
555
506
504
506
512
545
522
487
494
478
460
449
392
351
277
204
129
101
98
73
31
135
390
619
844
953
1080
1101
1083
1044
1004
957
1040
1090
1069
1051
995
936
865
806
725
628
532
443
340
462
665
713
608
483
417
272
140
97
117
131
153
191
202
182
202
272
306
252
303
244
183
134
106
94
52
55
58
126
190
235
263
217
213
176
211
192
172
169
251
296
317
276
157
164
245
291
312
245
183
159
129
71
62
62
38
40
53
50
49
87
107
127
94
69
59
60
37
18
40
73
111
149
171
374
767
1040
1233
1302
1428
1436
1229
899
1017
992
1242
1281
1246
1173
1034
815
662
568
520
405
261
123
39
53
50
31
39
357
1023
1753
2329
2578
2368
2155
2163
1684
1152
1092
1319
1392
1113
703
396
238
170
166
127
149
188
239
298
390
445
467
462
476
490
502
537
507
382
462
590
597
508
362
367
595
924
1154
1181
1015
895
766
517
316
232
223
343
440
405
328
256
208
157
169
189
325
446
494
460
365
195
79
73
92
102
96
99
114
117
67
35
32
51
107
126
179
135
102
107
210
309
379
377
298
198
179
174
137
91
47
31
58
120
180
209
224
194
149
82
66
72
96
214
340
371
286
210
327
443
479
510
562
512
486
458
388
309
240
189
158
129
96
97
106
104
102
103
143
246
343
442
545
664
715
696
635
569
500
485
495
520
532
340
239
256
338
327
340
359
370
393
470
540
572
566
598
624
594
536
441
353
183
78
126
249
370
381
360
325
289
277
251
238
188
128
134
232
289
313
361
294
208
217
231
238
309
409
379
323
291
371
420
450
470
520
528
461
324
219
163
118
100
93
138
217
306
422
505
529
577
566
431
322
214
164
92
57
34
23
38
45
37
31
68
168
278
373
415
457
457
457
420
372
322
269
286
261
232
235
234
236
266
347
426
432
423
353
287
229
181
170
149
218
357
414
461
477
438
408
324
276
220
205
168
159
153
137
98
78
73
80
71
69
70
54
61
50
43
47
47
66
46
64
94
60
23
30
65
58
82
81
78
72
78
59
50
51
62
60
60
83
94
86
130
167
143
138
144
140
156
197
196
108
30
182
140
68
57
125
140
146
119
93
173
252
220
185
185
271
273
154
111
119
157
180
213
217
204
211
252
242
212
158
119
187
187
169
157
152
142
105
121
156
217
286
335
422
442
453
438
400
354
236
255
274
239
170
140
127
180
249
297
314
308
279
251
211
177
119
67
64
93
79
120
208
858
412
461
458
479
408
412
367
295
265
228
256
403
501
440
429
493
416
366
346
270
169
150
124
156
275
393
472
548
650
836
903
807
499
284
211
314
399
430
370
426
406
324
324
327
344
269
165
115
199
339
444
454
446
459
483
476
429
392
533
594
498
391
372
418
429
512
595
590
573
575
548
480
404
490
612
565
353
231
273
357
594
649
659
644
645
591
569
563
557
414
280
359
458
387
291
145
75
61
71
127
221
338
437
377
371
279
241
232
267
346
523
672
686
552
335
236
232
317
348
285
289
311
361
417
382
242
223
196
166
115
89
136
256
355
412
430
365
237
243
273
322
375
387
452
584
639
628
629
564
375
225
117
171
284
362
379
397
411
480
478
434
339
285
229
196
238
306
356
440
424
430
365
246
208
258
223
121
78
132
208
163
100
80
93
101
110
114
166
194
220
190
183
201
133
128
185
219
186
121
153
230
269
308
285
234
161
107
93
80
65
100
180
249
360
470
542
592
580
462
385
368
290
210
189
293
282
225
257
431
565
543
420
331
300
255
203
233
362
631
895
856
649
561
642
596
479
276
180
261
345
336
295
268
332
337
240
158
86
46
39
65
55
72
109
124
166
125
126
153
179
190
219
347
659
1199
1734
1941
1886
1721
1478
1230
1025
812
650
547
499
491
601
437
406
578
870
937
923
983
1200
1385
1587
1783
1988
2053
1609
1655
1699
2210
2431
2582
2457
2413
2613
2688
2527
2290
1548
1983
2243
2453
2377
1728
1133
1815
1873
1656
1236
829
853
747
795
709
564
783
902
938
1158
1470
1634
1347
1579
1704
1814
1836
1817
1644
1412
1284
1244
1107
903
960
1161
1074
921
882
623
534
705
896
1197
1629
1654
1327
816
674
753
736
708
647
575
552
589
512
493
503
509
592
715
839
1020
1321
1494
1251
1757
2209
2068
1928
1864
1943
2145
2227
2240
1821
1655
1895
1942
1939
1765
1811
1977
1631
1274
922
765
943
1060
1175
1226
1205
995
675
311
318
572
575
437
370
260
263
320
393
424
493
576
794
1168
1519
1570
1533
1544
2569
1999
1966
1700
1362
1062
709
352
468
630
651
588
457
368
328
333
308
347
437
558
701
788
927
1096
1467
1859
2266
2326
2002
1623
1405
1211
1386
1370
1095
1012
1000
926
897
998
1134
1663
2274
2860
3115
2903
2232
1448
1559
2960
3694
3650
2916
2303
2074
2330
2161
2188
1754
1519
1406
1288
1242
1320
1431
1341
1208
1221
967
886
1380
1768
2094
2173
2047
1811
1532
1360
1134
811
438
152
411
652
848
1167
1309
1345
1396
1336
1132
788
660
974
1057
1022
1021
1025
981
820
838
917
932
915
1071
1296
1918
2427
2621
2614
2386
1865
1490
1186
1389
1821
1814
1737
1243
897
1166
1229
1024
690
569
694
887
907
911
912
908
799
653
846
816
795
1145
1498
1549
1383
1290
1260
1037
660
432
254
211
176
159
204
231
298
337
365
356
321
262
221
220
207
174
154
143
132
160
178
191
213
271
344
405
449
589
716
859
1080
1342
1575
1720
1746
1562
1446
1333
1109
782
760
732
624
634
646
755
842
956
1032
1077
1168
1248
1283
1187
894
501
754
1119
1318
1343
1301
1277
1195
1155
1223
1423
1557
1511
1264
1509
1909
2296
2066
1630
1388
1295
1013
704
1075
1058
889
755
697
650
655
695
778
1047
1405
1414
1004
609
476
787
1077
1131
1012
792
641
474
254
272
513
683
942
1272
1332
1064
648
385
391
349
303
251
161
171
222
289
341
370
417
530
792
1152
1690
2276
2684
2867
2746
2355
2113
1914
2354
2769
2673
2058
2101
2071
2072
2145
2489
2466
2118
1862
1677
1318
930
701
353
674
915
1082
1321
1506
1658
1469
1662
2062
2339
2600
2528
2476
2563
3303
3830
4147
4457
4187
3918
3410
2718
2479
2478
2295
2050
1376
488
1016
1336
1389
1384
1318
1013
1078
1270
1426
1408
1339
1216
1120
1037
1147
1468
2048
2701
2999
3041
2829
2309
1929
1460
1548
1762
1882
1805
1492
970
848
871
761
728
795
837
833
747
715
660
519
532
488
457
417
377
377
327
378
468
616
802
1021
1169
1100
1102
1062
826
679
513
507
511
513
496
431
338
292
257
217
211
214
241
202
146
97
134
217
450
742
1071
1340
1466
1435
1319
1088
785
586
595
564
541
544
622
661
563
486
349
274
213
236
256
261
253
287
325
388
491
637
819
892
1020
1015
1011
1045
1052
978
831
778
935
1010
1035
911
898
891
776
657
708
762
760
658
617
654
681
727
751
774
757
748
710
644
546
456
420
389
341
282
277
330
476
578
397
500
547
563
525
495
514
508
536
565
407
310
406
559
573
529
450
428
338
223
144
128
103
105
85
48
52
46
68
214
137
172
268
259
209
169
285
452
496
485
424
309
135
129
126
105
186
183
115
90
88
96
164
167
131
75
53
42
53
68
70
74
85
92
118
122
116
121
70
91
123
163
163
109
106
59
28
79
175
273
391
454
462
479
359
221
151
87
101
154
238
281
284
299
307
258
199
183
194
257
310
261
211
255
367
432
423
402
362
392
444
426
425
452
469
417
356
347
319
288
232
164
144
93
85
103
177
252
331
324
321
327
185
164
374
604
789
881
839
646
444
389
459
471
539
505
502
538
654
828
831
773
704
618
509
434
392
375
443
489
513
460
360
427
597
551
439
332
283
334
360
313
237
130
103
145
164
162
257
298
223
135
135
201
189
256
294
325
389
454
517
721
910
1062
950
530
482
509
690
759
717
629
580
551
557
655
795
982
1144
1226
1256
1268
1234
1186
977
698
831
1093
1074
981
799
584
393
293
326
349
296
349
433
440
450
374
377
306
271
217
227
262
317
465
611
637
623
599
555
425
328
262
263
220
156
74
76
198
324
357
355
368
264
146
120
394
541
670
661
673
625
546
437
329
210
274
323
286
253
246
192
242
282
367
345
312
272
216
245
182
126
123
128
169
245
297
186
88
234
390
420
345
218
169
238
331
339
278
157
59
54
90
131
154
228
320
398
416
582
789
891
774
675
566
527
595
478
566
483
341
234
151
195
240
177
164
154
137
139
124
152
175
284
420
636
786
801
631
365
204
207
194
159
156
177
217
229
266
361
382
444
378
296
240
350
506
510
467
519
508
474
417
448
444
486
503
499
541
511
456
471
433
369
263
178
172
194
193
237
273
340
396
446
449
395
330
295
326
349
389
383
316
244
237
119
70
48
49
169
440
743
901
918
788
617
493
487
645
967
1147
1162
1017
815
499
410
417
350
291
346
430
615
909
1028
1031
767
713
667
761
757
840
953
1059
1019
917
864
983
835
787
994
1129
1181
1235
1091
791
720
617
601
579
552
563
491
521
555
504
507
457
471
934
356
277
201
179
147
183
263
340
379
396
458
524
595
519
434
290
210
291
500
657
873
1187
1225
1176
947
823
619
557
646
690
835
877
880
897
782
687
650
606
514
547
656
638
624
631
630
594
391
275
262
331
427
528
609
557
389
676
1095
1379
1320
648
1085
1388
1500
1362
1133
1052
415
483
435
396
378
469
563
696
815
854
811
647
191
477
595
540
385
258
233
286
289
166
87
119
177
225
243
241
220
179
221
525
784
1023
1071
1065
848
682
984
917
743
561
487
696
1014
1192
1320
1291
1107
923
748
688
1036
1118
1067
1272
1270
858
810
731
819
773
310
551
603
521
777
1136
1170
1125
967
637
995
1194
1126
1077
1091
980
841
810
863
955
934
909
829
738
630
522
486
426
368
312
336
376
399
378
409
642
734
534
301
258
290
249
377
867
1289
1488
1554
1358
694
557
813
1076
1247
1468
1529
1613
1562
1361
1262
1156
1030
882
960
1192
1264
1405
1440
1399
1324
1215
973
627
885
1001
982
856
588
637
1005
1215
1354
1246
1211
1060
771
673
720
760
630
463
316
269
332
388
385
387
381
315
229
158
146
243
870
1391
1730
1635
1364
1299
1338
1528
1804
2223
2519
2667
2639
2546
2397
2161
1851
1669
1424
1076
736
966
1457
1670
1866
1859
1719
1596
1357
1052
1050
1039
956
861
762
671
609
512
444
341
344
283
268
290
416
512
568
606
655
642
568
558
541
508
415
306
225
218
243
270
292
287
339
365
284
236
227
236
318
541
701
779
695
506
348
479
530
137
459
533
362
219
606
819
699
592
1001
991
917
767
717
751
791
793
791
750
710
591
435
362
541
691
817
791
650
516
590
640
697
695
642
682
616
381
230
273
421
504
580
519
334
278
323
444
475
407
404
357
272
107
116
135
116
196
242
250
179
92
73
112
190
349
430
447
398
325
307
341
400
364
279
168
120
177
299
311
292
243
143
123
100
101
171
236
208
108
56
35
49
58
86
105
137
193
242
286
264
218
188
121
139
134
120
83
130
247
315
293
221
95
55
46
38
39
35
46
28
25
35
54
73
78
86
88
169
213
199
142
74
80
91
95
83
61
26
5
7
23
71
121
162
200
193
165
158
109
91
64
64
75
66
55
33
36
44
31
17
34
31
15
13
24
47
88
129
151
145
152
129
78
20
10
37
36
19
20
37
148
359
669
1063
1410
1699
1900
2112
2374
2531
2562
2652
2610
2593
2609
2630
2354
2038
1705
1313
996
843
814
1176
1505
1575
1288
736
390
217
159
186
204
210
243
275
290
290
296
256
220
198
193
187
174
159
106
20
143
365
443
431
336
206
110
126
320
404
390
324
155
140
228
261
241
194
126
59
54
183
238
233
282
439
573
717
931
1060
1521
710
388
573
685
604
483
389
240
95
63
57
118
126
83
33
39
32
45
70
59
30
11
2
4
8
3
17
58
107
192
236
228
184
104
44
0
1
11
22
20
33
47
38
63
59
44
33
23
3
29
51
16
36
54
117
136
158
143
165
177
251
382
505
628
644
616
595
576
613
601
582
586
559
524
430
367
257
315
520
576
560
539
478
435
414
459
570
581
599
684
673
508
297
106
89
61
93
146
271
363
404
411
392
305
242
160
106
40
18
6
9
20
34
26
20
13
15
16
13
21
42
3
1
8
6
2
14
11
21
36
52
93
117
133
95
74
59
62
45
46
21
9
4
18
35
49
38
20
8
6
0
0
0
6
16
27
45
67
57
34
27
19
9
15
23
29
55
46
78
148
159
167
223
221
149
316
643
907
1008
1000
807
419
336
803
950
791
413
111
179
320
224
119
156
146
115
56
34
7
2
0
10
10
8
15
30
74
134
193
151
82
52
68
71
51
11
61
19
32
43
40
40
33
26
10
68
98
93
32
18
15
60
114
163
132
69
14
5
4
1
2
2
2
0
1
3
5
8
6
0
0
6
0
0
0
0
1
4
2
0
3
0
1
2
8
15
18
0
1
7
34
46
43
40
38
27
46
58
81
106
136
152
149
140
98
36
1
13
10
14
69
97
125
126
92
39
5
2
2
1
0
19
29
21
20
42
47
26
14
0
0
3
6
14
25
24
43
44
29
10
3
0
6
4
0
2
3
3
7
19
45
61
74
58
29
5
0
0
1
1
7
8
16
8
5
4
13
15
29
53
75
104
104
69
3
0
0
1
0
5
11
10
5
6
1
0
16
71
62
75
74
72
47
31
7
0
0
0
0
0
0
0
1
0
0
1
14
26
12
7
0
1
4
25
22
15
6
21
53
103
138
143
150
140
122
72
33
8
5
2
4
4
1
0
0
0
0
1
1
2
14
9
6
2
0
1
0
2
1
2
6
2
1
0
6
8
3
36
7
0
4
15
21
23
20
13
9
11
1
9
25
31
74
96
112
126
129
161
185
166
107
45
24
36
38
75
43
18
21
0
14
10
14
39
10
18
11
15
9
5
15
1
7
0
9
12
6
4
16
9
19
49
94
196
314
427
455
394
174
37
252
180
156
100
47
17
23
47
23
0
38
149
314
415
506
783
961
1077
928
769
296
725
804
765
775
787
967
1181
1612
2019
2215
2319
2245
2061
1693
1436
1223
920
578
295
125
153
309
380
370
282
203
159
173
148
244
573
969
1196
796
271
420
570
675
777
721
670
589
351
190
473
609
571
443
425
450
404
345
469
583
523
298
321
615
846
921
921
980
1152
1387
1710
1960
2012
1966
1956
1832
1736
1686
1523
1336
1135
1160
1433
1572
1475
1268
961
922
939
860
658
870
1346
1660
1700
1690
1466
1193
877
602
462
493
638
732
889
995
998
809
608
309
132
183
280
342
412
382
258
190
153
122
135
306
361
376
327
129
40
28
32
52
28
27
86
123
115
134
232
252
265
250
237
175
176
167
159
167
184
217
207
192
141
90
36
6
3
4
0
17
170
442
578
679
686
618
625
654
614
637
607
626
598
635
774
891
962
1006
1071
1094
1059
1174
1254
1327
1359
1350
1249
1207
1122
1011
764
479
531
1117
1374
1297
885
578
380
233
188
144
226
527
841
1163
1250
1393
1381
1280
1109
864
701
820
892
718
587
483
324
270
356
369
476
673
934
1116
981
789
620
546
474
581
631
788
870
838
777
676
585
437
275
193
304
431
558
654
804
981
1152
1466
1614
1424
968
510
646
1039
1298
1255
1156
1020
1236
1422
1491
1479
1293
926
554
679
646
617
568
580
529
433
296
174
54
74
137
190
204
409
780
1721
1985
1309
1436
1489
1288
1318
1324
1312
1453
1788
2062
2258
2226
2164
1541
1000
845
1061
1425
1501
1361
986
503
261
122
57
85
272
560
776
1035
1266
1406
1404
674
1477
2030
2332
2594
2739
2723
2784
2840
2861
2700
2532
2451
2450
2365
2240
2164
1925
1778
1723
1737
1570
1565
1295
586
668
786
752
610
535
423
356
341
370
441
588
790
948
1047
909
731
752
800
769
663
600
604
624
662
717
784
761
687
587
646
711
606
449
323
490
948
1615
2094
2110
1659
1240
1057
997
1041
1064
1052
1122
876
793
752
587
371
135
97
134
146
113
62
52
28
7
36
104
145
146
95
58
48
107
186
304
404
472
525
588
582
587
570
545
509
476
718
1183
1477
1986
2452
2570
2428
1932
1383
900
390
838
1046
1295
1543
1605
1772
2001
2167
2159
2101
2126
1894
1777
1599
1221
1066
971
810
749
685
779
932
906
1039
1145
1114
1003
876
770
892
1141
1240
1353
1284
1199
983
723
697
797
716
538
388
358
551
668
726
666
528
482
493
487
469
843
491
436
365
312
220
320
508
669
805
771
659
776
1109
1262
1381
1294
1130
943
613
218
382
510
420
380
262
168
170
171
129
87
104
173
189
186
82
38
39
79
94
145
229
299
394
378
466
503
623
690
666
629
640
627
516
359
266
140
170
217
216
199
206
204
152
114
53
21
82
111
59
10
96
205
202
162
141
108
86
72
50
54
10
20
20
71
37
8
2
4
21
33
50
47
44
77
91
58
81
94
184
247
290
365
501
571
586
587
576
495
463
363
230
145
107
99
64
17
26
46
42
27
19
35
55
26
34
46
47
39
57
61
63
71
98
131
173
210
213
185
144
105
73
38
52
104
115
134
154
158
143
121
73
36
22
15
2
0
0
2
5
33
154
331
477
677
763
724
527
378
277
287
298
407
420
432
428
423
348
308
672
838
862
714
473
371
342
375
407
440
407
536
519
503
493
560
450
273
151
19
26
32
49
82
180
403
562
544
612
597
523
308
197
269
372
402
500
550
505
458
349
330
272
515
1034
1204
1097
1201
1558
1933
2224
2182
2161
1960
1487
1001
1292
1545
1640
1601
1505
1360
1172
988
890
743
442
238
319
535
640
708
737
720
665
572
505
437
379
373
431
442
445
434
342
198
231
373
643
959
1334
1572
1781
1984
1876
1724
1466
1396
1263
1167
1088
992
834
689
454
308
350
419
432
559
675
561
465
372
338
367
450
395
341
444
499
426
436
512
574
578
625
624
433
219
109
167
219
215
220
182
200
181
163
162
158
187
172
168
172
135
114
91
51
27
32
68
75
75
90
91
117
109
107
77
50
25
24
28
47
53
84
102
106
108
90
79
65
50
32
10
27
52
56
38
19
7
5
0
3
8
25
37
28
28
39
38
37
42
25
122
521
778
954
1020
826
757
1048
1282
1317
1115
789
544
650
541
377
456
598
472
284
485
501
345
486
405
384
530
649
728
835
957
1165
1414
1664
1777
1609
1444
1322
1009
680
557
430
339
372
455
570
588
429
385
340
333
355
441
584
854
1158
1367
1398
1261
1126
955
931
1025
857
655
542
488
457
367
356
442
389
345
420
476
534
514
443
417
471
642
837
858
724
1011
1027
1027
896
908
888
659
421
279
168
152
219
170
55
34
78
77
84
89
80
102
158
237
336
374
310
245
302
494
498
656
432
95
101
135
70
47
50
58
152
294
429
899
546
642
672
600
615
614
573
572
586
550
461
414
344
302
324
348
358
387
431
611
752
977
1134
1123
1034
909
836
820
751
624
482
212
173
214
173
136
99
72
111
101
77
93
71
71
67
70
54
50
88
129
125
92
75
68
72
86
107
114
122
89
48
19
31
62
77
82
75
42
11
8
14
5
0
0
0
4
48
98
116
186
160
86
44
27
32
37
50
35
47
99
174
215
216
174
135
90
86
58
49
44
61
151
226
249
225
169
92
81
108
96
93
102
112
92
80
105
106
89
61
51
41
35
27
55
70
99
96
102
94
79
76
77
58
38
31
40
49
44
32
31
17
17
11
0
1
5
5
3
1
4
9
8
4
8
10
9
10
10
14
22
33
47
104
115
78
63
41
48
36
29
32
53
52
81
167
235
461
699
1029
1219
1406
1613
1826
2043
2132
2200
2198
2145
2022
1748
1418
738
387
761
1016
1173
1245
1236
1214
1164
915
740
682
584
384
202
132
262
520
617
651
691
444
233
208
256
334
323
282
153
56
35
132
252
311
337
356
339
295
215
303
409
423
410
309
189
52
18
18
39
71
79
97
85
138
299
470
736
1003
861
874
881
1057
1054
730
574
615
670
607
543
514
491
419
361
364
323
223
158
143
110
123
97
88
83
112
119
127
105
67
34
39
71
113
103
72
43
27
75
166
302
462
655
985
1406
1993
2588
3128
4074
4256
4121
3937
3685
3559
3262
2987
2918
2889
2718
2200
1820
1583
1592
1576
1440
1585
1797
1891
1907
1816
1952
1961
1921
1791
1630
1518
1454
1689
1943
1722
1123
648
606
700
588
393
415
443
342
281
244
243
217
182
153
106
96
94
173
378
568
673
745
719
777
973
1190
1229
1187
1080
1093
1293
1456
1558
1640
1740
1843
1727
1388
906
949
1538
1951
1953
1353
1177
1201
769
349
298
242
350
464
453
486
486
577
707
858
934
1024
1217
1373
1358
1216
1076
895
829
817
820
843
842
770
618
491
421
434
445
549
654
704
726
715
712
745
780
745
767
1121
1241
1290
1199
1083
868
683
520
381
367
449
540
540
483
420
385
369
420
396
395
421
622
743
697
654
536
350
195
113
153
214
250
253
287
279
244
209
172
103
59
56
114
177
209
211
221
229
245
253
242
294
348
317
298
213
171
168
166
169
212
249
266
247
230
286
286
246
237
229
264
286
320
384
443
501
526
543
513
445
468
468
395
724
383
412
404
371
393
419
418
395
403
456
440
474
552
585
638
832
871
762
634
630
572
553
602
462
355
387
413
444
696
1074
1275
1358
1161
991
795
534
556
670
676
606
519
410
387
308
308
439
418
431
443
555
616
638
592
458
294
171
215
305
313
210
132
87
96
152
172
203
228
225
263
265
293
360
371
369
356
330
262
296
294
303
273
408
569
738
810
833
885
924
1018
1061
1104
1105
957
897
808
744
600
449
300
155
95
75
98
93
94
79
107
158
320
530
679
727
652
445
293
251
351
391
388
345
272
176
147
171
174
216
217
200
157
139
123
130
121
97
66
66
100
175
200
156
136
117
83
60
63
92
109
95
86
96
139
197
193
145
70
42
47
244
78
87
120
165
193
251
292
298
296
307
300
356
364
315
242
150
69
26
75
87
100
87
106
128
153
234
293
360
486
563
630
719
677
566
498
504
539
585
575
554
543
565
546
505
312
179
80
108
225
198
244
345
398
455
421
369
295
201
85
28
35
28
79
108
83
105
94
84
110
171
199
163
91
74
128
249
348
379
310
219
161
138
131
114
140
94
149
108
158
171
193
209
194
167
123
76
86
35
29
59
136
290
397
476
441
342
244
124
75
52
116
139
105
127
177
215
268
275
301
291
265
220
164
124
75
63
26
22
32
48
62
86
121
133
110
64
56
43
20
105
186
250
264
267
228
183
146
149
126
130
124
149
150
163
128
142
118
133
167
138
215
266
157
137
159
249
362
420
439
479
527
738
794
687
617
434
284
423
632
656
525
562
636
708
710
785
838
908
975
989
985
917
800
653
816
853
747
665
670
753
791
771
679
561
381
236
206
181
241
391
414
413
451
730
891
929
932
805
631
707
778
774
733
619
373
128
113
217
282
249
130
151
224
279
260
181
155
226
350
416
383
334
316
356
526
742
823
780
770
697
605
498
413
338
345
459
515
416
359
313
310
343
317
443
467
465
350
220
101
82
70
65
90
123
154
176
136
197
248
235
242
306
312
350
377
404
416
364
301
172
62
38
116
121
79
95
108
175
279
412
539
642
600
708
818
822
733
640
644
791
714
769
797
961
1137
1178
1276
1175
1049
960
894
877
841
771
807
790
866
901
954
994
1020
1041
990
1107
1224
1138
1060
906
593
429
520
735
382
578
784
963
1123
1254
1305
1359
1347
1242
1048
891
822
647
450
341
365
391
424
456
462
453
424
377
399
428
510
535
500
403
331
328
375
384
369
330
270
234
208
239
284
338
372
427
416
308
231
233
276
396
413
368
337
343
380
500
543
438
249
125
97
104
152
191
152
137
221
204
157
249
276
290
330
337
304
341
346
227
196
310
358
327
311
255
265
277
334
324
330
315
266
245
349
442
461
440
375
332
240
135
185
225
216
232
271
266
298
403
582
625
578
542
533
499
419
342
286
177
165
278
366
378
358
379
386
398
418
446
467
449
415
406
300
151
72
85
173
279
393
397
292
121
111
132
165
168
108
27
10
23
63
117
111
104
72
63
149
230
251
239
320
342
345
322
310
318
307
274
225
347
627
818
869
837
786
810
843
795
751
768
811
877
959
1055
1094
1117
1126
1078
933
754
569
463
496
617
718
804
838
786
700
650
785
810
676
886
1449
2012
2398
2735
3089
3203
2963
2728
2631
2394
2054
1748
1417
1233
973
751
595
488
324
314
326
317
321
262
188
149
137
126
102
104
150
182
226
230
249
200
183
283
345
370
348
319
214
180
174
145
114
90
134
303
562
946
1382
2106
2751
2953
3298
3404
3046
2892
2485
3030
3134
3196
2979
2904
2930
2887
2552
2042
1691
1434
1286
1155
1055
914
809
740
539
449
422
271
140
96
66
54
73
77
56
37
23
24
23
26
36
35
23
12
4
12
8
18
13
17
71
163
278
439
592
649
571
538
570
708
521
570
649
738
732
525
393
504
506
673
738
666
541
445
292
158
53
47
53
64
211
605
1242
1700
1737
1415
1075
719
499
492
592
545
413
416
768
799
716
652
445
319
368
368
241
80
19
74
181
313
422
556
800
1078
1159
1201
1335
1346
1027
593
929
1070
1081
1081
979
853
777
728
688
517
337
231
172
172
287
403
559
736
910
962
758
563
511
424
336
256
295
617
666
679
502
330
419
403
286
131
97
135
146
188
205
218
207
150
89
45
66
111
134
138
105
75
70
49
34
37
36
44
54
96
122
179
294
368
405
403
373
270
143
64
36
20
8
1
5
33
100
160
218
242
258
229
169
176
195
239
240
221
201
251
289
346
318
185
318
420
453
434
387
348
287
236
171
88
78
126
164
144
137
159
131
102
98
92
81
49
25
17
21
58
103
126
110
178
88
125
228
393
463
531
566
319
320
489
487
418
336
251
219
246
219
189
150
61
14
0
0
1
8
12
25
31
62
27
20
34
64
71
67
24
11
30
63
87
82
48
27
60
101
132
113
58
57
159
190
144
156
235
253
226
138
78
114
176
185
117
52
44
41
14
6
10
26
32
28
23
17
4
15
5
6
41
64
77
63
53
49
39
21
37
12
7
23
62
67
231
269
185
148
64
88
141
139
142
135
115
98
84
67
34
17
9
41
68
127
150
113
75
61
21
16
78
83
53
79
172
190
212
160
90
85
78
64
48
59
74
76
54
46
72
83
163
194
188
202
179
178
139
165
153
121
250
413
647
974
1337
1377
1361
1236
1196
1217
1134
924
786
1073
1469
1904
2202
2433
2595
2792
2747
2523
2221
1920
1575
1192
1215
1502
1509
1152
1069
1133
1187
1055
815
461
376
380
318
189
123
217
284
365
502
529
397
416
451
445
436
430
429
357
243
132
115
95
99
211
394
502
471
384
183
132
116
131
168
143
122
102
86
65
45
57
96
112
113
138
122
132
129
101
89
95
113
127
164
279
407
508
539
564
546
519
496
409
299
190
131
58
17
86
212
316
324
280
234
189
172
168
153
116
114
160
282
405
378
351
286
211
148
112
100
87
62
47
23
51
62
98
144
170
158
237
293
305
225
146
106
57
61
44
19
3
8
4
7
23
51
88
97
89
74
86
52
18
29
47
89
124
157
160
165
210
257
245
237
253
265
334
380
431
562
603
713
836
832
795
687
625
637
614
589
515
480
489
444
335
164
99
197
291
376
478
608
742
823
908
962
1058
1112
1139
1176
1170
1251
1223
1381
1522
1678
1712
1873
2160
2217
2040
1740
1561
1436
1294
1186
1118
1112
1136
1282
1368
1383
1326
1224
1031
932
801
719
591
482
353
320
309
375
413
455
449
383
355
367
579
822
1234
1563
1977
2108
2109
1958
1831
1572
1629
1561
1508
1542
1508
1419
1289
1159
1107
1060
1014
902
810
811
777
757
819
898
1050
1102
1012
816
512
324
343
435
400
270
257
334
297
213
152
110
131
180
171
149
140
151
155
117
144
146
155
145
88
65
98
137
145
149
252
486
676
807
865
892
783
445
475
544
536
508
387
353
334
310
266
227
206
224
213
206
196
180
184
193
138
107
82
41
30
20
8
2
8
18
30
60
74
85
93
91
57
48
29
56
6
13
36
111
242
334
377
455
589
912
1489
1967
2207
2282
2002
1595
1249
816
393
1314
1476
768
638
473
499
601
642
670
646
566
423
265
126
44
51
64
89
81
83
59
31
15
8
27
38
27
18
6
23
52
54
50
36
27
17
8
2
0
1
5
18
30
26
18
4
25
213
435
517
602
624
667
738
904
1105
1095
925
612
1341
2098
2736
3027
2901
2342
1641
856
578
600
676
697
672
670
648
516
427
686
1274
1493
1304
883
485
220
308
501
599
671
758
808
920
942
878
746
635
439
423
514
584
527
523
550
587
651
665
724
777
848
772
595
412
300
228
141
115
121
143
192
269
404
581
611
555
519
433
297
207
217
193
171
136
96
48
14
42
156
231
250
230
180
127
39
28
89
133
176
170
158
162
153
111
69
55
49
101
192
277
316
266
189
91
83
102
147
149
98
99
119
177
237
275
255
195
200
220
251
246
234
225
216
210
187
159
141
130
170
182
238
297
422
423
350
392
519
655
680
653
628
643
641
652
850
1082
1216
1227
1051
876
753
732
694
669
654
621
561
469
409
282
293
273
200
111
33
30
46
77
216
379
527
523
394
206
179
170
246
266
273
284
265
227
161
155
204
268
276
288
304
286
279
207
151
88
55
68
87
74
67
43
32
39
82
126
204
289
382
459
422
394
339
237
214
332
419
311
234
328
505
635
622
619
530
481
398
384
355
331
311
337
340
256
191
201
327
416
510
542
444
348
319
390
389
539
710
901
931
906
840
725
668
673
622
594
488
470
467
410
305
140
55
62
198
287
298
187
255
596
947
1127
1124
1138
1157
1210
1054
634
494
716
988
1214
1304
1342
1296
1044
507
595
946
1228
1481
1491
1395
1222
972
786
718
831
1017
1298
1707
2025
2212
2201
1859
1474
1050
732
546
522
654
767
811
817
617
366
325
359
404
477
567
633
605
535
568
623
669
535
430
291
210
168
163
273
499
649
660
495
539
685
817
858
726
710
820
867
817
619
428
215
119
116
239
392
432
451
418
429
410
428
381
470
561
688
615
783
791
891
942
811
827
919
943
826
524
291
415
556
609
561
528
529
526
575
656
584
523
530
671
773
840
697
652
803
849
1138
1273
1353
1243
1083
553
505
484
390
276
357
577
727
1037
1258
1251
1067
753
496
363
490
605
532
354
291
422
555
641
645
737
1176
2062
1736
1854
1751
1530
1276
1205
1282
1243
1019
936
972
976
895
761
756
827
1018
1152
1417
1635
1763
2216
2658
2888
2943
2762
2424
2050
1710
1691
1742
1829
2087
2232
2095
1689
1313
824
555
324
178
106
113
183
246
288
289
326
278
215
341
515
554
546
445
419
631
689
671
678
719
780
746
737
638
552
455
443
427
374
285
191
175
158
121
122
144
125
126
80
36
15
31
32
58
77
61
71
67
66
99
72
71
182
248
284
383
491
552
657
798
955
1091
1108
873
681
905
965
861
700
434
236
373
344
344
376
585
661
439
285
146
594
887
1390
1675
1788
1516
1384
1020
810
1279
1825
2023
1808
1534
1243
847
516
334
527
547
564
580
571
514
455
321
357
415
503
508
492
429
428
342
294
226
178
226
341
471
573
544
645
940
1063
1129
1065
909
486
1050
1296
1369
1248
1172
1077
1197
1253
1190
1029
1011
1034
1021
855
737
507
276
170
121
126
151
178
190
184
174
149
163
248
306
342
721
1224
1496
1595
1588
1415
1096
802
683
356
194
280
359
391
360
242
124
36
66
52
148
363
527
548
497
493
551
566
542
514
479
421
391
316
236
156
113
91
75
98
130
160
124
113
123
130
109
99
90
77
71
64
59
23
23
29
28
35
149
366
532
652
755
789
759
746
561
496
371
285
256
278
338
381
330
295
242
154
98
50
30
13
12
11
5
7
12
16
27
32
48
66
66
47
50
67
89
99
107
101
78
82
84
97
144
214
144
22
115
478
716
721
448
288
319
549
645
478
358
589
789
839
714
368
110
169
323
430
408
193
65
164
430
614
624
542
402
316
612
898
1032
990
778
450
126
129
356
505
465
341
144
126
231
325
364
235
139
212
396
554
615
377
259
394
554
590
540
310
241
401
544
541
494
423
461
499
508
483
410
330
367
692
941
1121
1178
1321
1420
1509
1524
1444
1346
1188
1014
880
777
661
582
464
415
388
382
410
418
348
256
212
114
108
135
94
108
132
306
461
493
357
183
98
87
89
69
76
93
71
30
2
1
1
0
1
11
53
98
164
175
189
186
158
115
66
29
11
3
2
0
6
12
36
131
301
390
408
405
666
1302
1625
1408
909
512
277
153
101
44
19
40
75
84
96
76
44
30
98
282
634
650
431
317
231
296
315
234
150
115
127
132
175
198
264
399
440
561
632
722
868
1067
1098
901
764
656
1082
429
373
312
261
169
130
76
125
239
334
496
628
737
892
959
930
1014
1070
1270
1362
1348
1391
1743
1360
1246
1311
1250
816
529
646
880
919
775
473
221
274
272
133
142
270
268
218
89
61
247
650
774
756
679
793
652
342
94
194
279
292
249
199
283
315
219
212
281
383
415
373
307
385
541
567
543
478
364
325
331
175
364
581
649
646
627
496
367
292
265
221
199
168
128
109
91
49
42
77
121
141
133
79
52
31
32
15
5
8
16
30
63
97
157
160
136
87
15
4
22
32
26
12
14
28
24
54
66
74
84
76
92
106
105
73
27
11
9
23
53
88
128
151
148
148
162
132
94
90
93
104
119
144
189
223
247
255
256
246
207
173
141
87
40
36
41
64
62
48
23
7
4
8
20
45
78
103
100
136
133
116
113
89
59
36
27
12
11
33
60
62
40
43
43
54
56
57
53
50
39
31
17
1
1
1
11
18
24
34
36
44
50
63
52
44
24
15
6
1
0
0
2
2
2
3
5
15
42
51
53
45
41
35
19
11
6
5
3
1
2
3
15
42
64
67
63
52
28
18
14
7
1
1
1
5
23
28
48
59
66
53
25
16
10
11
17
25
33
41
48
45
44
42
59
51
22
13
11
25
22
22
24
27
18
7
5
10
9
18
11
10
4
2
0
0
0
1
5
10
38
60
83
89
97
89
73
63
46
37
29
43
55
59
65
59
36
16
5
8
35
58
65
58
66
61
34
6
7
5
15
19
20
28
26
18
10
10
13
12
6
14
19
25
25
19
22
24
36
62
65
69
87
119
129
136
139
132
128
131
127
118
109
86
69
48
45
37
16
5
2
1
0
2
14
60
81
107
85
94
86
170
428
650
713
714
566
446
374
297
340
308
272
222
163
82
58
68
103
70
28
16
40
85
92
56
18
2
1
11
23
7
16
20
32
39
37
34
27
37
38
19
39
60
66
60
52
64
101
122
132
112
176
226
291
390
435
437
375
293
234
158
102
68
52
90
123
166
143
173
174
154
131
124
125
129
142
156
169
158
150
162
150
167
182
211
219
230
196
220
239
236
234
274
250
167
89
63
69
89
77
57
53
136
266
372
467
623
994
1289
1467
1297
859
467
768
964
928
770
651
495
397
300
224
184
164
179
104
217
307
348
352
286
69
242
353
397
436
347
283
220
216
279
257
226
180
163
204
244
252
247
217
137
97
50
48
36
11
4
1
4
18
65
116
188
206
355
517
712
932
902
685
414
139
327
415
412
380
367
319
190
167
112
71
75
100
88
91
106
120
191
273
452
701
885
755
333
485
672
755
708
630
508
404
310
215
188
221
262
284
354
441
428
431
227
134
179
197
140
74
146
231
306
332
377
389
407
465
494
436
305
153
165
251
214
288
398
511
492
421
320
355
307
256
290
266
299
294
274
331
409
484
530
531
532
514
466
367
280
217
181
222
280
323
378
388
351
312
261
228
194
153
136
149
173
184
168
168
230
295
331
365
347
430
424
487
518
342
310
402
448
405
303
166
314
536
776
953
1006
826
490
253
453
534
527
472
272
54
75
152
180
89
37
7
23
30
15
17
89
159
265
383
516
628
745
880
1252
1596
2054
2505
2928
3261
3566
3779
3891
3764
3378
2933
2730
2654
2552
2412
2093
1724
1543
1329
1251
1407
1526
1684
1715
1851
1937
2075
2196
2394
2465
2466
2494
2301
2127
1990
1843
1710
1550
1474
1425
1372
1318
1298
1437
1456
1322
944
1251
1332
1372
1320
1150
696
682
821
920
944
1073
1083
1158
1308
1379
1407
1413
1390
1278
1123
1047
1019
895
770
604
434
346
398
432
427
420
444
441
409
404
433
417
424
414
422
361
294
266
246
194
124
110
127
93
86
89
55
32
34
149
257
282
280
267
298
289
248
216
220
345
474
518
644
943
1152
1124
1182
1196
1209
785
461
346
268
195
127
189
233
197
171
191
333
410
379
313
197
120
112
69
57
50
102
174
226
214
177
120
85
51
78
113
106
71
127
292
399
433
394
291
141
77
79
101
175
314
435
494
492
403
342
332
429
490
515
546
550
509
445
362
286
200
197
271
491
656
795
916
918
870
710
512
236
131
215
260
258
271
272
239
216
207
248
354
479
602
696
739
739
737
755
748
755
799
790
755
734
804
925
979
969
1025
929
886
854
751
584
256
333
359
501
709
840
801
787
718
618
482
470
506
524
462
420
476
543
595
410
402
432
305
179
192
191
205
232
251
259
240
234
221
257
343
462
533
545
541
491
413
374
336
296
265
194
127
103
100
98
143
166
107
60
81
159
201
269
320
335
321
270
174
84
47
67
89
102
102
147
182
170
278
228
214
236
207
180
174
154
157
137
93
74
63
66
58
78
111
147
171
160
176
186
178
184
189
189
219
383
460
498
472
396
330
262
209
218
246
264
265
202
210
260
287
274
242
190
215
350
621
915
1213
1445
1626
1834
1816
1944
1866
1755
1606
1422
1505
1662
1718
1718
1383
948
1541
1670
1634
1444
1240
1035
1176
1211
1215
1042
837
852
986
1304
1674
1955
1973
1665
1269
1132
1074
804
883
1249
1405
1417
1398
1174
682
621
850
1084
1257
1475
1578
1470
1422
1220
1219
1151
1065
974
1121
1251
1379
1400
1263
932
613
597
566
596
546
325
148
280
443
634
885
1130
1241
1340
1492
1592
1772
1695
1635
1536
1443
1203
931
1301
1391
1282
936
550
441
462
443
273
211
335
368
259
91
210
295
281
226
151
100
208
266
188
70
212
254
165
81
144
282
385
480
532
537
492
290
298
613
679
596
324
427
802
1315
1720
1834
1807
1666
1604
1399
995
775
665
936
1281
1506
1416
1199
955
694
637
675
639
626
604
570
579
701
858
1106
1285
1292
1117
998
825
648
650
655
642
581
487
290
241
331
623
792
780
637
476
367
237
196
433
563
572
549
415
278
280
344
339
294
261
236
190
151
132
88
111
113
69
39
80
167
291
380
524
698
909
1101
1410
1707
2000
2199
2208
1932
1587
1137
812
1104
1249
1156
886
574
427
400
396
405
384
242
252
318
275
270
271
291
282
287
274
196
80
79
100
123
177
247
244
246
241
243
194
115
108
180
232
235
237
188
132
92
74
62
69
66
45
36
61
61
96
256
360
459
519
518
523
697
863
907
860
761
699
608
751
853
703
561
766
1002
1087
1097
1085
905
717
572
719
756
561
344
289
174
229
473
551
468
317
265
257
201
237
275
122
104
207
304
247
286
428
475
408
217
98
74
247
518
700
990
1142
1107
1031
836
465
588
791
912
896
858
724
592
636
684
598
498
361
246
141
91
110
185
293
396
412
368
336
408
578
682
758
745
699
588
468
353
212
105
44
26
43
51
58
94
274
603
671
775
785
716
524
332
382
568
916
1052
750
312
187
562
746
643
629
638
662
598
466
354
274
277
230
223
247
376
551
654
781
785
666
612
485
472
524
582
733
744
680
542
471
362
223
225
221
199
176
154
129
66
45
134
235
397
442
476
505
474
481
550
580
558
495
387
476
632
876
1089
1261
1097
1405
1479
1481
1395
1291
1221
1222
1198
1062
1342
661
888
990
919
635
456
435
469
390
351
287
307
371
357
345
353
344
326
317
292
223
197
166
147
183
191
242
324
398
408
528
629
749
970
803
1057
1299
1388
1523
1504
1382
1227
963
707
621
476
289
565
698
696
612
646
617
583
596
564
573
532
448
494
568
672
840
1038
1099
1108
1034
902
922
899
912
1036
1290
1446
1335
1056
1157
1328
1332
1561
1831
2398
2607
2873
3373
3583
3200
2352
1869
1558
1958
2009
1772
1468
1046
811
868
926
912
1006
1345
1642
1912
2137
2063
1770
1684
1521
1182
1249
1810
2212
2080
1667
1296
1010
849
919
1013
1049
939
870
918
945
810
759
700
723
789
957
1196
1530
1798
1981
2144
2147
2054
1835
1424
1118
675
421
430
437
417
397
427
455
538
513
352
299
314
387
506
664
807
930
946
1010
1046
903
782
1363
1815
2058
2223
2506
2675
2570
2542
2348
2189
2099
2004
1837
1417
996
986
1028
910
699
753
835
1122
1310
1572
1508
1301
1209
971
862
946
1047
1182
1320
1268
1141
1068
912
657
589
611
597
541
433
367
290
137
260
398
405
416
579
686
725
750
786
763
759
750
754
765
784
766
668
604
544
415
269
126
73
82
84
129
172
222
332
430
513
508
496
463
390
599
281
310
337
338
314
418
479
493
500
398
392
408
415
374
356
389
463
579
726
919
1039
1117
1067
1189
1343
1404
1352
1412
1461
1465
1563
1746
1932
2307
2499
2534
2516
2400
2246
2217
2495
2789
2688
2652
2682
2956
3344
3565
3781
3853
3974
3986
3866
3679
3375
3241
3106
3045
2886
2775
2646
2562
2630
2696
2817
2940
3008
3065
3110
3223
3254
3324
3274
3358
3337
3246
2959
2695
2265
1835
1471
1346
1313
1456
1763
2118
2491
2718
3035
3239
3502
3885
3913
3690
3568
3341
3304
3121
2978
2866
2875
2777
2747
2713
2768
2430
2131
1941
1800
1574
1335
1081
895
803
825
838
928
1287
1686
1822
1853
1732
1559
1473
1463
1475
1450
1265
1527
1761
1869
1769
1723
2024
2243
2096
1539
742
844
1009
1064
789
899
901
749
776
748
812
741
580
793
939
1207
1215
1067
826
684
996
1004
903
802
1000
983
914
1124
1151
1105
979
870
742
428
544
577
529
456
453
502
791
1357
1713
1702
1477
1466
1621
1523
1399
1362
1646
1774
1755
1390
828
443
725
919
738
371
317
355
335
253
131
114
118
196
221
227
223
242
259
580
1008
1416
1585
1368
914
333
361
390
488
576
786
890
955
1164
1441
1508
1238
1124
1873
2665
2968
3141
3148
2756
2388
1807
961
933
1622
2184
2293
2159
1657
636
1411
1995
2410
2529
2182
1892
1231
1612
1707
2133
1120
1098
1084
1157
1071
876
740
710
602
467
442
505
540
502
377
323
321
316
338
358
447
470
450
405
315
176
173
442
725
882
927
852
776
770
766
783
769
764
808
846
745
731
742
640
468
391
369
355
486
795
1374
1751
1576
3041
4225
4657
4505
3938
2871
1760
1060
1297
1540
1434
1426
1239
1264
1817
1957
1708
1297
1184
1212
1219
1208
1103
1050
1223
1153
1335
1471
1661
1719
1705
1584
1434
1449
1451
1497
1511
1571
1608
1614
2431
2882
3222
3350
3383
3419
3499
3787
4109
4633
5175
5667
6209
6524
6894
6385
5464
4023
2259
2069
2250
2440
2595
2686
2591
2685
2899
2988
3011
2924
2781
2837
2656
2706
2579
2582
2783
2817
2915
2918
2632
2696
2682
2595
2539
2578
2662
2650
2712
2827
2984
3008
3058
3049
2731
2075
1229
1089
918
719
526
335
212
192
194
223
351
470
572
753
830
728
723
746
912
1135
1487
1688
1909
1967
2167
2634
3282
4009
4833
4875
4517
4295
4020
3724
3562
3475
3702
3811
3800
3993
4091
4247
4122
3668
3347
3237
3498
3874
4177
4446
4459
3890
3162
2837
2855
2981
2988
2879
2531
2192
2148
1968
2434
3051
3356
3387
3323
3524
3641
3608
3587
3204
3132
3100
3126
3184
2679
2418
1794
1227
1148
2012
2439
2537
2178
1313
1605
1821
1641
1522
1419
1809
2558
2950
2919
2802
3091
3178
3113
2906
2621
2207
1782
1246
882
615
570
553
567
689
774
725
596
493
439
417
445
511
557
533
423
264
197
167
163
226
282
398
582
615
534
561
649
634
614
570
456
375
283
196
186
240
433
676
916
1175
1451
1514
1498
1396
1089
824
567
569
504
411
374
408
494
580
504
535
532
482
423
496
573
610
647
690
804
974
1087
1199
1187
1203
1046
925
773
593
632
737
756
757
802
829
839
877
882
870
817
732
650
608
584
566
585
661
801
880
859
844
1022
982
916
890
785
645
617
633
715
839
987
984
950
773
508
270
181
206
271
340
335
408
537
743
875
1006
1132
1210
1264
1106
880
622
398
251
134
82
165
277
358
386
376
367
371
397
412
387
304
182
106
112
112
101
139
166
176
214
294
449
516
439
357
339
386
490
450
417
512
577
663
686
678
621
618
702
757
706
648
411
241
225
325
445
562
586
590
580
569
543
488
465
421
380
346
302
308
254
146
108
193
343
469
642
772
821
570
295
180
229
239
279
522
745
862
852
682
411
229
193
299
456
529
689
863
747
437
291
291
297
369
360
413
434
433
348
204
180
365
598
681
596
437
313
284
287
258
224
192
107
298
408
578
559
380
282
297
257
236
220
233
124
83
76
52
60
54
113
136
136
130
100
80
130
100
71
35
61
128
159
164
133
77
50
59
94
167
287
438
538
430
394
423
442
441
431
385
355
559
693
741
727
725
754
806
917
1057
1090
949
811
589
417
238
138
190
285
342
297
215
139
110
145
238
372
519
579
610
615
564
534
533
445
405
345
357
452
524
543
557
490
614
526
438
281
200
285
371
507
541
481
397
264
203
175
162
237
379
567
721
710
496
229
112
96
115
118
102
122
121
47
48
105
159
230
260
223
201
208
211
203
467
527
530
521
519
539
509
459
458
410
412
509
673
817
822
833
762
811
900
942
974
957
933
952
1001
1047
1047
1135
1077
1033
1004
882
950
1162
1596
1987
2211
2477
2713
2956
3214
3627
3815
3844
3642
3404
3160
2967
2772
2642
2426
2268
2065
1846
1739
1688
1683
1609
1387
1201
1005
893
907
931
993
893
653
624
720
885
946
981
1082
1332
1369
1232
973
960
1078
1248
1257
1270
1330
1389
1416
1208
1143
1214
1197
1046
833
594
360
234
392
567
680
631
670
1083
1455
1754
2184
2467
2307
1573
695
573
913
1019
1022
905
799
812
844
821
742
738
623
506
455
473
455
397
317
244
260
326
551
855
871
722
373
340
359
531
772
1287
1555
1657
1800
1887
2008
1960
1733
1555
1219
981
992
1097
1146
1125
1029
754
534
520
524
525
494
456
428
347
256
190
226
396
710
1000
1241
1262
1330
1009
940
707
560
585
791
840
711
571
486
569
836
1269
1721
2001
2114
2180
2175
2053
1614
1450
1135
1049
1106
1438
1960
2500
2902
2917
2832
2567
2250
2160
2015
1633
1321
1193
1186
1110
1008
988
1072
1186
1165
1016
959
1033
1141
1134
1315
1760
2471
2518
1961
1501
1291
1307
1184
960
671
574
713
753
876
874
826
761
564
484
521
780
1108
1436
1653
1781
1588
1146
1219
1544
1871
2252
2579
2699
2466
2269
2128
1917
1665
1394
1189
1125
1168
1243
1287
1108
695
509
701
991
1402
1665
1879
1623
931
750
503
469
338
504
478
502
637
765
759
829
980
1051
1080
962
849
837
876
923
963
1005
1000
1028
1055
1111
1207
1220
1202
1160
1125
1075
1105
1118
1034
911
871
838
752
722
603
423
426
628
731
841
964
1050
1261
1304
1171
944
943
853
762
993
1415
1702
1560
1557
1280
1383
1424
1191
894
979
1221
1420
1551
1641
1832
1894
1860
1619
1084
1351
1783
2188
2610
2851
2845
2688
2546
2502
2401
2180
1782
1347
921
621
422
820
962
966
907
813
859
457
436
427
461
453
486
450
414
414
384
342
314
390
468
379
291
533
968
1465
2204
2774
3062
2974
2795
2588
2359
2093
2063
2286
2461
2885
3374
3699
3490
3154
2712
2522
1995
1661
1466
1594
1754
2106
2259
2467
2478
2421
2104
1635
1590
1447
1248
998
989
1208
1209
1473
1831
2229
2566
2823
2877
3119
3286
3189
2822
2354
1939
1422
867
336
589
839
1128
1559
1896
2388
2782
3115
3084
2980
2890
2780
2593
2367
2122
1802
1506
1344
1343
1539
1549
1651
1728
1786
1680
1589
1798
1880
1728
1351
1029
1008
1065
952
847
1204
1053
711
798
870
963
1307
1622
1699
1571
2491
2759
2779
2544
2262
1964
2081
2463
2684
2483
2161
1878
1468
1167
993
805
642
567
612
745
933
1153
1331
1349
1399
1566
1447
1151
1252
1465
1501
1419
1201
968
988
988
925
843
710
604
543
506
423
408
462
342
160
153
238
311
368
446
630
816
984
1344
1778
2206
2926
3362
3545
3556
3286
2846
2375
1867
1158
1482
1799
2152
2491
3001
3344
3630
3626
3461
3144
2678
2228
1759
1551
2320
2537
2354
2268
2054
1835
1425
1270
1224
1025
861
933
1028
1084
1145
1246
1408
1545
1681
2026
2148
2004
1862
1710
1377
974
752
1004
1357
1284
1095
1153
1201
1213
1251
1211
1075
997
898
796
703
662
584
550
479
484
665
786
728
511
427
610
727
784
873
912
899
972
1066
1247
1353
1224
1046
994
787
503
548
733
760
703
537
331
289
277
378
508
677
798
862
784
610
475
409
398
364
268
173
145
125
131
247
463
655
794
867
920
856
390
365
643
532
308
172
144
221
202
155
157
148
176
289
387
431
371
282
169
92
92
119
186
252
331
516
720
846
915
761
644
676
697
538
379
280
238
394
656
913
1148
1179
1074
821
650
726
768
644
623
651
723
907
1004
1039
1209
1028
860
785
663
477
359
352
321
292
309
315
270
294
315
340
410
352
245
148
205
299
290
230
444
626
584
493
449
577
599
699
677
639
595
495
485
552
616
622
598
547
470
457
437
398
418
413
446
464
462
590
686
676
613
662
546
426
553
706
808
754
671
585
505
634
675
599
525
539
561
586
659
624
579
633
632
637
629
604
557
495
453
443
471
638
860
881
665
555
585
484
415
376
341
317
252
244
253
322
397
419
425
497
369
229
276
275
224
250
390
544
635
693
658
790
909
939
825
671
835
889
949
867
766
651
547
592
551
511
398
318
385
446
469
381
278
338
280
243
220
223
223
217
216
207
316
246
397
497
335
701
754
753
958
1252
1438
1444
1364
1354
1311
1245
1126
832
492
320
351
377
341
314
227
169
159
193
234
343
463
495
567
569
518
503
502
396
352
280
472
744
796
665
378
277
280
304
332
278
211
157
197
327
367
237
156
200
138
245
340
283
350
502
568
592
539
406
285
279
283
354
344
407
568
652
608
413
266
224
238
325
294
233
248
324
444
678
960
1231
1188
993
891
643
555
456
400
390
349
346
318
277
258
149
303
412
481
547
658
761
841
830
711
639
590
707
751
735
564
278
331
485
620
657
570
469
435
435
424
289
145
195
225
291
425
421
462
534
581
839
944
802
701
680
769
837
754
789
832
1344
1580
1494
1115
639
461
577
893
961
798
601
568
492
351
210
433
618
654
571
584
484
355
449
463
456
357
349
404
548
631
687
567
549
632
689
787
863
914
972
916
1148
1098
926
753
679
725
719
678
488
193
151
249
308
258
253
297
384
299
200
126
246
436
490
432
368
348
310
282
421
692
935
962
977
1087
1147
1044
684
660
662
466
353
472
449
544
611
489
259
308
639
786
797
627
434
330
324
313
162
269
571
773
705
498
233
176
259
216
125
229
349
380
228
52
129
168
67
80
109
105
86
116
141
102
98
83
76
79
117
162
157
153
179
180
144
68
84
217
311
324
255
288
298
256
469
702
928
1131
1467
1688
1763
1705
1780
1679
1530
1511
1372
1232
1118
846
703
737
739
630
596
666
757
1008
1199
1419
1533
1542
1401
1323
1283
1127
992
833
681
728
904
862
615
536
555
569
554
580
609
525
446
327
307
298
262
268
295
392
824
1376
1395
986
895
1014
1093
1158
1354
1786
2342
2617
2708
2406
1869
1466
1167
798
1190
1498
1712
1915
2162
2317
2233
1792
1278
806
1216
1217
845
636
531
700
920
982
961
1059
1177
1424
1511
1421
1343
1592
1727
1694
1607
1716
2026
2301
2368
2327
2121
1917
1563
1244
1068
975
983
1065
1122
1154
1521
1816
2149
2329
2371
2259
2187
2016
1915
2031
2121
2136
2178
2175
2214
2178
2163
2390
2573
2145
1589
2309
2662
2466
2099
1513
1083
865
1054
1446
1599
1557
1184
777
1304
1287
663
1047
1040
754
748
716
873
973
1038
1242
1455
1568
1856
2054
2016
2272
2556
2751
2972
3081
3187
2834
2498
2789
2952
2908
2726
2357
2161
2037
2089
2170
2390
2687
3003
3106
2483
1569
1180
969
849
1048
996
1201
1581
1788
1905
1842
1473
1011
633
390
294
218
220
339
367
522
621
592
584
805
1551
1015
1085
1336
1755
1925
1533
972
710
720
834
873
683
431
552
449
243
400
603
583
402
320
464
515
601
438
169
104
96
89
148
222
324
490
587
801
910
949
889
1021
1024
954
813
578
801
838
917
956
1186
1122
1055
992
1241
1712
2034
2024
1567
772
823
834
716
567
553
626
676
743
794
927
1171
1389
1382
1475
1590
1528
1441
1161
992
901
849
802
751
634
659
679
636
602
592
515
531
532
471
327
183
189
267
301
331
331
267
178
197
185
202
233
279
253
229
227
206
174
163
141
134
159
192
160
135
219
294
326
304
299
197
142
84
95
107
93
65
61
86
130
156
184
202
151
96
79
61
49
27
19
16
6
8
33
42
44
38
32
31
31
29
30
62
76
84
89
80
132
156
172
149
111
78
104
90
72
63
104
117
134
140
111
81
82
103
147
172
124
91
78
85
117
156
176
176
175
153
150
184
216
230
219
243
235
212
209
190
171
161
169
181
177
172
153
130
100
83
90
83
40
23
21
12
10
21
37
38
26
7
6
3
1
0
20
29
31
35
51
58
54
31
31
56
72
57
48
35
38
66
67
61
30
58
82
116
93
73
60
104
211
276
306
309
328
367
408
422
336
349
383
524
543
489
455
492
468
310
247
184
97
122
125
197
256
281
259
215
168
315
600
1014
1554
1640
1667
1616
1492
1479
1593
1584
1439
1210
960
947
1252
1676
2244
2455
2468
2226
1835
1464
965
609
306
249
281
379
459
502
465
442
450
453
477
509
378
242
148
146
267
344
452
461
440
474
407
313
365
610
757
769
690
698
675
682
750
752
634
385
303
405
499
497
483
422
331
239
140
146
206
206
208
222
203
121
51
103
213
274
274
217
116
49
28
41
71
115
138
138
150
180
280
427
548
607
549
483
401
318
290
342
344
279
200
123
62
111
187
274
315
281
215
140
111
185
270
327
447
593
644
611
514
425
595
811
869
911
869
863
926
949
1012
937
985
891
781
827
1256
1594
1841
1750
1604
1212
815
452
156
148
278
300
226
149
113
211
314
406
414
390
313
192
150
156
168
208
232
297
328
392
451
539
530
594
614
559
463
360
341
321
355
434
466
611
608
585
560
569
495
408
730
627
171
123
141
189
298
446
528
573
603
786
1048
1155
1040
738
473
545
552
560
604
664
813
1085
1164
1017
863
934
928
824
537
930
562
611
626
434
366
479
476
457
473
373
415
497
612
587
514
378
398
409
497
598
749
1430
1986
2185
2252
2220
2008
1718
1472
1474
1463
1570
1630
1096
928
1152
996
712
762
957
1017
951
1014
1027
1197
1250
1206
1207
1263
1168
923
932
1083
1036
907
709
581
469
442
528
562
639
96401
0
0
0
0
0
0
0
0
0
0
0
0
0
0
0
0
0
0
0
0
0
0
0
0
0
0
