4759
3750
5907
3435
3096
5006
4582
2257
2632
6318
6578
3642
14475
46
136
121
139
163
211
233
261
245
214
195
181
171
181
149
104
65
60
60
51
56
30
38
17
29
20
21
22
25
16
20
22
39
72
123
178
320
533
669
721
579
361
314
300
284
248
236
260
308
366
364
389
388
444
513
612
783
996
1263
1517
1826
1871
1925
1929
1947
1800
1724
1705
1597
1432
1376
1223
1094
800
498
210
40
133
378
591
774
921
964
1002
909
844
765
618
525
422
318
183
99
102
3
8
21
91
141
176
207
195
208
278
298
317
280
270
227
189
111
38
1
2
0
2
0
9
14
79
121
172
164
180
191
191
211
228
285
303
320
313
281
226
223
186
139
78
40
23
31
11
15
8
10
14
9
10
10
17
14
13
2
3
1
3
0
1
4
2
3
5
4
24
6
7
6
3
1
0
0
0
1
0
0
0
0
0
0
0
0
0
0
0
0
0
0
0
0
0
0
1
0
0
1
0
0
0
0
0
0
2
1
10
35
57
55
58
103
135
158
282
200
93
84
34
22
9
34
44
1
31
8
4
6
4
4
4
3
7
4
3
7
31
21
1
6
2
0
0
0
0
0
3
3
7
106
30
37
46
25
15
6
18
25
5
3
1
1
3
8
1
2
1
23
98
208
419
772
1004
1137
1400
1392
1426
1609
1847
2174
2683
3153
3697
3803
3462
3119
2797
2405
1939
1702
1599
1750
2163
2775
3313
3534
3635
3643
3812
4170
4437
4366
4315
4107
3895
3681
3465
3194
2901
2683
2557
2356
1928
1513
1100
570
288
158
258
441
569
592
574
522
615
627
516
446
407
323
260
192
117
53
22
10
9
11
21
27
8
17
21
41
60
74
58
25
7
11
22
7
0
0
14
29
119
155
199
212
244
252
232
236
206
181
139
77
49
36
36
21
11
9
0
2
0
1
2
2
0
0
0
0
0
1
0
2
8
11
9
2
2
3
6
4
2
3
3
6
15
16
11
8
13
8
22
37
25
0
33
67
10
0
0
0
0
4
106
133
4
32
30
0
0
0
12
55
36
0
66
104
48
0
10
16
0
0
0
3
13
58
9
30
87
36
6
7
7
29
15
23
25
4
3
5
12
16
18
48
62
82
91
132
102
63
78
58
31
22
17
15
24
31
18
20
34
28
17
18
18
19
12
7
1
7
2
11
8
6
2
4
0
0
0
1
0
0
1
0
0
0
0
0
0
0
0
0
0
0
47
237
322
337
320
261
196
161
70
23
8
29
33
8
0
1
1
0
0
0
0
3
5
10
10
24
41
92
150
227
282
306
268
321
297
298
259
279
267
202
291
331
228
287
301
421
462
583
706
874
1077
1172
1240
1399
1460
1470
1385
1322
1272
1108
1025
891
703
551
371
175
45
24
12
1
81
233
340
434
552
637
687
613
575
529
532
457
322
192
127
124
87
115
77
55
40
44
23
7
29
68
44
54
15
39
67
52
61
61
91
75
112
136
137
166
132
148
169
197
169
174
209
253
252
172
192
293
262
141
110
91
73
57
56
39
36
24
16
159
105
38
89
68
21
2
35
37
6
32
78
43
5
21
103
57
1
1
8
12
1
0
0
0
2
12
10
12
7
19
42
34
43
16
10
0
6
15
4
2
0
1
0
0
0
0
0
0
0
0
0
0
0
0
0
0
0
0
0
0
0
0
0
0
0
0
0
23
10
0
5
3
1
0
0
1
0
0
0
0
0
2
2
6
13
23
5
4
1
3
0
1
0
0
1
0
0
0
1
0
1
1
1
1
0
1
4
26
27
3
5
13
10
5
3
10
1
0
0
0
0
0
0
2
4
7
20
47
94
169
254
316
392
541
672
771
891
974
1006
1106
1169
1185
1254
1356
1397
1453
1534
1506
1495
1276
960
632
484
471
338
540
695
864
1065
1219
1307
1251
1156
1255
1407
1347
1413
1354
1189
1060
990
945
893
900
853
892
892
873
819
668
684
619
550
459
362
309
166
60
40
25
3
6
31
50
71
73
62
21
1
31
51
35
20
34
50
42
37
22
23
30
46
65
116
199
220
213
202
150
172
213
216
234
296
329
374
372
460
530
633
670
743
889
1055
1135
1269
1410
1454
1509
1546
1629
1652
1681
1675
1755
1783
1908
1923
1993
1965
1896
1629
1186
644
259
121
50
122
335
364
226
367
776
977
1133
1342
1728
1879
1471
1102
1163
1213
1465
1535
1316
946
631
359
149
106
169
378
375
376
484
669
794
871
894
981
978
970
776
539
346
294
273
237
304
428
641
901
1024
1412
1568
1772
1560
1401
1382
1339
1468
1544
1336
1043
693
496
330
247
227
297
486
835
1087
1306
1304
1292
1288
1191
1058
1108
1221
1092
895
571
403
166
182
212
346
655
1004
1322
1680
2076
1925
1749
1478
1242
1106
931
905
823
778
740
645
537
447
358
171
134
83
69
95
99
79
127
260
325
396
462
529
572
582
545
531
469
445
401
341
252
175
115
88
126
201
338
376
410
297
222
198
394
589
897
795
595
519
401
348
312
349
465
733
982
1108
1195
1245
1243
1284
1266
1311
1312
1243
1119
940
732
535
450
326
245
170
295
423
786
1065
1256
1383
1560
1789
1849
1760
2165
2351
2334
2075
1687
1265
1066
831
479
283
242
462
822
1204
1323
1380
1391
1336
1220
1124
1019
928
942
1121
933
698
456
267
236
474
637
870
1215
1582
1871
1885
1868
1843
1696
1433
1204
929
628
293
148
222
489
891
1140
1182
1160
1112
1153
1094
939
746
652
606
555
461
431
355
337
290
293
170
144
204
400
620
900
1082
1160
1150
904
507
347
427
638
731
932
1166
1225
1243
1196
1056
894
783
711
726
732
655
440
335
112
39
163
406
781
1099
1267
1355
1338
1256
1090
856
882
838
859
814
724
643
567
436
318
252
134
67
62
37
40
31
46
29
4
2
0
0
0
0
0
0
0
0
1
4
0
1
1
0
0
2
2
0
4
5
5
7
14
28
0
0
3
2
0
0
0
0
0
0
0
0
0
0
0
0
0
3
9
7
9
11
13
11
29
29
67
92
87
62
73
61
97
61
93
95
105
101
99
111
127
131
63
21
9
3
0
0
4
20
0
2
3
2
0
0
0
0
0
0
0
0
0
0
0
2
0
2
1
5
6
4
4
5
3
0
0
0
0
0
0
0
0
2
0
0
0
0
0
0
0
0
0
0
0
0
0
0
0
0
0
4
15
0
0
0
0
0
0
0
0
0
0
0
0
0
0
0
0
0
0
0
0
0
0
0
0
0
0
0
0
0
0
0
0
0
0
0
0
0
0
0
0
0
0
0
0
0
0
0
0
0
1
0
0
0
0
0
0
0
0
0
0
0
0
0
0
0
0
5
8
35
8
9
0
0
0
0
0
0
0
0
0
0
0
13
5
0
2
2
0
3
7
6
3
2
0
0
0
0
0
0
0
0
0
2
0
0
0
0
0
0
5
16
54
85
96
151
162
181
310
444
588
604
548
467
534
572
696
752
600
433
467
356
293
455
489
433
421
793
984
867
453
143
130
127
130
77
61
86
74
119
161
242
195
108
102
80
56
35
29
113
209
210
337
472
481
438
399
174
177
491
752
446
414
795
1227
1051
983
1107
987
794
866
883
976
997
999
1018
858
543
368
295
637
1165
1231
573
361
434
416
213
145
367
263
206
292
359
365
320
245
195
139
68
72
106
89
86
40
8
6
14
9
62
81
95
74
27
11
8
21
60
89
160
187
202
201
209
192
132
58
17
17
4
0
0
0
0
0
0
5
13
0
0
0
0
1
0
0
2
0
0
0
0
0
0
0
0
0
0
0
0
0
0
0
0
0
1
0
0
0
0
1
0
2
2
0
0
0
0
0
0
0
0
0
1
0
0
2
0
0
0
0
0
0
0
0
0
0
0
0
0
0
0
0
0
0
0
0
0
0
0
0
1
0
0
0
16
4
0
3
0
1
0
0
0
0
0
2
0
0
0
0
0
0
0
2
1
3
21
16
21
16
35
19
22
41
38
26
19
10
1
0
0
0
0
16
3
3
0
2
0
0
0
0
0
0
0
6
0
0
0
0
0
0
0
0
1
10
10
35
76
73
76
72
54
41
18
9
8
15
30
60
76
83
65
69
41
26
40
51
81
89
76
93
149
332
465
460
385
225
222
305
481
1128
1597
1791
1929
1965
1916
1857
1940
2038
2141
2193
2183
2213
2252
2131
1877
1725
1685
1630
1506
1269
944
639
492
460
757
1194
1519
1750
1769
1779
2167
2558
2795
2815
2684
2434
1961
1549
1352
1530
1582
1579
1551
1685
1724
1585
1479
1506
1331
1135
1498
1716
1975
2117
2137
2089
1883
1680
1533
1284
984
799
859
1174
1205
1213
1220
1208
1172
990
669
518
640
636
428
329
418
550
603
590
524
504
429
336
197
208
429
567
544
491
468
683
1060
1472
1550
1753
1964
2194
2485
2619
2610
2544
2402
2052
1902
1614
1188
871
939
1325
1575
1766
1708
1755
1686
1500
1506
1738
1577
1014
781
715
575
604
675
988
1406
1334
1217
1157
1136
1030
835
606
568
569
493
271
270
225
170
318
375
347
272
220
296
437
389
251
292
405
488
803
982
1130
1339
1477
1705
1875
1865
1892
2009
2000
2122
2101
1971
1567
1401
1575
1792
2017
1849
1976
2200
2574
3296
3168
3344
3547
4088
3334
3120
3513
4230
5013
5680
6244
6468
6046
5336
4441
4141
3638
3195
3325
3339
3109
2897
2809
2979
2511
2156
2146
1646
1085
2576
3156
3124
2684
1698
655
824
785
211
687
921
606
189
146
140
240
492
721
837
766
609
523
387
191
101
93
83
99
88
111
136
179
248
316
399
486
457
486
535
538
499
387
206
144
86
52
55
57
76
117
174
239
292
295
297
291
242
211
92
29
19
32
133
206
214
171
169
166
222
339
281
31
32
70
108
163
263
271
220
146
114
90
101
146
219
318
317
210
135
81
147
248
268
256
291
257
207
81
46
33
34
38
50
77
68
78
116
145
145
174
193
258
283
334
331
319
239
179
138
91
30
17
36
36
63
129
224
274
335
387
456
519
767
1128
1522
1944
1946
1837
1962
2103
2162
2296
2189
2217
2235
2241
2233
2167
2104
1965
2226
2376
2028
1192
470
366
667
400
280
352
294
95
34
82
149
189
224
190
74
58
131
105
98
101
102
112
86
146
149
194
267
356
394
469
536
569
599
644
634
637
582
486
417
345
340
317
297
238
196
147
116
90
71
63
66
69
58
73
75
41
25
16
19
24
24
15
8
1
8
20
7
2
3
6
6
21
22
4
0
0
1
3
19
35
43
58
104
149
150
147
135
104
76
51
36
8
1
0
0
0
0
0
0
0
0
0
0
0
0
0
0
0
0
0
0
0
0
0
6
14
56
125
193
285
384
531
699
813
832
882
992
933
803
589
178
73
238
233
201
126
30
20
51
22
13
11
17
13
12
16
51
112
110
95
122
97
82
64
47
25
49
72
87
66
52
63
69
68
75
50
37
80
75
70
87
114
138
120
39
7
29
27
14
26
13
20
27
21
6
2
17
27
41
46
51
59
42
8
5
28
50
51
51
43
23
17
18
49
76
87
72
56
57
62
22
34
141
213
274
266
271
313
264
157
118
152
156
130
127
108
90
107
165
238
284
300
284
301
350
345
305
298
269
234
288
367
294
168
91
298
597
799
873
807
667
429
228
57
194
316
386
329
281
219
136
70
41
8
2
4
11
9
20
6
4
7
2
5
0
0
1
1
0
0
3
40
198
616
1202
1583
2108
2604
2805
3180
3260
2968
2313
1845
1284
779
464
302
291
226
191
152
161
104
104
80
106
129
150
140
136
97
57
46
58
27
19
34
53
83
111
111
129
123
99
93
90
66
49
14
3
8
44
92
92
65
75
58
40
41
50
45
25
54
103
159
149
346
606
1025
1601
2139
2770
3300
3303
2886
2561
1664
1361
737
524
534
524
496
407
271
190
206
159
98
111
165
203
266
260
242
180
114
64
42
25
11
67
143
309
323
195
40
4
41
114
87
36
31
44
31
8
0
0
0
0
0
0
0
2
5
27
32
43
27
20
12
5
11
9
12
19
18
2
0
4
48
146
246
234
175
82
41
10
30
18
29
62
83
95
91
86
52
38
16
7
4
4
2
4
2
4
2
4
11
21
17
5
1
0
0
2
13
10
2
0
0
0
0
0
0
0
0
0
0
0
2
2
8
7
1
3
0
0
0
0
0
0
0
0
0
0
0
0
0
0
0
0
0
0
0
0
0
0
2
9
6
9
6
9
11
10
8
6
3
3
2
2
7
3
6
0
7
0
2
0
2
1
0
6
0
3
5
4
1
3
0
0
0
0
0
0
0
0
1
0
0
0
1
0
1
33
45
13
0
0
16
59
8
0
17
15
0
0
18
52
4
3
55
65
9
0
5
88
107
0
1
47
56
4
0
12
93
98
2
2
36
60
11
0
1
63
93
12
2
1
1
0
0
4
4
0
0
0
0
0
1
3
1
0
0
0
1
3
5
6
10
9
0
0
0
0
0
0
0
0
0
4
7
5
10
6
6
6
6
3
10
7
5
5
0
0
0
0
0
0
0
0
0
3
5
27
6
9
2
7
0
1
1
5
3
0
0
0
0
0
0
0
0
2
0
1
0
0
0
0
0
0
0
0
0
0
0
0
0
0
4
0
0
0
0
0
0
0
0
0
0
0
0
0
0
0
0
0
0
0
0
0
0
0
0
0
0
0
0
0
0
0
0
0
0
0
0
0
0
0
0
0
0
0
0
0
0
0
0
0
0
0
0
0
0
0
0
0
0
0
0
0
0
0
0
0
25
0
0
2
1
2
0
0
0
0
0
0
0
0
0
0
0
0
0
0
0
0
0
0
0
0
0
0
0
0
0
0
0
0
0
0
0
0
0
0
0
0
0
8
14
0
0
1
2
2
1
0
0
0
0
0
4
3
1
1
0
0
0
0
0
19
4
0
0
0
0
0
0
0
0
0
1
0
0
0
0
0
0
0
1
0
0
1
1
0
0
1
0
17
11
0
2
4
2
0
0
0
0
0
0
0
0
0
0
0
0
0
0
0
0
0
0
0
1
1
4
1
4
2
3
0
1
0
0
0
0
0
0
0
1
1
7
6
13
4
17
8
18
2
8
2
1
0
1
10
22
16
8
10
10
7
14
14
30
0
0
3
7
2
1
7
26
18
12
1
0
0
0
0
0
0
0
4
3
3
1
1
3
13
10
2
0
0
0
0
0
0
0
0
0
0
0
0
0
0
0
0
0
0
0
14
11
0
0
2
13
15
9
30
31
53
33
11
14
2
8
3
3
1
2
1
2
4
6
0
1
0
1
0
0
0
0
0
0
0
0
0
0
0
0
0
0
25
2
1
6
19
9
33
0
0
6
8
5
4
1
0
0
2
0
5
9
5
5
14
22
18
31
25
14
46
37
12
25
27
15
3
1
0
0
6
15
13
10
33
73
89
21
0
0
0
0
4
3
0
0
0
0
0
0
0
0
0
0
0
0
0
0
0
0
0
0
1
0
2
0
1
0
0
1
1
22
6
8
9
80
248
634
1403
2340
3342
4155
5171
5953
6596
7119
7487
7382
7266
7321
7207
6628
6057
5653
4937
3875
3084
3395
3883
4203
4439
4561
4556
4269
3877
3421
2820
2055
1263
597
245
443
637
996
1285
1499
1637
1696
1695
1725
1595
1537
1664
1887
1881
2154
3191
4699
5501
6017
6580
6402
6471
5993
5049
3671
4362
5799
6242
6406
6010
5356
4443
3548
2726
2281
2046
1889
1704
1919
1086
1269
1368
882
283
114
598
761
789
837
845
689
555
395
397
502
505
465
380
308
210
199
87
65
42
93
104
39
57
55
43
160
316
413
470
439
412
384
354
324
282
224
198
119
157
203
123
86
47
26
30
53
44
25
47
69
117
218
407
687
1013
1213
1474
1652
1789
1975
2206
2194
2021
1612
1095
744
916
1297
1667
2076
2303
2478
2608
2531
2492
2324
2228
2042
1886
1658
1373
1059
960
789
702
650
740
1249
1728
1939
2126
2181
2169
1934
1660
1596
1537
1322
1130
934
908
775
695
624
556
468
440
414
332
222
200
269
312
408
493
569
606
600
572
492
438
391
332
282
200
155
147
48
24
31
25
38
44
37
22
32
20
18
19
14
0
7
2
0
0
6
0
3
1
0
0
0
0
0
0
1
0
0
0
0
5
4
7
5
3
3
3
0
1
0
0
0
0
0
0
0
0
0
0
0
0
1
1
0
0
0
1
2
0
0
0
0
0
0
0
0
12
20
0
0
2
3
1
0
0
0
0
0
0
0
0
0
0
0
0
0
0
0
0
1
0
4
6
28
13
0
5
24
17
17
101
156
236
285
361
495
583
697
739
717
887
1050
1385
1635
1896
2184
2417
2518
2636
2700
2512
2272
1687
921
558
1010
1559
2078
2424
2772
3031
3074
2977
2776
2552
2214
2116
2049
1894
1467
884
313
412
839
1256
1541
1654
1836
2288
2675
2748
2478
2057
1602
1286
992
943
985
1024
1030
1018
1045
1210
1284
1157
1077
972
821
711
407
253
222
212
148
87
49
36
12
4
24
50
44
49
35
23
26
24
21
24
21
16
16
4
2
0
1
0
0
0
9
84
241
451
684
833
985
1101
1216
1345
1389
1400
1423
1423
1346
1351
1337
1255
1149
1131
991
789
636
381
123
35
5
5
5
1
1
18
64
36
66
45
2
0
7
18
7
5
7
21
32
1
1
12
92
181
117
94
31
2
2
7
21
26
9
19
37
92
66
150
259
266
195
73
16
20
48
79
104
101
86
67
84
30
33
64
206
309
346
473
642
697
668
624
531
472
450
420
517
636
663
672
600
436
350
256
106
37
26
18
12
3
0
0
0
1
0
1
2
0
0
0
0
0
0
2
9
22
16
33
29
16
2
7
6
6
39
43
93
43
44
40
34
40
31
54
186
359
455
541
1185
1905
2636
3152
3295
2904
2151
2936
3587
3944
3937
3899
3822
3784
3534
3343
3311
3697
4434
5088
5701
5800
5586
5365
5054
4602
3716
2717
1989
2119
2154
2311
2305
2179
2094
2077
1908
1529
1088
696
339
173
266
758
1185
1369
1469
1557
1670
1712
1763
1864
1920
1964
1959
1911
1787
1736
1572
1390
1235
996
731
388
214
75
56
114
297
512
772
972
1109
1297
1433
1486
1472
1488
1520
1419
1375
1236
1167
1058
949
937
828
691
532
399
292
232
244
243
203
193
155
147
83
78
54
72
43
31
42
74
77
91
45
19
36
95
28
29
53
61
66
51
35
42
27
2
5
7
1
7
3
3
0
0
1
0
0
0
0
0
13
38
49
0
36
18
12
1
0
0
0
0
0
0
0
11
23
4
0
0
5
67
17
0
20
21
3
8
2
0
64
46
0
15
9
9
2
0
0
0
0
0
0
0
0
0
0
4
1
1
2
0
1
0
1
2
6
8
1
0
1
1
2
17
11
16
5
7
10
14
6
28
65
66
24
68
73
68
83
22
11
3
1
3
0
1
7
1
0
1
0
0
0
0
11
13
2
2
0
1
0
1
0
0
0
0
0
0
0
0
0
0
0
0
0
0
0
0
0
0
0
0
1
0
0
0
0
0
0
0
0
15
27
5
3
1
0
0
0
0
1
1
6
4
9
7
14
45
16
6
65
42
72
59
79
124
187
199
270
294
303
304
308
283
281
280
248
202
148
59
50
41
19
14
3
6
0
0
2
0
0
6
11
0
13
62
44
45
91
80
64
62
53
45
42
24
33
28
29
27
29
19
12
4
12
9
7
16
2
0
3
0
2
0
0
21
7
0
0
0
2
0
0
0
0
0
0
0
0
1
0
0
0
0
2
7
3
1
0
0
1
0
0
0
0
0
0
0
0
0
0
0
0
0
0
0
1
1
0
2
3
2
7
4
0
3
1
0
0
0
0
0
0
0
0
0
0
0
0
0
0
0
0
2
0
0
0
0
0
5
4
0
0
0
0
0
0
1
16
30
62
74
80
56
12
16
42
19
6
37
36
34
14
4
5
5
3
22
43
24
3
0
20
5
1
6
0
0
0
0
0
0
0
0
10
0
0
0
0
0
0
0
0
0
0
0
0
0
0
0
0
0
0
3
6
0
0
8
5
6
7
44
82
27
16
10
13
70
118
109
13
1
1
8
113
114
12
25
24
22
13
24
75
55
89
101
95
140
71
91
136
33
67
52
84
46
31
20
27
50
50
29
0
0
1
16
12
0
4
0
21
32
7
0
11
12
9
8
14
27
25
3
0
5
54
74
13
0
16
37
7
3
25
32
31
67
46
55
93
302
380
558
745
812
982
1066
1040
958
859
712
882
855
639
509
466
472
460
481
637
697
709
722
726
725
677
648
624
579
548
495
447
369
280
159
32
15
3
11
115
175
202
260
343
344
372
444
488
418
316
285
209
151
78
31
24
32
20
25
36
77
124
247
347
440
596
711
750
839
847
863
845
842
812
771
786
657
600
547
473
359
275
133
50
6
5
2
2
6
26
82
91
92
75
61
32
15
0
0
0
0
0
0
0
0
0
0
0
3
3
9
13
2
6
0
1
4
3
0
2
1
5
0
2
1
4
0
25
11
12
0
1
2
3
1
0
0
1
4
1
3
1
1
2
1
0
0
1
1
1
0
0
0
0
0
0
0
0
0
0
0
0
0
0
0
0
0
0
24
60
48
10
0
0
0
0
0
0
0
1
2
1
0
0
0
1
17
1
3
5
4
2
10
38
37
42
22
37
22
26
37
21
20
27
30
24
33
32
12
33
14
8
8
6
3
2
3
1
5
5
5
4
9
4
4
2
0
1
0
0
0
0
0
0
0
0
0
0
0
0
0
0
0
0
0
0
0
0
0
0
0
0
0
0
0
0
0
0
0
0
0
0
0
0
0
0
0
0
0
0
0
0
0
0
0
0
0
2
11
0
5
1
0
1
0
3
50
33
9
2
0
16
21
1
0
7
11
6
0
0
3
0
0
0
0
0
0
0
0
1
0
0
0
0
0
0
0
0
0
0
0
0
0
0
0
0
0
0
0
0
0
0
0
0
0
0
0
0
0
0
0
0
0
0
0
0
0
0
0
0
0
0
0
0
0
0
0
0
0
0
0
0
0
0
0
0
0
0
0
0
0
0
0
0
0
0
0
22
5
0
1
3
0
0
0
0
0
0
0
0
0
1
0
0
0
0
0
0
0
0
0
0
0
0
0
0
0
0
0
0
0
0
0
0
0
0
0
0
0
0
0
0
2
0
0
0
0
1
0
0
0
0
0
0
0
0
0
0
0
0
1
0
0
18
12
0
0
0
1
0
0
0
0
0
0
0
0
0
0
0
0
4
15
3
18
91
166
218
213
141
142
176
347
445
401
201
50
70
39
37
71
93
144
138
147
227
304
327
370
351
274
255
190
145
157
68
36
135
209
166
86
46
18
40
121
326
585
895
1100
1082
1001
872
633
450
312
165
82
40
45
71
98
127
189
217
251
270
275
246
215
151
98
64
36
14
2
0
0
12
14
3
32
37
82
65
109
92
50
25
24
7
0
7
18
3
10
15
7
6
17
20
2
11
23
93
273
295
150
172
251
298
266
326
572
775
974
1181
1162
1026
801
468
262
139
12
38
47
46
86
166
152
135
123
108
102
79
85
78
26
12
7
1
0
0
0
0
0
1
0
0
0
0
0
0
0
1
0
0
2
1
37
62
105
190
282
380
407
420
444
451
478
449
433
447
419
399
283
101
46
29
0
0
1
1
14
29
15
5
1
0
0
0
3
15
35
40
23
67
101
120
121
125
111
82
13
8
3
5
0
4
5
0
0
0
0
0
0
0
0
0
0
0
0
0
0
0
0
0
0
0
2
5
5
0
0
0
0
0
2
3
0
0
0
0
0
2
8
1
25
20
8
6
7
2
0
0
0
2
0
11
7
0
13
69
48
0
10
57
57
32
0
0
0
5
2
14
26
16
5
0
4
4
9
3
1
4
2
0
1
1
0
0
0
0
0
0
0
0
0
1
3
4
3
10
17
30
42
56
50
76
30
47
30
7
4
1
0
0
0
0
0
0
0
0
0
0
0
0
0
0
0
0
0
0
0
0
0
0
0
0
0
0
0
1
0
2
5
19
49
48
73
88
121
100
166
94
67
39
13
4
2
2
0
1
0
0
1
0
0
0
0
0
0
0
0
0
1
0
0
0
0
0
0
0
0
0
0
0
2
22
0
5
4
9
10
11
7
20
4
8
9
5
11
16
9
7
2
2
4
2
10
5
0
0
0
3
0
0
0
5
0
0
0
1
2
0
0
0
0
0
0
0
0
0
0
0
0
0
0
0
0
0
0
0
0
0
0
0
0
0
0
0
0
0
0
0
0
0
0
0
0
0
0
0
0
0
0
0
0
0
0
0
0
0
0
0
0
0
0
16
0
0
0
1
0
0
0
0
0
0
0
0
0
0
0
1
0
3
25
34
33
55
91
99
61
73
61
53
42
34
22
28
18
16
9
4
3
0
1
0
2
0
0
0
0
0
0
0
11
7
0
0
0
2
0
0
0
0
0
0
1
3
3
3
5
11
30
34
41
57
53
52
77
56
61
32
42
39
81
51
71
42
90
40
82
41
96
41
36
17
6
7
0
0
0
0
0
0
0
0
0
0
0
9
13
45
56
66
119
104
123
132
147
147
169
100
61
73
31
28
6
24
7
6
5
2
1
1
1
0
8
10
0
2
1
0
0
0
0
0
0
0
0
0
0
0
0
0
0
0
0
0
0
0
0
0
0
0
3
7
2
1
0
0
0
0
0
0
0
0
0
0
0
0
0
0
1
1
0
1
0
0
0
0
0
0
0
0
0
0
0
0
8
15
0
2
3
0
0
0
0
0
0
0
0
0
0
0
0
0
0
0
0
0
0
0
0
0
0
0
0
0
0
0
0
0
0
1
0
0
0
0
1
0
3
23
32
0
0
9
21
18
9
8
8
5
0
0
0
0
1
0
0
0
1
0
0
1
3
2
4
12
10
17
8
10
20
19
34
8
26
25
31
34
61
177
249
274
232
205
168
150
156
228
213
196
159
176
196
203
174
151
79
122
128
93
1
1
18
1
1
0
3
3
5
4
11
23
28
12
10
15
25
28
80
123
107
50
17
43
60
78
44
15
30
81
73
37
35
26
28
72
100
90
39
43
73
124
263
395
533
664
587
452
278
178
203
60
70
26
17
6
4
21
23
27
3
5
6
13
19
33
61
120
223
289
256
270
328
390
422
399
374
348
291
259
303
374
352
308
324
316
305
303
312
341
334
286
211
209
204
39
37
17
1
6
26
8
1
1
18
14
0
1
1
3
5
1
0
2
6
1
4
6
0
3
54
48
4
7
13
37
107
112
68
71
131
150
29
18
21
12
6
6
23
17
4
0
0
0
0
0
0
4
10
1
5
1
3
1
0
1
0
5
0
2
21
36
48
76
55
5
0
14
59
12
31
50
17
18
23
11
17
34
45
38
30
62
82
99
68
61
71
75
56
39
43
18
27
12
18
4
0
0
0
0
0
0
0
0
24
34
22
23
20
12
19
2
24
19
2
4
6
18
70
134
121
114
108
151
111
101
73
71
174
157
171
189
182
80
56
53
47
22
17
10
6
4
4
3
0
0
0
0
0
0
1
0
9
0
0
13
10
3
5
2
12
38
42
60
59
119
123
101
154
244
280
286
323
312
340
382
517
571
463
393
386
401
422
483
517
493
477
428
429
470
453
433
415
403
397
338
307
300
240
187
97
16
10
29
35
53
97
88
125
157
170
173
204
162
134
159
138
142
57
72
58
20
7
2
6
24
44
44
31
16
12
91
216
194
112
107
100
108
73
81
102
159
132
124
85
18
7
0
10
14
16
24
46
50
153
214
323
381
495
595
714
751
875
897
846
793
848
798
729
616
464
297
117
10
3
11
295
465
734
1054
1207
1567
1764
1876
2055
2248
2369
2292
2014
1502
930
468
395
886
1450
1882
2118
2258
2530
2642
2832
2969
3228
3423
3380
2947
1984
1118
1957
2267
1499
450
1660
1850
1069
950
2294
3085
3440
3588
3585
3831
4383
4905
4878
4735
4576
4320
3857
3499
2951
2312
1259
232
1282
2425
3259
3785
4018
4123
4159
4085
3994
3785
3501
3229
2841
2472
2076
1636
1123
545
225
108
203
313
374
485
489
593
691
916
949
906
839
837
934
912
922
827
689
359
132
118
226
380
605
840
1030
1248
1371
1442
1437
1395
1328
1121
927
910
856
720
391
255
83
80
188
343
489
761
951
1045
1139
1083
1009
930
904
759
640
477
291
130
73
97
137
137
188
207
202
206
190
171
153
130
216
288
417
587
659
616
653
613
839
1110
1278
1245
1071
1092
1096
963
774
468
362
199
93
89
154
194
366
494
538
609
629
664
691
711
679
608
522
423
265
159
94
93
113
79
82
128
169
196
239
230
238
200
154
81
15
8
1
17
143
160
193
212
251
283
228
232
331
305
156
93
15
1
2
4
7
23
48
29
63
107
123
152
154
148
213
254
288
329
349
362
364
425
448
461
462
435
470
465
423
431
379
363
336
303
235
230
198
199
110
60
25
17
7
5
6
0
0
0
0
0
0
0
6
29
49
54
74
59
101
111
109
131
114
106
112
99
99
100
100
105
79
64
66
27
38
31
23
27
55
29
7
49
29
8
4
0
0
40
1
39
108
68
22
0
9
86
88
48
4
0
0
11
2
0
2
0
0
0
0
0
0
0
0
0
0
0
0
0
0
0
0
0
0
0
0
0
2
0
0
0
1
1
1
5
5
3
4
2
5
8
14
10
11
22
13
10
2
3
1
0
0
0
0
0
0
0
0
0
0
0
0
0
0
0
0
0
0
0
0
0
0
0
0
0
1
0
0
0
0
0
0
0
0
0
3
0
0
0
0
0
0
0
0
0
0
0
1
0
0
0
0
0
0
1
0
0
0
2
1
0
3
1
2
0
1
0
3
0
0
0
0
0
0
0
0
7
18
0
3
2
2
1
1
15
56
99
122
248
402
433
227
168
121
81
30
49
88
102
69
164
247
222
133
159
219
250
246
235
161
144
80
19
10
7
4
0
2
1
0
0
0
0
1
0
5
0
0
0
0
0
0
0
0
0
0
0
0
0
1
0
0
0
0
0
0
0
0
0
0
0
0
0
0
0
0
0
1
0
0
0
0
0
0
0
0
0
0
0
0
0
0
0
0
0
0
0
13
8
3
12
8
6
13
4
3
8
32
57
72
7
4
17
0
0
3
21
31
20
7
0
0
0
10
2
1
1
2
7
23
13
0
0
0
0
2
4
9
1
5
1
0
0
0
2
0
3
6
9
0
2
7
7
13
39
128
236
304
355
428
451
518
543
574
528
423
388
418
386
295
179
86
212
398
444
438
337
344
260
216
198
277
274
302
225
202
161
243
235
299
296
284
233
171
132
122
82
70
56
37
22
29
27
1
2
1
0
3
0
0
0
0
34
36
21
7
1
13
18
17
18
15
20
15
10
4
0
0
0
6
17
5
0
0
0
0
0
0
0
0
0
0
0
0
1
0
0
0
0
0
0
0
0
0
0
0
0
0
0
1
0
0
0
0
0
0
1
0
0
3
10
20
45
40
101
130
138
185
148
127
111
79
61
53
73
51
97
102
124
78
74
44
59
51
66
63
62
81
66
104
86
94
72
95
97
91
130
151
168
163
184
152
118
126
46
49
21
17
13
2
0
0
0
0
0
0
4
6
6
4
9
6
23
26
28
16
7
7
5
10
0
0
0
0
0
0
1
0
0
0
0
0
0
0
0
0
0
4
28
33
25
41
62
42
14
6
16
2
1
0
0
0
0
0
0
0
0
2
0
2
0
0
2
0
0
0
0
0
0
0
0
0
7
26
77
78
92
83
40
3
0
4
32
32
6
1
0
2
5
3
12
8
6
11
6
13
8
2
23
11
10
9
5
2
3
1
0
2
0
9
22
21
31
53
42
28
56
83
38
21
25
50
53
61
63
63
45
49
22
21
0
1
13
20
11
1
4
20
15
9
5
12
4
0
0
0
0
0
5
1
0
3
0
0
2
0
1
0
0
0
0
0
0
0
0
0
0
0
0
0
0
0
0
0
0
0
0
0
0
0
0
0
0
0
0
2
0
7
19
30
30
23
14
15
8
9
13
10
2
19
43
49
20
5
2
14
2
9
2
2
3
6
24
14
2
0
0
0
3
8
29
23
17
59
19
13
14
20
11
6
8
2
10
4
0
0
0
0
0
0
0
0
0
0
0
0
0
0
0
0
0
0
0
0
0
0
0
0
0
0
0
1
0
0
0
0
0
0
0
0
0
0
0
0
0
0
0
0
0
0
0
0
0
0
0
0
0
0
0
0
0
0
0
0
0
0
0
7
21
18
17
0
1
1
2
6
0
0
0
2
1
4
7
0
2
23
31
15
14
61
77
8
6
17
4
11
26
24
2
0
0
0
0
1
3
0
4
0
0
0
0
0
0
0
5
3
13
14
4
0
0
0
0
0
0
0
0
0
0
0
0
0
0
1
0
12
28
0
0
15
26
24
9
2
0
1
3
1
0
1
0
10
0
1
8
9
8
4
9
14
5
0
0
2
3
0
0
0
1
0
0
0
5
11
11
0
0
0
1
0
0
0
1
0
0
0
0
0
2
12
41
142
244
246
281
287
294
263
214
175
121
84
60
40
35
26
44
136
144
152
72
82
66
16
17
14
9
7
59
40
78
153
198
175
247
232
311
436
472
599
754
862
1002
1110
1215
1299
1339
1282
1184
1078
1022
911
725
507
362
200
295
298
316
747
1382
1744
1749
1154
951
1407
1818
2061
1936
1916
2159
2546
3163
3921
4388
4612
4782
4869
4923
4742
4402
3626
2572
906
1131
2380
3114
3610
3956
4179
4245
4360
4259
4093
3623
3226
2889
2662
2411
2268
1943
1522
1654
2058
2336
2187
2007
2247
2869
3308
3647
4046
4404
4611
4437
4005
3372
2098
798
1969
2900
3584
3918
3935
4035
3793
3461
2937
2667
2434
1958
1376
850
465
485
728
966
1109
1081
964
743
495
411
366
336
286
273
256
262
216
202
311
346
345
284
277
248
295
323
292
202
75
72
87
66
12
5
36
66
81
82
43
1
0
1
3
15
19
8
0
0
3
14
16
9
5
0
0
0
0
0
0
0
1
1
2
0
0
5
23
39
59
79
91
89
84
71
35
43
30
43
28
33
28
40
53
63
88
138
99
115
87
76
80
67
41
38
22
11
6
8
4
2
0
0
1
0
4
0
0
0
1
0
0
0
0
0
0
0
8
20
23
45
64
63
80
82
53
30
4
0
0
0
0
0
0
2
2
2
3
0
0
0
2
23
16
1
1
2
3
0
0
0
0
0
0
0
1
0
0
0
0
0
0
0
0
1
7
12
1
0
0
0
0
0
1
11
6
43
79
134
150
110
69
50
73
153
272
461
567
642
711
837
1101
1057
947
647
392
314
378
227
362
654
961
1287
1583
1599
1537
1321
1254
1175
1076
976
826
620
507
544
842
1199
1567
1863
2091
2253
2317
2321
2380
2272
2138
2014
1970
2040
2086
2056
2085
2138
2404
3366
4265
4813
5080
5338
5443
5451
5323
5275
5024
4840
4564
4386
4252
4321
4597
4459
4119
3539
3293
3164
2906
2649
2560
2690
2867
2992
2806
2496
2154
1621
1141
914
710
637
586
504
428
351
269
180
155
167
219
249
253
259
211
181
162
194
218
196
155
150
122
134
82
55
101
38
51
49
65
85
114
102
96
125
188
170
269
164
122
130
91
175
192
39
38
148
182
182
240
284
302
194
84
321
970
1830
2370
2580
2417
2039
1906
1557
1255
1032
742
479
369
297
261
272
243
208
221
251
283
350
467
557
611
622
652
725
987
1326
1517
1846
2288
2598
2997
3280
3641
4328
4918
5382
6293
6946
6885
6390
6379
6709
6468
5820
4739
3594
3068
2826
2307
1868
1591
1359
1292
1540
1597
1806
1657
1397
1043
872
675
799
822
813
781
789
743
593
571
545
569
657
735
709
760
750
814
846
866
881
851
848
1048
1755
2461
2343
1087
747
1387
1473
1325
1382
1350
1263
1586
2000
2547
3397
3951
4477
4753
5202
5817
5996
6136
5865
5876
5401
4734
4307
3472
2463
2231
2413
2518
2163
1932
1743
1249
699
546
480
365
228
236
263
303
372
382
291
197
200
310
558
702
767
1021
1146
1072
940
930
936
884
850
761
684
922
1201
1460
1218
977
1247
1610
1487
1067
1251
1399
1370
848
805
1051
1347
1564
1382
1040
781
704
781
711
740
650
334
283
345
332
401
569
598
588
714
1002
1032
884
520
449
500
464
280
414
508
276
34
36
67
14
3
22
97
122
155
89
69
62
52
61
32
15
0
0
4
4
18
22
16
25
86
97
133
193
184
183
237
228
239
251
203
233
258
195
151
162
111
47
27
17
3
1
1
0
0
0
0
0
0
0
0
0
0
0
0
0
0
0
0
2
35
65
102
142
209
234
241
285
345
367
442
515
475
443
429
346
224
119
38
13
3
5
6
5
9
46
51
29
77
77
55
23
26
5
0
0
0
3
0
0
0
0
0
0
0
0
0
0
0
2
0
5
24
18
7
0
0
16
0
14
60
42
8
1
2
48
48
13
10
18
4
1
2
42
55
3
8
3
7
2
3
1
5
8
8
83
350
702
1103
1650
1897
2489
2998
3390
2844
2416
2226
1851
1525
1306
1107
876
655
471
464
369
257
176
160
188
256
315
337
327
329
372
541
918
1654
2549
3375
4254
4818
5017
4500
4075
4077
3505
3172
2806
2866
2922
2820
2791
2594
1887
1492
1880
2251
2112
1997
1437
780
378
640
886
583
309
500
858
887
555
226
182
178
112
116
127
84
81
107
114
105
89
55
8
5
0
0
2
0
1
0
34
146
255
313
258
182
57
10
7
3
1
4
4
3
1
3
1
0
3
14
21
6
6
3
3
1
0
0
0
0
0
0
0
0
0
0
0
0
0
0
0
0
2
0
0
0
0
0
2
5
7
19
13
15
21
17
19
43
27
29
31
19
23
18
14
15
13
8
0
0
0
0
0
0
0
0
0
0
0
0
5
5
3
8
8
4
10
4
6
3
7
3
5
1
2
1
0
2
0
0
0
1
0
0
0
1
2
12
5
28
13
11
4
1
20
41
5
0
0
0
0
2
15
15
28
23
6
38
11
1
3
0
1
2
0
0
0
1
0
0
0
0
0
0
0
0
9
11
0
0
0
2
0
0
0
0
0
0
9
17
0
0
0
0
0
0
0
0
0
63
46
0
1
4
1
0
0
1
0
0
5
5
3
4
0
23
53
52
40
6
1
4
9
7
5
1
10
13
19
2
1
0
1
1
3
8
10
0
4
15
13
2
98
45
11
58
22
0
0
0
0
1
0
0
0
0
0
0
0
0
0
0
0
0
0
0
0
0
0
0
0
0
0
0
0
0
0
0
0
0
0
0
0
0
0
0
3
16
0
0
1
0
0
0
0
0
0
0
0
0
0
0
0
0
0
0
0
0
0
0
0
0
2
19
4
0
2
1
0
0
0
0
12
1
0
0
0
0
0
0
0
0
0
0
2
0
0
1
1
1
1
2
1
3
8
0
0
2
0
8
7
1
0
1
1
0
0
0
0
0
0
0
0
1
0
0
1
0
0
0
0
0
0
0
0
0
0
0
5
5
4
4
21
32
63
69
83
95
111
115
95
85
54
56
20
22
9
18
6
4
2
1
0
0
0
0
0
0
0
0
0
0
0
5
9
4
4
1
4
4
6
3
3
2
0
0
1
1
0
0
0
0
0
0
0
0
0
3
13
0
0
1
0
0
0
0
0
1
0
0
0
0
0
0
0
0
0
0
0
0
0
0
0
0
0
0
0
0
0
0
16
0
0
1
2
2
1
0
1
3
0
0
0
1
0
0
0
0
0
0
0
0
0
0
0
0
8
12
0
0
0
0
0
0
0
0
1
3
3
10
12
15
25
22
18
13
18
9
9
13
4
5
6
4
2
5
2
1
0
1
0
0
0
0
0
0
0
1
0
0
0
0
0
0
0
0
0
0
0
0
0
0
2
4
1
0
0
0
0
0
0
0
0
0
0
0
0
0
0
0
0
6
13
0
0
0
2
0
0
0
0
0
0
0
0
0
0
0
0
0
0
0
0
0
0
0
0
0
0
0
13
60
138
294
447
587
693
891
1035
1039
1030
1049
1026
996
998
1003
967
901
916
907
855
835
824
843
863
871
844
790
819
767
725
614
532
451
383
319
278
230
184
138
92
46
28
3
16
40
42
46
40
25
37
67
58
45
32
23
35
39
46
57
81
111
137
231
269
315
322
313
335
328
298
306
266
267
234
228
203
213
210
195
213
255
316
365
384
365
367
368
333
301
254
187
116
83
33
10
24
47
81
21
26
44
8
59
123
88
148
216
192
290
392
449
510
499
469
458
421
386
295
226
198
230
200
140
55
44
120
51
87
115
100
54
75
57
73
49
48
18
0
4
40
57
24
7
45
30
2
0
0
0
0
0
0
0
1
0
0
0
0
0
0
0
0
0
0
0
1
0
0
0
0
0
0
0
0
1
0
3
5
5
16
58
83
10
0
25
29
1
0
0
0
0
2
0
0
0
0
0
0
9
38
13
32
93
77
39
10
24
51
77
88
62
69
92
78
73
79
53
34
18
10
1
0
0
0
0
2
7
0
2
0
0
0
1
1
0
0
0
0
0
3
0
0
0
0
0
0
0
0
0
0
0
0
0
0
0
0
0
0
0
0
0
0
0
0
0
0
0
0
0
0
0
0
0
0
0
0
0
0
0
3
3
7
16
1
11
69
139
150
181
218
532
948
1241
1567
1724
1654
1721
1730
1926
1992
2350
2770
3373
4150
4913
5348
5190
4660
3649
2787
1871
1168
860
1470
1982
2461
2688
2839
2978
2939
2708
2426
2160
1958
1618
1229
1405
1798
2325
2721
3084
3276
2788
1894
2093
2581
2584
2595
2673
2701
2243
1911
2076
1721
1643
2177
2878
3375
4122
4800
5046
4656
3976
3128
2638
2740
2641
2231
2211
2911
3369
3637
3204
2403
1949
1788
1841
1808
1942
2202
2452
2793
2794
2228
1552
1223
1271
1127
1239
1924
2467
3025
3260
3406
3069
2356
2033
2004
2115
2037
2105
1998
2029
2048
2139
2382
2549
2663
2516
2201
2060
1607
1395
1115
725
1198
1722
2157
2346
2430
2349
2257
2046
1696
1280
1091
1261
1709
2043
2149
1938
1860
1816
1665
1479
1534
1343
1251
1174
1147
1050
862
816
809
880
961
995
1203
1292
1528
1659
1684
1762
1888
2120
2318
2632
2829
3156
3285
3270
3004
2765
2326
1829
1295
984
775
719
640
642
683
799
997
1159
1336
1406
1627
1729
1908
1989
2181
2289
2404
2440
2419
2398
2294
2237
2060
1864
1675
1426
1178
989
824
655
451
758
971
1127
1354
1608
1738
1551
1329
1151
1151
872
550
548
750
1292
1544
1435
954
452
311
366
381
387
440
514
438
342
262
239
167
105
99
114
98
40
73
125
139
126
117
81
13
0
0
0
1
18
33
40
25
34
62
47
41
49
47
34
3
8
16
36
80
54
58
63
74
71
92
163
209
159
217
228
141
105
56
85
114
129
107
105
72
14
1
0
1
0
0
2
5
12
20
38
22
17
18
6
10
8
31
55
20
39
34
16
15
6
4
8
8
9
15
12
14
25
24
16
1
4
0
0
0
0
1
3
0
0
0
0
0
0
0
0
0
287
3
46
23
40
28
45
41
15
12
26
7
6
16
6
5
0
0
8
1
0
0
0
0
1
0
3
12
22
32
28
42
100
102
75
34
25
33
46
33
5
16
28
10
0
0
0
1
4
0
5
1
0
0
0
0
0
0
0
0
0
0
1
0
0
0
0
1
1
1
0
0
0
0
0
0
1
0
0
0
0
0
0
0
0
0
0
0
0
0
0
0
1
3
3
3
13
10
0
0
2
0
0
0
0
0
0
0
0
0
0
0
0
0
0
0
0
0
0
0
0
0
0
0
0
0
0
0
0
0
0
0
0
0
0
9
12
29
1
13
41
25
17
4
5
16
33
26
16
0
1
1
2
1
5
1
13
15
8
0
3
1
4
0
0
0
0
0
0
0
0
0
0
0
0
0
0
0
0
0
0
0
0
0
0
0
0
0
0
0
0
0
0
0
0
0
0
0
0
0
0
2
1
8
35
18
14
27
150
100
9
45
23
23
20
48
66
132
150
159
179
151
126
141
154
127
97
61
48
57
70
74
65
75
84
93
57
29
14
3
1
0
0
16
25
28
22
8
9
7
5
40
70
69
44
23
63
72
38
46
31
28
10
1
1
1
4
28
31
48
19
6
2
0
0
0
2
11
39
39
22
46
64
27
33
16
8
5
5
1
0
0
3
1
4
5
2
0
3
1
2
2
0
2
3
2
3
1
1
1
1
4
3
1
9
26
50
50
27
14
20
42
6
2
0
2
2
8
24
40
11
8
5
1
2
1
1
2
2
3
2
5
0
0
0
0
0
0
0
0
0
0
0
0
4
23
4
4
13
16
11
51
110
108
187
222
237
267
284
347
337
352
463
624
903
1384
1957
2437
2628
2558
2670
2976
3163
2982
2955
2898
2533
2028
1458
1112
1360
1405
1238
1785
2725
3442
4685
4021
3380
3853
3912
3384
3087
3015
2768
3190
3445
3572
3981
3344
2682
3314
3657
3262
2654
2329
2278
2636
2936
3308
3444
3347
3091
2959
2778
2356
1838
1638
1780
1821
2266
2450
2271
2606
2660
2811
2776
3033
3685
4457
5010
5246
5435
5795
6107
6294
6436
6491
6778
6472
6139
5575
3996
2278
2296
3825
4962
5622
6375
6701
6940
7066
7435
7759
7733
7343
7237
7008
6618
6224
6289
6170
5625
4914
3862
3017
2114
1543
1477
2805
3461
3022
2215
1771
1828
1577
1552
1660
1590
1356
1091
758
462
313
329
317
321
329
466
622
833
833
731
585
392
214
165
192
238
157
127
182
268
315
323
340
345
387
494
552
550
550
474
490
453
369
267
158
46
3
5
0
3
29
61
24
9
3
18
2
2
2
0
0
0
12
14
5
6
4
2
5
27
47
56
56
89
77
49
29
36
35
31
16
0
0
1
11
12
7
7
0
33
92
38
19
4
9
2
0
0
0
0
0
0
0
0
1
3
9
15
16
17
8
4
6
5
10
6
5
1
0
0
0
0
3
3
0
3
0
2
0
10
56
63
27
9
0
0
70
66
5
0
0
2
0
0
0
0
0
0
0
0
2
0
0
2
1
1
0
0
0
0
0
0
0
0
0
0
1
1
3
1
0
0
1
1
1
1
1
0
1
0
0
1
1
0
2
2
3
1
0
0
0
0
0
0
0
0
6
6
0
0
0
0
0
0
8
20
61
48
35
37
0
30
19
13
21
17
13
30
30
52
17
24
7
6
8
3
6
4
1
4
2
1
0
0
0
2
4
2
3
1
1
0
1
0
1
27
85
93
64
27
24
9
2
0
2
0
4
1
0
0
0
0
0
0
0
0
0
0
21
0
1
2
3
8
20
86
195
264
317
325
329
308
271
210
136
85
63
29
8
9
12
25
64
97
132
171
213
177
214
290
353
333
330
399
500
562
634
636
663
670
691
714
788
813
750
651
560
463
421
320
235
190
237
275
269
158
36
28
76
258
413
589
714
841
971
892
742
692
702
783
887
868
848
798
864
1001
1218
1749
2118
2326
2467
2501
2392
2286
2056
1976
1828
1863
2055
2219
2471
2523
2596
2629
2644
2597
2574
2492
2406
2284
2051
1889
1680
1498
1260
1069
862
647
443
471
788
1143
1364
1421
1478
1539
1649
1573
1383
1222
1206
1215
1117
1072
988
798
716
699
832
901
1182
1420
1690
1903
1977
2105
2206
2265
2333
2411
2433
2460
2360
2258
2177
2110
2168
2248
2342
2383
2258
2097
1660
1248
884
684
509
377
228
244
256
242
192
178
132
76
78
85
112
115
97
104
154
199
208
216
239
276
311
263
197
104
25
14
8
4
1
2
0
0
0
23
5
0
2
3
2
0
0
0
0
0
0
0
0
6
12
13
0
3
1
0
1
38
9
16
0
19
17
3
0
3
0
1
1
0
8
7
22
18
0
0
0
0
0
0
0
0
1
8
0
0
0
0
0
0
0
0
5
0
5
1
0
0
0
0
0
0
0
0
0
0
0
0
0
0
0
0
0
0
0
0
0
0
0
0
0
0
0
0
0
0
0
0
1
0
0
0
0
0
0
0
0
0
0
0
0
0
0
0
1
0
0
1
0
0
0
0
0
0
0
0
0
0
0
0
0
0
16
0
0
0
2
2
0
0
0
0
0
4
22
48
20
1
0
21
43
9
5
4
2
4
12
12
44
23
38
95
112
107
78
78
123
322
373
291
162
110
100
163
256
342
369
340
343
357
479
504
401
344
258
346
565
795
860
894
967
1117
1337
1608
1616
1520
1533
1426
1193
1276
1650
1729
1562
1379
1177
1005
712
498
313
315
382
537
638
756
806
1030
1113
1049
946
876
966
1158
1173
976
592
244
351
766
934
808
532
565
816
1161
1352
1356
1292
1232
917
520
571
657
544
466
537
737
1070
1353
1635
1623
1705
1684
1568
1576
1788
1704
1536
1286
991
815
680
541
311
208
450
540
722
984
1155
1281
1640
1787
1929
2124
2276
2431
2457
2403
2170
1706
1341
1158
877
523
321
284
244
164
138
119
185
236
231
230
306
357
378
389
405
407
363
288
202
122
73
51
33
40
79
77
73
64
99
58
67
36
32
14
2
15
13
12
23
21
18
17
6
6
6
2
6
6
3
0
0
0
3
0
0
0
0
0
0
0
0
2
0
0
1
6
6
3
5
7
6
8
6
2
1
3
0
0
3
3
1
4
12
5
3
76
101
97
14
7
6
0
3
3
3
0
0
0
0
0
3
1
3
3
2
0
0
0
6
16
10
8
7
8
13
17
18
15
11
15
14
14
14
22
3
3
4
4
3
5
4
1
4
2
2
0
0
0
0
0
2
2
3
6
10
7
4
10
25
5
1
2
19
17
8
18
12
5
1
0
1
0
0
3
0
1
0
0
0
0
0
0
0
0
0
0
0
0
0
0
0
0
0
0
0
0
0
0
0
0
0
0
0
0
0
1
0
1
0
1
6
12
13
5
2
1
0
0
0
0
0
0
0
0
0
0
0
0
0
0
0
0
5
15
0
1
3
0
0
0
0
0
0
0
0
0
0
0
0
0
0
0
0
0
0
0
0
0
0
0
0
1
0
0
0
13
23
21
0
4
26
36
11
7
10
7
19
15
0
5
64
21
0
14
18
24
8
0
55
50
1
0
0
0
0
0
16
13
0
2
0
0
2
0
0
0
0
3
3
3
1
0
0
0
0
0
0
0
0
0
0
0
0
0
0
0
0
0
1
0
1
0
0
0
0
0
0
0
1
1
0
0
0
0
21
0
0
0
9
22
19
67
153
195
156
155
94
17
68
69
3
14
29
7
0
0
0
0
0
0
0
0
0
0
0
0
0
0
0
0
0
0
0
1
0
0
0
0
0
0
0
0
0
0
0
0
0
0
0
0
0
0
0
0
0
0
0
0
0
0
0
0
3
0
0
0
0
0
0
0
0
0
0
0
0
0
0
0
0
0
0
0
0
0
0
0
0
0
0
0
0
0
0
0
0
0
0
0
0
0
0
0
0
0
0
7
25
35
18
0
2
11
12
2
0
0
9
0
0
4
0
4
19
43
11
7
53
24
9
0
0
0
1
3
0
0
0
1
0
0
0
0
0
0
0
0
0
0
0
0
0
0
0
1
1
0
0
0
0
0
0
0
0
3
0
0
0
0
0
0
0
0
0
1
1
0
0
0
1
28
66
13
130
197
194
211
226
220
200
156
139
89
85
51
53
26
17
14
7
0
0
19
18
0
0
1
3
2
8
11
21
43
48
56
63
46
16
2
1
1
1
2
1
0
2
3
10
16
9
4
7
2
2
0
6
1
0
0
0
0
0
1
0
0
0
0
0
0
0
0
1
6
2
0
0
3
0
5
3
11
0
0
0
7
30
130
123
18
29
5
0
3
10
5
12
41
37
20
5
11
12
6
19
14
30
41
117
225
167
88
52
50
62
108
214
396
561
729
907
1190
1295
1391
1555
1658
1647
1661
1689
1627
1537
1292
1051
782
502
245
56
32
61
215
508
792
1074
1337
1463
1545
1653
1640
1433
1085
971
863
714
597
453
418
301
94
27
16
9
2
33
150
308
468
611
819
1004
1066
1097
1013
994
873
712
516
316
198
129
108
102
88
94
109
53
120
172
114
106
94
86
77
117
72
40
19
7
3
4
12
16
15
15
8
2
1
8
10
6
2
3
3
2
2
0
0
1
0
1
0
0
1
0
0
5
4
2
1
8
7
2
0
0
0
7
17
25
15
0
0
2
5
20
52
31
11
0
1
0
0
0
0
0
0
0
0
0
0
7
14
5
0
0
0
0
0
0
0
0
0
0
0
6
34
29
3
20
14
53
25
17
28
5
4
3
0
0
0
0
0
3
0
5
17
7
0
0
0
0
0
0
0
0
1
1
3
4
9
2
0
0
0
0
0
0
0
0
2
1
1
0
4
1
1
1
2
30
86
126
221
191
124
72
32
40
36
25
21
19
19
16
37
71
46
57
84
204
149
102
206
187
221
289
358
406
469
552
595
646
599
553
780
1097
1379
1714
1873
1728
1156
454
82
123
132
314
599
948
1173
1394
1353
1109
833
927
1774
2476
2831
2733
2472
2062
1718
1513
1778
2278
2409
2087
1745
1804
1848
1509
1023
856
889
818
878
1135
1533
1847
2066
2191
2280
2330
2308
2337
2278
2068
1930
1754
1752
1522
1312
1034
754
342
161
551
1230
1769
1934
1827
1860
1827
1904
2059
2326
2505
2581
2750
2714
2588
2377
2119
1941
1587
1036
487
182
405
645
857
1054
1289
1465
1463
1458
1484
1533
1464
1357
1278
1105
958
890
832
772
744
666
446
300
87
9
34
141
341
452
540
660
640
754
777
830
828
1052
1110
1079
814
755
831
1012
1231
1448
1600
1788
1870
1971
1990
1966
1927
1844
1762
1586
1480
1376
1202
959
803
624
351
126
21
34
24
0
2
38
83
102
115
288
405
561
637
703
735
724
732
810
864
878
981
1257
1513
1727
1879
2018
1953
2013
1920
1864
1765
1677
1498
1354
1199
916
630
345
133
45
31
36
281
457
640
799
884
971
1024
1067
1107
1048
1080
1027
929
842
772
675
591
507
429
336
259
172
143
148
218
273
95
80
116
154
123
75
35
31
18
16
39
39
53
38
66
177
255
184
88
132
73
39
21
35
78
75
53
62
59
84
106
135
152
154
154
100
93
65
49
46
57
33
25
32
55
55
36
28
28
19
6
5
7
21
40
179
556
923
1393
1710
2530
3609
4175
4500
4697
4701
4955
5208
5014
4812
4613
4659
4114
3619
3376
2848
2505
2592
2600
2620
2495
2388
2386
2233
2217
1991
1645
1202
773
472
211
365
446
551
631
630
647
680
653
602
627
523
494
388
429
454
541
593
759
785
737
749
811
892
939
803
777
473
293
189
122
167
213
263
277
277
307
352
411
384
1516
335
262
211
173
182
219
338
346
423
429
416
424
374
341
238
179
156
177
185
169
161
211
204
220
157
92
24
1
0
0
0
25
59
309
681
1119
1488
1936
2015
2050
2006
1917
1814
1710
1689
1646
1590
1477
1471
1355
1220
1090
905
637
515
466
430
385
279
192
115
206
499
800
1152
1433
1708
1900
2077
2129
2105
2033
1929
1859
1783
1705
1615
1491
1386
1223
1006
893
834
789
791
766
666
572
454
356
229
141
54
9
17
23
12
9
5
14
31
67
100
115
134
165
189
207
231
184
192
209
196
234
259
251
249
252
251
271
246
226
208
249
245
210
178
157
146
122
87
53
37
26
5
2
2
0
0
1
2
3
0
1
0
3
1
4
10
15
33
25
23
22
15
28
103
207
336
365
422
478
538
357
325
403
344
345
284
263
243
296
234
164
201
159
134
204
211
170
63
109
142
79
87
152
223
225
262
498
673
892
1409
2005
3068
4137
4645
5113
5407
5335
5206
5365
5467
5310
4517
4578
4754
5551
5963
6242
6176
6256
6169
5666
5405
4971
4193
3268
2189
1631
1757
2001
1832
2047
1582
1451
1318
925
718
772
655
419
205
377
681
993
1035
804
572
469
481
396
243
307
579
740
679
521
436
359
266
152
100
87
34
32
41
23
0
0
0
0
0
0
3
11
16
7
8
2
0
7
0
1
0
0
0
0
0
0
0
0
0
0
0
0
0
0
0
0
0
0
0
0
0
0
0
0
0
0
0
0
0
0
0
0
0
0
0
0
0
0
0
0
0
0
0
0
0
0
0
0
0
0
0
0
0
0
0
0
0
0
0
0
0
0
0
0
0
0
0
0
0
0
1
1
0
0
0
1
0
0
0
0
0
0
0
0
0
0
0
0
0
0
0
0
0
0
0
0
0
0
0
0
0
0
0
0
0
0
0
2
16
8
93
280
429
506
488
476
434
412
358
298
227
153
148
140
116
112
67
21
9
3
2
4
3
2
17
54
174
351
481
560
567
519
416
310
207
187
225
222
211
161
82
52
20
16
3
6
3
4
4
2
0
0
2
0
4
1
4
9
10
14
20
14
10
0
0
0
0
0
0
0
0
0
0
0
0
0
0
0
0
0
0
0
0
0
0
0
0
0
0
0
0
0
0
0
0
0
0
0
0
0
0
0
0
0
0
0
0
0
0
0
0
0
0
0
10
7
0
0
0
0
0
0
0
0
0
0
0
0
0
0
0
0
0
0
0
0
0
0
0
0
0
0
0
0
0
0
0
0
0
0
0
0
0
0
0
0
0
0
0
0
0
0
0
0
0
0
0
0
0
0
0
0
0
0
0
0
0
0
0
0
0
0
0
0
0
0
0
10
3
0
0
0
0
0
0
0
0
0
0
0
0
0
0
0
0
0
0
0
0
0
0
0
0
0
0
0
0
0
0
0
0
0
0
0
0
0
0
0
0
0
0
0
0
0
0
0
0
0
0
0
0
0
0
14
0
0
0
1
0
0
0
0
0
0
0
0
0
0
0
0
0
0
0
0
0
0
0
0
0
0
0
0
6
9
0
3
2
0
0
0
0
0
0
8
22
3
3
2
4
2
0
0
0
0
0
0
0
1
0
0
0
0
0
0
0
0
0
0
0
0
0
0
0
0
2
0
1
0
0
0
4
8
16
18
14
28
10
2
2
1
1
0
0
0
0
0
0
0
0
0
0
9
9
0
0
0
3
0
0
0
1
0
0
3
4
2
3
2
30
97
133
154
157
188
152
156
217
293
285
282
253
207
157
114
109
103
119
135
125
95
87
98
75
136
140
128
148
173
240
345
339
430
499
538
524
491
487
458
401
360
299
192
152
88
90
73
58
56
84
65
73
54
48
38
39
41
104
115
88
74
73
152
185
204
221
224
202
211
147
42
124
425
682
674
498
236
159
259
224
202
300
404
445
475
529
716
878
847
787
677
411
221
272
482
631
520
175
51
166
138
83
91
116
144
263
339
452
598
702
650
562
504
412
460
571
618
588
576
540
524
458
403
346
300
188
75
30
47
44
40
42
20
13
23
17
10
8
8
37
99
106
91
80
147
234
277
322
288
243
214
221
152
90
96
58
57
31
38
17
15
0
4
11
37
56
129
136
242
221
267
302
331
297
281
301
314
270
258
135
129
173
240
302
326
315
339
444
521
697
902
1000
1019
1013
1055
1058
1109
1124
1188
1237
1297
1312
1349
1341
1399
1429
1443
1345
1333
1308
1182
1156
1077
978
908
792
662
509
305
206
237
219
300
398
545
577
678
851
988
1045
1052
1039
1026
1021
1084
1084
1022
955
834
807
638
490
298
190
111
25
11
1
1
13
37
94
147
254
335
497
655
751
791
880
994
1057
1114
1102
1065
1073
1043
982
904
756
692
596
519
470
400
223
109
80
74
91
57
22
44
70
78
124
179
132
110
103
109
163
161
185
270
322
396
611
769
866
948
1062
1117
1185
1203
1221
1135
1016
936
791
685
519
400
263
53
7
4
15
33
58
68
85
96
75
65
42
19
5
3
8
6
5
11
20
32
44
90
137
247
471
584
732
824
952
1105
1214
1265
1363
1398
1457
1552
1604
1671
1610
1721
1654
1680
1588
1472
1371
1274
1112
1044
849
699
625
481
373
279
219
53
2
13
40
111
258
388
456
572
653
724
749
789
825
814
720
705
689
654
621
525
468
441
406
364
288
199
154
82
47
25
4
7
9
16
13
23
42
42
30
27
21
12
12
2
2
1
0
0
0
1
7
14
25
30
44
36
59
53
45
54
29
36
24
29
0
4
5
6
7
20
88
207
253
203
102
19
5
12
41
31
43
25
19
21
28
27
19
7
4
6
7
7
2
4
48
40
46
330
871
1438
1904
2383
2753
3011
3161
3280
3211
3159
3033
2924
2756
2595
2391
2210
2109
1933
1857
1660
1524
1264
1134
923
681
519
392
235
147
152
197
359
497
719
805
980
1088
1177
1228
1306
1288
1241
1191
994
902
792
632
505
386
339
341
407
514
675
759
768
720
609
475
324
246
159
122
173
164
169
157
150
193
278
368
491
550
658
746
833
880
839
858
849
831
869
754
666
495
261
45
1
59
247
517
702
958
1156
1402
1674
1843
2024
2167
2316
2403
2536
2726
2897
2991
3030
3036
3098
3042
2985
2728
2404
2306
2097
1861
1647
1385
1048
672
249
249
228
202
215
572
1039
1277
1481
1607
1902
2099
2120
1983
1823
1539
1321
1320
1405
1383
1410
1354
1223
968
535
153
58
11
21
61
45
36
97
168
280
377
462
405
331
265
182
144
204
249
216
196
112
125
73
39
0
1
9
25
77
60
20
61
132
88
85
101
132
113
154
129
95
56
49
70
77
96
89
120
162
258
392
454
514
499
500
474
441
428
389
322
251
162
145
122
118
108
72
30
15
9
10
19
38
33
18
19
13
31
30
24
23
61
79
128
257
160
136
74
46
49
19
16
0
2
0
4
3
33
64
44
49
14
15
2
4
7
1
0
2
0
4
9
41
13
175
451
928
1522
1993
2561
2936
3390
3296
2827
2097
2417
2607
2358
1753
1633
1468
1675
1848
1780
1748
1761
1709
1594
1687
1606
1659
1859
2186
2351
2285
1991
2003
2163
1856
1144
558
402
309
182
196
395
356
283
299
395
342
277
230
223
419
624
644
444
291
289
312
241
136
105
43
31
40
27
33
34
27
11
24
16
22
20
9
13
5
3
27
86
125
137
123
127
93
64
31
29
28
14
34
91
176
202
165
131
112
157
145
105
81
59
27
20
20
69
105
198
286
305
225
204
143
50
137
305
338
291
181
180
208
110
15
25
73
66
67
32
24
43
80
68
40
87
60
147
468
931
1553
2091
2483
3103
3563
4091
4130
4294
4150
4098
4048
4071
4217
4238
4230
3975
3544
3140
3102
2980
2554
2010
1724
1540
1381
1334
1406
1483
1371
1160
916
696
566
758
792
933
1501
2228
2990
3485
3810
3936
4080
4332
4204
4039
3748
3470
3042
2872
2891
2708
2495
2011
1488
995
633
385
374
407
558
586
287
151
100
213
261
220
177
142
133
141
147
151
88
10
10
26
131
178
209
257
301
306
366
415
454
471
534
580
563
525
540
516
395
341
393
502
544
503
404
441
670
774
938
1191
1299
1375
1360
1386
1393
1354
1232
1053
873
570
324
46
49
274
669
983
1218
1459
1601
1722
1650
1501
1300
1084
1006
951
680
472
429
373
381
385
431
486
498
636
723
747
753
823
995
1158
1535
2202
2925
3559
3942
4151
4299
4272
4162
3761
3172
2451
1449
743
535
454
505
633
516
260
534
1014
1840
3221
4541
5402
5823
5807
5429
4735
3501
2277
1822
2215
1645
1480
2115
2179
1645
772
214
344
727
959
1027
902
882
925
923
1053
1115
1205
1196
1166
1132
1128
1053
1084
1071
1048
1004
970
924
843
837
720
653
491
383
253
24
2
0
8
52
47
108
82
107
75
35
8
4
3
0
0
0
0
0
0
0
0
0
0
0
0
0
29
105
318
617
879
1006
1059
1108
1093
1158
1158
1120
1034
975
933
795
659
831
847
765
834
863
908
959
802
607
719
852
1006
1067
1084
1055
1016
1001
1122
1207
1042
874
700
546
410
299
223
112
66
36
21
20
17
31
68
38
105
98
42
59
71
114
144
108
89
57
76
48
12
13
25
18
58
81
113
81
48
140
227
238
204
126
58
96
110
113
134
126
65
14
13
37
56
54
15
4
21
33
51
33
42
47
31
55
44
6
0
42
38
11
6
9
5
4
7
6
5
1
1
4
17
9
3
7
0
0
0
32
93
128
157
198
123
141
155
138
186
123
63
16
16
31
55
160
263
237
172
93
145
176
95
62
151
180
119
65
55
28
26
25
30
36
101
149
82
89
48
42
107
114
80
88
93
149
223
188
136
161
210
152
71
33
4
0
1
0
0
0
0
0
4
11
3
1
0
0
0
1
0
0
0
0
0
0
0
0
0
0
0
0
2
1
0
0
0
0
0
0
1
0
0
1
0
0
0
0
0
0
2
0
1
0
0
1
0
0
2
2
1
0
0
0
0
0
11
8
1
0
0
0
0
0
0
0
0
0
0
0
0
0
0
0
0
0
0
0
0
0
0
0
0
0
0
0
0
0
0
0
0
0
0
0
0
0
1
1
5
3
1
0
0
0
0
1
2
34
56
81
82
80
72
79
64
41
23
15
11
8
1
1
0
1
0
0
0
0
1
0
0
1
2
22
15
44
141
372
413
461
470
455
450
506
618
814
960
1066
1233
1449
1633
1785
1989
2108
2471
2683
2878
3102
3206
3377
3376
3337
3061
2603
1915
1161
889
1597
2359
2825
2988
3220
3372
3299
3254
3155
2964
2682
2512
2401
2107
1859
1504
1339
1463
1565
1509
1293
1199
1441
1599
1652
1352
841
563
525
499
435
376
242
184
135
129
129
158
166
160
156
181
194
166
153
176
161
134
53
77
90
99
28
3
1
3
17
18
13
6
3
8
7
9
8
10
13
9
5
2
1
0
4
13
24
27
3
0
12
10
1
3
12
23
31
8
2
5
1
1
2
9
16
9
46
82
210
394
594
758
797
841
902
973
1012
1016
1039
1130
1075
1059
1109
1174
1209
1146
1244
1064
948
866
712
425
273
133
132
356
642
977
1100
1012
1009
1043
1045
1023
1001
854
705
528
349
243
117
23
4
11
26
48
67
105
143
227
287
311
268
267
197
53
13
12
13
18
5
15
35
29
12
30
44
175
280
293
293
290
283
205
163
163
108
71
73
71
82
52
78
55
49
34
12
19
32
37
14
23
51
209
121
118
109
104
41
36
35
74
49
30
37
13
9
11
0
3
0
0
9
4
21
16
36
40
32
66
2082
0
0
0
1435
12
13
42
46
47
5
0
9
20
18
9
3
1
0
0
0
0
0
0
0
11
1
28
69
7
5
21
30
22
18
24
14
10
3
12
13
19
4
0
0
0
4
0
3
7
21
74
59
42
25
20
10
16
9
20
60
59
65
64
58
45
72
330
280
243
288
153
154
133
130
317
511
515
369
108
28
65
110
127
49
15
8
33
77
107
109
87
51
65
109
192
236
267
293
326
369
431
485
561
593
494
486
522
558
619
877
1089
1310
1645
1796
2047
2254
2443
2761
2999
3313
3478
3665
3756
3989
4152
4321
4440
4348
4348
4149
3276
1910
610
410
1632
2907
3677
4176
4623
4800
5014
5185
5368
5295
5100
4833
4527
4160
3624
2969
2540
2139
1778
1686
1948
2369
2575
2565
2305
1887
1696
1561
1467
1433
1399
1242
876
1140
1011
417
584
1083
1106
800
359
114
157
123
214
325
412
513
461
421
445
421
406
537
609
654
576
493
516
640
751
869
915
905
855
856
841
851
791
673
624
608
569
480
316
94
13
14
68
67
86
64
91
205
203
323
384
377
384
382
346
307
309
262
206
168
138
127
225
477
950
1379
1714
1952
1862
1435
449
360
1617
2499
2792
2595
2035
1271
1190
1967
2364
2601
3008
3364
3510
3692
3686
3661
3886
3957
3931
3723
3200
2141
760
1227
2188
2826
3237
3462
3672
3654
3567
3427
3335
3023
2686
2281
1778
1260
728
983
1247
740
668
766
866
742
604
729
1421
1993
1902
1770
1760
1827
1596
1118
866
1119
1347
1550
1797
2350
2865
3143
3203
3172
2937
2411
1524
961
1761
2567
3021
3125
3174
3125
3028
2787
2701
2605
2414
2366
2238
2174
2151
2135
2132
2049
1994
1830
1759
1765
1592
1490
1265
1116
814
496
277
57
28
137
310
402
519
616
850
1107
1272
1428
1525
1599
1724
1774
1730
1700
1548
1502
1405
1289
1129
975
813
537
399
126
51
20
24
19
42
94
137
150
188
193
184
218
234
241
217
228
104
23
7
5
12
10
1
1
0
2
9
17
5
11
1
1
0
6
31
63
55
34
42
12
9
5
2
2
1
0
0
0
0
0
0
0
0
0
2
0
0
3
1
7
7
21
50
90
98
89
82
49
46
13
3
0
0
0
15
2
1
5
25
104
119
155
192
252
231
262
269
314
298
339
327
360
256
89
120
157
401
602
869
1218
1632
1975
2297
2620
2773
2957
3163
3235
3328
3554
3537
3515
3475
3233
3000
2655
2416
2036
1626
1026
411
168
576
1087
1402
1783
1889
2024
2039
2058
1936
1825
1674
1558
1430
1300
1219
1237
1252
1310
1357
1523
1653
1747
1851
1980
1999
2034
1881
1799
2157
2435
2602
2737
2939
3112
3241
3296
3258
3159
2962
2688
2480
2277
2025
1688
1398
1133
641
206
396
1020
1463
1814
2145
2416
2750
3103
3370
3615
3941
4088
4184
4294
4318
4358
4321
4213
4098
3766
3377
3000
2515
1939
1322
385
11
840
1462
1886
2224
2425
2572
2565
2561
2480
2327
2169
1917
1624
1221
786
308
298
739
1128
1453
1601
1708
1823
1751
1762
1698
1607
1468
1231
1091
900
568
253
41
33
151
225
287
369
441
474
472
449
373
227
80
53
17
29
26
11
7
6
12
25
34
48
66
108
182
233
260
339
371
372
370
381
441
486
509
506
421
203
139
205
160
163
211
281
375
425
442
421
482
568
700
957
1093
929
553
376
322
633
788
729
473
286
245
360
479
600
735
919
1112
1216
1301
1361
1363
1426
1480
1456
1472
1398
1232
1040
882
674
586
587
590
614
816
1044
1211
1436
1492
1498
1608
1587
1583
1695
1841
2000
2143
2253
2304
2289
2425
2517
2498
2602
2536
2414
2311
2185
1940
1694
1439
1205
902
744
584
489
629
1199
1662
2026
2346
2491
2543
2501
2428
2278
2031
1639
1188
610
166
187
446
650
824
1022
993
857
714
537
406
187
116
278
663
1130
1527
1708
1781
1769
1630
1487
1287
1082
815
525
324
134
75
310
835
1282
1660
1742
1662
1747
1894
1897
1884
1819
1751
1765
1760
1838
1889
1937
1805
1649
1332
1133
722
246
161
394
698
957
969
904
682
639
856
1018
1216
1451
1548
1577
1689
1760
1749
1839
1975
2206
2412
2633
2833
3048
3099
3115
2626
2059
1402
685
490
848
1443
1933
2247
2327
2367
2273
2063
1904
1642
1439
1071
815
784
744
732
776
678
610
559
598
694
750
816
839
977
1222
1398
1477
1475
1397
1209
1036
851
800
916
824
730
814
948
972
986
1180
1429
1678
1889
2045
2183
2091
2023
2140
2406
2470
2465
2102
1647
805
373
655
991
1210
1462
1579
1702
1689
1712
1672
1488
1346
1054
898
772
553
440
325
340
361
350
363
426
417
345
308
215
215
149
77
56
52
68
180
321
410
567
730
875
921
946
939
853
818
799
703
644
557
544
445
380
380
360
232
178
142
96
75
47
38
38
19
6
1
0
0
0
0
1
14
15
0
0
0
0
0
0
0
0
0
0
0
2
0
0
3
1
0
0
0
0
0
0
0
8
37
36
131
111
111
46
3
2
0
0
0
0
0
0
2
0
0
1
1
1
16
69
167
175
304
339
365
365
340
227
104
24
7
1
0
0
0
0
0
3
0
0
5
20
39
53
18
4
0
4
4
0
0
2
7
31
60
51
63
89
110
70
19
3
5
1
0
0
0
0
0
0
0
0
0
0
0
0
1
5
20
88
189
249
314
351
371
340
348
311
236
152
54
1
0
0
0
26
106
170
227
239
289
286
312
390
410
393
372
390
374
408
373
336
306
273
244
235
232
200
198
137
107
80
43
24
2
3
0
0
0
0
0
2
0
0
0
0
0
0
0
1
1
4
4
8
7
0
14
19
16
17
2
0
0
1
0
3
1
0
0
0
2
2
3
1
2
1
6
18
34
51
22
12
114
168
100
67
305
386
213
174
252
275
239
100
152
239
149
111
108
152
177
129
87
73
138
121
55
19
36
29
10
3
0
3
9
14
66
55
7
0
0
12
0
7
15
26
66
118
136
128
176
109
8
2
3
1
4
2
9
2
13
10
32
48
13
4
14
2
2
5
0
0
0
0
0
6
7
0
0
3
1
2
1
2
11
15
16
32
31
13
58
81
112
120
168
182
220
220
274
225
169
79
149
305
476
646
619
381
207
170
220
433
653
973
1075
1112
894
760
768
750
356
275
365
433
405
388
518
670
915
1134
1351
1544
1704
1776
1802
1910
1899
1924
1918
1702
1612
1393
1217
1111
976
919
882
1105
1370
1549
1767
1994
2343
2700
2942
2917
2740
2635
2430
2253
2079
2097
2108
1986
1739
1361
919
637
484
548
575
679
675
584
518
544
508
479
538
631
608
694
844
1046
1250
1529
1662
1820
2011
2184
2237
2218
2171
2031
1918
1820
1559
1323
972
625
336
131
47
135
457
943
1351
1658
1857
1961
2030
2064
2005
1972
1982
1889
1816
1812
1718
1634
1564
1496
1488
1501
1618
1647
1863
2094
2462
2912
3329
3769
3940
4154
4319
4377
4430
4512
4310
4106
3785
3850
3885
3829
4116
4404
5082
5698
6218
6660
6893
6903
6884
6929
6884
6800
6584
6265
5976
5395
4818
4252
3729
3322
2840
2359
1988
1688
1430
1173
848
674
543
399
304
302
455
935
1821
3013
4025
4892
5540
6126
6492
6783
6985
7057
7076
7010
6842
6626
6471
6321
6104
5919
5705
5570
5375
5007
4756
4518
4366
4222
3991
3408
2764
2331
2203
2399
2704
2929
3088
3156
2966
2788
2953
3271
3268
3168
3228
3246
3182
2906
2603
2354
2094
1862
1482
1077
926
850
886
825
911
1011
995
950
936
941
860
730
499
305
169
304
703
1184
1513
1743
1774
1726
1519
1449
1375
1313
1199
1048
777
644
667
693
713
699
567
477
283
329
487
667
754
753
732
702
626
567
514
477
489
425
334
224
129
84
90
80
86
108
194
277
369
404
441
468
501
512
456
457
409
389
351
372
421
572
806
1060
1345
1578
1717
1874
1936
1967
1958
1824
1706
1581
1390
1130
843
667
296
207
232
301
413
568
637
729
837
894
991
1070
1128
1204
1298
1267
1360
1309
1265
1176
1007
821
699
542
385
220
104
14
3
2
4
9
18
32
45
34
32
63
91
89
60
41
29
12
1
0
0
6
17
72
93
149
173
198
235
238
172
123
81
143
121
56
49
7
39
29
0
1
0
2
3
13
15
9
26
67
133
179
170
185
171
110
114
99
108
91
105
112
73
56
105
198
147
75
3
7
11
48
55
44
22
9
6
6
0
0
10
29
12
0
31
41
13
34
82
89
84
81
67
87
59
52
66
40
29
28
28
23
7
34
35
9
2
4
7
23
46
117
277
418
435
509
561
542
482
469
415
361
247
188
130
48
17
3
6
5
0
0
0
0
0
0
1
23
98
27
24
69
47
20
8
80
57
101
141
136
110
121
76
41
14
7
3
8
52
106
129
138
149
141
96
66
28
14
6
0
0
0
2
7
5
0
0
0
3
21
23
19
17
13
3
3
3
31
9
41
108
114
117
81
57
53
84
64
53
70
138
242
319
361
518
658
746
751
736
700
622
473
376
247
118
54
7
21
46
106
186
309
546
812
1108
1291
1600
1647
1660
1782
2030
2131
2126
2249
2913
3398
3525
3594
3507
3088
2487
2053
1725
1471
1103
1057
1287
1352
1522
1321
1126
1322
1786
2352
2994
3582
4162
4464
4290
3730
3324
2899
2396
1868
1427
2035
2147
1633
957
645
543
374
161
239
375
545
571
532
361
280
328
340
113
130
138
148
163
139
78
27
29
28
16
15
17
22
33
27
13
16
14
14
15
28
37
24
23
17
7
2
4
3
17
31
36
35
77
98
119
119
70
60
60
52
87
135
286
388
473
552
600
614
635
580
546
510
503
465
430
394
374
347
226
169
125
57
18
1
0
2
0
0
0
1
5
40
81
120
112
148
169
214
181
210
247
275
299
309
326
323
296
285
302
334
362
392
405
360
276
161
57
28
22
16
8
2
15
48
89
158
185
272
332
365
400
415
381
360
309
289
211
123
33
8
0
0
0
0
4
7
25
53
50
76
75
48
49
8
19
1
0
0
0
0
0
0
0
0
0
0
0
0
0
0
0
0
0
0
0
0
0
0
0
0
0
0
0
0
0
0
0
0
0
0
0
0
0
0
0
0
0
0
0
0
0
0
0
0
0
0
0
0
0
0
0
0
0
1
0
0
1
0
0
0
0
0
0
0
0
0
0
0
0
0
0
0
0
0
0
0
0
0
0
0
0
0
0
0
0
0
0
0
0
0
0
0
0
0
0
0
0
0
0
0
0
0
0
0
0
0
0
0
0
0
0
0
0
0
0
0
0
1
0
0
1
2
1
1
0
0
0
0
0
0
0
0
0
0
0
0
0
0
0
0
0
0
0
0
0
0
0
0
0
0
0
0
0
0
0
0
0
0
0
0
0
0
0
0
0
0
0
3
17
0
0
0
0
2
0
0
3
0
0
0
6
28
138
209
224
175
100
30
4
8
0
0
0
1
1
0
5
6
0
0
1
3
54
225
421
782
1198
1553
1606
1911
2218
2770
3298
3750
3759
3569
3435
3096
2825
2480
2143
1982
2257
2632
3204
3647
3814
3774
3642
3627
3390
3149
2887
2843
2843
2861
2763
2664
2501
2489
2382
2270
2199
2068
1957
1734
1563
1362
1216
1014
799
609
385
155
2
43
310
563
739
938
1122
1236
1404
1636
1857
1961
2117
2285
2472
2664
2793
2889
2964
3032
3120
3207
3345
3385
3380
3376
3333
3323
3265
3092
2906
2642
2394
2061
1799
1364
1038
769
445
212
302
603
942
1166
1341
1503
1754
1899
2060
2082
2077
2113
2127
2197
2261
2313
2288
2183
2151
2034
1882
1745
1583
1446
1238
1085
838
656
481
318
179
149
215
405
595
664
796
802
860
949
1050
1037
1069
1048
1035
942
876
771
689
591
481
355
214
172
147
192
204
253
216
175
137
126
91
76
72
46
96
151
118
74
199
214
125
138
110
48
81
135
196
134
122
106
100
106
113
116
77
46
54
62
100
96
89
111
92
115
124
96
79
151
189
220
219
167
129
175
219
184
124
106
91
107
48
45
71
109
128
193
229
269
418
585
653
600
516
377
371
298
191
142
85
56
39
22
15
17
28
27
51
19
7
4
4
9
6
27
31
45
72
178
181
247
201
52
45
67
68
69
27
3
21
49
86
81
80
16
101
212
190
104
67
130
110
150
146
117
166
291
268
71
76
131
101
106
85
63
101
222
317
350
291
206
175
158
172
162
181
166
78
120
130
127
128
101
65
55
35
35
42
99
121
117
160
231
229
189
180
230
246
300
327
326
369
452
391
365
283
219
245
163
175
130
114
136
105
98
33
49
113
81
17
12
30
58
64
59
72
101
44
42
66
79
101
118
59
35
26
11
17
55
104
33
32
124
166
86
68
88
125
139
107
105
79
152
254
313
360
331
233
278
279
176
291
351
407
433
553
575
446
368
359
384
326
393
406
398
464
383
131
132
220
213
217
157
73
83
147
160
169
103
33
81
112
151
231
242
265
345
461
529
526
422
306
312
270
185
190
193
135
254
301
270
188
63
31
17
43
95
128
113
52
63
134
88
88
68
25
36
72
104
116
127
111
131
133
122
102
22
49
124
188
136
70
49
155
175
133
158
105
224
195
152
107
35
64
115
143
130
115
72
193
136
111
95
47
65
107
120
95
20
107
127
113
113
115
120
184
161
106
24
108
153
128
72
12
99
137
129
85
0
83
62
1
42
143
199
123
24
4
18
75
25
29
41
23
10
41
45
36
40
24
8
2
0
8
28
17
0
2
3
7
4
57
80
74
8
40
84
168
249
357
534
681
785
539
296
232
509
834
1173
1501
1583
1331
1160
1051
1040
1118
1152
1341
1284
1035
708
467
410
643
1242
1780
2121
2417
2765
2950
2954
3347
3952
4506
5058
5591
6273
6850
7254
7497
7647
7673
7954
8306
8351
7985
7616
7333
7044
6661
6226
5815
5367
5087
4595
4062
3699
3287
2196
1056
1880
3037
4068
4794
5386
5802
6322
6711
7083
7385
7453
7342
7031
6858
6680
6268
6008
5765
5415
5014
4236
3917
3968
3712
3139
2536
2322
2059
7445
2507
2062
1731
2090
3187
3686
3841
3750
3813
4066
4255
4542
4729
4516
4188
3998
3752
3209
2753
2574
2467
2348
1957
1537
1352
1240
1321
1452
1584
1731
1736
1695
1750
1746
1579
1432
1182
812
481
305
296
450
788
1005
960
375
244
741
868
779
693
740
845
920
882
731
566
355
182
56
2
8
65
131
145
240
280
320
377
487
568
552
518
443
324
189
151
215
292
279
205
92
57
154
132
70
136
137
214
328
401
457
491
528
457
468
476
335
145
65
34
9
10
4
0
6
33
41
21
37
33
18
59
73
49
31
50
51
42
91
143
92
48
55
44
41
40
27
37
21
15
22
25
36
18
10
22
12
41
23
2
1
4
11
9
14
13
27
14
32
35
19
21
14
23
11
5
6
1
0
0
0
13
0
0
0
0
0
0
0
0
0
0
0
0
0
17
36
323
791
1096
1122
910
711
519
322
186
84
46
21
15
13
8
6
15
37
87
86
63
32
28
20
24
33
21
4
11
2
1
0
2
1
1
0
0
1
1
0
0
0
0
0
1
0
6
4
3
9
0
0
1
2
1
3
18
7
0
10
16
78
193
328
426
456
425
346
209
111
100
53
53
47
44
41
26
79
116
34
28
39
38
26
24
13
8
1
0
0
1
13
13
9
5
8
5
5
3
9
3
1
0
0
0
0
0
0
3
0
0
0
0
0
0
0
0
0
0
0
0
0
1
10
9
7
17
2
11
9
1
0
4
0
14
15
0
0
2
0
0
0
1
0
0
1
3
1
0
1
3
2
5
7
46
15
31
27
62
57
56
53
72
52
24
16
24
19
13
16
5
1
3
1
1
0
0
0
0
1
3
0
26
14
21
2
1
4
44
70
119
174
313
489
700
846
1012
1155
1260
1398
1507
1580
1640
1747
1854
1915
2043
2256
2330
2447
2492
2462
2430
2374
2361
2335
2286
2249
2210
2073
1993
1901
1765
1629
1476
1288
1179
1081
946
832
723
599
569
593
627
549
559
729
959
1157
1382
1538
1718
1853
2039
2168
2303
2494
2681
2883
3015
3118
3123
3056
3044
3244
3447
3498
3598
3600
3543
3559
3564
3684
3803
4007
4082
4139
4145
4168
4209
4219
4345
4490
4732
4955
5366
5739
6042
6311
6639
6880
6913
6889
6865
6784
6591
6445
6235
6050
5835
5717
5471
5058
4650
4232
3713
3126
2645
2253
1719
1301
1190
1383
1644
2034
2386
2780
3098
3274
3444
3514
3536
3591
3556
3464
3411
3304
3293
3342
3471
3565
3674
3723
3883
3855
3864
3939
3984
3962
4102
4056
4019
3958
3923
3842
3782
3623
3499
3299
3063
2786
2483
2355
2316
2416
2528
2671
2901
3190
3397
3634
3788
3860
3959
3952
3955
4087
3938
3553
3069
2636
2696
3281
3730
4237
4583
4833
5026
5168
5370
5586
5900
6134
6373
6616
6696
6792
6848
6865
6902
6825
6826
6767
6777
6714
6619
6561
6469
6287
6096
5656
5324
5051
4757
4399
4020
3623
3202
2678
2213
1760
1784
2632
3479
3887
3907
3885
3944
4167
4352
4361
4273
4238
4235
4174
4005
3863
3702
3427
3139
2813
2449
2048
1680
1264
899
512
349
246
178
109
128
261
614
888
1138
1275
1167
888
727
764
822
1070
1184
1359
1479
1569
1599
1514
1415
1169
1005
847
764
533
513
614
622
585
493
447
323
371
547
703
514
343
318
513
614
621
654
688
860
731
514
505
480
468
408
377
358
295
267
238
190
124
60
45
32
26
25
33
25
50
147
141
258
364
462
557
669
767
839
895
919
877
885
839
746
674
594
417
361
294
142
20
7
35
34
70
126
213
111
101
174
276
352
283
175
139
201
248
193
110
123
141
169
222
229
286
378
435
527
580
564
640
722
817
792
838
760
732
726
687
633
711
786
916
992
997
1161
1218
1392
1773
2068
2484
2733
3125
3548
3928
4164
4363
4510
4456
4304
4102
3773
3363
2769
2018
1197
947
1407
2172
2731
3159
3425
3649
3788
3861
3897
3867
3809
3740
3588
3348
3232
3033
2876
2632
2356
2157
1958
1849
1805
1757
1557
1324
1028
644
405
486
932
1462
1986
2313
2457
2466
2362
2254
2191
2077
1999
1978
2141
2393
3235
4031
4923
5740
6360
6495
6460
6312
6043
5783
5277
4954
5099
5250
5354
5632
5598
5534
5323
5091
5137
5688
5971
5813
5993
5988
5505
4863
4505
4579
4876
5515
6070
6593
7200
8246
8951
9207
9222
8968
8819
8709
8808
8293
7386
6404
5362
4492
3895
3636
3833
4006
4326
4410
4244
3647
3373
3435
2683
2473
2393
2589
2677
2635
2489
2607
2933
2959
2672
2434
2413
2496
2703
2890
3033
2973
2445
1652
826
1148
1640
1779
1929
1807
1628
1364
967
737
621
760
660
774
843
893
1114
1288
1227
1212
1680
2160
2626
3037
3497
3798
3941
4068
4103
4060
3637
2816
1428
457
1652
2696
3269
3568
3862
3949
3871
3805
3487
3211
2854
2851
3096
2972
2667
2283
1953
1652
1399
1216
885
770
597
705
891
1382
1806
1480
1495
1782
1861
2232
2475
2427
2068
1799
1611
1347
939
514
191
105
178
303
621
819
1079
1069
870
800
982
1060
1056
936
842
838
847
730
613
544
430
320
134
23
7
41
143
389
736
1160
1514
1820
2147
2325
2612
2858
3014
3106
3183
3250
3183
2837
2181
1209
121
494
1497
2121
2608
2932
3079
3114
3024
2945
2700
2497
2230
1776
1523
1241
1070
990
981
1101
1085
1222
1219
1292
1435
1579
1714
2015
2058
2315
2421
2482
2695
2840
2997
3067
3181
2999
2698
2143
1212
140
238
992
1612
2130
2498
2637
2654
2600
2526
2440
2212
2047
1856
1691
1506
1360
1177
1091
938
824
676
467
297
147
91
63
27
42
53
133
224
302
466
682
882
1135
1376
1658
2121
2483
2884
3065
3112
2761
2120
1306
1038
1162
1266
1542
1837
2099
2256
2362
2417
2302
2311
2129
1948
1702
1549
1328
1162
1084
1052
991
893
754
617
445
285
203
149
279
407
449
501
542
586
603
594
639
685
708
764
849
863
874
886
859
824
767
723
621
469
322
256
140
96
55
73
147
284
399
666
698
627
592
455
307
229
208
223
305
359
431
449
452
454
422
384
242
219
158
150
100
68
66
45
27
38
34
18
13
9
10
5
2
3
16
67
141
168
191
277
287
307
255
249
202
158
145
103
74
61
34
23
18
10
1
0
4
5
0
0
0
0
0
4
9
13
35
62
79
124
147
159
157
160
144
120
83
50
23
14
5
0
0
0
0
0
1
0
1
0
0
0
0
0
0
0
0
1
6
2
13
97
213
332
528
656
813
835
812
736
783
808
757
681
674
619
561
550
493
451
424
372
350
314
357
330
322
325
292
294
299
313
339
287
273
273
268
332
329
307
321
270
249
247
256
248
201
219
153
170
152
102
115
101
89
29
59
21
17
6
3
0
14
42
56
98
44
1
35
169
255
343
383
408
500
512
475
439
411
394
382
403
345
353
377
364
381
438
493
600
591
644
728
713
728
695
668
538
390
234
105
57
8
1
31
139
124
133
186
177
194
165
107
64
22
8
6
9
2
0
0
0
0
1
1
0
0
0
0
0
3
4
3
0
6
0
4
9
22
44
39
110
158
143
192
24
19
23
10
3
12
30
50
71
158
207
137
251
319
263
295
328
285
198
192
154
97
18
2
0
0
0
0
0
0
0
1
3
0
3
2
3
1
4
0
0
0
0
0
0
0
0
0
0
0
21
193
461
709
938
1034
1008
900
696
556
408
248
179
154
164
197
215
158
70
60
135
100
45
47
13
14
14
1
0
0
0
0
0
0
1
0
1
6
12
20
59
94
140
208
246
287
271
311
286
337
319
300
247
252
234
214
233
222
259
279
348
617
1135
1498
1682
1733
1771
1613
1333
929
548
377
280
233
258
280
301
312
311
327
312
300
289
280
281
350
457
500
540
624
673
703
611
540
448
439
391
421
403
334
292
233
204
174
189
199
261
311
365
496
540
640
659
760
847
856
