0
0
0
0
0
0
0
0
0
25
0
1
1
0
0
11409
3200
4953
2416
2614
2807
2794
2231
1157
1029
1327
1374
1071
850
716
460
275
289
503
613
444
337
377
381
408
463
495
437
288
173
72
43
47
45
75
188
379
581
701
735
705
518
446
515
557
659
692
555
405
341
294
326
469
759
944
1011
1009
931
801
727
670
574
540
432
282
251
284
260
268
244
226
191
210
195
187
182
162
184
161
189
194
210
206
173
145
88
76
50
45
29
37
16
8
12
1
5
7
6
8
13
10
10
15
8
10
10
4
1
7
11
3
0
0
0
0
0
0
0
16
20
4
0
0
0
0
0
0
0
0
0
0
0
3
4
33
39
64
145
162
212
219
274
257
248
230
217
233
229
195
160
158
109
66
32
24
22
10
5
2
1
0
0
0
0
0
0
0
0
0
0
0
0
0
0
0
0
0
0
0
0
0
0
0
0
11
0
0
0
0
0
0
0
0
0
0
0
0
0
13
12
1
11
5
5
7
2
3
3
3
12
4
4
4
3
46
47
37
78
39
207
972
1392
1064
1988
2695
2383
1771
1362
911
578
1044
1550
1975
2261
2510
2781
2955
3001
2950
3017
3086
3010
2984
2987
2973
2827
2619
2166
1602
1444
1530
1558
1460
1341
1359
1460
1567
1427
1066
833
835
1167
1601
2031
2406
2815
3157
3589
3888
3987
4072
4015
3927
3668
3382
3067
2667
2506
2246
2156
1946
1540
914
479
846
1159
1246
1035
680
411
273
273
350
537
543
406
277
275
402
311
228
280
511
709
785
637
402
494
713
1025
1103
781
599
707
716
675
582
635
635
555
479
504
548
523
348
275
248
196
182
230
337
421
480
520
612
578
503
539
929
1283
1650
2026
2392
2853
3572
3948
3889
3901
4059
4100
4125
3814
3633
3320
3221
3049
2804
2439
2524
2599
2605
2551
2559
2580
2647
2688
2810
2895
3099
3186
3055
2876
2599
2539
2693
3043
3409
3570
3447
3351
3124
2839
2661
2494
2292
2176
2678
3748
4339
4388
4115
3904
3610
3249
2804
2393
1963
1616
1441
1537
1595
1468
1078
1288
1580
1371
944
405
396
612
590
301
387
690
678
482
320
651
756
524
225
479
846
893
760
900
1438
1847
2018
1886
2152
2848
3081
3196
3394
3830
4132
4190
4135
3823
3424
3456
3644
3261
2544
2139
1984
1889
1861
1888
1841
1967
2109
2486
2813
2565
2197
1967
2317
2574
3011
3248
3237
2668
2396
2057
1824
1550
1222
1296
1467
1642
1036
1060
1254
962
1030
1077
1008
835
625
583
547
517
388
182
81
394
903
1279
1298
1104
656
358
386
380
298
173
140
94
136
11
11
26
26
40
75
119
227
348
389
271
135
184
271
341
318
207
122
70
50
43
43
45
43
39
41
37
28
25
43
35
40
26
22
22
34
40
23
15
9
4
2
1
0
0
0
0
0
0
0
0
6
11
41
31
31
33
33
24
23
18
12
8
9
9
17
2
1
2
0
1
0
0
0
0
0
0
0
0
0
0
0
0
0
0
0
0
0
0
0
0
0
0
0
0
0
0
0
0
0
4
29
25
52
58
69
40
24
22
21
9
0
1
0
0
1
0
0
10
6
3
4
1
5
12
11
7
7
8
2
0
1
0
0
0
0
0
0
0
0
0
0
0
0
0
0
0
12
3
0
1
2
1
2
2
3
8
7
10
7
10
7
7
8
9
7
12
22
10
11
13
3
6
5
1
6
0
1
0
0
1
4
0
0
0
0
0
0
0
0
0
0
1
0
0
0
1
0
0
0
0
1
0
0
0
0
0
0
0
1
0
1
0
0
0
0
6
1
2
0
1
1
1
0
6
1
3
8
13
14
7
1
0
0
0
9
10
0
0
0
0
0
2
0
0
0
3
16
20
6
5
4
3
1
2
3
0
2
0
3
3
2
2
2
3
3
4
3
2
1
0
3
0
0
0
0
0
0
0
0
0
0
0
2
1
4
4
6
6
9
13
17
13
10
7
4
7
1
4
4
1
3
1
3
1
1
1
1
2
2
1
1
0
1
0
0
0
0
0
0
0
0
0
0
0
0
0
1
1
10
9
24
30
66
96
92
133
147
164
119
114
95
79
81
97
113
126
139
121
124
127
112
95
88
65
46
21
17
12
9
5
3
1
0
0
0
0
0
0
0
0
0
0
0
0
0
0
0
0
0
0
0
0
0
0
0
0
0
0
0
6
12
0
0
2
0
0
0
0
0
10
14
0
0
0
0
0
0
0
0
0
1
2
2
0
0
4
12
4
0
0
0
0
0
8
59
177
187
126
116
134
172
140
95
84
97
116
101
84
78
62
62
35
2
1
5
4
0
0
0
1
0
0
0
0
0
0
4
11
50
157
278
269
87
10
122
74
77
330
405
213
28
115
141
78
46
94
80
22
2
0
1
6
1
1
1
1
1
0
1
1
4
1
1
0
0
0
0
0
0
0
0
0
0
0
0
0
0
0
0
0
0
0
1
0
0
1
1
0
0
2
0
2
1
3
1
4
1
0
1
3
1
0
14
9
36
37
23
21
23
7
41
32
6
3
3
2
0
0
0
5
14
15
14
13
12
11
0
1
0
1
1
0
0
0
0
0
0
0
0
0
0
0
0
0
0
30
202
429
740
1026
1208
1310
1325
1265
1172
897
475
253
181
279
485
509
426
315
305
341
274
208
249
267
365
469
637
693
641
589
509
491
479
540
695
790
811
918
1015
978
904
817
746
540
356
225
192
190
233
290
348
324
393
489
511
442
440
390
284
248
188
177
160
158
164
164
170
154
186
175
155
129
104
85
122
154
239
369
436
706
949
976
987
916
718
832
1056
1058
988
1150
1329
1261
1054
808
699
511
295
258
409
704
865
855
883
765
715
754
763
838
903
935
866
678
496
426
443
412
378
339
276
330
285
201
141
94
71
49
90
130
155
155
124
80
44
13
0
4
2
14
15
10
7
6
2
0
1
0
1
0
0
0
0
2
3
7
14
36
33
7
7
9
6
7
20
25
26
54
82
71
65
52
52
51
43
41
51
71
79
83
99
135
215
338
473
562
625
630
775
1212
1598
2024
2393
2423
2317
2247
2396
3253
3416
3249
2915
2783
2356
2463
2881
3467
4085
4071
3820
2860
2352
2043
1802
1839
1557
1432
1513
1522
1471
1204
1227
1595
2226
2781
2946
2961
3074
3533
4184
5022
5153
4628
3499
2421
1792
2182
2598
2655
2517
2348
2145
2263
2282
2376
2995
3547
3894
3891
3606
3204
2843
2383
1951
1589
1131
846
1136
2035
2677
3472
4128
4478
4166
3685
3458
3615
3696
3668
3662
3655
3316
2755
2200
1822
1363
848
505
432
410
431
567
561
602
800
1055
1137
1283
3682
1918
1868
1919
1879
1853
1809
1795
1728
1480
1327
1302
1126
808
428
840
1142
1328
1726
2051
2119
2172
2161
1720
976
312
633
1402
2005
2232
2201
2074
1807
1559
1169
766
613
873
1237
1397
1449
1655
1482
1447
1393
1142
901
749
380
245
163
149
103
199
351
377
286
160
79
15
35
82
68
68
61
60
25
3
7
11
22
18
17
13
7
3
3
2
3
33
90
189
276
404
399
200
85
211
322
448
450
326
59
23
248
591
790
774
488
191
93
275
371
380
384
523
593
879
1185
1345
1299
975
742
505
351
239
236
195
111
95
68
27
16
12
9
2
3
4
8
31
35
27
35
37
34
22
20
38
0
0
0
0
0
0
0
0
0
0
1
1
2
0
0
0
0
0
0
0
0
0
0
0
0
0
0
0
0
0
0
0
0
0
8
48
60
22
4
0
0
0
0
0
0
0
0
0
0
0
0
0
0
3
0
0
0
0
0
1
0
0
2
0
9
41
58
56
41
37
26
23
9
16
33
77
111
122
210
351
502
606
561
318
143
162
138
61
57
96
164
260
338
450
487
535
510
483
403
298
265
270
244
231
280
280
273
239
254
206
203
165
130
100
56
36
18
27
16
20
13
36
56
73
54
26
16
7
5
1
2
8
23
31
39
24
9
5
4
0
0
0
1
2
2
4
13
39
31
26
21
23
26
26
27
30
24
17
15
11
10
4
1
0
0
0
0
1
3
1
1
0
0
0
0
0
1
6
10
15
11
7
5
5
0
0
2
0
0
8
61
274
756
1269
1332
932
325
119
470
610
541
478
378
254
202
171
105
13
9
22
19
18
10
18
28
22
18
13
13
22
75
248
567
687
454
91
68
161
155
90
86
203
448
401
147
77
95
78
25
38
32
14
28
27
31
32
131
250
198
31
52
144
255
210
88
31
0
0
1
0
0
3
52
151
331
474
530
462
372
211
81
34
6
0
0
0
0
0
0
0
0
0
0
0
0
0
0
0
0
0
0
0
0
0
1
7
6
13
16
11
25
47
79
100
154
629
1362
1914
1953
1507
1107
1546
1511
994
1167
1635
1819
1664
1500
1442
1761
2033
2209
2220
2136
1957
1761
1485
2026
2331
2512
2959
2979
2423
2008
1707
1397
1195
1102
1215
1029
844
1046
1464
1605
1633
1833
1916
1729
1281
757
610
804
925
958
961
973
789
675
662
567
484
418
363
524
797
1164
1348
1206
922
776
723
614
594
616
612
733
949
1160
1219
1083
788
584
541
475
529
714
831
934
1013
1021
1011
957
836
772
778
731
604
425
488
635
693
598
439
437
608
1007
1330
1712
2090
2276
2336
2042
1545
940
535
512
487
375
274
238
285
255
330
619
834
748
670
765
934
1059
1017
816
619
435
335
226
235
289
257
162
79
27
37
31
66
48
18
17
20
14
1
0
0
3
1
0
2
34
38
18
13
11
16
26
19
1
0
0
0
0
0
0
0
1
0
0
0
0
0
0
22
151
519
866
1034
956
953
1054
1078
978
728
532
583
609
670
594
537
531
1391
646
582
557
587
641
736
922
1113
1317
1312
1375
1518
1273
695
565
777
767
589
541
635
819
877
702
721
760
837
937
866
770
649
752
1303
1795
1603
555
1009
1655
1586
836
336
409
399
369
400
435
518
539
402
387
377
405
375
403
337
202
67
20
30
36
39
32
43
62
54
59
92
50
16
6
2
2
0
0
4
9
30
55
64
60
117
124
62
35
43
43
35
52
44
51
76
88
124
156
150
119
133
150
161
207
186
215
195
186
149
95
78
115
156
106
63
63
76
79
99
109
115
152
190
227
282
271
220
140
120
88
56
30
16
11
14
9
8
0
2
6
32
62
93
86
104
71
68
150
272
180
37
14
31
37
64
69
23
15
3
0
2
8
42
135
174
236
229
250
167
117
99
48
46
50
47
73
89
123
182
112
45
15
18
41
66
191
270
252
224
155
142
129
101
70
38
36
37
31
39
42
71
65
68
48
39
36
17
3
0
0
2
11
35
32
65
65
72
83
77
54
172
286
75
62
115
108
25
0
7
40
9
31
113
153
27
18
71
96
31
0
0
2
0
1
0
0
0
0
0
0
0
0
0
0
0
0
0
0
0
0
0
0
0
0
0
7
32
106
167
293
184
57
16
48
75
88
47
20
7
7
7
25
33
51
24
3
18
22
4
3
5
4
2
0
8
21
44
45
60
47
60
72
77
97
139
147
282
533
757
730
501
246
40
33
49
73
196
382
516
535
511
309
302
534
769
853
961
985
968
959
938
960
889
696
600
453
331
260
223
191
157
241
320
552
859
1041
1196
1176
1195
1209
1298
1282
1311
1287
1250
1142
1156
1029
967
772
698
651
538
484
363
337
334
331
250
149
34
27
23
24
31
136
304
432
592
774
975
1076
1089
1154
1207
1142
1038
961
875
977
1030
1060
1179
1098
1023
911
973
939
870
845
794
823
737
692
611
488
360
270
167
92
70
78
59
70
130
128
146
122
119
106
90
85
89
97
85
68
32
16
7
1
0
0
0
0
0
0
0
0
0
0
0
1
1
0
0
0
0
1
0
0
0
0
0
0
0
0
0
3
3
2
4
2
0
1
2
0
1
0
1
2
0
0
2
0
0
0
3
4
10
11
32
32
45
54
38
13
4
19
23
6
15
45
115
214
172
55
45
35
89
141
167
83
97
99
365
408
577
568
983
1248
1041
526
78
259
234
121
174
224
279
237
273
369
387
321
233
156
138
115
106
97
60
40
26
18
25
45
43
61
52
40
36
37
30
24
34
33
26
24
6
3
1
1
0
5
0
3
2
4
8
11
12
8
15
26
17
15
15
23
41
50
59
52
73
81
78
52
41
36
33
40
30
15
8
9
4
1
0
0
4
3
19
29
23
8
3
5
4
5
2
0
0
0
0
0
0
0
2
8
11
9
3
0
0
0
1
0
0
0
0
0
0
0
0
0
0
0
0
0
0
0
0
0
0
0
0
0
0
0
0
0
0
0
0
0
0
0
0
0
0
0
0
0
0
0
0
0
0
0
0
0
0
4
1
0
0
0
0
9
80
234
417
503
520
474
367
247
151
74
40
11
5
1
3
3
2
0
0
0
1
0
0
0
0
0
0
0
0
0
0
0
0
0
6
4
3
20
87
179
378
510
591
580
516
375
234
160
206
276
297
234
186
230
251
211
166
187
175
169
144
468
383
81
74
73
56
44
50
86
151
422
787
1059
1088
1115
1223
940
591
566
665
690
678
697
639
444
315
263
210
185
160
141
118
89
65
121
202
192
236
226
276
396
327
237
200
214
192
170
118
69
37
18
29
33
38
42
58
71
65
33
18
5
0
0
0
0
0
0
0
0
0
0
0
0
7
29
58
112
159
227
336
430
523
599
701
758
654
585
494
438
354
232
153
114
86
59
89
138
249
302
403
516
650
785
859
906
1115
1492
1973
2318
2534
2703
2868
3137
3466
3856
4225
4575
4812
4943
5053
5075
5209
5253
5272
5356
5352
5350
5401
5555
5507
4907
3981
3206
2995
2798
2699
2766
2785
2644
2567
2331
2042
1804
1682
1538
1751
1887
1818
1909
2017
1916
1807
1535
1432
1247
1180
1006
939
913
996
1218
1540
1835
2072
2231
2594
2929
3289
3539
3719
3746
3662
3599
3549
3766
3990
4196
4240
4154
3957
3614
3211
2867
2589
2517
2671
2811
2763
2380
1667
1097
1196
1219
1022
991
1090
1208
1322
1329
1233
1151
1049
949
879
626
260
531
832
851
489
164
121
137
130
121
102
70
16
15
29
32
38
65
108
152
177
138
114
90
89
107
71
55
59
40
22
8
20
15
11
0
0
1
1
0
0
0
0
0
0
0
0
0
0
2
1
1
1
7
7
7
2
0
1
1
1
4
1
0
0
0
0
0
0
0
2
0
0
0
0
2
3
9
22
1
0
5
3
4
1
1
1
3
0
4
2
4
1
2
1
2
0
0
0
0
0
0
2
0
0
0
0
0
0
0
0
0
0
0
0
0
0
0
0
0
0
1
1
6
8
12
15
37
24
32
47
58
55
46
60
40
54
46
29
28
23
22
24
23
16
10
7
4
3
6
0
0
1
0
0
0
0
0
0
0
0
0
0
0
0
3
8
8
0
0
0
0
0
0
1
0
0
5
29
2
3
23
279
855
1346
1431
1552
1832
1630
1162
673
597
473
285
280
385
543
660
770
944
1206
1303
1294
1531
1651
1763
1725
1710
1567
1150
717
501
504
451
345
273
306
425
593
652
515
426
387
435
476
642
848
854
734
436
224
183
224
303
294
238
275
249
177
110
41
5
1
28
79
85
44
11
8
59
82
91
64
28
27
30
36
29
24
27
25
28
25
16
16
12
7
13
40
77
97
116
86
83
65
59
62
71
80
53
37
20
13
11
9
8
11
8
4
3
0
0
0
0
0
2
1
0
0
0
0
0
0
0
0
0
1
11
21
27
31
51
30
40
16
4
2
0
0
0
0
0
2
4
8
5
7
9
7
11
6
6
25
2
7
13
16
12
1
0
0
1
2
3
3
11
9
20
93
289
480
664
717
889
1029
1212
1442
1538
1510
1389
1446
1463
1406
1505
1596
1730
1895
2051
2279
2278
2314
2253
2383
2596
2708
2853
2790
2660
2469
2582
2607
2736
2407
2157
2290
2449
2641
2855
3028
2816
2622
2364
2360
2393
2642
2854
3131
3262
3039
3261
3131
2916
2627
2319
1738
1322
1307
1344
1215
921
625
697
734
960
1039
1262
1555
1803
1870
1969
2209
2180
1840
2509
3531
3451
3694
4245
4180
4068
4127
4165
4029
3919
3562
3513
3039
3085
3047
3208
3409
3348
3118
2933
2909
3130
3274
3014
2421
2433
2413
2505
2060
1454
1216
1381
1075
856
702
468
393
520
740
1174
1496
1546
1224
757
814
1312
1684
1733
1422
1093
1034
623
485
729
683
546
359
322
436
513
603
751
866
780
631
480
401
369
400
373
300
246
154
71
71
46
11
10
3
6
10
20
27
60
87
120
158
180
199
216
254
254
247
247
261
259
211
203
167
140
129
119
112
97
95
117
100
126
150
177
189
222
280
347
384
430
492
601
593
681
699
744
847
901
985
1061
1047
1012
971
835
665
521
349
203
63
26
22
19
19
71
117
131
150
184
339
726
2410
1925
2326
2614
2850
3184
3545
3682
3426
3190
3025
2720
2402
1927
1257
562
364
473
515
540
448
264
168
124
95
123
160
151
101
65
32
86
341
581
933
849
822
1078
1404
1684
1900
2035
2153
1949
1715
1578
1433
1283
1202
1325
1303
885
581
632
795
858
730
589
359
182
279
447
622
689
535
330
150
89
51
113
135
149
137
103
74
46
57
74
113
230
402
527
462
250
123
59
110
433
921
1018
876
429
143
214
218
148
220
406
614
962
1351
1633
1564
819
622
540
655
1214
1517
1583
1577
1396
1042
702
617
761
864
934
947
886
770
667
664
952
1085
1013
649
471
498
622
604
608
543
484
388
308
397
520
666
714
585
521
488
304
158
297
409
386
262
197
237
218
195
276
487
546
486
446
563
670
729
712
695
631
612
649
709
694
715
573
444
410
285
175
262
278
275
417
392
272
213
288
267
178
554
1109
1556
1765
1789
1607
1117
696
468
393
352
313
418
482
362
196
295
648
686
454
284
480
654
776
712
504
333
412
561
657
625
574
716
811
734
974
1570
1698
1454
1022
842
941
1099
1136
1084
981
758
468
296
217
193
198
192
131
83
55
44
64
80
42
70
174
126
30
22
48
87
108
104
135
157
135
67
74
100
142
122
69
77
115
173
170
145
108
123
120
81
58
37
41
48
76
67
51
27
17
21
28
68
89
73
51
34
23
25
23
37
75
122
121
103
79
50
42
63
111
174
213
225
180
125
144
202
319
413
510
577
710
783
804
788
832
937
946
763
634
513
479
633
696
755
822
1115
1587
1820
2066
2265
2445
2574
2508
2147
1535
1021
880
1066
934
626
184
48
21
80
217
222
344
944
1750
2309
2607
2579
2307
1875
1478
1242
1121
1051
1033
1073
1056
969
849
650
325
317
481
409
402
555
521
322
371
519
564
576
490
601
466
323
238
274
352
615
772
731
549
401
477
626
608
656
674
558
391
232
105
72
55
41
40
58
47
23
10
10
6
10
14
15
12
10
10
5
5
0
0
3
1
4
5
8
11
7
10
6
3
1
0
0
0
3
6
49
248
531
802
965
1003
1258
1387
1750
2010
2026
1933
2191
2126
1910
1465
1084
757
616
659
807
965
1079
1068
1104
1152
1154
1233
1367
1479
1680
1886
1775
1513
1736
1733
1399
1120
843
666
528
437
361
260
215
163
110
80
33
26
24
35
54
108
207
247
210
161
120
95
97
86
95
143
181
155
347
127
214
251
304
419
499
577
653
726
704
618
499
362
302
270
209
136
45
30
12
19
240
780
1423
2098
2624
3058
3345
3556
3812
3949
4094
4096
3907
3526
3595
3747
3798
3497
3071
2574
2041
1272
490
188
448
1015
1577
2015
2366
2744
3112
3336
3457
3656
3779
3926
4129
4155
3857
3608
3357
3322
3261
3224
3215
2907
2555
2171
2046
1971
1758
1927
2460
2563
2067
1285
1260
1688
1787
1762
1926
2246
2688
2467
2019
3837
1317
1103
870
588
405
580
786
1031
1527
2158
2615
2665
1835
1103
1171
1532
1885
1808
1567
1328
1199
1580
2155
2191
1788
1474
1170
1023
909
678
492
382
402
434
520
788
785
744
609
353
184
162
197
257
231
229
199
156
167
151
161
143
56
40
18
31
47
61
36
20
10
2
3
8
9
12
1
2
1
1
1
2
5
22
90
100
33
10
3
0
1
4
9
9
19
20
14
27
29
41
61
87
65
37
39
22
30
26
72
211
274
467
557
681
643
781
894
998
1099
1219
1752
2226
2379
2576
3317
3787
3359
3134
3026
3049
2781
2540
1696
1744
1498
1207
815
1082
1223
858
897
877
681
678
924
1025
1041
1036
962
1011
859
582
373
368
272
250
320
327
322
287
266
238
226
199
180
174
193
230
251
254
248
274
237
230
211
204
207
288
391
485
631
811
1119
1334
1497
1551
1625
1529
1482
1388
1283
1139
1001
885
763
635
648
807
1060
1401
1325
1186
952
736
942
1278
1399
1478
1403
1182
817
686
633
645
665
970
1312
1810
2035
1943
1853
1980
2173
2616
2839
2624
2106
2131
2489
2894
2437
2295
2302
2020
1582
1800
1685
1329
1179
1271
1369
1501
1488
1600
1615
1680
1654
1411
1314
1493
1280
864
373
141
136
169
250
460
482
396
327
327
249
188
120
61
33
43
127
229
247
253
217
195
147
109
62
45
42
33
24
27
30
32
39
10
1
1
0
2
0
4
2
1
13
10
3
2
1
0
3
0
0
0
0
0
0
0
3
2
1
2
0
0
1
0
1
0
0
4
2
10
10
8
4
0
1
0
0
2
19
36
25
16
3
9
43
81
99
137
99
62
28
20
11
9
87
164
187
199
206
291
224
139
95
66
23
30
32
9
28
48
22
43
127
159
198
342
356
253
116
222
281
240
339
394
290
211
256
248
308
294
256
227
278
296
384
455
446
328
332
312
365
351
393
407
274
188
295
303
374
451
396
248
85
135
131
68
98
189
157
89
65
50
64
33
23
27
10
8
7
10
30
5
3
0
1
2
1
1
7
8
4
0
1
6
22
69
181
176
106
85
126
189
259
263
261
224
186
141
140
128
84
68
44
57
52
146
464
812
1062
1244
1319
1456
1412
1324
1129
1204
1250
1111
1571
2215
2659
2760
3105
2833
1868
2121
2783
3435
4065
4472
4687
4555
4314
3625
2952
2471
2224
1779
1251
1134
1234
1324
1175
1111
1071
1144
1383
1721
1988
2284
2536
2980
3220
3266
3017
2707
2397
2049
1759
1555
1262
1088
1018
1084
1121
993
725
582
660
588
599
768
792
799
736
480
425
583
564
726
890
617
438
611
766
680
740
643
515
342
288
379
508
622
658
633
694
661
427
243
173
135
154
139
189
237
185
178
278
469
523
440
333
232
174
122
88
148
215
180
145
125
136
172
187
155
108
110
148
189
163
194
306
524
549
565
587
612
600
629
639
655
671
725
802
770
752
660
508
372
299
229
159
127
125
146
123
87
72
158
236
305
308
261
189
101
130
250
358
353
447
463
345
422
609
638
597
557
560
612
725
754
758
803
791
618
355
302
347
404
479
505
467
362
216
160
147
112
107
92
80
64
50
62
61
52
50
65
151
339
434
458
437
332
217
110
106
200
184
141
156
156
140
112
87
108
152
180
219
267
176
116
73
68
57
56
52
40
43
56
103
161
184
139
100
54
5
3
7
1
0
1
0
0
0
0
0
1
0
1
0
0
0
2
44
66
74
226
671
1045
1367
1274
988
645
400
302
382
466
439
404
420
322
126
19
179
365
704
958
1042
823
705
631
384
262
184
179
227
362
410
453
414
252
138
94
49
23
20
12
27
171
306
405
373
232
170
206
285
235
100
29
79
123
109
106
80
57
22
11
4
20
47
96
168
197
209
160
127
231
383
355
252
209
200
189
137
69
45
26
28
33
15
62
145
275
394
407
316
215
210
313
326
186
196
192
271
299
244
201
182
231
342
421
480
352
186
124
130
196
236
224
231
382
535
650
981
1254
1277
1128
766
445
239
317
418
401
337
282
164
89
84
265
474
508
383
249
147
76
24
18
42
56
109
173
206
234
335
465
607
711
723
545
319
207
124
97
174
292
385
416
428
455
521
585
629
609
573
548
513
534
500
506
478
402
371
319
264
185
158
104
81
53
41
14
10
5
1
0
0
1
3
33
97
126
86
26
18
56
86
87
34
111
428
75
27
42
100
130
134
88
154
215
99
21
37
117
142
118
77
40
83
165
119
56
32
36
87
95
157
328
436
508
544
513
525
533
524
516
519
586
636
618
489
445
501
496
347
234
167
170
178
130
79
41
16
13
7
4
0
1
5
5
9
15
33
34
69
123
169
213
225
207
215
201
140
84
41
37
43
36
18
13
6
3
3
0
0
3
10
20
50
39
52
48
29
10
4
4
2
1
4
0
0
2
0
9
21
6
2
11
2
7
5
1
3
4
4
6
5
0
1
4
4
5
8
6
9
6
2
1
0
0
0
0
0
0
0
0
0
0
0
0
0
0
0
0
0
0
0
0
0
0
0
0
0
0
0
0
0
0
0
0
0
1
3
5
8
34
62
75
69
65
72
80
74
73
140
178
166
179
190
260
283
480
530
514
473
490
489
480
452
412
333
207
145
71
85
173
156
46
23
46
184
288
585
932
1169
1223
1134
1071
940
947
990
1169
1359
1583
1825
1960
2034
2030
1860
1533
1262
1417
2146
2683
3108
3590
4140
4536
4976
5499
5362
4402
3171
2589
2678
2368
2192
1943
1907
1941
1917
2205
2477
2456
2201
1846
1667
1571
1551
1393
1234
947
729
654
622
481
294
122
11
4
11
52
101
180
291
379
240
127
156
178
182
248
388
522
615
723
908
1125
1299
1618
1900
1926
1743
1469
1306
1049
977
861
768
547
318
182
184
304
552
764
1020
1330
1393
1355
1251
1287
1109
734
398
421
542
711
731
663
642
697
720
866
912
886
796
751
632
557
450
361
383
349
406
620
811
776
594
352
180
76
75
57
41
22
3
12
20
26
63
62
340
697
857
966
1134
1188
1224
1136
1155
1258
1118
963
857
749
596
370
191
80
28
8
18
14
46
86
110
103
128
90
77
49
43
69
83
120
120
107
68
28
25
32
42
63
72
128
218
349
455
520
408
258
113
81
119
191
304
438
440
339
234
91
77
77
96
160
123
92
145
236
201
165
171
175
253
334
330
238
164
195
361
453
381
265
196
151
75
47
120
195
101
211
679
949
763
512
287
198
114
179
322
322
167
66
24
32
23
40
34
20
307
22
39
28
24
22
28
52
79
82
62
35
9
11
21
28
67
75
40
28
15
14
5
0
0
0
0
0
1
0
0
1
1
0
1
1
0
1
13
23
17
6
3
2
2
1
0
0
0
1
18
3
5
10
22
19
29
73
118
160
154
121
90
59
70
72
117
213
351
447
628
636
433
465
670
915
977
914
737
582
441
395
279
203
240
187
96
64
162
156
116
161
142
216
429
666
788
866
800
711
614
618
723
892
811
548
351
207
204
209
103
20
45
130
151
135
150
214
254
297
279
312
318
291
231
161
108
60
34
10
0
0
0
0
5
8
5
4
2
1
0
0
0
0
0
0
0
0
0
0
0
0
0
0
0
0
0
0
0
0
0
0
0
0
0
0
0
0
0
0
0
0
0
0
0
0
0
0
0
0
0
0
0
0
0
0
0
0
0
4
79
351
496
339
108
13
51
43
26
41
38
27
14
10
65
82
58
23
0
0
0
0
0
0
0
0
1
0
0
3
1
0
0
0
0
1
0
0
0
0
0
0
0
0
0
0
0
0
0
0
0
1
3
10
19
31
41
40
70
69
114
141
220
261
340
395
460
553
611
715
754
872
897
953
968
944
910
935
912
968
1072
1364
1618
1843
2182
2462
2777
2922
2914
2723
2530
2401
2258
1975
1785
1532
1297
1113
946
736
490
307
201
211
191
151
127
139
214
316
335
397
472
585
705
813
1009
1087
1076
1063
950
812
758
710
730
925
1179
1383
1553
1737
1986
2260
2602
2872
2974
2966
2881
2742
2528
2289
2046
1818
1565
1298
992
797
657
477
355
183
64
20
16
14
8
1
7
20
50
102
70
37
19
25
30
63
107
171
165
93
26
2
2
6
7
16
21
58
92
191
289
322
432
440
417
303
204
169
194
148
108
133
207
297
261
441
780
645
264
176
161
170
221
277
241
176
126
73
67
60
58
61
40
18
15
17
18
34
25
49
50
33
40
32
40
18
9
9
5
3
7
30
159
526
857
1141
1259
1129
982
705
610
488
394
341
259
193
216
332
498
719
822
840
828
756
764
685
493
419
358
387
323
211
184
221
338
451
527
585
666
605
577
523
525
587
766
1072
1340
1335
1113
966
920
496
452
451
363
265
157
124
134
157
150
168
147
146
123
112
80
71
56
23
12
5
2
2
8
2
2
11
24
36
53
29
23
24
13
7
4
0
0
0
0
0
0
0
0
0
0
0
0
0
0
0
12
76
122
159
326
573
746
890
730
553
240
142
158
157
116
97
68
53
67
82
75
104
130
192
209
266
379
439
1451
940
1118
1338
1476
1491
1490
1419
1407
1333
1216
1212
1136
1144
1075
1059
1108
1163
1159
1213
1253
1243
1068
824
614
467
296
154
72
51
39
24
16
30
30
32
30
53
82
134
154
226
303
383
453
473
453
492
554
513
515
565
629
772
973
1037
978
845
632
456
555
695
724
742
726
600
476
471
552
672
751
794
920
829
540
607
721
954
1092
1388
1533
1139
916
752
484
262
320
419
342
328
365
297
247
229
180
163
207
226
258
207
150
106
73
92
138
149
124
83
65
45
28
16
5
3
5
0
0
1
1
22
84
19
0
1
1
2
10
21
40
70
195
355
668
1142
1637
1943
2299
2652
2785
2512
2404
2228
1992
1736
1607
1709
1340
876
766
683
525
426
324
338
333
297
256
137
58
99
189
366
865
1037
969
884
1028
1263
1241
1127
830
468
293
179
164
298
450
496
462
331
349
367
541
1288
1905
2989
3958
4088
3794
2775
2331
2458
2663
2730
3010
3229
3514
3799
3960
3814
3277
2896
2740
2547
2324
1804
1311
1141
914
669
513
466
563
748
1193
1691
1925
2146
2360
2592
2901
3270
3688
4094
4616
4914
5306
5392
5203
4938
4567
4008
3340
2501
1834
1933
2501
2527
2016
1389
990
728
858
985
1052
1013
992
884
865
918
838
610
344
189
258
431
446
449
637
869
772
495
278
276
239
230
244
251
168
108
258
694
1237
1740
1960
2493
3276
3690
3914
4165
4421
4681
4540
3524
2581
2711
2681
2575
2402
2493
2388
2072
1772
1329
915
624
578
680
949
1147
1224
1254
1284
1135
960
732
489
294
254
341
414
454
462
425
390
425
548
684
836
865
1008
1192
1236
1462
1578
1657
1721
1808
1757
1650
1552
1367
1253
995
732
450
284
168
93
94
219
288
269
195
124
49
17
2
2
0
1
6
4
7
2
7
5
9
7
5
4
0
0
2
4
0
0
1
2
0
1
1
21
31
42
35
25
22
67
138
151
89
140
245
433
574
667
664
676
770
776
757
667
515
462
472
529
543
557
575
507
435
408
408
366
321
185
177
137
89
43
20
8
5
8
2
12
34
47
35
12
7
20
16
14
21
9
12
6
3
3
0
0
0
1
7
5
0
0
0
0
0
0
0
0
0
1
0
0
0
0
0
9
0
0
0
0
0
0
0
3
7
19
19
28
27
37
57
49
71
46
57
46
51
48
38
80
74
116
136
215
214
176
147
108
310
486
517
490
615
752
641
407
236
293
353
281
184
153
188
715
323
430
468
463
525
648
916
1134
1095
898
704
482
348
437
563
592
541
553
679
879
1020
1464
1752
2099
2388
2808
3266
3731
4250
4793
5334
6138
6971
6930
6302
5545
5093
4689
4656
4443
3902
3457
3158
2860
2590
2145
1365
775
533
569
1004
1583
2176
2853
3410
3472
3071
2786
2746
2561
2391
2334
2077
1641
1665
1976
1654
1515
1603
1158
820
807
764
668
421
294
214
113
72
64
109
193
379
653
918
1096
1178
1178
1158
1123
1056
885
775
651
538
525
543
519
394
343
219
168
102
61
23
16
2
2
0
0
0
0
5
1
2
3
4
8
14
30
38
125
216
211
213
223
153
124
103
68
24
0
0
6
9
47
76
130
183
182
184
185
160
120
113
167
164
161
146
145
136
151
130
124
119
99
101
79
55
16
2
0
0
4
2
1
3
9
14
1
0
0
1
3
0
0
0
1
1
0
0
4
5
21
13
2
3
1
0
0
0
0
0
4
0
0
0
0
1
2
11
21
33
39
46
80
115
155
177
198
233
245
210
178
175
191
190
134
80
66
89
91
105
107
63
46
36
18
20
22
17
17
7
3
0
2
3
4
8
5
3
0
5
8
8
12
22
30
27
41
95
87
71
63
96
154
193
171
145
112
76
27
0
0
8
11
1
18
46
27
11
12
45
75
68
81
90
102
91
64
35
9
5
4
13
28
45
72
79
56
16
1
4
4
2
0
0
0
0
0
0
0
0
0
0
0
0
0
0
0
14
83
98
16
20
27
30
16
8
26
42
40
8
0
0
0
4
3
0
0
0
0
0
0
0
0
0
0
0
0
0
0
0
3
15
21
25
36
27
15
0
0
0
0
0
0
0
0
0
0
0
0
0
0
0
0
0
0
0
0
1
2
1
2
13
69
127
170
219
246
206
121
100
71
69
49
36
41
35
14
14
56
59
45
41
39
28
21
0
6
34
49
28
3
1
0
3
1
0
0
0
0
0
0
0
0
1
0
0
0
0
0
0
0
3
0
0
0
1
2
0
0
0
0
7
21
32
35
30
27
26
25
10
0
0
0
5
2
0
0
0
5
3
9
1
4
0
8
16
20
19
19
5
0
0
0
0
0
0
0
0
0
0
0
0
6
15
15
14
1
0
0
0
2
3
0
10
44
37
23
7
1
4
1
1
17
29
36
19
13
0
0
0
0
0
0
0
0
0
2
0
0
0
0
0
0
0
0
0
0
1
0
0
0
2
0
0
1
0
1
0
0
0
9
17
28
16
9
2
1
0
0
0
0
0
0
0
4
10
19
9
12
12
17
20
22
21
29
25
20
18
13
7
4
5
4
5
8
9
23
26
25
20
5
1
0
13
5
51
108
130
122
96
75
38
20
3
0
0
1
4
2
3
10
10
10
6
7
8
27
63
86
115
123
112
114
91
54
11
5
3
7
3
2
22
23
3
2
0
0
0
0
0
0
0
0
0
0
0
0
0
0
6
29
149
373
702
1401
1831
1662
1184
708
894
1174
1182
1251
1248
988
654
722
1362
2082
2440
2091
1908
1827
1221
935
1133
1231
1049
802
875
920
842
667
633
875
1196
1467
1778
1738
1554
1647
1973
2348
2394
2292
1982
1391
1170
1391
1348
1060
956
1171
1596
1925
1976
2052
2084
2051
1737
1619
1505
1326
1254
1204
1006
774
603
665
776
724
695
756
508
386
345
394
431
485
468
476
448
535
661
592
620
780
879
926
896
955
1143
1304
1308
1227
1125
944
862
778
643
449
377
419
333
206
86
121
273
437
499
462
435
642
1036
1461
2200
3100
4610
6132
7056
7718
8461
8879
8768
7759
7350
8157
8873
8950
9160
9627
9948
10493
11083
11060
9018
8264
9066
8926
8412
6659
5759
5989
6038
5301
4944
5576
6193
6801
7754
8027
7788
7337
6950
6531
5894
5498
5467
5950
6119
5657
5497
5110
4114
3549
3724
3899
4339
4807
5446
5294
5025
4289
3769
3697
3692
3568
2696
2043
1860
1666
1656
1740
1969
2000
1806
1654
1620
1470
1338
1218
1054
865
892
810
915
1113
935
1240
1665
1836
1810
1536
1252
1291
1263
1279
1278
1002
495
304
304
297
210
504
853
974
833
602
555
491
455
561
673
791
920
877
739
883
873
722
590
393
259
184
168
191
278
506
787
854
745
468
442
537
374
160
109
276
446
391
415
489
480
376
400
388
350
340
293
261
197
156
136
135
88
57
34
28
28
15
38
71
84
144
299
398
488
553
456
406
310
190
69
97
78
51
117
129
144
204
345
591
738
861
811
654
391
155
74
109
257
650
897
921
777
671
789
1070
1171
1326
1664
1757
1833
2189
2199
1656
1235
1636
1749
1282
1024
862
666
602
744
741
697
587
379
303
457
686
1036
1191
1188
1110
970
981
1095
1085
799
653
498
313
135
195
256
270
280
263
164
146
144
297
459
576
657
774
830
895
899
868
816
802
685
1127
303
251
247
246
323
406
479
484
446
439
472
455
406
376
423
637
846
1027
1163
1272
1276
1179
1093
1040
1059
1025
1107
1012
692
303
275
330
398
485
593
642
749
753
702
616
479
319
276
257
224
196
118
116
191
328
399
410
330
232
132
140
194
462
710
717
339
146
204
228
314
515
657
699
671
541
396
295
227
198
199
196
174
142
148
150
193
245
250
215
210
261
278
292
250
232
186
140
96
145
175
168
145
158
205
224
287
580
879
1207
1523
1556
1546
1990
2302
2030
1413
988
864
771
804
896
892
694
499
366
343
399
565
856
1276
1750
1600
1004
632
457
167
149
214
260
220
220
163
153
165
130
74
54
34
27
38
69
91
113
133
139
195
192
203
248
289
273
346
856
1576
2200
2475
2282
1835
1521
1337
1614
1975
2419
2677
2889
3045
2654
1450
1138
1510
1262
805
407
249
245
174
90
112
117
74
37
94
117
92
51
20
9
6
7
17
18
12
0
0
0
2
4
1
0
0
0
0
0
0
0
0
0
0
1
2
2
6
5
4
2
0
1
0
0
0
1
0
0
0
0
0
0
0
0
0
0
0
0
0
0
0
0
0
0
0
0
0
0
0
0
0
0
0
0
0
0
0
0
0
0
0
0
0
0
0
0
0
0
0
0
0
0
0
0
0
0
0
0
0
0
0
0
0
0
0
0
0
0
0
0
0
0
0
0
0
0
0
0
0
0
0
0
0
0
0
0
0
0
0
0
2
14
21
24
18
7
1
0
0
0
11
42
160
310
375
541
691
839
1060
1276
1525
1702
1857
2049
2179
2312
2447
2610
2754
2846
2893
2997
3052
2982
2953
2863
2774
2603
2429
2216
2099
2075
1921
1810
1642
1521
1403
1298
1079
885
745
803
1063
1479
1853
2188
2502
2736
2909
3064
3149
3228
3227
3139
3089
3088
3092
3106
3235
3278
3333
3333
3352
3553
3675
3713
3852
3996
4017
3977
4035
3996
3719
3326
2736
2375
1986
1288
1003
1536
1694
1528
1440
1704
2141
2416
2479
2425
2535
2702
2700
2703
3083
3626
3607
2810
1649
1922
1821
1414
1475
1779
1506
950
397
283
229
171
197
144
166
132
122
166
181
139
65
57
36
41
17
11
1
0
0
0
0
0
0
0
3
3
6
7
2
3
0
0
0
0
1
2
1
1
3
1
2
4
2
1
3
5
7
12
21
19
16
20
37
27
71
50
37
36
45
76
143
181
208
196
199
187
146
82
52
27
10
7
1
80
19
84
78
60
126
209
316
385
418
407
342
336
695
978
1079
1149
1365
1438
1485
1244
1036
1276
1407
1196
924
1013
1264
1627
2248
2697
3111
3234
3087
2723
2028
1062
816
919
1095
1133
992
890
821
635
458
349
333
454
587
706
647
580
512
466
535
536
596
625
704
807
764
707
629
536
433
356
349
260
173
137
107
154
153
209
163
130
144
172
214
261
323
396
419
430
454
437
360
302
226
214
154
84
38
25
13
8
13
17
20
30
66
62
72
104
132
129
113
118
179
181
172
175
165
142
109
93
81
50
43
18
6
1
4
4
14
18
36
167
253
195
221
360
467
520
447
382
346
281
348
306
331
294
240
166
99
36
10
5
6
2
6
0
3
2
0
0
0
0
0
1
0
10
2
0
10
20
11
0
22
70
69
51
33
298
30
30
18
12
36
24
19
4
11
23
16
21
13
12
15
13
13
19
13
10
12
6
0
0
8
9
18
14
13
20
13
29
39
57
54
74
53
35
14
23
17
20
17
14
7
1
1
2
0
0
0
0
0
0
0
0
0
0
0
0
0
0
0
0
3
0
0
0
0
0
0
0
0
0
0
0
0
0
0
0
2
0
0
0
0
0
0
0
0
0
0
0
0
0
0
0
0
0
0
0
0
3
9
7
0
0
0
0
0
0
0
0
0
0
0
0
0
0
0
0
0
0
0
0
0
0
0
0
0
0
0
0
0
0
0
0
0
0
0
0
0
0
0
0
0
0
0
0
0
0
0
0
0
0
0
0
0
0
0
0
0
0
0
0
0
0
0
0
0
0
0
0
0
0
0
9
161
687
1784
2685
3241
4187
5103
5787
6396
6713
7119
6631
6384
5989
5679
4910
4202
3126
2089
2484
2779
2728
2596
2754
3499
4130
4346
4288
4377
4480
4547
4826
5265
5779
5869
5579
4794
4062
4809
4899
4756
4245
4166
3755
2974
2050
2534
3170
2704
2518
2299
1978
1458
1200
997
975
796
749
462
430
463
535
526
520
457
418
409
423
415
388
481
632
731
815
972
1124
1209
1295
1386
1408
1342
1330
1528
1405
1263
942
792
653
618
584
560
601
701
931
1142
1342
1269
978
400
180
177
234
367
574
776
1023
1166
1218
1338
1505
1704
1857
1940
1902
1678
1580
1631
1694
1551
1322
1218
1429
1756
1786
1643
1290
956
825
744
696
656
682
722
667
664
620
536
436
300
190
130
88
111
167
232
253
262
282
295
719
251
299
332
338
241
176
145
142
174
212
188
122
54
35
42
45
48
56
91
128
190
219
204
242
253
187
97
25
16
25
38
310
839
1801
2232
1479
496
912
761
778
638
504
934
1010
627
313
266
259
232
235
236
226
233
220
277
319
314
223
337
596
564
428
263
270
248
220
161
68
46
65
41
27
23
9
0
8
7
13
20
35
23
12
6
10
8
13
11
14
6
3
2
2
2
2
3
2
4
3
1
2
1
2
6
10
7
4
2
2
0
0
5
3
3
4
1
1
1
0
0
0
0
0
0
0
0
0
0
0
0
0
153
927
2052
2641
2790
2638
2315
1271
984
764
363
331
276
280
438
539
568
577
546
555
586
632
469
209
175
379
470
400
266
176
125
59
50
41
38
31
52
119
331
709
1426
2264
2563
2467
1947
1302
742
490
613
697
700
504
196
93
57
75
67
68
66
67
58
27
16
46
60
75
61
51
52
85
113
182
235
365
463
405
245
195
207
242
250
240
257
272
250
242
254
271
299
317
309
357
385
434
443
410
396
348
235
127
51
31
48
84
233
383
458
479
471
429
385
363
314
307
296
267
221
192
116
78
30
8
1
1
0
0
0
0
0
0
1
0
0
0
0
0
0
0
1
4
11
21
24
25
27
37
44
44
38
39
37
35
42
59
84
125
110
79
49
32
13
4
0
2
2
1
1
1
3
5
11
16
3
2
0
1
0
1
0
0
0
0
0
2
1
1
0
1
2
5
1
0
0
0
0
0
0
0
1
2
2
2
2
2
4
8
29
444
1182
2571
2955
1859
2097
2603
1441
1382
1615
1132
882
1282
1216
855
509
312
247
173
96
90
169
203
208
176
154
107
76
32
4
10
16
17
12
4
24
61
103
175
226
245
255
211
162
103
70
50
37
20
7
0
1
1
2
2
2
0
1
7
22
33
32
29
19
17
17
29
65
68
60
46
56
82
74
83
114
222
612
1222
1482
1271
1630
2122
1639
811
1195
1672
1568
1361
1323
1520
1770
2116
2414
2564
2583
2298
2146
2257
2344
2407
2668
3037
3378
3675
3565
3465
3242
3022
2828
2683
2541
2262
2140
1884
1625
1420
1309
1215
1308
1626
2141
2736
3527
4221
4771
4895
4944
5034
5036
4600
3498
1947
1382
1672
1836
1914
1981
2245
2718
3178
3620
4104
4157
3875
3736
3468
3116
2846
2878
3080
3311
3359
3178
2983
2521
1893
1427
1490
1681
1815
2218
4001
2080
1768
1653
1730
2137
2913
3963
4930
5703
6228
6490
6445
6243
5730
5009
4282
3765
3548
3783
4179
4077
2994
2330
1992
1891
1734
1617
1627
1348
870
530
453
341
268
380
542
740
934
1201
1331
1350
1504
1442
1339
1176
1229
1218
1216
1125
1032
1008
1029
1091
1167
1186
1469
1817
2069
2146
2268
2418
2614
2648
2424
2056
1923
1997
2236
2329
2520
2680
2844
3081
3327
3263
3016
2914
2993
3301
3563
3563
3135
2524
2152
1881
1687
1461
1023
485
272
227
213
285
345
411
717
1043
1325
1694
1644
1366
1263
1205
1258
1296
1336
1337
1424
1633
1876
2019
2315
2695
3260
3781
4058
4682
5368
5753
6016
6023
5755
5293
4681
3870
3245
3164
3185
2898
2742
2372
2186
1951
1670
1750
1781
1795
1986
2346
2509
2476
2663
3042
3301
3524
3633
3539
3053
3140
3307
2998
2648
2375
2031
1796
1733
1817
1947
1868
1876
1918
2158
2397
2514
2493
2576
2588
2563
2559
2611
2401
2266
2198
2097
1770
1250
858
787
780
855
978
1229
1413
1772
2208
2199
2316
2813
3297
3479
3469
3224
2976
2753
2379
1870
1496
1435
1466
1422
1839
2334
2078
1662
1884
1735
1777
1792
1856
1809
1802
1674
1662
1724
1732
1677
1582
1404
1235
1165
1292
1155
1092
826
589
431
626
653
731
682
430
179
136
116
74
49
91
104
111
157
122
67
30
11
31
34
6
3
2
0
3
20
78
182
497
1067
1242
1154
1622
1694
1588
1527
1646
1627
1758
1834
1818
1936
2166
2260
2157
1694
1295
1231
1059
1124
1163
1370
1513
1553
1623
1871
2179
2387
2439
2516
2449
2378
2264
2121
1960
1867
1779
1657
1176
551
202
97
37
50
120
300
374
388
431
415
472
514
558
625
689
731
908
1309
1699
2149
2449
2209
1699
1274
1131
1325
1713
1903
1729
1592
1652
1399
987
910
1045
944
744
520
471
599
894
1179
1557
1931
2564
3455
4069
5454
6146
6893
7590
8076
7607
6705
5094
5348
5290
4962
4504
3733
3697
4210
4873
4925
4432
4060
3840
3658
3400
3647
3915
3865
3551
3551
4028
4414
4212
3823
3144
2674
2318
1812
1361
1134
835
716
845
820
795
796
590
283
377
731
1150
1497
1801
2131
2353
2793
3296
3779
4212
4356
4408
4045
3451
2716
2446
2551
2508
2202
1689
1408
1118
763
602
791
944
1118
1122
1041
849
607
369
217
62
16
13
35
87
214
394
547
658
654
647
738
798
834
668
559
419
321
194
60
9
20
25
93
161
155
94
42
47
31
16
10
12
25
18
8
11
27
49
77
101
66
41
27
34
39
16
3
2
4
0
1
2
0
0
1
4
19
24
23
2
0
1
1
0
0
1
1
2
2
7
4
1
0
13
7
9
185
29
12
4
1
0
0
2
1
0
1
1
2
1
0
0
0
1
3
5
18
27
36
32
16
1
0
0
0
0
1
22
51
83
95
72
92
95
19
14
23
20
12
1
2
0
1
0
3
11
18
11
5
0
0
0
0
0
1
0
0
0
0
2
1
0
0
1
0
0
0
3
5
1
0
0
0
0
1
0
1
0
0
0
0
0
0
0
0
0
0
0
0
0
0
0
0
0
0
0
0
0
0
0
0
0
0
0
0
0
0
0
0
0
0
0
0
0
0
0
0
0
0
0
0
0
0
0
0
0
0
0
0
0
0
2
0
0
0
0
0
0
0
0
0
0
0
0
0
0
0
0
0
1
0
0
1
1
1
1
6
3
10
10
17
27
40
36
16
5
6
3
0
4
2
0
0
2
0
1
1
0
0
0
0
0
1
0
1
0
0
0
2
0
2
1
5
5
8
4
4
12
12
2
3
0
1
0
1
1
4
5
10
8
15
29
57
108
203
240
293
339
276
202
135
176
289
381
541
595
510
522
591
781
1054
1170
1163
1084
953
831
820
829
908
816
552
333
313
477
736
937
1144
1442
1657
1738
1890
2044
2174
2276
2535
2944
3905
4624
4498
4816
5280
4844
4222
3337
2652
1761
943
1229
2403
3202
3647
3805
3901
3775
3712
3827
4001
3075
1274
1742
2539
2670
2071
1468
1458
1889
2292
2616
2908
2828
2586
2168
1136
963
1062
904
442
249
523
607
452
374
274
194
117
97
157
308
685
1297
1802
2026
2111
2650
3024
3268
2873
1842
907
571
810
1047
1092
1031
707
269
99
344
1301
2623
3269
3361
2624
1423
798
1233
1148
713
470
528
552
591
527
513
493
702
867
978
878
631
516
581
559
511
473
299
186
77
68
123
234
402
564
655
715
714
725
758
834
864
836
800
835
869
942
995
1079
1157
1020
844
762
679
560
443
411
540
645
612
396
273
257
809
2720
4764
6844
7952
8229
8386
8210
6901
5013
2776
1332
1417
1582
2379
2481
2493
2969
2783
2028
1215
873
865
1145
1002
779
488
362
402
829
1767
2801
3968
4861
5225
5580
5727
5569
5081
4426
3471
2690
1939
1526
1451
1625
1784
1599
1161
887
781
628
621
630
649
795
807
827
1179
1297
1153
1050
945
873
849
777
687
707
552
289
156
207
306
361
342
278
230
270
304
206
314
602
632
439
365
435
456
384
226
105
62
41
35
34
13
15
41
84
89
41
15
126
352
538
647
1434
571
713
894
347
337
248
136
166
201
546
1187
1994
2821
3689
4491
4829
4583
4252
3632
3236
2886
2984
2845
2618
2923
2968
2707
2823
3083
3622
3669
3520
2703
2295
2198
1730
1386
1637
1843
1551
1242
1222
1302
1536
1683
1886
2098
2060
1755
1230
606
392
594
584
335
206
343
449
327
327
359
195
419
598
475
279
393
365
178
397
675
576
344
73
142
173
52
71
357
427
149
32
31
35
12
15
20
30
21
20
22
3
2
2
25
22
13
16
7
2
0
2
34
64
87
119
174
173
101
42
102
155
148
125
69
46
59
74
88
53
21
1
0
2
16
28
11
1
0
0
0
0
0
0
0
0
0
5
1
4
0
0
0
0
0
0
0
0
0
0
0
0
0
0
0
3
0
0
0
0
0
0
0
0
0
7
10
21
38
52
69
63
57
21
11
13
26
34
33
12
1
6
6
7
5
5
11
7
10
9
7
2
3
3
1
7
7
4
2
0
1
0
2
1
0
4
0
0
1
0
0
0
0
0
0
0
0
0
0
0
1
0
1
1
0
1
0
2
3
5
9
13
11
15
14
13
9
21
61
11
6
18
9
11
9
21
195
742
1147
1480
2051
2634
2732
2709
2725
2825
2690
2351
2103
1974
1660
1359
1006
708
484
514
601
677
787
884
807
813
668
601
580
670
810
976
1112
1179
1143
973
803
813
803
746
587
410
127
180
330
465
649
805
832
835
682
593
672
707
649
585
672
779
670
339
178
95
92
135
165
238
352
453
439
430
449
473
497
491
473
581
768
917
778
511
299
194
167
179
207
289
359
322
265
176
137
143
154
130
111
112
133
160
157
136
116
111
108
111
105
96
61
68
112
182
528
1119
1450
1548
1165
794
348
476
518
339
431
433
227
101
57
87
121
120
112
151
241
247
166
172
208
417
490
554
667
738
788
823
776
744
654
497
229
35
44
75
68
92
92
41
1
4
0
1
35
115
165
174
132
96
51
68
65
39
51
94
206
314
429
581
737
884
1065
1225
1390
1490
1540
1646
1814
1981
2258
2565
2666
2600
2366
2380
2470
2445
2438
2249
1905
1742
1439
1125
910
582
355
566
1069
1523
1782
2167
2565
2870
3140
3141
2836
2496
2101
1813
1321
1009
809
749
756
755
697
886
1218
1513
1142
878
831
658
473
429
387
348
480
567
569
581
646
768
870
948
1024
1036
1052
805
557
565
686
867
900
812
802
976
1137
1428
477
235
323
465
425
378
400
409
457
498
618
618
756
818
831
724
653
507
288
133
173
229
218
152
106
80
58
61
78
270
387
448
439
364
359
304
56
64
116
141
124
94
68
27
18
31
41
57
63
75
99
117
142
150
141
108
72
42
29
12
10
16
24
23
13
1
16
87
203
291
335
305
276
212
177
149
89
70
51
16
0
2
6
11
12
7
18
90
300
566
829
1004
1080
1080
1169
1325
1337
1261
1148
959
715
592
710
1453
2233
2312
1945
1698
1583
1379
1351
1641
2245
2684
2813
2799
2301
1840
1505
1028
671
683
782
838
795
783
659
583
611
572
549
520
482
429
409
370
341
316
292
288
278
258
254
238
197
174
147
130
99
77
76
80
98
123
144
134
98
76
87
173
369
510
635
616
569
577
713
784
741
649
551
477
384
332
278
187
85
53
96
101
80
54
40
17
8
19
15
37
59
71
67
71
99
105
100
85
95
93
78
71
61
56
51
48
45
56
58
56
58
38
39
36
19
22
27
16
21
38
41
62
63
83
86
85
157
202
271
314
304
349
504
983
1676
2290
2612
2835
2968
3217
3543
4008
4383
4882
5244
5594
5870
6065
5978
5698
5773
6105
6546
6364
5947
5845
5410
4643
4268
3703
3282
3075
3055
2963
2613
2048
1543
1341
1131
1315
1748
2011
1974
2015
2346
2772
3022
3061
3030
2906
2523
2499
2685
2774
2568
2024
1581
1496
1395
1225
1073
1077
914
906
905
870
807
749
766
832
868
878
762
727
629
664
503
491
485
537
488
365
180
71
87
145
181
221
163
83
60
89
149
152
131
111
133
161
144
124
105
56
62
121
155
291
462
609
917
1142
1189
1177
1435
1539
1702
1576
1261
1000
921
998
1066
1044
1050
1060
860
692
705
799
807
654
521
421
428
423
429
496
532
601
593
583
664
680
630
622
568
505
453
456
416
410
382
382
369
239
161
124
192
342
414
347
264
184
135
68
63
76
68
63
44
35
141
212
116
133
116
90
108
173
275
292
231
157
301
407
276
238
354
376
435
522
499
351
183
133
163
184
294
322
284
241
251
281
278
273
283
250
203
214
172
155
151
181
272
337
336
299
241
186
152
134
156
136
118
92
71
77
79
101
94
52
26
56
81
95
81
83
109
151
138
111
80
73
86
100
149
220
307
369
457
490
440
413
276
238
366
665
963
1124
1007
732
628
563
464
388
284
281
270
273
264
368
511
1352
355
256
194
147
97
83
45
35
32
55
70
73
70
197
581
1008
1562
2044
1909
1646
1353
1181
1191
1198
1393
1526
1603
1515
1430
1346
1185
1023
1019
970
812
881
956
895
757
650
500
430
385
334
285
205
353
691
1051
1250
1301
1151
1046
1052
983
825
536
497
799
1043
942
591
504
476
569
891
1085
869
858
880
828
764
678
496
389
500
548
491
470
593
830
890
817
594
390
219
109
82
90
94
60
38
44
77
137
207
261
398
500
629
719
690
603
530
503
466
452
378
349
304
313
261
260
212
124
91
64
110
143
163
141
182
264
279
264
202
238
154
82
140
209
185
200
188
184
185
138
123
130
123
136
85
37
43
20
1
8
0
20
23
6
6
5
8
14
10
8
6
4
2
0
8
3
9
5
10
9
4
1
0
2
0
1
2
0
0
0
0
0
0
1
0
1
2
11
15
10
6
3
0
0
1
2
5
3
18
20
28
64
56
72
62
69
58
59
50
35
38
52
48
65
84
266
564
938
1321
1510
1237
1088
1021
761
493
392
452
445
607
604
506
342
246
166
171
167
133
86
43
19
20
40
40
62
118
121
114
116
133
185
288
348
350
348
325
262
174
28
27
21
27
14
9
1
8
1
1
3
38
72
263
351
317
257
199
182
178
163
134
116
90
44
40
18
20
21
23
39
110
142
150
164
155
124
91
90
100
145
177
210
241
255
269
300
380
468
548
619
813
893
988
1088
1295
1503
1346
1329
1668
2324
2791
2642
1976
2166
2287
1984
1591
1200
949
933
1260
2108
3164
3528
2866
3488
4052
4102
3536
3173
3039
3123
3366
3626
4368
5006
4950
4703
4125
3549
3140
2666
2014
1357
1079
978
878
921
996
1110
1315
1796
2424
2689
2829
2753
2857
2822
2690
2498
2769
2951
3058
3208
3299
3429
3634
3666
3232
2801
2550
2302
2053
1974
1869
1898
1855
1796
1990
2352
3052
3400
3347
2723
1636
1542
1605
1270
1488
1602
1435
1329
1374
1501
1649
1668
1677
1472
1071
779
679
665
681
747
650
528
528
666
622
607
657
774
840
668
568
593
575
586
605
645
614
584
511
472
368
257
186
189
253
336
412
435
409
371
289
256
219
252
255
236
158
125
161
197
203
254
276
299
320
259
238
256
244
253
257
286
329
376
410
392
411
362
307
235
164
219
363
446
447
418
365
291
232
132
75
130
117
110
84
63
51
51
47
30
12
17
27
16
4
13
26
21
16
10
21
2
2
2
1
0
0
0
0
1
0
2
1
5
16
10
12
6
4
1
4
32
88
165
195
144
111
277
276
322
246
175
87
167
286
283
206
71
173
214
207
160
74
6
5
3
4
12
13
6
8
10
10
13
11
14
19
21
21
31
25
27
23
19
9
5
0
7
4
0
6
4
1
1
3
9
14
10
28
27
15
48
57
58
48
32
49
117
125
146
159
127
91
79
70
63
41
10
4
2
8
13
41
97
175
244
290
273
217
112
71
81
52
52
53
42
40
47
105
342
670
966
1186
1245
1683
2446
3007
3426
3448
3161
2671
1825
1343
1224
935
706
817
897
781
593
521
493
762
837
749
733
837
1150
1272
1132
961
635
475
504
558
748
1160
1562
1723
1767
1794
1858
1943
1713
1280
1297
1953
2109
1907
1649
1240
1088
1086
1465
1859
2292
2285
1883
1413
1142
984
921
677
514
583
606
663
647
525
541
1009
1375
1633
1728
1635
1453
1301
1113
982
1021
1006
878
957
993
953
743
434
269
249
332
438
382
408
489
660
630
472
893
1795
2135
1657
767
537
944
1113
948
812
612
595
752
714
525
469
431
253
144
106
84
46
46
58
99
186
471
771
840
1134
1353
1475
1525
1612
1649
1773
1827
1794
1766
1748
1685
1725
1626
1545
1418
1583
1716
1329
446
886
1377
828
624
1050
1111
898
676
631
604
385
206
148
185
167
175
161
146
100
44
72
115
84
65
88
116
335
525
591
527
538
647
625
512
434
468
538
386
310
279
263
247
250
280
338
394
408
286
405
452
430
325
301
325
332
326
317
302
265
248
270
280
265
185
109
55
48
43
49
50
29
29
9
3
7
10
11
7
6
12
16
87
256
340
356
272
92
47
83
99
72
31
21
50
51
40
22
73
136
196
229
254
255
256
255
263
250
242
252
265
406
618
778
818
871
941
980
963
936
911
880
821
779
665
612
557
486
352
193
121
95
90
107
137
100
104
115
164
216
249
278
353
505
738
1010
1357
1851
2349
2787
3116
3436
3717
4029
4114
3914
3396
3225
2858
2325
1807
1339
881
536
332
255
250
397
481
509
523
504
497
681
880
920
832
768
678
645
680
792
893
794
659
770
1156
1543
1462
1356
1076
806
721
641
593
566
538
528
601
681
859
1024
1312
1414
1642
1706
1678
1562
1561
1506
1402
1235
1025
887
761
737
886
1121
1369
1498
1554
1564
1627
1601
1650
1617
1682
1807
1917
1941
1901
1955
2030
2064
1993
3529
1835
1620
1403
1219
922
720
504
402
370
270
217
170
125
148
227
256
198
174
162
121
77
64
171
307
270
304
371
328
326
458
505
402
217
302
376
412
435
489
643
962
1131
1263
1564
1559
1489
1445
1445
1434
1388
1270
1324
1440
1566
1623
1502
1398
1196
1017
945
978
915
867
818
760
657
542
434
332
266
209
137
66
38
31
9
0
0
0
0
2
8
20
29
42
60
92
81
80
111
116
107
155
321
523
585
547
411
232
123
235
182
143
100
49
17
36
26
41
39
13
17
10
10
16
12
21
12
7
2
0
0
0
0
0
0
0
1
0
0
0
0
0
0
1
5
12
6
5
2
0
1
0
0
0
0
2
1
1
1
0
2
2
0
0
0
6
14
30
33
23
15
21
17
10
10
5
2
0
1
3
22
57
114
114
115
111
133
152
168
139
85
34
42
26
16
8
3
47
95
124
171
177
212
228
270
294
281
243
190
133
101
145
149
141
126
97
61
29
24
12
19
19
13
7
21
131
318
503
679
867
1009
1235
1565
1696
1619
1416
1300
898
501
401
528
634
474
367
341
356
349
238
195
139
62
38
24
41
38
59
71
46
34
45
50
59
63
50
26
25
14
18
21
27
272
47
34
29
31
62
82
128
156
125
114
157
209
222
199
158
108
100
53
44
44
37
25
19
16
5
6
11
29
61
53
41
45
57
57
40
21
26
19
16
37
57
68
95
110
83
27
5
10
20
14
8
10
5
8
19
45
62
52
40
83
132
136
134
131
104
103
59
217
428
899
1889
2714
3120
3313
3305
3129
2860
2369
1887
2051
2312
2302
2314
2379
2365
2798
3117
3144
2922
2880
2700
2468
2497
3107
3610
3925
3833
3564
3576
3799
3885
3928
3872
3660
3044
3576
3836
4047
4249
4177
3557
2697
2576
2760
2789
3272
3200
2775
2200
1903
1547
1801
2065
1998
2100
2100
2115
2043
1891
1701
1574
1535
1565
1617
1737
1698
1765
1592
1287
1111
1116
1038
1039
907
617
298
254
163
143
134
115
84
130
181
217
200
183
192
169
189
235
313
338
296
259
288
305
279
177
82
37
45
47
51
42
24
13
10
18
59
92
76
70
58
54
33
25
29
33
71
76
95
88
116
128
145
150
150
125
117
103
99
84
84
92
69
48
55
46
41
22
5
16
65
131
263
216
97
109
163
184
122
47
23
20
6
11
9
15
14
4
2
9
1
7
22
36
157
912
789
703
572
442
307
130
54
78
252
310
220
217
285
427
480
396
210
114
325
483
538
599
545
501
542
600
682
733
799
763
696
608
492
374
293
232
204
188
162
156
104
75
59
45
27
22
20
36
54
90
121
158
157
146
82
43
15
8
11
13
0
5
55
68
31
9
10
55
65
47
61
60
19
57
177
206
175
111
51
43
56
63
98
27
47
86
108
72
46
29
50
44
39
52
38
51
79
103
120
98
66
52
57
92
170
195
238
185
106
79
67
20
29
15
8
10
14
15
13
9
5
5
6
7
9
7
5
2
5
15
5
12
24
9
7
4
10
13
13
17
11
25
34
68
83
81
109
93
69
42
35
17
7
9
6
2
2
0
6
1
4
4
5
19
10
23
30
45
77
89
113
118
111
119
129
130
129
110
111
99
101
92
94
117
167
246
468
647
488
274
509
970
1246
1179
948
506
204
134
121
181
202
225
412
549
567
527
316
180
371
628
714
676
508
444
570
637
756
937
1210
2113
3101
4208
5410
6260
7082
7528
7411
6684
5548
4567
3626
2418
1382
1801
2379
3336
3436
2962
2286
2192
1861
1629
1399
1236
1541
2109
2517
3064
3824
4187
3878
3756
3715
3506
3391
3434
3352
3261
2883
2217
1944
1926
2089
2194
2115
2045
1778
1578
1192
937
862
813
709
623
480
350
211
237
350
529
687
860
878
836
837
809
760
656
587
465
452
507
466
373
352
519
893
1363
1992
2741
3563
3142
3714
3584
2644
2063
1624
1819
2612
2871
2700
2486
2071
1218
600
701
662
443
239
196
282
333
482
562
530
523
543
610
659
688
644
627
587
589
628
598
588
535
497
399
303
295
452
823
1069
1095
1128
1085
1166
1303
1389
1276
1149
825
606
585
508
444
352
357
442
559
549
584
610
694
803
989
1002
905
886
829
706
595
697
781
771
719
657
443
597
1019
1702
2256
2579
2811
2963
3159
3421
4256
5067
5361
5373
5540
5881
5702
5070
4284
3578
3174
2704
2206
1749
1665
1779
2157
2558
2646
2139
1296
423
567
1094
1057
581
510
457
378
408
429
380
259
191
245
292
277
291
297
220
185
124
133
143
181
203
175
162
125
103
96
73
65
83
309
754
1067
1173
1327
1557
1297
788
845
619
702
921
700
373
301
321
321
279
228
222
185
173
166
177
167
155
137
118
99
105
159
406
698
1152
1050
542
525
488
89
339
404
240
200
167
112
110
96
84
89
68
52
32
17
9
2
2
22
1
2
3
0
3
2
2
8
6
3
2
4
10
19
32
46
55
98
190
301
362
336
406
447
1650
3234
2768
1301
3240
2794
1656
2041
1490
1499
1727
1594
1406
1274
961
703
500
413
369
351
328
315
254
210
188
192
172
167
183
209
213
241
255
281
306
337
339
334
341
348
330
333
360
395
484
575
597
531
359
120
48
64
106
132
130
124
95
77
63
72
90
114
129
144
144
124
82
62
31
3
0
3
5
9
7
1
0
3
3
0
28
125
449
928
1111
732
1021
501
207
362
235
47
63
65
63
116
177
190
167
143
131
114
103
136
153
167
189
269
328
341
341
277
232
229
241
231
302
419
362
163
204
473
699
769
676
455
304
428
793
850
851
793
396
97
145
181
185
184
220
238
188
141
71
141
274
132
39
208
263
116
127
110
70
139
127
64
57
89
138
246
244
159
122
82
48
28
18
20
14
7
7
5
1
3
1
0
0
0
1
1
2
16
11
20
15
6
7
9
19
6
2
10
36
37
40
41
30
23
13
20
18
17
28
59
112
133
159
157
184
190
169
211
381
617
679
655
744
1059
1219
1286
1157
1016
1024
904
739
906
1095
1038
724
210
281
381
320
175
75
80
142
210
260
469
553
733
635
662
463
179
155
208
169
154
195
242
240
212
208
185
228
390
573
596
522
423
286
182
120
84
88
72
80
66
63
48
45
37
21
24
9
6
19
36
68
83
77
58
32
29
21
9
5
20
35
34
27
20
7
13
12
12
5
17
27
25
31
26
16
12
12
6
1
1
0
22
15
17
7
0
0
0
0
0
0
0
0
0
0
0
0
0
0
0
0
0
0
1
0
0
0
0
0
0
0
0
0
0
0
0
0
0
0
3
7
5
2
1
0
0
1
4
0
2
8
14
106
245
365
397
320
254
213
169
65
12
19
19
18
47
74
59
50
36
56
36
41
29
21
15
18
46
51
39
24
5
2
2
1
0
0
27
36
15
6
22
86
82
55
51
154
412
657
879
1355
1786
2076
2037
1769
1344
925
678
527
321
207
146
39
69
146
208
264
373
461
574
719
1170
1877
2407
2466
2365
2347
2530
2562
2506
2545
2558
2521
2439
2451
2406
2452
2488
2044
1366
1024
1484
2632
4154
5085
5436
5247
4586
3647
2608
1876
1488
1332
1392
1425
1692
2512
3155
3195
2898
2542
2206
1692
1377
1176
1098
941
1487
1630
1672
1704
1969
2007
1775
1580
1196
850
529
476
489
393
282
257
369
410
426
434
564
646
757
811
786
701
552
582
685
892
1155
1186
1083
859
625
418
458
633
745
733
668
617
496
259
70
175
254
270
279
235
168
100
41
34
35
77
138
178
198
208
191
160
177
152
149
132
139
98
112
136
123
85
61
67
49
52
36
30
27
24
4
6
11
12
12
10
18
48
80
31
7
21
26
39
46
36
25
25
20
11
11
11
6
15
44
102
152
170
160
113
48
13
23
36
46
71
57
47
17
7
8
20
21
11
13
21
27
34
80
121
188
246
289
281
255
225
193
132
75
41
5
2
1
4
0
0
0
0
0
5
7
21
21
25
28
36
29
28
22
21
21
32
28
23
17
11
8
4
0
0
0
0
0
0
0
0
0
0
0
0
1
0
2
1
1
6
3
0
0
0
0
0
4
7
8
21
40
106
253
664
1825
3189
3755
3615
3128
2963
3022
3131
2949
2770
2558
2061
1401
1040
843
727
664
553
493
436
375
247
167
140
164
165
160
143
121
82
51
46
53
48
54
47
42
50
49
48
76
125
199
293
405
538
875
1518
2251
2891
3308
3543
3884
3597
3462
3167
2477
1733
1098
880
836
841
1005
1196
1429
1704
1805
1763
1609
1377
1300
1307
1460
1729
2352
2758
2973
3160
2700
1633
1158
1409
1766
2092
2341
2350
2372
2332
2144
1813
1459
903
641
638
603
827
1014
993
977
797
673
639
589
553
531
455
224
124
204
401
476
475
356
94
53
108
148
145
139
147
140
140
137
89
92
81
85
74
60
28
14
19
20
17
14
15
21
13
21
30
31
26
27
101
247
390
522
563
473
367
223
202
183
166
188
217
216
160
92
34
13
21
13
11
6
18
33
84
111
73
8
46
72
65
57
57
58
75
87
105
144
304
781
1456
2327
2693
2551
2282
1856
1490
1965
2379
1951
1927
1764
1321
1023
954
988
966
777
604
501
415
305
170
25
70
207
790
1852
2783
3452
4189
4931
5573
6198
7144
8021
8720
9335
9703
9981
10026
9708
9333
8455
7869
7240
6996
7250
7217
7598
7946
7792
7435
6901
6488
6286
5844
5273
4570
3379
2225
1756
2274
3044
3240
3260
3146
3042
2779
2596
2364
2029
1521
1042
790
575
473
393
325
218
166
300
605
779
862
737
588
507
370
299
317
356
354
427
749
1357
1973
2855
3503
4083
4508
4823
4913
4693
4330
3975
3761
3484
3204
3027
2833
2678
2447
2233
1914
3188
1506
1374
1215
1162
1052
786
542
336
185
118
58
54
75
147
164
232
297
344
408
539
594
631
662
672
616
585
483
459
550
639
681
735
747
756
1013
1805
2667
3231
3566
3763
3596
3499
3578
3668
3665
3725
3826
3867
3719
3512
3342
3386
3566
3593
3534
3115
2978
2960
2984
3207
3353
3410
3092
3158
3169
3343
3676
4087
4482
4742
5096
5412
5672
5618
5756
5844
5986
6027
6171
6484
6662
6738
6575
6181
5880
5764
5685
5499
5018
4471
3550
2510
1846
1624
1457
1503
1642
1949
2763
3797
4761
5149
5498
5548
5567
5530
5456
5212
5495
5896
6140
6039
6140
6259
6298
6220
5937
5920
6198
5774
5341
5169
4965
4885
4826
4684
4320
3740
3244
2817
3543
3983
4263
4708
4966
5267
5778
5959
6389
6856
7651
8378
8814
9124
9218
9269
9704
9960
9965
10157
10191
10248
10136
9522
8690
8340
7252
6521
6187
6124
5676
5491
5553
6079
6885
7616
8290
8802
9318
9776
10012
9976
9809
9756
9643
9511
9205
8743
8180
7426
6583
6061
5720
5317
5072
4843
4737
4609
4806
5135
5454
5873
6462
6950
7365
7693
7844
7970
8130
8378
8412
8548
8708
8584
8358
8186
8190
8008
7885
7529
7256
6973
6416
5852
5235
4865
4346
3979
3573
3173
2993
2855
2663
2480
2790
3091
3176
2733
2327
2863
2742
2370
1977
1728
1641
1428
1198
1250
1485
1328
960
823
1080
1362
1549
1391
1079
1023
960
882
890
851
660
491
317
215
249
231
269
225
154
105
74
92
133
63
16
6
41
80
100
64
73
64
109
154
201
293
323
401
457
452
335
172
98
124
172
214
191
145
83
42
38
23
20
27
53
50
57
31
102
358
554
554
736
777
974
1041
927
708
650
681
656
611
535
402
423
436
314
295
341
257
157
127
106
91
92
122
158
225
294
300
536
632
480
293
214
436
500
326
241
253
267
241
248
326
352
493
648
731
728
724
743
874
853
660
483
614
612
415
257
264
225
291
478
758
1084
1293
1320
1129
956
798
528
491
569
624
519
426
363
307
190
130
138
189
256
395
505
596
678
823
1013
1190
1355
1330
1317
1238
1069
860
740
618
504
326
350
347
338
330
329
318
325
335
383
400
410
455
384
249
120
71
25
29
46
20
8
0
0
0
0
0
0
0
0
0
0
0
0
2
7
87
449
1413
2759
3726
4123
4060
3463
2826
3194
3535
3559
3182
3207
3417
3621
3559
3775
4074
4466
4624
4506
4619
5128
5885
6345
6616
6603
6355
5871
5100
4420
3931
3224
2521
2477
3073
3378
3177
2444
1507
1652
1748
1562
1653
1653
1596
1549
1518
1524
1223
981
821
562
485
519
578
589
519
554
700
826
1492
744
870
1028
1161
1307
1314
1122
935
724
500
259
181
280
342
511
598
644
614
642
696
544
462
392
342
282
197
241
257
312
377
490
545
480
430
603
1193
1756
2130
2359
2615
2906
3267
3484
3674
3950
4118
4189
4207
4239
4143
3918
3630
3516
3396
3347
3269
3033
2758
2575
2427
2143
1850
1605
1288
938
763
601
481
295
194
243
346
457
552
648
677
682
719
764
818
742
781
831
891
886
1069
1188
1439
1687
1811
1870
1864
1894
1751
1535
1275
1090
968
870
696
667
491
403
374
381
395
356
258
242
257
238
428
560
564
571
742
856
860
845
848
794
733
774
995
1330
1530
1781
2095
2312
2411
2447
2320
2169
1867
1580
1289
993
855
666
544
388
321
252
248
138
75
62
44
82
199
465
828
1247
1565
1938
2247
2516
2798
2963
3107
3224
3514
3583
3719
3719
3593
3173
2748
2307
1931
1562
1207
772
502
379
417
508
556
652
838
836
849
792
832
895
807
557
472
429
357
280
281
447
550
483
415
429
522
684
859
938
950
830
737
654
603
471
377
448
375
326
250
254
231
305
237
229
303
409
639
1102
1536
1814
2111
2424
2682
2708
2677
2663
2561
2588
2804
2821
2840
2951
3042
3172
3610
3983
4145
4086
3934
3571
3114
3018
2806
2541
2416
1899
1595
1836
1748
1649
1599
1712
2071
2319
2488
2750
3069
3431
3503
3094
2389
1946
1545
1499
1678
1645
1296
701
806
884
977
1021
867
880
831
741
761
793
853
699
707
824
955
958
798
793
851
894
974
892
849
804
784
802
798
845
866
1004
1184
1217
1326
1595
1722
1526
1182
978
957
1063
1323
1782
2318
2705
3192
4158
4996
5284
5210
4675
4378
4283
3773
4094
3901
2786
2223
1857
1350
895
1270
1493
1643
1821
2169
2715
2923
2899
2793
2822
3558
3754
3441
2859
1974
1528
1680
1472
1397
1291
1054
734
481
453
696
703
681
720
743
808
764
768
926
1094
1222
1437
1528
1565
1545
1487
1368
1348
1360
1409
1371
1182
1079
1011
1035
1062
1315
1497
1604
1589
1417
1298
1405
1495
1349
1045
987
1029
1255
1351
1390
1432
1716
1884
1943
1776
1425
1338
1263
1151
1419
1556
1571
1481
1436
1302
1037
764
552
462
423
391
424
465
562
611
588
508
526
521
541
465
387
362
333
260
175
130
86
96
87
88
85
65
44
31
23
11
18
33
44
44
62
66
55
20
6
4
2
0
0
0
7
9
28
109
239
361
532
686
840
909
968
935
907
973
1151
1307
1536
1753
2303
3052
3343
3226
2748
1985
1512
1155
1200
2133
2443
1584
1328
998
866
1089
1195
1483
1969
2112
1944
1684
1768
1277
1495
453
792
991
1018
1152
1199
1189
1216
893
253
387
438
297
160
204
259
171
56
189
312
284
150
107
196
319
600
819
1111
1333
1707
2513
3793
4784
5861
6987
8500
10055
11782
12021
11297
10884
11312
10763
8726
7420
7407
7773
8364
8536
8480
8299
7963
7127
6431
6621
7853
8540
9119
9748
10100
10061
10151
9587
7794
6906
6344
5651
5065
4932
5400
5963
6562
7017
7827
8276
8093
7859
6807
5305
4202
3529
2557
2220
2245
2289
2510
2436
2406
2812
3195
3642
3709
3560
3989
4267
4651
4902
5224
5547
5941
6016
5514
4610
3296
1920
1189
1400
2205
3262
3920
4296
4409
5331
6189
7097
7203
6317
5542
5107
5382
5092
5065
6109
6210
4769
3142
3078
2919
2352
2223
2417
2607
2821
2535
1879
2573
3233
3816
3746
3844
4270
3987
3812
4072
4700
5081
4488
4128
4048
3384
3575
3975
3781
3705
4076
4117
3611
3770
3243
3389
5073
6525
6347
3755
2970
3621
3230
3182
3312
3753
4345
4204
3841
3237
2569
1660
922
942
1097
913
787
722
693
619
636
620
655
608
567
628
1100
1780
2870
3678
3963
3156
2817
3051
3504
3533
3281
3176
3655
3879
3639
3181
2988
3353
3547
3511
3165
3177
3241
2999
2805
2502
2389
2182
2061
2154
2316
2033
1391
858
730
782
899
564
232
158
336
478
457
532
960
1825
2495
2835
2461
1532
990
1397
1607
2135
2382
2050
1569
1326
1311
1114
1038
1109
1331
1304
593
404
452
742
747
771
699
413
214
149
152
132
123
186
260
327
332
416
479
630
1000
1342
1551
1858
1754
1315
996
995
991
1072
1125
1009
829
973
1415
1881
2533
2860
3093
3089
2848
2245
1955
1926
1403
932
975
902
623
261
105
113
160
204
326
475
644
773
962
1289
1701
2171
2505
2689
2025
1379
578
377
478
338
334
320
348
226
211
555
748
680
504
368
254
289
665
1126
1246
1113
642
226
270
441
478
581
657
253
508
723
726
475
210
269
390
397
527
623
509
398
340
388
467
542
768
917
948
959
1008
980
912
686
459
357
290
182
137
148
201
298
349
511
641
780
658
536
283
144
52
14
1
6
5
6
1
3
1
5
2
4
0
1
0
0
0
2
0
0
0
0
4
3
0
0
0
1
12
22
32
28
45
28
35
48
40
36
13
17
18
32
27
42
39
84
80
76
80
91
62
54
23
14
13
9
10
7
8
3
8
13
11
40
33
25
4
6
3
0
7
1
0
2
0
0
0
0
1
0
0
3
6
7
6
18
15
15
9
13
6
0
0
1
1
0
1
9
10
4
2
1
0
1
0
0
0
1
0
0
0
0
0
0
1
0
0
0
0
0
0
0
0
0
0
0
0
1
0
0
0
0
0
0
0
0
0
0
0
0
0
0
2
0
0
0
1
0
1
0
1
0
1
12
45
25
5
6
5
1
0
2
17
6
2
1
0
0
0
3
7
3
3
1
4
0
3
0
0
0
0
0
0
0
0
0
0
0
0
0
0
0
0
0
0
0
0
1
2
18
39
86
150
211
258
316
410
426
493
461
443
377
382
327
323
322
341
344
343
373
356
313
272
229
190
115
88
59
62
40
35
25
25
14
21
17
8
2
0
0
0
0
0
0
0
0
0
0
0
0
0
0
0
0
0
0
0
0
0
1
3
4
6
11
20
19
18
19
10
10
8
6
12
5
6
9
9
11
5
4
0
0
0
0
0
0
0
0
1
1
0
2
0
0
0
0
0
0
0
0
0
0
0
0
0
5
4
2
0
0
1
5
8
4
0
0
0
1
1
0
1
3
0
0
0
0
0
0
0
0
0
0
0
0
0
0
0
0
0
0
0
1
0
1
0
1
0
0
0
0
0
0
0
0
0
0
0
0
0
0
0
0
0
0
0
0
0
0
0
0
5
1
0
0
0
0
1
9
27
89
219
405
597
781
1059
1409
1624
1702
1714
1598
1482
1380
1206
1122
1015
887
721
557
401
238
153
109
100
130
226
321
473
514
531
559
649
805
1086
1434
1761
1602
1478
1604
1990
2212
2524
2851
3085
3277
3648
4112
4456
4640
4766
4798
4598
4006
3526
3712
3922
3519
2871
2421
2374
2201
1856
1463
1161
1420
1776
2026
1858
1698
1669
1590
1897
2284
1717
917
926
1465
1793
1841
1871
1841
1812
1564
1128
967
1220
1593
1863
1888
1752
1474
1319
1288
1357
1415
1544
1647
1748
2022
2263
2231
1957
1536
1187
953
901
1020
1325
1750
1992
1924
1664
1692
1850
1697
1529
1411
1466
1567
1646
1715
1695
1453
1109
777
531
483
379
269
216
202
334
499
496
554
498
477
489
597
526
510
477
510
481
419
413
334
229
131
80
205
294
186
39
0
4
30
7
33
64
90
120
229
339
444
547
547
394
326
285
281
364
408
270
144
70
52
39
19
13
4
6
2
0
7
11
14
12
19
42
41
21
33
50
61
43
21
13
4
3
17
46
52
41
51
67
79
51
23
42
71
47
43
72
167
239
297
338
376
325
258
313
270
286
366
434
393
362
254
210
163
212
850
464
538
720
719
623
412
340
369
375
362
494
781
978
1189
1471
1896
1863
1663
1547
1390
1013
600
353
404
500
709
868
1008
1195
1391
1584
1697
1686
1694
1808
1773
1759
1730
1555
1581
1538
1610
1677
1863
1842
1756
1636
1618
1670
1687
1529
1262
1180
1376
1618
1749
2024
2392
2449
2345
2079
1818
1623
1567
1570
1551
1384
1006
815
687
611
566
597
648
628
608
511
418
322
354
475
602
686
829
542
673
1138
1142
1060
1096
1146
1008
726
703
690
707
676
494
395
289
228
182
267
436
614
694
676
604
443
339
266
167
76
24
34
43
26
23
74
177
134
99
46
35
6
2
5
0
3
0
0
0
2
1
2
7
9
18
45
27
71
74
96
121
103
100
61
71
47
25
23
9
4
38
29
1
0
2
3
1
0
2
3
5
5
0
2
17
12
1
1
11
9
0
12
17
39
58
62
39
34
43
57
73
79
85
106
110
103
75
27
22
16
12
10
3
5
12
6
5
2
4
10
8
6
1
1
1
0
5
0
0
0
0
0
0
0
0
0
4
0
0
0
0
0
0
0
0
0
0
0
1
0
1
0
0
3
9
1
0
0
11
3
0
0
0
0
0
0
0
0
0
0
0
3
11
8
3
5
7
11
30
30
9
0
0
1
7
4
6
7
3
10
9
6
7
6
2
0
0
1
7
10
0
0
0
2
5
1
1
3
2
2
8
15
18
31
21
14
12
10
9
2
5
1
1
2
0
0
0
0
2
19
1
4
9
2
0
0
0
3
0
0
1
0
0
0
1
0
0
6
0
0
0
0
3
0
0
0
0
0
1
1
0
0
0
0
7
0
0
0
0
0
0
0
0
0
0
0
0
0
0
0
0
0
0
0
0
0
0
0
0
0
0
0
0
0
0
0
0
0
0
0
0
0
0
0
0
0
0
0
0
0
0
0
0
0
0
0
0
0
17
4
0
3
0
0
0
0
0
0
0
0
0
0
0
0
0
0
0
1
0
7
19
39
63
77
65
61
28
13
1
0
0
0
0
0
2
4
28
59
61
15
11
6
16
15
2
0
1
0
1
8
23
60
77
110
106
120
127
124
108
118
109
109
90
39
9
86
210
229
168
162
223
239
248
261
257
183
132
130
132
137
136
84
70
100
120
159
188
177
148
91
71
31
16
3
4
6
87
11
7
5
1
2
2
3
5
5
13
46
85
171
339
573
803
1114
1479
2022
2382
2930
3327
3855
3834
3136
2395
2291
1770
2103
2614
3151
3471
3654
3848
3851
3677
3507
3369
3283
3088
2914
2828
2701
2511
2238
1816
1581
1453
1504
1701
2305
3078
3829
4596
5224
5667
6013
6293
6547
6744
6589
6606
6488
6286
6046
5682
5381
5145
5080
4964
4800
4655
4483
4255
4031
3851
3688
3734
3470
3011
2268
1648
1437
1506
1636
2133
2834
3734
4711
5581
6312
6531
6353
5690
4930
4640
4184
3691
3258
2711
1752
807
1158
2041
2655
3031
3393
3607
3382
3352
3416
3352
3171
2775
2336
1856
1653
1907
1926
1945
1760
1560
1259
1372
1320
1353
1302
1343
1323
1189
929
566
435
433
831
966
861
892
710
480
389
330
214
99
47
94
167
139
116
143
151
165
148
104
55
81
113
169
235
243
226
172
167
151
137
124
125
100
74
49
41
49
45
64
60
76
87
114
154
214
183
174
157
157
112
70
45
43
39
20
8
5
0
1
34
142
241
284
297
284
220
180
129
81
34
18
21
31
33
20
3
0
0
0
0
0
0
0
1
10
16
23
16
6
1
0
0
0
0
1
0
5
4
5
0
1
0
0
0
0
0
0
0
0
0
0
0
0
0
0
0
0
0
0
0
0
0
0
0
0
0
0
0
0
0
0
0
0
0
0
0
0
0
0
0
0
0
0
0
0
0
0
0
0
0
0
0
0
0
0
0
0
0
0
0
0
0
0
0
0
0
0
0
0
0
0
5
7
0
0
0
0
0
0
0
0
0
0
0
0
2
3
0
0
0
0
0
0
0
0
0
12
19
5
3
5
2
1
0
1
0
0
0
0
0
1
5
12
12
7
3
4
1
4
3
1
0
1
0
0
1
0
0
0
1
0
0
0
1
14
18
23
15
0
1
1
0
0
8
31
19
4
0
0
0
1
1
5
3
3
5
6
1
4
3
0
0
0
0
0
0
0
0
0
0
0
0
0
0
0
1
3
7
5
2
3
1
0
0
0
0
1
0
0
1
0
0
0
0
0
0
0
0
0
0
0
0
16
183
631
1410
1701
1736
1854
1562
1105
1354
1669
1388
717
508
529
453
563
574
543
776
1037
922
1004
921
607
783
1473
1965
1742
828
1310
1465
1045
1058
1514
1762
1630
2234
2828
3171
3318
3157
3077
3014
2806
2718
3375
4371
5171
5790
6156
6098
5992
5694
5728
5822
5583
5189
4957
4529
3783
2795
3233
2279
2856
3374
3489
3474
3543
3595
3683
3624
3537
3244
3070
2876
2509
2171
1843
1503
1280
1032
954
978
1060
1158
1365
1452
1398
1653
1966
2196
2529
2401
1648
974
733
546
652
541
279
137
125
142
154
209
264
274
312
413
528
602
635
611
622
730
737
815
1009
1178
1272
1281
1182
1050
962
886
896
834
796
670
524
453
383
377
386
465
521
531
587
645
799
830
801
854
974
1052
1045
1039
1091
1243
1461
1672
1750
1719
1713
1694
1649
1645
1474
1393
1234
988
788
542
332
217
180
139
106
38
11
12
14
2
6
2
1
3
2
1
2
1
6
11
21
44
64
69
68
61
56
28
15
5
1
1
0
0
0
0
0
0
0
0
2
0
9
24
27
23
8
3
2
0
0
0
0
0
0
0
0
0
0
0
0
0
0
0
0
0
0
0
0
0
0
0
0
0
0
0
0
0
1
1
0
0
0
0
0
0
0
0
0
0
0
0
0
2
6
9
25
72
100
133
168
197
195
188
172
157
232
435
773
1044
1292
1446
1404
1476
1705
1837
1851
1893
1827
1938
2113
2210
2253
2317
2460
2613
2651
2642
2348
2031
1896
1861
1801
1818
1717
1588
1493
1388
1359
1238
1155
1020
925
764
620
444
429
462
602
845
954
876
767
685
719
690
570
513
403
258
186
283
294
187
93
89
81
114
269
407
648
1058
1368
1558
1812
2005
2159
2459
2829
3235
3442
3436
3321
3133
2885
2410
1731
1148
1307
1195
1123
1060
980
816
780
822
1114
1648
2097
2268
2084
1923
2098
2101
2176
2229
2169
2016
1663
1375
1167
1167
985
720
393
191
260
471
581
601
561
585
532
432
245
193
216
251
356
423
458
628
786
1002
1427
1803
2015
1942
1657
1643
1764
1995
2121
2169
2323
2791
3531
4290
4982
5690
6191
6355
6666
7069
6993
6793
6225
5672
5416
4990
4524
3904
3109
2599
2213
1964
1694
1510
1526
1540
1454
1138
1191
1303
1097
931
1044
1069
990
901
781
662
588
482
369
224
123
117
181
223
210
215
176
166
150
123
71
94
132
193
236
260
294
336
401
480
620
795
1007
1119
1230
1347
1435
1569
1690
1741
1720
1791
1774
1617
1282
1102
946
858
721
606
644
862
1312
1853
2322
2525
2827
3172
3518
3821
4048
4217
4230
4273
4123
4109
4006
3861
3597
3488
3285
2996
2624
2265
1795
1309
918
545
336
204
129
432
626
626
518
462
421
397
365
334
294
218
137
38
8
71
149
172
206
202
216
180
156
117
35
61
436
1128
2082
2904
3689
4594
5766
6617
7226
7766
7829
7797
7505
7579
7354
7163
9288
6117
5821
5925
5800
5485
5108
4675
4311
4045
3604
3275
2910
2825
2852
2647
2359
1984
1752
1538
1448
1313
1251
1218
1289
1368
1302
1239
1193
1410
1663
1969
2173
2306
2292
2061
1744
1435
1059
837
780
681
603
460
317
231
181
299
380
434
406
300
261
302
405
397
380
292
211
173
130
82
52
42
29
33
41
29
21
19
22
31
105
283
460
547
543
499
462
420
327
275
256
268
284
289
268
208
148
97
85
58
101
165
184
212
179
144
88
53
31
5
4
0
1
1
25
204
423
646
1013
1527
1954
2336
2560
2914
3247
3283
3091
3014
3046
2936
2546
2397
2699
2879
2717
2414
2279
1908
1626
1352
1348
1611
1914
1970
1442
1033
1313
1843
2237
2336
2069
1445
1063
1016
963
785
778
1282
1642
1887
1832
1527
1077
566
500
465
484
414
391
394
502
536
478
339
219
200
197
179
133
129
124
107
61
35
30
43
39
23
33
40
42
42
40
29
33
28
22
11
10
10
2
4
3
4
8
14
13
10
5
5
7
13
9
8
3
2
0
0
9
4
5
61
231
455
702
803
818
786
660
508
326
152
79
36
11
0
0
1
0
0
0
0
1
0
0
0
0
1
3
14
53
77
62
26
39
42
27
50
52
48
63
111
135
123
89
56
4
8
18
21
25
6
8
23
34
15
3
25
66
183
373
522
621
671
622
559
409
280
194
207
182
126
59
30
31
24
18
20
14
23
19
17
20
17
9
2
0
0
0
0
0
0
0
0
0
0
0
0
0
1
0
0
0
0
0
0
1
2
0
0
0
4
0
0
0
0
4
74
226
225
132
41
28
49
125
165
145
64
4
0
0
0
1
0
0
1
59
128
142
110
79
39
21
25
20
17
21
28
70
84
81
157
225
374
466
468
466
484
394
336
219
109
45
18
4
0
0
0
0
1
4
13
30
66
115
158
160
178
188
143
100
49
16
4
4
0
21
80
190
338
552
787
1110
1373
1572
2039
2241
2249
2069
1935
1838
1662
1669
1687
1634
1816
2060
2438
2648
2840
2846
2986
3162
3219
3176
3014
2883
2562
2402
2345
2145
2123
2149
2344
2710
2919
2983
2935
2940
3190
3143
2778
2009
1653
1542
1255
1072
1111
1295
1160
763
658
978
1127
1178
1125
1073
1009
1153
1155
1222
1116
965
1415
1010
767
1074
1028
738
795
1170
1336
1388
1521
1728
1918
1940
1840
1524
1094
781
597
403
257
231
179
113
76
57
110
302
467
670
725
781
708
649
656
1563
704
690
698
643
525
399
347
275
232
189
152
148
225
312
320
304
386
289
288
294
308
337
355
388
350
302
238
239
226
251
167
98
83
101
57
35
22
24
64
74
86
111
186
223
275
429
581
841
1137
1655
2259
2815
3267
3677
3688
3611
3566
3111
2500
2077
1310
922
1231
1665
1990
2303
2592
2930
3110
3146
3030
2797
3145
3714
3356
2678
3083
2856
2642
2184
1772
1962
1909
2626
3487
3972
3982
4372
4318
4136
3878
3488
3141
2799
2360
2084
1657
1790
1768
1818
1768
1570
1424
1523
1589
1631
1817
2194
2581
2852
3095
3246
3530
3751
4084
4286
4363
4310
4268
4334
4026
3207
2895
2310
1884
1889
1932
1996
2007
2196
2538
2680
2755
2719
3116
3423
3269
3286
3165
2885
3018
2937
3038
3219
3385
3282
2938
2475
2377
2306
2259
2496
2775
3164
3332
3280
3031
2692
2704
2963
3318
3523
3666
3980
4128
3978
3860
3485
3287
3166
3212
3008
2959
2845
2898
2817
2656
2486
2139
2118
2476
2974
3296
3843
3988
3955
3783
3244
2960
2859
3261
3705
3721
3753
3756
3642
3481
3495
3564
3616
3965
4349
4397
4489
4330
3991
3398
3112
2986
2714
2513
2412
2715
3016
3332
3726
4077
4245
4299
4483
5036
5451
5916
6242
6325
6295
6441
6550
6526
7097
7107
6857
6661
6487
6000
5458
5376
5307
5731
5862
5774
5879
6101
6249
6686
7130
7886
8160
8680
8979
8767
8611
8669
8741
8863
8780
8412
8125
7778
7353
7047
6869
6974
7085
7202
6694
6570
6118
5723
5457
5424
5469
5403
5205
5103
4930
4639
4054
3503
3197
2990
2470
2024
1709
1236
837
857
1190
1564
1642
1791
2012
2070
2144
2270
2251
2253
2057
1867
1660
1479
1502
1763
1870
1627
1300
1184
1132
1011
1018
1266
1494
1555
1766
1808
1563
1392
1240
995
730
644
500
343
395
486
553
535
510
271
380
392
354
199
101
121
189
242
190
117
41
21
27
38
40
48
56
54
43
45
59
77
157
272
400
558
669
816
813
773
669
498
425
441
613
908
1264
1363
1390
1507
1859
2433
3085
3743
4410
5140
5901
6782
7794
8526
8957
9398
10146
10746
11115
11163
10918
10320
9557
8654
7157
5318
4108
3823
3864
4453
5262
5080
5486
6226
7635
8363
8035
7476
7857
8295
9032
9461
9800
9937
9980
10264
10701
11474
12206
11610
10680
10679
11327
11393
11084
11476
11842
12137
12492
12782
12983
13392
13699
13364
13164
12617
11391
9575
7500
6224
6003
6116
6001
5980
6301
7095
8387
9479
11073
12529
13952
15261
16798
18072
18052
16456
15212
13128
11492
10652
10891
10177
8978
7910
7454
7266
7559
7937
8352
8805
8766
8170
6779
5259
5316
5837
6062
6469
6942
7393
7482
7182
7628
7841
8055
8526
9287
9693
9959
10007
9974
9814
9761
9922
10070
9989
9465
8996
8548
8231
8152
7851
7716
7271
8325
4485
3834
3412
3667
3926
4525
5243
6014
6598
6496
5689
5814
6375
7079
7726
8635
10324
11586
12212
12741
13499
14052
14163
14107
13681
13092
12432
11906
11652
10962
10277
9576
9343
9369
9176
8541
7455
6405
5471
5320
5137
4785
4716
4804
4935
4882
4847
4690
4456
4136
3865
3614
3117
2514
1866
2149
3317
5193
6227
6676
6973
7118
7808
8082
8160
7645
6844
6222
5391
4400
3497
3216
3084
2914
2460
1776
1289
864
655
609
1088
1509
1911
2528
3515
4679
5931
6776
6812
6404
5684
5284
4922
4915
4890
5324
5734
5713
5652
5528
5105
4982
4883
4734
4413
4022
3728
3113
2250
1110
448
605
1602
2967
4355
5638
6412
6937
7480
8161
9150
10229
10922
11426
11933
12514
12613
12781
12997
13124
13189
12790
12787
12581
12340
11922
11298
10923
10837
10491
10229
9682
8834
7871
6838
5789
4393
3552
3563
4132
4617
5007
5211
5359
5565
5625
5680
5812
5943
5861
5844
5772
5757
5755
5765
5669
5598
5442
5147
4780
4395
4203
4211
4271
4276
4077
4066
3990
3658
3382
3127
2822
2744
2472
2111
1698
1532
1692
1759
2110
2457
2854
3077
3154
3303
3438
3560
3737
3878
3851
3947
4235
4414
4531
4573
4703
4704
4914
5245
5614
5950
6097
6265
6546
6970
7462
7930
8230
8322
8480
8187
8021
7421
6791
6174
6121
5858
5544
4927
4186
2865
2291
2569
2527
2871
3606
4012
4281
4353
4433
4541
4689
4626
4415
4172
3978
4023
4278
4551
4636
4844
5088
5260
5470
5340
4960
4558
4145
3899
3576
3413
3537
3918
4340
4537
5029
5460
5706
5956
5995
6319
6430
6435
6617
6468
6551
6539
6373
6060
5533
4868
3988
3133
3190
3722
4678
5721
6609
7231
7375
8350
8837
9199
9913
10075
10236
9937
9412
8971
8647
8338
8070
7719
6888
6574
6243
6427
6673
7135
7194
6901
6682
6221
5853
5134
4345
3903
3708
3877
4170
4482
4380
4096
4379
4541
4439
4193
3972
3897
4200
4302
4309
4188
4172
4154
4033
3837
3781
3681
3404
3012
2782
2558
2407
2328
2226
2056
2007
2003
2100
2168
2261
2371
2278
2107
2101
2192
2273
2398
2611
2805
2849
2675
2444
2146
1863
1718
1830
1848
1680
1519
1402
1298
1149
876
648
451
330
338
342
393
451
460
421
397
366
387
385
281
125
13
5
1
0
0
0
0
2
1
0
0
0
0
0
0
0
0
0
0
0
0
0
0
0
0
0
0
2
2
1
0
0
0
0
0
0
0
0
0
0
0
0
0
0
0
0
0
0
0
0
0
0
0
0
0
0
0
0
0
0
0
0
0
0
0
0
0
0
0
0
0
0
0
0
0
0
0
0
0
0
0
0
96384
96277
0
0
0
0
0
0
0
0
0
0
0
0
0
0
0
0
0
0
0
0
0
0
0
0
0
