2155
4071
4198
1857
3282
2549
1732
1790
2493
11598
500
528
542
595
663
780
1076
1552
1925
2397
3288
4028
4424
4602
5050
5252
5284
5157
5127
4713
4404
3768
2603
1376
320
672
1276
1821
2161
2443
2572
2673
2007
1495
1983
2115
2249
2314
2251
2149
1928
1650
1323
1046
1236
1417
1750
1908
1499
1188
961
1114
1241
1417
1587
1681
1759
1821
1851
1897
1782
1631
1505
1235
968
1023
1016
856
716
785
792
871
939
941
893
863
960
1227
1395
1443
1430
1359
1194
913
721
469
341
241
316
406
391
328
90
373
723
1003
1184
1323
1494
1567
1850
1918
1896
1626
1249
1126
899
623
396
215
147
165
236
167
36
100
199
150
291
499
463
287
313
303
242
276
246
265
206
142
131
166
204
246
277
264
222
126
295
523
653
612
391
358
480
608
801
1197
1798
2346
2781
3118
3221
3512
3684
3726
3661
3887
4022
3852
3456
2908
2525
2243
1957
1921
1556
1022
890
443
347
462
380
130
173
291
379
390
294
165
277
279
216
104
18
89
100
76
36
21
8
8
48
63
45
17
22
4
0
0
0
0
0
0
0
1
0
25
145
569
892
977
692
691
821
788
855
834
1021
1011
647
439
349
492
432
150
68
46
13
32
64
193
400
591
794
902
1046
1123
1195
1089
913
811
759
645
437
301
208
150
150
100
26
6
23
28
15
20
16
12
20
21
15
6
7
33
70
72
55
33
43
53
107
114
84
57
36
26
28
28
27
16
15
14
18
18
40
29
19
25
21
10
9
6
6
5
5
3
0
0
0
0
0
0
5
25
63
55
51
22
6
4
10
5
0
0
0
5
8
10
18
16
19
9
163
465
495
383
143
125
222
184
59
29
88
142
103
49
22
117
154
128
86
60
71
77
26
19
29
27
29
11
2
2
0
1
2
0
0
4
26
41
20
4
0
0
0
2
2
27
31
2
11
20
10
3
0
0
0
0
0
0
0
0
11
12
13
16
27
14
25
46
32
14
23
27
6
0
0
0
3
3
0
1
2
3
1
3
2
1
0
0
0
0
0
0
0
0
0
1
5
7
7
9
10
5
0
5
8
18
48
10
25
11
6
0
0
3
13
4
3
2
4
0
0
1
1
1
0
6
85
157
211
294
303
253
159
88
69
92
138
179
195
219
231
241
213
171
125
144
209
225
226
237
195
148
72
15
43
106
200
215
203
137
72
28
28
51
62
51
34
50
82
77
106
82
55
48
37
62
75
296
174
144
115
99
125
137
117
106
97
84
68
39
12
0
6
3
0
0
0
1
1
0
0
0
0
0
1
3
1
0
3
5
8
9
5
0
0
0
0
0
0
0
15
27
2
11
16
10
5
12
13
12
12
10
9
0
0
0
2
3
3
0
0
0
0
0
1
1
0
0
1
1
1
0
0
0
19
101
202
325
367
377
351
298
256
184
136
105
88
106
96
113
114
97
91
81
70
66
50
29
21
13
0
0
1
7
15
7
11
4
1
4
1
0
0
0
0
0
0
1
0
0
6
36
35
8
0
0
0
0
0
0
0
0
0
5
10
11
14
13
7
2
5
2
0
1
1
1
0
11
38
38
32
22
13
10
6
3
0
0
0
0
0
2
1
0
0
0
9
20
4
4
10
5
1
0
0
0
0
0
0
0
0
0
0
0
0
3
10
27
22
8
4
4
1
0
0
3
4
7
6
3
4
8
18
43
60
64
49
33
21
25
13
5
1
6
24
91
138
138
115
86
87
65
51
49
48
41
41
31
11
7
18
16
11
4
3
4
0
1
0
31
52
52
30
18
10
6
18
19
0
0
0
0
1
1
0
0
1
0
1
0
2
23
37
54
49
54
50
100
151
176
163
162
130
98
86
86
96
84
97
85
61
48
38
29
16
5
6
0
0
0
0
0
0
0
1
0
0
0
0
0
0
0
0
0
0
0
0
0
0
0
0
0
3
4
6
9
18
46
67
137
192
172
114
60
35
28
28
13
7
57
128
172
190
178
168
145
117
107
91
95
92
75
60
53
48
31
46
44
28
7
2
1
1
2
7
68
125
107
69
47
16
0
7
12
4
5
2
0
0
0
3
13
23
46
66
112
203
283
290
195
172
270
223
199
327
386
360
318
290
211
138
125
129
83
208
458
709
903
995
1114
1154
1247
1228
1214
1312
1664
1890
2155
2148
2391
2386
2169
1857
1720
1559
1261
948
840
893
891
918
936
811
639
653
634
586
559
522
533
483
456
313
301
367
452
503
613
708
816
848
828
841
778
648
577
621
882
1103
1258
1336
1317
1113
723
750
944
1037
1041
916
754
487
194
246
333
456
554
563
554
494
301
114
58
91
148
184
300
388
444
386
256
116
77
122
162
194
137
213
363
459
492
444
360
247
135
216
454
532
1336
897
751
730
837
964
1232
1036
826
780
885
986
882
684
512
315
445
798
1229
1640
2078
2457
2674
2982
3137
2984
2767
2472
2083
1722
1368
1116
816
720
495
245
215
237
358
530
634
695
768
771
806
918
1364
1611
1748
1768
1698
1624
1490
1284
1479
1548
1561
1456
1294
1027
860
1097
1365
1481
1143
760
849
864
393
151
252
318
134
57
166
223
275
336
344
353
421
712
853
525
288
568
623
643
683
531
333
170
91
145
287
348
331
313
230
147
110
138
146
113
53
4
0
0
6
41
56
59
54
61
25
12
0
1
2
10
11
12
7
6
7
5
2
8
9
44
108
84
43
55
35
18
34
34
17
13
48
57
50
53
51
36
27
26
16
19
16
30
42
44
36
27
20
8
6
6
2
3
1
5
8
4
0
4
8
19
30
33
26
29
26
21
5
10
12
28
18
8
6
5
1
0
0
1
1
0
3
14
23
12
4
0
0
10
19
21
17
10
3
0
9
14
31
22
16
12
6
11
32
5
0
2
15
39
28
34
10
17
32
25
40
25
40
69
62
44
13
10
9
8
18
26
29
26
16
10
8
16
20
35
45
69
68
94
63
68
18
77
87
72
129
146
126
98
70
20
22
33
33
11
4
0
0
0
3
0
0
1
3
0
0
0
0
1
4
12
8
3
0
0
0
0
1
0
3
6
1
0
0
0
0
2
21
61
68
48
119
23
23
28
18
7
6
2
0
0
0
0
0
0
0
0
0
0
0
0
0
0
1
10
25
13
24
39
57
54
11
3
13
7
7
4
5
2
8
8
0
3
2
0
0
0
0
0
1
15
19
7
0
0
0
1
0
0
0
0
0
0
0
0
0
0
0
4
5
5
0
0
0
0
1
6
5
18
3
4
2
1
0
1
0
7
10
6
13
6
0
0
0
3
8
9
9
13
13
19
25
21
41
78
89
46
19
13
17
12
23
24
22
17
5
0
0
0
0
0
0
1
0
0
0
0
0
0
0
11
30
18
11
8
3
0
1
0
5
5
27
57
53
12
11
26
15
9
8
17
16
6
11
4
1
7
6
7
5
8
11
15
20
11
5
14
25
24
5
2
6
18
21
33
37
43
16
11
23
51
77
39
14
8
5
17
21
25
24
11
5
4
3
12
4
1
0
2
0
0
12
2
7
8
2
0
0
0
0
0
2
6
9
7
18
8
0
0
1
3
5
28
43
24
29
23
27
14
18
37
38
19
17
15
5
4
9
4
4
2
11
15
21
24
16
24
17
0
3
32
43
36
17
10
12
10
13
13
28
21
26
50
66
39
25
10
1
1
1
0
0
0
0
2
5
5
3
2
3
9
16
28
25
21
8
4
3
6
3
5
18
16
15
10
6
2
0
0
1
0
0
0
8
20
14
9
7
0
0
1
0
0
0
0
5
21
34
75
153
388
575
882
1401
1828
1909
1750
1612
1945
2599
3231
3412
3342
3229
3324
2969
2549
2099
1537
1705
2755
3151
3367
3088
1788
1376
2296
2449
2092
1435
944
1031
1886
2555
3010
2987
2961
3048
2992
2558
2046
1250
1520
2127
2393
1969
1721
1538
1146
1107
1060
1117
1205
1164
918
783
635
592
477
583
746
732
602
620
747
780
561
267
220
538
681
660
600
521
324
210
246
385
463
476
450
377
304
225
197
330
686
982
1202
1403
1480
1527
1565
1586
1541
1507
1488
1674
1707
1915
2103
2084
1797
1529
1108
1087
869
593
456
416
304
141
98
150
97
83
98
123
109
107
83
98
192
390
477
499
434
334
176
50
106
160
159
156
165
219
362
393
350
297
166
42
3
27
36
11
24
25
97
154
176
137
128
97
96
61
20
31
80
81
51
22
5
0
1
8
11
12
10
2
0
0
0
0
3
1
6
14
7
1
0
0
0
0
6
11
20
35
48
45
161
249
182
34
0
62
60
55
130
100
12
7
24
23
94
151
56
10
13
67
2
24
80
44
38
44
47
1
29
71
38
22
55
93
24
0
12
29
24
16
1
0
0
10
31
7
10
14
13
4
5
3
3
4
1
2
2
2
0
1
4
16
27
31
90
176
143
97
41
28
22
29
40
9
4
14
14
5
0
0
0
2
5
4
3
1
26
32
8
8
14
9
7
5
0
0
0
0
0
0
0
0
0
0
0
0
0
0
0
13
29
10
11
14
9
4
0
0
3
4
17
13
0
1
0
0
0
0
0
0
0
0
0
2
5
3
1
4
10
12
15
17
43
56
35
37
34
27
26
28
26
24
20
14
14
15
13
9
11
20
11
5
2
1
13
7
10
7
21
14
18
19
16
16
23
35
41
44
31
26
24
11
3
1
0
5
8
2
0
0
1
16
4
0
0
2
0
0
0
0
0
6
23
7
7
17
7
0
1
0
1
0
2
0
3
4
3
1
1
0
0
0
0
0
0
0
0
0
0
0
0
0
0
0
0
0
0
0
1
1
7
9
1
2
1
0
1
0
0
0
0
0
0
0
0
0
10
37
52
50
13
16
19
48
166
230
174
67
16
4
4
23
18
13
4
6
16
21
28
16
13
6
1
1
0
0
0
0
4
3
63
109
106
32
3
2
5
10
33
8
2
11
16
15
7
4
0
0
0
0
0
0
11
21
0
9
14
6
0
0
0
0
0
0
0
0
0
11
22
31
42
50
43
38
32
46
41
41
34
24
20
4
4
2
13
18
23
21
21
11
11
6
4
0
2
2
5
3
6
7
8
9
11
3
2
3
4
5
7
11
12
34
28
16
26
24
28
88
257
448
511
482
330
156
47
67
187
240
262
208
156
101
73
41
28
22
9
9
10
8
6
3
6
17
20
11
8
13
4
2
14
14
26
29
15
12
9
1
5
2
1
0
2
13
8
0
0
0
0
0
0
0
15
28
0
0
0
0
2
3
42
23
5
6
14
2
17
11
0
19
34
8
0
0
7
11
5
3
0
0
0
0
0
0
0
0
8
37
15
2
16
13
8
11
52
112
135
115
76
28
1
3
6
76
176
214
189
128
37
3
2
26
46
29
10
0
0
0
0
2
4
1
0
0
0
0
0
0
0
3
0
5
15
16
25
18
10
6
3
15
12
1
0
0
0
2
3
8
38
25
34
16
13
5
0
0
0
0
0
0
11
17
12
16
10
2
0
0
6
11
14
42
114
285
380
416
403
342
270
212
166
139
127
109
99
64
36
30
9
3
13
16
17
11
6
2
1
0
0
0
0
0
0
0
0
0
3
3
2
0
0
0
0
0
0
0
0
0
0
0
0
0
0
0
0
0
0
0
0
0
0
0
0
0
0
0
0
1
0
0
0
0
0
0
0
0
0
0
0
0
0
0
0
0
0
0
0
0
0
0
0
0
0
0
0
0
0
0
0
0
0
0
0
0
0
0
0
0
0
0
0
0
0
0
0
0
0
0
0
0
0
0
2
58
175
249
307
303
283
223
163
110
95
89
72
68
67
77
87
110
105
307
104
103
86
82
61
53
29
8
3
3
3
3
8
4
18
37
23
2
7
14
29
41
15
1
0
0
0
0
1
8
8
0
0
0
0
24
39
11
8
24
31
28
4
0
1
3
2
13
18
14
4
0
1
0
0
0
1
7
22
54
50
37
44
42
36
37
28
28
33
47
45
57
59
46
25
25
17
15
10
22
6
7
4
2
2
2
1
1
2
14
12
14
21
21
18
16
18
14
12
19
18
21
21
19
18
10
13
11
4
13
9
5
5
3
4
1
0
0
0
0
0
0
1
1
0
0
0
0
0
0
0
0
0
0
0
0
0
0
0
0
0
0
0
0
1
1
0
3
12
8
0
9
4
3
0
0
0
0
0
0
0
1
0
0
0
0
0
0
0
0
7
6
6
1
0
0
0
0
1
2
3
2
0
0
0
0
0
1
1
0
0
0
0
0
0
0
0
0
8
12
0
2
6
3
1
0
0
0
0
0
0
0
0
0
0
0
0
0
0
0
40
229
281
196
32
11
41
94
19
10
74
163
165
166
242
368
439
490
454
400
380
242
135
268
342
381
338
307
206
144
99
66
52
53
48
34
20
27
36
52
34
49
27
35
20
12
4
8
13
29
25
16
26
30
33
33
18
10
24
32
51
39
25
30
35
53
66
72
83
108
127
181
275
318
344
331
173
216
376
384
374
392
377
297
243
169
108
72
41
35
19
9
11
19
0
0
0
6
8
5
0
17
37
47
55
58
43
14
2
23
37
37
35
26
44
31
27
35
52
66
63
50
33
22
39
90
119
128
132
125
138
157
169
179
161
93
83
83
76
137
173
178
214
195
147
149
159
151
117
77
49
11
29
73
122
173
265
233
58
78
251
306
244
177
106
101
78
84
93
97
66
51
43
33
21
12
6
3
0
0
0
0
4
24
13
1
0
9
0
0
1
5
5
0
0
0
0
0
0
0
0
0
0
2
23
8
1
15
5
0
0
1
0
0
1
6
14
15
18
13
11
19
14
23
29
28
30
35
24
22
11
4
1
0
0
0
2
1
2
1
1
0
0
0
0
0
0
10
12
0
4
6
5
1
0
1
4
13
18
18
16
8
0
0
0
0
0
0
0
0
0
1
0
0
0
0
0
3
17
62
50
38
5
13
8
5
0
1
3
12
14
19
10
13
4
13
48
67
70
84
60
49
48
35
25
17
3
0
1
9
12
12
14
7
18
16
0
12
13
2
0
0
0
0
0
0
0
0
0
0
0
0
0
0
0
0
0
0
0
0
0
0
0
0
0
0
0
0
0
0
0
0
0
0
0
0
0
0
0
0
0
0
0
0
0
0
0
0
0
0
0
0
0
0
0
0
0
0
0
0
0
0
0
0
0
254
517
558
410
90
107
280
87
213
294
192
32
123
77
52
108
138
26
66
237
117
35
153
173
5
55
197
75
1
102
149
48
2
86
141
15
0
0
2
0
0
0
0
5
3
8
28
51
51
17
0
3
9
7
9
12
10
15
5
5
6
5
10
8
10
7
6
6
2
4
3
0
2
2
1
0
0
0
0
0
0
0
3
15
15
0
10
12
4
3
0
0
0
0
0
0
0
0
0
0
0
0
0
4
10
25
43
39
27
23
17
23
35
57
58
66
43
19
0
0
0
0
0
0
0
0
0
0
0
0
0
0
0
0
1
0
0
0
0
0
0
0
0
0
0
0
2
6
3
4
3
3
0
2
0
0
0
0
0
0
0
0
0
0
1
5
9
3
3
1
0
0
0
0
0
0
0
0
0
0
1
0
0
0
0
0
0
0
6
12
6
6
4
2
0
0
0
0
0
0
3
7
7
2
20
23
9
27
20
16
15
19
17
12
0
0
0
0
0
0
0
0
0
0
0
0
0
0
0
0
0
0
0
0
0
0
0
0
0
0
0
0
0
0
0
0
0
0
0
0
0
0
0
0
1
0
0
0
0
0
0
0
0
0
0
0
0
0
0
0
0
0
0
0
0
14
17
0
11
5
0
0
0
0
0
0
0
0
0
0
0
0
0
0
0
0
0
0
0
0
0
0
0
0
0
0
0
0
0
0
0
0
0
0
0
0
9
17
0
10
4
0
0
0
0
0
0
0
0
0
0
0
0
0
0
0
0
0
1
0
0
0
0
0
0
0
0
0
0
0
2
0
0
0
0
0
0
0
0
0
0
1
2
1
2
0
0
0
38
198
276
284
205
35
21
34
55
0
0
35
41
8
12
10
4
14
6
9
23
25
17
6
1
4
8
1
0
0
0
0
0
0
0
0
0
0
0
1
0
0
0
0
0
0
0
0
0
0
0
0
0
0
0
0
0
0
0
0
0
0
0
0
0
0
0
0
0
0
0
0
0
0
0
0
0
0
0
0
1
0
0
0
0
0
0
1
14
2
2
32
14
3
0
1
5
3
0
0
0
0
0
0
1
0
0
0
1
8
11
12
4
15
10
14
11
5
5
2
0
0
0
0
0
0
0
0
0
14
11
0
1
56
147
124
84
58
29
17
3
0
2
8
0
0
0
0
0
0
0
0
0
0
0
0
0
0
0
0
0
0
0
0
0
0
0
0
21
17
0
3
9
6
4
0
0
0
1
0
0
0
0
0
0
0
0
0
0
0
0
0
0
1
0
0
0
0
0
0
0
0
0
0
0
0
0
0
0
0
0
0
0
7
11
4
0
9
11
3
1
0
0
0
0
0
0
0
0
0
0
0
0
0
0
0
0
0
0
0
0
0
0
0
0
0
0
0
0
0
0
0
0
0
0
0
0
0
0
0
0
0
0
0
0
0
1
0
0
0
6
5
8
12
17
24
18
24
14
12
18
17
35
28
26
20
15
11
1
1
0
0
0
0
1
14
10
0
1
9
4
0
0
0
0
0
0
0
0
0
0
0
0
0
0
0
0
0
0
0
0
0
0
0
0
0
0
0
0
0
0
0
0
0
0
1
0
21
62
118
453
556
496
331
100
187
354
254
84
206
261
76
8
144
244
96
32
36
116
60
22
65
115
86
30
26
18
8
7
20
30
22
1
1
0
0
0
0
0
0
0
0
2
7
3
0
2
4
3
0
1
0
0
0
0
0
0
0
0
0
0
0
3
20
18
2
13
27
21
6
14
62
60
49
25
18
15
19
65
119
143
131
156
180
166
338
747
1162
1363
1388
1127
1550
2171
3080
3655
3742
3440
2834
2414
2251
2003
1533
1180
943
771
609
498
406
342
296
241
196
148
148
145
158
123
96
65
34
26
38
51
65
55
52
23
5
12
7
11
23
36
44
50
33
18
7
2
14
21
17
1
4
24
34
29
20
6
0
12
7
4
24
68
193
384
604
895
1276
1617
1839
1945
2117
2200
2618
3104
3459
3436
3187
2881
2682
2673
2718
2583
2512
2528
2631
2470
2086
2036
1830
1801
1647
1834
2475
4508
3688
3923
3747
3762
4008
3660
3184
2785
2409
1876
1425
1005
513
566
595
527
600
563
373
422
563
675
745
1452
542
420
499
503
531
501
403
341
480
528
363
147
73
122
169
169
150
102
48
27
12
8
4
4
1
27
46
48
24
21
17
14
17
19
13
18
19
17
55
75
63
28
6
0
0
2
12
46
80
110
121
111
70
17
5
4
0
2
2
15
30
48
29
29
26
14
7
11
5
0
0
0
9
12
13
4
0
0
0
0
2
14
19
28
30
23
21
19
16
15
5
6
7
5
12
10
6
9
8
13
4
7
2
4
1
0
0
5
2
0
0
0
0
0
0
0
0
0
0
0
0
0
0
0
0
0
0
0
0
0
0
0
0
0
0
0
0
0
0
0
0
0
1
0
0
0
0
0
0
0
0
0
0
0
0
0
0
13
20
0
5
7
5
2
0
0
0
0
0
1
0
0
0
0
0
0
0
0
0
0
0
0
0
1
1
2
0
0
0
0
0
0
0
0
0
0
0
0
1
1
0
1
0
0
0
0
0
0
0
0
0
0
0
1
0
0
0
0
0
0
0
0
3
0
0
1
0
0
1
0
0
0
1
17
14
0
12
11
5
1
0
0
0
0
0
0
0
0
0
0
0
0
0
1
0
0
2
0
3
0
0
0
0
17
17
0
4
10
5
4
0
0
0
0
0
0
0
0
0
0
0
0
0
0
0
0
0
0
0
0
0
0
0
0
21
156
294
395
449
460
451
410
341
247
175
126
104
83
70
53
37
32
15
6
63
70
26
0
3
7
56
141
246
323
399
437
463
417
330
211
83
17
37
53
36
16
12
7
5
5
10
0
0
3
14
33
53
72
74
67
37
12
2
0
0
0
0
0
0
0
0
3
0
1
0
1
0
0
0
0
0
0
0
1
0
0
1
2
6
23
26
34
51
49
61
58
56
58
70
65
73
75
98
103
76
75
62
51
36
20
5
3
0
1
0
0
0
0
0
1
0
0
0
0
0
0
0
14
19
0
6
10
7
3
0
0
0
0
0
0
0
0
0
0
0
0
0
0
0
0
0
0
0
0
9
157
291
319
320
327
332
293
152
6
47
37
4
4
21
15
17
36
74
62
31
62
116
78
41
15
34
104
138
105
43
4
0
3
1
6
3
0
4
10
15
12
13
4
3
0
0
1
5
23
27
2
0
0
0
0
0
0
0
0
1
0
0
2
0
0
1
0
0
2
5
9
9
1
0
0
0
0
0
0
0
0
0
0
0
0
0
0
0
0
0
1
1
2
0
2
21
33
4
1
8
8
6
2
0
0
0
0
0
0
0
0
0
0
0
0
0
0
0
0
0
0
0
0
0
0
0
0
0
0
0
0
0
0
0
0
0
0
0
0
0
0
0
0
0
0
37
105
112
78
34
7
0
0
0
0
1
3
6
8
20
19
14
3
0
0
0
0
0
0
4
12
34
34
20
18
44
95
112
145
124
69
10
0
0
0
1
0
0
0
0
0
1
3
0
39
44
4
19
31
4
17
12
2
2
1
2
0
0
5
23
21
12
15
6
9
3
0
17
2
0
0
4
15
30
55
56
25
9
12
23
22
20
15
10
14
69
145
139
90
45
82
239
315
285
185
144
86
75
131
154
184
196
184
151
101
60
74
114
135
112
90
69
38
24
26
28
28
37
39
65
103
113
24
7
109
219
163
97
70
83
93
51
7
3
19
22
13
29
98
228
351
400
363
235
40
10
29
41
43
50
76
137
177
164
131
71
26
10
2
0
1
1
0
0
1
0
1
0
0
3
20
14
3
9
13
21
10
4
6
4
1
2
24
36
21
7
2
0
0
0
0
0
0
0
0
0
0
0
0
0
0
0
0
6
15
5
1
25
30
9
14
30
19
8
1
0
0
0
0
0
0
0
0
0
0
0
0
0
0
0
0
6
22
11
0
7
8
4
4
2
0
0
0
0
0
0
0
1
0
0
0
0
0
0
0
0
0
0
0
0
0
0
7
18
3
3
5
5
3
0
0
0
0
0
0
0
0
0
0
0
0
0
0
0
0
0
0
0
0
3
22
5
6
10
5
0
0
0
0
0
0
0
0
0
0
0
0
0
0
0
0
0
0
0
0
0
0
0
0
0
0
0
0
0
0
0
0
0
0
0
0
0
0
0
0
0
0
0
0
0
0
0
0
0
0
0
0
0
0
7
19
3
15
85
149
151
179
189
195
185
194
152
102
57
4
0
0
3
4
3
6
16
7
13
7
22
33
27
5
9
17
10
2
1
1
0
3
0
0
35
37
6
1
21
29
14
1
2
1
0
1
0
2
0
0
0
0
1
2
3
2
7
19
17
34
35
42
40
31
10
1
0
32
31
6
2
16
50
74
65
81
81
93
96
124
106
106
90
56
51
32
21
9
7
4
1
6
8
3
0
15
9
3
4
1
1
30
74
76
52
18
9
8
0
3
2
4
4
2
3
11
3
1
1
3
3
5
19
41
38
33
43
36
75
97
121
137
175
186
216
245
233
222
218
180
151
106
73
53
33
20
19
3
20
152
205
143
69
11
13
24
26
31
43
87
66
79
101
96
82
51
26
44
38
34
8
10
16
25
39
34
21
0
39
49
14
0
15
37
12
9
10
16
73
107
70
48
25
9
1
7
4
5
1
3
3
0
0
0
0
0
4
2
0
12
36
30
14
15
13
9
4
24
32
1
10
12
9
0
0
0
6
7
27
153
260
274
190
137
154
131
70
34
33
57
46
21
10
31
110
167
220
223
168
92
64
59
56
55
40
37
25
23
8
5
19
13
15
15
6
5
22
67
83
50
35
14
2
5
11
7
7
10
91
151
78
37
210
292
284
60
28
181
156
36
3
32
28
23
8
6
10
14
43
184
395
562
716
917
1060
1240
1429
1513
1597
1769
1591
1463
1179
821
439
320
237
154
219
448
659
1001
1202
1225
1168
1021
978
944
934
916
733
742
582
454
435
470
638
714
769
691
625
623
562
409
400
416
372
250
183
223
448
551
446
240
93
54
65
83
145
160
148
137
102
95
69
35
32
92
208
294
338
223
106
60
62
73
90
86
98
46
43
83
118
71
89
101
158
216
256
274
292
271
220
151
62
39
18
11
15
27
27
26
8
15
23
18
8
42
80
155
199
185
290
50
85
92
195
306
343
282
138
18
50
127
198
221
156
65
26
14
28
65
78
119
89
104
77
73
75
29
8
19
40
43
62
83
99
103
69
26
0
22
87
138
153
62
63
74
69
26
33
67
89
102
48
13
19
34
32
19
16
24
11
10
6
10
2
5
10
9
6
0
2
0
0
1
4
14
25
18
0
1
4
0
0
3
7
10
73
191
241
239
201
215
407
637
520
243
444
351
113
36
260
370
255
49
91
126
130
28
254
476
495
328
134
106
4
9
54
43
21
26
31
18
77
140
168
152
173
125
45
70
104
148
180
192
201
162
124
129
136
152
171
86
84
196
220
197
104
72
187
267
279
224
106
10
38
57
63
117
126
121
81
31
119
297
498
560
561
440
336
281
177
114
36
13
30
68
90
87
66
34
0
4
5
9
34
61
62
47
25
16
30
42
35
36
48
59
69
59
48
20
13
10
19
7
20
25
27
44
55
71
70
73
68
69
77
70
87
107
103
99
96
89
52
24
32
18
14
9
24
16
6
3
1
4
12
21
8
5
4
2
6
6
11
5
8
7
3
13
6
0
0
17
31
30
38
56
55
61
55
39
14
7
20
34
57
91
123
178
197
154
42
78
149
198
221
212
171
103
45
10
18
18
13
29
42
59
95
64
13
13
24
29
5
13
44
40
6
3
6
29
47
73
111
113
95
76
37
16
5
11
16
16
29
39
37
26
38
71
100
104
91
62
63
66
29
39
123
275
349
465
527
399
301
188
74
116
212
260
316
373
395
407
239
122
84
80
88
135
116
70
46
23
21
7
0
2
3
4
11
25
41
25
20
32
50
71
122
173
189
214
202
144
60
12
4
25
59
95
133
141
129
115
115
86
35
15
22
10
5
0
0
14
35
21
13
26
43
28
14
17
24
31
35
24
8
15
22
10
4
7
18
48
47
43
22
29
13
19
31
35
26
21
11
9
14
26
24
10
13
14
13
2
0
1
8
6
14
28
33
32
8
0
1
0
0
7
2
0
0
2
9
36
32
58
61
51
22
7
11
13
17
32
47
66
62
54
58
62
54
35
13
7
4
25
15
1
14
11
7
20
38
36
33
15
11
17
19
4
1
0
0
0
0
0
0
0
0
0
0
0
0
0
0
0
0
9
9
7
2
2
13
12
54
68
63
51
24
11
19
36
37
32
11
7
14
39
32
11
28
15
21
10
6
7
5
2
4
2
4
2
14
34
42
23
38
31
16
22
58
73
47
15
14
12
8
5
5
35
78
109
100
72
40
2
0
0
0
0
0
2
1
1
22
36
37
37
49
33
22
5
67
198
306
420
448
429
412
265
110
67
195
311
316
331
314
222
157
123
108
108
90
70
86
83
98
103
44
40
34
26
34
61
50
189
68
73
53
20
4
23
65
86
77
42
40
61
57
109
198
226
265
235
250
242
234
242
225
198
227
288
333
350
397
397
353
294
207
119
81
78
95
236
337
285
130
28
8
11
4
9
10
19
20
22
13
7
8
15
32
71
87
89
99
84
53
2
3
36
58
79
150
161
179
181
124
70
21
15
23
34
39
35
27
31
81
91
102
57
40
43
41
52
42
28
15
14
11
11
30
91
110
107
116
107
115
98
55
52
35
7
4
7
8
10
9
12
22
21
9
1
2
8
9
0
0
0
1
0
0
0
2
7
34
22
11
23
19
15
16
7
11
13
46
57
39
32
33
27
29
78
149
187
153
83
55
47
36
43
36
41
40
58
54
32
25
9
3
4
8
10
3
1
0
0
0
0
1
1
4
30
41
44
62
38
11
2
0
0
2
1
2
2
0
1
0
0
0
0
0
0
1
4
5
6
3
3
2
0
2
5
1
0
0
0
0
0
1
1
0
1
0
8
34
7
1
15
7
2
9
8
23
48
69
99
116
133
146
115
158
192
200
228
230
224
195
146
116
60
17
6
3
3
2
3
2
0
1
0
0
0
2
1
0
2
7
196
299
303
193
45
16
96
127
96
17
5
0
3
9
17
20
1
8
9
11
9
7
4
2
1
0
0
0
0
0
0
0
0
0
8
338
735
1156
1484
1622
1655
1954
2339
2617
2397
2031
2447
3284
4222
4378
4357
4416
4005
3138
2632
1925
1064
1172
1446
1788
1953
2062
2124
2005
1880
1826
1902
1676
1458
1339
1102
843
741
767
853
764
597
436
426
374
347
260
159
105
69
26
19
19
37
17
1
0
5
15
0
6
29
9
63
156
283
479
537
619
643
543
468
346
226
273
288
301
269
238
196
172
196
171
207
269
200
157
87
205
568
888
953
990
884
557
242
298
330
468
599
849
982
1044
986
763
439
122
207
207
221
259
210
225
411
575
692
447
261
376
370
264
115
490
916
1543
2041
2337
2365
2320
2046
1784
1622
1798
2164
2491
2718
2618
2397
2256
1942
1591
1340
1254
1292
1024
902
904
864
1010
1528
2109
2593
2822
2550
2079
1133
1788
2200
2138
1701
1209
1467
1569
1260
1044
815
813
871
834
621
776
1103
1398
1533
1450
1230
961
745
783
1063
1205
1397
1723
1790
1440
862
474
205
380
400
390
358
381
376
314
286
232
215
192
188
177
163
150
288
82
61
22
14
24
80
108
115
97
115
127
115
88
65
34
35
56
69
52
49
38
30
37
48
61
73
86
87
70
71
74
70
72
67
54
29
10
28
37
88
314
688
867
876
604
76
382
480
356
307
606
865
844
762
743
760
799
751
669
529
403
238
180
145
204
458
733
817
825
949
972
900
688
932
959
987
1291
1609
1712
1568
1326
1143
1151
1243
1473
1551
1645
1505
1277
1003
856
832
919
918
879
753
663
506
436
215
279
318
224
221
151
82
359
552
610
706
822
792
644
438
341
437
418
333
134
269
565
721
917
918
829
651
610
642
544
293
146
145
163
202
230
306
594
789
729
297
260
449
458
268
334
413
381
333
414
428
304
256
272
393
404
178
106
298
447
541
484
493
417
334
322
338
306
263
264
319
358
316
254
160
72
41
58
61
76
77
87
88
101
82
100
117
156
113
98
101
123
237
337
376
310
146
73
109
184
245
251
243
251
239
161
126
104
109
211
347
438
450
354
218
69
38
110
166
184
213
200
162
120
105
106
122
133
169
185
200
191
185
217
263
271
312
347
266
152
10
5
20
59
101
77
27
0
29
888
1653
2300
2745
2611
2108
1206
1463
1635
1768
1619
927
1048
1465
1841
1611
532
1270
1584
1751
1595
892
792
1749
2064
2037
1500
936
1847
2081
2136
1697
1008
1653
1976
2066
2051
1781
1339
833
905
1044
1241
1384
1489
1511
1440
1388
1590
1966
2410
2489
2444
2350
2313
2081
1572
1088
880
1035
1234
1287
1245
1165
1004
1010
1220
1161
1040
1352
1946
2394
2807
2816
2787
2577
2282
1936
1593
1337
1234
1025
933
905
854
754
654
534
424
418
360
370
333
240
218
189
89
16
143
221
234
199
112
142
263
454
519
530
510
450
412
329
261
186
155
136
140
159
194
274
307
555
609
538
423
272
32
96
110
94
50
144
313
477
852
1141
1395
1396
1095
769
558
646
761
999
1158
1081
656
266
216
212
159
62
108
229
373
341
251
142
63
29
39
50
68
70
29
3
7
38
51
78
119
108
137
191
295
485
540
553
563
571
547
490
388
235
66
5
66
111
55
5
4
55
113
148
129
71
18
4
26
39
50
51
49
83
119
240
435
497
544
509
407
286
100
119
269
403
667
823
822
750
558
347
317
360
329
302
260
218
136
36
13
18
137
305
500
725
1108
1516
1811
1588
1162
1782
1963
1684
1262
1336
2687
3228
3289
3037
2168
2040
885
856
694
503
333
401
455
216
315
404
321
256
260
265
319
420
565
738
901
818
601
426
262
138
110
196
371
583
776
1098
1421
1669
1960
2118
2258
2360
2319
2013
1633
1409
1170
942
707
520
505
705
660
409
252
163
148
168
132
273
497
617
696
685
612
497
374
259
153
93
104
114
113
123
137
194
276
283
259
150
57
56
116
159
213
280
254
265
203
170
122
56
27
48
140
188
488
637
772
670
426
173
33
34
39
20
12
9
18
26
15
10
22
14
13
20
36
36
40
34
47
59
106
197
154
110
141
196
217
305
330
333
358
326
276
235
194
164
144
151
191
234
271
291
288
194
112
83
110
189
289
337
374
338
301
221
83
58
226
415
526
595
600
541
336
118
106
226
530
723
701
645
691
647
540
385
264
200
131
106
66
36
36
28
25
24
14
14
11
14
49
28
17
29
13
3
0
0
19
126
245
437
743
1014
1179
1100
847
802
835
815
439
378
554
590
563
561
537
414
190
219
280
398
554
800
931
1151
952
640
370
514
624
689
667
551
417
193
106
215
227
178
153
92
45
44
86
125
181
271
353
394
418
433
396
320
239
182
146
147
181
212
221
229
224
180
155
131
106
73
60
73
96
125
139
202
209
188
136
107
76
74
84
92
129
112
96
105
90
100
95
107
114
136
131
144
116
81
61
53
55
57
54
44
20
10
13
12
28
33
41
32
52
52
52
81
109
140
116
71
57
74
78
60
59
114
310
678
1072
1054
868
686
449
449
533
514
444
346
247
227
218
257
248
244
247
240
245
237
224
202
192
190
198
139
128
144
122
115
145
166
135
255
464
585
522
570
904
943
742
589
447
822
1066
1639
1996
2005
1563
1395
1313
1239
927
716
939
1543
2038
1919
1591
1190
1064
795
486
238
398
415
339
254
82
44
129
326
521
632
1043
1476
1545
1326
1488
1623
1312
999
870
948
1494
1962
2110
2155
1960
1785
1586
1602
1871
1918
1743
1391
1124
1252
1416
1581
1986
2384
2586
2916
2814
2547
2453
2485
2243
2156
2305
1995
1766
1743
1936
2389
2690
2680
2307
1936
1447
1193
1267
1307
1245
1257
1308
1312
1307
1407
1393
1249
1010
836
638
435
187
61
94
84
24
11
38
17
3
2
3
0
0
2
10
41
76
57
62
56
80
126
187
203
189
237
327
448
594
676
916
928
895
774
584
234
74
202
311
452
441
366
199
402
243
256
217
105
41
35
22
20
42
35
9
31
60
64
64
64
49
21
27
36
29
134
374
722
915
989
1044
731
501
292
141
262
475
844
777
799
729
572
490
397
465
519
522
344
428
465
488
470
436
481
581
578
479
312
111
35
129
150
150
169
165
236
284
343
344
344
372
388
453
525
611
698
717
671
647
619
608
600
598
636
637
657
648
547
451
327
280
233
197
169
154
190
266
327
418
562
983
1209
1427
1305
1129
773
352
238
251
324
301
240
191
209
225
185
157
135
159
227
235
353
534
558
393
253
282
338
248
75
14
96
91
36
4
28
24
14
5
2
6
19
45
41
23
36
90
95
30
5
22
41
41
64
141
303
482
554
565
747
963
1414
2344
2587
2898
2286
1493
924
504
182
173
185
218
421
642
725
635
563
593
640
744
822
913
959
929
849
691
585
477
315
145
63
214
503
859
1242
1658
2157
2563
2749
2811
2638
2373
1949
1498
1121
877
677
545
361
360
600
971
1397
1596
1497
1281
1114
832
641
827
813
716
459
283
829
1224
1290
1052
741
348
308
448
453
308
558
1549
2567
3321
3684
3575
3351
3080
3067
2926
2726
2546
2221
1861
1531
1348
966
722
742
799
752
756
729
692
555
365
210
409
647
749
896
1044
1146
1175
1121
1061
966
801
609
415
256
110
75
198
290
353
420
469
501
528
499
489
434
329
267
267
301
368
404
375
296
164
66
58
70
141
191
223
232
178
120
59
33
143
274
384
495
577
577
524
385
353
329
316
369
370
353
274
218
152
34
85
224
343
432
469
524
543
533
493
561
586
554
582
565
565
468
342
189
89
48
33
27
11
4
5
3
3
0
0
0
0
0
0
0
0
0
0
0
0
1
65
205
302
377
388
335
289
235
167
83
62
20
27
29
34
41
44
74
90
93
107
92
81
49
25
26
38
25
36
45
34
27
57
90
203
349
170
82
127
28
94
32
60
43
8
81
31
1
34
10
64
56
9
37
65
9
87
271
421
559
638
676
631
546
387
276
170
109
72
47
50
43
92
107
108
124
201
220
208
165
136
86
53
24
16
7
0
0
0
0
4
7
13
16
32
40
48
57
42
25
7
7
12
31
40
14
30
54
36
22
21
25
15
8
10
26
46
67
121
362
606
800
1004
1139
963
985
1076
1175
1315
1409
1410
1233
1046
837
543
128
667
1417
1414
1574
1678
1638
1616
1595
1531
1486
1316
611
677
1040
922
804
773
1296
565
469
346
157
300
425
513
560
604
605
534
94
69
168
148
87
66
62
56
88
87
107
148
172
161
159
109
22
22
103
151
194
163
152
107
81
135
98
42
21
15
16
11
7
6
3
4
13
74
49
46
63
61
23
9
22
62
81
222
559
875
1097
1405
1881
2235
2365
2174
2028
1801
1545
1246
1008
873
525
325
158
60
84
140
197
180
74
36
87
161
176
126
120
378
601
631
615
621
714
1806
1261
1467
1645
1747
1644
1308
1196
1024
745
692
1078
1241
1324
1308
1203
958
625
314
116
40
24
56
332
578
770
1031
1285
1611
1787
1849
1822
1623
1285
1003
752
580
402
329
268
263
415
405
543
708
762
665
737
563
452
754
865
846
1099
1075
855
639
454
253
224
291
385
420
262
132
76
207
405
734
1119
1797
2391
2865
3104
3132
2846
2757
2734
2216
1571
1753
1762
1671
1413
1210
1180
976
781
716
740
791
908
1141
1290
1236
816
306
557
529
412
340
332
400
607
785
1115
1724
2247
2628
2971
3068
2921
2744
2482
2140
1701
1392
1033
981
830
672
1251
1553
1342
1093
1034
999
933
921
1297
1326
1364
1336
1260
952
900
1264
1339
977
434
1026
1428
1462
1098
658
861
1322
2088
2828
3261
3539
3748
3980
4106
4123
3795
3537
2841
2392
2104
1787
1510
1375
1101
709
248
414
694
1077
1484
1830
1936
1948
1760
1456
1308
1075
939
820
662
471
349
312
410
669
839
1150
1247
1129
936
855
827
765
775
693
559
666
1031
1395
1710
2225
2750
3412
3977
4311
4387
4267
3897
3177
2551
1942
1511
1044
581
299
259
319
325
330
314
216
179
213
241
263
277
221
196
174
139
174
208
188
72
12
92
25
40
47
25
33
54
109
196
312
557
586
460
418
430
443
396
636
923
1035
931
784
639
668
740
752
668
579
559
709
957
1359
1893
2518
3548
4190
4831
5014
4807
4262
3579
2942
2322
1434
1229
1262
1324
1088
700
426
255
262
340
366
318
134
64
147
146
102
32
25
81
119
144
164
155
139
184
347
370
287
278
367
446
461
359
197
59
19
119
201
248
283
310
324
365
377
337
299
236
182
125
54
14
21
34
52
54
79
63
45
33
24
35
52
51
13
8
12
32
42
43
31
23
7
13
38
24
3
12
9
2
0
0
0
1
1
0
0
6
8
13
17
8
0
0
0
0
0
0
0
0
0
0
0
15
5
101
170
229
238
233
404
1102
820
765
665
485
355
280
193
216
252
228
134
119
166
242
346
448
481
384
246
103
93
233
471
721
932
1013
1050
881
493
480
577
707
775
763
632
403
331
357
350
356
508
715
932
1036
989
861
757
679
738
936
1182
1334
1332
1072
869
848
715
817
889
861
937
931
751
699
946
1209
1432
1589
1742
1777
1647
1547
1413
1359
1692
1881
1955
1769
1440
1008
586
486
411
427
423
489
797
1018
1124
925
642
660
637
467
363
484
595
622
573
546
575
659
726
744
719
637
682
858
997
1104
1187
1103
1111
1168
1297
1508
1660
1768
1768
1687
1569
1357
1150
894
682
459
272
124
115
192
337
450
488
542
584
538
390
86
37
159
182
199
182
148
161
175
175
159
143
180
257
320
359
391
372
312
236
162
12
12
73
127
131
131
118
85
70
49
36
54
95
126
165
207
221
198
196
176
151
130
124
88
41
32
50
97
130
121
85
37
8
1
6
9
25
50
39
3
3
7
5
4
6
21
35
43
79
62
26
9
68
63
61
55
32
12
17
47
50
65
95
132
122
89
57
27
15
2
0
0
1
1
0
3
3
2
2
14
33
296
704
832
910
1231
1325
1525
2060
1923
1540
1380
1360
977
533
526
875
1741
2262
2807
2546
2448
1841
1875
1869
2074
2211
2475
2697
2746
2471
2148
1699
1257
1333
1424
1367
1012
1036
1191
1107
1366
1728
2022
1942
2071
2245
2509
2528
2428
2470
2139
1587
1116
1121
949
694
505
478
547
611
646
644
578
464
314
210
160
391
563
551
492
384
295
279
365
443
389
200
59
148
244
291
308
312
367
434
395
297
245
233
208
162
100
150
275
380
404
387
380
401
569
688
783
770
666
510
413
394
564
863
948
946
1080
1116
1031
1029
1012
1061
1155
1082
1095
992
638
542
534
600
628
642
645
578
453
289
166
82
44
47
48
66
119
256
389
465
608
727
783
762
677
621
579
552
507
466
381
290
209
174
356
380
100
121
268
359
595
384
413
565
422
642
635
451
575
458
298
486
335
140
192
222
183
412
564
591
601
579
541
546
462
320
364
406
262
36
45
114
113
61
74
141
177
63
25
1
18
52
105
124
143
118
105
69
10
2
29
32
22
27
39
56
60
52
38
32
20
17
16
10
5
18
43
86
110
122
132
162
143
132
89
61
24
25
19
12
2
3
0
0
1
1
2
0
0
0
0
0
6
8
2
0
2
7
39
41
35
29
20
16
4
0
0
1
4
12
39
18
1
12
13
9
4
3
4
4
3
0
20
19
5
0
0
0
0
12
66
95
178
294
452
528
515
502
491
514
586
600
451
291
168
64
50
215
444
531
570
532
495
466
373
272
216
199
214
221
205
221
229
218
251
155
55
126
169
251
305
278
251
174
89
26
13
70
120
158
184
166
139
98
63
11
0
6
12
15
21
59
37
6
29
34
32
21
36
35
31
48
64
83
147
247
357
369
314
258
206
212
225
261
311
395
549
653
799
878
944
939
995
1005
1086
1091
984
919
920
984
1004
996
895
771
735
1186
1459
1664
1816
1929
1956
2035
2007
1995
1841
1677
1497
1302
1195
1123
1285
1423
1331
1049
791
541
493
477
523
464
481
456
472
492
563
670
717
709
571
479
557
722
920
1066
1301
1440
1568
1871
1995
1975
2051
2179
2324
2238
2051
1803
1733
1747
1959
2374
2528
2847
2948
3027
3036
3261
2973
2747
2597
2545
2767
2763
2525
2227
2009
1716
1539
1358
1454
1641
1761
1829
1788
1606
1715
1581
1492
1748
2042
1838
1438
1047
656
364
248
398
484
470
752
904
1044
1004
1115
1065
944
850
1062
1177
1228
1312
1422
1661
2029
2574
3214
4032
4140
4214
4042
4432
5135
5524
5769
5824
5796
5756
5749
5901
5853
5732
5259
4448
3753
3657
3339
2777
2409
1643
1541
1724
1628
1249
841
1015
1174
1205
1153
1028
839
682
492
564
461
319
457
910
1265
1476
1601
1337
1081
718
617
693
462
328
456
566
444
228
285
281
177
195
227
264
293
343
506
731
962
1194
1386
1551
1563
1587
1525
1443
1381
1299
1104
994
886
667
468
286
208
121
56
34
56
71
91
93
89
93
111
115
125
101
83
49
11
1
7
42
8
10
13
7
2
9
13
40
239
330
366
304
208
69
114
211
288
121
15
74
146
136
74
0
0
38
142
210
113
0
20
101
117
81
34
38
7
68
77
13
3
3
37
60
18
8
23
31
76
93
42
0
0
3
15
35
15
0
0
0
9
17
4
0
0
0
0
3
36
23
0
14
14
5
3
0
0
0
0
0
0
0
0
2
7
0
0
0
0
0
0
0
0
0
0
0
0
3
0
0
0
0
0
0
0
0
0
0
0
0
0
0
0
20
18
0
13
8
4
3
0
0
0
0
0
0
42
2
7
3
1
0
0
0
0
0
0
0
0
0
0
0
0
0
0
0
12
16
0
9
4
3
0
0
0
2
1
0
1
2
2
1
2
1
0
1
1
0
0
0
0
0
12
101
234
367
524
669
798
737
681
650
632
513
370
396
324
451
317
194
288
161
106
70
23
73
58
32
178
216
260
367
485
532
601
737
662
501
374
314
231
202
210
162
135
133
164
195
209
198
205
258
296
301
279
251
166
85
27
7
6
26
63
74
72
49
30
10
3
0
0
1
0
0
0
0
6
14
13
12
10
10
6
0
0
0
0
2
0
0
0
0
0
0
0
0
2
2
2
4
7
3
2
0
0
2
17
58
100
94
65
42
5
0
2
0
2
0
1
1
2
3
5
9
15
22
10
10
17
5
1
1
0
0
1
14
108
389
532
524
380
253
185
178
354
600
994
1417
2172
3177
3452
4021
4110
4005
3782
3705
3594
3211
2747
2159
1553
982
901
1295
1479
1613
1650
1645
1486
1470
1625
1630
1591
1401
1202
1073
1034
998
942
924
939
943
972
973
876
783
703
531
375
334
359
404
401
410
464
376
496
1031
1777
2527
3198
3803
4246
4466
4478
4072
3522
2993
2623
2452
2160
1828
1338
1030
970
950
952
993
1031
1048
974
819
639
681
657
437
332
399
490
589
617
586
508
369
373
866
1423
2032
2705
3534
3953
4129
4401
4066
3629
2957
2297
1522
1313
1423
1730
1860
1722
1741
1631
1343
960
485
301
697
1107
1298
1458
1314
1038
985
1035
1212
1202
933
951
1082
1170
1223
1202
1045
806
652
470
386
294
329
378
349
270
370
455
493
538
521
401
276
297
322
228
145
110
75
128
169
195
241
266
262
188
127
51
35
31
33
29
45
83
106
68
30
14
2
17
20
50
36
9
2
10
7
10
11
36
96
59
24
8
24
24
22
13
20
70
64
64
44
37
31
54
73
93
69
29
3
6
9
3
7
5
8
9
7
18
31
63
444
1110
1544
1779
1515
1753
2091
2545
2885
2874
2469
2042
1905
1630
1398
1331
1291
1196
1011
787
529
298
129
40
14
20
58
80
52
63
99
148
197
289
327
303
302
371
414
562
606
518
480
388
400
439
504
541
659
716
995
1279
1453
1340
1081
757
504
626
807
1196
1412
1415
1482
1893
2865
3481
3905
4333
4270
4326
4044
3747
3181
2689
2649
2191
1732
1377
1025
659
477
447
624
821
942
1052
1263
1350
1013
888
723
407
438
456
540
575
565
485
429
443
608
809
1018
1221
1621
1925
2386
2484
2761
3075
3079
3076
3059
2933
3058
2787
2462
2147
1602
876
1488
2575
2099
1526
1298
1275
1501
1899
2188
2531
2731
2577
2371
2287
2032
1901
1632
1541
1320
1258
1215
824
385
238
425
529
574
634
600
532
463
365
340
303
155
66
149
188
190
197
124
172
272
369
449
494
564
610
647
668
548
450
974
1469
2025
2623
3274
3810
4081
4171
3821
3681
3369
2907
2207
1819
1709
1449
976
757
781
857
871
788
801
991
1036
1263
1676
1854
1870
1542
1158
1436
1522
1313
998
829
716
482
445
492
691
643
457
339
260
246
113
60
58
132
329
424
410
319
269
184
252
370
318
218
356
418
423
343
239
132
67
41
50
32
61
48
61
100
81
34
38
65
96
118
25
112
184
160
104
52
30
28
9
14
17
24
19
17
19
4
1
3
7
6
3
3
18
27
29
31
57
35
10
25
21
77
141
182
160
130
116
93
59
59
87
141
129
137
124
123
119
117
87
57
65
50
25
12
0
28
92
129
115
105
74
33
0
5
18
18
8
1
0
4
2
8
3
1
1
53
50
30
7
14
38
60
83
145
246
375
493
793
1255
1635
1878
2247
2460
2528
2189
1829
1550
1267
883
827
1245
1654
1943
2175
2386
2487
2423
2089
1833
1951
1741
1664
1380
1173
715
377
387
305
89
80
130
121
37
45
102
119
99
60
18
13
13
35
48
70
77
71
51
19
6
3
1
2
0
0
0
1
1
1
0
0
2
8
13
32
60
68
64
46
27
13
12
17
35
56
42
0
9
24
42
51
63
56
59
66
65
41
26
4
3
3
21
29
25
22
5
7
12
7
21
33
9
23
27
52
52
47
40
17
2
11
20
18
15
7
11
14
14
26
29
36
19
17
15
15
32
36
45
50
18
2
2
6
12
9
5
0
16
29
45
59
38
40
19
1
1
0
0
0
0
1
18
20
20
15
4
1
1
4
4
2
0
3
3
2
3
0
0
0
0
0
0
0
0
0
0
0
1
0
0
1
24
0
2
4
5
6
1
253
470
434
110
99
237
87
43
130
181
173
183
105
48
24
49
42
30
16
14
8
4
10
21
47
53
59
60
32
28
18
5
5
0
25
33
5
7
17
20
11
11
9
14
6
6
7
12
21
49
41
4
0
0
1
3
10
65
11
12
26
31
79
97
180
160
151
271
334
387
385
321
336
432
509
544
576
565
551
494
536
566
516
430
268
105
52
41
68
122
172
245
442
277
265
211
100
22
3
0
2
1
2
7
11
19
55
103
191
290
289
179
163
131
111
93
83
81
82
75
72
72
49
76
86
100
88
79
77
95
104
117
104
98
51
51
44
48
92
123
156
176
167
136
103
78
71
137
184
282
263
211
175
165
189
135
216
302
408
341
179
163
249
157
273
392
482
478
421
340
262
287
176
83
17
69
163
187
156
95
68
127
187
125
17
5
52
110
158
139
93
86
122
197
184
103
43
28
23
25
5
14
67
85
101
132
185
239
430
513
571
478
391
224
127
133
208
284
233
113
77
58
67
68
66
63
91
153
212
248
284
297
263
230
233
300
380
389
289
280
359
390
320
313
292
315
365
386
422
436
412
308
223
222
481
884
1388
2071
3030
3624
4048
4134
4385
4268
4300
4047
3211
2444
1694
948
463
362
384
461
406
399
432
509
684
706
689
557
334
270
312
316
250
193
102
47
18
10
20
41
35
15
8
2
12
58
54
29
31
107
174
202
144
90
33
8
3
0
0
0
0
0
0
0
1
1
2
17
10
0
9
8
5
1
0
0
0
0
23
28
28
10
5
0
0
2
2
2
3
1
1
1
0
1
0
0
0
0
0
0
0
0
0
0
0
0
0
0
0
0
0
0
0
0
0
0
0
3
12
30
42
51
50
34
23
18
13
8
2
0
1
0
0
0
0
0
0
0
0
0
0
0
0
0
0
0
0
0
0
0
0
0
0
0
0
0
0
0
0
0
0
0
0
0
0
0
0
23
191
239
230
170
40
1
81
92
0
13
22
11
6
0
0
0
0
0
0
23
58
75
53
39
20
17
23
15
33
31
22
2
2
0
0
0
0
0
0
0
0
0
1
15
48
68
47
54
53
55
83
109
126
145
205
209
218
221
197
164
172
155
128
72
48
15
26
64
127
295
384
510
589
562
483
366
225
156
176
277
322
398
450
494
532
463
348
139
77
72
64
33
19
8
5
8
5
9
19
15
2
0
0
2
1
12
7
0
4
7
0
0
0
0
0
6
15
13
2
0
8
5
3
2
0
0
0
0
0
0
0
0
0
0
0
0
0
0
0
0
0
0
0
0
0
0
0
0
0
0
0
0
0
0
0
0
0
0
0
0
0
0
0
0
0
0
0
0
0
0
5
1
2
1
0
0
4
20
13
0
8
6
6
2
0
0
0
0
0
0
0
0
0
0
0
0
0
0
0
0
0
0
0
0
0
0
0
0
0
0
0
0
17
36
79
349
704
949
1193
1451
1684
1770
1757
1704
1392
1187
1082
827
582
345
316
267
146
52
113
158
204
201
157
59
35
24
14
30
19
22
132
269
340
337
283
222
275
317
312
186
67
132
174
245
412
500
501
360
263
185
115
17
35
39
14
23
45
36
23
16
22
30
38
21
10
6
7
16
24
15
2
0
0
2
5
1
4
16
47
42
42
32
52
66
73
79
74
59
30
8
14
34
33
14
5
0
0
27
56
39
29
57
90
60
23
32
45
59
60
49
43
45
57
61
28
4
2
2
2
3
7
10
18
19
8
1
4
14
36
42
51
32
17
17
23
19
12
9
22
58
84
100
98
103
92
82
57
64
56
88
66
10
13
31
49
86
102
85
65
49
22
5
4
21
67
96
116
145
167
185
176
158
167
188
163
148
121
67
37
26
54
68
100
106
112
85
76
82
79
68
63
56
26
16
48
102
113
133
125
120
119
91
78
76
59
74
74
55
14
3
37
66
82
66
78
100
150
153
120
88
53
39
16
30
58
88
114
111
109
108
102
94
97
79
73
101
150
180
153
93
28
18
29
78
110
107
117
135
147
162
161
135
125
60
40
27
40
66
56
62
54
33
41
48
51
56
15
15
14
17
11
10
14
19
25
31
41
39
39
42
319
307
275
33
0
9
0
0
0
2
4
29
74
102
115
106
131
136
167
154
133
119
96
111
94
97
75
67
60
47
33
17
10
1
0
0
0
0
0
0
24
22
11
16
19
21
13
9
11
21
13
14
10
4
4
4
3
10
6
5
6
9
12
43
58
63
66
56
23
4
1
10
14
19
31
27
17
2
0
1
1
4
13
35
30
19
7
5
4
6
8
2
2
0
2
7
14
12
14
6
10
4
7
5
1
6
4
3
1
0
0
0
0
0
0
0
1
1
4
9
7
7
5
1
0
0
2
4
15
33
40
64
84
107
162
179
301
345
361
305
258
224
172
136
85
17
48
172
322
446
553
575
534
455
319
203
99
40
14
4
4
7
11
12
10
11
1
0
0
0
3
2
6
24
51
10
12
49
207
362
496
520
514
501
517
491
462
400
346
274
240
201
145
125
95
68
63
44
28
22
20
51
134
113
86
99
167
226
257
246
212
233
263
292
324
367
426
440
465
452
459
441
415
345
295
226
177
151
126
89
90
64
87
123
107
84
65
39
20
15
14
6
13
18
15
14
10
11
11
4
3
1
0
0
2
4
6
0
0
0
0
1
3
2
2
1
3
0
0
0
0
0
0
21
58
84
75
45
3
3
14
27
37
22
18
23
22
30
36
50
39
24
33
72
134
157
186
197
194
193
171
119
43
25
18
22
85
132
246
305
330
364
408
506
655
690
638
675
614
589
596
629
652
554
447
267
242
328
365
403
365
354
379
549
703
805
860
973
877
839
983
1119
1136
1227
1308
1475
1521
1616
1635
1575
1529
1571
1659
1701
1717
1844
1806
1676
1418
1194
928
752
696
858
961
928
726
427
320
295
341
322
529
816
992
994
1111
1175
1100
1014
1015
1098
1421
1650
1787
1800
1732
1647
1532
1364
1242
1202
1295
1251
1283
1296
1176
609
674
914
963
779
685
622
529
536
627
719
953
957
820
710
656
546
424
286
164
162
223
353
351
354
353
337
229
117
97
152
123
136
119
117
127
90
49
23
33
50
41
37
43
78
136
161
215
249
208
140
98
40
26
69
93
140
144
149
128
109
72
19
2
74
95
115
91
43
40
26
16
15
42
34
12
18
63
172
252
262
154
69
66
104
148
166
162
200
221
186
162
170
216
336
340
325
198
89
33
18
48
71
86
86
136
228
368
333
322
340
347
283
144
66
113
195
312
359
393
426
426
391
350
349
340
317
256
177
138
173
192
180
175
161
162
133
106
33
12
32
90
135
145
94
26
20
41
51
59
54
49
29
8
23
35
45
65
74
72
50
50
51
19
16
28
33
37
37
44
69
94
135
153
148
103
53
18
32
43
48
41
30
26
22
25
37
71
104
116
125
101
59
78
72
8
2
5
9
34
18
16
46
74
88
87
116
103
47
48
57
111
121
162
183
123
71
37
14
29
52
50
45
40
25
48
43
64
65
58
59
55
108
190
233
182
151
142
125
159
308
440
512
523
501
447
386
350
333
328
360
306
243
207
160
104
72
31
34
140
279
366
408
411
425
417
439
387
390
360
368
337
294
237
163
120
110
261
79
70
69
64
61
30
37
33
35
29
19
12
11
5
4
2
2
1
1
1
0
0
0
0
0
0
0
0
0
2
3
6
20
47
69
119
121
128
130
76
53
32
43
42
34
36
32
16
3
1
2
32
66
59
25
35
22
11
7
4
1
1
4
0
3
0
2
3
1
0
2
5
12
12
12
5
0
2
0
0
3
0
2
6
23
30
29
17
15
36
85
102
93
79
40
10
0
1
5
24
51
43
29
48
80
38
2
12
29
57
81
55
8
1
8
4
0
0
0
0
1
6
4
2
11
28
5
9
14
5
0
0
0
0
0
1
1
0
1
4
5
7
7
11
10
6
1
0
0
0
0
0
0
0
0
0
0
0
0
0
0
0
0
0
0
0
0
0
0
4
10
29
45
53
53
63
53
44
36
26
5
8
6
4
1
0
0
0
0
0
0
0
0
0
0
1
7
61
15
9
1
0
0
0
0
0
0
0
0
0
0
0
0
0
0
0
0
0
0
0
0
0
0
0
0
0
0
0
0
0
0
0
1
2
2
4
9
16
21
40
33
46
45
30
20
9
9
1
0
11
7
0
0
2
0
0
0
0
0
0
0
0
0
0
0
0
0
0
0
0
0
1
95
269
462
562
599
552
430
308
244
182
107
93
89
76
80
86
92
121
147
158
181
214
219
226
225
194
197
191
139
75
54
44
44
33
36
36
33
25
35
47
54
54
46
64
57
52
38
34
21
17
11
5
3
4
5
6
33
179
263
373
405
402
150
76
99
49
37
3
10
6
0
0
0
0
0
0
0
0
0
0
17
37
0
8
30
94
117
153
193
192
214
273
350
303
380
352
391
203
92
131
41
0
5
6
14
13
20
10
0
1
3
3
9
9
5
5
3
3
7
2
2
3
8
20
11
3
1
2
2
0
0
0
0
5
22
34
52
34
24
10
0
0
0
0
0
0
0
0
0
0
0
0
0
0
3
10
0
0
0
4
0
0
0
0
0
0
0
0
0
0
0
0
0
0
0
0
0
0
0
0
0
0
0
0
0
0
0
0
2
3
2
2
5
4
11
31
30
29
35
47
34
13
2
4
0
0
12
16
22
51
101
77
225
330
329
222
102
218
224
156
106
65
53
58
60
74
88
250
86
79
76
77
66
45
46
49
45
48
47
46
68
110
128
78
44
202
233
159
78
268
277
230
185
177
173
123
167
215
237
230
183
133
110
118
98
113
86
59
11
3
2
3
0
0
1
3
6
5
9
10
7
5
4
26
28
21
24
15
3
3
1
0
2
7
23
40
24
5
1
0
0
0
0
0
1
6
8
6
15
56
111
127
117
80
49
27
42
83
129
146
138
137
71
67
158
163
146
118
84
95
49
10
11
23
41
44
22
5
0
0
0
5
10
14
8
6
14
5
9
11
4
5
17
37
43
32
25
39
57
77
58
33
35
26
21
36
50
37
30
23
10
4
27
66
95
72
76
53
37
21
19
29
47
51
51
36
42
46
52
30
13
3
0
1
0
1
2
1
0
2
2
4
3
3
7
1
4
14
29
59
67
103
197
232
243
239
208
139
104
84
80
110
256
444
711
827
692
358
192
244
181
99
121
154
141
100
56
42
26
20
2
0
0
0
0
0
0
1
1
5
5
8
13
16
21
46
100
140
136
98
96
85
68
40
6
2
22
7
5
6
8
8
15
14
10
9
7
13
28
17
10
20
40
64
79
61
60
42
12
1
0
0
9
21
30
23
41
43
42
53
39
34
5
2
7
5
2
149
369
525
514
412
499
450
237
58
86
84
8
6
52
59
29
13
2
3
4
10
16
2
0
0
0
0
0
0
0
1
0
3
0
3
0
2
0
0
0
0
0
1
7
9
1
0
9
31
14
2
13
9
1
8
5
1
0
0
3
12
6
9
122
278
344
324
188
14
15
18
0
4
15
8
17
47
50
35
23
15
27
30
28
8
1
19
102
211
320
370
347
236
128
70
51
52
93
63
7
0
0
3
7
5
0
0
0
0
1
2
2
0
0
0
1
4
17
25
20
12
11
27
51
51
43
43
7
6
29
16
14
9
1
0
0
0
11
41
72
94
166
352
523
573
600
568
485
410
357
250
183
77
34
21
22
15
19
31
28
35
58
117
220
357
559
755
748
660
506
335
198
52
12
9
40
51
46
34
45
31
6
6
11
7
1
3
6
0
1
9
9
12
7
3
3
0
0
0
0
0
0
1
18
38
37
12
24
77
139
264
424
595
776
955
1135
1218
1364
1409
1338
2413
1202
935
726
567
485
376
289
227
195
147
156
177
178
173
192
208
203
186
163
137
138
129
142
131
121
95
63
71
54
13
3
0
1
1
5
9
14
12
13
18
19
10
7
0
0
0
0
0
35
337
609
784
875
799
694
647
604
525
479
392
313
205
137
116
73
74
71
73
69
29
4
0
1
0
10
18
26
20
5
1
0
0
0
0
3
7
16
44
78
132
138
154
131
192
385
585
725
752
629
519
340
232
172
75
68
35
5
8
0
0
3
0
2
5
9
6
1
1
0
0
1
0
0
0
0
1
7
3
2
32
15
1
5
10
12
7
5
0
0
0
0
0
0
15
39
0
13
17
3
11
93
169
211
235
229
211
189
168
139
120
49
38
162
233
249
258
255
191
68
5
30
32
38
36
28
22
13
4
4
5
23
56
95
119
141
148
120
98
160
197
157
82
24
17
49
78
182
457
642
697
790
931
853
715
575
396
300
167
92
86
67
38
60
130
168
187
195
134
75
92
346
577
642
637
341
61
42
55
157
428
513
617
531
346
103
187
257
275
160
206
189
273
500
625
620
456
118
35
39
59
206
304
424
543
517
431
268
229
174
117
67
40
12
10
66
137
227
449
666
890
846
900
975
935
776
510
618
511
346
164
68
71
51
33
6
2
11
16
11
46
155
252
271
295
289
239
144
53
19
10
27
112
152
170
145
150
157
163
211
295
345
357
392
339
378
383
496
499
398
461
343
235
153
153
228
217
89
43
18
12
4
0
1
2
6
33
76
99
100
86
88
74
38
37
23
23
7
13
10
5
1
0
0
0
0
0
0
0
19
52
88
92
94
116
117
42
46
67
70
57
52
113
200
261
240
169
103
18
14
8
24
55
86
65
52
44
22
21
5
1
0
16
8
11
59
267
410
786
882
903
830
685
603
366
131
122
208
182
137
224
319
360
267
166
152
173
186
170
188
226
303
425
521
495
304
192
326
444
458
476
431
415
474
400
351
825
1344
1564
1694
1554
1009
500
697
612
339
213
269
299
522
551
482
275
275
338
513
714
1038
1421
1787
1874
1846
1574
1268
849
615
772
828
688
430
298
313
247
204
187
295
418
504
561
534
486
300
198
126
60
50
86
98
105
68
38
48
50
31
20
13
23
23
16
7
8
0
2
6
5
17
5
1
20
123
257
383
412
416
365
146
109
173
143
45
48
57
30
71
91
86
95
137
171
154
103
91
128
156
208
247
278
247
268
239
193
187
155
152
132
101
80
106
98
77
94
183
261
289
268
211
191
155
44
62
207
112
19
43
35
26
14
15
12
39
140
222
246
179
98
32
12
9
30
32
43
37
49
53
49
58
51
38
59
101
154
208
312
397
423
422
330
198
82
26
66
82
91
92
143
247
336
560
920
1217
1653
2122
2326
2040
2200
2088
1896
1774
1574
1406
1474
1475
1777
2383
3234
3832
4290
4359
4036
4169
4017
3447
2848
3380
3818
3956
3712
3440
2949
2356
1648
2180
2235
1799
1400
1428
1255
963
819
771
1294
1435
1555
1939
2251
2794
3514
4171
4259
4734
4655
4295
4173
3772
2687
2240
1999
1705
1432
1346
1250
1390
1798
2338
2842
3207
3041
2574
1855
1534
1513
1333
1209
1186
1117
1458
2132
2770
2658
2641
2447
2495
2340
2139
2222
1783
1596
1965
1823
1536
1488
1705
1691
1637
1314
1221
1240
1418
1654
1953
2190
2445
2551
2472
1827
1086
1488
2123
2652
3215
3130
2875
2439
2035
2097
2079
1900
1828
1663
1470
1144
719
370
620
970
1075
1296
1151
679
529
425
553
921
998
841
817
874
1184
1684
2386
3202
3654
4170
4256
4799
4999
5545
5890
5136
4571
4072
3470
2902
2510
2025
1657
1458
1556
1446
1247
1111
1046
911
912
773
586
469
389
298
307
393
508
678
1023
1195
1509
1574
1423
1212
1011
881
679
540
449
486
615
641
550
427
377
390
419
598
685
667
785
816
836
761
851
783
213
79
220
235
100
14
50
204
312
292
167
147
181
197
264
308
382
423
567
553
411
414
353
294
372
459
554
703
842
987
928
838
650
489
306
181
62
70
355
577
791
815
697
455
357
546
858
969
982
899
701
335
81
43
163
381
584
657
539
319
90
112
302
533
662
681
539
370
278
258
371
546
762
771
834
801
722
645
570
565
594
722
723
808
863
891
956
1059
1152
1237
1213
1221
1148
1019
920
1043
1194
1262
1121
851
523
477
713
1024
1427
1877
2212
2671
3503
3953
4154
4037
3491
2884
2381
1888
1359
1167
976
932
776
590
450
338
279
236
265
309
303
365
470
494
529
501
466
526
592
611
642
765
755
583
441
402
389
385
393
349
273
210
186
169
142
113
63
20
9
11
64
101
89
98
91
92
95
88
71
65
113
200
414
810
1239
1662
2155
2713
2956
3236
3474
3882
4398
4315
3796
3108
2532
2057
1781
1522
1371
1463
229
461
665
622
488
320
414
345
202
90
17
27
23
22
5
0
7
17
11
5
6
7
3
4
2
1
2
0
4
26
69
9
20
20
7
46
44
61
77
98
91
80
107
133
111
101
58
26
11
15
15
7
0
0
2
1
0
1
3
18
43
41
52
60
52
39
10
43
81
77
47
53
52
10
9
49
169
262
266
212
202
193
223
271
238
135
88
74
95
115
158
139
149
140
126
71
58
38
25
43
76
33
12
54
116
125
133
118
137
173
205
178
145
101
81
82
82
72
89
65
60
38
82
139
157
64
77
151
200
202
168
100
29
21
5
8
30
78
94
71
65
25
4
10
15
20
32
21
8
6
13
20
21
11
2
0
7
45
88
102
76
74
113
157
157
124
77
26
23
31
20
17
6
6
5
4
6
0
0
0
0
3
1
1
6
7
1
7
36
103
173
235
284
325
343
328
331
284
216
28
73
168
208
234
254
224
156
40
9
52
25
90
193
300
354
369
299
179
89
10
5
49
53
48
36
52
71
83
126
188
218
217
200
137
89
52
30
13
11
33
12
1
17
56
81
105
107
101
278
471
447
421
357
199
251
429
405
151
81
144
247
324
248
94
114
234
369
452
372
112
47
166
257
243
122
77
210
396
410
385
417
416
323
202
176
224
316
460
424
250
106
160
198
195
120
23
28
42
50
39
37
37
44
43
144
80
58
46
34
26
23
40
105
156
128
474
648
497
161
164
245
200
61
59
57
85
147
179
226
336
386
373
306
237
177
147
108
65
70
79
91
129
147
168
153
138
103
80
91
54
40
78
120
127
135
103
63
35
57
87
130
138
155
113
18
8
2
1
6
5
15
40
40
54
80
107
129
150
202
212
222
235
234
247
233
236
240
174
111
62
16
0
2
6
17
28
53
115
125
110
88
65
13
80
198
335
534
749
957
1241
1611
2096
2539
2768
2811
2916
3021
3137
3226
3145
3232
3311
3269
3297
3073
2815
2744
2589
2325
2203
2092
1904
1813
1747
1678
1607
1545
1345
1219
1192
1183
1119
921
847
833
792
716
615
512
406
301
233
153
100
97
76
94
144
286
684
1105
1418
1777
2062
2369
2716
2970
3049
3450
3774
4127
4405
4462
4435
4278
4073
3847
3659
3302
3133
3068
2929
2760
2492
2165
1841
1503
1185
907
731
590
395
312
461
633
810
842
653
326
689
318
200
110
146
197
145
64
92
249
336
343
238
169
145
165
198
206
233
207
184
172
140
128
91
70
44
44
65
69
71
85
95
142
156
190
258
313
319
187
48
2
3
3
3
5
8
27
33
37
18
5
7
4
2
2
2
4
2
6
8
11
4
3
8
3
8
13
3
3
5
3
1
0
2
0
0
0
0
0
0
0
0
0
1
6
2
0
3
6
9
8
16
29
64
77
59
42
27
34
48
50
29
16
10
3
1
0
0
0
3
8
3
1
14
16
22
19
13
9
2
1
0
0
0
0
0
6
4
17
18
10
8
9
8
5
8
6
6
3
11
7
15
18
31
36
35
47
58
56
71
53
61
73
44
29
10
5
0
0
1
14
15
16
6
2
2
2
4
16
24
35
60
83
60
50
49
44
89
127
126
49
20
27
8
14
24
28
48
56
64
33
248
450
462
233
113
102
69
45
25
31
45
49
79
111
165
241
281
302
345
407
379
305
213
160
81
49
40
47
49
44
25
14
7
21
33
40
26
4
2
1
2
1
1
0
0
0
0
0
2
7
15
20
28
32
30
35
53
131
148
137
145
218
306
316
321
336
371
373
402
278
220
180
144
106
84
59
26
3
4
8
20
36
87
111
148
170
174
160
131
108
100
129
121
98
64
48
31
20
33
34
18
13
14
16
27
32
37
26
30
14
5
0
4
16
15
18
11
1
0
5
6
1
0
2
0
2
2
1
3
4
11
26
48
41
28
15
47
59
73
49
24
7
0
2
5
9
6
4
3
0
0
0
0
0
2
7
10
12
11
6
0
0
0
0
0
1
0
0
0
0
0
0
0
0
7
16
5
2
9
6
7
3
1
2
4
2
4
3
5
1
1
2
1
2
0
6
18
12
8
5
6
0
0
0
0
0
0
0
0
0
0
0
0
0
17
40
107
264
501
766
1052
1288
1419
1582
1740
1821
1945
1935
1900
1776
2573
2699
1972
1990
2046
2036
2135
2122
2036
1939
1787
1647
1517
1378
1229
1159
1059
906
826
635
465
337
233
169
147
129
112
99
89
76
83
112
149
148
108
93
76
90
67
71
48
51
46
47
81
91
131
149
146
146
129
126
122
119
77
72
48
38
40
40
46
50
38
29
21
23
24
32
39
37
40
28
29
18
3
5
8
3
16
0
0
0
0
1
0
1
0
0
2
2
7
15
8
5
0
0
0
0
0
0
0
0
0
0
0
0
0
0
0
0
0
0
0
0
0
0
0
0
0
0
0
0
0
0
0
0
0
0
0
0
0
0
0
0
0
0
0
0
0
0
0
0
0
0
0
0
0
0
0
0
0
0
0
0
0
0
0
2
1
8
15
45
66
134
191
272
346
439
489
556
612
740
842
943
1079
1211
1366
1484
1631
1637
1812
1973
2205
2251
2316
2253
2033
1927
1803
1860
1958
1979
1941
1912
1820
1774
1869
1944
2014
2038
2044
1969
1841
1570
1284
979
731
501
418
353
245
149
184
198
208
270
332
475
546
541
386
217
205
244
265
257
189
155
146
191
230
230
142
116
82
68
50
30
27
63
176
305
376
390
399
398
415
420
367
322
295
325
407
439
362
224
143
160
184
164
138
101
103
95
48
67
60
36
22
11
16
21
40
66
99
138
150
119
82
34
36
48
110
91
96
202
240
160
79
14
3
1
3
15
65
108
166
147
133
116
131
93
60
44
23
7
2
5
0
0
1
1
0
0
1
5
10
16
19
16
7
7
5
21
24
22
33
105
232
379
443
471
440
389
299
239
149
72
18
4
9
5
3
6
8
2
1
0
0
1
0
0
0
0
0
0
1
0
0
0
0
0
0
0
0
0
0
0
0
0
0
0
0
0
0
15
12
16
7
7
15
9
4
3
2
16
10
1
8
9
3
0
1
1
2
0
0
4
9
7
11
8
6
3
1
0
0
0
1
2
1
9
3
3
5
36
58
62
57
37
10
8
8
4
2
0
0
0
0
0
2
4
0
0
2
0
3
0
2
0
0
0
1
0
1
2
5
6
12
17
17
16
27
28
21
36
43
49
57
57
47
81
87
91
68
47
41
26
23
80
118
129
114
117
74
13
0
5
43
74
84
86
64
39
26
21
67
145
226
301
342
324
350
334
297
211
189
292
340
371
395
313
194
77
136
200
261
277
527
968
1388
1984
2602
2978
3051
2832
2682
2495
2498
2469
2384
2643
2844
2673
2289
2028
2119
2349
2061
1792
1537
1330
933
625
479
305
212
189
219
284
337
346
342
339
332
314
279
239
200
155
110
117
146
161
172
229
220
164
105
180
222
253
301
327
358
481
574
779
914
973
1035
1297
1554
1898
2232
2299
2344
2292
2889
1890
1899
1897
1879
1754
1661
1530
1334
1070
775
708
898
1032
1115
1099
1264
1550
1730
1876
1857
1341
1004
1204
1327
1239
1112
1334
1193
962
1088
990
1010
956
845
684
361
821
1277
1528
1715
1791
1620
1226
835
577
580
697
747
683
607
513
439
433
386
253
318
366
286
147
188
238
268
336
426
506
595
643
589
534
469
575
694
791
917
1032
1043
1015
972
1059
1005
867
656
796
906
915
803
694
550
522
528
474
403
334
283
149
319
526
659
843
1088
1174
1364
1597
1997
2458
2581
2496
2186
1803
1483
1249
1166
940
750
714
615
511
354
219
356
534
753
1042
1303
1547
1827
2096
2341
2447
2568
2887
2815
2542
2142
1323
733
317
637
853
941
1073
1230
1307
1289
1110
784
609
513
535
490
434
311
635
1463
1764
1779
1431
1240
968
1218
1131
1084
916
805
810
786
715
597
378
234
548
1184
1835
2342
2465
2221
1945
1465
1065
875
889
1056
1063
1136
1078
981
908
812
749
655
581
571
583
615
643
742
1012
1200
1340
1444
1458
1413
1208
838
546
446
391
370
355
306
200
140
123
162
184
205
386
434
362
239
188
249
361
371
403
478
537
645
776
918
1030
1129
1290
1386
1466
1471
1389
1247
1083
1020
983
964
848
714
598
546
531
409
312
504
911
1366
1646
1889
1803
1846
1854
1911
2002
2044
2143
2268
2278
2310
2272
2196
2116
1954
1788
1631
1460
1356
1351
1116
872
770
707
618
374
191
302
306
262
232
204
249
320
530
741
902
1042
1310
1647
1914
2092
2219
2292
2236
2065
1832
1617
1461
1268
1179
1453
1852
2293
2448
2339
2126
1841
1838
1668
1484
1154
727
706
973
1134
1137
1233
1220
1036
605
562
940
1164
1257
1173
932
860
939
1018
1190
1282
1236
1078
964
750
722
819
933
1141
1228
1232
1197
1053
835
899
906
925
753
652
746
1034
1234
1539
1721
1742
1376
858
514
485
467
465
415
328
321
298
309
336
348
341
293
526
905
1259
1451
1578
1441
1220
974
856
877
951
921
477
554
846
930
857
1160
1343
1173
1101
1192
1290
1324
1278
1186
986
844
682
543
417
323
221
121
51
78
132
135
95
80
96
121
181
252
353
453
584
684
614
410
539
598
656
574
680
719
605
336
406
509
485
379
300
826
1221
1978
2727
3708
4441
4609
4186
3737
3029
2049
1618
2011
2452
2770
2927
3202
3453
3114
2471
1885
1444
1043
719
549
437
494
811
1331
1865
1951
1546
1121
811
540
647
454
194
79
164
300
499
784
1086
1351
1584
2124
2629
2871
2975
2808
2528
2288
2087
1473
1249
946
611
843
809
939
957
1637
1188
1105
1022
814
762
758
937
1054
1154
1146
1169
984
733
803
630
715
830
1202
1446
1493
1442
1344
1269
1205
1116
962
837
699
471
236
115
149
209
373
804
1424
1945
2276
2404
2566
2640
2574
2522
2263
1894
1620
1303
1089
1058
1315
1635
1693
1657
1541
1434
1336
1239
1224
1269
1469
1726
1808
2064
2347
2435
2384
2286
1893
1695
1360
1125
1416
1655
1623
1404
1412
1277
1246
1340
1298
1183
1238
1293
1433
1296
1076
893
919
883
734
602
819
1552
2196
2657
2831
2955
2640
2782
3074
3133
3256
3462
3725
3715
3417
3139
2761
2280
1904
1536
704
1161
1542
1935
2257
2363
2218
1967
1618
1229
1055
1054
996
1067
1285
1534
1925
2312
2731
2920
2877
2782
2659
2460
2253
1892
1560
1318
1243
1219
1396
1667
1655
1355
939
602
677
1094
1278
1234
985
609
175
559
1195
1691
2023
2234
2159
1954
1479
888
1024
1005
1155
1193
1253
1288
1265
1000
1197
1814
2483
2947
3385
3569
3274
2874
2370
1755
932
834
886
894
979
1101
1289
1359
1357
1349
1362
1251
977
727
564
612
764
1031
1219
1323
1433
1495
1497
1409
1325
1113
867
640
1445
2512
2912
2826
2971
2914
2968
2930
2649
2408
2265
2429
2575
2601
2425
2332
2458
2559
2384
2132
1731
1509
1286
1119
1219
1276
1351
1159
964
828
686
510
344
175
186
269
433
650
943
1318
1753
2186
2280
2108
1941
1871
1756
1629
1577
1588
1533
1445
1349
1125
954
817
778
808
833
805
780
685
581
442
329
327
369
454
452
332
292
180
157
160
162
541
57
74
63
130
211
233
319
331
341
354
370
412
401
424
387
336
325
661
598
331
362
297
230
299
180
96
78
178
221
154
90
91
113
200
581
1216
1623
1871
1943
1875
1780
1641
1486
1337
1176
1006
921
952
1070
1121
1088
1046
865
819
859
829
636
614
852
957
1026
1129
1077
874
733
614
568
583
557
566
527
448
327
190
122
84
77
85
117
143
166
137
70
49
74
95
95
95
129
171
177
115
34
0
18
57
67
93
190
253
273
335
371
447
396
412
374
386
391
399
429
434
458
409
420
412
402
346
282
236
253
277
237
201
148
128
118
96
83
76
84
67
67
38
1
87
107
73
33
16
34
57
89
115
118
54
19
33
93
154
200
206
217
227
222
165
109
81
62
51
59
107
149
135
95
60
42
73
79
128
109
91
42
52
32
7
8
33
64
113
105
68
50
101
64
46
83
100
129
156
117
47
14
0
4
42
61
86
84
75
70
27
12
10
11
18
22
48
56
50
49
35
24
18
57
2
0
1
17
43
82
88
98
99
76
69
133
176
153
89
55
31
23
26
19
4
26
100
138
108
58
26
11
3
13
4
0
14
14
66
220
371
470
532
552
552
494
521
513
508
557
414
190
98
48
158
156
79
39
53
68
68
84
77
72
114
166
176
165
147
50
213
326
374
323
672
955
936
642
270
522
462
300
128
229
403
515
489
549
461
430
259
68
137
179
153
55
64
164
363
461
593
589
422
779
1052
1140
1047
958
935
1003
1020
1029
950
825
706
480
142
61
76
178
367
596
796
965
1055
1290
1517
1900
2086
2127
1778
1384
919
886
1296
1574
1665
1568
1457
1313
1132
905
699
496
293
217
196
220
247
299
508
726
952
1346
1879
2343
2723
3040
3065
2996
2880
2728
2307
1697
1273
1095
1074
1080
1294
1550
1904
2247
2420
2348
2546
2567
2899
3352
3424
3399
2992
2449
1881
1335
1005
868
907
1013
1226
1638
2128
2440
2318
1885
1267
822
739
1350
1649
1925
1812
1643
1438
1119
764
628
682
871
1048
1273
1508
1743
2088
2287
2509
2553
2887
2652
2335
2279
2005
2274
2116
2026
1761
1446
1398
1126
810
808
1227
1858
2576
3012
3810
4374
4125
3508
2652
2115
1516
998
697
491
379
514
895
1169
1271
1266
1230
1194
1122
1060
968
1076
1006
905
794
786
1002
1364
1573
1792
2095
2315
2415
2431
2287
2089
1885
1678
1257
902
684
386
337
703
789
795
837
1094
1299
1304
1259
1118
895
580
861
1028
1253
1362
1501
1799
2063
2077
1935
1587
1358
1184
927
759
796
1084
1164
1092
688
874
957
790
660
799
1092
1107
1013
1033
1217
1484
1950
2518
3000
2977
2650
1990
1524
1361
1386
1379
1482
1543
1336
797
774
671
519
518
586
597
532
369
221
135
101
148
273
524
482
265
162
208
374
340
248
141
80
59
30
55
72
68
59
71
57
52
50
61
76
36
27
31
18
3
0
2
16
68
68
32
16
7
20
37
24
9
0
0
0
38
90
106
167
341
582
835
1321
1600
1609
1243
1367
2228
2871
3185
3073
2728
2585
2777
2621
2083
1440
779
391
329
255
120
107
159
129
111
68
26
36
107
159
174
148
146
86
43
38
39
17
4
10
36
34
28
46
114
150
173
170
162
131
85
73
65
43
18
53
109
124
130
113
110
145
149
124
103
70
33
35
53
68
85
43
15
11
22
27
9
45
81
87
81
72
71
37
27
49
69
70
45
27
38
51
48
43
56
95
161
217
240
223
196
207
201
190
137
73
14
31
81
87
211
80
85
53
36
42
35
38
19
9
6
9
14
31
103
220
242
201
148
79
35
39
48
64
68
66
60
173
372
516
670
750
785
762
719
594
295
99
358
580
759
793
731
644
582
583
513
373
193
107
39
50
70
55
71
96
103
77
45
17
8
10
6
1
5
6
3
2
8
1
0
0
0
0
0
0
0
0
0
0
8
66
126
183
201
190
203
216
197
169
256
383
557
734
839
950
1031
1095
1119
1116
1113
1039
898
692
506
451
348
420
420
333
131
84
189
159
96
238
484
647
676
539
530
738
672
538
340
165
138
230
204
197
264
334
298
268
498
717
849
781
687
757
766
836
875
813
771
832
914
917
906
923
896
912
845
799
663
410
289
282
238
342
418
373
280
289
580
793
1106
994
875
704
242
269
272
269
157
31
2
37
55
51
47
82
193
288
310
160
377
500
670
851
883
936
977
823
595
328
166
342
393
219
135
144
166
166
127
104
153
179
196
225
239
166
41
41
63
135
183
199
115
24
7
15
5
8
25
48
17
8
4
14
65
177
247
335
291
210
169
88
44
65
108
149
162
300
353
342
291
206
64
4
10
51
110
90
86
59
87
98
119
135
170
189
229
344
375
361
314
261
230
184
105
20
108
195
214
163
82
67
108
147
174
175
160
138
118
112
110
148
227
248
183
28
20
125
151
138
115
116
108
86
78
78
56
26
20
36
96
118
104
77
33
2
12
5
4
33
43
48
56
39
44
42
8
35
81
139
162
147
111
123
159
163
131
57
46
16
3
21
5
4
4
3
2
0
0
0
0
0
0
0
0
0
0
0
0
0
8
1
0
0
0
0
0
0
0
0
0
8
35
8
6
17
13
9
15
7
3
14
15
5
4
2
1
3
4
5
0
0
0
0
0
0
0
0
0
0
11
27
153
461
933
1187
1171
1011
797
645
609
476
325
372
458
532
601
650
746
735
639
567
545
385
168
122
101
133
148
98
0
20
117
160
174
275
395
526
590
488
443
378
274
189
204
383
455
563
607
525
456
320
180
112
55
26
20
2
43
18
158
325
474
718
883
936
897
850
696
605
415
249
140
77
91
100
118
166
147
135
113
125
365
728
923
1034
1266
1545
1638
1584
1527
1509
1509
1400
1120
1188
1217
1066
835
725
586
439
338
334
815
631
797
959
1056
1144
1165
1214
1347
1306
1385
1356
1398
1542
1778
1826
1602
1361
1349
1098
1602
2080
2354
2432
2459
2264
1823
1778
1619
1402
921
502
322
251
284
336
411
543
718
920
1047
1245
1353
1614
1735
1747
1655
1532
1330
1278
1219
1214
1290
1475
1802
1835
1499
1920
2771
3117
3122
2806
2591
2224
1829
1279
1027
872
592
294
138
199
210
314
459
693
969
1253
1423
1272
866
424
486
756
907
992
1024
924
640
553
505
325
179
80
49
109
143
139
130
206
258
250
336
428
487
572
533
407
309
142
122
154
142
61
3
12
74
119
108
76
40
32
11
0
23
31
9
14
57
63
55
59
43
36
9
24
54
68
66
33
5
19
43
12
39
42
9
37
69
77
130
121
93
30
13
18
31
3
4
36
106
136
197
238
296
373
383
294
152
31
42
65
72
122
127
108
93
57
23
81
151
156
154
105
35
13
33
73
102
86
48
33
40
39
70
119
137
179
184
149
74
19
72
77
30
34
62
84
50
8
43
91
128
119
64
67
68
32
57
71
44
37
76
113
220
525
803
987
1063
1086
894
1291
1206
760
624
874
879
874
622
315
323
527
731
873
863
732
498
398
454
416
364
360
349
392
359
331
282
220
167
139
101
45
16
18
20
34
39
16
7
8
15
35
59
87
102
74
49
27
15
25
41
62
42
36
61
91
124
128
137
141
151
67
3
15
31
31
26
32
42
44
56
62
91
50
40
36
53
44
23
37
42
31
35
55
68
80
58
14
12
48
55
36
32
34
40
45
40
25
8
9
12
5
10
29
37
47
41
37
43
33
27
31
35
64
109
127
111
44
12
42
51
39
26
60
75
84
62
53
49
81
145
189
231
253
189
100
66
66
72
72
47
28
18
20
39
44
31
20
15
13
13
21
17
17
20
13
8
8
8
33
75
78
59
35
23
18
8
5
2
2
0
0
3
14
12
3
4
23
40
33
13
14
27
34
40
43
41
28
13
13
11
10
22
29
25
12
2
0
0
0
0
0
0
0
0
0
0
0
3
17
9
0
9
8
1
0
0
0
0
0
0
0
0
0
0
0
0
0
0
0
0
0
0
0
0
0
0
0
0
0
7
55
95
98
96
44
13
3
1
9
1
1
7
15
10
1
2
1
7
11
5
0
0
0
0
0
0
1
0
0
3
9
34
128
278
313
236
31
11
111
208
132
109
175
251
190
74
0
2
71
16
2
21
31
12
14
14
31
42
8
12
14
8
3
2
1
4
19
40
27
227
423
410
227
53
205
403
386
120
25
239
293
197
50
29
163
319
328
87
8
156
229
170
62
69
93
46
15
35
53
54
109
218
283
217
140
59
31
25
25
9
11
12
20
29
33
49
99
117
98
88
91
61
49
54
71
26
5
6
0
0
0
0
0
0
1
3
7
1
1
0
0
0
0
2
7
6
0
0
0
6
2
1
4
13
0
10
2
4
0
1
7
8
2
0
33
94
70
21
3
2
41
43
15
1
4
9
18
24
24
54625
0
0
0
0
0
0
0
0
0
0
0
0
0
0
0
0
0
0
0
0
0
0
0
0
0
