337
487
792
387
73
152
190
71
21
249
123
24315
17
11
14
7
12
11
13
13
18
48
53
50
48
66
76
75
106
130
144
164
151
190
271
318
331
423
541
704
753
920
1014
1079
1197
1159
1220
1250
1306
1299
1319
1330
1307
1219
1186
1186
1021
902
652
439
303
186
148
136
137
96
123
139
161
130
96
70
49
69
83
83
51
41
49
48
42
23
19
12
11
3
3
0
1
0
3
0
0
0
0
0
0
0
0
0
0
0
2
0
1
1
3
25
33
50
21
2
1
16
25
35
84
238
446
579
661
633
602
470
352
244
189
171
142
108
96
81
51
24
22
7
9
8
21
21
31
36
46
58
49
49
40
25
20
10
9
8
1
0
0
2
1
3
1
0
0
0
3
7
10
14
16
21
19
21
21
12
9
8
6
2
1
0
0
0
0
0
0
0
0
3
0
0
1
0
1
0
0
0
0
0
0
0
0
0
3
0
0
0
0
0
0
0
0
0
0
0
0
0
0
0
0
1
1
1
1
5
4
5
7
11
10
10
13
22
17
14
12
3
2
0
0
0
0
0
0
0
0
0
0
0
0
0
0
1
0
0
0
0
0
0
0
0
2
1
2
1
3
6
7
24
42
60
78
107
153
262
344
472
538
567
587
518
487
506
525
563
573
541
430
343
270
183
194
189
64
36
13
11
28
45
52
39
35
29
27
31
26
12
4
4
1
5
4
1
0
0
4
4
5
2
2
0
0
0
2
0
0
0
0
0
0
0
0
0
0
0
4
0
1
0
1
1
15
92
240
367
450
452
396
303
195
85
24
3
1
0
0
0
0
0
1
2
3
5
3
4
2
3
0
1
0
0
0
0
0
0
0
0
0
0
0
0
0
0
0
0
0
0
0
0
0
0
0
0
1
0
0
0
0
0
0
0
0
0
0
0
0
0
0
0
0
0
0
0
0
0
0
0
0
0
0
0
0
0
0
0
0
0
0
0
0
0
0
0
0
0
0
0
0
0
0
0
0
0
0
0
0
0
0
0
0
0
0
0
0
0
0
0
0
0
0
0
0
0
0
0
0
0
3
3
1
5
6
4
1
0
0
0
0
0
0
0
0
0
0
1
1
0
0
2
22
114
292
461
532
553
477
329
187
80
31
44
24
16
10
7
0
1
3
43
170
388
528
644
672
836
371
237
139
55
0
1
9
6
6
19
16
16
15
18
15
15
13
13
9
8
10
5
7
6
2
2
1
0
0
0
0
0
0
0
0
0
0
0
0
0
0
0
0
0
0
0
0
0
0
0
0
0
0
0
0
0
0
0
1
1
2
2
1
1
0
0
0
0
0
0
0
0
0
0
1
0
1
0
2
0
1
1
0
0
0
0
0
0
0
0
0
0
0
0
0
0
0
1
0
1
0
0
1
0
0
0
1
0
0
0
0
0
0
0
0
1
1
3
1
1
6
25
80
179
302
369
402
386
339
238
143
54
5
4
4
2
0
2
2
7
9
10
1
2
0
3
7
15
20
16
22
21
19
29
32
33
27
19
17
8
4
0
0
0
8
77
210
351
409
438
390
300
204
96
24
0
5
3
4
0
1
3
4
0
0
1
1
1
0
0
0
1
0
0
0
0
0
0
0
0
0
0
0
0
0
0
0
4
8
7
10
7
11
9
10
13
4
9
11
8
9
7
10
9
8
6
4
4
1
0
0
0
0
0
0
0
0
0
0
0
0
0
1
0
2
3
7
7
16
16
15
12
14
10
5
1
1
8
66
167
311
401
416
337
262
213
145
91
60
48
57
51
43
37
11
3
2
1
3
4
9
7
7
6
0
0
0
0
0
0
0
0
2
1
5
8
10
17
22
19
23
21
16
57
235
485
656
695
628
451
246
92
55
45
49
50
51
75
82
68
55
69
58
37
30
24
19
9
5
1
0
0
0
0
0
0
1
0
5
3
2
2
0
0
0
0
0
2
3
25
44
34
7
21
14
6
79
172
200
175
211
271
330
317
156
17
26
161
265
369
478
504
487
381
231
92
49
73
103
85
55
33
31
15
11
5
1
0
3
25
21
14
1
0
2
0
0
0
0
2
23
3
13
30
6
101
221
261
286
253
181
99
40
6
144
372
449
405
310
163
58
14
20
19
16
15
5
0
0
0
0
2
3
2
6
5
11
12
14
6
5
1
0
0
1
3
17
68
104
122
82
21
104
174
201
259
318
358
500
779
1222
1887
2128
2279
2633
2540
2218
1611
1170
1008
1151
1431
1432
1273
1071
727
590
896
1643
2228
2529
2647
2859
2845
2311
1943
1465
928
862
662
456
390
403
352
357
410
495
545
552
1171
800
850
986
1260
1442
1271
1021
656
478
416
442
601
909
1304
1454
1488
1182
828
547
374
411
632
1052
1529
1997
2403
2708
2756
2517
1952
1526
1227
1510
2065
2359
2206
1951
1611
1363
1394
1380
1589
1675
1700
1763
1564
1283
759
891
1436
1610
1731
1671
1626
1730
1813
1836
1957
2181
2349
2310
2482
2780
2938
2991
2918
2594
2355
2114
2029
2258
2520
2956
3143
3272
3353
3411
3394
3372
3691
3940
3967
3677
3414
3084
2684
2209
1998
2439
2791
3449
4142
4218
4562
4749
4409
3652
2905
2297
1726
1240
1403
1969
1972
1486
1363
1158
840
790
720
876
770
488
431
745
1007
1181
1316
1295
1371
1192
1050
936
729
477
729
1041
1079
1118
1234
1277
1170
805
649
471
417
465
443
359
245
210
527
840
862
902
699
535
239
292
634
491
437
763
948
1008
1095
983
678
606
876
962
973
964
981
964
946
979
946
867
743
665
556
496
458
464
511
561
596
589
578
643
692
760
841
1133
1501
1845
1999
1882
1582
1349
1084
822
625
468
588
757
824
819
749
615
515
492
423
406
562
791
915
978
986
836
665
661
665
622
651
695
615
475
316
232
246
248
233
177
172
152
190
222
234
218
243
243
122
89
66
18
9
23
3
38
1
0
0
0
0
0
0
0
0
0
0
0
0
0
0
0
0
0
0
0
0
0
0
0
0
2
0
0
0
0
0
0
0
0
0
0
0
0
0
0
0
0
0
0
0
0
0
0
0
0
0
0
0
0
0
2
2
6
2
2
7
2
1
3
0
0
0
0
0
0
0
0
0
0
0
0
0
0
0
0
0
0
0
0
0
0
0
0
0
0
0
0
0
0
0
0
0
0
0
0
0
0
0
0
0
18
64
175
382
585
811
1021
1233
1440
1639
1802
1918
1971
2053
2130
2178
2173
2134
2151
2136
2149
2145
2160
2091
2033
1830
1747
1624
1450
1352
1285
1302
1702
2211
2833
3438
3782
4224
4519
4769
4960
4994
4937
5024
5043
5181
5234
5197
5082
4784
4642
4416
4429
4384
4318
4207
3754
3148
2720
2349
1853
1512
1408
1459
1801
1932
1900
1595
966
572
1082
1560
1812
1677
930
597
679
506
234
134
161
196
152
163
121
68
39
21
25
36
69
65
58
42
26
26
44
11
5
7
11
7
5
2
0
1
0
0
0
0
0
0
0
1
2
0
0
0
0
0
0
0
0
0
0
0
0
36
153
293
421
527
527
503
361
237
154
96
68
39
33
8
7
4
3
0
1
0
0
6
76
159
223
257
91
112
54
3
57
77
41
0
54
56
13
1
16
17
7
2
3
0
0
0
0
0
0
0
0
0
0
0
0
0
0
0
0
0
0
0
0
0
0
0
0
0
0
0
0
0
0
0
0
1
0
0
3
2
1
1
0
0
0
0
0
0
0
0
0
0
1
0
1
0
0
0
0
0
0
0
0
0
0
0
0
0
0
0
0
0
0
0
0
0
0
0
0
0
0
0
0
0
0
0
0
0
0
0
0
0
0
0
0
0
0
0
0
0
0
0
0
0
0
0
0
0
0
0
0
0
0
0
0
0
0
0
0
0
0
0
0
0
0
0
0
3
16
52
81
98
125
129
151
161
159
149
139
125
118
94
99
81
78
56
48
50
41
20
3
2
0
0
0
0
0
0
0
0
0
0
0
0
0
0
0
0
0
0
0
0
0
0
0
0
0
0
0
0
0
0
0
0
0
0
0
0
0
0
0
0
0
0
0
0
0
0
0
0
0
0
0
0
0
0
0
0
0
0
0
0
0
0
0
0
0
0
0
0
0
0
0
0
0
0
0
0
1
0
0
0
0
1
0
0
0
0
0
0
0
0
0
0
0
0
0
0
0
0
0
0
0
0
2
2
1
0
0
0
0
0
0
0
0
0
1
0
0
0
0
0
0
0
0
0
0
0
0
0
0
0
0
0
0
0
0
0
0
0
0
0
0
0
0
0
13
38
37
49
49
30
33
18
14
13
15
0
6
16
28
15
6
0
1
10
10
9
1
0
1
7
10
0
0
0
0
0
2
1
0
0
0
0
0
0
0
0
0
2
1
0
0
0
0
0
0
24
97
202
294
310
260
170
102
55
2
0
0
0
0
0
0
0
0
0
0
0
0
0
0
0
3
1
0
0
0
0
0
0
0
0
0
0
0
0
0
0
0
0
0
5
3
0
2
2
11
36
61
35
38
58
48
44
46
37
37
19
9
6
3
2
1
0
0
0
0
0
0
0
0
0
0
4
21
40
41
35
26
8
1
0
0
0
0
0
0
0
0
0
0
0
0
0
0
0
0
0
0
0
0
0
0
0
0
0
0
0
0
0
0
0
0
0
0
0
0
0
0
0
1
1
0
0
0
0
0
0
0
4
21
27
35
38
23
62
16
25
21
16
16
25
24
10
0
0
4
29
47
31
3
5
8
7
5
2
1
1
2
0
0
0
0
0
0
0
0
0
0
0
0
0
0
0
0
0
5
13
28
41
36
47
33
20
3
0
0
0
0
0
0
0
0
0
0
0
0
0
0
0
0
0
0
0
0
0
0
0
0
0
0
0
0
0
1
1
1
4
7
4
4
2
0
0
0
0
0
0
0
0
0
0
0
0
0
0
0
0
1
0
0
0
1
1
1
0
0
0
0
0
0
0
0
0
0
0
0
0
20
42
62
65
52
40
5
0
0
0
0
0
0
0
0
0
0
0
0
0
0
0
0
0
0
0
0
0
0
0
0
0
0
0
0
0
0
0
0
0
0
0
0
0
0
0
0
0
0
0
0
0
0
0
0
0
0
0
0
0
0
0
0
0
0
0
8
8
7
21
33
38
42
29
14
7
4
1
0
0
0
8
9
5
0
0
0
0
0
1
1
1
3
0
0
4
0
1
1
0
0
0
0
0
0
0
0
0
0
0
0
0
0
0
0
0
0
0
0
0
0
1
1
0
0
0
2
27
73
80
110
47
7
20
151
341
466
563
578
559
504
427
287
219
206
205
204
190
225
267
309
337
363
408
494
586
731
790
816
912
1068
1236
1437
1549
1755
2046
2261
2251
2283
2454
2513
2692
2779
2862
2925
3099
3325
3634
3961
4233
4391
4385
4372
4288
4192
4026
3891
3650
3362
3067
2840
2697
2635
2429
2334
2228
2213
2243
2363
2478
2725
2869
2821
2563
2038
1223
747
1068
1730
2178
2547
2792
2699
2149
1877
2036
1744
1412
1364
1439
1439
1252
937
822
759
770
675
483
252
279
533
801
1002
1083
1292
1679
2371
2584
2313
2599
2800
3197
3185
2535
1993
1840
2467
3091
3430
3712
3720
3534
3036
2605
2753
2958
3058
2717
2246
1862
1837
1889
1820
1709
1639
1705
2021
2473
2984
3241
3580
3784
3910
4213
4681
4908
4863
4759
4679
4254
3896
3506
3379
3040
2533
2180
2021
1867
1713
1444
1206
977
984
917
858
870
799
875
1132
1542
2016
2136
1987
1516
900
527
1084
1838
2150
1904
945
565
531
246
163
353
415
360
225
207
193
143
55
24
15
11
8
1
0
1
11
11
6
1
2
0
0
1
0
1
0
0
0
0
0
0
0
13
93
204
339
427
454
440
398
353
290
202
120
80
42
17
10
4
3
2
0
1
1
5
7
0
1
2
1
2
0
5
0
0
1
0
0
1
0
0
1
1
0
1
0
0
0
0
0
0
0
0
0
0
0
0
0
0
1
13
19
16
13
15
15
16
3
4
7
7
6
0
0
0
14
4
0
0
2
8
10
3
4
7
10
7
10
4
2
0
0
0
0
1
0
6
18
17
44
20
10
11
9
1
0
0
0
1
0
1
0
0
0
0
0
0
45
150
269
343
391
356
293
208
127
54
4
1
2
0
0
0
0
0
0
0
0
0
0
0
0
0
0
0
0
0
0
0
0
0
0
0
0
0
0
0
0
0
0
0
0
0
0
0
0
0
0
0
0
0
0
0
0
0
0
0
0
0
0
0
0
0
0
0
0
0
0
3
3
2
2
1
1
0
0
0
0
0
0
0
0
0
0
0
0
0
0
0
0
0
0
0
0
0
0
0
0
0
0
0
0
0
0
0
0
0
0
0
0
0
0
0
0
0
0
0
0
0
0
0
0
0
0
0
0
0
0
0
0
0
0
0
0
0
0
0
0
0
0
0
0
0
0
0
0
0
0
0
0
0
0
0
0
0
0
0
0
0
0
0
0
0
0
0
0
0
0
0
0
0
0
11
5
0
4
5
0
0
0
0
0
0
0
0
0
0
0
0
0
0
0
0
0
0
0
0
0
0
0
0
0
0
0
0
0
0
0
0
0
0
0
0
0
0
0
0
0
0
2
9
4
3
30
87
160
214
202
163
103
56
26
10
3
3
2
4
6
6
8
18
10
21
9
0
2
9
5
2
1
0
0
0
0
0
0
0
0
0
0
0
7
8
17
66
146
194
203
175
112
76
42
26
26
27
19
12
0
1
1
0
0
0
0
0
2
0
0
0
4
0
16
39
21
0
0
24
41
17
0
0
0
0
0
0
0
0
0
0
0
0
0
0
0
0
0
0
0
0
0
0
0
0
0
0
0
0
0
0
0
0
0
0
0
0
0
0
0
0
0
0
0
0
0
0
0
0
0
0
0
0
0
6
16
3
0
0
1
44
76
30
0
1
4
87
118
7
27
47
5
29
66
4
35
67
44
11
11
15
38
37
38
22
20
3
9
41
20
34
80
61
60
36
10
13
13
12
13
15
7
4
0
0
0
0
0
0
0
0
0
0
0
0
0
0
0
0
0
0
0
0
0
0
0
0
0
0
0
0
0
0
0
0
0
0
0
0
0
0
0
0
0
0
0
0
0
0
0
0
0
0
0
0
0
0
0
0
0
7
10
56
99
162
221
205
162
138
110
99
69
78
66
66
61
81
134
158
205
259
285
239
195
181
163
86
136
56
14
7
4
0
0
9
18
45
71
95
156
223
489
831
757
445
248
251
298
403
333
333
241
224
303
246
240
98
51
40
25
20
14
8
6
33
39
47
60
50
52
46
63
42
38
37
24
16
16
6
4
3
8
17
2
1
2
0
0
0
0
0
11
2
0
0
0
0
0
0
0
0
0
0
0
0
0
0
0
0
0
0
0
0
0
0
0
0
0
0
0
0
0
0
0
0
0
0
0
0
0
0
0
0
0
0
0
0
0
0
0
0
0
0
0
0
0
0
0
0
0
0
6
18
78
125
170
193
106
76
104
109
159
242
382
474
419
310
141
42
9
2
1
0
0
0
0
0
0
1
27
61
125
135
63
16
67
41
37
204
347
214
8
174
287
220
66
69
250
197
3
80
203
97
0
94
170
37
10
98
119
90
27
9
82
108
208
383
534
539
558
633
770
939
1096
1094
961
739
663
621
627
550
548
529
364
243
234
190
113
202
263
232
201
152
73
60
119
199
236
269
291
304
341
386
463
496
491
499
472
416
445
404
352
344
323
323
280
224
165
146
253
314
358
429
586
765
975
1080
1126
1084
892
658
510
432
384
297
258
221
238
346
436
415
335
261
219
267
341
427
352
298
273
220
295
334
281
117
178
501
773
680
237
148
140
123
120
167
168
125
74
36
31
20
30
16
11
15
61
100
67
19
8
1
5
1
3
34
44
17
3
14
14
145
369
492
529
486
443
403
454
428
368
302
248
225
185
137
114
77
55
51
25
2
0
0
0
1
28
119
205
258
212
115
121
138
104
99
148
194
191
169
127
75
32
0
0
4
3
4
3
0
1
0
0
0
0
0
0
0
0
0
0
0
0
0
0
0
0
0
0
0
0
0
0
0
0
0
1
0
1
3
3
0
0
0
0
0
3
4
1
5
2
0
9
8
0
0
0
8
55
48
10
3
0
0
0
0
0
0
0
0
0
0
0
0
0
3
0
0
0
0
0
0
0
0
0
1
1
40
116
125
77
27
50
159
250
209
141
329
720
976
776
607
733
863
1018
1009
772
831
1477
1937
2125
2348
2762
3076
3066
2764
2350
1850
1377
1036
717
403
301
479
632
718
709
712
749
798
848
829
793
677
537
437
358
267
261
229
241
264
227
212
190
197
295
482
726
1013
1306
1806
2141
2514
2532
2114
1829
1428
1043
715
506
499
478
475
543
625
604
575
463
216
388
443
283
224
325
414
361
409
493
195
30
55
111
76
14
34
33
17
22
50
54
47
28
21
6
8
12
35
45
41
38
18
12
8
10
4
14
20
25
22
8
51
96
82
48
14
5
30
99
100
51
13
7
4
1
5
5
15
23
15
14
12
11
14
8
5
10
4
1
0
0
0
0
0
0
0
0
0
0
0
1
0
4
5
4
1
1
0
0
0
0
0
1
1
0
0
0
0
1
1
0
0
0
0
2
0
0
0
0
0
0
0
0
0
0
0
1
0
3
3
3
4
3
6
2
2
9
8
11
13
20
18
15
14
10
5
6
0
0
0
0
0
0
0
0
0
0
0
0
0
0
0
0
0
0
0
0
0
0
0
1
1
1
1
2
1
2
5
4
9
10
12
23
25
25
19
18
33
44
65
100
86
75
59
16
9
15
13
5
1
0
0
0
0
0
0
0
0
0
0
0
0
0
0
2
16
90
259
639
913
850
757
798
866
918
941
691
573
591
1123
1672
2291
2561
2782
2558
2232
1745
1446
1162
1012
961
869
1111
1449
1696
2066
2549
2761
2876
2668
2252
1827
1576
1024
858
815
628
719
838
876
733
335
464
594
374
326
446
435
440
425
396
381
418
631
845
927
907
507
487
599
728
607
372
249
335
317
232
255
255
184
164
209
225
252
244
320
360
341
272
167
27
3
10
11
12
20
19
21
18
9
9
0
0
1
6
9
4
3
2
2
28
78
166
258
315
300
251
189
119
73
41
21
8
4
1
0
1
6
7
3
2
8
5
0
0
0
0
0
1
0
0
0
0
0
0
7
70
196
327
383
379
287
218
151
103
43
4
0
2
3
0
0
0
0
3
4
1
1
0
0
0
1
1
0
0
0
0
0
0
0
0
0
0
0
14
52
143
215
256
266
204
108
71
36
17
21
19
11
14
14
3
1
0
0
0
0
0
1
6
18
5
0
21
109
259
396
457
414
296
159
81
38
4
6
34
29
22
7
1
7
2
0
3
32
111
237
383
519
584
518
366
241
93
38
13
25
130
328
456
513
473
375
255
117
11
5
38
19
2
12
4
1
2
3
1
1
0
0
0
0
0
0
1
0
0
0
1
52
179
321
437
426
338
208
107
60
20
10
6
2
0
0
4
4
5
3
1
0
0
0
0
0
0
0
0
0
0
0
0
0
0
0
0
0
0
0
0
0
0
0
0
0
0
0
0
0
0
0
0
0
2
0
0
0
0
0
0
0
0
0
0
0
0
0
0
0
0
0
0
0
0
0
0
0
0
0
0
0
0
0
0
0
0
0
0
7
17
7
4
0
8
23
4
32
25
1
7
11
0
26
135
240
352
413
348
273
153
45
11
21
21
4
0
0
0
0
0
0
0
0
0
0
1
9
29
21
17
26
4
1
0
1
0
0
0
0
1
36
181
272
327
323
273
192
99
59
31
4
10
65
199
322
372
365
303
212
153
113
84
73
56
37
20
4
0
0
0
0
0
0
0
0
1
4
20
42
108
141
215
302
433
577
666
782
744
638
459
313
211
150
121
78
77
83
78
50
16
78
174
311
465
592
511
437
340
296
270
197
244
304
331
270
334
391
386
326
279
371
423
544
783
1224
1564
1740
1665
1661
1633
1634
1500
1227
1133
1102
1035
1053
1171
1431
1877
2260
2546
2778
3070
3062
3184
3449
3451
3174
2825
2573
2578
2716
2928
3152
3274
3183
3063
2801
2509
2200
1773
1176
842
614
654
796
862
1038
1278
1560
2023
2422
2614
2846
3087
3206
3133
3119
3085
3026
2969
2902
2739
2715
2694
2629
2720
2679
2625
2464
2256
2014
1733
1613
1682
1751
1824
1849
1742
1447
1241
1022
746
536
572
790
1058
1308
1357
1266
1240
1377
1356
1215
1117
1037
977
918
844
821
773
808
724
794
779
833
849
779
732
748
674
659
648
519
493
522
476
493
475
477
489
580
690
782
847
927
1061
1169
1346
1484
1701
1724
1713
1634
1486
1330
1156
910
707
569
540
615
672
655
710
776
800
914
1013
1018
1028
1059
1137
1198
1223
1221
1133
1069
980
861
734
676
498
300
92
17
21
123
212
350
515
615
744
864
977
1281
1323
1065
964
781
505
412
918
1771
2932
3764
4180
4337
4386
4578
4516
4410
4764
4773
4599
4510
4180
4028
3914
3672
3500
3330
3200
2993
2832
2660
2491
3320
1807
1638
1414
1244
1011
793
568
361
240
143
132
108
105
94
125
209
338
478
615
755
923
1116
1246
1478
1639
1820
1957
1991
2043
2133
2195
2251
2387
2426
2367
2414
2492
2702
3152
3589
4138
4784
5412
5956
6288
6835
7158
7015
6548
5676
4408
4176
3982
3798
3575
3323
2975
2721
2463
2332
1957
1480
800
483
389
375
510
754
1004
1218
1465
1775
2042
2159
2223
2273
2315
2330
2334
2322
2389
2441
2478
2500
2483
2319
2180
2123
2052
1881
1713
1584
1565
1544
1447
1325
1182
1093
958
837
707
593
514
471
526
630
636
612
571
496
394
274
206
153
111
75
63
27
11
11
0
0
0
0
0
0
2
31
98
86
23
115
113
61
15
9
5
1
0
0
0
0
3
0
0
0
0
0
0
0
1
0
0
0
0
0
0
0
0
0
0
0
0
0
0
0
0
0
0
0
0
0
0
0
0
0
0
0
0
0
0
0
0
2
22
74
158
229
290
294
254
212
156
91
55
25
7
4
0
0
0
0
0
0
0
0
0
0
0
1
69
157
214
204
203
204
235
270
257
200
125
55
17
7
0
9
10
7
0
0
0
0
5
0
1
28
40
62
79
159
219
141
131
293
540
683
781
933
1293
1577
1714
1651
1374
1294
1583
1836
1821
1674
1419
1057
820
577
412
313
245
200
177
178
153
157
170
128
86
64
38
40
56
105
173
173
113
142
150
131
102
95
67
63
77
84
75
78
116
87
19
38
59
55
75
121
145
157
92
43
15
6
0
5
11
10
14
30
58
93
93
522
1032
1343
1399
1234
1069
928
1169
1289
1350
1206
1005
827
592
432
379
439
456
420
365
313
262
206
180
174
164
166
135
120
109
104
98
69
53
40
19
3
0
0
2
9
25
22
16
29
50
63
71
123
219
384
564
918
1239
1575
1834
1922
2023
2095
1713
1229
1386
1379
1175
977
951
937
893
856
825
783
646
431
329
289
275
233
163
117
88
138
150
68
118
162
94
32
11
7
0
1
5
8
38
64
82
69
22
3
61
120
115
84
6
26
70
57
21
0
0
4
0
0
2
5
4
10
9
10
5
2
3
2
0
19
17
0
10
8
1
0
0
0
0
1
3
6
4
3
0
0
0
0
0
0
0
0
0
0
0
0
0
0
0
0
0
0
0
0
1
0
0
0
0
0
0
0
0
0
0
2
1
0
1
0
0
13
59
159
248
235
198
114
54
55
0
0
0
0
0
0
0
0
0
0
0
0
0
0
0
0
0
0
0
0
1
7
43
102
193
252
272
262
207
131
44
4
0
0
0
0
0
0
0
0
0
0
0
0
0
0
0
0
0
0
0
2
0
3
3
18
39
73
101
114
96
55
33
0
0
0
0
0
0
0
0
0
0
0
0
0
0
0
0
0
0
0
0
0
0
0
0
0
0
0
0
0
0
0
0
0
0
0
0
0
0
0
0
0
0
0
0
0
0
0
0
0
0
0
0
0
0
0
0
0
0
0
0
0
0
0
0
0
10
18
5
2
10
40
62
68
75
72
58
47
36
27
17
7
8
8
5
6
7
48
2
1
0
0
0
0
0
0
0
0
0
0
0
0
0
0
0
0
0
0
0
0
0
0
0
2
0
0
0
0
0
0
0
0
0
0
0
0
0
0
0
0
0
0
0
0
0
0
0
0
2
3
1
0
0
1
1
0
0
0
0
0
0
0
0
0
0
0
0
0
0
0
0
0
0
0
0
0
0
0
0
0
0
0
0
0
0
0
0
0
0
0
0
0
0
0
0
0
0
0
0
0
0
0
1
0
0
0
0
5
88
201
283
272
219
161
91
53
19
4
0
0
3
0
0
0
0
0
1
0
0
0
0
0
0
1
0
1
0
0
0
4
25
42
68
100
168
247
332
554
719
865
1056
1170
1345
1538
1725
1937
2109
2322
2524
2703
2863
3014
3161
3332
3451
3556
3686
3782
3774
3836
3866
3879
3975
3980
3842
3555
3192
2946
2606
2068
1568
1124
727
448
325
296
450
592
819
931
1119
1344
1540
1778
2053
2289
2591
2837
3181
3589
4110
4458
4669
4914
5047
5116
4903
4837
4401
4195
3885
3465
3095
2888
2596
2409
2175
1942
1761
1534
1428
1284
1137
904
807
622
619
598
800
1183
1597
1464
1217
1172
930
692
706
842
1026
1241
1275
1032
696
645
586
448
394
312
270
257
242
197
184
144
90
61
107
257
390
456
483
421
344
281
204
141
78
60
29
24
37
57
50
45
32
21
14
5
2
0
2
18
23
5
0
0
0
5
4
17
31
23
18
5
0
13
33
35
40
58
82
37
3
12
14
12
1
0
1
2
1
1
15
47
57
57
63
59
67
79
59
41
36
48
17
19
39
67
199
382
546
704
760
730
677
717
602
552
471
422
402
377
476
748
773
647
796
1744
1258
1312
1332
1246
1250
1255
1348
1367
1408
1461
1374
1157
828
478
276
120
419
551
637
652
554
444
337
261
308
400
511
553
545
448
253
161
151
136
130
85
85
63
65
95
106
107
182
322
567
858
1126
1295
1293
1181
1057
940
912
776
620
613
623
607
562
391
254
469
435
217
141
634
853
773
607
600
506
346
274
318
330
382
505
604
800
1088
1421
1753
1882
1821
1810
1458
1208
998
877
944
1081
1178
1251
1307
1166
1005
871
664
509
322
181
236
235
232
245
312
338
308
265
161
95
57
181
477
638
663
714
641
478
313
371
412
365
254
179
134
114
119
111
124
125
136
185
240
245
217
196
155
133
144
121
140
134
130
88
51
66
126
247
347
366
373
367
353
306
247
214
210
258
330
454
587
581
433
249
103
61
49
38
42
105
191
304
418
503
489
439
333
132
19
25
91
160
240
251
256
264
309
348
352
398
397
419
411
440
510
512
592
690
674
658
699
787
735
587
488
410
421
506
593
658
703
763
808
878
970
1089
1228
1282
1222
1066
918
735
456
220
210
271
240
111
135
169
146
162
172
208
221
257
420
535
628
836
1053
1207
1280
1301
1190
953
807
715
823
903
1020
1107
1074
1055
958
858
731
583
428
226
120
80
105
116
117
118
95
104
82
85
81
74
64
44
13
3
9
13
4
2
4
10
1
13
22
3
0
17
14
3
0
0
4
4
5
9
12
42
68
97
97
127
141
136
187
306
386
354
331
471
748
1007
1185
1225
1164
1068
969
898
745
729
641
500
476
476
458
437
390
326
269
167
102
102
137
145
188
204
207
214
176
149
164
220
307
350
379
367
574
692
625
531
606
826
911
967
844
680
393
166
93
186
265
231
234
245
227
188
124
57
62
80
154
192
248
248
233
223
188
166
140
125
107
111
95
93
129
171
222
255
236
251
278
390
572
674
724
705
565
378
468
466
493
656
655
583
596
619
581
585
595
487
359
304
394
481
573
593
542
447
373
324
376
497
635
632
594
591
524
247
189
417
475
370
327
283
266
304
430
644
921
1150
1226
1149
862
577
936
1034
930
721
644
699
662
663
678
765
999
1097
1142
1025
835
877
933
962
907
883
1068
1182
1325
1244
1470
1480
1318
1024
906
926
957
932
936
784
557
489
357
295
302
356
273
263
232
195
152
102
33
37
40
46
48
54
66
54
92
88
47
41
42
35
38
25
15
22
26
25
22
19
19
17
16
11
9
8
3
2
0
0
0
0
0
2
1
1
0
0
0
0
0
0
0
2
0
0
0
0
0
0
0
0
6
16
70
155
238
312
342
320
263
200
163
125
126
122
137
142
131
107
111
63
43
53
31
8
6
3
0
12
10
2
3
1
6
14
0
0
0
0
30
113
213
351
429
424
362
300
235
172
91
55
31
18
0
0
0
2
0
0
0
0
2
0
1
17
10
28
14
0
9
1
0
0
0
0
0
0
0
5
1
25
37
12
0
3
35
43
15
14
16
18
4
0
0
0
0
0
0
0
0
0
0
0
0
0
0
1
0
0
4
5
5
3
6
1
2
6
8
10
5
7
3
3
7
48
167
193
211
350
435
423
440
557
780
1051
1183
1199
1113
1036
975
987
1018
996
1061
898
776
703
620
471
352
397
377
339
474
903
1260
1413
1295
883
710
1200
1735
1975
1949
1746
1449
1035
601
595
729
861
824
589
284
171
329
405
460
411
318
182
187
338
380
440
477
570
694
945
1140
1185
1263
1493
1371
1234
1016
898
914
1002
969
988
830
612
494
348
224
110
125
128
121
133
163
190
214
221
166
106
114
124
95
46
27
23
17
6
9
10
6
3
0
4
6
8
15
15
7
5
0
0
0
0
0
0
0
0
0
0
0
0
0
0
0
0
0
0
0
0
0
0
0
0
0
0
0
0
0
0
0
0
0
0
0
0
0
0
0
0
0
0
0
0
0
0
0
0
0
0
0
0
25
123
263
337
412
419
403
350
296
283
327
322
302
231
178
200
238
340
354
235
105
85
97
117
127
167
263
341
359
389
381
322
282
340
543
677
735
609
534
568
582
649
803
957
1135
1134
1108
1021
964
841
810
755
721
641
602
526
420
334
304
306
291
290
253
214
150
120
122
104
127
109
71
65
60
23
26
35
41
35
29
21
29
14
3
2
24
42
50
52
60
44
18
23
32
53
78
110
126
124
173
258
391
527
765
1053
1167
1377
1350
1378
1399
1294
1135
902
602
563
747
792
692
578
531
993
314
297
242
313
370
466
536
488
432
348
342
484
742
1003
1047
1077
1101
573
1005
1488
1644
1433
916
469
755
821
529
254
614
795
692
318
110
232
246
70
19
52
264
380
637
929
1169
1376
1344
1040
1208
762
935
985
1088
1135
1246
1372
1395
1356
1339
1364
1208
1028
945
987
969
865
794
730
687
671
674
640
547
484
391
285
186
151
134
124
111
112
115
122
149
220
246
250
267
264
266
258
313
395
475
504
443
362
278
230
212
255
246
205
190
194
400
604
804
1037
1253
1470
1828
2266
2294
2269
2100
1498
987
781
760
781
702
619
616
718
793
829
813
548
212
192
208
188
106
101
115
164
240
380
500
673
778
883
880
858
794
701
634
590
517
473
383
324
295
246
237
264
215
145
130
127
87
78
80
65
60
45
43
44
40
21
38
35
28
31
46
63
72
65
67
92
158
202
215
196
160
121
62
27
8
3
3
3
2
3
4
2
3
4
64
149
240
347
369
366
328
284
198
122
61
14
12
8
3
5
3
4
1
0
0
0
0
0
0
0
1
3
1
2
12
19
21
26
33
32
25
19
8
3
5
2
0
0
1
13
16
13
30
23
25
28
23
20
10
15
24
15
4
1
6
8
0
4
4
2
3
6
5
10
8
11
5
4
2
4
4
4
3
3
5
9
1
0
10
79
198
222
264
364
402
460
578
701
927
1198
1336
1303
1163
1026
929
795
638
496
328
159
101
176
196
173
162
144
98
53
43
68
106
93
83
125
129
158
178
180
137
92
45
24
64
94
148
157
171
177
155
110
90
96
122
120
135
158
177
142
181
278
359
457
519
554
497
360
290
242
182
174
163
161
132
144
167
183
275
346
382
528
660
674
642
592
537
454
428
413
372
395
355
312
394
431
488
462
358
343
399
417
446
452
431
351
372
474
769
1154
1642
2086
2300
2608
2883
2935
2859
2545
2336
1853
1348
1025
1049
872
745
667
527
504
536
601
798
867
895
822
753
689
602
541
495
541
715
874
892
1063
1044
1009
997
875
793
725
603
350
420
416
319
191
288
295
207
83
79
120
240
411
548
664
875
840
724
636
461
338
249
268
300
255
269
237
223
162
140
104
122
127
75
48
16
50
138
142
145
138
96
130
115
22
81
156
226
308
487
685
872
915
1226
1115
1158
1185
1109
1025
843
632
467
446
380
281
173
123
143
190
195
210
175
170
180
229
310
330
320
251
283
393
668
926
1171
1362
1815
2312
2314
2210
2095
1866
1742
1514
1351
1312
1574
1827
1908
1901
1813
1544
1349
1255
1090
1013
904
893
1008
1183
1291
1384
1553
1680
2767
2273
2252
2024
1909
1625
1307
1055
1442
1603
1699
1678
1652
1519
1279
1108
1020
957
745
1085
1523
1949
2114
1984
1716
1357
1174
1150
892
629
523
421
376
302
289
331
507
584
556
441
355
248
318
474
718
1033
1237
1333
1424
1463
1483
1497
1485
1474
1429
1541
1482
1306
1151
1043
1020
1009
1172
1207
1154
1052
994
1091
1182
1316
1388
1438
1433
1379
1325
1349
1455
1490
1623
1854
1839
1791
1619
1513
1298
1139
923
818
831
929
1098
1198
1188
1154
1054
926
707
784
1090
1370
1565
1667
1575
1439
1240
1253
1539
1718
1900
1904
1754
1526
1342
1143
883
868
1067
1264
1464
1525
1501
1497
1431
1530
1370
1221
1014
738
633
732
700
772
770
747
796
801
723
654
630
562
492
427
418
433
497
592
629
682
702
702
609
554
483
429
529
750
948
1055
1057
803
706
844
817
771
814
777
628
504
449
539
711
872
895
775
662
488
653
732
798
856
1002
1097
1164
1180
1109
1035
805
819
1088
1204
1128
1349
1503
1382
1236
1191
1160
1132
1034
1044
1222
1207
1178
1156
1155
1069
958
871
938
1056
1185
1213
1234
1167
1142
1140
1020
917
904
963
1079
1171
1211
941
814
913
887
784
636
530
667
776
835
832
802
1176
1473
1635
1750
1749
1709
1672
1618
1744
1778
1767
1475
1123
1314
1681
1938
2179
2269
2162
1980
1710
1440
1166
789
596
704
647
578
573
452
312
198
174
369
530
561
535
440
359
330
374
368
340
376
407
403
325
472
741
864
875
885
848
792
593
581
672
832
1025
1147
1211
1245
1187
963
732
531
437
457
597
636
731
963
1043
1093
1290
1535
1666
1812
1810
1718
1537
1274
1020
886
705
521
795
917
908
755
527
263
369
1082
1422
1722
1995
2127
2110
1870
1350
802
1078
1582
1867
1897
1681
1331
987
751
1351
1783
1947
1922
1746
1560
1319
1115
902
875
1061
1045
994
850
679
422
352
371
304
132
235
276
281
252
162
150
209
194
147
129
117
92
81
41
33
81
77
51
43
60
94
77
72
70
81
93
123
94
83
203
273
220
244
323
428
527
640
728
699
665
571
493
380
258
182
232
181
126
109
114
101
111
108
126
104
102
136
161
244
289
302
306
194
161
147
166
184
229
164
112
31
16
29
41
66
62
186
308
232
147
181
583
955
506
148
424
280
104
161
226
259
248
303
332
274
166
130
166
117
124
163
160
140
112
69
70
58
60
68
99
154
123
78
100
82
73
61
96
179
194
203
186
138
72
65
68
48
38
38
41
31
23
11
11
4
16
4
0
0
1
0
1
1
0
0
4
2
0
1
0
1
7
5
31
190
540
805
1046
1389
1631
1872
2359
2484
2613
2736
3061
3045
3013
2961
2644
1873
1345
1139
981
824
632
414
276
232
97
28
30
50
87
137
205
216
219
174
58
19
53
33
4
43
74
42
11
18
13
18
12
15
38
80
124
141
142
142
161
147
128
130
95
98
84
71
55
44
31
11
6
3
1
0
0
0
0
0
0
0
0
0
0
0
0
0
2
2
1
0
1
1
0
0
0
0
0
0
0
0
3
23
40
29
0
2
14
27
17
12
0
0
0
0
0
0
0
0
0
0
0
2
0
2
19
20
13
2
2
3
3
2
0
0
0
0
0
0
2
0
2
0
0
3
2
0
0
8
54
196
302
357
374
348
272
155
63
11
46
155
308
449
513
534
516
403
258
114
21
10
22
21
7
0
0
0
0
0
1
2
2
0
0
1
1
0
0
0
0
1
0
0
0
0
0
0
0
0
0
0
0
2
0
0
0
0
0
1
0
1
1
8
33
126
230
327
402
385
321
201
107
70
95
137
186
227
317
443
415
337
380
690
984
1066
1203
1074
895
870
834
754
968
893
479
578
728
750
757
732
641
562
463
410
376
348
314
326
362
392
411
386
328
359
350
322
265
256
244
259
298
339
367
382
366
343
291
225
179
146
188
317
480
582
636
577
562
399
271
185
193
288
274
268
283
275
273
295
270
235
223
251
248
281
478
753
949
984
934
811
1068
1357
1437
1624
1633
1460
1267
975
647
424
357
399
461
469
428
322
231
186
149
244
488
628
615
628
706
871
931
808
624
279
75
188
229
141
63
33
21
40
161
305
376
429
403
356
287
220
127
75
14
2
2
1
0
0
0
0
0
0
0
0
0
0
0
0
0
0
0
0
0
0
0
0
3
11
5
0
5
1
0
0
0
0
0
0
0
0
0
0
0
0
0
0
0
0
0
1
0
0
0
0
0
0
0
1
0
2
2
2
5
7
8
20
29
31
89
161
260
393
451
317
344
565
689
939
1091
1123
1207
1297
1326
1287
1741
2006
1853
1642
1374
1113
907
801
827
833
898
835
886
1055
1039
847
426
797
1002
1016
1076
1126
955
606
534
271
358
797
1274
1568
1741
1839
1951
1980
1799
1680
1705
1835
2048
2180
2395
2247
1933
1511
1016
999
1710
1098
1080
979
829
734
652
531
462
433
487
434
282
468
375
325
372
265
232
278
330
366
400
526
430
139
120
138
151
150
197
192
117
97
32
3
1
7
82
111
95
67
38
38
47
57
20
12
4
0
1
0
0
0
0
2
3
8
16
26
32
28
25
17
19
18
22
25
18
10
12
5
3
2
1
0
0
0
0
0
0
0
0
0
0
0
0
0
0
0
0
0
0
0
2
0
0
0
0
0
0
0
0
0
0
0
0
0
0
0
0
0
0
0
0
0
0
0
0
0
0
0
0
0
0
0
0
0
0
0
0
0
0
0
0
0
0
0
1
0
0
0
2
13
35
112
176
93
12
37
101
131
58
11
0
27
53
56
45
40
44
35
73
69
88
76
81
71
79
61
53
27
38
40
30
9
1
0
0
0
0
1
0
0
0
0
0
0
0
0
0
0
0
0
6
5
7
8
13
18
17
75
99
121
131
132
124
184
235
232
192
149
110
108
127
67
17
0
6
43
61
81
81
68
50
51
44
39
29
25
9
8
5
5
7
5
7
11
12
14
17
19
18
16
14
14
13
18
28
40
43
34
32
29
31
21
14
11
10
10
7
3
4
4
3
8
21
138
593
1262
1468
1491
1981
2076
1949
1788
1678
1693
1686
2201
2203
2289
2560
2842
2876
2614
2087
1815
1778
1972
2276
2597
2911
2898
2215
2595
2389
2282
2245
2291
2214
1889
1465
1422
2029
2121
1869
1277
959
912
1106
1178
1163
932
1102
1402
1335
1073
736
642
493
499
427
430
528
505
404
454
876
1425
1876
2216
2542
2637
2645
2592
2470
2186
1786
1386
970
588
600
942
1214
1381
1516
1538
1434
1280
1062
798
656
798
1355
1710
2101
2263
2243
2342
2165
1964
1844
1494
1292
1086
901
649
380
167
192
402
604
743
805
1027
1084
1024
1012
893
808
728
592
346
349
482
420
600
625
612
615
543
421
378
308
210
107
161
215
263
312
310
321
296
232
143
73
23
14
20
29
32
42
42
33
24
18
6
2
0
1
0
1
1
1
0
0
0
0
12
76
178
287
321
307
242
183
107
80
57
32
26
16
19
24
17
16
11
3
1
0
0
0
0
0
0
0
0
6
18
29
29
16
41
83
88
97
152
237
385
477
566
713
771
796
810
1085
1183
1253
1208
1093
985
826
716
638
608
533
442
335
217
100
51
18
34
96
149
182
217
199
158
174
5
171
445
761
1084
1477
1880
1883
1655
1483
1212
1143
1011
767
661
593
353
313
466
416
332
309
302
261
216
163
125
62
13
14
28
19
11
9
17
14
31
36
1
6
8
26
24
23
7
5
0
0
2
0
3
1
8
4
7
5
7
16
17
11
3
0
0
0
0
0
0
0
0
3
0
0
0
0
0
0
0
0
0
0
0
0
0
0
0
0
0
0
0
0
0
0
1
0
0
0
0
0
0
0
0
0
0
5
2
1
0
0
0
1
0
1
0
2
2
0
1
0
0
0
0
0
0
0
0
0
0
0
0
0
0
0
0
0
1
1
0
0
0
0
0
0
0
0
0
0
1
1
2
0
0
0
0
0
0
0
0
0
0
0
0
0
0
0
0
0
0
0
0
0
0
1
13
42
81
131
193
223
226
205
161
129
87
63
49
31
12
9
2
0
0
0
0
9
89
236
370
423
409
366
269
199
161
113
84
62
31
49
74
103
89
91
56
28
10
11
31
60
58
52
36
1
0
0
1
2
2
1
0
0
0
1
2
0
0
0
0
0
0
0
0
0
0
0
0
0
0
0
0
0
0
0
0
0
1
1
5
4
8
9
9
4
4
2
15
18
23
34
36
30
38
41
27
37
19
60
108
160
214
263
336
455
674
938
1074
1158
1231
1464
1613
1690
1594
1609
1588
1551
1478
1576
1846
2241
2759
3223
3354
2879
2627
2817
2977
2911
2938
2955
2916
2766
2627
2976
3073
3013
2839
2584
2312
2232
1974
1811
1674
1705
1817
1837
1801
1791
1757
1565
1648
1534
1079
680
645
600
652
821
1333
1809
2169
2429
2447
2349
2258
2291
2114
1824
1523
1362
1237
1139
944
700
614
531
440
308
289
299
274
306
286
321
383
450
495
432
412
299
278
349
529
689
800
935
1079
1154
1129
1103
1042
838
600
461
357
279
318
298
291
237
197
220
200
144
239
292
398
718
920
984
928
736
580
484
414
356
330
337
316
273
189
106
128
142
183
190
150
105
52
13
19
41
50
24
15
39
110
162
177
129
76
55
43
48
87
129
196
271
272
164
67
113
140
151
117
94
143
224
308
352
432
461
469
503
549
587
691
773
838
837
761
687
581
536
496
477
430
377
307
249
240
253
254
255
298
423
513
610
633
690
728
652
628
574
457
296
209
132
72
46
39
25
38
41
37
57
98
128
159
177
232
600
311
299
358
325
333
344
298
232
189
158
130
83
38
24
10
0
0
0
45
436
832
591
700
790
770
687
724
884
1316
1857
2128
2102
1939
1674
1364
1087
1100
1200
1404
1391
1231
1048
821
695
804
827
678
561
454
541
485
371
281
237
279
444
724
1127
3265
1584
1515
1451
1382
1476
1600
1705
1828
1937
2008
2036
2100
1803
1974
2171
2255
2554
2702
2480
2515
2302
2326
2243
1826
1501
1016
772
779
854
886
835
759
681
581
580
615
484
547
584
526
356
466
529
424
389
628
272
287
252
179
317
460
357
160
103
103
96
111
94
66
33
9
5
9
3
1
0
0
0
0
0
0
0
0
0
0
0
0
0
0
0
0
0
1
1
11
9
6
2
0
0
0
0
0
0
0
0
0
0
0
0
0
0
0
0
0
0
0
0
0
0
2
57
131
247
356
400
356
353
347
311
332
412
578
727
898
943
951
1070
1007
1193
1594
1529
1541
1765
1810
1821
1607
1526
1664
1677
1666
1395
1179
970
1430
1874
2415
2452
1746
996
1202
2072
2411
2433
1931
2214
2596
2903
2745
2322
2143
2265
2317
2202
2182
1832
1426
1579
1733
1803
1768
1520
1331
1421
1481
1357
1301
1410
1617
1633
1318
880
884
1076
1331
1560
1811
2231
2460
2448
2362
2304
2260
2087
2098
1974
1813
1610
1391
1205
1072
946
821
757
698
717
892
1036
1086
1023
916
701
570
485
427
451
481
533
597
764
922
930
858
768
628
460
378
385
355
293
260
212
182
162
161
109
99
92
92
139
137
153
186
206
233
232
219
231
216
219
202
218
198
227
198
209
223
206
212
209
196
124
86
79
58
62
37
27
14
8
9
12
12
16
15
10
4
0
0
0
0
2
0
0
0
0
0
1
3
1
4
1
2
0
1
1
77
384
855
1113
1088
922
722
435
173
71
108
77
61
80
128
182
190
80
86
260
488
648
718
698
624
584
498
456
513
517
593
728
748
848
884
1007
1097
1051
1082
1124
1299
1412
1372
1181
1266
1223
1102
919
954
1039
1046
978
899
748
674
726
895
1152
1376
1615
1750
1761
1788
1655
1383
1295
1251
1335
1435
1510
1629
1810
2000
2247
2442
2663
2934
3051
2934
2919
2715
2729
2962
3021
2849
2698
2583
2663
2548
2807
2822
2741
2625
2235
1764
1144
656
379
500
861
1152
1433
1738
1929
1677
1306
1210
1215
1510
1696
1603
1634
1488
1458
1553
1763
1671
1281
892
835
928
859
577
623
649
603
583
531
604
613
471
420
337
326
219
160
113
141
309
405
351
108
63
100
31
57
133
162
306
485
736
1016
1300
1566
1700
1846
1766
1970
2158
2201
2137
1853
1504
1371
1595
1903
2068
2326
2564
2669
2631
2673
2598
2409
2288
2049
1960
1841
1798
1813
1823
1909
2003
2286
2376
2444
2481
2407
2436
2306
2038
1779
1979
2484
3022
3481
3721
3775
3665
3424
2933
2443
2274
2115
1965
1710
1157
749
502
405
488
637
714
782
844
1004
1502
2237
2730
3423
3958
4254
4506
5016
5300
5098
4858
4627
4854
4958
5153
5415
5839
6030
5915
6395
7511
8351
7516
5563
6015
6423
6264
6387
5256
3555
3240
3400
3430
3322
2984
2763
2213
1541
1607
1668
1628
1549
1502
1385
1406
1149
890
689
518
400
379
390
357
300
293
277
244
203
190
187
314
562
737
629
284
351
532
553
526
700
962
823
563
373
687
1013
925
530
478
723
702
717
542
591
876
773
527
846
1126
1313
1336
1456
1533
1645
1625
1981
2483
2935
3325
3638
3833
3759
3802
3862
3979
3958
4140
4112
3988
3835
3695
3609
3597
3811
3951
3883
3844
3904
3741
3485
3303
3036
2667
2497
2370
2089
1799
1498
1324
1247
1076
958
928
1158
1418
1559
1509
1418
1320
1262
1063
1029
1142
1109
981
813
811
754
641
491
462
451
458
508
555
538
506
410
362
346
335
322
294
236
186
134
76
46
16
1
3
7
10
7
9
20
34
47
104
250
391
597
683
792
799
885
1069
1074
959
785
695
633
612
689
803
819
809
805
749
774
1074
1577
2160
2288
2267
2046
1686
1446
1130
1041
956
828
591
525
588
540
458
360
262
240
316
343
367
447
487
527
529
659
769
773
672
576
474
462
538
569
656
715
725
688
657
507
317
381
473
428
315
452
672
797
885
1245
1638
1912
2275
2713
3075
3455
3696
3823
4095
4247
4157
4034
3695
3369
3418
3389
3357
3177
2839
2633
2483
2519
2652
2518
2187
1842
1543
1332
1126
952
1213
1845
2130
1658
1281
1458
1369
1253
1125
1169
1124
1008
800
695
657
691
687
605
537
421
359
390
488
610
740
752
691
620
515
399
358
327
353
413
503
583
622
620
576
501
447
380
358
428
482
590
589
596
568
474
439
423
398
388
374
438
490
461
458
560
672
564
381
453
608
610
505
502
508
506
470
502
482
476
413
313
211
152
114
94
118
178
268
310
419
497
495
544
637
775
844
950
1006
964
891
815
739
671
598
555
511
436
364
270
229
193
128
94
88
57
54
54
56
55
72
59
59
63
73
80
88
86
68
44
19
3
4
5
2
0
1
0
0
0
3
1
0
0
0
0
0
0
0
0
0
0
0
0
0
0
0
0
0
0
0
0
0
0
0
0
0
0
0
0
0
0
0
0
0
0
0
0
0
0
0
0
0
0
0
0
0
0
0
0
0
0
0
0
0
0
0
0
0
0
0
0
0
0
0
0
0
0
0
0
0
2
6
4
12
20
18
14
9
7
100
227
230
119
75
25
17
12
6
0
1
0
2
1
0
2
1
0
0
1
1
1
1
7
0
0
0
0
0
0
0
0
0
0
0
0
1
0
0
2
3
7
5
7
4
7
10
10
7
5
4
4
2
4
0
0
0
0
0
0
0
0
0
0
0
0
0
0
0
0
0
0
0
0
0
0
0
0
0
4
18
56
138
231
296
349
350
346
322
281
186
110
73
46
43
60
101
127
106
71
39
2
3
33
65
220
333
377
324
236
133
124
145
129
113
92
63
77
55
68
95
181
309
337
246
153
242
431
387
73
152
62
11
7
13
1
15
44
101
123
72
23
13
12
6
1
0
1
12
15
7
13
9
14
40
68
75
76
111
175
152
117
125
133
101
87
63
72
116
148
115
64
81
78
57
32
17
11
4
24
125
135
40
24
23
40
37
24
21
33
29
58
70
80
154
332
642
961
1101
987
949
1097
1429
1836
2068
2166
2032
1766
1549
1152
619
317
599
682
693
658
661
559
450
478
604
756
821
811
784
678
634
626
594
594
612
522
350
213
166
215
259
267
288
275
271
280
277
278
234
242
224
223
166
135
83
72
94
177
327
518
759
878
840
795
796
721
678
697
785
957
1299
1620
1668
1605
1562
1631
1541
1314
1099
825
609
455
560
769
968
1077
1213
1277
1289
1114
1010
947
819
684
578
564
585
1814
912
911
812
734
758
842
966
1107
1293
1475
1651
1674
1707
1640
1424
1277
1103
966
773
599
492
467
531
603
715
811
869
1008
1051
870
761
726
611
623
675
727
791
767
704
660
599
618
641
601
615
596
594
627
640
665
603
557
505
446
347
321
302
264
326
385
432
433
403
364
372
393
406
430
402
385
370
348
267
37
144
254
277
277
241
224
249
340
420
516
623
511
559
428
403
208
89
151
186
124
57
34
44
21
40
66
135
224
299
366
507
632
868
1159
1279
892
557
333
194
201
193
189
200
209
273
291
342
427
391
314
192
602
748
647
503
241
168
330
480
594
823
1119
1217
1486
528
391
332
277
197
202
183
50
66
231
378
419
442
523
655
765
608
695
927
1110
1452
1749
1635
1488
1381
1135
886
1262
1246
1029
765
738
591
321
297
537
845
1190
1882
2185
2464
2572
2498
2122
1668
1286
1032
563
985
1669
2137
2377
2415
2311
2071
1767
1492
1421
1246
1044
919
918
1173
1685
2154
2346
2202
1788
1386
1039
683
434
270
390
548
721
847
1014
995
1042
1199
1305
1548
1781
2045
2351
2568
2551
2515
2434
2407
2398
2401
2420
2274
1909
1458
1221
1082
1002
951
840
778
945
1051
974
791
572
297
388
629
837
1045
1197
1243
1139
1143
1211
1355
1449
1517
1573
1532
1439
1625
1780
1947
2076
2099
2100
2095
2052
2359
2697
2979
3236
3527
3697
3677
3875
4170
4201
4045
3785
3521
3440
3409
3438
3485
3405
3356
3331
3285
3187
3104
2969
2678
2456
2346
2169
1904
1666
1472
1284
1238
1170
1112
839
532
429
399
319
261
178
237
374
503
681
864
989
1036
1039
940
841
855
763
670
459
270
259
481
652
797
869
1024
1266
1514
1754
2000
2291
2674
3249
3769
3810
3758
3808
3708
3509
3409
3414
3433
3373
3355
3320
3271
3252
3180
2877
2557
2322
2087
1960
1860
1769
1548
1492
1628
1739
1784
1630
1160
724
575
548
487
322
290
448
429
327
277
304
345
388
478
568
578
584
523
464
386
334
240
170
107
65
36
14
6
6
1
0
0
0
0
2
1
5
14
11
10
3
0
3
43
142
232
286
319
332
350
390
475
501
428
226
82
153
204
170
96
5
23
114
209
229
198
117
40
4
1
0
13
15
18
9
0
40
111
128
78
11
15
41
26
6
3
33
39
28
20
8
0
0
0
0
0
0
0
0
0
0
0
0
0
0
2
13
16
2
1
5
27
38
5
3
21
40
117
213
276
299
298
251
177
113
44
2
0
4
46
146
227
237
219
183
145
95
67
56
36
30
23
34
26
21
31
35
35
31
21
11
1
0
0
0
0
0
0
0
9
7
6
0
10
6
4
29
73
109
118
123
96
24
1
60
114
85
19
28
122
130
14
9
84
106
57
14
9
37
45
88
101
74
33
7
25
70
78
53
27
4
54
164
289
363
388
366
303
215
144
81
35
4
0
0
0
0
0
0
2
0
0
0
0
0
0
0
0
0
0
0
0
0
0
0
0
0
0
0
0
0
0
0
0
0
0
0
0
0
0
0
0
0
0
3
10
8
14
5
0
0
0
0
0
0
0
5
27
242
199
175
98
79
73
4
32
97
168
221
273
176
30
142
353
442
424
292
73
36
270
402
367
194
24
87
194
224
137
28
3
36
58
57
10
0
0
2
0
0
0
0
0
0
0
0
0
0
0
0
1
3
8
50
83
111
162
207
225
260
273
304
290
255
228
190
150
104
63
52
37
20
14
5
13
25
38
70
122
196
228
182
132
39
4
6
13
9
20
10
0
0
0
0
0
0
0
0
0
0
0
0
0
0
0
0
0
0
0
0
0
0
0
3
0
6
0
0
0
0
0
1
9
13
17
2
0
3
16
31
4
23
51
61
70
101
133
107
72
38
3
0
2
3
27
44
1
24
15
14
2
2
9
8
0
14
0
0
5
0
2
1
4
5
7
23
6
7
23
123
336
552
707
752
780
770
676
521
344
215
137
98
65
65
28
8
4
0
0
1
23
87
88
21
4
2
0
0
0
0
0
0
0
1
0
0
0
0
0
0
0
0
0
0
0
0
0
0
0
1
0
1
14
34
47
59
35
5
11
23
18
74
183
361
516
602
587
579
496
387
322
343
292
246
104
54
133
186
247
322
209
30
3
53
95
117
102
89
65
88
85
87
99
68
87
121
145
124
126
143
132
103
81
46
45
17
22
16
19
32
7
47
19
5
40
53
64
55
43
47
34
30
13
3
2
9
12
6
6
6
4
6
0
0
0
1
0
0
0
2
78
121
60
10
1
34
32
8
8
4
4
21
22
1
2
4
17
13
3
4
5
3
2
5
4
8
10
7
4
8
9
4
2
7
11
8
11
5
3
1
4
16
51
78
89
140
208
251
267
285
323
364
387
452
587
744
751
729
759
854
823
792
843
831
908
946
1037
1123
1257
1363
1497
1496
1572
1648
1678
1605
1568
1465
1364
1154
1083
899
700
542
471
444
473
427
446
519
552
658
974
1301
1634
1725
1818
1854
1949
1937
1832
1784
1760
1761
1699
1586
1481
1381
1237
1105
998
947
858
782
729
667
592
527
503
429
385
373
284
269
209
232
173
115
59
39
40
68
122
125
68
64
15
66
25
39
85
133
214
222
223
194
160
41
0
0
19
8
1
28
51
39
6
23
37
9
0
3
2
12
26
20
28
35
25
112
236
469
691
824
867
692
549
647
657
692
683
650
599
592
648
736
932
1030
1117
1631
946
839
765
611
456
371
539
918
1242
1196
1062
903
746
648
625
726
780
773
726
625
466
391
338
330
274
238
223
246
235
213
193
175
131
75
33
16
1
0
1
13
23
14
4
7
15
53
71
81
96
119
139
164
209
212
252
267
274
273
240
211
168
106
26
3
4
21
43
74
109
210
310
417
503
562
588
566
535
494
483
458
458
524
552
573
644
695
710
603
548
491
672
744
766
711
588
356
307
333
332
359
397
352
239
313
311
344
352
192
208
245
237
222
180
132
73
78
123
165
108
114
110
162
179
115
129
106
100
96
77
63
41
24
17
39
30
18
17
18
14
16
14
17
62
156
164
131
140
147
122
156
134
189
293
345
323
291
270
223
165
94
77
62
29
20
55
71
17
54
87
121
241
322
320
286
178
96
261
306
301
262
227
154
79
77
60
41
75
153
173
197
186
165
150
97
24
3
1
14
43
55
77
149
264
378
412
415
377
268
173
121
75
39
40
69
120
208
328
390
400
400
390
309
244
250
355
506
654
829
947
1052
1167
1244
1262
1185
1138
1073
997
973
851
692
574
520
463
385
298
258
259
358
500
657
700
648
524
389
335
341
343
319
231
116
12
7
40
66
52
17
1
0
1
0
0
0
0
0
0
0
0
18
54
87
76
36
5
0
0
3
53
96
131
177
200
281
268
110
24
151
228
312
349
337
288
266
353
498
633
711
899
1088
1337
1508
1524
1359
1108
954
945
995
968
791
581
382
332
406
386
351
289
259
298
356
366
394
475
644
919
1303
1833
2446
2811
2950
2923
2637
2027
1299
940
1226
1426
1807
1862
1866
1772
1548
1295
905
660
645
743
942
1089
1241
1322
1588
1793
1944
1956
1561
1110
751
588
454
359
298
387
458
411
465
670
604
470
407
334
307
223
165
115
166
262
323
299
215
121
105
174
209
224
218
199
151
121
120
120
98
86
59
36
15
2
3
2
5
8
4
4
2
1
2
7
8
12
7
5
1
0
0
0
1
0
0
0
0
0
0
2
2
4
17
26
46
53
60
78
78
70
53
57
53
47
33
50
36
30
21
14
8
2
1
0
0
0
0
0
0
0
0
0
0
0
0
0
0
0
0
0
0
0
0
0
0
0
0
0
0
0
0
0
0
0
0
0
0
0
0
0
0
0
0
0
0
0
0
0
0
0
0
0
0
0
0
0
0
24
55
101
104
99
81
69
59
43
17
0
1
6
10
5
0
2
3
4
12
23
29
19
11
11
15
17
7
1
2
0
0
0
0
0
0
0
0
0
0
0
0
0
0
1
5
24
59
102
149
227
291
377
401
394
292
75
180
356
355
204
79
278
372
331
127
44
275
381
298
97
49
206
232
155
77
313
420
386
215
6
186
299
283
161
19
138
257
205
64
110
261
343
337
293
190
126
79
73
239
325
320
193
71
8
16
13
12
7
5
1
0
0
1
1
1
0
0
0
1
0
0
0
0
0
0
0
2
2
1
0
0
4
2
0
1
0
0
0
0
0
0
0
0
0
0
0
1
0
0
0
3
4
5
5
9
11
5
1
0
0
0
2
22
129
271
366
413
374
316
243
181
137
87
62
50
32
29
17
2
0
0
2
3
20
11
1
0
0
1
3
6
11
25
95
133
176
117
161
234
152
65
179
272
300
218
117
58
38
49
49
61
45
16
3
3
0
0
0
0
0
0
0
0
2
4
3
4
0
0
5
0
1
2
5
1
1
3
2
1
7
5
8
5
6
10
19
15
16
10
11
9
2
3
2
0
0
0
7
1
0
7
2
0
0
0
0
0
6
14
13
6
4
0
9
17
9
4
5
4
4
10
30
31
26
36
30
17
4
0
0
0
0
0
0
0
0
0
0
0
0
0
0
0
0
0
0
0
0
2
0
0
0
0
0
8
14
21
17
0
0
0
0
0
20
83
181
238
242
225
201
149
117
62
23
21
28
24
15
17
15
8
16
12
12
5
17
12
15
28
13
0
0
0
0
0
0
0
0
0
0
0
0
0
0
0
0
0
2
6
14
19
17
11
13
31
44
36
22
20
7
8
3
0
0
1
0
0
0
0
0
0
0
0
0
0
1
8
46
103
193
293
314
316
282
216
194
163
146
111
121
121
85
76
80
63
80
145
154
157
188
204
194
185
157
116
72
71
65
91
126
180
230
292
371
535
755
987
1146
1207
1176
1052
764
535
395
261
327
606
847
1072
1256
1501
1689
1836
1928
1969
2046
2184
2240
2256
2246
2038
1841
2055
2500
2724
2878
3058
3304
3644
4179
4644
4974
5332
5513
5319
4939
4572
4287
3868
3563
3784
3655
2960
2044
1266
969
1452
2096
2741
3265
5680
4063
4406
4667
4928
5272
5431
5548
5802
5833
5744
5343
5045
4716
4269
3924
3733
3389
2985
2791
2524
2285
2068
1688
1259
857
488
502
713
862
942
1078
1395
1801
2301
2838
3391
3831
4074
4319
4638
4349
4302
4470
4588
4567
4336
4238
4111
3894
3744
3635
3662
3602
3477
3217
2892
2487
2166
1899
1683
1427
1392
1446
1812
2146
2537
2828
2681
2487
2251
1965
1909
2275
2341
2172
2137
1956
1629
1235
943
722
618
526
459
437
483
484
555
571
579
460
385
267
198
228
214
140
49
61
153
148
34
75
129
126
57
2
121
146
45
106
177
111
75
226
213
86
122
199
136
122
142
138
161
254
548
805
1297
1868
2521
2880
2709
2233
2431
2347
1931
1734
1493
927
784
949
973
908
802
736
653
461
415
413
412
380
321
320
395
289
242
180
172
293
229
129
53
51
86
117
85
39
28
48
96
117
67
37
168
215
126
16
148
216
130
23
72
142
92
78
63
40
147
145
80
29
232
264
135
8
41
42
37
92
121
55
10
75
99
58
0
72
99
25
0
20
16
0
65
126
101
18
0
3
2
19
97
92
63
3
0
0
5
81
205
371
484
589
640
707
753
807
919
1183
1431
1728
1820
1762
1657
1612
1583
1522
1455
1387
1341
1242
1197
1220
1295
1251
1273
1344
1553
1592
1702
1688
1605
1638
1860
1928
1749
1440
1183
837
531
381
292
317
505
717
786
747
691
651
617
536
502
385
295
206
293
329
312
292
493
629
591
480
378
410
289
67
78
216
258
200
83
214
475
539
335
55
80
293
384
304
117
24
178
168
31
24
165
186
138
221
401
399
153
1
97
104
14
81
274
210
63
11
35
23
4
6
14
2
20
10
15
19
19
2
9
24
42
270
489
492
506
495
383
319
232
129
48
17
5
38
54
21
0
24
176
263
262
77
99
144
182
162
133
91
77
93
109
117
71
45
38
46
56
25
22
22
17
19
1
18
73
84
41
8
0
11
34
30
12
1
2
0
0
15
129
332
519
620
655
588
556
415
273
183
131
127
89
52
9
4
20
77
44
11
8
1
0
1
6
5
0
9
36
26
6
4
2
0
0
0
3
2
1
1
0
2
1
1
0
0
1
0
0
0
0
0
0
0
2
4
1
6
11
6
12
4
51
37
2
0
0
0
0
1
0
1
2
9
38
61
88
105
108
131
126
124
125
151
222
345
438
491
495
473
416
341
243
154
200
33
34
44
64
92
83
53
24
14
3
0
0
0
0
0
0
0
0
3
6
7
2
1
0
1
1
3
3
3
1
1
0
0
0
0
1
0
0
0
0
0
0
0
0
0
0
0
0
0
0
0
0
0
0
2
5
4
9
16
19
16
10
9
12
8
4
0
1
1
0
0
0
0
0
0
0
0
0
0
7
39
132
224
279
247
137
67
45
30
34
43
45
29
51
41
51
83
114
288
441
656
839
954
1003
978
994
963
978
877
897
882
764
698
561
385
344
461
723
1053
1239
1310
1184
1103
1392
1512
1666
1908
2137
2310
2517
2772
3046
3255
3454
3973
4294
4296
4162
3894
3524
3393
3270
3283
3241
2918
2642
2398
2194
1984
2011
2142
2086
1904
1592
1291
989
583
226
137
214
325
415
492
616
757
1001
1246
1515
1812
2128
2521
3004
3500
3881
4168
4312
4596
4646
4279
3891
3527
3343
3047
2808
2521
2175
1885
1503
1117
893
826
772
795
781
684
570
496
649
755
798
732
659
561
371
333
358
349
267
133
74
61
75
87
50
8
37
42
8
2
19
35
30
3
3
26
48
17
41
33
23
10
14
0
0
0
11
10
15
11
52
69
12
7
6
9
8
0
0
1
3
1
4
0
2
12
26
11
6
9
25
42
21
0
3
0
0
0
0
0
0
0
0
0
0
0
0
0
0
0
0
0
0
0
0
0
0
0
0
0
0
0
0
0
0
0
0
18
140
339
504
572
540
473
350
234
134
94
58
37
20
12
30
57
115
162
168
180
218
386
537
386
111
277
473
598
676
690
696
772
790
677
400
304
288
198
161
162
159
164
146
50
70
56
47
45
53
72
66
25
32
66
66
10
5
24
50
79
145
160
184
228
151
93
83
73
70
69
77
50
24
20
31
24
23
11
0
1
0
0
0
0
0
0
0
0
0
0
0
0
0
10
41
125
218
443
662
1069
1575
1927
2041
2042
1863
1507
1386
2281
3251
3682
4529
5547
5995
5681
4862
4483
4310
3900
3598
3523
3277
3110
2809
2439
2146
1785
1590
1651
1700
1625
1542
1491
1415
1287
1085
894
733
770
790
788
755
708
786
882
1115
1308
1658
1888
2108
2496
2734
2691
2668
2657
2765
2639
2644
2681
2633
2335
2069
2530
2836
3078
3256
3803
4268
4635
4730
4762
4631
4421
4267
4180
4272
4375
4425
4333
4206
4012
3691
3493
3340
3081
2948
2814
2650
2592
2515
2418
2346
2236
2289
2305
2484
2782
2755
2438
2234
2240
2054
1848
2702
1496
1389
1344
1326
1418
1565
1842
2220
2567
2892
3254
3544
3715
3973
4194
4415
4531
4750
4853
4796
4842
4588
4270
3898
3519
3206
2876
2528
2291
2037
1880
1934
2023
2030
1922
1629
1385
1079
692
812
1427
2167
2805
3020
2824
2424
2166
1434
768
1428
1525
1873
2116
2226
2052
1751
1373
1054
719
417
304
280
292
262
268
246
159
139
99
85
63
64
93
105
98
103
105
109
78
47
27
27
31
28
24
7
4
0
2
0
0
0
0
0
0
0
0
0
0
0
0
0
0
1
0
1
0
0
0
0
0
6
25
58
84
81
71
55
34
24
12
10
1
8
23
27
34
47
53
43
13
0
1
0
0
0
0
0
22
40
17
0
8
26
24
2
0
0
19
0
40
35
2
0
3
7
2
0
0
0
0
6
4
0
0
1
0
3
0
0
11
47
62
24
0
42
78
26
0
0
4
6
9
1
0
0
0
0
0
0
0
0
3
3
3
5
3
4
6
14
19
13
12
6
9
18
15
15
3
0
0
0
0
0
0
0
0
14
32
29
7
1
7
1
0
4
5
5
6
9
4
7
14
11
0
26
21
47
130
189
210
222
221
127
23
57
208
278
216
64
7
6
9
0
11
20
38
128
178
79
24
85
193
170
53
25
71
88
20
19
30
12
0
10
15
0
3
19
0
25
91
76
27
17
15
14
10
6
0
0
0
4
31
53
67
43
21
34
84
90
24
3
20
51
64
56
17
0
11
27
32
11
0
0
4
1
0
0
0
0
0
0
0
0
0
0
0
0
0
0
0
0
0
0
1
0
0
1
0
0
0
0
0
0
0
0
0
0
0
0
0
0
0
0
0
0
0
0
1
0
0
1
1
0
1
2
0
0
0
0
0
0
0
0
0
0
0
0
0
0
0
0
0
0
0
0
0
0
0
0
0
0
2
1
0
2
1
0
0
0
0
0
0
0
0
0
0
0
0
0
0
0
0
0
0
0
0
0
0
0
0
0
0
0
0
0
0
0
0
0
0
0
0
0
0
0
0
0
0
0
0
0
0
0
0
0
0
1
2
0
0
1
16
28
3
0
0
0
25
49
62
41
13
11
9
7
22
37
41
45
21
3
2
0
0
0
1
1
4
2
0
0
0
1
7
14
9
4
0
0
0
0
0
0
0
0
0
0
0
0
0
0
0
0
0
0
0
0
3
1
5
16
29
21
31
42
21
43
88
120
152
214
328
557
704
712
672
744
958
1099
1138
1106
1170
1203
1180
1199
1198
1172
976
1022
1139
1058
884
854
787
732
666
479
331
302
231
150
150
133
194
226
233
197
127
82
98
148
154
131
135
109
74
78
94
152
197
194
154
136
138
100
76
45
26
18
16
12
9
7
3
4
3
3
13
11
10
25
42
71
87
95
89
91
80
71
63
67
101
151
158
208
294
328
296
264
191
153
113
109
83
56
99
161
193
243
453
841
1205
1433
1514
1604
1611
1516
1456
1185
848
534
440
527
716
951
1166
1335
1468
1474
1410
1282
1084
1005
803
686
665
501
320
301
357
327
152
106
146
127
110
108
101
102
83
127
126
103
90
87
68
25
6
33
41
18
1
23
74
58
61
97
100
86
77
74
52
42
69
37
40
61
78
91
56
18
7
18
19
5
0
2
4
16
30
28
13
18
34
56
124
261
236
178
120
65
79
109
171
220
198
217
274
348
550
736
716
700
584
421
243
22
50
47
30
53
56
31
21
37
54
85
77
82
53
15
92
157
176
162
203
213
203
154
135
267
342
273
99
243
343
355
297
338
290
195
81
49
55
103
176
288
357
401
720
164
222
247
295
288
269
368
515
688
831
1103
1352
1470
1696
1692
1739
1464
1197
919
585
537
536
455
489
564
629
623
662
654
654
578
621
725
781
764
814
860
894
858
811
730
591
408
253
159
36
115
230
425
533
556
546
554
499
455
290
499
902
1200
1491
1588
1748
1804
1769
1776
1665
1600
1570
1517
1646
2093
2530
3119
3481
3968
4346
4588
4333
3932
4263
4331
4375
4501
4067
3760
3474
3351
3206
2967
2618
2224
1922
1709
1483
1300
1364
1399
1390
1078
754
289
92
27
83
137
76
33
63
114
117
55
44
41
38
13
5
8
4
9
8
1
1
0
1
0
0
3
2
2
1
0
0
0
0
0
0
0
0
0
0
0
0
0
0
0
0
0
0
0
0
0
3
6
6
3
5
2
0
0
0
0
0
2
19
68
90
74
49
28
18
18
11
8
3
0
2
0
3
3
1
4
3
7
15
23
5
11
5
1
0
0
0
0
0
0
0
0
0
0
0
42
228
404
344
23
254
402
271
103
220
350
234
29
143
213
205
78
29
61
19
74
117
115
82
32
2
0
1
18
0
3
2
0
0
0
0
3
52
134
232
316
375
416
474
476
362
162
27
83
84
72
195
301
267
257
288
443
489
571
625
618
641
627
653
589
644
610
633
603
536
540
537
490
409
364
361
398
491
528
624
686
758
802
872
897
928
901
869
789
755
722
729
725
746
790
794
783
753
749
703
680
621
550
457
390
321
197
155
151
118
101
87
55
43
19
0
0
0
0
0
6
26
59
94
134
215
286
323
417
472
557
573
715
721
808
865
909
1015
1084
1076
1068
1060
1049
1033
1000
985
952
892
905
961
977
976
925
890
861
784
712
674
679
663
674
659
695
629
626
646
666
705
654
444
253
146
121
156
199
211
187
179
270
432
661
727
736
706
582
462
363
273
216
160
192
267
313
321
280
202
145
303
385
317
194
86
39
47
77
98
170
170
154
164
161
106
77
123
229
343
373
352
329
349
320
351
323
290
277
246
132
55
32
27
16
36
81
144
527
1056
1537
1880
2005
1973
1955
1882
1735
1465
1260
911
1011
1143
1208
1226
1129
1134
1138
1240
1306
1266
1189
1133
1228
1384
1302
1259
1075
948
1097
1187
1249
1215
1037
686
345
165
214
300
359
350
344
357
371
368
385
407
404
410
378
332
359
330
355
365
478
588
708
736
670
582
500
425
355
234
126
62
41
32
30
28
31
21
18
20
35
32
14
1
11
35
35
34
28
38
56
40
34
25
28
15
17
12
11
15
13
23
26
30
40
52
88
143
243
300
200
278
410
444
549
630
708
747
791
831
850
834
790
705
613
501
453
302
230
154
97
45
18
6
7
24
30
38
36
43
45
40
55
29
34
40
36
29
10
10
7
7
30
22
32
59
76
101
121
123
143
165
199
234
337
369
398
343
198
124
109
163
164
177
149
110
125
117
106
124
80
18
0
0
0
0
0
0
24
79
154
250
358
364
303
235
147
128
160
49
10
32
59
148
231
262
277
192
113
86
12
9
14
7
15
21
2
2
18
52
57
69
68
108
113
97
80
33
16
14
61
41
39
8
1
12
13
7
8
35
88
200
337
409
383
289
178
92
70
67
96
114
134
154
143
153
174
176
148
115
114
85
55
28
13
5
1
0
0
0
0
0
0
0
0
0
1
1
5
12
15
5
0
1
2
0
1
3
10
25
33
23
15
11
9
4
1
0
1
0
0
0
0
0
0
0
0
1
0
0
0
0
6
21
0
7
7
2
2
3
2
0
0
0
0
0
0
0
0
0
1
3
8
8
4
3
0
0
0
0
0
0
0
0
0
0
0
0
0
0
0
0
10
70
166
207
212
190
157
124
120
88
127
128
84
58
39
25
12
14
15
17
32
69
99
112
106
107
51
39
16
1
12
22
22
18
46
11
115
193
126
78
15
2
91
177
133
19
87
196
179
197
318
514
661
690
674
661
667
725
767
809
745
591
464
368
278
200
168
129
223
323
371
459
648
696
694
693
668
729
690
678
650
596
652
725
792
908
963
990
993
951
967
1055
1240
1459
1558
1709
1747
1306
807
778
611
335
386
457
445
255
61
28
29
86
162
269
312
307
272
231
178
155
153
162
181
214
169
106
74
43
7
13
48
78
33
16
28
19
9
13
98
134
23
32
27
0
12
39
23
8
3
0
5
50
170
222
130
293
281
129
87
162
271
236
178
203
182
129
30
141
87
151
253
218
225
269
341
464
416
431
570
848
930
765
523
485
502
463
351
206
254
398
434
416
483
435
251
163
157
196
191
238
430
355
137
132
226
160
133
191
224
253
243
165
110
77
74
60
30
38
62
74
43
65
106
97
96
134
173
168
170
135
137
136
195
252
280
266
335
463
470
381
345
284
198
214
241
236
196
187
181
249
371
436
311
129
99
126
162
342
642
925
1191
1380
1530
1838
2078
2131
1951
2098
2123
2038
1909
1792
1832
1824
1758
1762
2245
2409
1925
2313
2465
2586
2620
2550
2289
2222
2017
1899
1759
1697
1495
1127
1041
997
1192
1292
1189
949
936
930
950
944
907
962
962
816
787
886
821
546
344
469
481
436
392
306
366
435
475
466
350
340
417
656
1216
1803
2377
2845
3316
3225
2934
2534
2015
1498
982
1097
1371
1631
1707
1714
1593
1239
1103
820
638
582
514
466
420
438
438
396
356
400
432
466
480
443
414
389
343
300
411
620
726
639
650
753
809
906
990
893
892
844
766
616
711
913
1184
1406
1570
1768
1823
1801
1563
1300
1064
792
515
427
358
418
465
427
367
351
288
309
380
430
446
424
397
393
403
432
476
475
431
477
598
532
430
397
378
378
384
417
408
385
359
399
456
498
513
514
587
904
1232
1496
1444
1205
1079
1031
1132
1229
1189
1043
661
572
721
924
1047
966
938
1194
1506
1935
3562
2515
2467
2021
1559
1385
1200
1397
1559
1033
592
519
597
740
1096
907
824
705
629
929
1109
1172
1218
1335
1432
1521
1540
1626
1730
1839
2004
2247
2530
2824
3156
3771
4108
4054
3845
3525
3355
3307
3295
3360
3416
3304
2999
2856
2731
2573
2530
2439
2223
2043
1826
1706
1574
1517
1490
1383
1164
1066
936
864
742
522
289
185
124
69
45
43
62
107
405
497
235
417
614
796
1015
1250
1567
1957
2322
2662
2984
3186
3295
3397
3495
3614
3706
3878
3749
3526
3258
2955
2733
2441
2104
1692
1354
1032
788
574
393
278
242
220
225
258
260
336
332
350
338
295
274
251
182
144
134
77
39
33
15
4
1
1
2
5
1
0
0
0
0
1
0
0
0
0
0
1
0
0
0
0
0
0
0
0
0
0
0
0
0
2
0
0
0
0
0
0
0
0
0
0
0
0
41
71
71
83
155
130
100
67
30
41
73
58
30
42
58
106
97
29
0
17
35
27
17
33
18
3
35
18
5
12
4
3
0
0
0
7
6
0
5
0
0
0
0
10
12
7
0
0
0
0
0
0
0
0
0
0
0
0
0
0
0
0
0
0
0
0
0
0
0
0
0
13
19
9
0
18
15
0
7
13
23
9
0
0
0
2
8
5
0
0
0
0
0
0
0
0
0
0
0
7
3
15
18
11
8
19
41
68
116
171
242
302
327
354
351
349
400
440
461
444
446
443
435
391
319
266
222
138
46
50
84
97
108
76
56
21
23
31
52
43
43
113
269
452
642
705
713
698
752
749
730
668
549
444
374
325
311
346
445
547
592
585
540
450
332
239
232
308
502
770
1038
1285
1732
2082
2394
2640
2879
3127
3290
3333
3325
3284
3293
3223
3150
3024
2849
2868
2882
2972
2962
2842
2576
2211
1830
1406
1120
934
894
1418
2320
3136
3903
4563
5155
5571
5850
6213
6597
7012
7298
7484
7604
7364
6917
6537
6042
5504
5096
4692
4184
3669
3238
2800
2527
2285
1830
1530
1691
2060
2464
2712
2917
2949
2922
2565
2208
2097
1950
1648
1460
1290
1120
962
795
672
571
538
462
434
403
368
333
288
270
257
271
338
412
458
463
466
472
482
479
449
408
346
339
346
370
428
594
745
852
913
889
765
741
718
639
698
723
741
719
645
552
457
354
235
195
260
289
221
191
47
188
270
357
465
560
629
747
878
928
958
964
871
855
970
1415
1636
1443
1137
747
874
1397
1865
2052
1992
1612
1331
731
1156
1591
1462
1268
1203
1151
1123
2015
1137
871
828
842
840
880
723
416
372
479
511
438
287
183
178
456
634
694
769
828
781
750
690
619
570
574
628
644
692
623
509
405
347
279
232
250
182
109
171
176
175
299
315
291
328
307
299
318
351
382
465
562
637
784
946
981
912
860
802
719
659
584
508
430
381
402
367
292
171
74
60
62
44
36
34
28
96
130
42
103
238
226
325
421
533
659
729
789
704
634
526
496
463
425
369
313
300
434
550
589
629
680
733
770
811
705
745
820
780
537
363
381
498
490
422
345
240
125
106
115
117
108
128
353
668
853
1018
981
1294
1531
1515
1466
1200
781
415
170
120
249
366
417
438
440
464
446
483
480
455
395
326
319
318
374
425
417
366
585
660
877
1009
1127
1160
1145
1024
888
792
714
624
621
576
569
528
455
402
313
260
202
174
220
439
759
1029
1136
1076
1012
850
703
591
509
500
514
564
603
583
595
599
564
535
499
523
536
536
583
509
506
485
342
264
487
532
508
562
558
500
471
419
353
265
163
98
41
34
33
29
28
14
23
4
7
125
306
476
681
834
990
1111
1183
1272
1372
1430
1305
1123
868
625
389
246
178
135
129
136
163
128
126
87
66
102
226
421
670
795
883
883
863
767
656
515
350
188
58
11
105
180
253
292
260
187
120
220
312
332
343
343
314
293
284
270
265
252
220
158
87
35
32
74
128
154
171
166
139
174
322
483
615
731
821
696
593
358
240
441
600
715
730
703
645
543
400
206
295
429
467
506
509
449
432
418
410
342
255
190
171
201
215
229
223
218
144
16
271
452
522
587
624
628
668
676
678
658
635
615
576
567
514
453
393
330
248
170
113
54
8
14
35
65
61
74
79
76
68
69
75
100
136
158
192
158
95
28
11
25
34
48
47
44
91
53
62
68
50
15
35
80
69
31
19
41
100
181
217
207
116
39
43
104
94
70
92
64
34
75
62
32
28
46
62
44
40
9
33
44
30
44
48
14
71
80
59
40
108
125
27
80
83
15
65
84
12
101
118
67
51
57
84
96
56
33
45
58
61
5
53
91
91
36
17
41
41
31
25
31
22
46
43
30
5
10
5
0
0
0
2
2
0
0
3
1
1
1
5
1
6
0
0
0
0
4
5
6
9
9
2
4
10
10
6
15
25
38
28
26
40
5
3
3
1
0
1
0
5
18
17
18
21
5
0
0
2
18
47
57
63
71
83
73
59
59
43
43
30
23
32
40
69
113
127
134
139
136
139
126
127
114
98
88
85
76
65
66
52
50
75
122
167
276
334
376
370
375
344
332
282
226
175
144
125
93
76
46
20
63
168
339
518
626
680
942
1151
1114
1054
893
862
821
792
853
1040
956
947
852
738
506
307
309
446
561
607
604
625
572
539
474
464
429
425
443
392
344
301
277
270
291
258
247
273
265
246
224
199
201
196
175
163
139
131
139
116
128
139
134
133
135
137
143
161
142
137
118
103
103
77
88
71
65
65
55
49
47
42
37
36
33
14
3
3
0
0
0
0
0
0
8
24
23
18
40
39
16
4
1
3
10
19
24
27
30
23
28
28
34
45
46
61
55
53
45
28
19
5
3
0
0
0
0
0
6
13
11
13
18
23
19
33
46
52
48
37
21
12
7
0
6
5
6
17
12
12
17
15
30
25
23
24
33
40
40
35
30
30
39
40
38
53
66
101
184
255
311
412
486
522
553
522
485
444
370
327
318
290
268
279
317
341
313
307
340
364
401
433
448
456
472
439
384
344
327
322
307
334
335
323
302
281
245
222
200
217
258
282
236
184
93
28
16
35
61
81
105
114
104
113
115
122
138
142
147
175
262
361
466
480
474
460
364
187
78
57
25
9
6
1
0
0
0
0
3
0
1
3
8
17
23
30
26
14
5
5
0
0
0
0
4
2
2
1
0
0
0
0
0
0
0
0
20
35
63
96
105
86
78
42
28
11
7
15
15
6
15
37
47
45
74
96
99
91
87
82
60
35
12
3
2
3
4
17
65
246
493
615
1248
1488
1017
874
639
448
355
266
184
106
60
130
212
211
168
56
49
87
158
217
185
109
18
21
51
41
27
42
63
51
21
8
1
0
0
0
0
0
0
0
0
0
0
0
0
0
4
0
8
25
50
60
45
51
49
49
61
63
51
49
32
7
8
9
8
4
7
8
14
20
9
0
3
2
1
0
0
1
1
0
0
0
0
5
20
32
38
31
12
9
18
30
56
70
87
115
159
211
251
260
315
370
539
756
909
1042
1085
1152
1078
1006
883
842
726
604
475
308
146
182
280
295
341
327
276
329
154
108
88
66
107
126
114
122
104
105
73
90
92
67
66
90
96
70
53
44
36
7
3
6
0
2
23
37
57
107
134
129
72
47
125
92
45
41
55
40
16
7
5
0
0
0
11
23
27
17
3
2
4
1
9
8
7
12
18
37
52
43
28
34
36
37
19
6
2
3
10
7
6
4
0
4
8
23
11
0
13
62
115
193
336
503
701
940
1170
1343
1478
1563
1582
1759
1838
1764
1712
1655
1445
1194
1029
957
809
788
722
648
532
400
218
108
174
169
134
99
94
80
105
69
66
73
94
117
74
90
110
92
57
19
22
12
17
28
57
85
105
104
191
549
1009
1438
1593
1479
1529
1531
1800
2212
2450
2566
2383
2165
1732
1370
1031
882
744
684
654
702
621
658
672
656
675
677
670
658
575
483
437
485
528
529
520
499
520
528
622
658
676
729
769
754
691
661
620
523
474
486
484
517
525
495
402
388
403
405
324
268
218
231
220
180
132
64
38
58
89
76
76
85
35
2
2
8
77
96
17
79
138
31
31
39
54
43
15
17
23
23
81
103
111
93
87
34
107
179
184
101
130
144
138
84
14
82
93
115
126
98
94
89
50
33
27
48
136
255
259
90
172
173
138
113
61
69
85
80
120
205
239
245
121
190
283
273
291
342
299
309
158
83
162
163
71
89
98
129
106
101
115
143
111
182
198
234
224
252
332
374
329
354
345
327
304
280
241
226
195
128
76
82
69
105
171
193
190
194
158
91
62
21
6
14
38
53
29
23
20
21
10
8
3
5
17
31
20
8
8
8
11
26
10
9
12
16
15
39
40
39
75
155
268
354
384
493
628
735
778
861
829
760
642
520
419
365
342
297
291
258
238
264
293
310
317
329
315
284
248
231
225
190
199
176
215
186
187
194
194
183
171
141
103
69
28
16
36
50
72
107
133
147
128
132
125
139
156
160
175
158
170
159
150
163
145
129
141
147
152
148
141
115
105
143
195
224
331
635
1036
1426
1868
2329
2893
3365
3774
4219
4508
4233
4180
4128
3948
4043
4400
4673
5054
5238
5366
5331
5148
5042
4768
4404
4026
3830
3535
3006
2596
2383
2137
1965
1758
1621
1469
1244
1095
734
460
288
199
269
391
446
323
233
347
462
494
489
423
360
356
409
537
533
327
113
63
35
26
39
44
9
10
6
0
1
0
1
1
18
18
27
39
44
38
47
40
53
72
72
83
73
71
62
49
28
22
10
3
2
0
0
0
0
0
0
0
0
0
0
0
0
0
0
0
0
1
36
61
71
47
10
0
0
0
0
0
0
0
0
0
0
0
7
26
76
97
126
111
89
48
46
44
55
60
57
57
43
56
90
133
182
191
196
183
130
71
66
73
72
29
8
27
36
39
59
72
99
91
99
124
93
72
55
47
29
9
15
28
21
42
54
30
13
21
18
17
56
84
93
133
156
153
159
108
75
53
60
88
71
38
4
0
8
50
153
286
369
346
270
160
91
61
70
153
197
177
133
125
80
43
50
25
19
9
10
16
20
19
20
23
34
27
26
21
13
5
5
2
3
5
2
0
0
0
0
1
2
1
2
2
3
7
13
16
21
31
58
37
20
7
42
60
50
40
72
44
20
17
16
12
7
5
14
11
27
43
50
31
24
33
33
13
3
0
9
4
0
1
0
0
2
0
0
0
2
2
2
0
0
0
0
0
2
0
0
15
27
3
18
14
0
1
13
0
14
6
0
0
9
10
0
20
24
2
0
5
0
3
11
0
0
8
11
1
1
0
0
9
14
4
0
0
10
19
18
0
0
0
0
0
0
0
0
0
0
0
0
0
0
0
0
0
0
0
0
0
0
0
0
0
0
0
0
0
0
0
0
0
0
0
6
0
2
2
2
5
2
1
0
1
0
0
0
0
0
0
0
0
0
0
0
0
0
0
0
1
3
9
34
65
87
121
133
140
135
126
135
121
121
134
151
184
260
337
520
671
691
700
813
912
1196
1443
1675
1856
2022
2246
2532
2736
3054
3298
3541
3791
4056
4305
4528
4641
4737
4790
4841
4863
4850
4738
4673
4520
4308
4015
3944
3901
3737
3652
3555
3340
3343
3343
3333
3448
3409
3347
3173
3009
2845
2726
2459
1655
779
801
1360
1666
1915
2026
2105
2258
2483
2678
2869
3127
3426
3781
4109
4429
4620
4644
4747
4823
4730
4395
4134
3933
3727
3750
3586
3393
3161
2768
2382
2364
2404
2388
2294
2106
1743
1461
1117
824
735
738
876
1098
1357
1664
2003
2292
2509
2590
2671
2779
2828
2906
2807
2676
2758
2851
2850
2805
2837
2749
2577
2374
2147
1956
1948
1838
1811
1760
1697
1668
1720
1892
1994
2053
1961
1719
1422
1079
719
385
226
380
660
952
1221
1416
1574
1619
1416
1542
1527
1550
1711
1794
1746
1696
1513
1395
1327
1202
970
771
547
369
599
124
42
13
5
57
226
481
678
810
828
631
329
463
478
591
935
1066
1076
984
1004
1114
1179
1314
1445
1574
1547
1436
1427
1436
1455
1454
1339
1206
1107
1100
1050
1006
880
842
925
1173
1379
1536
1513
1483
1353
1066
840
655
499
378
333
316
273
255
243
157
123
72
62
60
38
17
8
16
13
1
0
12
10
20
54
74
173
119
160
156
132
153
182
167
186
189
198
217
224
187
150
154
182
179
112
135
93
47
50
66
23
29
9
0
0
0
16
20
1
34
34
0
43
44
13
0
22
14
4
57
16
0
22
27
17
2
0
0
0
0
1
0
0
0
0
0
0
0
0
0
0
0
0
0
0
0
0
1
0
0
0
0
0
0
0
0
0
0
0
0
0
0
0
0
0
0
0
0
0
0
2
2
1
2
0
0
29
23
46
54
54
12
38
3
0
0
14
44
81
51
3
11
58
92
102
87
64
50
25
12
25
55
89
63
10
27
37
11
4
0
0
0
0
0
0
1
4
2
10
28
49
43
42
45
36
9
0
19
77
78
60
13
11
3
3
11
15
18
9
5
10
8
4
0
0
0
3
0
1
0
0
0
0
0
0
0
0
0
0
0
0
1
0
0
0
0
0
0
0
0
3
0
0
0
0
0
17
38
37
29
22
0
0
34
75
78
34
76
236
313
170
182
268
211
241
280
190
77
89
31
72
38
111
10
49
45
65
44
14
1
20
8
1
22
19
3
26
72
85
122
93
6
53
188
200
180
115
10
0
0
9
6
7
0
0
5
13
11
41
116
166
218
257
185
89
153
253
217
363
317
30
61
78
151
147
131
62
22
99
153
251
222
72
106
189
260
277
244
214
196
178
168
169
173
219
296
414
471
490
446
460
384
301
216
181
150
83
102
298
720
1302
1589
1606
1459
1270
1301
1357
1523
1740
2029
2284
2478
2709
2910
3140
3423
3623
3948
4058
4418
4902
5037
5021
4646
4294
4123
3999
3851
3545
3231
3052
2900
2769
2597
2420
2203
2052
1925
1793
1586
1412
1222
999
785
631
421
195
92
29
14
24
33
57
69
57
104
177
160
81
87
81
114
91
38
37
40
79
64
100
248
388
560
758
868
871
876
914
919
962
1052
1089
1004
1002
1198
1381
1453
1509
1583
1668
1856
1840
1890
1841
1719
1619
1523
1522
1492
1419
1380
1418
1413
1355
1298
1333
1324
1330
1295
1264
1196
1187
1155
1841
1006
923
901
868
877
864
876
871
914
976
1083
1168
1286
1241
1185
1170
1135
1215
1306
1365
1289
1205
974
1015
1244
1433
1404
1340
1178
872
581
675
779
714
539
387
332
279
397
405
331
268
255
427
516
672
726
690
596
529
445
431
477
495
575
770
839
965
1009
899
1289
1361
1293
1167
1077
1096
919
899
928
862
696
753
781
784
714
705
618
660
628
538
481
404
322
187
251
347
355
300
194
148
167
165
191
351
576
917
1181
1331
1268
1248
1025
923
702
584
1112
1566
1985
2525
2767
3069
3121
3072
2474
1735
1190
883
688
580
453
270
167
120
102
108
134
136
150
229
299
305
323
337
438
532
603
510
491
564
645
802
918
949
832
830
917
995
1074
1190
1388
1593
1838
1872
1910
1945
1913
1899
1952
2130
2199
2418
2409
2390
2356
2382
2230
1972
1756
1588
1425
1225
1064
980
889
882
800
796
834
889
931
944
883
834
748
730
603
435
265
210
253
287
278
241
218
224
197
146
97
84
92
198
264
335
400
537
614
754
868
967
1034
1041
1050
1147
1258
1345
1334
1261
1143
1061
1083
1058
970
985
992
966
945
970
1040
1158
1242
1455
1785
2023
2470
2842
3110
3331
3237
3164
2930
2866
2671
2468
2079
1914
2092
2229
2214
1977
1544
1222
1058
967
765
336
359
455
430
333
259
202
169
132
76
34
206
299
526
807
1079
1428
1403
1387
1596
1743
1653
1478
1301
1246
1173
1105
1169
1250
1268
1200
1110
1011
888
617
458
420
302
244
80
97
180
232
240
184
37
186
268
201
131
152
194
155
45
203
278
301
147
12
129
197
277
392
510
565
650
672
840
1226
1583
1909
2203
2603
2768
2951
2902
2692
2431
2466
2651
2808
2700
2426
2227
2233
2301
2171
1879
2072
2307
2216
2077
1849
1524
1141
790
664
573
444
404
483
806
1078
1463
1809
2119
2452
2800
2904
2891
2934
3090
3179
3354
3526
3531
3508
3517
3498
3380
3263
3213
3155
3221
3169
3177
3195
3211
3123
3141
2994
2906
2824
2734
2590
2468
2369
2298
2207
2160
2169
2095
2004
1917
1792
1698
1657
1629
1597
1585
1562
1550
1593
1586
1602
1527
1525
1574
1557
1465
1211
1160
1225
1438
1626
1704
1609
1670
1915
1993
2005
2065
2259
2376
2597
2813
3107
3446
3675
3856
4014
4086
4073
4127
4061
4045
3919
3805
3853
3798
3910
3841
3814
3756
3707
3538
3385
3250
2968
2806
2552
2255
2063
1781
1606
1494
1446
1206
1174
1032
961
836
747
648
631
595
557
531
538
575
654
637
610
661
656
666
623
652
641
584
627
637
608
563
562
464
209
341
342
370
419
440
313
142
41
118
496
346
406
402
405
430
415
399
368
349
330
338
350
349
368
378
364
360
377
384
395
360
315
262
249
296
519
874
1105
1061
916
767
517
344
476
798
1085
1201
1184
1209
1138
1011
774
615
469
425
359
387
452
519
546
524
522
506
509
484
461
433
406
380
382
365
387
371
267
299
525
567
446
269
188
168
164
151
110
99
74
45
69
84
76
33
19
23
24
55
81
112
115
76
77
66
56
32
22
19
22
16
19
14
8
45
107
138
208
316
429
562
748
861
832
779
750
684
608
623
726
768
760
834
798
565
517
536
539
591
626
772
826
830
836
919
986
1044
996
1123
1410
1745
1835
2129
2278
2738
3246
3294
3083
2955
2922
3008
3054
3174
3236
3069
2868
3097
3573
3772
4013
4058
3987
3987
4110
4229
4232
4160
4292
4231
4040
3955
3869
3891
3490
3270
3177
2755
2141
1748
1737
1701
1565
1469
1446
1376
1200
908
636
447
306
276
506
885
1033
998
1034
1188
1305
1167
1238
1278
1146
988
795
471
461
663
830
1001
1105
1096
923
883
820
662
555
491
367
232
88
114
191
375
566
592
728
710
783
883
1051
1267
1381
1528
1563
1476
1321
1292
1202
1049
860
765
685
574
493
463
402
345
304
212
263
359
367
385
399
398
349
271
174
78
35
93
109
124
152
128
81
53
10
10
79
131
152
125
90
62
74
65
92
92
44
48
58
95
96
103
144
165
174
176
153
151
181
224
291
357
301
251
321
188
133
254
228
174
103
35
24
58
198
141
402
558
608
495
309
193
478
459
379
384
376
347
337
327
252
328
429
365
192
146
168
162
152
145
176
204
188
180
170
164
157
158
282
458
496
406
240
272
320
312
279
253
190
169
142
68
64
93
178
231
290
339
362
396
378
257
174
172
155
89
46
200
533
769
928
1492
2033
2512
2869
3167
3158
2898
2682
2360
1689
1320
978
911
855
598
467
691
847
912
795
823
865
973
1052
982
883
848
728
565
372
187
50
167
329
413
555
583
587
606
643
616
557
437
344
250
207
108362
0
0
0
0
0
0
0
0
0
0
0
0
0
0
0
0
0
0
0
0
0
0
0
0
0
0
0
