2251
1170
976
2195
761
1049
929
1097
518
1757
1875
25171
268
286
169
137
121
129
121
107
88
91
111
139
166
186
156
122
75
42
63
122
185
336
424
602
711
881
1029
1089
1021
938
853
1102
1449
1734
1913
1947
2025
2155
2341
2612
2802
2836
2911
2907
2947
2986
3114
3175
3247
3390
3377
3293
3211
3100
3005
2908
2764
2642
2723
2663
2663
2671
2538
2561
2587
2678
2735
2925
2950
3120
2992
2765
2189
1569
1198
753
278
101
444
970
1389
1389
1224
1475
1862
1887
1586
1483
1584
1720
1994
2285
2901
3784
4421
4768
4555
4277
3626
3362
2870
2185
1370
811
590
582
476
363
284
195
381
611
609
509
364
343
587
856
975
1057
889
711
627
540
555
582
514
415
447
492
508
573
547
467
428
471
486
509
498
409
397
399
433
398
409
372
359
456
563
715
744
890
994
1072
1133
1190
1265
1265
1275
1282
1127
959
877
822
727
680
601
625
548
493
520
502
498
471
411
316
244
160
169
204
214
246
244
233
207
169
159
120
150
140
141
141
160
233
341
399
422
403
387
381
321
317
333
221
182
182
265
366
670
962
1190
1378
1549
1667
1541
1321
1305
1466
1649
1648
1517
1012
596
870
950
976
950
760
702
839
832
707
448
366
307
376
429
390
324
351
373
404
392
375
385
358
352
364
366
352
364
367
326
327
384
476
583
705
791
861
764
648
509
340
252
223
194
200
194
205
189
194
327
565
756
881
855
765
558
316
112
54
43
59
108
169
259
377
700
706
547
498
149
139
123
91
58
18
36
64
50
31
27
34
27
33
24
44
48
44
28
13
12
24
28
26
12
8
3
0
1
0
0
0
0
0
0
0
0
0
0
0
2
25
29
46
36
32
17
19
21
12
5
37
71
82
86
57
29
4
3
1
4
7
30
44
62
101
142
177
213
265
316
291
336
367
352
336
322
281
280
242
264
222
135
90
31
17
4
4
8
4
16
38
70
104
129
178
247
284
423
473
504
486
481
483
455
402
396
288
208
138
47
10
2
0
0
0
0
3
10
68
88
193
288
350
465
707
857
1152
1163
1211
1243
1025
860
671
448
280
172
139
146
130
96
43
26
57
92
131
176
229
242
284
369
444
536
560
625
679
695
670
674
619
535
399
303
162
111
47
22
3
2
0
1
7
31
47
140
325
647
1196
1811
2477
3146
3680
3972
3793
3340
2819
2751
2628
2302
2370
2315
2079
1866
1650
1183
908
838
753
474
176
43
49
104
182
233
223
274
517
166
113
81
54
24
27
22
107
457
1010
1386
1455
1336
1022
826
775
986
1143
1216
1165
1224
1158
974
725
683
951
1387
1864
2509
3070
3646
4101
4284
4220
4015
3806
3663
3511
3386
3258
3015
2901
2788
2600
2331
2047
1730
1461
1241
986
768
535
376
232
145
101
102
83
30
15
128
244
291
177
202
465
631
676
629
493
315
157
99
79
52
18
4
0
0
7
28
126
270
430
413
422
438
172
122
381
443
434
496
596
613
569
458
318
235
176
176
180
193
198
226
253
310
357
398
406
491
654
902
949
835
750
765
728
686
706
657
523
521
582
607
750
696
679
741
747
701
689
652
660
726
851
993
1174
1801
2858
3146
2584
1704
1196
1141
1012
1102
1326
1604
1772
1732
1475
1201
859
807
960
1249
1776
2254
2962
3822
4084
3269
2837
4017
4034
3898
3323
3506
3449
2744
3364
4068
3956
3312
2600
3048
2944
2650
2480
2160
1978
1905
1909
1826
1638
1409
922
354
502
467
235
362
509
449
197
266
329
259
164
250
330
181
28
60
86
118
369
835
1160
1544
1609
1637
1482
1358
1283
1356
2005
2300
2391
1804
1987
1903
1466
951
814
604
416
255
182
180
183
194
167
108
53
36
21
26
142
340
457
579
708
959
1289
1539
1584
1531
1377
1225
1018
847
755
493
227
123
147
195
214
200
187
146
65
34
36
29
11
22
112
262
452
506
520
482
292
701
1134
1361
995
734
794
834
925
1147
1407
1657
1817
1893
1760
1412
1044
763
565
590
759
799
623
361
236
334
354
328
219
55
24
33
26
10
4
1
4
6
7
7
72
324
581
914
1306
1596
1958
2104
1933
1806
1314
1387
1428
1632
1811
1788
1298
834
331
370
401
300
197
89
31
12
21
34
61
35
14
36
50
47
11
7
13
32
111
203
246
312
357
319
427
636
667
605
517
414
378
308
230
121
43
31
23
7
5
3
4
16
60
256
468
516
426
122
405
714
881
944
960
890
736
498
277
129
39
11
42
48
106
323
520
487
337
46
390
663
688
658
620
617
485
253
56
31
36
22
12
6
4
9
32
50
94
153
201
224
179
121
129
168
179
173
207
263
230
265
286
263
175
44
22
121
189
172
52
34
34
48
105
145
183
152
204
216
264
313
408
598
806
1114
1276
1048
638
332
185
206
316
491
748
993
1085
1026
731
326
172
100
50
36
13
8
4
6
17
26
23
26
34
34
41
57
81
147
193
220
177
101
60
68
157
206
302
102
12
199
362
447
413
361
413
549
601
736
722
680
651
400
260
398
590
646
759
809
1022
1218
1363
1372
1280
1019
986
900
794
660
967
1108
1251
1390
1002
925
1031
1040
1032
954
865
649
627
674
844
902
958
1011
1122
1285
1303
1158
589
229
156
99
83
129
157
85
44
21
11
12
11
42
43
176
349
573
660
796
867
783
519
322
246
363
512
428
463
268
165
152
156
266
289
124
82
55
60
92
93
111
95
76
78
109
197
419
589
789
1111
1533
1777
1896
2379
2931
2996
3206
3203
2887
2639
2117
1821
1503
1176
924
987
1088
1192
1317
1371
1436
1591
1865
2102
2040
1764
1319
1118
1243
1190
1065
788
657
599
891
1025
892
647
438
464
868
1319
1783
2149
2304
2582
2703
2841
2774
2455
2607
2608
2811
2768
2472
2288
1994
1815
1501
1193
970
872
1256
1522
1810
2025
2045
1694
1376
1170
932
698
522
363
334
358
330
278
276
422
644
794
866
1070
1141
1138
1296
1261
1677
1922
1976
1772
1176
1584
2447
2840
2788
2130
1567
1008
662
845
782
716
569
437
409
423
463
451
390
286
244
163
107
59
57
80
154
200
273
326
318
276
275
309
400
599
893
1122
1193
1169
1124
1541
2463
3283
3371
3531
3259
3043
2656
2293
1844
1489
1341
1017
660
379
193
138
87
87
102
94
58
74
181
228
262
268
280
275
195
160
149
207
258
254
274
297
350
319
274
264
283
304
387
381
402
464
542
701
908
1127
1284
1433
1634
1695
1512
1313
961
683
607
627
693
542
339
94
332
474
436
250
60
61
96
33
79
181
202
196
86
59
143
238
283
361
417
429
378
224
537
661
575
653
1386
1993
2398
2819
2716
2370
2316
2160
1867
1673
1614
1471
1431
1311
1160
980
856
1291
1972
2199
1885
1242
1002
995
1664
2198
2294
1815
1176
979
637
483
322
143
97
106
174
295
406
558
809
1173
1535
1916
2025
2208
2520
2733
2581
2634
2693
2516
2336
2177
1895
1592
1185
899
879
1169
2251
3611
4237
4148
3850
3341
3240
2683
2465
2004
1098
580
782
814
770
752
674
421
692
1275
1563
1389
1064
893
872
705
591
357
612
1518
2244
2451
2228
1384
811
463
365
328
306
276
378
550
742
958
1222
1168
436
939
1312
1270
838
747
562
539
729
911
927
721
302
345
536
548
544
875
1491
2062
2478
2513
2762
3563
4409
4063
3610
3042
3683
1301
892
1035
1159
1802
2404
2334
2133
2422
3319
3837
4155
4519
4036
3795
4365
4356
3679
2990
2569
1784
1375
2001
2922
3260
3111
2860
2109
1868
1903
1405
810
284
197
148
71
406
273
302
255
272
252
204
136
91
59
36
122
294
524
669
852
898
884
878
950
961
1073
1048
1003
882
673
435
471
669
914
1056
999
873
811
599
421
387
326
321
469
702
830
963
917
922
840
847
857
851
779
953
1021
912
752
1140
1438
1207
1148
866
1048
689
592
549
350
707
835
846
514
227
346
733
783
682
729
390
313
587
598
138
331
406
183
113
87
100
278
248
72
102
178
49
101
161
127
168
335
527
626
485
268
354
310
335
805
1247
1398
1382
1223
909
594
456
383
478
818
1558
2602
3335
3350
2998
1669
438
653
729
753
833
842
791
761
697
664
604
424
214
108
71
106
136
240
334
363
421
427
372
256
99
19
45
94
115
38
40
220
380
469
771
1223
1747
2014
2224
2358
2493
2507
2470
2418
2229
2138
2037
1904
1889
1823
1641
1463
1488
1317
1046
707
402
356
324
310
424
448
449
445
427
315
248
168
103
52
47
54
40
10
3
33
77
100
94
71
21
114
167
224
277
226
152
144
163
159
216
285
398
434
504
536
562
592
408
521
897
1337
1992
2463
2782
2951
3361
3272
3012
2704
2252
1676
1313
997
772
587
576
936
1278
1750
1801
1388
701
1022
1058
1173
1400
1622
1786
1745
1467
1225
1006
773
496
316
358
543
651
823
865
858
849
800
774
742
646
536
462
306
220
288
301
252
176
75
93
124
213
280
342
499
701
833
732
559
444
315
217
150
69
33
15
1
0
0
2
5
3
3
2
0
7
68
306
599
887
999
1106
1216
1327
1852
2539
3043
3199
3261
3130
3166
3185
2882
2612
2255
1647
1536
1742
2400
2616
2239
1592
785
700
646
446
116
349
712
899
923
554
409
473
504
422
362
334
209
90
36
2
5
20
80
132
150
138
119
94
71
53
37
65
53
49
45
60
43
39
64
57
64
49
47
63
81
110
139
145
149
143
183
206
239
267
263
258
209
134
71
40
22
25
34
136
324
495
694
739
625
422
162
234
341
312
318
381
415
444
359
144
19
0
0
0
0
0
2
14
24
28
19
14
20
29
50
63
78
80
52
11
3
8
50
70
78
76
68
44
24
15
8
7
2
0
1
0
0
0
0
0
0
0
0
0
0
0
0
0
0
0
0
0
0
0
0
0
0
0
0
0
0
0
0
0
0
0
0
0
0
0
0
0
0
0
0
0
0
0
0
0
0
0
0
0
0
0
0
0
0
0
0
0
0
0
2
1
1
5
8
11
4
38
196
513
782
894
858
829
735
659
620
511
460
396
406
421
423
445
544
624
801
1061
1483
1986
2459
3107
3733
4261
4789
5156
5450
5652
5803
5833
5878
5809
5731
5498
5406
5158
5036
4806
4635
4425
4247
4091
3940
3625
3341
2922
2615
2276
1895
1584
1185
815
505
411
837
1469
2078
2469
2551
2746
3008
3165
3361
3613
4041
4277
4515
4690
4926
5076
5043
4984
4822
4551
4095
3906
3765
3815
4113
4548
4894
5103
5292
5681
5614
5226
4619
4000
3368
2758
1875
1241
1382
1094
792
1118
1782
2241
2490
2552
2411
2128
1813
1525
1489
1452
1518
1454
1303
1183
919
668
426
231
121
45
30
25
11
6
24
30
28
21
33
38
26
66
206
316
335
348
294
257
153
253
424
511
512
370
609
855
940
1116
1211
859
406
255
500
662
589
377
269
271
395
469
394
263
146
161
200
203
223
211
173
208
261
294
232
242
469
759
1322
1977
2736
3381
4078
4609
4859
4878
4898
4649
4443
3941
3236
2653
1952
1476
1177
1032
868
1063
1240
1350
1405
1355
1264
1125
917
721
521
412
249
139
83
98
154
143
135
106
106
135
167
166
175
166
210
217
269
312
348
298
194
77
60
86
79
72
59
94
105
123
86
64
40
21
37
64
193
422
604
807
818
522
405
889
1410
1661
1844
2056
2222
2451
2763
2977
3112
3125
3101
3208
3057
2890
2807
2850
2753
2804
2757
2813
2797
2631
2490
2228
2034
1750
1520
1219
855
527
321
188
157
353
515
733
1076
1423
1774
1983
2135
2345
2558
2711
2677
2727
2575
2514
2467
2602
2306
2145
1794
1681
1503
1302
1074
861
591
430
434
512
486
512
500
433
444
530
811
1200
1441
1586
1656
1601
1398
1395
1225
1087
777
645
507
478
454
455
366
294
192
146
113
99
159
267
392
532
708
844
875
846
900
1084
1175
1273
1409
1504
1703
1694
1718
1787
1730
1716
1613
1452
1427
1202
1115
756
598
710
817
902
1033
1018
976
1025
1022
964
951
814
637
539
608
589
602
753
895
986
1019
1027
1109
1564
2153
2464
2528
3225
4140
5070
5238
4967
4886
4437
3805
2981
2262
2211
1876
1544
1268
954
873
1107
1044
857
725
742
1022
1520
2038
2421
2628
2946
2897
2791
2608
2596
2597
2523
2563
2612
2476
2491
2688
2947
2967
2639
2370
2675
2952
2967
2803
2477
2133
1857
1543
1290
1445
1499
1402
1134
802
543
647
909
1035
1119
1564
1948
2176
2368
2561
2795
3006
2935
2816
2697
2577
2457
2236
2048
1765
1559
1326
1105
854
526
356
236
117
45
36
52
72
113
200
388
528
697
884
971
1022
1032
1083
1845
922
835
762
782
777
678
528
355
240
119
59
30
13
21
37
69
170
315
458
647
795
943
1028
1115
1122
1104
1083
980
940
791
687
513
375
257
145
69
29
5
0
0
3
22
84
91
175
209
257
263
206
135
79
50
25
24
26
19
16
9
2
9
20
5
13
12
0
0
0
1
0
0
0
3
3
6
3
16
6
17
20
20
12
18
26
26
31
12
11
9
8
8
13
11
12
14
9
8
5
0
1
0
1
4
4
6
14
18
15
24
32
27
75
71
82
100
121
129
113
96
87
59
40
25
10
12
12
19
26
41
65
94
144
242
287
302
316
319
308
257
188
113
33
3
5
8
9
25
65
92
136
174
259
267
291
296
321
313
270
180
138
88
52
21
10
3
0
2
4
8
24
97
327
702
977
1353
1740
1933
1793
1548
1531
1788
1930
2034
1964
1799
1646
1364
1046
767
663
675
677
625
509
325
198
161
137
147
179
233
283
402
457
448
439
471
481
399
255
173
101
59
59
60
64
61
28
14
12
27
97
178
190
257
302
356
396
440
447
463
480
473
430
423
397
299
208
103
43
13
0
0
0
2
3
4
17
33
71
104
156
195
243
333
371
427
418
344
286
252
189
142
131
100
59
55
32
39
23
16
9
10
34
125
263
483
517
479
474
496
518
499
532
444
319
206
142
109
134
221
288
374
365
248
49
24
31
66
138
242
297
373
489
635
656
691
961
1026
970
862
644
419
257
144
79
45
128
292
241
106
60
67
79
171
208
220
297
254
369
425
514
479
602
660
739
770
797
850
807
863
832
731
672
621
466
280
144
59
34
14
9
7
4
4
10
23
41
82
110
154
214
272
360
466
473
494
490
443
464
473
539
529
516
407
283
174
82
10
0
0
5
15
27
53
105
169
241
354
414
523
657
749
863
936
937
897
813
779
756
690
540
530
521
369
137
24
30
42
10
12
17
32
68
133
216
292
365
528
595
614
638
734
709
755
685
619
618
586
485
467
367
228
143
51
8
3
0
0
0
0
0
0
1
8
23
56
96
150
206
257
302
317
375
393
420
377
330
336
309
299
702
544
47
13
7
1
3
9
12
38
131
367
710
1152
1502
1794
1901
1912
1818
1746
1571
1508
1356
1287
1157
988
845
605
453
292
268
321
342
401
426
414
484
556
636
1714
1288
1429
1453
1615
1617
1650
1607
1717
1648
1679
1697
1540
1482
1319
1215
1126
984
806
614
406
259
127
61
38
16
13
14
53
126
213
241
165
146
147
194
221
201
204
198
181
178
146
116
111
109
50
30
14
5
7
5
5
0
1
0
1
2
3
1
2
15
45
27
22
73
95
85
85
92
125
124
100
69
44
32
16
24
11
0
0
0
0
0
4
20
56
114
264
393
563
755
886
1023
1196
1358
1546
1770
1858
1998
1957
1958
1750
1533
1235
1235
1265
1203
895
538
209
227
368
418
323
190
270
458
572
747
963
1211
1721
2210
2529
2729
2929
3226
3405
3544
3539
3397
3241
3026
2818
2520
1997
1393
959
949
1044
1171
1158
1372
1952
2421
2500
2530
2671
2673
2475
2350
2077
1895
1783
1816
1629
1302
1175
1170
1061
865
776
752
639
523
439
282
168
137
93
59
79
238
525
784
978
1290
1544
1729
1829
1875
1921
1885
1810
1737
1488
1303
1059
842
567
396
188
92
30
21
15
52
159
295
402
582
752
887
1121
1380
1604
1659
1681
1611
1614
1617
1536
1388
1048
696
339
413
537
621
593
553
378
281
720
957
998
1146
1262
1436
1378
1590
1805
2018
1967
1895
1705
1605
1445
1286
1073
797
671
615
472
256
125
125
65
29
73
171
349
519
709
806
1013
1176
1303
1507
1562
1579
1522
1428
1407
1209
1067
878
687
443
249
78
6
2
42
120
251
477
678
802
1041
1239
1364
1494
1670
1722
1826
1809
1750
1806
1719
1689
1577
1430
1232
1079
772
535
370
271
136
35
26
8
22
23
100
455
745
977
1339
1572
1639
1678
1749
1862
1896
1906
1859
1864
1811
1739
1543
1244
991
648
401
135
34
2
3
12
112
271
457
659
863
1031
1171
1355
1366
1427
1373
1352
1259
1061
956
786
555
275
109
64
72
64
72
143
254
425
738
932
1041
1253
1644
1980
1995
1848
1497
1567
1716
1655
1455
1191
807
364
70
21
19
23
28
124
347
540
743
1003
1114
1219
1357
1570
1784
1873
1805
1815
1779
1970
2164
2039
1760
1440
1005
736
563
409
360
360
558
731
1025
1179
1387
1505
1564
1651
1714
1731
1695
1699
1627
1516
1452
1349
1181
911
508
206
54
8
17
14
20
63
264
513
692
915
993
1088
1148
1181
1093
1037
867
710
427
218
87
52
22
16
42
67
115
218
380
530
642
803
892
1010
1080
1090
1083
1069
1063
994
876
680
555
372
261
145
30
1
0
5
90
315
650
955
1151
1256
1305
1213
1236
1243
1302
1302
1146
1013
881
686
473
280
97
63
37
31
93
295
486
702
1658
1032
1063
1168
1183
1248
1255
1105
964
826
609
446
208
114
73
61
50
40
25
41
108
246
409
505
575
673
715
731
741
699
593
440
358
213
106
28
0
0
6
12
16
37
155
252
382
517
733
796
851
937
887
869
854
704
630
499
349
205
101
51
17
4
0
0
0
2
5
17
50
98
133
172
204
206
211
163
143
136
135
120
96
97
71
51
34
28
30
48
54
66
60
34
16
1
13
142
282
428
574
650
596
369
226
380
510
623
526
369
179
186
297
324
272
279
231
128
186
385
657
737
689
714
784
845
854
869
817
844
963
1134
1218
1353
1304
1421
1538
1677
1840
2061
2339
2376
2683
3021
3055
3068
2955
2935
2837
2740
2737
2694
2698
2711
2448
2217
1822
1557
1391
1785
2468
2863
3128
3188
3283
3233
3191
3030
2688
2702
2636
2458
2259
1905
1661
1367
1234
1058
980
970
889
847
794
614
400
548
601
604
598
574
540
746
1085
1350
1464
1385
1418
1630
1681
1701
1582
1521
1547
1612
1500
1142
937
771
683
532
334
243
196
175
131
136
160
217
233
324
432
585
792
919
1087
1232
1366
1441
1414
1360
1220
1061
932
835
640
453
222
110
64
63
120
225
406
692
934
1376
1807
1944
2093
2467
2581
2550
2229
1972
1963
1869
1818
1604
1436
1152
972
734
520
340
145
68
24
34
128
304
430
526
715
935
985
977
977
917
967
942
999
1384
2524
3781
5040
5849
6103
6353
6199
5621
4412
3452
2101
2478
3829
4766
5113
5104
4701
4723
4789
4544
4476
4103
3726
3694
4467
5078
5347
5090
5094
4949
4466
3873
2935
2278
1711
1861
2473
3200
3693
3715
3200
2580
2317
2138
2307
2434
2840
3241
3522
3368
2721
2421
1907
1341
1051
834
798
855
889
1033
1165
1055
1108
1218
1064
1049
1097
1106
1123
1180
1387
1352
1458
1454
1488
1261
660
495
579
735
759
810
1044
1231
1310
1256
1290
1225
920
755
974
1266
1554
1610
1650
1540
1821
1975
1846
1349
1274
1459
1512
1520
1522
1468
1387
1289
1181
1175
1136
1116
1116
849
251
588
725
511
197
129
153
160
183
199
170
147
136
180
213
274
297
462
1008
1655
2301
2921
3321
3725
4278
4478
4216
4256
4244
4293
4333
4129
3960
3971
3684
3282
2488
1746
1546
1277
1051
1084
1143
796
580
506
584
582
474
350
174
47
64
121
169
168
122
212
320
265
133
215
561
847
1012
1037
920
688
404
171
132
516
766
925
908
762
780
824
833
880
662
351
751
1071
1322
1158
745
1478
2417
3120
3973
4356
4928
5000
5058
5535
5789
5085
4248
3167
2006
1653
1874
2135
2205
2308
2744
1046
777
500
315
211
257
238
224
468
662
485
424
282
187
186
227
255
239
408
530
351
234
329
494
601
566
549
557
572
566
567
464
388
371
406
400
454
608
868
1219
1679
2634
3330
4008
4448
4550
4606
4300
3897
3308
2654
1970
1481
1098
940
991
936
842
608
1026
1327
1447
2320
2720
2435
1887
1653
1490
1405
1443
1487
1177
618
235
168
523
690
740
547
584
1035
1749
2674
3100
2993
2698
2818
2058
2168
3424
7791
3525
2547
1379
770
687
954
871
610
384
317
429
580
809
1522
2287
2882
3208
3571
3481
2747
1564
1031
1281
810
391
474
588
329
431
367
301
188
331
470
769
963
1243
1329
1433
1582
1801
2494
2485
2141
1822
1442
1449
2397
3199
3155
3119
2041
1891
2565
2520
2045
1772
1550
1452
2331
2082
1496
1171
1270
1137
1179
1319
1057
946
905
925
1166
1247
1218
1301
1695
2255
2698
2544
2034
697
857
886
755
783
624
346
343
350
476
470
401
310
196
133
89
88
158
285
359
460
436
234
180
356
490
414
244
158
128
193
189
113
60
63
90
81
183
332
401
447
525
674
933
1014
880
543
271
86
123
188
186
153
130
165
139
117
102
136
198
328
472
707
1077
1353
1523
1431
1277
1039
1069
1108
929
613
351
208
162
135
171
424
710
730
975
1541
1579
917
909
1081
883
534
161
330
659
1082
1081
915
824
686
583
373
197
199
273
258
327
458
572
679
696
774
889
1002
1093
1121
1148
1187
1171
1120
1004
865
653
465
286
351
591
891
833
607
615
551
441
605
902
1190
1465
1715
2311
2302
1807
1393
1453
1496
1647
2229
3178
4240
4215
2656
1468
1407
1254
999
842
513
257
139
165
249
157
146
181
235
267
304
293
304
266
255
244
325
382
468
421
359
309
287
218
143
98
97
106
122
202
383
575
737
864
927
930
1287
1697
1837
1694
1891
2033
1804
1788
2179
2481
2609
2472
1975
1478
1241
1308
1644
1598
1375
1204
983
641
148
247
280
266
280
211
107
33
129
252
364
461
524
576
618
626
599
372
110
52
133
242
323
394
452
793
1060
1122
867
511
303
816
1249
1107
679
585
653
503
307
176
164
136
21
32
86
51
21
3
6
13
13
18
16
7
11
9
33
144
287
459
658
855
1068
1090
1085
1178
1101
1077
807
779
1018
1387
1402
1233
1348
1503
1649
1649
2302
407
166
65
114
149
173
206
155
122
115
82
115
164
156
84
56
69
615
1042
1260
1087
799
297
658
862
781
402
341
774
958
979
730
312
73
263
433
465
373
513
1033
212
284
838
1390
1386
1410
1503
1543
1733
1820
1514
1289
954
1132
1368
1605
1796
1481
973
476
441
353
242
497
781
835
770
473
266
194
108
45
12
169
357
538
907
1206
1436
2064
2709
3085
3254
3369
3513
3425
3101
2640
2261
1893
1547
1246
1158
1091
1051
961
864
709
968
1178
1048
869
602
628
610
477
282
235
474
679
925
1233
1416
1498
1453
1340
1157
892
623
453
283
122
159
208
254
325
459
563
595
521
670
707
796
684
655
609
523
421
514
639
753
862
910
864
767
589
412
406
414
373
297
296
339
323
261
161
63
67
83
120
110
117
200
302
382
434
461
463
441
434
429
435
475
514
664
991
1349
1624
1861
1999
1889
1854
2060
2188
2147
1917
1672
1433
1356
1624
1564
1229
1074
925
851
549
172
124
89
49
48
91
100
60
27
19
18
38
67
67
59
43
25
24
20
61
93
121
121
83
63
73
103
119
178
223
257
365
546
692
872
1137
1268
1353
1374
1293
1230
1110
1083
1109
1098
1208
1041
926
750
621
581
553
562
549
621
844
1034
1030
850
788
533
347
307
317
362
522
674
771
835
778
635
371
745
832
775
581
465
558
381
252
240
141
125
127
138
143
140
126
98
110
146
194
258
221
135
139
215
257
215
299
287
356
672
1154
1590
1896
1995
1913
1912
1837
1606
1554
1471
1217
856
576
429
437
437
384
393
513
650
661
595
448
448
502
559
698
919
969
867
757
583
376
407
357
274
189
227
255
239
400
402
346
203
32
114
119
82
75
136
203
236
268
351
465
562
658
659
817
635
648
681
692
691
732
705
725
758
761
709
708
726
735
850
895
762
540
337
193
276
331
293
250
174
48
26
48
49
45
96
124
69
30
50
74
105
247
500
790
772
721
754
827
878
919
996
1036
1173
1210
1246
1660
2160
2464
2913
2809
2706
2206
1396
1134
992
635
321
77
42
83
137
114
20
14
74
122
115
108
108
93
115
181
425
861
1201
1276
1095
765
396
276
249
166
129
76
68
54
31
50
65
41
43
40
49
58
52
71
55
50
33
34
128
306
489
655
826
989
1067
1085
1022
897
808
573
414
394
539
748
910
1056
1243
1338
1424
1620
1811
2051
2097
2023
1690
1576
1737
1871
1770
1753
1655
1656
1746
1782
1821
1887
1762
1414
720
1447
1872
2126
2129
1776
1530
1423
1000
447
960
1293
1377
1475
1325
1212
612
444
1163
1379
1244
1089
827
590
233
639
870
777
532
193
256
220
123
118
139
318
126
158
192
209
171
80
20
32
75
100
172
436
706
908
1010
1033
982
790
283
591
664
803
1078
1286
1421
1564
1790
1906
1717
1400
1099
794
497
512
807
1067
1553
2231
2849
2740
1139
744
662
547
300
239
14
11
98
49
57
57
77
98
105
152
173
245
294
302
343
601
830
791
611
827
755
463
69
282
352
320
274
190
86
14
1
3
1
1
9
39
98
118
80
512
2212
3335
3227
2199
1668
1395
1322
1461
1024
1556
1799
1567
1124
791
630
502
258
114
111
336
693
1151
1745
2320
2549
2381
2387
2215
2158
2386
2215
1974
1336
1889
1671
1480
1600
1718
1865
1991
1957
1332
1090
1378
1536
1443
1124
511
201
222
177
83
164
239
189
89
39
32
29
55
98
146
129
55
25
35
53
160
329
427
477
420
297
138
99
193
230
249
226
190
167
81
44
85
150
177
190
230
274
327
360
388
394
422
424
383
320
268
264
274
309
305
302
299
328
417
534
643
706
637
499
246
733
1047
1393
1405
1059
915
368
213
229
155
131
188
255
241
191
196
218
233
325
524
821
1015
1004
1007
855
708
771
1114
1296
1449
1553
1738
1890
2154
2326
2345
2150
1802
1665
1416
1504
1276
868
538
486
526
662
1113
1621
1636
1330
821
308
740
916
889
859
690
201
73
202
274
250
112
11
13
33
50
35
40
23
3
8
19
24
0
2
2
18
29
36
56
89
151
420
755
886
854
814
796
755
712
582
374
231
725
726
762
811
461
827
956
997
1020
984
940
905
860
827
792
676
672
715
778
730
504
526
602
627
749
1016
1276
1425
1472
1545
1520
1449
1288
972
665
580
430
148
156
280
266
287
381
450
430
359
277
349
340
286
916
1594
1863
1802
1641
1610
1292
973
961
919
938
780
606
488
408
375
375
489
701
883
1100
1156
1049
849
533
135
367
444
484
460
331
87
40
218
319
366
320
231
100
38
38
20
13
19
40
35
74
80
54
89
25
28
54
112
203
337
450
508
592
725
809
930
1020
964
901
979
1202
1616
2005
1969
1788
1357
871
583
774
493
323
693
1018
1210
1278
1339
1309
1256
1220
1311
1348
1237
997
929
782
582
996
1253
1667
1746
1368
1148
770
486
485
412
257
142
192
176
138
263
489
642
561
245
324
381
432
632
721
490
514
625
970
1088
1029
933
1030
1175
1200
1105
848
707
543
670
1028
1585
1911
2165
2448
2789
3120
3091
2736
2144
1759
1414
1957
2482
2772
2511
2025
1708
1205
918
843
928
1243
1565
2540
1805
2220
2313
1962
1215
791
564
461
459
415
405
360
200
87
107
301
418
430
423
418
348
181
233
432
667
928
1006
1009
1134
1166
1194
1197
1315
1270
1259
2025
2655
3094
3421
3477
3162
3153
2659
1921
1204
1657
2403
2879
3052
2797
2043
1137
1840
2002
2267
2128
1796
1459
998
229
940
1157
1109
796
427
468
582
599
559
554
612
625
813
971
1094
1177
1158
1096
957
893
813
814
683
588
573
535
414
348
323
277
404
1146
2210
2816
2736
2199
1038
571
369
315
418
222
104
234
252
178
169
146
138
174
214
224
264
319
386
511
617
531
205
666
851
555
360
350
211
217
452
395
125
155
195
141
162
224
169
249
270
217
135
130
227
413
468
365
276
362
590
849
1111
1485
2155
2790
3238
3637
3774
3705
3592
3414
3017
2521
2334
2807
2625
1865
1574
1205
840
738
729
688
570
465
403
225
85
172
218
205
188
134
97
74
111
136
148
178
152
74
31
58
86
74
61
56
51
85
134
153
102
14
28
62
209
520
816
1145
1373
1410
1381
1194
1044
1047
1035
1049
1087
1138
1042
884
681
615
581
502
416
314
353
467
626
779
954
1196
1340
1375
1270
1126
1199
1306
1538
1718
1884
1837
1684
1406
1295
1255
1095
935
783
721
634
625
669
667
707
785
876
1019
1168
1253
1212
1040
1059
1066
1352
1880
2580
2988
2858
2499
2016
1574
842
637
950
1458
1775
1878
1719
1448
1212
1034
925
821
610
388
267
311
338
380
555
701
832
851
968
1054
944
775
623
486
332
170
75
71
92
109
143
250
255
239
211
196
184
210
181
140
86
81
107
87
52
46
47
127
223
272
329
391
441
486
500
421
399
367
375
299
241
172
78
46
40
27
17
5
4
1
10
16
31
50
65
73
64
37
175
325
363
502
526
434
194
99
66
171
336
292
292
241
298
343
405
458
490
555
552
580
577
608
609
572
567
500
441
369
253
203
268
338
389
438
498
548
626
718
836
885
933
869
906
1065
1271
1491
1660
1665
1466
1356
1682
2108
2482
2739
2001
770
912
835
636
704
1178
1103
987
969
969
1053
1115
1207
1252
1174
1102
937
662
660
783
741
436
113
74
83
35
33
27
11
9
20
44
97
171
289
440
523
649
800
933
977
1026
1154
1138
911
622
378
187
427
475
243
304
327
360
315
250
164
108
107
149
164
159
167
172
194
184
96
34
14
14
17
7
7
25
31
45
53
65
82
69
64
66
106
196
283
364
369
502
763
1099
2359
1954
2229
2324
2098
1794
1481
1190
883
874
1185
1422
1303
1081
868
434
293
235
330
647
714
472
925
1272
1158
1274
1461
1222
894
781
616
250
96
33
72
156
173
184
163
232
261
237
182
146
112
181
662
1497
1720
1541
1653
1620
1504
1392
1214
1250
1350
2108
2612
2737
2469
1623
1408
1353
1247
1280
993
357
455
414
515
710
723
730
730
704
279
424
945
1531
1453
963
1117
1260
1159
642
164
195
141
139
121
124
126
115
103
66
34
79
234
476
471
490
499
477
765
997
840
825
622
385
629
791
995
1315
996
933
958
1065
1133
856
680
487
464
344
264
238
318
396
346
200
160
72
33
54
100
70
18
19
56
71
47
31
50
74
162
269
339
407
407
391
384
397
319
297
259
302
427
592
632
563
357
339
611
997
1241
1251
1162
1201
1324
1402
1649
1972
1807
1701
1790
1755
1072
1453
1794
2800
2819
1698
1241
844
1225
1523
1582
1434
1201
726
176
476
639
730
810
938
850
540
132
303
595
742
575
344
215
194
377
553
816
871
661
288
238
427
737
982
990
629
310
528
1125
1655
1263
644
405
543
825
935
682
353
173
247
439
464
496
571
619
818
1297
1900
2253
2192
2244
2173
1823
1079
459
588
1671
2426
3076
3693
4025
3772
3294
2880
2038
1157
1057
1241
1314
903
415
251
316
444
430
402
486
544
597
604
553
475
394
309
197
124
73
103
147
183
219
203
163
173
163
143
135
168
192
246
244
254
119
45
34
137
290
562
1253
1742
2260
2606
2897
3421
3540
3408
3244
2994
3173
3136
2935
2605
2066
1803
1721
1699
1629
1452
1132
966
948
890
715
508
578
994
872
826
651
339
204
260
120
137
138
157
256
381
375
209
111
93
92
54
31
38
46
39
20
50
81
75
107
136
209
247
238
220
194
100
88
73
47
54
96
164
200
189
158
100
24
6
8
19
19
12
13
40
166
187
210
261
215
146
315
435
491
501
524
599
735
794
852
721
421
290
200
69
59
33
11
8
19
14
19
21
19
42
46
104
134
136
134
126
149
252
513
588
673
738
872
947
958
933
870
856
1144
1506
1335
1234
1316
1314
1168
1151
964
727
893
1116
1131
1170
976
1009
914
761
417
307
320
339
405
432
518
571
661
737
730
709
722
828
1043
896
440
445
584
511
247
137
240
293
427
475
346
356
302
187
102
250
310
260
267
307
249
294
392
461
582
712
852
1068
1248
1235
1189
1262
1346
1389
1993
2526
2219
1982
3911
2431
2414
2101
1705
1401
1078
912
679
501
353
219
89
56
61
64
34
24
26
24
15
9
22
21
12
50
70
82
120
133
177
252
324
326
380
375
391
345
358
310
271
206
153
131
131
134
169
140
110
117
70
69
96
73
46
17
8
15
20
24
14
0
38
70
60
128
151
96
55
25
17
48
171
329
327
254
102
41
60
220
339
362
360
400
440
471
414
265
69
8
46
54
43
19
14
2
59
94
69
36
62
129
114
13
24
30
77
171
371
669
789
644
460
246
104
130
106
179
211
164
153
191
164
98
30
25
56
83
96
66
23
37
83
168
173
125
168
210
268
448
650
732
813
975
1131
1145
1182
1283
1282
1224
1144
1023
901
809
693
682
656
583
553
422
300
124
108
139
244
289
234
234
300
337
360
439
533
498
401
291
163
95
88
71
54
45
231
403
523
740
1187
1510
1770
1994
2086
1867
1397
632
474
404
251
85
77
220
286
285
221
163
139
188
329
533
596
440
211
354
421
412
307
340
355
629
1095
1445
1400
1035
701
746
778
717
559
401
279
253
290
343
515
975
1467
1772
2049
2354
2523
2458
2012
1567
1270
1085
925
803
885
814
634
439
313
306
361
455
643
728
633
460
613
731
579
386
334
1274
2844
3426
2717
2431
1425
539
231
424
350
258
387
412
274
212
239
330
575
611
417
302
357
417
362
286
209
160
165
237
282
315
469
744
813
625
286
239
371
467
444
391
314
246
208
266
326
260
194
312
453
560
768
1131
1508
1880
2344
2726
2960
2995
2596
2120
1615
1853
2098
2013
1591
947
1118
1190
1099
1805
2234
2102
1744
1237
698
1509
1799
1378
431
1227
1728
1970
1626
1072
1783
2065
2089
1698
1791
1683
1488
1311
1012
837
890
1219
1655
2189
2464
2858
4054
4782
4586
3353
3979
4728
4592
4097
3836
3357
3052
2954
3176
3036
2673
2202
2497
2426
2161
1751
1547
1497
1379
1520
1633
1681
1582
1378
1096
889
756
707
772
1068
1230
1289
1199
1121
1069
1166
1149
1331
1489
1678
1720
1532
1076
674
1003
1264
1110
973
1297
1419
1347
1109
554
821
1216
1526
1637
1040
1092
1215
1141
1043
1172
1081
728
485
829
954
799
408
339
620
653
759
939
1115
1347
1296
1188
1149
1175
1025
822
692
819
888
869
818
779
750
670
649
698
610
666
645
571
476
381
576
789
958
1066
1172
1395
1849
2063
2033
1353
634
469
357
177
201
159
133
83
112
183
231
221
164
111
140
142
118
85
67
78
83
59
71
236
26
17
4
8
17
18
2
4
0
5
8
13
26
24
6
23
153
367
465
418
307
351
458
641
825
1003
1283
1488
1588
1326
829
504
1080
1574
1723
1747
1447
777
323
252
177
157
91
361
570
607
497
116
466
642
347
264
522
675
484
252
598
744
446
567
630
686
449
387
704
718
323
511
592
539
234
602
671
281
410
543
637
435
362
754
681
451
599
626
550
207
707
811
288
392
411
197
234
240
213
78
19
74
74
76
31
15
6
4
0
81
483
1676
3090
3190
2968
3528
4097
4260
4083
3524
3409
2924
2458
1916
1551
1669
1672
1564
1252
857
1193
1747
1708
1021
636
292
277
223
191
185
147
144
117
85
58
59
28
14
17
11
48
130
210
234
233
217
181
141
82
19
22
56
108
163
179
214
226
213
204
172
144
105
68
37
43
47
26
16
16
5
4
54
44
31
31
58
40
9
4
13
28
20
17
24
52
48
74
124
141
106
71
75
105
106
172
200
183
242
283
251
220
153
69
33
31
21
9
9
7
0
6
17
18
7
14
5
4
13
43
31
36
74
112
145
154
143
134
114
95
81
86
111
128
149
163
144
163
207
344
700
1279
1657
1974
2113
2081
1787
1396
952
696
595
562
533
625
685
651
655
716
711
778
861
1086
1442
1845
2106
1774
1339
1185
1230
1175
935
787
643
379
267
312
381
454
483
552
593
633
664
634
688
740
674
550
437
434
456
594
778
1089
1461
1860
2127
2044
2107
2083
1974
1852
1724
1543
1342
1210
1074
949
954
905
863
819
616
546
435
309
197
146
102
104
102
117
334
602
1205
1959
2400
2801
2479
2018
1204
1095
1044
1132
1256
1343
1293
1000
1030
891
833
1115
1192
1113
1345
1312
1146
1178
1052
931
883
821
613
432
286
749
402
480
527
540
537
586
640
679
744
825
1219
1587
1736
1683
1715
1661
1277
1022
771
520
593
973
1488
1796
1816
1709
1410
1165
596
241
382
609
466
388
470
623
800
1027
1255
1230
969
636
533
446
521
862
1076
1098
874
645
457
156
376
552
742
1053
1355
1713
1955
1952
1337
674
260
175
335
428
607
608
522
521
652
910
1187
1459
1664
2193
3118
3575
3461
3416
3832
4078
3980
3715
3371
3098
3114
3543
3212
3019
2025
1624
1600
1616
1611
3194
1653
1567
2273
2067
1933
1838
1363
1440
1230
1313
1432
1463
1201
1076
994
935
560
359
272
105
74
178
216
132
101
90
174
361
721
1176
1622
2053
2476
2740
2877
2804
2907
3033
2872
2415
1784
1408
2419
1099
997
927
744
461
301
261
276
316
238
190
83
29
28
12
6
5
8
29
36
32
32
43
42
20
6
5
0
1
2
5
12
22
115
199
231
189
67
6
1
0
1
11
21
51
98
133
89
109
149
162
162
176
191
164
134
97
123
146
89
73
56
69
56
58
72
65
41
52
26
4
7
15
9
4
6
7
9
17
25
26
32
22
22
26
13
5
5
11
8
2
38
200
636
1444
2121
2811
3424
3493
3308
3645
4028
3604
3251
2588
2029
2032
2049
1982
1960
1922
2096
2468
2773
2921
2954
3047
2766
2276
1806
1196
1070
1153
1516
1936
2130
2369
2400
2270
2121
1968
1755
1248
907
936
1081
1215
1284
1387
1401
1069
886
907
963
1420
2244
2629
2866
3089
3217
3033
2856
2637
2212
1779
1485
1342
1131
775
520
302
75
35
53
79
68
45
29
21
53
31
7
0
0
1
9
14
4
0
0
0
0
0
0
0
0
1
1
0
5
6
0
1
11
31
44
44
57
53
37
32
36
51
76
117
120
106
110
101
78
57
38
27
24
14
3
2
18
23
13
22
26
9
10
14
15
15
17
9
10
13
16
12
11
8
11
8
12
10
4
11
4
3
2
2
0
2
0
0
0
0
1
3
0
0
0
1
1
2
0
5
10
5
6
6
4
4
8
9
8
9
15
6
13
3
7
16
10
5
4
1
5
2
4
2
3
3
3
2
5
8
1
7
6
4
3
5
6
6
4
0
1
2
1
3
3
3
0
1
1
4
0
2
0
0
1
2
4
2
8
5
5
7
10
10
15
5
3
11
3
4
5
4
5
4
0
1
0
1
0
0
1
1
1
0
0
0
0
0
0
0
0
0
0
0
0
0
0
0
0
0
0
1
25
75
162
394
750
1240
1741
1948
1741
1429
1828
2260
2777
3525
4072
4520
4732
4563
4612
4159
4493
4433
3934
3071
2908
3455
3870
4062
4458
4854
4972
4812
4551
4267
4147
4761
4939
4600
4024
3500
2556
2268
1719
1033
742
955
1293
1693
1941
2335
2875
3194
3161
3022
2926
2893
2901
2471
1964
1600
1340
1231
1016
793
560
426
479
568
751
1070
1359
1269
1562
1744
1973
2076
2003
1893
1673
1680
1665
1463
1189
1170
1291
1168
919
875
825
788
725
595
521
516
445
419
419
425
384
698
924
824
697
654
712
549
342
268
261
238
283
399
394
361
283
235
556
605
616
701
654
667
607
407
269
229
357
619
830
927
979
962
873
1041
996
1171
2511
1308
1226
1228
1103
1079
1230
1461
1284
1066
1534
1797
1835
1644
1421
1241
1137
1184
1152
1151
1247
1297
1404
1626
1949
2045
2135
2137
2081
1962
2490
3039
3685
4302
5050
5359
5808
5181
4167
2923
2170
2133
2695
2707
2542
2327
1234
877
1501
2143
2256
2078
1739
1523
1325
1079
852
880
1211
1444
1863
2133
2267
2303
2020
1637
1475
1637
1883
1621
1336
1604
2084
2431
2939
3577
4033
4000
3951
3382
2691
1906
1183
1007
1288
1869
2136
2117
1913
1436
876
790
658
359
247
295
394
573
738
919
1007
1161
1393
1421
1231
742
944
1394
1585
1614
1348
1274
694
453
416
305
254
207
418
423
305
213
71
71
73
84
101
163
198
160
130
112
85
96
117
106
113
124
168
243
316
265
180
192
283
277
246
361
347
184
71
151
297
351
366
344
438
882
1187
1315
1257
1234
1206
1406
1708
1840
1819
1857
1848
1836
1742
1162
859
938
1178
881
1103
1408
1453
1251
1020
897
699
553
440
258
141
312
441
554
539
543
489
414
318
442
532
500
534
489
503
601
654
639
676
668
650
604
674
749
803
717
630
589
633
753
957
1381
1701
1852
1827
1816
1815
1635
1448
1561
1803
2248
2324
2392
2768
2757
2936
3022
2946
2997
2489
2788
3091
3333
2882
2222
1614
1374
1143
810
521
354
435
462
508
565
604
438
453
785
1113
1038
925
616
339
343
481
577
553
577
648
607
475
391
539
654
624
497
559
631
478
482
376
175
267
450
550
535
401
271
135
37
28
84
178
252
283
393
589
795
660
368
292
522
768
1191
1653
1963
2102
2010
1998
1642
1025
871
784
768
840
912
675
348
182
158
149
204
216
230
238
264
256
338
394
532
631
789
894
860
678
585
559
527
528
594
554
376
292
374
586
1025
1554
2019
2319
2378
2126
1782
1364
925
713
785
1078
1136
1254
1209
1068
894
813
876
1040
1269
1467
1604
1715
1750
1682
1671
1673
1645
1552
1625
1658
1792
1965
2169
2404
2368
2334
2383
2360
2298
2209
2102
1933
1937
2125
2164
2232
2045
1829
1639
1594
1437
1295
1126
874
641
409
315
316
380
414
520
621
757
828
909
813
800
814
777
719
678
517
377
170
91
66
97
163
280
497
826
1100
1347
1583
1760
1941
2085
2188
2542
2625
2667
2752
2745
2475
1968
1834
1786
1559
1201
873
545
252
158
153
102
66
77
100
198
293
457
639
786
828
958
1092
1253
1587
1842
1982
1900
1827
1614
1421
1160
1022
894
791
571
233
260
442
680
893
1190
1390
1352
1167
1001
1026
1091
1165
1258
1160
1109
1021
771
505
373
202
93
73
70
53
20
16
0
3
2
2
2
10
43
62
52
63
110
209
442
630
682
885
1130
1419
1645
1748
1646
1579
1454
1192
1052
1303
1365
1505
1514
1255
833
554
277
103
161
248
259
206
136
115
154
247
285
145
71
98
162
182
199
207
179
163
131
121
112
148
175
121
135
215
181
196
306
333
489
681
774
846
869
970
985
982
897
844
932
1117
1301
1286
1114
875
485
235
163
271
327
378
413
428
335
385
711
817
800
733
732
614
648
596
514
521
552
599
523
387
355
349
182
99
93
137
251
397
475
614
808
1058
1267
1763
2122
2443
2526
2561
2599
2591
2612
2429
2218
1964
1730
1570
1291
938
560
566
953
1637
2365
2944
3092
3072
3250
3571
3957
4407
4477
4401
4263
4335
4405
4263
4227
4104
4006
3909
3849
3569
3308
3278
3152
2812
2469
2084
1506
1422
1959
2350
2888
3329
3577
3774
4035
4209
4018
3895
4035
4390
4556
4401
3891
3401
3729
4112
4178
4098
3887
3637
3655
3954
4142
4164
3783
3625
3672
3625
3626
3550
3526
3468
3266
2994
2620
2066
1414
953
663
910
946
717
1137
1563
1597
1461
1264
965
828
828
767
556
364
278
226
170
133
150
192
188
233
437
974
1699
2124
1984
1615
1264
1043
838
597
583
597
631
805
916
1057
1199
1307
1315
1245
1207
1187
1326
1642
2030
2380
2860
3294
3748
4096
4159
4051
3873
3569
3514
3350
3289
2764
2272
2004
1763
1559
1738
1934
1805
1483
1042
639
486
777
903
980
1186
1454
1749
1967
2186
2317
2384
2432
2443
2482
2414
2388
2343
2258
2147
2030
1769
1497
1184
988
833
784
908
1203
1288
1193
1162
1244
1536
1849
1956
1977
1845
1788
1668
1590
1445
1318
1162
1046
1000
955
914
880
710
472
356
316
393
675
1067
1542
1862
2355
2625
2776
2748
2478
2101
1835
1698
1544
1449
1307
1140
958
704
471
353
321
271
297
373
531
661
788
992
1376
1818
2199
2225
2276
2314
2472
2611
2559
2433
2275
2060
1881
1849
1727
1684
1608
1478
1091
791
604
462
361
373
431
528
497
505
635
770
783
692
634
627
727
693
792
791
803
788
872
932
993
968
1056
1073
1058
1080
1033
905
651
459
370
288
270
282
299
312
334
303
281
302
254
266
300
203
128
68
101
82
83
73
50
37
34
18
5
1
0
1
2
13
4
0
0
0
0
0
0
8
43
114
148
151
137
164
205
264
643
723
586
662
697
660
518
372
235
322
501
683
714
579
525
495
413
394
541
688
746
640
630
701
667
600
611
588
550
515
378
331
251
222
240
207
219
177
197
226
256
186
74
16
9
160
67
22
2
33
60
34
0
5
16
15
19
35
35
37
28
17
27
50
72
97
121
102
81
56
30
3
7
18
29
62
105
114
133
184
175
169
175
152
113
69
41
15
4
2
1
0
0
4
0
0
12
20
12
1
6
7
12
10
21
11
17
19
39
111
176
234
234
196
147
104
46
25
38
173
411
638
771
955
1274
1563
1785
1899
1948
2094
2269
2466
2534
2412
2284
2220
2138
2277
2155
1783
1494
1285
1339
1709
1595
1236
816
597
673
807
690
512
426
390
381
431
485
506
549
554
620
803
862
936
1046
1259
1611
1942
2027
1951
1629
1324
1711
2104
1958
1703
1701
1349
1153
1067
965
886
933
708
564
353
302
351
347
336
303
281
291
247
216
222
216
223
228
213
188
288
456
546
552
573
562
492
322
114
82
133
202
334
494
805
1460
1881
2024
2093
1877
1651
1568
1354
1245
1364
1601
1613
1628
1822
2157
2293
2506
2763
2933
2969
2737
2420
2302
1991
1683
1574
1843
1812
2393
2921
2998
3076
3452
3642
3677
3774
3694
3372
2927
2711
2901
3081
3249
2985
2775
2959
2826
2580
2365
1963
1471
1097
1007
932
623
731
671
740
914
846
657
1025
1494
1624
1574
1551
1308
985
688
478
595
598
899
982
1203
1469
1532
1266
812
704
714
754
966
1318
1833
2347
2765
2878
2684
2406
2224
1986
1663
1212
946
893
732
626
320
321
503
527
633
876
1300
1779
1981
1393
1330
1087
1271
895
731
927
1083
1425
1749
1801
1552
1090
1105
1819
2141
1960
1724
1501
1365
1161
810
657
398
265
263
192
175
130
125
232
353
338
272
357
498
584
655
702
838
1473
2685
3646
3662
2977
3396
4149
3897
3418
3044
3258
3478
3946
4594
4496
3899
3869
3771
2945
3448
3774
3752
3079
2059
2353
3227
2773
2944
3304
2547
2109
2225
2344
2547
2450
1927
1155
1250
1096
818
772
526
580
582
469
318
209
294
536
617
652
688
750
892
1073
1244
1424
1598
1842
1900
1877
1881
2300
2816
2740
2424
2264
2100
2330
2757
2599
1893
1170
1762
3060
3323
1297
1871
1993
1950
1559
690
1445
2701
2742
977
1156
936
945
828
789
695
959
1308
1750
1841
1547
1477
1488
1378
1437
1487
1213
775
419
305
473
560
681
679
430
953
1977
2039
1500
466
516
563
270
198
244
90
159
267
286
176
30
7
23
75
129
156
103
32
53
69
91
58
96
151
151
107
71
68
40
30
21
42
57
82
152
209
121
93
148
241
498
598
510
451
455
317
401
364
343
251
132
118
92
49
50
56
13
15
3
1
5
21
26
19
55
127
356
112
110
81
44
48
49
41
58
67
306
539
561
387
260
166
123
126
141
120
46
13
7
13
36
28
6
0
1
8
79
179
272
335
326
241
139
41
10
19
29
26
16
7
0
1
1
2
1
0
0
0
0
0
16
66
80
149
270
522
1026
1818
2226
2194
1883
1409
974
834
679
545
453
428
384
377
371
286
226
103
69
66
82
103
119
121
116
117
117
136
142
165
139
168
207
322
577
959
1348
1864
2205
2536
2831
2759
3008
2841
2533
2331
2260
2426
2601
3053
4288
4504
4202
3394
3119
3200
2671
1806
1586
1560
1101
883
904
918
889
764
642
529
298
200
242
276
255
169
74
51
47
23
12
2
0
0
2
3
1
0
22
194
548
1009
1358
1610
1782
1671
1544
1432
1416
1449
1213
911
721
549
476
434
467
421
646
1155
1589
1966
1525
812
520
515
651
803
1051
1098
913
456
561
1137
1568
1452
802
326
226
324
336
533
798
896
846
817
688
323
387
751
1031
1180
1114
533
412
326
204
75
65
38
16
4
8
13
17
22
16
11
0
1
8
5
3
10
82
107
100
54
14
13
37
58
135
284
501
677
787
791
690
551
438
340
295
250
138
90
284
497
663
818
853
863
807
731
518
335
292
386
451
470
335
158
37
9
67
76
53
36
89
167
272
537
842
1106
1268
1322
1396
1380
1331
1303
1417
1483
1390
1173
1020
939
695
416
544
574
456
361
319
383
406
271
115
218
253
218
136
73
53
42
11
7
0
0
4
0
0
1
8
6
5
2
1
0
1
2
3
2
1
0
0
0
0
0
0
0
0
0
0
0
0
0
0
0
0
0
0
0
0
0
0
0
0
0
0
0
0
0
0
0
0
0
0
0
0
0
0
0
0
0
0
0
0
0
0
0
0
0
0
0
0
0
11
107
445
1053
1496
1525
1389
1087
834
778
661
907
1852
2436
2287
1436
515
228
342
646
849
937
844
736
465
359
545
626
612
557
477
444
481
577
848
1305
1784
2055
2185
2168
2070
1922
1846
1841
1631
1206
686
311
133
96
150
149
151
116
92
105
124
144
130
79
77
59
21
4
4
4
25
95
220
337
545
785
880
884
857
652
404
235
161
191
253
289
274
214
154
93
105
172
307
342
285
88
4
1
7
7
4
0
0
16
50
95
141
184
217
267
337
344
303
240
230
135
76
69
124
134
51
51
135
146
33
80
109
56
13
71
205
66
78
69
52
55
52
49
19
23
77
81
43
6
10
100
157
123
100
151
113
59
56
22
92
93
61
17
10
13
24
34
29
60
76
106
83
58
44
33
24
63
201
288
263
182
264
174
38
3
14
29
30
28
15
10
4
0
1
10
30
35
26
29
8
3
0
6
44
121
269
425
600
710
817
844
805
762
628
569
403
37
301
452
503
418
244
135
77
26
2
2
1
53
199
348
335
205
111
121
274
314
312
424
687
985
1178
1354
1395
1547
1632
1681
1735
1720
1804
1805
1879
1897
1755
1722
1615
1433
1298
1140
1079
941
779
677
638
885
986
889
532
156
229
347
410
572
728
698
499
595
633
556
488
453
368
267
235
238
117
30
26
54
78
111
61
40
31
62
62
39
23
9
7
2
4
11
31
75
170
332
574
684
477
167
47
83
176
178
116
46
21
27
46
32
13
8
10
22
23
25
15
0
1
0
0
1
3
36
101
118
133
116
52
8
4
12
27
12
19
8
10
15
12
19
23
21
22
20
15
13
5
11
5
6
3
0
1
0
2
1
0
0
1
0
0
0
1
0
0
0
0
0
3
3
11
17
21
52
38
33
31
27
31
29
29
16
6
1
0
0
0
0
0
0
0
0
0
0
0
0
0
0
0
0
0
0
0
0
0
0
0
0
0
0
0
0
0
0
0
0
0
1
0
4
4
6
9
26
90
188
298
356
371
339
283
175
159
123
62
43
33
22
6
16
30
43
46
66
63
40
9
2
15
74
108
96
128
142
171
224
293
402
486
495
496
479
472
472
501
563
575
590
619
558
483
355
573
840
886
877
870
797
651
405
92
82
246
329
315
186
56
16
11
31
36
15
9
17
59
94
118
146
172
192
192
180
138
129
96
59
36
25
28
44
77
131
157
116
92
90
102
101
115
96
76
72
80
118
127
122
105
62
52
53
65
95
131
196
289
312
314
270
222
153
114
106
79
43
36
32
24
13
9
3
2
0
0
0
0
0
0
0
0
0
8
67
68
29
0
0
16
93
194
319
456
524
514
482
407
296
156
13
245
233
221
172
174
132
74
54
37
27
31
48
46
50
29
22
8
1
0
5
5
6
1
0
0
1
0
1
1
15
69
113
90
59
42
32
54
108
122
107
82
60
20
4
61
134
261
172
137
30
4
7
10
20
6
2
0
0
0
0
0
0
0
0
0
1
32
191
536
971
1367
1792
2098
2536
2776
2834
2874
2731
2336
1961
1408
838
563
720
1063
1548
1991
2388
2732
3046
3409
3612
3868
4086
4202
4324
4490
4488
4378
4215
4127
4061
3951
3649
3344
3033
2690
2372
2155
1964
1776
1784
1831
1885
1872
1814
1712
1371
1220
904
755
618
763
1203
1692
1848
1621
1402
1125
990
1156
1068
991
930
933
988
954
932
794
594
370
260
204
236
229
450
811
978
832
630
430
94
219
333
251
102
161
302
336
268
102
65
139
189
177
152
99
26
11
7
6
3
12
9
12
6
8
17
31
24
36
32
33
36
40
46
35
16
6
2
0
0
0
0
0
1
4
7
8
10
9
9
13
20
24
27
25
24
18
19
19
12
9
8
7
1
1
1
6
16
34
39
33
21
20
39
44
35
30
30
20
21
29
50
69
124
191
247
275
357
658
915
1180
1484
1706
1708
1570
1318
1182
1257
1345
1167
768
549
454
462
427
386
329
313
269
220
234
211
159
147
328
686
974
1425
2026
2518
2918
2956
2717
2527
2162
1752
1457
1303
1204
1111
1000
885
734
655
640
577
573
577
571
626
660
606
615
705
955
1594
2607
3311
3539
3449
3505
3656
3772
4296
4677
4645
4506
3751
2877
2072
1708
1917
1619
1287
1327
1146
809
559
362
691
910
809
634
480
323
205
241
402
515
562
588
469
258
361
354
375
387
431
326
336
355
335
411
533
595
628
696
779
853
831
808
809
883
902
906
946
948
993
1052
928
755
708
666
618
572
605
671
859
1070
1240
1251
1131
1088
1003
898
700
522
449
380
396
487
736
950
1163
1231
1402
1438
1378
1341
1312
1234
1180
1204
1027
748
441
175
459
555
583
544
502
406
379
299
256
229
263
280
236
222
258
293
349
356
416
597
791
978
1238
1311
1201
1042
721
565
386
538
726
779
728
606
550
537
467
454
526
714
738
572
339
138
188
296
418
549
731
954
985
964
982
1268
1553
1803
1940
1797
1509
1124
844
537
357
465
655
1022
1435
1738
1891
1975
1868
1764
1563
1204
832
345
336
724
1191
1571
1642
1437
1164
791
436
147
446
950
1397
1670
1796
1566
1284
893
541
249
213
379
498
578
602
634
692
651
430
176
216
268
454
665
658
443
259
139
247
283
285
269
213
166
257
394
521
478
266
228
292
339
319
361
477
546
474
424
413
385
288
238
240
254
201
130
114
218
276
204
122
271
153
59
40
53
57
50
46
48
72
65
72
93
83
90
95
148
151
132
147
165
168
149
150
145
145
134
111
102
86
67
53
74
92
91
95
86
92
112
138
152
564
931
1350
1857
2197
2416
2422
2339
2196
1966
1675
1654
1551
1399
1189
853
800
719
609
663
639
613
768
1145
923
668
520
448
347
325
153
192
246
308
351
319
291
307
364
366
614
853
1089
1252
1461
1529
1459
1406
1254
1196
1209
1051
854
808
884
1067
1090
1187
1322
1144
1029
944
785
498
356
299
268
203
122
69
117
207
358
451
356
331
263
205
193
219
244
259
328
310
402
425
398
352
285
214
94
109
81
102
213
438
644
744
743
713
706
597
546
587
608
620
654
647
603
560
552
619
619
708
800
831
852
628
401
459
409
315
305
308
235
140
134
224
286
354
413
405
557
1077
1234
927
551
166
445
508
424
262
369
450
457
396
236
100
174
217
136
82
47
177
577
1313
2246
2932
3154
2988
2707
2294
2365
2291
1953
1584
1333
1255
1195
1154
1166
1167
1205
1106
1063
1063
1091
1015
812
771
729
605
468
375
357
322
223
169
219
286
345
264
211
107
86
137
145
179
258
406
564
763
906
817
729
620
636
661
661
553
370
244
289
422
403
248
205
172
225
296
285
368
434
500
564
683
750
735
697
719
655
535
369
278
278
341
408
439
453
460
452
412
417
431
471
469
527
534
563
564
581
571
529
471
424
348
315
289
287
301
299
313
331
310
263
255
239
264
306
305
261
229
222
201
169
166
166
163
161
160
175
191
274
368
391
329
267
204
131
119
176
309
489
674
766
749
659
533
392
227
90
258
423
491
561
503
383
54
192
463
480
400
343
348
219
263
439
679
729
661
560
388
368
555
610
570
337
89
47
134
263
290
235
105
38
98
135
153
167
182
103
15
2
6
24
36
64
75
57
28
14
9
6
5
4
13
19
15
48
103
172
163
156
168
122
118
95
89
131
147
120
53
28
48
53
74
94
96
140
229
277
250
190
135
124
220
410
511
518
425
315
204
121
106
62
39
19
17
23
41
41
39
105
86
75
65
90
86
87
112
130
177
222
239
255
292
283
254
205
194
193
146
126
96
109
81
82
87
83
80
86
87
64
32
16
9
10
8
9
10
29
66
197
295
422
520
606
618
552
392
232
167
111
121
140
122
113
62
48
140
23
27
53
78
104
124
91
78
27
46
78
85
73
77
72
83
128
227
380
644
970
1421
1709
2103
2453
2752
2791
2609
2469
2261
2080
1735
1234
864
589
432
398
422
524
536
512
353
127
28
29
90
137
141
94
129
213
331
449
496
505
493
490
447
466
561
578
489
331
142
348
514
291
57
20
9
20
3
3
3
6
5
5
5
16
100
344
654
949
1102
1099
1036
931
846
762
829
967
1067
1109
952
617
473
557
762
719
501
391
211
65
76
90
120
116
143
145
157
106
109
104
116
116
160
152
150
278
574
863
818
566
135
113
365
508
583
440
264
137
100
108
99
120
107
164
234
345
600
842
1144
1209
1359
1421
1464
1356
1313
972
491
360
252
213
137
113
116
165
193
209
205
234
202
165
233
292
330
321
326
241
254
315
335
269
189
116
106
75
65
58
105
127
100
115
139
113
62
30
46
65
76
93
122
125
107
102
94
58
53
42
28
16
9
3
2
9
11
17
4
0
0
11
21
41
6
21
7
6
1
0
2
3
4
2
3
9
12
18
37
45
34
42
30
33
32
46
79
182
526
961
1570
2096
2495
2965
3328
3784
4045
3936
3650
3442
3307
2619
1806
1801
2456
3106
2979
2075
1260
1338
1287
889
617
641
608
616
586
371
123
91
232
272
241
123
69
59
38
15
18
39
27
13
4
0
0
7
18
11
11
18
15
7
0
0
1
0
0
2
5
7
7
4
3
34
27
7
48
143
240
379
539
637
690
643
522
379
211
108
32
34
25
21
56
104
119
133
165
241
451
579
663
551
381
273
161
107
121
125
186
247
343
328
211
73
80
128
281
414
443
545
683
845
922
1013
886
801
723
602
314
122
102
92
71
102
167
248
421
536
523
464
367
400
410
395
356
274
136
123
116
159
226
243
211
140
19
155
297
332
261
56
90
128
67
4
7
28
82
289
557
642
615
503
355
360
420
395
197
109
210
228
130
146
319
398
399
391
413
390
235
148
152
118
44
32
84
86
53
39
90
161
142
77
76
108
96
74
107
210
365
624
1012
1252
1747
2339
2698
2769
3151
3243
3103
2798
2369
1460
2783
3263
1609
1061
1128
1697
1411
738
982
1248
982
545
771
1708
1968
1483
556
639
834
709
366
72
260
402
458
318
155
149
171
167
206
349
414
357
221
405
518
373
198
246
272
273
266
216
252
313
351
277
340
214
282
346
472
708
802
869
859
721
538
553
641
647
571
475
476
524
687
1075
1093
1020
1089
1185
1205
1467
1412
1062
955
1325
1685
1968
1769
1735
1849
1469
1046
971
829
485
402
461
304
160
177
335
460
564
544
614
866
1611
2267
2459
2569
2578
2103
1366
896
777
1012
886
707
682
581
326
542
966
1636
2126
2493
2142
1851
1813
1397
1036
661
526
427
792
1187
1414
1404
1296
1170
1094
645
655
952
944
854
828
823
651
746
1162
1672
1882
1790
1137
845
694
523
468
501
506
449
491
521
385
549
618
667
683
779
934
1170
1396
1382
1141
802
457
1057
1925
2705
3272
2915
1229
776
467
287
225
305
235
234
289
296
341
371
318
244
184
177
183
255
282
258
244
234
198
190
242
239
226
184
169
163
243
278
223
273
440
726
1589
2121
2419
2631
2411
2182
1900
1561
1116
762
597
526
385
267
192
162
234
324
315
296
237
187
197
223
194
126
78
24
78
122
202
349
585
837
1004
1232
1590
1714
1447
1164
1115
737
412
546
501
501
373
311
258
261
185
124
134
183
185
166
127
184
168
130
108
132
132
139
82
59
45
65
87
61
70
93
121
165
207
306
352
436
503
738
1202
1623
1787
1776
1589
1403
1334
1304
1089
775
632
556
437
306
247
225
165
110
123
185
209
200
233
273
382
519
619
620
511
357
278
300
392
457
324
206
136
82
46
64
114
248
310
309
313
297
234
119
38
6
37
125
278
523
728
963
1247
1740
2392
2918
2938
2700
2518
2135
1350
1179
828
442
343
347
663
761
712
693
799
745
719
653
726
904
1096
1411
1840
2515
3189
3562
3495
3180
3066
3116
3247
2994
2861
2601
2455
2178
1980
1694
1313
1125
1090
1015
919
754
590
373
378
469
492
507
449
430
366
284
321
276
283
268
274
351
409
431
516
719
1013
1276
1547
1819
2127
2562
3190
3760
3626
3161
2580
2655
2751
2047
1264
898
841
917
895
815
1029
1430
1765
1928
2109
2227
2393
2171
1575
1124
718
811
748
721
732
604
236
97
120
211
225
158
107
52
62
142
184
245
288
250
257
367
514
529
516
511
579
709
856
1088
1345
1579
1556
1199
1130
757
895
1019
930
773
503
212
94
151
301
462
607
653
562
413
421
457
499
653
800
783
709
768
753
751
836
1076
1408
1533
1508
1255
1395
1608
1675
1428
1074
1052
965
940
899
1036
1084
1211
1422
1449
1629
1903
1915
1672
1804
1940
2074
2801
3264
3360
3072
2322
1182
452
608
549
403
260
239
530
719
759
687
1132
563
782
818
771
766
825
816
843
977
1158
1118
1039
951
783
471
520
646
1196
2014
2766
3166
3317
3196
3063
2744
2230
1729
1396
1039
751
544
351
191
214
429
480
467
341
339
656
769
860
668
699
845
657
341
508
788
704
403
355
334
174
150
260
355
567
713
603
499
493
542
573
582
629
729
797
684
460
211
129
118
196
230
184
151
120
122
105
78
68
114
141
126
99
199
436
728
892
916
946
940
840
637
519
500
505
559
609
630
933
1152
1439
2002
2490
2803
2681
2699
2485
2200
1780
2230
2374
2018
1222
1080
970
1000
971
968
1017
955
807
707
725
805
606
448
353
361
415
355
308
314
324
361
390
424
547
707
822
811
728
596
435
256
171
196
257
266
177
93
45
13
29
55
96
83
60
96
135
154
148
99
66
51
44
47
37
35
34
28
59
75
218
556
938
1265
1273
1005
645
456
374
331
357
514
647
768
980
1043
1006
901
583
317
591
662
675
695
797
829
783
615
434
318
291
231
171
141
166
183
163
177
206
262
393
677
1151
1397
1327
1089
997
1032
1342
1754
1710
1256
1059
999
625
545
638
589
756
790
708
519
346
219
190
262
367
579
876
1033
1204
1303
1371
1420
1641
2032
2890
3013
2604
1650
2330
2741
2617
2301
1802
1481
1248
1083
950
746
542
578
570
542
539
632
693
597
620
599
593
610
496
455
425
355
303
296
266
196
139
125
158
171
237
239
156
149
197
293
368
389
269
152
87
119
208
208
185
348
712
971
1233
1516
1716
1891
1970
1801
1634
1470
1448
1360
1311
1433
1512
1656
1619
1497
1348
1245
1297
1396
1318
1129
869
619
331
270
538
722
878
1159
1311
985
351
445
395
340
291
251
197
172
155
150
176
180
137
57
35
24
29
78
85
33
46
99
161
151
51
18
71
138
139
67
86
100
93
143
187
262
395
562
602
604
403
211
162
202
250
369
802
1293
1655
1911
1965
2055
2056
2138
1969
1827
1907
2201
2527
2741
2656
2530
2592
2366
1877
1724
1903
2186
2250
1996
1568
1322
1260
1354
1197
942
785
663
756
882
827
691
452
246
279
264
157
96
193
368
567
793
977
1045
1137
1170
1024
857
1007
1344
1734
2156
2474
2714
2648
2644
2941
2831
2230
1818
1356
1213
1151
1052
946
754
578
482
554
801
1239
1550
1562
1196
997
830
578
330
240
216
319
395
472
443
567
969
956
755
387
254
197
215
187
272
701
1469
1931
1818
1201
567
552
791
966
1156
1347
1437
1524
1876
2364
2917
5250
4014
3753
2886
1873
1435
921
603
480
659
815
814
781
751
567
344
310
309
398
438
405
269
208
144
82
31
46
60
50
44
49
65
48
32
24
21
26
26
17
4
12
28
38
38
48
30
32
32
11
2
11
15
19
13
9
16
16
19
58
205
307
416
503
560
564
560
523
480
436
393
373
327
271
216
259
362
434
511
608
682
739
775
780
676
534
414
468
685
853
1034
1130
1216
1125
738
452
367
424
549
654
531
369
146
92
95
131
118
51
45
69
148
200
219
230
230
170
102
69
30
23
12
22
80
184
224
220
131
33
39
61
65
79
106
95
66
83
72
54
57
52
39
35
75
76
129
146
183
157
167
143
97
90
94
101
103
125
111
118
91
103
101
66
61
65
48
50
57
61
56
47
33
23
18
8
13
8
7
1
6
6
9
11
5
3
3
1
2
2
1
4
2
4
4
2
3
9
9
7
5
4
3
2
3
1
4
9
14
19
17
20
24
46
63
58
63
72
102
108
103
62
62
44
54
32
64
72
137
250
332
366
458
558
717
696
583
444
744
1026
837
253
276
426
492
545
762
1112
1241
1187
1043
879
655
574
548
641
723
700
831
884
843
842
812
817
735
979
1174
1153
869
880
860
860
814
957
1107
1174
1255
1362
1209
568
397
623
657
538
590
519
363
188
216
362
473
1055
1644
2057
2897
4001
4894
5609
6164
6694
7323
8257
8531
8260
6775
7600
7812
7452
7119
6675
6273
5832
5251
4875
4783
5374
6135
6804
7160
7171
7369
7866
8425
8756
8328
7984
8280
8529
8796
8904
8570
8095
7466
6885
6317
5356
4135
3085
2906
3402
3690
3768
3571
3258
2335
2757
3193
3426
3293
2939
3067
3153
3136
3065
2890
2799
2694
2546
2546
2582
2178
1826
1414
1064
927
617
356
218
150
83
160
237
399
1115
1711
1848
1854
1860
1986
2403
2718
2959
3128
3003
2635
2174
1567
1298
1428
1948
2663
2574
1892
1709
1667
1482
1634
2293
2907
3450
3718
4319
5101
5690
5738
5403
4429
3531
2684
1874
1358
1352
1596
1933
2234
1872
1795
1305
1190
1155
1160
1340
1336
1149
951
878
718
678
552
411
224
232
341
334
283
205
103
236
367
486
628
818
971
1105
1209
1177
1277
1350
1409
1369
1358
1221
1036
844
1958
509
443
393
420
389
343
439
635
903
1026
1160
1182
930
1032
1153
1389
1481
1221
1018
891
705
452
393
338
387
730
1158
1140
927
975
1203
1534
2106
2581
3240
3905
4085
4606
4528
3632
2696
2351
1484
1302
1465
2048
2890
3403
5123
3509
2925
2472
1899
1523
1343
1069
599
261
219
553
787
930
970
956
1031
1307
1742
2285
2863
3381
3488
3462
3056
2563
2018
1809
1612
1489
1467
1377
1370
1461
1354
1382
1429
1532
1418
1467
1367
1273
1200
1106
1073
1010
1010
1064
985
939
878
762
588
489
371
384
337
319
402
599
748
791
842
869
925
843
891
1364
2074
3323
4508
5209
5077
4206
2789
2874
2282
2013
2030
2071
1708
1296
890
546
436
587
658
620
684
677
619
489
344
247
164
154
143
87
68
51
146
272
394
446
364
245
168
142
84
83
84
55
35
18
8
10
18
31
55
88
124
112
121
124
157
340
693
1067
1372
1522
1495
1476
1395
1335
1172
945
706
441
145
51
149
287
345
380
474
683
987
1233
1726
2264
2388
1926
1452
1008
665
523
598
560
529
477
415
428
405
389
787
1140
1612
2024
2776
3128
2985
2414
1599
1209
1636
2065
2560
2667
2406
1568
1331
1792
2191
2252
1821
1780
1583
1820
1944
2129
1858
1270
734
609
916
1283
1251
912
661
411
330
251
166
128
265
297
233
209
298
503
598
575
595
715
1026
1514
1862
2064
2073
1708
1546
1428
1213
881
682
510
633
713
726
834
968
1412
1939
2312
2690
3701
4662
4594
3297
1512
1054
1086
744
533
526
342
448
447
327
214
168
188
274
322
240
182
145
217
311
366
435
521
506
380
272
161
97
128
337
440
384
251
76
86
243
311
325
350
343
389
459
463
656
789
695
558
562
648
924
1565
1790
2026
2120
1961
1692
1433
1176
1010
987
948
1267
1661
2116
2577
2470
1612
957
1104
863
487
547
452
315
357
420
550
760
932
921
947
1120
1257
1278
1311
1474
1694
1756
1690
1602
1538
1395
1276
1181
1355
1259
939
672
477
592
984
1179
1096
1254
1423
1361
1197
1054
934
730
576
440
247
55
49
29
20
14
12
10
9
7
18
38
26
17
16
15
0
0
0
9
109
351
485
507
455
217
100
293
356
334
284
239
152
120
64
29
5
4
8
12
10
13
26
45
64
119
176
269
372
489
535
843
1279
1457
2241
3082
3612
4181
4841
4994
4720
4238
3341
2449
1917
1579
1725
1776
1811
2067
2524
2529
1984
1143
466
598
626
340
298
634
844
990
1038
915
589
370
467
507
531
637
647
457
348
227
182
172
159
193
217
274
374
542
752
731
682
622
567
554
555
672
694
785
989
1026
745
430
297
191
106
65
121
272
311
283
255
206
189
256
322
455
549
743
936
1074
1126
947
715
543
417
395
411
507
585
735
814
645
410
518
885
1688
742
742
865
917
875
666
355
217
146
168
140
96
77
106
188
166
137
146
131
90
31
108
214
180
87
86
93
158
181
99
27
22
13
3
9
30
21
9
8
6
0
3
6
9
4
7
14
41
174
498
1019
1454
1576
1645
1592
1298
1012
1021
770
588
472
501
410
351
451
542
776
926
1017
962
767
544
389
272
244
303
512
693
675
509
412
211
38
134
117
60
141
340
681
1361
1883
2080
1657
1264
814
532
574
910
1514
1951
2106
2178
2227
2418
2709
3202
3330
3262
3036
2932
1998
939
1571
2319
2414
2302
1947
1299
791
473
223
114
211
582
888
794
357
167
295
236
124
152
293
382
285
200
73
14
123
130
33
25
143
359
1001
2574
4971
6108
6578
6986
6552
6276
5634
4757
3934
3501
2897
2243
1743
1531
1479
1562
1905
1705
1390
1220
924
820
1002
1404
1774
1792
1718
2034
2551
2609
2495
2365
2029
1720
1022
891
876
766
725
520
384
368
317
210
185
164
163
118
64
28
28
33
34
34
41
65
119
106
80
69
61
62
69
64
122
150
156
194
372
590
765
690
414
265
245
224
267
658
1080
1155
1066
910
991
953
693
1050
1267
996
714
517
423
426
588
848
992
1080
988
941
766
455
349
282
218
246
363
562
645
575
491
482
431
405
270
286
436
564
613
547
434
429
284
132
49
54
58
42
21
17
28
26
25
20
92
235
366
322
192
137
84
95
158
219
213
149
59
31
52
71
74
52
51
82
122
115
106
127
93
102
73
83
79
70
53
79
157
202
222
296
372
299
418
424
361
411
657
493
354
528
694
699
499
263
241
356
491
619
738
822
672
303
4
30
258
368
362
166
29
150
406
548
463
186
61
124
210
162
174
251
338
341
312
233
236
329
177
85
108
146
134
116
117
78
59
84
159
225
180
56
45
25
19
19
10
2
0
0
0
0
0
1
2
10
67
92
83
59
49
59
29
8
17
15
23
33
83
85
111
126
103
81
50
26
17
7
7
11
11
18
55
137
219
122
64
64
130
71
64
52
84
103
135
157
313
423
574
595
595
547
503
630
1132
1522
1575
1846
2213
2329
2019
1646
1288
964
1023
1108
1201
1301
1225
1163
1121
989
980
924
937
790
684
915
1052
972
852
694
717
1256
2237
3106
3182
2791
2341
1780
1423
1194
1640
1984
1847
1575
1970
2731
3940
4958
4779
3612
1833
1404
1666
1378
935
653
728
959
675
499
582
858
1340
961
202
711
499
374
327
441
514
636
796
961
870
666
377
355
425
373
190
141
114
236
367
512
463
374
495
451
203
49
107
58
189
199
134
58
37
41
34
54
85
61
6
80
218
198
47
124
399
498
467
385
191
99
117
196
244
340
399
382
342
402
507
401
323
353
488
432
344
448
522
535
778
1209
1088
729
549
533
545
528
356
536
779
831
668
632
768
744
757
702
523
275
101
19
20
81
139
507
786
773
598
442
310
92
43
90
199
180
76
26
4
15
16
14
9
8
5
0
11
49
41
65
126
203
278
361
525
862
1025
1081
1100
1135
1141
1132
1131
1175
1196
1005
779
611
429
301
97
25
36
62
18
19
65
171
206
164
158
291
414
391
244
86
21
83
182
327
582
807
905
821
656
504
355
176
105
105
96
79
95
219
255
283
274
180
115
93
89
64
109
302
600
697
809
1083
1468
1637
1454
1104
569
148
372
650
836
994
1024
1030
1043
1033
935
693
334
57
51
220
393
358
212
111
76
60
7
16
45
46
38
68
150
184
189
134
46
16
55
60
28
16
11
10
15
22
19
21
18
11
12
14
8
19
41
48
54
43
55
95
198
281
257
190
178
154
285
720
1445
1986
2130
1514
1064
745
367
551
1092
1033
866
1153
1388
1531
1560
1602
1566
1308
914
532
392
354
281
134
87
198
366
550
627
666
671
667
740
767
950
1183
1419
2194
3085
3781
4582
5055
5553
5279
5498
5123
5080
4717
4610
4579
4033
4273
3982
3523
3160
3028
2807
2362
2167
2172
1925
2186
2616
2895
2864
3242
3444
3427
3223
2931
2573
2246
2426
2446
2027
1912
2028
2217
2214
2436
2561
2172
1739
1254
1388
1525
1377
1155
1055
1032
943
967
1078
1152
1204
1250
1476
1544
1499
1293
985
641
550
675
1067
1643
1809
1768
1847
2132
2561
2572
2533
2547
2078
1108
1020
1406
2167
3268
3619
3339
3299
3163
2665
2720
3056
3104
2967
2685
2368
1945
1241
436
789
1241
1409
1369
956
477
250
186
120
72
28
17
19
18
12
12
16
24
8
2
4
10
77
71
59
38
48
92
127
343
925
1476
1964
1960
2038
2119
1772
1491
1533
1279
1089
1216
1916
2681
2775
2373
2231
2394
2555
2162
1473
1105
977
872
644
499
424
343
277
229
474
460
382
336
174
180
176
112
98
72
49
43
28
22
45
49
42
11
8
9
4
0
4
1
0
0
2
3
3
9
17
9
26
32
16
2
6
8
7
16
10
8
5
0
2
26
46
37
21
17
20
104
2
13
29
16
4
1
3
25
45
7
23
37
19
15
15
6
5
7
4
1
0
0
2
0
2
10
7
9
23
30
34
4
1
0
0
26
24
9
32
31
17
8
29
27
70
92
58
68
41
21
45
67
154
440
913
1279
1473
1353
1215
1176
1643
1910
1968
2131
2372
2750
3180
3522
3814
4075
4344
4584
4784
4787
4748
4632
4496
4509
4654
4547
4138
3697
3410
3173
2951
2696
2273
1763
1452
1383
1397
1542
1512
1446
1406
1356
1383
1218
1064
830
722
553
510
474
342
154
80
177
352
316
196
152
139
114
86
86
119
185
320
538
772
1010
1254
1156
1201
1161
1182
1327
1504
1459
1204
1088
1091
1235
1184
1075
1017
1059
1161
1015
737
508
596
883
1076
1347
2034
2410
2373
2097
1852
1697
1644
1617
1469
1182
1015
779
671
675
728
860
959
928
939
1045
1045
926
804
597
280
94
38
38
40
80
112
202
277
210
104
197
364
372
482
499
367
443
609
674
773
750
635
572
475
308
211
177
113
152
343
373
319
243
167
132
138
145
136
114
105
110
185
176
124
13
21
26
37
63
136
248
377
458
459
451
388
333
278
178
103
29
27
16
5
2
0
11
8
6
36
5
8
13
11
1
0
7
4
6
2
0
0
1
3
0
5
13
9
10
9
4
36
6
13
22
15
6
0
15
12
3
0
0
0
0
0
5
4
10
5
10
11
9
7
19
50
37
19
30
127
333
447
467
431
446
502
642
874
1115
1179
1135
1096
896
540
377
178
168
318
441
294
175
211
274
251
239
204
125
86
63
75
59
42
19
6
7
38
10
22
42
45
25
13
9
9
4
3
8
28
44
77
108
113
80
115
134
84
45
21
32
85
145
153
92
72
95
138
136
133
114
116
102
126
210
289
264
206
105
55
43
33
14
6
9
17
9
0
0
5
9
12
6
5
1
0
0
0
0
0
0
0
0
0
0
0
0
0
0
0
0
1
0
12
30
26
19
10
69
171
182
97
57
23
11
25
33
62
74
37
14
9
13
34
27
9
18
9
18
57
133
125
52
18
19
10
1
0
0
0
0
0
0
0
0
0
0
2
8
24
51
54
58
63
66
60
54
51
94
279
277
128
124
485
738
598
293
285
776
1226
1112
525
312
328
243
154
124
123
173
195
172
72
16
36
51
33
24
43
33
7
5
29
91
98
80
100
250
418
619
796
1896
873
855
816
615
451
328
185
151
115
90
241
367
393
174
74
52
131
168
412
442
305
162
129
134
149
201
204
224
258
239
152
81
105
136
183
187
128
180
237
225
140
105
130
183
272
241
163
91
32
16
23
63
108
86
88
167
304
449
508
564
739
933
1213
1483
1743
1972
1916
1881
1577
1359
1043
760
747
855
1179
1759
1985
2333
2783
3546
3783
3674
2839
1626
1173
1108
1325
1445
1457
1662
2062
2081
1851
1488
1220
965
777
611
409
449
463
470
520
523
502
537
755
1192
1528
1504
1324
859
582
680
587
403
279
124
46
46
100
149
105
55
9
6
9
17
32
110
164
180
170
139
94
82
102
187
337
452
488
410
197
29
8
40
100
156
193
226
279
357
409
350
297
216
138
42
26
22
15
25
30
19
11
3
6
8
9
14
50
126
219
219
202
125
82
79
70
48
40
43
40
43
48
44
59
68
81
67
89
65
56
50
38
31
25
18
12
10
42
127
155
85
57
80
139
140
158
186
204
222
205
234
209
164
119
127
194
228
191
151
162
181
258
264
286
251
245
213
212
313
455
494
507
424
354
242
160
104
80
59
45
39
37
33
36
10
12
16
29
64
130
160
164
120
130
131
99
104
95
108
103
83
44
72
144
204
229
206
164
148
91
146
207
111
90
183
190
119
39
30
26
34
44
47
49
60
291
498
565
504
347
83
65
220
255
229
161
54
36
89
171
165
97
12
18
116
186
146
43
14
53
109
79
29
13
65
150
178
207
209
132
62
75
168
268
250
127
100
121
202
329
480
599
682
728
750
677
577
395
331
546
730
664
484
449
507
452
363
258
277
492
713
809
684
555
458
404
390
500
550
453
423
415
360
458
587
579
675
702
652
666
702
674
541
314
238
242
272
195
123
122
142
137
104
79
63
27
13
25
30
68
74
48
22
20
22
9
8
12
14
33
35
14
4
9
18
21
5
2
2
2
1
8
13
28
38
36
40
35
52
50
36
52
128
129
116
64
47
55
61
46
33
26
31
47
37
32
40
56
62
76
59
60
47
30
23
21
28
17
24
28
20
19
15
9
7
9
5
9
10
11
6
4
6
5
4
2
2
1
0
4
5
7
6
7
15
82
165
158
94
77
60
32
60
103
145
166
158
102
81
48
29
26
32
46
48
27
65
22
15
12
22
26
16
12
9
5
5
2
4
7
15
23
30
30
26
17
22
18
15
18
14
13
22
23
34
47
58
70
88
91
103
114
112
86
52
47
400
715
747
581
235
355
773
986
1002
712
590
555
314
190
533
650
585
242
172
502
620
539
403
453
663
689
411
205
256
535
692
642
537
462
409
345
308
261
233
310
416
366
267
191
125
121
95
75
73
33
33
30
30
16
28
25
24
61
82
36
22
4
0
48
127
177
162
373
872
1130
1288
1414
1379
1674
2021
2358
2701
3103
3479
3517
3281
2743
2351
1813
1257
1041
625
759
831
835
704
918
859
689
494
359
409
364
296
269
295
334
411
542
648
625
541
452
356
291
290
444
452
322
282
406
500
571
610
745
873
985
920
914
877
779
660
535
475
413
343
423
588
883
1128
1303
1461
1477
1258
961
575
822
946
949
1056
1108
880
759
625
338
360
241
79
94
73
66
77
101
255
495
552
419
369
736
1105
1120
913
529
328
398
652
735
516
307
287
370
459
435
393
354
443
800
1025
1339
1600
1526
1327
1342
1852
2060
1795
1700
1833
1775
1727
1449
1031
633
668
640
546
478
521
701
819
788
681
656
731
1018
1293
1671
1749
1631
1495
1393
1470
1581
1586
1447
1144
999
1186
1405
1476
1510
1377
1179
1412
1444
1216
926
645
611
498
344
298
333
343
290
261
231
179
83
119
244
292
344
509
674
1259
2042
2538
2907
2563
2208
2300
2570
3179
3826
4643
5670
5529
4879
4038
2666
2657
2864
2753
3605
4398
5117
4823
4276
3670
3103
2527
1914
886
731
1753
2781
3512
4021
4537
4731
4127
3615
2932
2345
2304
2480
2419
1962
1117
428
699
760
962
842
535
290
197
210
275
285
247
250
345
526
587
485
515
518
545
498
370
288
340
351
287
164
43
81
170
194
225
321
417
500
710
727
527
607
668
564
465
390
310
471
443
102
65
71
90
48
36
25
8
15
22
33
101
143
137
104
74
55
18
6
3
1
0
1
8
0
7
18
48
90
128
190
207
259
312
344
311
268
197
119
65
26
4
4
4
1
8
9
19
8
4
4
1
2
1
4
5
9
12
25
65
81
129
145
173
243
408
756
3758
2680
3485
4066
4333
4350
4345
4547
4715
4806
4631
4380
4238
3824
3387
3060
2932
2921
2838
2627
2309
2172
1990
1713
1548
1234
884
500
375
360
265
298
396
387
419
393
358
290
212
202
223
317
295
283
356
436
580
690
805
890
866
922
1559
802
817
800
819
942
1071
1059
967
845
737
648
607
517
446
431
418
428
400
367
378
373
365
315
285
254
254
205
153
101
70
39
12
2
0
1
0
4
89
255
536
981
1352
1675
1948
2312
2698
3055
3581
3815
3992
4066
4178
3951
3805
3683
3589
3550
3481
3369
3398
2976
2783
2596
2178
1616
1171
957
841
892
886
915
793
653
643
715
959
1325
1544
1467
1394
1509
1597
1640
1744
1605
1351
1284
1131
850
759
492
284
568
1023
1373
1683
1809
1735
1707
1669
1622
1465
1298
1094
1249
1321
1114
768
721
792
766
630
365
95
59
52
87
63
72
233
316
296
130
60
46
38
37
34
33
27
16
37
86
135
200
196
129
84
51
47
52
36
9
0
0
0
0
0
2
19
14
20
7
10
10
5
20
36
39
38
33
20
20
4
0
0
1
1
2
2
0
9
23
73
138
119
69
24
15
17
25
6
2
3
2
0
1
0
0
0
0
0
0
0
0
0
0
0
0
0
0
0
0
0
0
0
0
0
0
0
0
0
0
0
0
0
0
0
0
5
17
29
34
34
30
23
2
18
36
40
15
0
5
22
29
33
8
18
79
174
278
414
534
578
589
522
430
362
241
137
58
55
56
58
24
18
28
27
12
3
0
0
0
0
0
0
0
0
0
0
0
0
0
0
0
0
0
0
0
0
0
0
0
0
0
0
0
0
0
0
0
0
0
0
0
3
52
152
311
516
480
423
280
213
252
224
142
51
32
127
170
144
195
216
147
68
35
18
103
203
167
38
47
87
208
298
224
114
47
33
37
36
15
9
13
14
14
3
4
8
8
4
2
0
1
2
3
3
6
3
3
0
0
0
3
1
0
2
26
74
160
200
150
96
112
109
20
3
32
84
103
27
31
109
307
318
260
137
112
61
28
11
33
40
19
5
8
20
16
26
30
31
29
18
6
1
8
8
2
0
0
0
0
0
6
442
1046
1520
2301
2667
2364
1809
2045
2669
2544
2635
2995
3080
2920
2579
2109
1867
1586
2027
2255
2338
2432
2549
2305
1861
1576
1365
1077
884
661
480
375
289
238
223
246
275
476
1114
1814
2014
1463
803
1047
933
532
404
351
503
671
640
801
1039
1097
1070
950
773
841
880
678
617
614
560
567
547
510
498
689
781
456
235
400
533
544
621
728
894
1065
1356
1779
2046
2178
1923
1907
2322
2186
1445
1364
1288
953
1018
1057
964
769
1244
777
758
604
568
460
375
321
283
349
529
784
1047
1104
1104
1017
914
898
851
910
1013
981
755
488
327
221
177
193
167
154
142
173
197
159
133
86
53
45
47
58
83
158
188
187
208
222
251
282
265
229
151
115
115
109
53
13
55
89
168
207
347
1071
1830
1921
1965
1851
1848
2101
2367
2366
1859
1483
2071
2334
2044
1674
1278
1308
1648
1897
2435
2697
2643
2301
1446
1568
1932
1920
1564
1385
1257
1409
1614
1841
2198
2600
3116
3286
2474
676
1492
2734
3355
3079
2449
2034
1561
612
700
1367
1933
2139
1904
1309
796
1950
2494
2576
1961
1145
740
1614
2519
2589
2153
1940
1870
1631
1946
1983
1806
1544
1259
1160
1230
1108
794
423
331
408
553
696
762
757
963
1241
1281
1161
1437
1736
1786
1809
1609
1638
2043
2190
1597
1455
2049
1901
1779
1663
1207
1659
1747
1866
2231
2729
2897
3103
3266
3299
2883
2205
1833
1774
2192
2360
2716
3101
3716
4249
4819
5053
5161
4939
4945
5252
5321
5340
5282
5178
5278
5213
5501
5962
6460
7064
7832
8211
8957
8864
7735
5900
4891
4934
4456
3566
2271
1433
1284
1319
1949
2701
3521
4220
4286
4114
3933
3817
3640
3325
2932
2719
2514
2367
2354
2416
2285
2066
1691
1352
953
950
1140
1239
1239
1139
1085
1091
933
839
822
1051
1047
1115
1342
1656
1912
2135
2254
2235
2058
1872
1675
1364
1154
964
799
641
445
258
211
143
87
71
49
59
133
216
201
132
50
27
28
20
32
46
66
105
166
116
181
213
254
276
329
380
456
351
233
130
72
28
9
6
6
1
1
0
0
0
0
0
2
2
0
0
0
0
0
0
0
1
4
4
0
0
0
0
0
0
0
0
0
0
0
0
0
0
0
0
0
0
0
0
0
0
0
0
0
0
29
3
25
37
186
506
901
1207
1572
2307
2910
3476
4372
5828
6891
6968
6191
5035
5044
4754
4073
3121
2580
2748
3351
4579
4510
3706
3452
4160
4334
4119
3671
3487
3261
2844
2345
1811
1356
960
804
731
688
650
857
1160
1273
1291
1275
1144
999
936
805
732
775
674
494
249
106
42
126
432
743
1078
1241
1360
1362
1386
1373
1407
1457
1535
1558
1389
1239
1096
847
488
450
550
555
597
898
1207
1193
1236
1628
1749
1512
1133
936
1018
1132
1185
1102
978
774
721
692
742
698
667
566
447
369
249
156
75
36
20
15
19
52
120
234
339
361
399
284
136
144
331
464
451
428
383
371
367
359
314
235
171
142
95
71
101
330
640
813
864
991
891
789
668
485
501
926
1159
1242
1144
810
686
983
1119
1153
881
489
611
1093
262
543
760
803
1370
1900
1900
1515
1180
757
531
880
1007
953
861
764
797
1100
1356
1122
692
717
876
1092
1250
1057
1078
1303
1226
1452
1786
1935
1693
1348
1089
596
658
574
330
223
137
76
74
100
49
41
278
408
295
72
53
97
106
190
287
279
220
202
234
214
226
230
280
262
235
225
236
236
141
102
71
56
75
125
164
172
145
130
113
78
23
7
0
0
1
2
1
7
5
2
10
40
90
119
114
102
127
118
119
96
74
55
20
10
4
3
3
0
0
0
0
1
0
2
3
5
63
198
318
452
729
1201
1582
2002
2264
2358
2636
2905
3283
3604
3512
2524
2804
3141
2950
2611
1858
1379
1308
1840
2199
2377
2122
1964
1908
2313
3298
3340
3095
3027
3670
3998
3544
3617
3626
2994
2712
2654
2802
3087
3411
3745
3864
3802
3533
3068
2771
2478
2047
1667
1290
954
561
494
618
916
1176
1121
911
866
1036
1059
1030
833
656
648
919
1519
2109
2689
3365
3922
4296
4381
4300
4064
4091
4017
3761
3508
3077
2556
3438
4834
6238
7083
7445
6961
5611
3800
3559
3108
2262
2150
2418
2520
2374
1990
1866
1972
1888
1679
1403
838
394
951
1448
1881
2192
2436
2727
2788
2429
1887
1492
1401
1454
1041
1271
1322
1297
1282
1141
1045
1047
1101
1188
1316
1396
1380
1469
1487
1547
1709
1795
1722
1605
1518
1693
2098
2029
1806
1964
3054
3245
3166
2875
2471
1838
1644
2393
2983
2956
2664
2382
2060
1330
1029
1362
1431
1214
1445
1786
1695
1381
1279
1206
998
864
795
778
794
757
607
494
461
305
186
133
80
40
30
42
27
31
36
49
53
45
69
74
69
103
181
372
531
523
384
360
529
751
1131
1366
1395
1031
549
531
650
559
600
774
944
1056
1104
1074
1027
820
583
360
277
272
202
128
60
28
11
21
22
16
32
17
0
0
0
0
0
0
0
0
4
8
11
5
1
3
14
15
0
5
4
9
4
5
2
3
0
2
14
18
6
6
6
2
1
0
1
15
34
65
145
271
480
681
778
818
783
701
582
425
301
232
179
205
267
358
468
541
527
496
535
716
915
1140
1145
936
671
330
233
325
593
1019
1365
1665
1647
1407
1113
847
467
324
285
339
393
415
310
201
139
42
75
92
103
98
104
102
61
76
405
395
235
190
107
56
49
44
88
236
757
1463
1757
1547
1228
1580
2080
2380
2718
3094
3189
2674
2084
1956
2120
2296
2442
2461
2238
1885
1714
1518
1344
1107
805
613
415
297
224
297
340
343
422
411
440
421
420
470
616
698
520
238
104
146
376
136
183
375
678
966
1269
1542
1368
858
852
1141
1174
1137
1113
1069
840
803
814
930
1282
1467
1677
1764
1998
2197
2119
1810
1456
1532
1935
2103
2251
2349
2471
2676
3141
3305
2973
2471
2253
2151
2138
2017
1775
1477
1098
689
444
308
288
420
489
478
670
1621
2142
2478
2741
2968
3089
3237
3388
3488
3476
3404
3460
3185
3091
2883
2522
2132
2164
2380
2481
2448
2262
2037
1684
1396
1149
1135
1038
934
938
1135
1394
1715
2012
2200
2339
2359
2360
2357
2330
2312
2259
2062
1952
1804
1664
1451
1251
1011
669
446
226
105
9
30
100
178
317
546
717
1049
1241
1382
1712
1857
2000
2081
2062
1966
1898
1793
1648
1428
1205
920
524
215
69
27
32
94
519
1129
1480
1750
2083
2438
2660
2976
3225
3431
3527
3664
3725
3771
3758
3692
3476
3280
3125
2524
1852
1440
1261
1371
1442
1190
755
692
683
747
573
274
350
326
292
334
283
251
264
310
415
893
1389
1579
1594
1659
1749
1655
1430
1031
1029
1173
1036
942
848
812
586
293
162
356
428
559
820
1081
1291
1291
1011
708
601
689
798
714
782
1036
1116
996
786
658
861
1069
1083
938
820
785
775
651
540
1122
1500
1587
1453
1214
1159
1206
1161
1623
2095
2254
2220
1578
1662
1962
1813
2036
1961
1541
990
929
1269
1138
729
1224
1175
976
854
1372
934
666
1095
1625
1301
1434
2220
2117
1622
1207
1312
1502
1770
1922
2544
2443
1729
529
1283
2314
1941
1127
1505
2004
1202
743
1982
2114
1594
1067
1528
1658
1343
2592
2944
2715
2178
2374
2558
2429
3114
3545
3417
2835
2457
2704
2327
1961
2582
2978
2467
1588
1598
2280
1718
1213
2176
2371
1739
1094
1910
2144
957
1609
1997
1410
782
1543
2026
776
1186
1928
1471
832
1522
2095
1206
758
1904
1570
940
1368
1854
1118
760
1762
1370
798
1162
1784
1227
834
1645
1333
802
978
1629
1188
495
1385
1212
760
834
1639
1535
402
1050
1205
897
588
1375
1252
147
1087
1228
1018
615
1286
1006
350
1115
1020
675
825
1432
908
252
1066
1103
802
157
842
385
190
432
449
301
324
325
322
311
361
528
701
744
697
633
452
188
65
46
46
29
36
51
115
208
428
861
1277
1758
1899
2206
2384
2586
2667
2779
2791
2598
2389
2121
1923
1511
1143
829
538
285
105
30
15
21
23
32
41
116
322
570
791
923
1075
1254
1392
1587
1691
1884
1983
2157
2227
2274
2221
2044
1764
1488
1200
919
668
450
274
123
34
73
334
790
1345
1897
2186
2360
2585
2698
2806
2858
2900
2906
2685
2529
2347
2148
2059
1778
1565
1351
993
651
418
309
250
233
216
316
497
547
477
373
413
415
279
121
116
372
185
163
144
125
115
125
214
241
360
398
514
582
730
833
1101
1204
1376
1481
1629
1714
1794
1790
1765
1687
1647
1495
1333
1065
919
676
431
197
77
19
25
7
18
93
407
699
881
1195
1415
1544
1726
1818
1747
1742
1630
1604
1604
1597
1343
913
405
134
555
894
869
541
11
602
1261
1528
1357
1359
1686
1827
1723
1755
2060
2325
2240
2148
2220
2330
2311
2436
2472
2287
1982
1901
1659
1256
896
596
420
246
187
312
327
253
359
591
767
1104
1474
1849
2073
2166
2226
2460
2471
2507
2456
2266
1957
1643
1492
1511
1431
1147
742
411
373
513
719
772
628
483
473
544
697
874
1108
1327
1484
1558
1628
1712
1712
1699
1692
1673
1574
1529
1466
1354
1116
895
723
460
245
169
131
156
218
462
813
1063
1224
1617
2039
2300
2555
2596
2554
2526
2547
2655
2477
2601
2650
2612
2376
1964
1523
1143
908
773
638
440
393
616
797
953
997
1058
973
882
808
783
626
505
408
396
486
432
462
541
676
823
1054
1213
1333
1484
1676
1774
1848
1864
1793
1644
1471
1329
1146
1114
1173
1261
1316
1267
1226
1178
1161
1221
1413
1717
2009
2265
2499
2678
2689
2931
3016
3056
2935
2799
2496
2284
1962
1593
1159
794
522
278
87
47
194
473
746
1102
1499
1988
2275
2641
2984
3200
3452
3573
3623
3609
3489
3230
2953
2626
2164
1647
1037
580
270
127
342
786
1326
1680
2137
2699
3256
3734
4055
4240
4236
4091
3725
3316
3202
2929
2486
1927
1408
1202
1200
1363
1397
1210
1140
1089
929
683
263
101
80
82
60
55
67
130
222
335
429
524
547
601
731
900
1116
1314
1351
1180
1090
1100
1202
1252
1226
1302
1283
1239
1140
1015
935
996
1149
1387
1540
1732
1900
1994
1929
1800
1677
1618
1470
1401
1289
1165
899
799
832
1110
1613
1933
1883
1939
1995
1739
1667
2260
3203
4212
4578
4259
3551
3193
3082
2527
2210
1946
1657
1221
1209
1545
1870
2002
2078
2230
2256
2313
2358
2592
2344
1620
1116
1213
1306
1169
1338
1687
2020
2244
2448
2839
3239
3170
2439
1690
1435
1573
1790
2049
2212
2249
2246
2109
1911
1748
1649
1924
2027
1834
1415
937
730
1053
1645
1914
1961
1737
2062
2354
2522
2744
2315
1282
1116
1436
1512
1070
657
663
570
735
946
1040
1130
1105
954
850
712
818
863
650
638
589
596
794
1043
936
673
591
591
512
422
324
231
256
469
730
1042
1415
1821
2121
2429
2439
2098
2260
3348
3907
3678
2640
2244
2288
2056
1963
1727
1626
1422
1590
2228
2379
2636
2795
2165
2099
2164
1936
1465
1303
1244
1159
911
688
725
1184
1530
1640
1468
1055
718
833
980
1100
1699
2025
2072
1811
1474
1312
1311
1396
1223
2130
2153
2462
2412
2101
2053
2562
3233
3718
3956
4121
4082
4441
4546
4060
2946
2265
1503
1889
1807
1740
2197
3039
3791
4330
4273
3701
3223
2972
2802
2580
2591
2886
3347
3341
3325
2837
1382
684
1610
2329
2291
2239
2145
2271
1802
1398
1175
858
825
494
353
553
820
1136
1404
1534
1664
1287
936
745
782
1097
1264
1156
938
651
515
366
341
608
618
269
404
873
997
946
817
737
1001
1388
1561
1697
1935
2244
2469
2418
2344
2133
1896
1535
1124
1061
856
886
1010
855
692
723
1358
1728
1840
1841
1660
1453
1369
1441
1941
2217
2085
1805
2303
2560
2557
2411
1723
1186
1104
1230
1324
1693
2816
2941
2356
2025
1678
1351
1041
1408
1654
1574
912
446
316
273
367
338
184
137
338
597
777
965
977
1063
636
227
214
298
405
349
259
214
164
151
167
281
472
690
782
635
317
155
56
59
173
299
309
246
381
661
796
773
542
274
119
343
452
692
1048
1370
1565
1906
1926
2039
2350
2812
2925
1791
2180
2783
3527
4339
4095
2566
2322
3271
4104
3543
1990
2361
3405
3464
3029
2236
2372
3020
3274
3225
3935
4096
3785
3097
2676
3376
3993
4826
5546
5811
5898
5953
6385
6731
6724
6422
6118
6149
6226
6739
6568
5864
5279
4476
4072
3755
3336
3118
2921
2625
2171
1637
1319
1180
1009
820
882
1091
1170
1045
767
574
485
287
218
254
466
592
510
427
406
504
536
555
599
626
664
688
661
548
415
348
310
357
321
363
298
173
117
180
302
334
371
417
519
603
621
579
539
483
422
354
247
162
213
262
271
242
193
137
144
351
536
707
825
879
987
991
883
770
596
441
245
257
364
410
516
600
575
506
407
364
369
545
742
729
418
336
318
268
196
153
238
280
326
413
501
425
313
231
206
204
192
164
145
183
264
417
314
292
616
764
433
383
723
884
942
724
450
289
253
321
563
776
755
524
246
159
228
509
762
956
994
842
557
293
750
1181
1324
1342
1028
232
566
563
429
399
367
238
124
203
256
170
141
143
143
71
42
120
122
94
108
150
178
159
189
179
156
125
78
37
31
48
99
194
402
565
626
702
754
551
486
376
318
275
204
147
154
129
133
149
149
261
532
915
1396
1704
1936
1909
1457
1017
736
810
927
903
812
851
2069
406
219
170
168
151
147
170
182
144
260
669
1257
1543
1561
1388
1609
1645
1314
1089
899
899
1049
605
381
476
870
1198
1150
520
1035
1022
925
865
581
488
466
417
239
39
15
47
74
59
46
98
184
258
206
216
129
38
43
63
79
206
52
28
16
24
46
102
164
159
175
220
320
402
445
493
541
526
556
772
925
1143
1479
1571
1571
1477
1572
1446
1369
1495
1372
1299
1296
1202
1105
1093
939
693
589
642
578
519
387
186
366
456
533
974
1576
1741
1569
1270
881
1337
1839
1729
1783
1781
1578
1720
1701
1593
1293
1120
1042
1103
1201
1798
2171
2271
2215
1864
1323
788
869
1146
1306
1384
1085
968
1166
1011
1305
1163
700
735
1057
1166
931
597
515
446
452
384
242
118
138
345
558
873
1263
1704
1793
1518
1191
984
803
675
778
840
644
534
591
416
259
369
432
426
423
466
520
687
816
963
950
703
520
477
666
909
902
858
1047
1155
1294
1221
1330
1361
1465
1474
1527
1675
1642
1624
1330
987
652
395
214
187
189
170
175
143
184
232
205
170
125
77
76
81
37
164
361
611
912
1318
1941
2138
2359
2430
2462
2310
2190
2292
2305
2412
2449
2408
2308
2180
1958
2010
2511
2398
1979
1256
1031
982
829
441
171
376
902
1176
1112
927
603
491
404
325
265
240
211
159
178
293
453
579
623
575
543
434
397
441
732
883
1013
1108
1114
807
486
507
733
889
1032
1070
1009
1050
943
928
749
574
337
291
399
459
453
356
262
120
45
89
145
178
197
196
165
91
48
157
206
209
390
715
1201
1799
2369
3083
3815
4072
4228
3169
2135
1354
1007
1753
2548
3445
4275
3744
3276
2809
2193
1217
2039
3870
5116
6242
5259
3728
2863
1823
1208
2145
2759
3162
2662
1980
1020
1820
2735
2905
2374
1809
1059
1119
1252
1068
803
505
302
310
270
244
256
333
367
290
278
349
450
475
320
189
208
264
245
148
88
43
63
80
63
41
14
24
39
31
22
8
7
19
41
68
81
72
87
141
240
249
204
181
179
125
133
156
144
88788
88708
0
0
0
0
0
0
0
0
0
0
0
0
0
0
0
0
0
0
0
0
0
0
0
0
0
