49
192
0
24
187
42
25
192
7
261
6
54
25091
3969
2071
1806
1373
785
181
80
121
176
188
159
160
200
172
150
183
299
396
439
380
297
202
128
78
75
53
38
18
5
3
1
4
21
34
46
25
10
3
0
5
21
81
99
64
44
44
19
10
2
0
4
1
0
1
0
0
1
0
3
0
0
0
1
0
1
0
0
5
0
0
0
0
0
0
0
0
0
0
0
0
0
0
0
0
1
0
1
5
18
18
34
52
56
50
34
21
8
13
26
13
25
28
18
9
11
11
16
8
6
6
12
19
29
34
31
54
40
61
68
73
60
37
85
173
284
324
311
251
154
124
176
162
175
204
152
67
29
23
19
23
47
50
60
61
49
53
72
77
117
144
187
238
285
308
310
244
194
157
98
68
68
117
148
128
83
47
34
24
22
21
17
12
15
7
18
27
34
149
322
668
1094
1396
1630
1581
1445
1249
983
795
624
374
227
141
102
25
10
9
6
8
3
1
1
0
0
0
0
2
0
0
0
1
10
16
21
13
7
6
7
6
1
7
3
2
20
49
47
27
16
7
6
11
11
16
12
10
10
7
0
0
0
2
0
1
4
9
4
0
1
1
7
7
0
0
4
4
4
5
2
0
1
1
3
3
1
3
2
2
0
1
2
0
1
0
0
0
0
0
0
0
0
0
0
0
2
0
0
0
1
0
0
0
0
0
0
0
0
0
0
0
0
0
0
0
0
0
1
0
0
0
0
0
0
0
0
0
0
0
0
0
0
0
0
0
0
0
0
0
0
0
0
0
0
0
0
0
0
0
0
0
0
0
0
0
0
0
0
0
0
0
0
0
0
0
0
0
0
0
0
0
0
0
0
0
0
0
0
0
0
0
0
0
0
0
0
0
0
0
1
0
0
0
0
0
0
0
0
0
0
0
10
1
4
5
1
0
0
0
0
0
0
0
1
0
0
0
0
1
2
0
3
0
3
2
7
4
3
5
5
13
12
4
0
2
5
0
0
2
0
0
0
0
0
0
0
0
0
0
0
0
0
0
0
0
0
0
0
0
0
0
0
0
0
0
0
0
0
0
0
0
0
1
2
3
3
2
2
2
16
132
248
253
235
220
226
237
191
178
187
169
164
130
92
47
42
41
44
37
43
61
120
131
175
188
196
185
157
142
136
141
135
402
159
141
109
105
112
97
91
72
41
53
55
24
10
7
20
17
21
21
24
26
16
0
0
1
0
0
0
0
0
0
0
0
0
0
0
0
0
0
0
0
0
0
0
0
0
0
0
0
0
0
0
1
1
3
2
1
0
0
0
0
0
0
0
0
1
0
11
12
8
17
19
44
87
170
250
360
415
487
609
699
789
929
1301
1790
2257
2923
3730
4192
4350
4266
4539
4599
4958
5007
4495
3705
3458
2748
2247
2478
2287
2087
1773
2001
2258
2053
1948
1790
1843
2138
2403
2568
2538
2680
2665
2616
2433
2233
2178
2008
1789
1615
1346
1138
845
562
466
450
425
431
381
392
367
248
123
68
42
60
179
262
296
308
229
175
105
40
27
35
71
73
43
25
15
13
15
21
16
11
5
1
1
0
1
5
1
0
0
0
0
2
6
3
0
0
0
0
0
0
0
0
1
2
0
0
0
0
0
1
0
0
0
0
0
0
0
0
0
0
0
0
0
0
0
0
0
0
0
0
0
0
0
0
0
0
0
0
0
0
0
0
0
0
0
0
0
0
0
0
0
0
1
8
9
18
49
96
167
244
365
500
587
668
710
776
867
958
1100
1495
2305
3233
3617
4241
4500
4654
4755
4403
3955
3698
3685
3804
3856
3692
3549
3427
3290
3046
2953
2884
2735
2513
2209
1832
1657
1614
1499
1479
1468
1486
1475
1449
1420
1381
1297
1158
1067
903
769
610
433
293
221
177
214
196
183
232
319
404
496
581
622
617
631
649
746
875
903
950
1068
1158
1287
1299
1387
1349
1295
1319
1289
1134
1048
979
951
908
806
761
883
1303
1467
1349
1021
809
498
405
368
292
166
65
46
79
68
41
48
58
90
123
159
152
169
171
173
198
203
210
205
170
156
132
119
124
122
129
124
113
102
104
123
137
151
168
177
194
193
179
156
155
151
151
144
174
187
189
209
182
180
133
130
108
96
82
66
69
40
36
31
20
11
7
9
18
12
3
1
2
4
5
2
5
3
2
4
3
3
6
23
41
45
57
99
214
326
429
470
414
435
397
369
584
439
224
63
38
78
147
165
127
88
59
16
5
5
44
69
98
109
151
307
616
973
1572
1960
2154
2202
2041
1852
1659
1582
1551
1555
1569
1725
2077
2260
2466
2513
2516
2552
2550
2627
2662
2654
2701
2671
2594
2599
2904
3152
3170
3089
3158
3013
2857
2739
2602
2625
2642
2607
2501
2394
2260
2057
1908
1790
1803
1907
2000
2011
1925
1818
1700
1557
2354
1391
1377
1315
1216
1174
1003
825
690
572
497
463
551
663
836
948
1056
1208
1792
2257
2486
2618
2686
2454
2078
1429
1217
1297
1352
1278
1071
793
515
331
299
273
220
253
231
236
191
188
211
242
243
208
194
225
245
277
319
375
339
247
155
187
231
264
236
242
232
255
236
170
95
26
15
50
44
29
32
85
146
181
118
78
72
62
33
63
68
74
57
37
33
44
72
82
78
84
99
129
122
124
72
37
4
1
0
12
21
50
153
316
633
855
1115
1287
1423
1528
1653
1748
1788
1849
1869
1860
1880
2111
2301
2428
2115
1927
1882
1691
1570
1448
1408
1244
1092
823
456
528
748
677
540
510
506
411
256
219
251
269
227
190
181
149
166
241
328
332
266
272
334
336
392
430
498
615
703
824
933
982
1095
1354
1743
1991
1995
1949
1637
1226
1069
1136
1162
1157
1230
1269
1238
1428
1611
1705
1786
1566
1450
1491
1281
1325
1382
1525
1683
2023
2617
3019
3082
3058
2777
2208
1610
1034
1942
2500
3023
3539
3335
3184
2692
2036
1176
785
727
804
834
842
774
657
496
379
270
255
284
303
332
361
577
848
924
1074
1422
1878
2087
2068
1628
1205
567
117
127
660
1335
1830
2176
2205
2237
2284
2133
1983
1971
1914
1723
1310
749
196
477
827
1151
1587
1892
2131
2225
1865
1313
861
1180
1446
1757
2129
2406
2614
2809
2667
2316
1776
1487
1217
1194
1360
1643
1805
1767
1594
2064
2349
2605
2956
3157
3010
2681
2221
2064
1950
2266
2680
3400
3499
3347
3225
2259
771
856
832
487
502
618
494
216
44
28
31
66
67
39
66
87
150
191
225
309
443
625
890
1169
1513
1821
1899
2072
2261
2557
2736
2781
2598
2362
2398
2257
1975
1569
1328
921
624
788
1035
1066
934
837
776
641
740
1165
1273
1190
1035
1033
1026
981
1068
1149
1347
1480
1443
1403
1294
1317
1326
1408
1403
1417
1351
1318
1260
1179
1027
978
1032
1121
1285
2475
3540
3591
2821
2199
2318
2646
2403
1709
801
325
302
368
608
737
665
471
347
285
289
510
720
927
1081
1001
928
776
664
656
749
696
560
446
348
336
322
239
183
121
58
38
14
15
9
3
0
6
10
10
8
0
2
8
7
5
2
0
2
3
3
4
3
1
3
5
6
6
5
2
0
0
0
0
0
0
0
5
3
2
3
13
14
11
3
0
0
0
0
0
0
3
4
1
0
0
0
0
0
0
0
0
0
0
0
0
0
0
0
0
0
0
0
0
0
0
0
0
0
0
0
0
0
0
0
0
0
0
0
0
0
0
0
0
0
0
0
0
0
0
0
0
0
0
0
0
0
0
0
0
0
0
0
0
0
0
0
0
0
0
0
0
0
0
0
0
0
0
0
0
0
0
0
0
0
0
0
0
0
0
0
0
0
1
7
8
16
34
91
128
119
73
47
17
24
26
12
0
0
2
2
1
0
0
0
0
0
1
1
0
0
1
0
0
0
0
1
2
1
0
0
0
0
0
0
0
0
5
4
1
1
0
0
2
9
17
25
55
65
65
93
136
177
224
303
314
370
381
402
446
365
416
388
427
398
384
360
358
352
345
329
324
378
411
520
691
884
912
877
662
474
285
188
96
95
49
37
35
23
7
38
424
1222
1869
2271
2195
1900
1939
2360
2903
2981
2677
2227
1998
2091
1503
900
1039
1113
1117
1018
993
1176
1467
1602
1729
1597
1542
1382
1152
891
845
819
633
1210
2364
3134
3274
3034
2925
2630
2223
1789
1925
2086
2504
2804
2965
3060
3033
2940
2849
2751
2655
2647
2606
2525
2498
2473
2421
2303
2304
2233
2185
2048
1933
1851
1789
1785
1718
1676
1599
1944
2723
3589
4350
4733
4714
5077
4757
4567
4334
3742
3594
3591
3533
3384
2971
2480
1934
1824
2486
3065
3491
3563
3474
3130
2576
1689
981
1395
1870
2155
2210
1896
1156
827
1191
1527
1537
1387
1057
742
514
817
1139
1559
1802
1973
2062
2197
2284
2275
2119
1913
1635
1283
1503
1967
2360
2690
2772
2806
2833
2695
2704
2321
2237
2755
2978
3191
3234
2803
2280
2892
3140
2903
2377
1871
1509
1379
1388
1414
1554
1642
1932
2256
3039
3520
3941
4522
5076
5483
5787
6138
6208
5553
4619
4057
3163
2405
2229
2407
2109
1725
1278
985
1204
1225
1164
1254
1462
1723
2270
2864
3325
3639
3914
4081
4213
4402
4706
5140
5259
5156
4712
4256
3749
3094
2936
2857
2309
1669
1367
1935
2119
1853
1419
1844
2141
2057
1953
2049
2139
2602
2989
3356
3323
3245
3136
2855
2514
2101
1779
1437
1156
837
648
635
737
810
864
684
718
750
706
782
846
851
904
913
935
915
979
965
928
875
719
586
421
351
297
268
242
221
170
110
51
13
4
4
3
12
13
8
6
1
4
1
2
2
4
1
0
0
0
0
0
1
6
7
7
8
1
1
0
0
0
0
0
0
0
0
0
1
0
0
7
12
9
2
1
1
10
25
27
22
31
13
5
5
38
28
26
7
8
18
20
19
14
42
38
17
39
37
6
0
30
29
5
30
15
4
5
47
43
35
15
27
12
30
23
24
6
27
76
26
9
13
58
63
5
52
21
0
0
18
17
47
38
61
49
6
0
12
42
37
50
33
0
2
14
24
14
44
15
4
4
2
165
446
562
517
414
286
151
59
30
34
27
23
12
10
4
5
3
8
10
10
10
9
8
11
9
10
24
21
16
11
11
34
53
74
41
61
86
53
3
7
29
67
28
47
70
21
5
17
18
6
0
4
31
45
55
23
16
22
33
15
2
0
0
20
46
33
8
7
7
4
31
45
28
16
12
0
0
0
0
0
1
1
0
0
1
0
0
0
4
218
847
2104
3197
3754
4184
3919
3670
3482
3811
3732
3618
3153
2694
2246
1846
1548
1341
1294
1284
1239
1100
941
938
1112
1265
1336
1495
1454
1444
1585
1648
1572
1545
1658
1567
1730
1715
1726
1754
1589
1412
1320
1273
1233
1265
1275
1325
1342
1282
1266
1228
1149
1092
1012
970
997
916
879
794
709
676
719
761
796
708
658
662
694
661
618
540
388
364
434
577
657
704
736
751
726
742
725
684
601
511
397
298
247
165
107
51
19
6
1
1
9
62
237
448
643
730
737
712
720
644
445
298
239
217
174
185
231
256
268
285
366
526
557
558
618
606
517
404
551
725
806
871
853
853
877
882
880
764
819
841
997
1102
1354
1585
1818
2009
2029
1972
1855
1838
1813
2089
2205
2356
2490
2633
2668
2707
3447
3927
4100
3246
3304
3617
3731
3323
2983
2846
2319
1803
1328
830
687
1550
2409
2850
3206
3502
3994
4157
4119
4184
4121
4165
3903
3797
3023
2380
2021
1764
1644
1242
961
765
502
323
219
484
660
711
906
1046
1045
1094
887
610
255
205
241
345
417
424
350
206
69
46
81
122
151
194
200
161
80
23
0
2
3
15
18
23
18
15
8
11
3
1
5
1
1
4
7
12
16
11
14
9
6
12
26
34
7
4
5
0
2
1
0
5
14
10
1
3
0
1
1
1
0
0
0
0
0
0
0
0
0
0
0
0
0
0
0
0
0
0
0
0
0
0
0
0
0
0
0
0
0
15
48
39
1
1
3
8
4
0
0
0
0
0
0
0
0
0
1
0
0
1
0
0
0
0
0
0
0
8
42
76
63
32
14
8
8
42
21
10
27
52
77
52
20
26
61
92
86
58
65
86
95
63
33
33
104
93
50
132
85
30
42
125
129
42
98
124
61
11
81
133
126
55
74
139
96
12
66
107
130
42
131
155
96
11
7
31
77
185
133
189
32
39
14
8
46
107
94
86
35
49
32
60
50
68
50
17
4
8
22
49
64
80
73
16
0
1
0
8
92
66
12
16
55
46
0
35
43
9
1
0
1
5
3
2
0
0
1
1
4
11
14
10
2
0
0
0
0
0
0
0
0
0
0
0
0
0
0
0
0
0
0
0
0
0
5
13
15
12
2
0
0
2
9
13
13
3
0
0
0
0
0
0
0
0
1
3
2
1
0
1
2
0
0
2
2
0
0
2
6
5
2
2
0
0
0
0
0
0
0
0
0
0
0
0
0
0
0
0
0
0
0
0
0
0
0
0
0
0
0
1
4
11
7
10
5
4
2
0
0
3
2
1
0
0
0
0
0
1
5
16
24
32
39
24
5
0
3
1
2
1
3
4
17
27
33
27
30
39
53
82
124
127
134
130
154
219
255
293
321
346
407
453
552
623
710
945
1057
1199
1384
1536
1615
1809
1790
1893
1883
1950
1977
1968
2058
2086
2211
2194
2267
2263
2303
2213
2244
2162
2040
2009
1860
1793
1636
1509
1336
1239
1170
1143
1167
1121
1087
1035
987
907
883
783
785
755
913
1603
2405
3187
3953
4431
4588
4833
4458
4288
4084
4510
4733
4645
4096
3125
2477
2076
2116
1865
1697
1755
1414
1105
983
1002
666
373
210
133
146
175
179
137
75
57
120
183
310
444
520
417
277
176
101
74
58
59
98
128
138
139
200
235
215
209
223
225
250
227
181
145
149
165
183
233
268
296
304
301
357
369
362
342
320
286
258
227
207
169
101
73
43
14
3
0
2
1
0
0
0
0
0
0
4
17
47
62
66
82
112
164
223
286
289
296
253
210
179
161
174
221
219
179
136
97
87
32
7
10
22
20
18
7
3
3
4
6
2
0
2
2
1
0
0
0
0
0
0
0
0
0
0
0
0
0
0
0
0
0
0
0
0
0
0
0
7
12
3
0
0
0
0
0
0
0
0
0
0
0
2
0
0
0
0
0
0
4
4
5
8
8
10
8
7
2
0
0
0
0
0
0
0
0
0
0
0
2
6
17
23
9
14
5
1
0
0
0
0
0
0
0
0
0
0
0
0
0
0
0
0
1
7
19
22
28
39
57
119
229
368
470
506
840
1377
1771
1964
2619
3062
3212
3001
2520
2107
1690
1367
1041
882
971
1105
1188
1188
1218
1324
1457
1914
2236
2509
2709
2574
2769
3012
4689
3223
3599
3673
3854
4016
4099
4060
3929
3747
3573
3428
3338
3145
2990
2816
2562
2373
2111
1855
1805
1676
1405
1063
942
798
683
579
540
499
551
422
392
328
255
397
606
633
609
630
495
280
129
69
80
100
108
121
111
76
53
40
43
44
35
32
10
0
4
4
12
58
137
214
312
445
696
941
1151
1402
1597
2029
2326
2397
2412
2481
2467
2346
2439
2620
2772
2899
3159
3442
3574
3816
3945
3931
3836
3625
3373
3178
3010
2723
2496
2348
2395
2435
2392
2213
2321
2922
3607
4087
4208
4506
4478
4069
3101
2518
2637
3516
4394
4297
4463
4313
3055
2537
2357
2602
2932
2926
2947
2823
2908
2516
1950
1571
1369
1118
908
1010
1118
1185
1018
1241
1391
1391
1193
1154
1120
1087
1172
1215
1158
1131
1125
1188
1196
1233
1051
788
504
332
352
310
245
123
20
52
113
135
131
112
111
98
106
100
81
87
137
184
197
255
467
849
1434
1659
1814
1872
1836
1710
1786
1907
1957
1943
2211
2287
2639
2860
2820
2633
2231
1807
1639
1664
1648
1335
1121
1128
838
557
363
194
118
165
263
293
312
302
326
455
564
608
690
772
875
973
1148
1246
1467
1936
2571
3257
4107
4473
5189
5308
5381
5665
5288
4895
4134
3731
3189
2541
2289
2404
2244
1978
1890
2127
2384
2640
3125
3772
4103
4236
3911
3774
3180
3911
3721
3400
2532
2832
2590
2319
2237
2324
2349
2434
2447
2501
2624
2815
2932
3004
2977
3061
3067
3100
3113
3020
2840
2629
2499
2428
2388
2417
2444
2427
2323
2218
2101
2012
2104
2301
2501
3107
3186
3255
3781
4010
3420
2870
2659
2176
1767
1248
1101
1060
1015
1158
1123
1031
921
1389
2650
3285
3343
3166
3100
2975
3028
2681
1674
2233
3448
3930
3700
2800
1934
2353
2557
2565
2604
2453
2231
2035
2157
3615
1652
2094
2157
1759
1277
1319
2015
2395
2695
2732
2819
2886
2942
3049
3317
3576
3785
3928
3976
3930
3768
3510
2964
2495
2551
2624
3006
3336
3564
3630
3545
3724
3874
4037
4104
4279
4270
4034
3795
3548
3299
3049
2858
2857
2724
2440
1971
1566
1226
1028
1023
1084
1205
1104
818
771
730
602
742
751
679
652
658
579
610
700
791
918
999
1080
1180
1267
1361
1472
1609
1660
1711
1733
1743
1733
1723
1652
1613
1572
1482
1443
1328
1219
1041
910
805
685
588
487
444
270
165
106
68
32
6
3
2
1
4
3
3
3
0
1
0
0
0
0
0
0
0
0
0
0
0
0
0
0
0
0
0
1
0
0
0
0
14
14
0
0
0
0
4
3
0
0
0
0
0
0
0
0
0
0
0
0
0
0
0
0
0
0
0
0
0
0
0
0
2
0
0
2
42
2
5
9
12
20
17
24
28
58
78
97
99
77
58
46
39
33
40
27
16
12
16
4
1
0
0
1
2
2
0
0
1
0
1
0
0
0
0
0
0
0
0
0
0
0
0
0
0
0
3
2
2
5
8
5
8
6
7
10
19
30
24
13
9
2
13
6
5
1
0
0
2
4
0
0
0
0
0
0
0
0
0
0
0
0
0
0
0
0
0
0
0
0
0
0
0
0
0
0
0
0
0
1
2
2
0
0
0
0
4
6
5
3
0
2
0
0
0
0
0
0
0
0
0
0
0
0
0
0
0
0
0
0
0
0
0
0
0
0
0
0
0
0
1
3
11
13
12
8
5
0
1
0
0
0
0
2
0
1
0
0
0
0
0
0
0
0
0
0
0
0
0
0
0
0
0
0
0
0
0
0
0
0
0
0
0
0
0
0
0
0
0
0
1
0
0
0
0
1
1
0
5
2
5
6
3
0
0
0
1
1
2
0
0
0
0
1
0
0
2
0
0
0
1
0
0
0
0
0
0
2
4
9
15
33
30
47
89
178
455
1181
2246
3464
3389
3762
3954
3867
3606
3354
3043
2107
1114
713
1204
1171
847
468
400
593
598
427
234
159
302
391
353
298
221
196
234
303
418
597
792
1006
1162
1240
1234
1227
1211
1027
850
627
499
355
307
373
288
224
163
197
213
207
141
49
6
10
19
42
37
47
56
59
57
37
28
75
206
439
1320
2085
2588
2634
2391
1973
1747
1619
1149
415
568
711
628
574
448
295
114
112
173
165
59
12
22
31
19
5
14
30
30
29
7
3
2
1
1
1
0
0
2
9
42
74
81
53
35
21
25
35
101
198
289
409
634
753
916
1260
1648
1933
2218
2384
2492
2647
2553
2659
2410
1705
1267
996
649
301
215
178
187
174
113
69
40
44
45
36
40
45
37
32
23
25
39
38
28
20
12
5
3
1
0
0
0
0
0
0
0
0
0
0
0
0
0
0
0
0
0
0
0
0
0
0
0
0
0
0
0
0
1
3
6
3
3
1
0
0
0
0
0
0
0
0
0
0
0
0
0
0
0
0
0
0
0
0
0
0
0
0
0
0
0
0
0
0
0
0
0
0
0
0
0
9
1
1
4
0
0
0
0
0
0
0
0
0
0
0
0
0
0
6
11
15
23
30
21
8
135
16
13
9
3
8
5
5
1
0
1
0
0
0
0
0
0
0
0
0
0
0
0
0
0
0
0
0
0
0
0
0
0
0
0
0
0
0
2
2
9
14
19
26
29
22
29
39
59
76
99
93
120
109
104
136
91
72
60
49
40
38
47
41
22
5
3
0
1
0
0
0
0
0
0
0
0
0
6
28
45
57
81
81
80
73
75
20
8
2
0
3
0
0
0
0
0
0
0
0
0
0
0
0
0
0
2
6
5
7
17
27
26
24
19
20
15
3
0
0
0
0
0
0
0
0
7
0
0
0
0
0
16
17
2
0
9
8
3
2
0
0
0
0
0
0
0
0
0
0
0
0
1
0
0
0
0
0
1
1
1
0
0
0
0
0
0
0
0
0
0
0
0
0
0
0
0
0
3
3
2
1
0
0
0
0
0
0
0
0
0
0
1
0
2
1
0
0
0
0
15
36
137
226
350
453
515
584
618
679
760
813
982
1069
1193
1340
1431
1526
1604
1761
2007
2126
2290
2303
2539
2920
3585
4070
4061
4221
4138
3956
3556
3255
3227
3137
3077
3038
2882
2589
2400
2002
1709
1536
1545
1454
1388
1239
964
696
548
654
743
853
774
844
1114
1394
1428
1043
1221
1666
1619
1253
755
377
383
242
46
51
113
439
681
739
676
776
1146
1428
1448
1096
1117
1351
1453
1377
1276
1251
1181
1073
1012
957
1005
982
1004
1236
1736
2141
1964
1655
1301
1051
876
858
723
622
564
526
628
762
977
909
759
836
924
1038
1036
1137
1229
1228
966
384
184
296
617
1355
1696
1454
1419
1573
1518
1063
804
746
889
1185
1649
2104
2430
2562
2574
2367
2212
1833
2476
2872
3071
2575
1825
1155
493
529
433
289
208
214
254
265
304
372
396
309
469
938
1561
1996
2217
2532
2950
3050
2896
2696
2670
2275
1624
964
713
775
734
531
430
289
123
51
89
189
214
190
238
242
227
251
325
345
387
382
341
299
271
283
243
190
137
106
77
56
39
13
10
13
17
20
23
16
13
15
7
9
5
5
3
8
2
15
10
11
18
13
23
47
61
77
127
141
93
83
177
306
551
772
962
1063
1138
1200
1257
1248
1206
1132
1134
1086
1036
986
957
875
815
781
687
618
554
468
366
284
259
206
123
81
52
19
22
15
8
7
5
3
5
3
7
5
2
3
1
0
0
0
0
0
2
0
0
3
0
3
11
2
2
10
1
0
0
0
0
0
0
0
0
0
0
0
0
0
0
0
0
0
0
0
0
0
0
0
0
0
0
0
0
0
0
0
0
0
0
0
0
0
0
0
0
0
0
0
0
0
0
0
0
0
0
0
0
0
0
0
0
0
0
0
0
0
0
0
0
0
0
0
0
0
0
0
0
0
0
0
0
0
0
0
0
0
0
0
0
0
0
0
0
0
0
0
0
0
0
0
0
0
0
0
0
0
0
0
0
0
0
0
0
0
0
0
0
0
0
0
0
0
0
0
0
0
0
0
0
0
0
0
0
0
0
0
0
0
0
0
0
0
0
0
0
0
0
0
0
0
0
0
0
0
0
0
0
0
0
0
0
0
0
0
0
0
0
0
0
0
0
0
0
0
0
0
0
0
0
0
0
0
0
0
0
0
0
0
0
0
0
0
0
0
0
0
0
0
0
0
0
0
0
0
0
0
0
0
0
0
0
0
0
0
0
0
0
0
0
0
0
0
0
0
0
0
0
0
0
0
0
0
0
0
0
0
0
0
0
0
4
31
78
106
68
11
6
2
3
1
0
0
0
1
1
2
0
0
0
0
0
0
0
0
0
0
0
0
0
0
0
0
0
0
0
0
0
0
0
0
0
0
0
0
0
0
0
0
0
0
0
0
0
0
0
0
0
0
0
0
0
0
0
0
0
0
0
0
0
0
0
0
0
0
0
0
0
0
0
0
0
0
0
2
5
4
1
2
1
2
2
1
3
4
4
7
10
4
0
0
2
0
6
9
10
23
58
129
237
329
453
560
737
811
909
1055
1142
1202
1297
1299
1417
1510
1644
1770
1972
2389
2723
2844
2908
2753
2744
2503
2329
2047
1738
1467
1320
1285
1403
1579
1671
1436
1009
571
327
310
440
518
588
571
568
674
733
868
1077
1400
1661
1764
1753
1505
1390
1312
1048
1183
1353
1397
1490
1591
1728
1754
1741
1829
1816
1644
1416
1262
1131
835
637
664
618
608
469
408
332
250
169
105
77
41
32
20
24
36
59
100
129
164
207
222
211
161
86
26
8
0
0
0
0
14
23
25
18
17
7
7
3
3
0
0
0
1
0
0
0
0
0
0
0
0
2
5
22
56
90
119
171
270
411
496
816
1144
1478
1544
1726
2032
2463
2666
2774
2655
2571
2479
2245
2120
1940
1845
1759
1764
1726
1615
1581
1460
1356
1333
1368
2219
2182
1274
1280
1294
2186
1293
1295
1215
1201
1223
1289
1324
1324
1353
1390
1368
1534
1774
2037
2275
2481
2677
2727
2715
2693
2677
2602
2497
2494
2484
2490
2276
2070
1851
1600
1481
1375
1278
1042
897
768
689
567
427
216
121
93
92
82
62
73
116
113
115
111
68
51
85
143
146
188
188
189
171
89
40
215
563
766
879
870
837
900
758
553
315
306
377
474
497
445
509
652
733
646
521
398
457
478
486
495
502
504
575
548
432
283
275
213
263
407
537
510
298
161
442
744
1166
1470
1580
1240
1099
1011
812
801
685
675
591
503
496
725
1046
869
751
970
676
521
402
193
286
260
217
237
318
322
258
332
446
407
246
315
365
278
179
156
245
292
365
380
427
427
447
365
220
60
106
58
67
132
148
122
112
95
79
47
27
27
19
20
19
7
5
4
1
4
0
6
23
28
51
66
89
84
95
123
221
256
232
229
252
276
280
309
358
668
970
1090
1136
1216
1203
1127
950
1097
1355
1800
2150
2298
2511
2450
2335
2208
2371
2335
2291
2123
2075
2173
2125
1682
1476
1483
1505
1422
1310
1450
1517
1545
1608
1829
1892
1901
1983
2124
2278
2259
2251
2164
1934
1702
1551
1253
908
716
588
503
475
365
168
293
724
1203
1596
1709
1721
1683
1520
1111
1104
1139
1138
1107
992
867
711
657
501
370
191
285
990
1624
2029
2151
2207
2292
2379
2372
2417
2466
2414
2265
1956
1677
1508
1322
1265
973
1374
1765
1967
1986
1998
2057
1763
1398
1217
1210
1134
1056
993
933
976
963
863
791
631
479
533
597
644
627
627
581
580
590
557
570
530
520
447
451
497
672
692
703
701
830
937
1020
1070
1117
1084
1208
1251
1336
1380
1474
1469
1524
1635
1731
1688
1662
1676
1606
1519
1273
884
599
1358
1690
1898
1843
1639
1410
1011
738
551
452
465
486
531
540
604
602
634
653
587
569
482
456
356
199
85
39
64
102
87
39
5
0
0
0
0
0
0
0
0
2
2
1
2
8
46
82
83
73
30
3
0
0
0
0
0
0
0
0
0
0
0
0
0
0
0
0
0
0
0
0
0
0
0
0
1
29
79
172
337
714
993
1181
1296
1293
1392
1453
1709
1720
1727
1762
1709
1663
1427
1206
946
694
569
549
471
313
182
88
215
348
420
406
487
560
628
815
1033
1326
1889
2290
2397
2486
2484
2459
2781
3138
3414
3422
3262
3157
2929
2868
3103
3341
3536
3317
3025
2684
2633
2728
2663
2681
2896
3129
3269
3219
3188
3149
2945
2680
2349
1981
1846
1685
1691
1733
1806
1898
1926
1882
1851
2748
1641
1602
1490
1372
1339
1258
1208
1194
1127
1076
1106
1007
923
891
787
739
667
613
527
506
563
748
949
1015
946
902
723
691
713
717
651
484
343
375
383
277
177
108
95
269
466
625
617
555
530
441
392
318
255
215
124
145
316
640
813
760
414
168
204
312
552
696
704
670
654
633
600
629
622
678
612
767
1189
1297
931
715
833
894
926
834
757
771
768
759
861
937
995
1080
1068
1105
1129
1211
1275
1258
1354
1387
1385
1318
1371
1352
1376
1417
1393
1361
1400
1303
1297
1262
1252
1350
1541
1702
1889
2086
1633
1889
2961
3432
3610
3202
3138
2742
2148
1627
897
816
1314
1407
1443
1378
1114
785
455
229
223
281
292
402
644
1015
1339
1674
2116
2195
2010
1564
914
644
1123
1867
2483
2780
3050
3139
2821
2886
2575
2376
1769
710
1025
1342
1222
1152
1127
1413
1606
1922
2444
2954
3413
3798
3847
3737
3555
3564
3293
3291
3677
3928
4017
4026
4099
4265
4457
4454
4406
4210
4054
3944
4066
3982
3764
3362
2905
2472
2148
1911
1516
1485
1681
1800
1923
1787
1647
1391
882
532
386
338
331
326
357
359
816
1551
2130
2537
2865
3187
3415
3268
2862
2057
2165
2509
2167
1669
1414
1132
979
813
666
667
815
796
454
523
1175
1773
1916
1688
1040
355
418
561
660
667
583
662
912
1239
1285
1102
787
518
260
66
15
6
14
48
79
81
74
86
450
406
32
14
0
0
0
0
0
11
41
124
181
226
280
301
322
314
378
460
569
628
588
493
396
220
104
72
77
108
85
56
27
26
48
27
11
7
0
0
0
0
0
0
1
0
0
1
2
10
13
15
13
4
1
14
22
22
19
33
43
25
6
2
1
4
2
13
25
31
25
23
21
29
19
14
2
2
0
0
0
0
0
0
0
0
0
0
0
0
0
0
0
0
0
0
1
1
0
0
0
0
0
0
0
0
1
2
1
0
1
1
0
0
0
0
0
0
2
0
0
5
24
44
55
50
59
57
56
64
65
64
52
58
49
59
61
78
73
56
5
5
10
11
16
30
23
26
17
17
84
172
150
35
7
9
1
0
0
0
0
1
3
10
13
18
40
56
44
45
78
86
94
81
95
67
47
73
103
126
206
343
492
673
911
1119
1307
1566
1960
2330
2446
2542
2666
2736
2979
3187
3289
3306
3254
3261
3270
3275
3233
3187
3126
3052
2944
2833
2841
2738
2663
2579
2450
2367
2354
2262
2170
2108
2011
1916
1803
1634
1505
1379
1241
1013
852
683
605
537
479
429
394
897
344
287
198
107
67
32
11
3
0
0
4
0
3
5
5
31
132
527
1035
1598
1801
2016
2083
2439
2600
2619
2699
2880
3120
3631
3859
3784
3312
2536
2230
2228
2520
2527
2087
1427
997
964
1059
1235
1253
1242
1196
1084
1018
945
899
857
1055
1007
1020
856
628
472
432
357
278
247
261
239
274
229
160
92
48
31
33
80
149
219
469
859
1096
1034
1115
1339
1644
1865
2041
2519
2938
3153
3245
3604
4105
4570
4739
4672
4362
3907
3222
2638
2303
2141
2084
2126
1899
1518
1391
1579
1675
1817
1793
1787
1706
1826
2100
2444
2671
2839
2833
2888
2794
2935
3201
3466
3741
3746
3836
3477
3217
3358
2702
2652
2855
2988
3131
3008
2652
2364
2152
2093
2073
1901
1817
1798
1657
1613
1589
1525
1437
1359
1327
1277
1288
1330
1315
1111
957
804
698
630
588
602
583
600
590
583
571
627
616
596
585
568
516
469
387
363
349
280
236
220
240
232
212
202
226
203
194
160
142
73
37
7
0
10
38
76
62
49
40
23
20
6
3
1
0
0
0
0
0
0
0
0
0
0
0
0
0
0
0
0
0
0
0
0
0
0
0
0
0
0
0
1
1
1
5
9
8
17
10
10
3
0
0
0
0
0
0
7
2
7
2
3
5
2
6
2
2
1
0
0
0
0
0
0
0
0
0
1
0
1
3
1
6
11
17
22
21
14
14
17
6
2
2
0
0
1
0
2
3
3
1
4
10
58
134
165
131
90
60
66
69
57
42
49
46
66
47
65
70
76
52
48
32
34
39
39
25
15
14
17
27
38
33
41
43
34
28
20
16
23
50
62
64
81
96
97
91
60
29
21
15
9
3
0
1
1
0
0
3
0
3
2
9
13
10
8
7
9
8
21
6
19
13
12
13
6
4
6
7
6
6
2
0
0
0
0
0
0
0
0
0
0
0
0
0
0
0
0
0
0
0
0
0
0
0
1
0
0
0
0
0
0
0
0
0
0
1
1
2
1
0
0
2
7
0
1
4
13
49
58
86
98
133
135
115
103
57
43
30
22
7
3
1
1
0
0
5
1
0
0
0
0
1
9
87
63
121
398
853
1168
1128
1050
1026
1017
995
1037
1094
1118
1105
988
874
765
749
754
663
573
465
353
265
208
312
581
631
657
509
377
228
171
130
98
56
35
46
37
35
14
3
0
0
0
0
0
0
0
0
2
0
2
0
0
0
0
1
3
0
1
1
6
21
20
11
5
5
2
3
0
0
0
0
0
6
6
2
1
0
0
0
0
8
22
18
32
85
165
276
440
780
1363
1641
1786
2138
2444
2610
2974
3317
3485
3631
3826
4026
4031
3953
3871
3738
3706
3702
3638
3594
3633
3765
3920
3994
4189
4334
4740
5218
5288
5136
4575
3904
3249
2881
2792
2599
2444
2278
2074
1877
1757
1784
1748
1650
1477
1323
1264
1145
1184
1129
1020
907
830
716
610
511
408
323
224
163
89
35
5
1
0
0
0
0
5
8
24
83
136
205
238
265
245
199
206
287
356
410
459
583
813
979
981
765
719
723
706
653
629
636
603
555
514
635
739
768
620
512
596
660
627
661
667
681
680
643
610
511
501
475
518
534
526
548
623
595
580
680
890
1022
1354
1731
3133
3231
2211
2120
2282
2268
2003
1751
1459
1249
1225
1211
1091
751
617
804
605
417
342
271
191
392
424
431
513
742
861
821
715
563
701
922
881
434
778
1131
1147
898
1098
1074
960
780
528
1104
1342
1233
1160
1342
1270
1130
904
738
454
392
760
883
1069
895
1052
948
993
1099
1362
1578
1569
1800
1989
2169
2283
2276
2080
1866
1753
1370
1160
1134
1057
991
927
966
1093
1337
1578
1683
1672
2037
2351
2117
1429
1411
1211
1194
1432
1515
1581
1614
1776
1891
2003
2204
2335
2494
2711
2865
3087
3318
3449
3394
3263
3044
2932
2963
2889
2802
2690
2552
2441
2400
2333
2244
2098
1947
1825
1748
1651
1579
1493
1368
1256
1127
1063
1020
969
839
712
613
536
437
350
275
190
122
74
29
0
0
0
0
0
2
15
17
14
4
1
0
0
3
2
7
2
0
0
0
0
0
0
0
0
0
0
0
0
0
0
0
0
0
0
0
0
0
0
0
0
0
0
0
0
0
0
0
0
0
0
0
0
0
0
0
0
0
0
0
0
0
0
0
0
0
1
1
0
1
1
6
25
32
43
90
117
114
98
134
198
211
221
333
584
754
765
525
304
287
405
524
699
900
1412
2095
2726
3417
3948
3721
4556
3655
3621
3627
3583
2779
1979
1390
1121
941
772
606
485
353
286
174
140
156
163
166
120
93
44
31
57
82
77
81
86
97
105
87
93
107
98
108
128
139
114
81
78
80
91
82
77
103
98
84
63
52
59
74
94
105
122
85
34
34
28
22
13
11
22
41
56
52
38
15
10
12
6
3
4
5
23
31
22
14
20
42
83
101
101
44
60
141
174
235
220
104
29
159
228
205
153
102
252
63
57
78
87
86
54
35
31
60
92
136
176
191
189
183
106
122
133
150
124
163
225
363
510
715
870
1018
1264
1594
1864
2125
2128
1943
1769
1571
1195
873
660
516
415
377
312
284
322
330
363
482
589
653
783
903
1017
1095
1257
1312
1127
1137
1086
930
747
627
495
414
396
416
427
417
436
506
540
564
601
612
658
717
658
608
560
562
614
509
467
409
390
382
364
332
319
281
226
160
170
156
157
119
112
69
58
86
50
11
4
1
2
8
2
1
2
0
0
0
6
10
9
5
6
13
19
16
5
3
0
0
0
0
3
0
6
2
6
29
32
3
10
0
0
1
0
0
0
1
2
5
18
26
21
10
1
1
0
0
0
0
0
0
0
0
2
2
0
1
1
0
0
0
0
0
0
0
1
0
0
0
1
13
10
0
0
0
0
1
0
0
1
2
2
0
0
0
0
0
1
1
0
0
0
2
1
0
0
0
0
0
0
0
0
0
0
0
0
1
1
4
1
0
0
0
0
4
3
15
0
0
0
0
0
0
0
0
5
7
8
4
0
0
5
11
0
2
5
13
11
17
22
18
15
12
6
0
0
1
0
0
1
1
0
2
0
2
1
0
4
1
1
3
4
3
4
7
4
15
18
30
31
41
39
33
24
16
13
35
191
608
1009
1626
1958
2251
2617
2384
2211
1865
1358
1190
1382
1643
1784
1884
1970
1857
1628
1572
1819
2036
2088
1967
1935
2036
2129
2318
2330
2328
2378
2415
2347
2344
2205
2167
2138
2104
2009
2081
2068
2170
2271
2244
2280
2263
2263
2242
2291
2288
2253
2283
2276
2230
2127
2100
2007
1957
1920
1833
1830
1802
1737
1709
1690
1616
1624
1594
1623
1714
1775
2041
2187
2489
2767
2931
2677
2244
2025
1780
1707
1581
1697
2217
2184
1917
1490
1612
1935
1928
1570
1708
1800
1430
639
846
1471
1787
1986
1919
1478
1002
1646
2132
2087
1162
2068
2424
2208
997
1987
2759
2245
1821
1661
1705
1702
1745
2087
2068
1911
1761
1693
1770
1811
1772
1806
1859
2046
2088
1997
1938
2010
2019
1953
1788
1918
2083
2098
2007
2007
2186
2418
2388
2286
2151
2038
1948
1976
2013
1998
2034
2057
2050
1971
1909
1896
1909
1803
1579
1331
1142
1066
943
890
871
828
874
842
831
821
774
783
779
764
716
679
648
646
668
639
531
385
359
296
209
163
145
94
109
65
63
98
111
95
108
121
136
177
188
187
155
80
27
2
0
0
0
0
13
11
4
1
1
4
1
2
2
14
2
0
0
0
0
0
4
13
0
2
3
1
1
0
0
0
0
0
0
0
0
0
0
0
0
0
0
0
0
0
0
1
7
9
16
10
15
17
26
28
52
30
11
7
0
0
0
0
0
0
0
0
16
67
101
70
35
2
0
3
18
34
27
20
17
23
39
23
8
6
3
4
4
6
11
8
7
7
6
5
2
0
2
0
0
0
0
0
0
0
0
0
0
0
0
1
1
2
7
17
10
9
26
34
53
43
11
0
0
0
0
0
0
0
0
0
0
1
1
0
0
0
0
0
0
0
0
0
0
0
0
0
0
0
0
0
0
0
0
0
0
0
0
0
0
0
0
0
0
0
1
0
0
0
0
0
0
0
0
0
0
0
0
0
0
0
0
0
0
0
0
0
0
0
0
0
0
0
1
1
5
5
15
31
32
32
30
32
38
49
64
42
35
17
9
6
5
10
7
2
0
0
0
0
0
0
0
0
0
0
0
0
0
0
0
0
0
0
0
0
0
1
1
1
1
0
3
8
12
7
8
10
19
23
29
34
25
17
13
4
0
1
0
0
0
0
1
0
0
0
0
0
0
0
0
0
14
29
36
23
30
13
5
5
3
0
0
0
0
0
0
0
0
1
1
1
6
3
9
3
1
2
1
2
0
0
1
3
4
0
0
1
0
0
0
0
0
0
0
0
0
0
0
0
0
0
0
0
0
0
0
0
0
0
0
0
0
0
0
0
0
0
0
0
0
0
3
8
1
1
3
3
12
11
2
0
1
2
0
1
0
1
5
3
0
0
0
0
2
3
2
2
11
3
2
13
11
24
49
44
45
37
59
73
58
49
32
27
22
15
5
4
4
2
0
0
0
0
0
0
0
0
0
0
0
0
1
0
0
0
1
6
5
15
19
9
15
46
56
91
108
121
145
195
283
353
423
483
538
612
656
746
803
873
939
1066
1169
1209
1331
1383
1459
1569
1656
1762
1860
2006
2120
2239
2382
2457
2550
2640
2686
2710
2742
2773
2808
2850
2913
2904
2844
2772
2746
2663
2517
2464
2452
2411
2395
2467
2438
2419
2424
2429
2451
2432
2439
2469
2449
2417
2310
2236
2134
1989
1937
1777
1605
1469
1327
1158
1062
1080
1068
1000
952
719
575
351
401
423
348
279
201
141
108
74
78
111
164
196
169
140
185
220
240
259
320
344
380
877
623
770
883
996
1137
1249
1370
1540
1580
1678
1750
1867
1907
1977
2002
2051
2090
2087
2112
2166
2173
2172
2122
2283
2399
2439
2514
2579
2587
2565
2590
2646
2744
2804
2704
2641
2569
2511
2453
2345
2257
2153
1968
1878
1725
1627
1512
1378
1292
1213
1163
1075
1042
1041
951
947
923
909
888
824
722
694
579
445
363
271
187
94
47
9
1
1
0
0
0
0
0
0
0
0
0
0
0
0
0
0
0
1
1
3
2
0
0
0
0
0
0
0
0
0
0
0
0
2
1
0
0
0
0
0
0
4
22
4
0
8
3
1
0
0
0
1
0
10
48
228
438
667
716
664
629
623
746
806
711
615
488
515
547
562
573
504
369
263
199
165
158
104
54
62
131
216
314
511
766
1095
1310
1411
1363
1357
1300
1283
1156
1160
1273
1283
1266
1258
1162
1147
1183
1154
1130
1096
1060
1013
980
897
872
853
831
820
798
766
696
658
590
524
433
363
238
209
155
109
50
61
38
19
10
6
4
0
0
0
0
0
0
0
0
0
0
0
0
0
0
2
0
0
0
0
0
0
4
9
8
37
43
66
90
174
315
494
918
1317
1784
2134
2298
2005
1894
1702
1116
940
1061
946
754
1011
1053
1086
995
1211
1505
1731
1850
1744
1550
1319
1425
1434
1409
1256
998
905
829
756
610
644
716
807
1019
1531
2387
2946
2860
1660
523
901
1240
1016
505
300
262
191
369
319
207
416
582
602
693
884
932
922
905
750
826
1093
1363
1507
1545
1487
1353
1357
1513
1702
1531
1377
1364
1346
1386
1902
2073
1585
1327
1319
1206
1046
1043
1234
1792
1990
1766
1455
1252
1096
1790
4321
1802
1560
1337
884
1201
1385
1333
1220
1091
1142
1205
1256
1377
1398
1517
1691
1745
1858
2099
2211
2164
1990
2234
2564
2670
2541
2211
1861
1702
1831
1855
1837
1895
1835
1678
1565
1386
1213
1161
1179
1031
865
699
467
345
249
222
161
101
38
40
118
165
200
265
300
302
241
151
66
38
108
180
170
111
13
1
43
76
69
2
0
2
15
24
32
19
11
24
67
107
152
182
200
217
202
187
146
103
42
9
0
0
0
0
1
1
3
2
2
7
22
31
46
52
67
98
132
186
313
357
408
450
428
505
628
734
841
946
1211
1429
1393
1401
1908
1786
1738
1908
2073
2213
2334
2589
2828
2975
3102
3254
3333
3447
3510
3681
3842
3898
3975
3899
3831
3683
3524
3404
3301
3245
3101
2927
2842
2803
2747
2997
3308
3491
3520
3593
3733
3682
3446
3247
3368
3346
3009
2491
1851
1543
1549
1215
1003
1105
2148
1470
1289
961
681
542
506
751
995
1266
1488
1538
1530
1603
1711
1721
1723
1566
1336
1124
1108
1092
1124
1135
1064
1053
1100
1313
1535
1620
1643
1510
1342
1212
1176
874
423
532
767
795
766
683
738
780
855
935
1063
1135
1164
1208
1178
1186
1102
1039
932
854
785
723
706
659
588
525
487
443
443
490
553
633
968
1693
2200
2588
2263
1689
1509
1176
1161
1158
1157
1165
1054
857
745
563
498
491
492
470
608
698
752
725
612
763
916
1125
1167
1295
1328
1320
1260
1159
999
934
869
851
920
1143
1230
1459
1584
1484
1773
1584
1472
1629
1964
2178
2148
1923
1374
688
468
372
256
220
235
152
130
132
160
197
228
242
284
288
300
284
265
214
176
137
113
118
116
107
88
55
35
25
19
37
70
46
22
1
0
16
36
52
58
63
48
18
7
6
2
6
140
376
536
837
1171
1642
1772
1976
2246
2259
1973
1549
1062
781
852
940
896
823
790
703
681
698
761
807
886
1013
1142
1217
1343
1424
1437
1471
1458
1430
1411
1424
1433
1482
1557
1806
2357
2640
2832
2806
2626
2468
2750
3162
3331
3206
2884
2728
2799
3270
3408
3106
2771
3269
3440
3309
3063
2967
3557
3702
3638
3532
3544
3482
3306
3575
3611
3336
3502
3323
2953
2928
3164
3218
2763
2161
1761
1005
680
570
380
359
484
517
497
546
690
735
750
651
604
521
309
137
83
115
212
276
307
376
477
590
599
462
328
282
344
409
298
131
65
59
35
14
23
36
45
39
42
20
7
0
0
0
0
0
0
0
1
3
13
11
10
3
0
0
0
0
1
2
49
127
277
340
386
416
404
59
43
51
142
113
56
22
294
546
489
223
276
294
286
301
308
210
101
560
902
911
315
121
308
501
673
596
574
783
935
374
63
74
16
58
196
307
315
118
158
617
869
685
252
456
542
212
686
1003
591
348
347
520
512
446
303
101
149
569
846
732
109
61
19
22
22
17
9
0
0
45
242
470
513
397
110
19
325
675
697
202
46
72
11
2
0
0
0
1
0
0
11
72
152
241
320
425
469
500
496
532
536
501
447
356
345
327
292
203
81
22
2
3
13
57
125
202
259
290
297
280
225
81
22
14
40
45
42
56
68
89
103
152
209
320
405
513
641
563
519
454
401
343
227
93
15
30
103
167
152
101
69
32
16
6
0
0
0
0
0
0
0
0
0
0
0
0
0
2
37
218
633
929
1091
1141
1185
1240
1228
1313
1349
1416
2364
1660
1754
1818
1887
1970
2169
2460
2809
3152
3358
3455
3538
3536
3525
3358
3198
3136
3122
3504
3982
4350
4473
4458
4373
4387
4475
4590
4700
4711
5100
5204
5345
4791
4021
3225
3049
2861
2839
3127
3173
3075
2506
1867
1620
1399
1411
1161
1126
1797
2858
3832
4291
4551
4782
4904
4913
4528
4173
4237
4483
4626
4566
4384
3732
2564
1990
1936
2430
2693
2531
2380
2145
2145
2430
2734
2840
2957
3002
3038
3179
3360
3544
3672
3817
3860
3956
4103
4186
4205
4083
4274
4376
4399
4278
4242
4239
4117
4533
5045
5869
5880
5633
5552
5270
4622
4244
3613
3304
3094
2528
1857
1437
1556
1305
871
972
1531
2077
2188
1678
1765
1596
1029
609
725
794
759
916
593
836
1798
1989
1908
2318
2537
2432
2176
1513
1441
1982
1880
1371
967
1185
1634
2327
3112
3722
4170
4605
4664
4415
4110
3812
3902
3837
3715
3488
3329
3302
3264
3225
3167
3039
2973
3003
2868
2695
2615
2582
2595
2585
2485
2327
2164
1898
1804
1688
1553
1531
1519
1438
1274
1063
1028
1021
980
834
557
374
158
72
86
133
160
232
266
331
364
370
322
246
222
148
140
126
155
221
303
494
732
1192
1700
1941
1872
1838
1556
1362
1289
1058
974
737
466
131
76
143
335
446
588
721
752
790
771
737
656
592
511
404
399
320
229
243
260
219
159
141
93
79
80
114
171
160
176
406
859
967
888
877
794
697
597
455
345
459
888
1067
1068
1002
1039
993
928
624
294
614
723
715
592
504
536
480
417
411
430
473
563
651
748
747
759
830
817
793
807
826
758
618
577
563
605
658
595
590
619
643
687
807
886
942
1006
985
996
971
891
856
822
754
703
668
599
669
887
1191
1534
1986
2565
2733
2686
2606
2409
2095
1843
1709
1797
1806
1658
1363
1386
1834
2223
2258
1836
1759
1962
2025
1714
1888
1897
1909
2282
2598
2589
2605
1934
1748
1538
1873
1934
2206
2164
1961
1750
1678
1750
1713
1577
1333
938
974
967
675
710
724
614
640
470
330
302
382
397
334
239
261
369
425
365
318
228
228
219
159
171
180
185
196
248
314
334
345
372
417
386
381
315
241
204
158
145
150
125
100
104
74
58
82
80
99
148
167
174
174
186
185
161
117
90
85
44
18
11
3
3
0
1
0
0
0
0
0
0
0
0
0
0
0
0
0
0
0
0
0
8
35
196
789
1909
2541
3477
4321
5124
5719
6437
6044
6045
5442
4655
4031
3460
3159
3154
3281
3299
3259
3067
2814
2398
2054
1585
1185
832
555
335
279
282
322
357
428
467
564
705
774
648
501
486
549
570
612
611
666
707
1191
734
645
509
450
384
364
404
580
1052
2392
3537
4617
5415
5747
6374
6356
5339
4333
4088
3510
2775
1757
1738
1359
1079
1053
882
931
1116
1092
1220
1309
1335
1406
1604
1806
2047
2231
2482
2619
2742
2775
2828
2927
3046
3127
3240
3173
3139
3216
3264
3202
3128
3078
3046
3002
2927
2929
2978
2914
2801
2699
2818
2864
2710
2588
2434
2319
2207
2045
1959
1785
1740
1675
1581
1413
1282
1160
1083
1000
1004
1029
1007
946
900
923
988
1078
1115
1077
1027
962
850
741
644
521
386
229
104
43
12
45
98
156
271
354
427
461
451
401
342
274
272
304
336
393
450
502
520
515
513
542
576
610
671
744
825
805
815
812
737
683
598
527
485
419
367
336
338
341
320
294
169
111
50
17
5
2
18
42
115
155
159
129
69
9
0
0
0
11
20
17
4
0
0
0
11
65
165
265
339
345
401
453
473
559
545
502
433
326
237
151
70
18
1
0
0
6
6
13
9
10
11
13
19
16
6
1
0
0
1
10
177
825
1381
1768
1880
1998
1892
1781
2158
2218
2115
1907
1586
1926
2111
2260
2180
1853
1725
1775
1865
1862
1800
1630
1391
1119
889
822
702
630
555
480
458
375
312
233
169
144
139
184
224
224
239
236
260
220
207
204
249
274
241
217
249
219
196
184
131
122
87
62
38
21
12
6
2
3
1
4
16
27
33
16
9
2
0
1
3
16
4
2
0
3
12
33
20
16
9
14
25
49
70
125
141
196
211
255
268
262
228
195
162
135
96
54
17
10
7
15
20
19
10
1
0
0
0
0
0
0
7
5
0
3
11
72
105
127
149
222
575
971
1194
1208
1131
867
503
230
130
190
275
371
403
373
281
319
481
721
1153
1550
1632
2239
2227
2649
2755
2294
1996
2028
2014
1819
1316
857
1053
1085
1132
959
862
615
588
568
517
468
412
312
249
313
485
578
638
699
723
744
718
758
740
706
715
667
614
590
469
359
211
134
98
76
97
79
60
22
6
0
0
1
7
8
1
0
0
0
5
4
25
30
32
12
12
14
9
25
11
13
6
15
20
41
83
160
231
246
257
298
382
464
516
581
661
722
814
945
1268
1222
1390
1518
1733
1991
2296
2776
3016
3153
3608
3589
3481
3043
2975
2730
2637
2529
2445
2504
2773
3065
3474
3740
3799
3671
3782
3895
4134
3797
3358
3227
3188
3167
3142
3006
2691
2525
2259
2300
2419
2737
3139
3447
3402
3314
3540
3885
3621
4637
5377
3367
2816
2080
2764
3033
3417
3703
3754
4854
3064
2768
2651
2335
1876
1293
1213
1063
844
965
1330
1544
1431
1092
726
477
333
161
183
412
633
897
1209
1331
1284
1163
1020
802
548
346
150
39
2
3
0
6
15
24
14
32
116
280
514
911
1465
1820
2295
2812
3038
3030
2825
2642
2633
2492
2375
1932
1749
1507
1144
1022
1210
1539
1828
2000
2029
1896
1765
1448
715
1265
1821
2135
2222
2152
1841
1598
1321
1250
1358
1387
1595
1903
2249
2444
2454
2429
2436
2441
2250
1978
1633
1213
1033
1151
1316
1636
1992
2172
2177
2145
1937
1253
975
1095
1006
994
1330
1291
1025
716
528
428
377
292
118
226
488
361
429
283
108
42
115
121
119
141
75
45
21
3
3
4
4
0
9
14
19
11
24
12
17
13
10
10
9
16
11
3
5
2
0
0
0
1
2
2
1
1
1
0
0
0
0
0
0
6
22
20
28
69
79
89
70
41
41
25
10
6
4
2
3
1
2
5
7
11
11
8
6
4
0
0
0
0
0
13
63
101
80
58
28
12
15
30
46
45
82
74
82
82
82
63
40
32
13
1
6
9
11
4
5
4
0
1
0
0
6
61
105
223
271
289
206
117
49
12
0
0
0
0
0
0
0
0
0
2
1
8
11
32
61
43
39
50
51
36
21
14
11
25
27
0
0
0
5
8
2
4
7
16
16
15
27
38
41
34
12
2
4
1
3
7
5
6
26
88
147
264
318
340
324
258
184
91
26
4
0
1
6
21
30
8
2
0
0
0
0
0
0
0
0
0
0
1
0
0
0
0
0
0
0
0
0
0
0
0
4
0
3
8
15
30
41
42
67
30
15
0
0
0
0
0
3
1
6
5
9
11
16
24
23
19
4
2
0
0
0
5
13
12
0
0
0
0
0
0
0
0
6
12
9
3
3
14
21
31
47
43
65
56
74
85
73
52
58
97
204
262
316
365
390
422
425
417
427
349
350
361
319
312
269
277
274
289
338
380
412
487
537
567
550
620
604
582
546
529
525
480
425
350
273
204
184
153
123
146
118
81
55
38
32
21
5
25
6
0
2
9
7
23
48
92
188
286
312
365
418
478
547
601
704
808
801
864
878
901
895
901
919
908
910
932
943
916
956
941
986
961
1009
1005
1088
1092
1117
1241
1348
1686
2030
2320
2734
3308
3573
4114
4212
3975
4146
4191
3926
3276
3261
3211
2999
2914
2845
2690
2774
2956
3058
2934
2876
4431
2772
2596
2345
2266
2201
1984
1801
1600
1353
1172
1041
962
921
894
974
966
860
936
913
963
1024
924
784
676
576
561
656
701
659
591
509
461
407
332
275
201
188
156
127
84
48
26
9
3
5
20
51
88
99
113
128
157
175
211
231
215
229
179
158
134
146
218
330
446
502
539
515
472
217
137
297
267
69
153
364
447
462
327
122
18
27
57
64
67
85
149
217
276
340
314
301
268
223
182
171
148
149
177
194
231
267
331
324
299
289
282
224
204
191
193
222
230
256
269
251
182
97
30
13
6
1
4
7
6
8
4
10
46
75
105
73
28
4
8
8
14
10
7
1
0
0
0
0
0
0
2
6
3
33
70
127
224
485
740
991
1179
1336
1461
1537
1680
1617
1684
1647
1498
1531
1749
1907
2007
2100
2225
2362
2472
2643
2742
2884
2969
3074
3129
3112
2965
3107
3268
3292
3185
2908
2706
2501
2335
2186
2052
1867
1698
1526
1439
1278
1116
944
798
598
407
203
102
86
91
90
75
100
113
120
129
110
104
82
71
99
105
106
108
90
71
79
74
69
65
79
98
72
67
70
75
49
58
66
41
7
1
6
4
0
0
0
0
0
0
0
2
10
6
3
1
3
4
7
9
0
2
4
2
1
0
0
0
0
0
0
0
0
0
0
0
0
0
0
0
0
0
0
0
0
0
0
1
0
0
1
1
0
0
0
0
1
4
3
2
3
6
20
31
67
104
109
100
108
104
84
67
39
102
193
297
334
365
354
350
271
165
104
58
60
30
18
10
2
1
1
0
0
0
0
0
0
0
0
0
0
0
1
1
1
0
0
0
0
1
4
27
52
287
727
1196
1412
1549
1580
1615
1679
1587
1481
1470
1520
1540
1511
1409
1070
1052
1221
1256
1352
1728
2091
2142
2104
2026
1978
2004
2075
1967
1746
1676
1428
1104
769
584
565
543
481
427
366
387
318
239
217
183
253
318
361
415
481
540
581
557
549
487
451
376
351
376
353
328
274
191
118
67
40
57
65
67
97
180
286
277
239
303
400
325
250
227
215
166
141
126
106
89
54
29
23
17
3
2
2
9
17
46
63
72
107
135
153
168
164
135
88
36
23
11
10
11
16
31
55
61
66
91
105
116
119
138
119
118
93
71
48
32
21
11
10
8
8
11
22
32
34
80
125
139
140
149
118
99
55
42
53
74
110
149
162
180
179
167
148
278
60
29
12
33
69
121
318
550
764
871
934
847
651
541
591
606
899
1260
1256
1190
1271
1436
1486
1269
1048
922
1012
1107
1251
1361
1427
1765
2462
3448
3751
3449
2930
2638
2648
2561
2253
1996
1745
1279
1106
1406
1517
1710
1833
1792
1756
1883
2159
2506
2784
3193
3189
3469
3739
3707
3887
4316
4768
5220
5426
5199
4834
4756
4425
3727
2625
2097
1746
2001
2150
2313
2363
2225
1750
1230
1333
1562
1676
1623
1756
2016
2181
2286
2287
2209
2141
2553
3339
3878
4232
4181
4175
3927
3349
3163
2902
3138
3198
3144
3089
3125
3243
3318
3280
3350
3424
3431
3453
3340
3242
3063
3082
3137
3160
3265
3530
4219
4942
5610
5674
5218
4416
3292
2818
2784
2557
2053
1724
1365
1301
1319
1156
1046
825
1158
1495
1410
916
333
493
609
559
477
340
229
355
522
531
512
436
588
673
539
334
344
306
283
300
332
469
661
894
1080
1059
926
633
422
424
439
373
316
221
141
80
34
16
23
28
18
25
107
187
228
247
210
139
109
300
337
208
45
0
0
2
0
2
0
14
45
63
70
74
146
787
2083
3135
3959
4247
4546
4928
4358
3367
2276
2061
2262
2645
2256
1562
1022
724
640
631
621
673
597
408
324
281
429
558
596
639
679
615
528
376
346
468
532
495
433
416
391
280
179
74
43
195
289
329
342
307
246
392
670
920
1167
1402
1701
2026
2375
2807
3172
3064
2697
2311
1820
1419
1339
1260
1139
937
476
272
277
316
304
316
384
498
665
699
641
457
358
299
168
77
38
38
63
101
150
225
302
357
389
397
421
456
520
568
566
562
519
449
440
471
506
495
521
532
535
748
1927
2901
3380
3549
3791
3449
2956
2454
2405
2757
3210
3430
3453
3291
3137
3039
3028
3029
2956
2926
2796
2713
2619
2551
2483
2419
2528
2726
2881
2879
2918
2906
2980
3115
3282
3353
3209
2931
2701
2453
2326
2178
2176
2203
2214
2159
2151
2311
2453
2615
2610
2546
2395
2380
2206
1944
1760
1640
1607
1518
1477
1410
1309
1289
1184
1068
1023
900
794
695
620
561
519
456
319
176
105
88
45
35
51
65
48
43
25
14
9
9
13
18
22
20
21
20
6
16
15
41
57
66
65
63
64
50
67
66
79
89
108
128
142
133
115
91
79
75
103
149
157
109
92
103
104
105
79
59
67
54
61
80
56
43
34
34
24
18
16
11
30
44
68
61
48
45
28
16
14
11
11
9
4
0
0
0
0
0
0
0
0
2
11
2
12
7
3
15
19
38
208
592
903
1100
1442
1866
2114
2031
1922
1713
1311
819
906
659
858
868
851
833
708
560
459
322
198
123
110
129
179
205
186
139
126
80
81
64
68
59
49
57
44
32
23
3
0
0
12
7
5
1
0
0
1
3
2
1
1
0
0
0
0
1
1
1
0
6
3
1
0
1
3
1
0
8
24
38
66
88
67
81
104
102
98
47
27
64
70
44
13
6
3
0
1
4
3
0
1
1
5
8
12
10
26
29
48
36
33
19
15
15
11
16
27
30
40
56
46
53
51
35
16
9
4
0
0
0
0
6
16
23
36
60
82
117
166
235
276
308
359
464
564
616
730
825
799
648
508
410
328
250
221
135
49
37
28
30
26
25
31
33
33
17
9
10
12
11
6
7
4
47
34
2
4
4
6
9
16
25
19
26
21
18
20
17
0
4
4
0
0
0
2
0
0
0
0
0
0
8
10
0
3
3
0
0
0
0
0
0
2
16
13
0
0
0
1
1
2
0
0
0
0
0
0
0
0
0
0
0
0
0
0
0
0
0
0
0
0
0
0
4
4
2
0
0
0
0
9
7
0
0
3
2
0
0
0
0
0
0
0
0
0
0
0
0
0
0
0
0
0
20
31
17
0
1
2
1
0
1
1
9
11
33
67
102
174
244
321
389
400
421
462
424
408
353
272
184
90
51
49
68
56
50
34
5
1
0
0
0
0
0
1
4
1
0
0
0
0
0
0
0
0
3
3
5
1
0
16
24
64
144
264
273
213
147
96
79
53
54
77
78
144
207
208
198
144
96
314
415
353
195
62
11
9
11
18
14
1
1
0
1
5
7
3
3
10
1
0
0
0
0
0
0
1
2
0
0
0
0
0
1
0
0
0
0
0
0
0
0
0
0
0
0
0
0
0
0
0
0
0
0
0
0
0
3
0
2
3
1
1
0
0
0
0
0
0
0
0
0
4
5
0
0
0
0
0
0
0
0
0
0
0
0
0
0
0
0
0
0
0
0
0
0
0
5
5
0
1
1
1
0
0
0
0
0
0
0
0
0
0
0
0
0
0
0
0
0
0
0
0
0
9
6
0
4
3
2
0
0
0
0
0
0
0
0
0
0
0
0
0
0
0
0
0
0
0
0
0
0
0
0
0
0
0
0
0
0
0
0
0
0
0
0
0
1
15
0
0
0
0
0
0
6
1
6
11
4
3
5
0
1
0
1
0
0
0
0
0
0
2
12
24
33
6
2
3
12
55
87
116
119
136
123
117
90
102
90
110
153
121
144
161
148
162
142
106
100
124
134
128
113
78
68
51
33
9
2
0
0
0
0
0
0
5
11
0
0
2
1
0
0
0
3
0
0
1
0
6
12
23
22
15
14
28
31
21
24
37
62
84
87
58
52
39
50
66
78
100
94
85
156
268
448
667
1236
1826
2137
2582
2868
2759
2341
1654
1151
1237
1625
1833
1703
1264
1451
1505
1434
1264
1214
1193
1296
1472
1638
1807
1668
1414
983
801
895
796
902
935
571
304
358
529
660
701
666
639
500
472
422
431
531
540
426
285
247
293
343
453
427
357
206
108
281
696
907
1011
1235
1230
1016
927
1135
1127
1001
903
594
384
216
173
137
196
177
128
81
105
124
85
140
280
336
370
394
348
280
332
290
220
121
40
14
29
22
16
35
124
196
209
186
95
120
363
419
418
336
222
358
453
406
338
334
264
214
144
127
69
66
99
142
130
69
25
29
48
58
45
20
14
6
6
10
11
9
6
19
7
8
31
88
148
207
329
595
938
1216
1318
1250
1038
900
868
906
1029
1217
1376
1500
1433
1290
997
582
408
852
1199
1403
1522
1587
1457
1313
1255
1124
806
632
554
453
269
139
256
385
309
241
311
321
315
266
213
170
162
229
335
467
545
609
640
614
571
481
400
297
291
257
250
192
153
185
325
481
732
1201
1389
1307
1213
1031
925
743
591
389
284
381
522
588
518
338
264
296
427
519
487
445
429
473
545
679
559
333
317
357
364
337
419
550
629
652
755
801
837
868
932
925
1010
1175
1299
1466
1655
1700
1690
1608
1730
1832
1766
1826
1882
1899
1923
1845
1888
1882
1795
1624
1304
978
846
595
324
204
130
119
134
135
118
96
97
99
84
96
81
93
99
137
181
190
179
171
296
438
487
554
554
484
537
648
751
798
731
633
515
426
369
361
354
360
367
359
365
343
370
387
414
398
346
404
466
448
243
161
151
163
145
133
125
70
104
238
919
1993
2641
2829
2812
2824
2981
3309
3485
2917
1833
993
486
591
790
600
418
472
605
766
745
536
572
725
655
811
1119
1434
1596
1649
1677
1824
2086
2646
3395
4060
4497
4691
4735
4605
4280
4038
3791
3481
3167
2759
2568
2537
2771
2903
3111
3255
2937
2480
2273
2186
2309
2205
3223
2140
2058
2048
2033
2088
2129
2146
2173
2264
2441
2589
2777
2817
2997
2938
2755
2450
2121
2003
2051
2112
2124
2292
2660
2985
3405
3848
3979
3992
4276
4945
5276
5258
4556
3971
3939
3829
3635
3423
3459
3402
3584
3317
3044
2710
2432
2200
1917
1510
1130
1063
1284
1391
1352
1213
994
821
611
352
172
109
94
50
17
5
2
8
17
8
7
12
14
7
6
12
190
603
1513
2169
2737
3024
3238
3342
3403
3216
3394
3510
3642
3278
3027
2806
2417
2055
1790
1778
1834
1873
1905
1909
1925
1908
1864
1742
1611
1670
1592
1596
1686
1857
1997
2085
2126
2199
2305
2329
2121
2182
2279
2267
2336
2348
2339
2354
2365
2288
2258
2276
2285
2232
2150
2001
1940
1772
1659
1552
1483
1454
1435
1373
1317
1277
1369
1351
1423
1397
1358
1340
1306
1376
1465
1555
1833
1780
1760
1612
1512
1525
1464
1276
1023
831
676
546
420
275
174
146
146
161
138
168
195
248
313
323
331
368
485
881
1129
1235
1208
1031
1031
1123
1156
1244
1208
1290
1261
1125
1007
867
740
687
624
543
431
321
195
150
124
103
133
228
310
377
471
690
869
948
1399
1824
2131
2209
2120
2361
2375
2244
1659
679
736
1222
1106
582
944
812
1016
903
482
509
758
780
491
368
234
312
316
196
69
72
93
150
190
172
114
105
127
242
595
1223
1807
2001
1950
2064
2429
2718
2833
2715
2441
2158
1873
1655
1547
1463
1412
1505
1643
1699
1772
1895
2239
2707
3215
3675
4031
4382
4700
4954
5247
5364
5347
5193
5170
5345
5372
5059
4608
4176
3828
3438
3058
2655
2279
2003
1763
1587
1389
1178
1004
975
864
556
361
300
255
203
231
327
438
589
644
655
625
580
639
613
556
423
237
157
174
244
287
283
172
67
35
45
34
21
16
30
82
156
245
308
381
464
484
445
443
407
378
387
337
286
228
163
111
74
105
104
100
102
112
133
134
125
104
111
141
192
266
308
367
387
380
305
235
119
57
14
3
1
10
16
47
71
93
113
130
118
117
77
46
8
6
0
0
7
11
32
67
150
243
318
422
458
475
445
434
356
259
219
249
292
240
139
66
7
0
3
11
16
20
28
19
11
5
0
1
11
29
44
56
65
69
69
53
52
98
140
161
188
206
206
241
286
468
663
806
1007
1168
1204
1328
1536
1524
1406
1287
967
592
386
395
482
534
511
423
358
239
157
222
274
371
359
374
258
137
75
107
126
129
90
53
15
1
2
11
23
45
30
5
4
2
8
13
24
44
60
65
62
64
46
34
21
15
17
34
45
181
118
195
293
351
367
399
343
250
143
55
3
10
19
29
44
40
23
3
0
0
0
0
6
12
16
11
8
0
1
2
8
24
47
53
45
40
32
23
8
5
3
1
3
2
2
1
0
4
5
10
14
14
13
14
5
4
0
0
0
1
2
12
3
0
0
0
0
0
0
0
0
0
0
0
0
0
0
0
0
1
0
4
51
235
392
350
253
234
224
276
383
459
561
726
789
941
1084
1217
1416
1550
1681
1952
2194
2449
2834
3069
3311
3534
3790
3920
4104
4153
4194
4173
4167
4127
4171
4110
4010
3888
3767
3634
3471
3280
3019
2777
2545
2337
2080
1860
1779
1682
1542
1552
1497
1527
1495
1445
1399
1321
1338
1274
1181
1030
958
827
775
800
873
929
1163
1318
1578
1810
1913
2001
2099
1997
1971
1815
1713
1636
1439
1262
1140
1089
1030
1026
1049
1058
1123
1194
1290
1428
1480
1478
1400
1267
1121
933
835
806
799
781
844
754
553
535
491
470
388
235
201
262
270
245
176
141
167
179
169
125
78
34
31
63
92
92
104
102
88
94
83
84
80
64
94
167
199
200
196
203
183
197
235
254
284
295
309
322
346
273
267
227
199
190
223
271
307
317
334
360
440
431
404
381
374
416
453
463
452
419
422
430
428
385
274
158
105
76
52
22
23
32
42
17
12
5
2
29
53
59
22
7
7
8
10
5
2
11
19
33
31
37
53
42
36
43
49
55
77
89
109
118
137
120
141
133
122
161
144
150
143
155
144
128
115
81
67
60
63
44
34
13
3
1
2
4
1
2
156
51
124
214
222
326
512
563
542
533
636
616
621
610
509
239
142
53
12
20
18
47
122
138
175
211
233
261
319
361
406
433
515
578
671
703
732
813
897
1038
1102
1210
1378
1724
2084
2709
3133
3152
2994
2554
2022
1613
1173
1055
1035
923
866
683
674
702
711
610
580
470
318
314
134
68
63
47
36
30
2
2
4
11
26
59
34
17
13
8
4
10
40
88
201
331
645
1209
1748
2139
2206
1864
1668
2171
2565
3075
3582
3220
2266
1436
942
859
530
259
729
1331
1449
1183
1724
3724
4878
4343
4884
5134
4552
3679
3190
2499
1913
1833
1802
1486
1120
788
762
823
792
741
910
1295
1693
2077
2418
2671
2918
3236
3597
3674
3559
3180
2271
1555
1102
829
596
478
383
318
258
240
231
209
202
219
202
177
160
129
108
73
72
58
52
18
9
11
36
67
65
88
141
354
734
1058
1117
686
348
710
330
276
315
442
624
673
608
438
633
951
1270
1455
1376
1224
1130
1283
1451
1715
1933
2037
2026
1730
1742
1669
1666
1679
1655
1684
1815
2071
2457
2546
2546
2456
2458
2301
2302
2212
2053
1971
2042
1885
2229
2605
2700
2940
2768
2343
2421
1946
1489
959
2305
3248
4002
3826
3482
2642
2140
2567
3439
3860
3912
3748
3777
3982
3857
3528
2959
2835
2897
2506
2051
1407
870
686
728
795
992
1011
902
799
695
572
459
503
581
571
533
437
316
149
62
46
50
142
196
253
285
312
278
227
199
161
96
48
51
36
54
94
126
135
132
117
119
101
89
106
94
110
114
117
90
70
138
146
103
78
68
50
27
15
1
5
3
4
9
10
2
0
0
0
1
1
0
0
1
0
0
0
0
0
0
0
0
0
0
0
0
1
14
17
25
32
26
28
31
40
105
154
212
269
288
405
580
729
756
636
558
521
417
460
299
277
227
230
284
338
348
98
110
156
221
320
317
217
91
82
14
47
196
212
25
180
168
69
90
72
63
77
163
249
265
74
36
18
5
26
109
230
254
187
169
16
18
26
50
41
24
48
80
86
74
44
22
21
32
33
42
119
388
773
1015
1095
1066
1006
934
940
947
965
1028
1050
1094
1010
912
826
853
816
733
697
598
529
572
629
670
739
898
1178
1467
1785
1995
1978
1854
1542
1298
1215
1177
1000
689
476
286
200
209
126
11
67
126
70
9
0
112
399
873
1096
963
724
565
461
456
539
510
436
282
207
248
392
538
616
450
179
28
9
55
130
127
42
21
40
97
93
70
57
57
78
120
277
561
1199
2051
2137
1859
1143
288
111
82
88
187
202
123
68
30
19
31
26
17
6
3
0
1
0
0
1
0
1
2
18
88
138
184
234
291
335
409
502
538
640
1214
2021
2447
2504
2316
2606
2846
2996
3118
2902
2621
2353
2579
2293
2056
1866
1541
1128
1077
1082
964
731
403
94
27
203
376
405
390
304
319
378
281
157
273
392
523
561
647
820
843
715
591
398
336
339
261
259
257
379
531
575
544
469
375
309
194
117
138
167
185
304
393
414
361
327
327
523
698
961
1173
1132
1016
871
648
521
345
207
203
155
107
61
41
40
79
143
228
273
355
388
351
311
428
555
609
694
747
751
578
530
991
1320
1486
1467
1277
979
764
594
544
415
205
64
94
193
231
230
206
279
376
407
417
409
447
476
604
788
972
952
901
885
825
646
600
1223
512
518
564
585
550
517
400
387
360
332
312
278
257
291
352
387
208
61
49
23
29
21
24
5
14
19
25
10
16
40
81
93
99
106
131
168
174
206
244
314
330
358
360
405
497
509
508
531
540
474
409
381
361
309
300
281
247
193
173
172
133
120
106
93
86
52
20
18
10
9
11
20
18
13
8
2
0
1
4
11
34
69
95
106
164
186
206
231
319
468
571
625
674
703
719
683
567
489
430
362
251
174
101
55
27
1
3
21
61
99
101
104
100
96
91
91
96
92
66
66
58
59
42
20
1
0
0
5
2
0
0
2
9
16
18
40
99
139
193
204
205
189
193
209
271
346
381
384
348
300
303
367
507
974
1652
2096
2209
2269
2270
1991
1666
1709
1808
1906
1969
2018
2095
2188
2156
2169
2292
2567
2810
3077
3204
3315
3278
3192
3144
3167
3368
3688
3775
3834
3748
3782
3801
3776
3676
3539
3575
3476
3191
2953
2782
2527
2267
1992
1773
1533
1353
992
813
660
644
752
801
827
796
770
757
566
523
569
639
700
706
675
639
576
457
379
370
410
400
421
420
413
397
399
319
294
293
294
266
267
230
163
122
58
22
11
1
0
2
6
7
3
0
3
11
22
26
23
17
17
27
75
158
219
242
226
219
152
126
88
77
46
30
27
24
29
44
79
96
88
80
62
23
9
7
8
13
5
1
1
2
2
1
3
2
4
21
23
29
29
57
77
73
92
65
67
67
60
33
23
7
1
0
0
0
0
0
0
0
0
0
0
0
13
25
36
45
52
34
42
17
37
34
23
29
28
12
10
8
21
20
16
19
16
8
2
0
0
0
0
0
0
0
0
0
0
0
0
0
0
0
0
0
0
0
0
0
0
0
0
0
3
13
10
23
49
33
17
15
3
2
1
0
3
0
0
0
0
4
12
3
21
28
42
70
118
165
296
750
1465
1667
1519
1593
1707
1882
1979
1915
1913
2045
2170
2356
2500
2537
2661
2763
2801
2831
2820
2829
2834
2841
2832
2767
2641
2568
2402
2380
2279
2135
1998
1907
1718
1600
1618
1712
1838
1736
1754
2031
1872
1820
1605
1551
1564
1551
1410
1290
1332
1380
1327
1209
1195
1147
1169
1139
1131
1095
1005
904
765
637
559
528
555
605
581
458
346
322
265
224
272
246
233
275
238
231
228
243
264
322
271
264
280
278
276
294
301
223
118
127
146
93
105
118
125
161
199
212
215
193
154
114
212
34
35
48
71
73
62
48
11
2
8
11
30
45
79
85
57
50
36
39
13
18
20
18
9
0
2
2
4
1
7
4
5
2
1
2
5
14
30
24
20
10
5
0
0
3
6
5
2
0
15
12
1
0
0
0
0
0
1
0
1
2
2
0
4
5
8
8
7
5
3
2
3
8
11
13
12
5
0
0
2
4
4
28
97
106
84
51
33
29
32
31
13
9
12
15
4
7
8
7
6
4
3
0
0
1
0
0
0
1
3
0
0
10
14
38
48
35
13
26
38
33
25
26
18
8
11
13
19
24
12
6
3
3
3
2
1
1
0
0
0
0
0
0
0
0
0
0
0
1
3
0
0
0
0
0
0
0
0
0
0
2
2
15
14
1
0
0
0
0
2
4
9
14
30
64
70
60
64
43
24
13
8
8
15
9
8
6
4
1
2
1
1
0
2
12
9
3
0
0
0
0
0
0
0
0
1
0
0
0
0
3
4
1
0
0
3
2
8
10
3
4
6
2
0
0
5
6
2
7
23
23
25
43
48
55
56
44
23
11
5
1
1
1
2
7
2
2
0
0
0
0
1
1
3
0
1
0
0
0
0
0
0
0
0
0
0
0
0
0
0
0
0
0
0
0
0
0
0
0
0
0
0
0
0
0
0
0
0
0
0
0
0
0
0
0
0
0
0
0
0
0
0
0
0
0
0
0
0
0
8
4
0
5
2
2
0
0
0
0
0
0
0
1
0
0
0
0
0
0
0
0
0
0
0
0
0
0
0
11
13
6
9
14
20
20
25
42
77
92
116
143
203
301
397
436
407
340
298
294
268
244
206
179
106
83
65
64
84
85
105
157
196
209
218
266
340
444
525
570
640
651
711
706
676
604
509
573
933
1184
1205
1082
832
727
695
622
568
594
620
627
673
795
965
1153
1320
1432
1520
1607
1731
1860
2004
2168
2378
2551
2744
2829
2922
3012
3016
2995
2927
2855
2753
2586
2345
2203
2072
1904
1749
1734
1624
1371
1253
1145
970
919
816
716
662
671
805
1056
1497
1731
1990
2049
1917
1744
1387
1093
1141
1217
1203
1198
1058
965
878
843
807
829
867
856
840
834
726
652
596
544
452
373
287
266
249
195
177
165
148
134
124
123
108
87
66
22
0
93
134
45
57
53
40
27
6
0
0
0
0
0
0
0
1
0
0
0
0
0
1
1
1
0
0
0
0
0
0
0
0
0
0
0
0
0
0
1
0
0
0
0
1
0
0
0
0
1
2
0
1
0
0
0
0
0
0
0
4
0
0
21
88
274
584
757
774
886
1319
1419
1283
1096
1019
983
891
763
663
602
607
559
567
574
497
342
298
287
343
391
430
561
707
830
850
803
737
590
551
598
712
737
731
731
723
648
618
633
707
753
742
701
678
641
702
960
1202
1567
1848
1949
2048
2350
2657
2946
2496
2174
2005
1989
2122
2388
2612
2778
2810
2742
2940
3000
3047
3121
3235
3204
3257
3306
3280
3388
3377
3241
2912
2541
2185
1976
1909
1727
1734
1652
1531
1461
1312
1131
926
758
710
691
654
691
761
917
1098
1256
1426
1701
1779
1740
1561
1182
749
641
731
719
670
592
538
445
375
359
378
411
353
199
74
34
30
47
84
117
155
177
175
138
147
147
155
199
219
204
214
231
242
240
230
232
233
228
218
172
138
90
55
41
48
34
1
6
127
384
835
1463
1712
1686
1954
2184
1871
1747
1457
1012
769
762
795
919
1014
944
681
410
303
341
425
466
436
444
408
293
305
343
463
842
1172
1453
1928
2099
1866
1248
654
352
288
267
307
334
316
379
378
367
358
288
234
194
101
50
27
25
5
7
3
4
5
3
1
2
2
2
4
2
0
5
4
2
9
13
1
2
16
12
8
12
5
5
1
0
0
0
0
1
1
0
0
0
0
0
0
0
0
2
1
5
2
5
4
9
11
17
18
34
54
51
53
57
48
59
45
40
48
62
67
95
93
95
114
173
271
305
354
329
382
455
560
701
844
1029
1360
1559
1185
820
498
292
307
462
406
176
101
131
89
125
189
168
129
84
52
52
20
7
3
5
1
6
17
11
6
15
18
16
37
63
46
38
34
23
19
8
3
6
1
3
18
14
5
3
0
0
0
0
0
0
0
0
0
0
7
32
37
83
220
413
734
1307
1898
2318
2361
2178
1676
1460
1320
1365
1513
1501
1453
1549
1849
2226
2415
2307
2280
2078
1960
1675
1394
1209
1206
1457
1552
1489
1350
1264
1173
1086
964
944
961
1172
1555
1918
2301
2633
2933
3169
3198
3185
3118
2904
2777
2781
2685
2525
2439
2297
2125
1859
1519
1172
1446
1769
2124
2494
2777
3086
3420
3725
4067
4513
4861
5094
5353
5515
5804
5812
5778
5724
5632
5617
5624
5240
4905
4641
4448
4204
3950
3817
3589
3261
2833
2447
2165
1869
1759
1671
1594
1591
1537
1480
2189
1326
1368
1412
1274
1152
1127
1260
1499
1778
1951
1973
1920
1807
1574
1362
1179
1053
998
906
822
730
691
631
639
540
462
356
349
306
313
317
261
207
229
296
382
325
246
111
24
16
17
19
39
20
13
22
27
48
64
74
70
73
71
58
43
87
113
81
50
23
8
3
2
3
3
3
4
3
4
6
3
1
0
5
7
8
4
9
12
13
13
23
33
103
455
912
1322
1631
1957
2226
2129
1960
1563
1321
1322
1352
1945
2598
3104
3333
3405
3145
2978
2816
2783
3085
3412
3349
3302
3064
2996
2971
2886
2762
2743
2738
2810
2799
2758
2610
2510
2467
2311
2230
2091
1956
1820
1677
1608
1548
1429
1371
1360
1238
1153
1026
915
793
654
561
457
389
304
297
229
189
173
121
68
26
19
28
65
161
307
431
510
608
896
1074
1196
1537
2043
2374
2736
2833
2751
2261
2200
2644
2630
2096
1637
1600
1759
1886
1642
1414
1437
1396
1138
1153
1281
1242
1003
652
362
433
392
357
532
523
337
360
458
497
479
422
415
401
344
259
267
300
332
331
353
346
408
464
590
661
694
636
654
904
1220
1495
1580
1618
1697
1599
1521
1367
1376
1393
1531
1658
1767
1823
1824
1745
1603
1394
1270
1112
1470
1692
1809
1830
2021
2099
2111
2132
1812
1443
1363
1860
2182
2217
2141
1974
1706
1465
1156
971
796
719
750
873
1123
1365
1553
1514
1525
1490
1463
1425
1511
1747
1988
2166
2203
2327
2587
2820
2713
2262
2037
1635
1400
1416
1417
1407
1695
1681
1345
1038
1165
1362
1454
1555
1444
1347
1335
1247
1214
1163
1179
1291
1455
1649
1855
2270
2937
3028
2761
2303
2296
2027
2104
1947
1786
1706
1909
1991
2324
2592
2726
2816
2782
2760
2933
3563
4480
4991
4775
4134
3703
2842
2723
3086
2799
2130
1591
945
1223
1361
2333
3095
3352
3174
2846
3320
3310
3223
2635
2010
1574
1552
1572
1888
2212
1999
1559
2202
2588
2536
2373
2974
4131
4668
5116
5762
5898
6338
6392
6423
5624
4547
4042
3571
3117
2957
2891
2951
2935
2861
2587
2357
1977
1384
731
665
1126
1473
1806
2010
2192
2327
2323
2216
1561
743
473
328
355
434
517
505
486
458
408
407
379
340
263
155
75
105
96
78
44
19
6
0
2
4
8
14
128
413
716
818
804
671
377
176
84
41
24
15
25
18
15
12
16
17
30
134
436
1216
2280
3195
3942
4153
4023
3721
3559
3621
3821
4091
4237
4300
4356
4428
4471
4464
4444
4416
4297
4245
4238
3995
3710
3373
3018
2542
2181
1756
1315
944
568
369
212
373
609
878
1210
1422
1536
1675
1618
1544
1391
1195
1012
854
709
599
410
241
176
261
396
444
463
510
1069
862
924
957
978
940
845
709
734
754
861
1053
1192
1350
1412
1426
1489
1594
1678
1710
1706
1814
1892
2195
2392
2585
2499
2213
1934
1611
1368
1072
823
748
685
707
777
825
950
1150
1327
1479
1687
1779
1917
2021
2121
2278
2410
2552
2615
2746
2817
2923
3143
3429
3649
3855
3927
3930
3853
3765
3609
3436
3236
3073
2881
2810
2597
2265
2024
1743
1504
1282
1032
829
611
455
331
342
345
305
285
235
298
387
432
340
255
341
284
161
87
66
67
66
189
304
203
193
120
126
153
171
208
211
186
200
163
192
263
364
476
603
743
782
792
806
879
851
818
865
805
655
584
501
499
493
433
330
261
177
113
123
151
52
48
109
276
563
747
577
525
393
114
130
108
135
152
227
385
509
355
188
98
123
97
73
86
223
226
46
75
117
148
84
59
146
79
49
47
17
9
17
4
22
17
10
8
1
0
1
7
9
21
31
36
25
60
38
7
9
6
15
37
41
27
24
31
42
40
24
13
16
8
5
4
4
1
3
0
2
5
17
9
0
0
4
4
1
1
1
14
13
11
8
11
8
5
4
1
3
9
22
36
63
70
57
43
43
90
101
109
101
136
194
222
255
261
253
243
203
144
106
112
153
246
279
294
243
221
161
102
37
21
5
1
5
3
2
8
7
0
1
0
0
0
3
6
8
6
17
29
27
34
39
72
27
22
43
69
91
140
150
150
138
275
232
124
105
73
204
238
142
34
186
210
151
72
98
102
81
147
99
184
156
46
3
69
94
6
29
120
162
176
68
229
358
219
323
687
1187
1551
1724
1745
1936
1707
1350
1294
1261
1117
834
646
475
356
305
304
321
372
464
483
485
438
400
347
313
255
238
235
506
960
1108
1315
1318
1254
1236
1158
1195
1328
1451
1599
1906
2144
2135
1881
1667
1479
1332
1082
852
604
438
362
465
437
771
783
832
785
663
550
418
248
124
153
221
248
258
329
361
358
341
310
318
389
450
509
550
544
462
295
179
42
40
41
63
76
63
38
27
53
52
44
46
54
42
48
41
40
29
13
2
1
2
0
3
0
0
0
0
0
0
0
0
0
0
0
0
0
59
285
711
1319
1953
2370
2747
3008
3094
2958
3213
3335
3272
3164
2935
2651
2478
2309
2242
2270
2234
2104
1968
1775
1548
1363
1188
1085
956
973
851
766
730
681
657
702
813
893
960
931
982
983
1026
998
996
982
977
957
927
872
777
1313
644
614
617
596
555
550
514
493
479
446
438
379
332
290
214
167
139
118
138
153
144
160
187
175
166
165
138
131
103
93
92
80
75
47
30
27
24
36
52
82
105
156
174
223
216
259
243
301
304
316
337
369
378
383
387
395
382
396
365
372
373
406
348
329
289
245
218
168
157
128
155
164
120
41
25
18
5
0
0
0
0
0
0
0
0
0
3
6
4
8
26
51
95
96
111
90
107
83
80
66
60
68
58
57
26
11
15
6
5
2
2
0
0
0
2
1
0
0
0
0
1
5
19
28
29
29
22
18
15
13
8
0
0
0
4
7
9
14
17
12
11
18
23
30
34
32
48
47
47
138
108
13
8
2
1
0
0
0
0
0
0
0
0
0
0
0
0
5
13
14
29
42
55
46
25
18
18
26
40
83
118
127
112
52
14
5
1
14
14
17
10
20
47
77
87
133
135
80
49
41
21
5
0
0
1
0
0
2
5
1
2
2
0
2
7
8
9
17
29
45
51
71
78
71
66
49
34
15
4
2
0
0
0
0
0
0
0
0
0
0
0
0
0
0
0
0
0
0
0
0
0
0
0
0
0
0
0
0
0
0
0
0
0
0
0
0
1
5
4
9
11
11
0
0
0
1
5
9
13
10
8
9
10
27
65
96
51
37
8
0
2
0
1
7
4
15
19
8
8
0
7
22
6
17
7
0
12
33
32
25
8
10
16
20
4
4
43
63
11
43
37
3
59
49
34
24
37
63
63
8
2
18
52
126
76
94
53
20
2
36
68
127
174
157
103
40
10
43
71
35
65
93
65
4
13
40
60
0
49
29
19
0
24
44
0
42
25
14
1
7
31
64
6
54
30
3
0
2
10
26
37
56
39
20
38
22
5
0
0
0
3
21
24
11
31
6
15
35
40
25
24
53
31
13
28
52
32
15
13
12
13
18
43
41
15
4
2
0
0
0
0
0
0
0
0
0
0
0
0
0
2
6
21
45
81
92
111
117
81
49
17
7
3
0
0
0
0
0
0
0
0
0
0
0
0
1
4
3
0
2
7
11
15
17
10
7
1
1
4
2
1
0
0
0
2
2
0
0
0
0
0
0
5
3
0
3
0
0
0
0
0
0
0
0
0
0
0
0
0
44
2
2
2
0
0
0
1
11
6
0
8
5
0
0
0
0
0
0
0
0
0
0
0
0
0
0
0
0
0
0
0
0
0
0
0
2
0
0
2
1
11
20
28
30
26
29
20
23
10
1
1
1
1
2
0
3
3
8
15
13
9
6
9
11
3
4
9
16
17
15
21
13
11
12
21
21
27
56
144
398
623
766
834
879
800
644
442
212
470
594
598
572
615
602
638
643
455
395
514
589
597
525
488
453
321
153
90
123
74
63
84
178
213
189
198
185
155
102
66
15
14
37
74
90
73
84
82
75
71
57
39
21
18
6
0
0
1
4
5
10
21
35
23
26
28
15
16
10
11
4
7
5
1
0
0
0
0
0
3
2
6
2
1
0
0
0
0
0
0
0
0
0
0
0
0
0
1
0
0
0
0
0
0
0
0
0
0
0
0
0
0
0
3
13
19
15
18
5
4
2
2
0
0
0
0
0
0
0
0
0
2
2
1
3
4
4
3
3
2
1
1
1
1
0
0
0
0
0
0
0
0
0
10
17
60
309
600
937
1130
1400
1443
1388
1388
1409
1533
1629
1740
2066
2406
2677
2967
3236
3279
3100
2812
2564
2590
2826
3149
3477
3671
3652
3438
3262
3392
3620
3614
3449
3195
2812
2449
2218
2073
2009
1934
1814
1801
1858
1777
1689
1487
1117
856
1038
1112
1134
1253
1101
858
634
487
310
222
289
361
479
536
512
487
486
587
902
1721
2651
3332
3883
4339
4514
3809
3098
2840
1992
1724
1680
1592
2072
2220
2377
2346
2409
2615
2996
3288
3511
3821
4295
4666
4683
4597
4286
4150
4030
3867
3963
4210
4384
4325
4172
3833
3535
3053
2490
2195
1986
2018
2097
1903
1750
1561
1393
1448
1428
1273
992
865
723
704
768
947
1365
2124
2866
3101
3127
3084
2821
2778
2848
2276
1781
1821
2236
2725
2888
2812
2393
2068
1781
1362
979
605
514
545
552
732
808
867
895
872
891
942
1094
1168
1135
1195
1237
1274
1268
1309
1263
1274
1234
1225
1165
1128
1000
846
805
681
595
485
378
315
266
234
241
286
349
458
537
562
559
503
497
458
408
408
365
329
210
142
62
32
21
13
2
9
20
16
6
1
1
2
3
6
9
7
11
20
23
15
42
80
133
160
188
205
226
249
267
292
344
356
394
469
502
425
439
483
525
519
544
531
600
566
528
353
279
289
280
225
202
232
317
382
319
327
254
62
19
17
42
52
126
78
166
90
103
80
362
63
75
97
17
12
34
43
36
22
34
33
8
11
2
14
50
45
25
39
54
71
48
10
22
16
10
17
8
41
33
26
12
5
1
24
40
15
8
4
13
14
17
6
36
35
25
22
16
9
12
17
10
38
89
114
107
90
54
18
2
0
17
22
13
5
9
3
0
2
0
2
9
11
6
37
43
10
3
0
8
4
11
17
16
17
8
4
13
18
69
62
37
68
157
212
244
397
541
655
726
817
938
1058
1204
1269
1562
1858
1979
2014
2098
2185
2243
2302
2294
2413
2477
2607
2726
2843
2978
3289
3479
3634
3629
3477
2986
2492
2643
2832
2892
2815
2580
2359
2485
2525
2585
2595
2471
2215
1931
1755
1714
1781
1975
2182
2183
2117
2007
1984
1869
1812
1730
1649
1357
1154
1008
836
723
628
409
250
175
67
116
257
322
277
391
597
654
670
763
737
725
733
724
700
586
496
429
299
227
225
237
272
345
617
1178
1332
1239
986
794
706
664
693
669
695
848
1091
1293
1325
1529
1629
1784
1892
1890
1918
1837
1787
1741
1762
1724
1705
1715
1698
1568
1575
1515
1464
1406
1304
1209
1083
974
923
883
806
742
697
563
472
374
292
223
173
134
113
127
112
82
57
30
11
11
14
13
14
24
25
21
12
13
5
4
0
0
1
9
17
38
54
66
70
67
62
66
65
56
39
35
40
25
29
12
3
2
10
33
15
0
0
7
13
20
7
7
8
11
33
54
36
16
34
38
50
37
19
7
5
5
9
13
6
1
0
0
0
0
0
0
0
0
0
2
6
19
77
74
56
68
78
86
95
114
126
129
162
168
136
119
133
184
234
268
215
118
66
30
10
16
23
29
27
58
107
127
161
162
165
203
138
95
49
15
5
7
5
0
2
3
0
0
8
9
15
17
30
21
8
3
0
11
27
2
1
3
19
23
5
1
0
0
0
1
12
5
0
0
2
0
1
5
2
0
0
0
0
0
1
1
0
0
0
0
0
0
0
0
1
0
0
0
0
0
0
0
1
6
5
7
5
2
1
2
1
1
2
0
0
0
0
0
3
3
3
4
6
2
3
7
6
7
2
4
5
5
0
1
2
1
1
0
2
1
3
6
8
9
16
17
25
33
32
18
10
13
5
4
0
0
3
0
7
18
18
17
12
10
6
6
5
8
85
406
831
1071
1134
1048
807
599
442
329
260
218
158
113
70
56
42
156
52
67
74
101
172
311
404
544
726
875
1130
1260
1442
1648
1903
2029
2062
2064
2166
2252
2365
2413
2495
2506
2363
2377
2291
2262
2213
2151
2134
2123
2299
2285
2292
2209
2149
2031
1853
1588
1400
1209
1126
1011
760
612
482
478
401
216
85
36
8
32
37
39
70
66
65
117
152
134
91
52
40
59
118
156
154
70
41
18
17
5
4
14
18
19
14
5
0
7
12
9
3
16
44
8
19
70
512
1298
2015
2470
2730
2792
2554
2397
2640
2762
2978
3045
2987
2741
1975
1740
1979
1933
2162
2419
2674
2809
3002
3022
2961
2787
2660
2659
2683
2682
2589
2732
2825
2704
2915
3114
3321
3354
3548
3635
3529
3293
3039
2791
2459
2172
2047
1880
1676
1510
1347
1143
956
848
886
1046
1502
1921
2034
2201
2402
2506
2336
1855
1069
931
1426
1605
1863
2226
2453
2305
1984
1794
1487
1168
913
705
617
535
697
723
804
747
572
460
516
533
527
487
425
353
215
99
23
18
9
6
36
52
123
189
218
210
197
190
206
232
229
218
224
234
239
207
190
187
191
197
195
197
180
158
157
129
110
84
39
53
83
90
115
99
88
145
358
685
1149
1440
1444
1431
1502
1572
1629
1860
1932
1759
1720
1729
1718
1874
1845
1868
1935
1829
1800
1687
1736
1861
1921
1933
1956
1998
2193
2372
2602
2784
2938
3135
3313
3488
3652
3909
4294
4704
4845
4579
4160
3583
3366
3198
2786
2248
1664
1048
1071
1301
1544
1629
1746
1871
2098
2279
2455
2683
2985
2995
2826
2720
2894
3112
2975
2796
2568
2428
2408
2444
2493
2536
2518
2390
2352
2494
2603
2564
2442
2258
2044
1992
1880
1892
1778
1706
1690
1674
1760
3690
1821
1788
1651
1578
1473
1367
1273
1266
1172
1225
1267
1193
1055
952
938
873
928
1277
1570
1786
1758
1702
1820
1879
1799
1573
1211
848
575
524
649
642
587
610
671
699
631
508
558
642
710
858
903
889
767
884
1218
1548
1648
1762
1650
1582
1526
1482
1388
1368
1486
1697
1796
1849
1720
1542
1454
1266
973
935
1116
1200
1044
773
427
222
169
153
147
57
43
78
141
191
197
268
253
156
75
76
83
90
110
119
155
146
130
107
77
53
33
24
17
3
5
6
14
11
18
24
27
30
22
28
18
9
2
0
0
1
0
0
0
0
0
0
7
12
12
11
6
3
12
26
39
19
3
0
0
0
1
4
10
6
14
8
5
2
4
5
1
0
0
0
0
3
0
0
0
3
2
1
2
1
2
4
8
4
2
1
2
1
2
5
2
1
2
0
1
1
0
1
1
1
2
6
16
1
4
2
0
0
2
2
2
1
1
0
0
0
3
8
4
4
2
0
0
0
0
0
0
0
0
0
0
0
0
0
1
1
2
0
0
0
8
12
0
0
2
2
0
0
0
0
0
0
0
66063
65921
0
0
0
0
0
0
0
0
0
0
0
0
0
0
0
0
0
0
0
0
0
