7192
3869
7287
3746
3704
6673
6341
3160
3114
5267
4121
1276
30789
310
476
533
530
399
357
400
593
1048
1757
2358
2461
2375
2162
2067
1922
1899
1529
1564
2021
2278
2440
2551
2470
1985
1209
635
638
1295
2097
2759
3082
2932
3196
2547
2968
3191
3016
2659
2439
2109
1744
1638
1457
1246
1070
971
804
733
606
528
476
406
308
271
221
169
106
99
98
122
167
358
623
1011
1534
2030
2477
2919
3320
3674
4130
4468
4775
5036
5346
5656
6112
6340
6310
5955
5316
4594
3741
2987
2374
1909
1598
1487
1775
2620
3617
4608
10314
6473
6856
7111
7191
7048
6905
6811
6606
6504
6319
6148
5916
5775
5625
5435
5345
5199
5073
4913
4800
4640
4524
4413
4138
3858
3464
3087
2797
2451
2251
2088
1903
1708
1628
1543
1499
1528
1377
1139
904
949
948
1027
1074
1053
891
722
518
362
375
523
592
661
670
615
528
388
343
364
374
303
264
248
269
205
136
89
91
95
97
116
153
258
402
395
540
604
745
752
649
514
428
399
638
1142
1764
2114
2449
2625
2615
2409
2097
1368
473
168
371
735
1021
1219
1358
1347
1263
1152
969
773
421
180
222
353
416
316
319
248
236
274
337
404
484
453
409
413
509
563
705
995
1533
2221
2917
3645
4286
4799
5274
5565
5707
5676
5543
5336
5207
4952
4671
4305
4007
3603
3294
3040
2785
2661
2612
2656
2671
2801
2931
2980
3056
3088
3238
3312
3284
3401
3521
3699
3846
3856
3888
3793
3728
3590
3417
3039
2556
1982
1512
1286
1438
1543
1378
986
514
265
185
152
106
190
384
480
456
319
218
142
100
62
56
47
39
48
75
107
109
96
110
110
121
101
102
121
117
150
155
185
190
143
85
79
103
115
143
157
179
206
239
220
194
194
142
120
101
59
57
33
44
74
41
52
71
115
172
203
187
159
97
36
4
11
27
32
18
8
28
15
36
41
98
119
175
220
258
300
345
388
400
448
428
395
372
296
211
131
63
30
24
26
11
15
18
23
44
62
93
109
130
130
152
407
616
798
926
1042
1205
1241
1393
1669
2072
2558
2895
3186
3395
3600
3947
4482
4945
5344
5693
5853
6109
6350
6616
6580
6522
6232
5964
5728
5374
5192
5018
4881
4873
4865
4657
4454
4131
3698
3243
2770
2447
2176
1979
1678
1420
1207
1011
986
1028
1029
1074
1051
986
930
773
584
390
181
95
54
47
27
39
33
36
29
19
8
2
2
0
1
6
15
9
15
23
42
44
70
104
145
234
257
315
394
476
440
386
298
243
176
123
111
80
58
37
45
41
28
31
17
17
17
18
20
24
14
6
7
11
1
0
0
0
0
0
0
0
8
2
1
2
5
2
0
2
0
2
0
0
1
3
9
17
17
17
8
3
0
1
0
0
0
0
0
0
0
0
2
4
14
4
2
2
3
5
9
20
15
7
1
0
0
3
5
3
5
5
10
23
61
130
152
155
128
89
49
39
47
53
45
44
56
61
66
87
78
66
57
46
58
43
22
8
12
2
16
30
42
34
14
15
18
19
12
22
18
12
14
25
36
42
53
52
33
6
12
77
46
27
33
40
67
112
117
145
174
219
299
392
468
468
484
448
361
299
215
127
56
20
2
0
3
26
58
81
114
141
163
191
207
187
170
144
122
112
93
94
86
110
119
111
112
110
131
121
88
62
24
2
0
3
29
63
57
48
38
31
22
18
14
16
11
12
22
1
2
0
4
10
6
39
84
79
60
28
4
1
4
4
9
9
5
16
34
27
34
22
4
4
0
2
5
24
83
68
24
17
18
19
11
6
15
3
0
0
1
11
20
18
28
40
52
38
47
61
53
78
101
134
172
206
224
317
395
461
567
691
700
598
404
233
210
183
208
194
297
325
349
268
204
265
332
421
416
406
588
931
1246
1591
1755
1593
1183
961
819
907
1054
1067
845
737
691
752
935
1180
1405
1495
1470
1289
1027
776
794
796
853
844
837
867
961
1116
1220
1151
962
1029
1156
1179
953
931
874
780
677
726
625
467
347
269
179
97
61
76
151
194
206
167
174
191
199
205
233
248
247
200
154
126
88
51
36
28
22
4
0
0
0
1
1
2
2
4
20
21
22
25
34
30
33
19
15
8
12
9
33
40
17
3
0
12
18
39
25
30
25
18
24
19
3
4
4
3
4
0
5
0
0
0
3
0
1
0
0
5
23
24
18
9
0
6
17
24
26
16
8
4
0
0
0
0
0
0
0
0
0
1
3
7
30
75
242
517
777
944
1065
1005
958
732
433
321
340
400
492
622
696
701
597
550
532
542
563
498
450
383
373
315
346
279
252
186
105
47
7
4
9
11
20
39
54
64
60
73
105
145
173
190
185
186
164
196
211
222
268
417
657
673
511
457
395
234
105
64
49
41
55
30
28
19
16
31
14
21
21
14
11
7
2
2
1
0
0
0
1
9
13
7
0
0
11
14
27
55
134
198
222
280
275
85
165
403
670
698
532
317
147
90
93
109
118
81
7
4
15
27
25
30
7
0
6
0
0
40
47
7
0
3
3
5
7
15
41
51
49
40
30
24
1
0
0
0
0
0
0
0
0
0
0
0
0
0
0
0
0
0
0
0
0
0
0
0
0
5
0
0
0
0
0
1
0
11
2
1
3
3
11
21
39
47
19
16
15
6
10
1
2
0
0
2
0
1
1
20
34
46
55
70
54
23
13
55
77
61
14
0
0
0
0
2
0
0
0
0
1
2
3
18
49
95
41
64
86
96
83
42
67
108
111
80
59
36
30
34
5
2
34
18
11
40
63
215
477
672
769
696
548
351
69
363
415
407
454
645
833
727
430
156
88
26
87
72
54
54
29
0
0
2
0
0
0
3
0
5
20
24
5
4
5
2
0
0
0
0
18
17
0
0
11
2
0
12
13
10
8
12
51
74
209
300
349
329
309
313
279
247
192
141
95
29
3
13
29
36
36
27
24
23
23
24
24
9
10
0
0
0
0
0
2
0
0
1
2
0
0
1
0
0
16
52
54
0
34
42
27
14
14
27
10
7
11
11
15
22
45
75
131
285
561
769
866
952
1023
1024
1115
1098
1130
1101
1005
814
566
341
197
104
49
12
3
5
9
13
9
10
9
16
14
9
9
7
2
3
4
3
3
3
4
0
1
0
0
0
0
1
0
0
3
0
0
9
21
35
45
56
80
76
55
27
26
62
81
75
41
25
18
9
9
8
5
23
29
39
51
58
57
52
56
55
56
53
49
40
44
39
51
78
69
63
55
34
16
1
7
25
56
62
64
64
47
52
43
39
40
46
58
51
102
168
193
185
128
157
155
98
144
160
154
137
89
45
16
1
1
35
12
7
17
8
8
3
0
9
3
2
4
1
2
0
0
0
0
0
0
0
0
2
0
9
7
21
15
7
35
20
19
34
51
56
57
66
54
47
52
51
46
51
44
27
14
1
0
0
0
0
0
2
2
0
0
0
1
0
4
2
5
1
4
4
7
13
2
2
1
1
4
6
10
1
14
11
7
9
3
1
2
3
1
0
0
2
4
2
4
4
3
5
0
1
6
20
29
32
28
15
0
5
6
13
10
4
4
6
24
40
37
50
39
41
29
10
0
1
12
12
42
51
57
97
153
223
367
437
382
269
103
27
1
1
8
31
6
21
56
56
92
83
98
102
85
122
38
27
30
20
18
14
10
5
4
1
0
32
33
17
0
0
0
0
0
0
0
1
1
5
0
0
0
0
0
0
0
0
0
0
0
4
0
0
0
0
5
1
2
0
0
0
0
0
0
1
0
0
0
0
0
0
1
1
0
0
0
2
2
3
2
8
6
10
11
9
5
7
1
1
1
0
0
0
0
0
0
0
0
0
0
0
0
0
0
0
0
0
0
10
1
0
0
0
0
0
0
0
0
0
0
0
0
0
3
7
10
7
7
5
1
8
4
6
11
5
1
2
3
7
60
97
143
219
265
270
212
182
76
47
79
116
98
107
108
141
179
453
795
1096
1158
922
772
800
890
690
156
185
236
109
68
105
34
27
42
107
76
41
18
12
17
25
69
127
191
200
247
405
451
446
318
306
342
295
277
271
248
254
237
251
220
180
123
66
65
52
85
108
156
241
319
354
386
374
385
418
353
305
238
133
60
35
118
142
112
77
24
12
34
77
118
184
246
336
398
310
239
180
135
136
107
97
84
85
49
23
22
24
32
45
41
40
47
42
35
40
40
26
30
24
23
18
12
7
7
23
46
44
42
19
21
40
68
124
65
27
14
42
60
64
91
118
159
142
146
103
74
83
69
57
54
31
11
26
37
45
98
196
357
547
617
632
623
507
387
235
221
200
183
185
190
239
257
206
98
34
2
1
12
12
20
62
156
348
589
697
607
434
504
568
481
332
149
136
154
97
64
51
10
66
200
304
374
338
326
418
320
230
106
30
74
66
122
57
3
16
5
10
50
108
223
443
870
1383
1713
1731
1684
1365
964
505
314
298
381
387
340
325
308
344
331
250
139
91
137
162
141
161
189
248
382
589
800
1156
1371
1305
984
802
892
936
972
673
593
498
348
635
758
634
389
637
554
334
177
152
134
100
99
25
25
53
148
164
84
146
290
339
339
248
366
414
426
312
258
164
46
14
64
110
185
231
219
215
237
202
129
83
43
69
96
83
107
113
154
174
197
278
415
521
549
489
422
387
343
273
293
302
238
168
121
109
120
155
320
442
599
622
566
445
340
206
108
29
10
9
38
66
117
119
85
52
43
46
64
142
320
478
511
444
266
502
574
542
472
441
236
244
188
129
136
76
54
28
5
3
9
42
87
76
58
77
94
88
92
110
214
243
351
369
380
364
420
410
399
291
172
89
84
70
76
54
36
48
51
45
39
55
65
60
77
122
125
119
96
95
48
70
176
361
716
966
1134
1166
1301
1264
1195
778
437
150
173
98
14
30
15
8
95
218
247
246
355
656
721
698
658
604
586
548
524
421
362
270
331
284
292
307
352
375
340
361
311
308
263
110
39
5
13
26
54
83
104
82
58
20
5
9
3
1
2
2
2
2
1
10
22
26
52
73
86
87
88
80
58
53
49
61
95
129
123
138
135
106
89
63
73
99
192
405
633
797
1014
1087
1007
816
884
872
786
668
521
360
291
274
229
185
147
107
64
57
55
57
40
23
11
7
12
9
7
9
13
5
10
9
14
14
27
25
16
19
31
31
17
7
4
8
12
12
6
5
6
0
6
17
8
30
169
449
629
615
563
443
59
229
283
278
287
330
365
568
844
993
952
1030
710
147
399
410
568
558
568
537
483
493
503
487
448
402
352
313
272
269
351
441
556
567
581
657
706
745
758
794
1083
1599
1977
2801
3330
3832
3959
3821
4133
4211
4245
3891
3606
3161
2857
2583
2758
2953
3184
3059
2918
2395
2445
2210
1878
1681
1562
1216
933
965
1168
1275
1265
1333
1341
1536
1729
1789
1883
2183
2360
2341
2273
2108
2074
1946
1910
1817
1779
1599
1428
1235
1201
1533
1805
1826
1801
1693
1567
1401
1211
1027
945
896
834
720
699
701
620
706
708
747
900
964
1024
951
956
867
734
736
682
640
607
627
650
581
550
540
396
369
354
365
361
337
325
300
309
267
257
207
176
202
214
257
344
503
698
905
1209
1501
1945
2354
2688
2966
3165
3206
3246
3327
3517
4107
4528
4762
5259
5665
5702
6021
6339
6579
6918
7039
7317
7607
7744
7851
7918
7936
8042
7973
7704
7446
7119
6637
6146
5603
4748
3849
3219
2853
2790
2925
3024
3306
3499
3537
2986
2841
3114
3083
3210
3290
3091
2917
2871
2719
2889
3324
3510
3471
3028
2370
1720
1196
1087
949
695
730
895
1121
1491
1816
2071
1985
1852
1811
1724
1474
1175
911
711
665
593
521
490
458
504
595
661
771
815
767
729
766
898
931
923
756
577
428
443
462
358
394
333
155
185
184
335
351
208
73
40
26
24
67
45
58
79
54
34
56
63
25
2
0
0
3
0
16
28
37
47
86
99
149
207
282
356
409
424
438
387
329
324
344
392
378
395
476
451
430
365
296
235
104
79
89
89
33
14
12
46
55
23
4
7
11
28
17
8
1
2
6
48
104
151
199
185
117
61
30
11
12
16
21
12
49
65
18
2
3
0
7
23
18
50
17
15
0
28
3
37
55
53
56
61
104
226
356
478
542
690
927
1108
1241
1320
1429
1587
1811
2016
2160
2274
2352
2507
2727
2864
3031
3313
3531
3807
3861
3902
3905
3827
3846
3766
3744
3618
3384
3255
3021
2874
2664
2376
2075
1795
1560
1328
1063
788
685
593
461
322
199
124
117
164
221
313
378
458
529
545
574
609
538
478
405
320
245
165
67
21
123
182
254
308
340
354
328
318
278
236
183
160
116
67
14
12
23
24
57
103
150
185
184
173
170
102
73
41
22
47
151
280
382
385
311
222
206
137
147
154
162
177
184
159
131
69
23
16
26
17
18
18
29
19
14
17
10
3
6
10
3
2
2
2
6
0
10
9
10
17
30
51
95
169
163
110
73
55
79
90
88
40
45
374
859
824
884
818
985
1025
538
733
657
515
459
579
729
770
931
940
896
889
852
944
1227
1427
1633
1911
2299
2707
3119
3549
3879
4232
4506
4704
4763
4686
4588
4493
4413
4219
3958
3591
3275
3042
2711
2477
2410
2332
2435
2492
2464
2543
2643
2514
2264
2107
2013
2020
2176
2552
2930
3241
3944
4431
4530
3990
3877
3502
3154
3191
3281
3035
2830
2400
1836
1808
2535
2891
2259
2024
1950
1716
1447
1580
1708
1896
2277
2596
2771
3084
3492
3896
4360
4763
5115
5388
5666
5902
5859
5799
5459
5051
4652
4154
3726
3239
2786
2252
1854
1504
1158
955
732
663
744
683
634
627
653
746
785
801
801
766
809
870
947
974
993
913
767
631
422
297
172
126
103
99
87
142
199
189
143
137
165
133
91
91
138
170
160
219
357
530
660
727
824
906
926
931
990
1007
1035
1021
969
796
673
578
588
594
627
625
616
632
604
603
615
658
630
519
407
440
474
430
441
428
460
520
544
682
799
966
1074
1252
1295
1456
1610
1659
1829
1971
2235
2514
2840
3135
3382
3574
3838
3991
4100
4209
4210
4193
4262
4184
4107
3856
3598
3353
3221
3017
2733
2436
2102
1769
1602
1534
1390
1328
1177
949
722
607
456
347
332
293
281
349
323
288
284
337
371
442
476
456
426
371
263
165
106
75
62
39
13
3
5
11
19
16
19
37
93
229
360
440
754
971
993
900
829
694
566
348
247
454
571
730
704
634
550
449
326
183
100
179
270
428
592
739
804
593
301
192
182
134
106
78
70
65
74
46
8
6
23
20
13
6
4
5
27
46
69
72
66
60
55
71
63
3
3
23
9
0
0
3
1
0
5
19
42
47
39
61
9
33
27
20
7
5
2
0
0
0
1
3
2
2
0
0
1
0
0
32
65
90
60
0
40
113
240
474
848
968
949
883
854
798
625
592
449
397
359
194
163
167
174
187
244
214
174
77
16
1
2
1
1
2
2
3
3
1
0
0
0
0
0
0
0
0
2
0
0
0
5
66
8
25
66
65
22
4
4
3
2
1
5
0
2
0
5
0
0
0
7
31
49
12
0
0
0
0
7
1
5
3
1
0
2
1
1
3
0
1
0
0
2
1
0
0
6
12
7
6
1
0
4
3
0
0
0
0
0
0
0
0
1
0
0
0
0
0
1
1
0
0
0
0
0
0
1
3
10
6
6
69
42
55
55
45
32
7
5
8
10
55
122
129
232
484
795
1152
1449
1782
1706
1264
553
1103
1805
2352
2443
2155
1190
1327
1470
1284
1126
972
999
1243
1328
1296
1428
1706
2119
2288
2370
2326
2349
2211
2168
1897
1664
1418
1185
885
643
575
443
408
533
602
729
827
818
761
719
621
524
324
56
375
667
882
1006
1031
958
869
736
575
402
228
85
98
170
240
270
321
317
321
282
234
148
73
90
177
260
289
295
266
230
203
134
93
66
41
29
31
11
32
22
14
32
34
11
3
5
12
15
9
7
37
54
39
217
417
516
524
410
477
691
819
988
896
905
932
959
713
348
305
461
642
694
668
680
593
426
241
233
451
586
651
677
669
663
738
806
942
1101
1273
1448
1646
1824
1816
1741
1647
1557
1202
1157
1006
958
836
676
592
548
456
412
411
379
293
310
394
755
907
1010
1411
1510
1449
1582
1843
1874
1790
1767
1783
1824
1727
1643
1489
1321
1226
1101
821
494
362
324
276
171
213
263
265
222
156
196
282
339
270
198
111
107
146
185
264
250
170
170
178
155
148
116
89
56
44
57
103
128
176
174
141
195
239
246
238
271
288
324
388
357
279
211
256
234
247
257
253
299
400
440
358
178
105
131
196
219
286
430
576
768
1043
1271
1310
1274
1383
1341
1287
1166
1086
951
910
880
778
757
680
631
582
544
498
462
430
463
406
360
334
341
332
263
208
151
135
149
123
119
87
87
87
116
183
286
445
766
1220
1729
1962
1940
1934
1437
865
543
596
533
428
329
221
203
235
202
80
77
102
153
183
165
107
98
28
44
50
65
98
104
109
67
40
15
1
0
4
4
7
4
0
2
5
3
1
29
85
137
104
18
127
106
108
49
29
16
19
17
18
22
13
19
16
11
3
1
10
27
34
72
24
1
22
45
62
154
32
242
212
60
189
132
160
151
137
181
73
171
149
106
233
122
260
229
59
243
152
231
287
145
310
226
114
287
246
177
131
22
196
133
39
136
17
70
64
11
22
17
4
19
22
2
1
2
5
11
7
8
12
32
76
26
7
13
16
8
13
9
0
5
21
55
89
107
100
51
6
44
145
191
138
200
546
861
1060
1255
1697
1874
2043
2523
2860
3199
3359
3601
3674
3986
4198
4359
4386
4370
4370
4323
4234
4013
3642
3164
2635
2269
2114
1917
1826
1791
1702
1625
1432
1277
1040
798
563
380
270
153
61
35
40
49
59
118
180
237
244
251
218
212
190
171
149
138
111
97
82
57
35
27
12
10
7
28
71
21
27
30
44
67
84
148
172
181
201
217
195
202
189
160
134
128
103
83
103
116
171
199
205
221
255
301
315
326
297
265
174
104
62
71
114
180
207
217
245
268
283
257
270
251
262
277
228
191
200
171
107
69
46
27
26
21
11
0
0
2
10
40
58
68
76
96
109
130
115
139
151
150
158
168
172
166
164
224
250
322
410
530
686
792
887
983
990
1013
922
875
798
729
712
616
524
498
370
284
190
119
46
10
0
0
1
0
2
4
24
65
91
105
107
108
104
61
67
56
36
24
15
11
7
3
5
0
0
0
0
0
0
0
0
0
5
7
20
4
0
0
0
0
0
0
0
0
0
0
3
2
8
10
5
17
60
19
19
58
97
136
157
179
160
141
88
33
6
9
40
55
25
2
0
6
4
21
38
56
73
81
86
99
110
112
149
139
149
173
161
131
100
80
145
310
501
839
1194
1382
1508
1668
1913
2254
2749
3297
3805
4404
5176
5923
6245
6513
6577
6564
6516
6331
5931
5071
4214
4155
3906
3377
3897
4785
4529
3047
2350
2834
2338
1037
1468
2007
1561
947
733
697
687
685
599
575
425
203
256
321
373
398
470
548
545
451
439
437
481
535
513
459
432
419
344
241
152
132
139
108
77
80
48
28
50
33
20
17
17
15
48
69
125
92
48
46
59
66
26
39
97
109
112
99
98
34
78
134
155
142
128
146
124
106
114
139
125
33
87
163
165
160
122
5
7
7
8
11
13
15
6
1
24
86
128
149
138
119
123
106
88
94
87
86
47
35
21
24
19
16
11
0
0
0
0
3
0
10
30
4
0
23
51
60
90
128
120
111
72
13
1
0
2
16
9
0
9
72
89
62
75
69
51
32
8
2
0
0
0
4
9
13
6
2
2
7
10
12
29
19
9
2
6
2
0
0
0
2
3
3
3
6
11
16
16
14
33
38
22
15
8
27
43
66
28
0
0
6
7
5
10
29
44
40
30
18
9
11
4
2
5
2
0
0
0
6
2
1
0
0
0
0
0
0
0
0
0
23
72
64
181
371
614
947
1298
1733
2152
2499
2819
3056
3297
3446
3750
4029
4386
4770
5185
5464
5087
4235
3246
2374
1764
1535
1450
1453
1638
1979
2435
2960
3614
4143
4543
4791
5010
5108
4959
4829
4602
4347
3963
3540
2927
2209
1300
455
243
684
1459
2284
3011
3585
4018
4257
4314
4282
4110
3582
2899
2120
1295
486
66
275
913
1615
2184
2630
3013
3223
3398
3458
3554
3613
3739
3880
4021
4163
4338
4380
4361
4321
4061
3969
3882
3839
3834
3515
3084
2406
1606
2084
2995
3717
4280
4614
4866
5007
5090
5020
4940
4718
4420
4011
3611
3271
3018
2755
2372
1940
1590
1270
916
659
487
375
334
281
290
332
399
466
511
558
399
235
188
246
436
635
696
744
766
795
699
682
691
705
621
591
523
495
422
360
337
333
320
247
198
147
139
108
118
133
125
108
109
139
197
212
216
445
627
675
743
793
655
594
506
492
398
323
375
386
406
397
338
300
238
209
194
203
243
300
355
384
292
154
77
51
98
168
415
763
924
812
461
380
721
1108
1597
2114
2533
2336
1984
1675
1080
697
1153
1232
1226
1314
1422
1436
1415
1174
812
698
720
683
532
518
631
800
832
843
994
975
1113
1060
1016
921
1066
1113
1088
1013
800
518
282
219
343
456
441
413
354
431
525
593
652
677
586
500
383
244
138
304
464
629
894
1053
1123
1210
1294
1516
1740
1675
1832
2088
2089
1591
964
649
428
357
437
535
711
915
1015
1010
915
820
741
691
528
407
276
245
210
175
149
186
208
250
369
379
405
267
148
94
117
201
264
274
341
343
446
709
1152
1783
2250
2366
2379
1947
1319
1098
1137
1091
898
732
486
698
1211
1558
1621
1480
1229
994
673
449
378
380
497
521
398
468
488
578
718
786
1070
1434
1604
1524
1753
2228
2910
3464
3761
4139
4667
4721
4670
4944
5165
5398
5462
5371
5170
4812
4464
3876
3245
2610
2242
1956
1644
1459
1105
1021
1203
1438
1315
955
963
1040
1192
1244
1204
1227
1390
1371
1374
1605
2026
2337
2535
2832
2250
1751
2143
2481
2577
2660
2659
2756
3015
3429
3861
4239
4393
4550
4597
4569
4559
4448
4420
4238
3994
3797
3706
3564
3427
3367
3318
3193
3161
3045
2781
2533
2153
1898
1650
1386
1089
785
477
207
90
173
284
481
646
780
911
908
893
828
709
607
421
349
521
948
1409
1961
2566
3109
3642
4137
4541
4955
5127
5251
5340
5360
5247
5068
5036
4847
4617
4331
4008
3782
3445
3153
2812
2450
2235
2129
2225
2341
2334
2463
2288
1616
1135
738
320
696
977
1003
904
725
623
624
818
1019
1016
883
605
507
412
310
298
271
289
295
209
92
29
17
47
15
7
84
175
313
503
512
537
425
57
280
320
309
259
238
295
377
637
726
810
844
770
703
703
504
372
227
162
185
201
231
235
193
130
67
62
118
119
72
36
67
129
120
75
55
18
3
2
10
30
35
16
26
35
12
2
8
43
129
234
272
226
230
161
220
284
310
316
301
153
109
94
79
103
83
62
87
105
91
84
103
121
150
214
273
356
396
417
349
261
119
97
195
203
159
116
73
6
1
5
14
8
9
58
117
109
141
182
295
308
358
408
290
312
436
521
665
731
507
367
424
560
744
871
855
568
344
302
340
439
518
541
447
375
583
845
889
679
302
91
38
32
65
56
41
64
134
210
338
445
595
584
466
302
283
357
326
239
70
79
89
14
5
51
82
96
90
58
31
6
3
3
9
38
24
18
2
1
1
1
5
21
70
144
390
648
961
1396
1812
2115
2453
2646
2806
2857
2897
2828
2731
2653
2461
2293
2048
1808
1508
1321
1050
876
680
495
343
169
20
5
13
70
166
228
289
428
579
681
785
844
944
1061
1221
1273
1419
1479
1485
1470
1481
1436
1346
1230
1113
1127
1033
987
945
933
893
855
798
771
675
628
615
565
524
425
334
283
271
234
194
119
68
50
32
23
17
15
27
76
69
38
14
0
4
9
0
11
22
12
0
1
6
3
0
0
1
1
6
12
7
4
5
19
14
29
33
44
55
83
60
33
33
52
49
32
36
42
28
53
74
74
51
62
28
18
6
10
1
2
2
0
0
3
3
0
0
0
0
0
1
2
0
0
0
8
17
15
19
35
25
20
1
6
0
4
4
10
31
75
207
303
390
438
564
663
776
838
807
722
559
423
315
296
241
227
168
153
139
112
69
90
98
71
83
105
168
250
200
53
49
147
258
239
171
128
104
279
276
253
146
70
21
40
36
21
17
17
21
17
12
6
47
46
33
65
40
24
13
45
161
120
59
103
54
40
79
78
83
19
25
67
150
107
52
18
30
84
82
51
13
14
27
59
196
298
414
542
550
836
1015
722
825
800
701
628
509
447
286
430
558
481
369
313
384
390
433
431
395
480
639
773
975
1362
1821
2144
2352
2370
2178
2152
2102
2161
2104
1972
1894
1828
1684
1620
1506
1430
1323
1137
952
797
608
463
266
168
130
97
73
49
22
48
187
311
439
543
525
445
649
512
773
1190
1424
1803
2540
2644
2074
1921
2033
1718
1409
1378
960
713
692
576
429
627
642
561
422
373
546
640
686
759
752
780
896
1017
1206
1454
1756
2084
2437
2762
3100
3390
3631
3768
3884
4139
4262
4451
4678
4963
5148
5220
5225
5113
4735
4363
4201
4186
4147
3962
3757
3440
3020
2640
2327
2084
1723
1102
981
828
843
799
658
891
1566
2080
2540
2876
3163
3412
3550
3517
3637
3765
3944
4214
4401
4559
4667
4727
4704
4963
5223
5475
5680
5607
5355
5091
4800
4486
4256
3979
3669
3526
3306
2857
2419
2118
1752
1361
1041
887
803
976
1162
1284
1328
1373
1294
1219
1226
1229
1233
1195
1179
1158
1189
1081
931
942
1161
1294
1142
961
795
734
693
627
512
412
312
229
163
99
95
80
105
91
50
16
6
20
43
69
81
114
108
89
70
93
147
204
254
270
351
411
440
412
347
279
264
334
421
420
402
320
278
251
93
208
176
145
87
56
23
14
57
83
107
166
169
129
144
174
181
186
225
189
241
356
460
594
773
880
964
947
963
957
900
846
778
698
536
483
471
464
428
458
590
596
561
485
478
364
278
222
190
165
151
136
129
120
127
128
132
131
294
496
692
880
980
906
757
669
545
421
325
274
273
294
354
299
165
18
21
33
28
5
0
0
3
5
12
14
10
86
307
508
658
804
903
901
877
809
836
880
883
851
788
682
588
513
488
442
421
403
378
337
317
300
278
210
190
211
187
173
124
86
36
14
1
0
3
0
1
0
25
30
38
34
33
27
7
0
4
0
0
2
5
4
55
110
167
277
325
364
342
250
139
40
13
44
94
134
142
117
73
38
3
8
13
3
4
4
7
8
2
0
1
2
0
3
30
31
18
56
115
115
158
194
246
257
318
499
795
1113
1235
1193
890
582
370
319
336
385
430
438
504
670
1117
1697
2175
2441
2350
2070
1736
1871
2279
2724
3188
3605
4069
4323
4869
5301
5514
5901
6059
6284
6355
6132
5123
4513
4868
4600
4051
3438
2570
1564
1143
1051
1726
2719
3489
4334
5017
5463
5635
5845
5481
5095
4989
5222
5453
5392
5103
4750
4456
4261
3744
3132
2668
2026
1856
2020
1894
1517
1089
1120
1140
1215
1198
1113
1052
910
637
531
557
493
531
350
273
263
308
466
548
710
742
719
822
776
813
794
741
636
623
549
391
301
246
178
119
26
74
36
38
6
13
10
26
54
106
183
292
372
458
455
498
440
376
217
143
139
181
244
380
504
480
483
553
355
168
116
124
227
309
317
307
228
139
116
50
200
285
171
77
58
230
357
628
893
843
707
566
428
348
277
232
221
202
201
190
171
119
96
67
32
79
93
93
148
101
82
91
97
108
129
117
38
14
21
10
8
5
5
1
4
10
31
73
66
80
157
117
67
54
47
79
73
102
156
135
65
41
24
0
1
10
35
64
90
72
70
57
96
87
68
27
23
21
37
72
51
46
109
127
127
133
87
44
22
22
20
19
39
97
166
198
132
46
96
141
110
50
53
74
27
7
6
8
9
1
0
1
0
5
5
12
11
8
4
9
12
11
11
0
5
46
84
153
43
16
46
55
38
22
24
63
134
209
203
124
100
113
166
156
108
61
47
30
118
114
42
67
56
54
125
242
406
435
370
258
177
143
121
118
148
134
41
31
100
85
190
227
234
262
151
129
136
109
77
70
90
145
160
222
246
227
247
254
254
223
193
151
146
172
206
248
315
442
325
310
280
75
36
24
33
38
21
2
23
47
106
229
275
252
229
226
173
119
151
137
143
167
196
105
60
22
16
28
23
14
11
11
7
14
9
26
40
36
42
17
20
27
30
14
0
7
13
15
12
3
0
0
4
31
80
109
144
132
99
103
83
76
75
91
117
115
103
65
7
24
36
22
11
37
13
14
23
16
29
70
111
116
108
99
62
48
79
93
114
160
216
222
155
92
56
75
104
146
149
88
61
34
17
17
25
18
2
0
7
1
10
39
33
10
1
4
3
0
2
3
10
1
2
0
0
0
0
3
0
0
0
2
0
15
14
24
33
32
15
17
13
9
13
26
85
143
189
171
98
70
89
116
142
129
102
148
88
176
215
142
119
189
165
182
126
152
154
255
218
89
84
90
71
61
34
176
284
182
220
107
159
203
130
162
269
278
234
315
504
658
663
807
875
990
880
850
845
654
538
607
621
576
439
273
235
217
107
54
49
92
202
174
173
202
280
319
275
314
231
249
290
254
239
185
200
253
267
210
114
53
21
7
26
37
48
95
113
117
87
42
7
9
49
83
87
87
62
39
19
0
5
1
0
0
0
0
6
3
6
14
15
9
11
31
49
72
76
95
123
156
145
112
68
51
25
2
27
25
24
29
35
65
73
62
75
59
74
89
87
82
54
35
23
8
2
0
4
0
0
1
6
8
12
11
0
0
0
0
0
0
0
0
0
0
0
1
0
0
0
0
0
3
7
4
0
0
0
0
0
0
0
0
0
0
0
0
13
12
0
0
1
4
11
25
43
82
153
218
240
338
311
339
399
406
416
470
413
347
296
219
143
100
77
103
102
149
147
111
65
75
75
41
35
28
91
54
32
48
125
159
159
139
134
194
234
225
249
315
264
149
66
32
62
110
120
143
197
148
91
70
48
36
29
45
40
66
51
60
71
82
57
75
50
40
39
44
73
110
127
142
150
154
166
206
214
197
169
161
148
211
271
363
343
396
473
549
608
740
905
1174
1574
1831
2102
2282
2527
2697
2963
3243
3403
3581
3732
3842
3952
3978
4075
4011
3832
3465
3163
2780
2505
2233
2067
1860
1576
1274
1153
1013
1030
909
850
669
673
528
475
363
255
279
368
396
359
296
410
568
697
938
994
915
823
705
696
626
578
582
587
531
510
456
396
355
360
362
374
339
314
283
240
162
154
163
130
107
155
225
191
208
402
651
892
1441
1881
2068
2282
2782
3246
3532
3665
3740
3727
3504
2873
2063
1486
1305
1023
786
758
769
616
360
244
129
152
362
608
646
779
970
984
1016
991
1055
1077
1085
1088
1034
1019
909
860
764
711
670
608
538
462
392
360
313
332
341
353
376
412
455
494
459
470
338
327
275
168
217
417
725
908
962
1069
1075
1029
876
773
771
833
847
869
904
902
876
811
756
592
492
337
228
182
152
157
189
187
170
164
167
203
190
173
177
207
261
274
258
247
293
314
262
264
243
231
264
224
232
246
194
126
113
59
39
178
313
388
407
435
478
502
424
403
339
145
101
72
90
148
210
172
190
144
115
79
71
87
104
101
60
49
86
95
149
207
308
298
287
204
175
131
87
64
65
94
122
166
191
195
162
172
137
108
100
77
90
100
84
95
65
65
62
67
64
49
44
31
30
50
81
137
163
149
119
71
30
11
20
68
89
78
50
75
106
70
74
103
190
170
157
301
435
556
645
604
600
566
521
478
408
410
425
444
549
704
871
945
1213
1408
1634
1949
2258
2648
3138
3572
3791
3914
4000
4053
3955
3797
3573
3342
3039
2713
2553
2298
2015
1738
1522
1316
1093
986
815
723
775
925
1028
1091
1043
921
679
571
459
504
610
666
743
922
1083
1236
1412
1539
1589
1704
1686
1749
1664
1578
1524
1479
1445
1440
1444
1566
1727
1795
1869
1790
1646
1541
1342
1146
874
678
470
216
31
53
95
157
264
324
366
482
560
538
632
765
932
958
831
598
445
267
183
158
172
223
358
524
703
838
954
1020
1101
1215
1298
1395
1416
1475
1536
1537
1512
1343
1244
1120
1075
994
977
926
793
733
640
610
679
726
777
898
1006
1146
1329
1236
1187
1080
912
815
824
861
984
1091
816
675
541
488
455
390
400
320
327
321
317
225
154
53
8
0
8
15
30
55
72
72
63
47
32
26
35
59
82
83
65
60
56
112
176
161
130
145
153
127
129
165
159
178
172
159
143
158
158
115
110
102
77
87
84
106
101
84
89
91
68
82
95
89
86
75
90
138
203
216
237
135
115
65
57
49
54
55
59
73
126
246
303
264
304
380
379
374
323
316
355
405
513
856
1343
1892
2278
2689
3122
3881
4785
6081
6974
7339
7523
7569
7746
7651
7477
7237
6987
6687
6314
6177
6073
5930
5798
5573
5255
4963
4689
4569
4311
4219
4150
4041
3875
3775
3464
3231
3099
3105
3030
2937
2857
2724
2414
2002
1735
1373
1091
878
792
748
588
509
632
834
1067
1248
1440
1729
1903
2184
2325
2540
2775
2934
3057
3254
3456
3703
3939
4121
4252
4381
4558
4681
4845
5020
5062
5170
5245
5170
5055
4554
4138
4243
4133
3545
2911
2356
2000
1538
1200
962
724
645
697
679
562
423
301
259
232
205
160
147
99
118
99
53
33
17
6
26
14
17
23
14
10
0
20
34
0
15
39
24
12
27
50
63
58
63
58
58
70
67
57
57
41
40
34
25
20
13
12
15
13
20
15
24
25
29
22
10
0
0
1
0
0
1
0
0
0
0
3
3
4
7
6
9
9
4
4
0
0
0
0
0
0
0
0
0
12
16
5
2
2
2
6
7
43
25
0
18
23
9
9
5
3
0
2
8
0
0
9
8
9
14
19
10
11
27
18
6
5
3
0
0
0
0
1
0
0
0
16
23
6
0
0
0
0
0
0
0
3
3
2
0
0
0
0
1
0
0
0
0
0
0
0
0
0
0
0
0
0
0
0
0
0
0
0
0
0
0
2
1
6
4
13
9
4
2
0
1
0
0
0
0
0
0
0
0
0
0
0
0
0
0
0
0
0
0
0
0
0
0
17
47
4
13
14
7
7
3
0
0
0
0
0
9
0
0
0
0
0
0
0
0
0
0
0
0
0
0
0
0
1
3
1
1
2
2
6
5
1
0
0
0
0
0
0
0
0
0
0
0
0
0
1
0
0
0
0
1
0
0
0
0
0
0
0
0
0
1
0
0
0
0
0
0
0
0
0
5
12
0
0
0
0
0
0
0
0
0
0
0
0
5
2
0
0
0
0
0
1
0
0
0
0
1
0
0
0
0
0
1
0
8
10
7
0
1
0
1
9
51
16
4
12
9
6
1
0
0
0
0
0
0
0
0
0
0
0
0
0
1
0
0
0
0
11
73
224
347
619
1047
1491
1840
2076
2269
2473
2927
3437
3991
4262
4200
4057
3943
3913
3775
3554
3261
2825
2713
2767
2927
3162
3286
3346
3388
3413
3457
3454
3425
3292
3244
2964
2823
2681
2515
2184
1990
1735
1499
1300
1084
896
752
559
370
235
163
141
110
60
91
41
26
27
19
3
20
1
1
1
1
0
1
0
0
0
0
0
0
0
0
0
0
0
0
0
0
0
0
0
0
0
0
0
1
2
1
1
2
8
30
18
17
35
97
165
276
310
278
269
225
181
126
82
117
128
226
183
123
79
102
107
90
103
102
118
137
122
104
142
221
310
463
443
506
496
414
342
258
281
282
275
237
192
199
160
168
163
152
272
415
533
709
1069
1549
1945
1929
2076
2213
2314
2473
2347
2090
1709
1378
1131
1026
1025
880
756
704
709
850
946
1154
1381
1535
1516
1562
1381
1283
1431
1767
1840
1989
2167
2418
2830
3368
3793
4149
4470
4687
4786
4941
5143
5341
5526
5683
5783
5726
5742
5679
5673
5561
5565
5539
5501
5570
5404
5247
4958
4447
4029
3528
2994
2477
2165
1876
1546
1285
1038
836
658
592
464
328
221
157
111
151
206
208
155
120
86
89
125
255
457
624
807
1011
1259
1533
1666
1827
1913
1982
1976
2146
2316
2589
2742
2749
2718
2658
2684
2642
2742
2803
2778
2678
2516
2310
2146
1975
1829
1581
1338
1214
1045
883
713
677
583
491
449
415
354
337
304
272
228
170
104
59
43
20
7
2
3
1
2
12
11
5
9
5
3
6
6
15
3
3
3
4
3
3
1
0
1
0
0
0
0
1
7
2
0
9
11
14
3
1
19
2
0
0
1
0
4
2
1
0
3
4
1
0
2
18
0
5
0
0
0
0
0
0
0
0
0
0
0
0
0
0
0
0
0
5
24
61
16
15
14
24
56
25
13
2
0
3
7
0
7
21
9
0
0
1
7
0
0
1
3
0
2
1
1
0
0
3
0
2
0
1
5
0
2
2
2
13
3
2
4
4
1
1
0
3
5
3
6
6
6
4
4
1
0
0
3
0
1
1
2
1
0
2
0
1
0
0
0
3
5
14
15
19
17
22
26
20
10
9
6
13
25
18
31
76
319
752
1147
1491
1905
2153
2387
2557
2699
2747
2859
2898
2914
2856
2824
2699
2590
2313
2186
1974
1833
1720
1428
1200
986
855
792
692
530
319
158
83
88
106
203
271
272
279
349
438
529
627
768
824
839
826
750
686
699
622
564
474
429
361
357
345
250
179
111
83
89
131
238
387
508
584
610
606
512
471
373
287
237
162
114
109
86
108
91
101
99
117
128
124
106
82
69
54
57
40
25
24
37
54
71
75
74
91
94
75
87
62
43
14
4
1
1
1
15
27
14
3
12
18
15
19
10
9
12
11
23
24
15
20
25
22
12
22
20
32
29
27
18
87
161
254
372
418
427
417
373
304
244
158
102
47
1
4
4
0
1
22
30
20
13
26
75
83
68
74
76
103
84
53
60
50
45
36
13
7
6
6
12
1
0
0
0
0
0
0
0
0
0
5
16
2
0
0
10
55
35
47
47
44
53
61
85
145
459
450
191
196
229
257
287
402
517
675
892
1164
1495
1833
2093
2292
2533
2710
2851
2903
2974
3018
2924
2919
2882
2941
2882
2902
2672
2563
2376
2146
2023
1846
1648
1416
1258
1017
800
608
488
443
355
266
226
231
323
444
526
632
846
1007
1107
1255
1432
1556
1666
1904
2020
2178
2341
2463
2815
2922
3093
3255
3408
3605
3638
3430
3332
3334
3298
3271
3072
2899
2777
2681
2574
2506
2389
2213
1910
1404
858
446
275
229
237
211
205
204
203
244
305
363
433
489
574
637
693
639
521
352
329
328
481
624
812
1063
1436
1734
2114
2469
2840
3290
3734
4136
4614
5188
5636
6248
6736
6924
7230
7298
7375
7385
7200
6980
6586
6179
5812
5353
4938
4454
4120
3774
3425
3241
2931
2828
2771
2659
2544
2417
2358
2325
2328
2346
2236
2021
1715
1504
1417
1342
1172
931
648
445
366
352
296
238
212
187
131
27
81
140
173
169
174
183
200
229
207
213
337
387
351
239
240
309
239
159
268
490
387
203
128
144
119
120
111
116
190
207
236
254
234
135
52
14
7
11
14
72
106
108
143
176
162
72
25
8
15
23
46
35
11
6
19
35
29
31
21
17
9
18
8
4
0
0
0
0
0
0
1
2
3
3
1
1
0
2
0
2
3
1
0
0
0
0
0
0
0
0
0
0
0
0
0
0
0
0
0
0
0
0
0
0
0
0
0
0
0
0
0
0
0
0
0
0
0
0
0
0
0
0
0
0
0
0
0
0
16
24
23
15
17
11
8
10
22
33
63
30
61
33
18
7
2
8
15
37
45
42
60
50
34
24
12
26
5
1
6
14
16
0
0
0
0
0
1
3
6
25
36
63
49
30
37
42
43
61
101
125
160
122
104
83
50
23
11
1
0
0
1
5
7
0
0
0
0
8
3
3
9
0
0
1
2
2
11
8
2
0
0
0
0
0
0
0
0
0
0
24
26
13
0
0
0
0
0
0
0
0
0
0
4
6
5
4
16
4
1
0
0
5
34
32
11
6
10
3
3
0
0
0
0
0
13
23
39
32
65
117
207
292
406
615
814
1026
1236
1429
1711
1864
2051
2224
2163
2009
1587
1252
991
743
518
360
205
117
96
101
93
120
142
144
167
168
128
53
94
116
103
90
102
249
571
902
1283
1759
2281
2758
3136
3420
3382
3437
3317
3232
3158
3087
3062
2676
2427
2165
1830
1438
1104
818
704
539
417
270
224
177
169
163
154
161
152
148
156
147
134
195
147
86
49
39
19
14
10
29
48
69
78
82
99
136
135
144
207
404
613
820
1095
1329
1634
1834
2063
2382
2666
2862
3266
3616
3998
4320
4746
4968
5235
5477
5605
5781
5930
5808
5679
5452
5178
4852
4615
4416
4266
4117
4074
4073
4063
3893
3510
3087
2776
2570
2483
2398
2391
2294
2208
2150
2073
1915
1816
1700
1502
1313
1130
939
906
752
654
549
402
295
241
173
145
149
95
59
65
48
41
49
28
26
10
6
0
0
3
10
12
26
23
12
10
19
28
44
22
9
17
25
34
56
119
192
227
243
279
320
306
366
376
388
414
352
294
270
297
299
279
369
706
1048
1293
1349
1280
1056
832
778
910
1171
1479
1866
2314
2662
3010
3335
3710
3936
4211
4598
4834
5054
5207
5311
5341
5500
5498
5287
4934
4860
4831
4698
4366
3959
3440
2955
2465
2147
1921
1587
1354
924
492
302
233
156
152
176
225
348
430
469
358
422
557
520
487
445
335
295
241
98
43
105
181
193
197
183
195
186
297
367
453
407
393
456
450
414
340
304
184
164
134
152
107
146
166
170
100
38
22
10
9
0
9
5
0
1
3
0
2
0
0
0
0
0
0
3
3
1
5
10
1
0
0
1
12
8
0
0
0
0
0
0
0
0
0
0
0
0
0
0
0
0
0
1
2
0
0
0
0
1
0
0
2
0
8
10
4
0
0
0
0
2
0
1
0
2
0
0
2
0
0
0
0
0
0
0
2
14
5
0
0
11
12
7
0
0
0
0
0
0
0
0
0
0
4
26
145
258
398
495
525
541
502
458
370
372
353
315
248
166
128
123
104
70
28
5
6
10
5
2
1
3
3
2
0
0
3
2
4
6
3
1
0
0
1
0
0
1
1
3
6
3
0
10
7
8
16
58
157
272
356
378
353
402
446
554
745
960
1013
1130
1120
1071
926
746
563
364
284
267
169
47
20
123
200
287
345
349
424
487
514
422
400
270
288
263
292
302
262
220
142
138
162
226
247
238
225
206
199
169
126
9
0
45
122
133
158
146
135
109
27
1
0
43
120
123
160
139
108
55
6
0
0
4
18
13
8
0
0
0
1
2
1
0
7
3
7
7
10
1
5
2
1
0
1
0
3
3
12
12
17
17
16
12
18
54
135
134
104
113
74
51
27
23
12
38
45
38
24
4
1
1
5
2
1
0
0
0
1
0
1
0
1
0
0
0
0
0
0
0
0
0
4
16
37
77
119
170
317
519
706
705
713
438
152
41
226
555
898
1152
1246
1260
1182
1105
989
868
883
717
622
514
419
440
489
373
262
221
224
145
119
114
73
13
16
28
33
37
15
24
24
55
45
34
16
0
12
14
4
1
5
17
37
91
182
365
555
943
1338
1702
2162
2531
3001
3202
3567
3850
4219
4574
4889
5157
5334
5576
5565
5495
5162
4715
4360
4084
3807
3520
3218
3087
2968
2889
2733
2675
2557
2423
2172
1993
1833
1727
1622
1535
1386
1348
1295
1297
1167
1105
886
704
540
438
338
259
197
151
103
98
104
89
141
134
116
111
101
73
82
109
205
349
448
537
655
769
884
903
1116
1302
1387
1503
1613
1720
1852
1960
1979
1971
1912
1775
1623
1648
1725
1733
1643
1602
1485
1320
1312
1339
1431
1467
1361
1204
1018
736
436
241
173
190
236
217
232
266
326
374
364
336
336
353
421
513
536
494
443
404
319
306
294
308
343
405
580
677
884
1044
1239
1340
1371
1490
1700
1984
2546
3203
3801
4241
4572
4849
5143
5439
5618
5691
5768
5849
5793
5819
5839
5693
5494
5348
5133
4780
4325
3896
3165
2519
2186
2241
2365
2527
2338
1919
1604
1087
792
695
747
844
987
976
923
885
823
757
724
801
906
821
658
458
369
254
154
127
130
110
714
400
547
579
650
746
815
808
802
763
681
591
497
403
371
271
239
192
104
53
55
19
17
1
0
1
16
13
30
39
42
24
14
8
29
8
1
0
5
3
4
7
3
10
3
10
8
2
0
0
0
4
3
3
0
0
2
5
2
0
2
0
0
1
0
7
41
15
0
14
14
9
15
25
32
20
4
1
5
11
33
14
3
9
38
42
3
18
2
0
0
0
25
40
0
10
22
6
9
22
21
0
20
36
22
16
32
34
40
17
16
43
33
5
1
2
3
9
29
28
24
9
11
4
2
0
0
0
0
0
0
0
0
0
1
5
2
0
0
1
0
0
0
0
0
0
0
0
0
1
2
4
5
2
5
0
2
1
2
0
0
0
0
0
0
1
0
2
0
0
0
1
0
0
0
0
0
11
17
0
0
0
0
4
3
0
0
1
9
8
4
5
8
4
17
18
4
25
13
5
0
1
8
4
10
9
7
7
4
3
36
65
36
24
44
51
51
65
70
49
48
17
22
34
22
14
2
2
3
6
18
38
3
9
12
11
4
2
7
22
0
18
1
10
13
0
0
4
11
16
2
7
16
35
77
114
160
216
218
240
255
282
256
246
316
372
540
639
753
830
930
1076
1158
1182
1127
1157
1054
951
956
967
920
898
899
845
846
797
774
746
686
654
570
504
448
418
418
374
357
331
258
230
288
335
342
337
331
352
320
229
141
85
83
80
36
49
64
83
119
117
148
212
247
313
276
146
87
68
85
142
139
88
40
17
24
21
71
154
200
202
249
257
336
439
522
618
702
859
1042
1207
1417
1532
1641
1741
1749
1810
1950
2146
2366
2524
2698
2783
2839
2913
2978
3103
3109
3076
2894
2688
2463
2197
1966
1760
1455
985
741
626
489
312
201
193
398
657
819
959
1073
1223
1325
1406
1386
1352
1254
1205
1104
1020
916
803
609
406
316
210
141
95
102
66
74
63
55
39
30
74
49
21
19
38
24
0
7
15
7
3
1
1
7
12
23
12
5
7
0
0
0
0
1
0
0
4
1
1
6
14
0
2
1
0
0
7
2
0
0
1
3
12
16
13
17
13
11
16
19
21
16
15
15
20
28
36
41
44
37
27
11
10
12
20
42
40
32
12
17
22
20
22
18
11
18
10
3
0
0
0
0
7
32
92
76
68
63
74
93
95
107
78
23
25
65
17
18
25
19
12
1
7
11
18
23
15
7
7
14
7
11
2
5
1
0
0
0
0
6
7
15
22
85
125
196
183
98
10
0
0
0
2
12
8
6
7
8
13
15
8
0
0
0
0
11
59
83
86
51
20
1
0
0
2
2
0
1
8
34
40
38
49
66
71
38
0
0
0
2
0
5
38
85
102
86
60
55
60
64
55
34
18
5
2
11
8
16
9
18
15
6
6
1
1
0
0
2
23
22
11
34
51
56
51
20
7
3
2
0
6
15
29
54
47
13
10
65
115
144
132
139
110
95
92
115
58
49
33
13
5
5
0
0
0
0
0
0
0
0
4
4
17
27
28
27
61
123
169
184
240
265
300
276
232
268
252
241
253
213
149
136
162
156
171
154
138
121
98
69
48
42
36
37
30
16
4
1
0
0
0
0
0
0
1
0
0
0
0
0
0
0
0
0
0
0
0
0
0
0
0
1
30
45
19
25
45
51
50
41
38
43
27
15
48
41
22
18
11
6
7
9
0
4
6
5
16
20
8
7
10
2
6
5
18
3
0
22
28
15
26
48
53
88
105
85
59
57
52
52
26
43
8
40
3
14
25
20
14
3
14
31
37
54
91
76
100
116
117
127
179
204
218
274
324
350
341
338
332
322
360
354
359
405
374
380
264
203
128
75
71
124
234
359
455
495
513
538
570
565
489
445
356
247
205
166
145
131
104
69
32
20
14
19
50
61
79
85
77
135
187
291
382
362
413
420
406
401
370
287
209
196
174
113
77
35
15
3
1
0
0
0
14
83
188
393
460
433
350
223
140
108
161
207
222
190
180
130
89
67
91
93
187
237
271
252
158
51
16
11
5
0
0
3
6
11
11
24
47
14
8
10
16
11
20
12
6
0
0
0
0
0
0
0
0
0
0
0
1
17
88
251
390
419
460
472
496
468
435
370
269
170
95
63
59
98
190
258
283
248
191
143
133
112
89
94
128
113
96
133
151
143
34
11
87
200
233
186
129
113
92
81
106
136
159
177
184
159
128
93
76
49
49
44
78
124
168
209
262
290
301
296
269
251
223
191
156
130
195
225
189
160
94
99
101
163
280
358
362
296
241
116
27
50
51
43
20
20
28
66
72
66
50
20
10
2
20
68
120
145
153
133
125
98
124
96
150
150
145
161
156
154
129
97
38
26
9
6
9
16
34
56
68
77
64
57
51
50
74
96
108
68
54
61
62
82
91
116
129
141
115
99
111
86
77
58
25
4
3
6
19
31
47
45
20
24
23
17
23
21
9
6
25
32
35
41
22
1
8
12
51
65
103
149
146
128
74
42
29
47
103
341
699
944
1187
1287
1308
1226
1055
897
947
980
915
880
955
1225
1409
1675
1989
2302
2369
2509
2592
2464
2631
3025
3434
3931
4070
4041
3879
3934
3915
3880
3826
3755
3732
3690
3646
3520
3266
3098
2967
2905
2672
2379
2015
1839
1707
1663
1638
1483
1251
1023
893
765
588
403
326
296
258
231
214
191
146
76
26
11
4
1
0
0
0
0
0
0
0
0
16
28
28
43
59
89
128
175
238
280
269
246
185
167
130
112
116
124
83
50
39
29
28
41
35
7
1
0
3
43
78
35
20
47
41
20
58
144
274
379
380
380
368
324
361
376
409
437
410
488
574
647
667
827
1132
1483
1852
2381
2721
3126
3386
3552
3802
3991
4152
4209
4321
4372
4493
4524
4620
4600
4569
4400
4365
4210
4108
3914
3751
3537
3287
3072
2827
2612
2453
2130
1812
1463
1151
623
421
345
697
1295
1820
2524
3181
3532
3768
3995
4208
4047
3647
3235
2821
2496
2256
2156
2115
1947
1702
1368
1133
914
780
663
584
491
463
503
503
594
630
613
585
451
430
354
369
263
169
124
87
27
8
1
3
3
0
14
14
6
20
23
25
22
17
6
5
2
2
0
25
27
5
20
15
7
4
4
4
2
8
7
11
3
10
3
6
5
2
1
1
0
20
5
0
0
0
0
0
0
0
0
0
0
0
0
0
0
1
0
0
0
0
0
0
0
0
0
0
0
0
1
0
0
0
0
0
9
0
0
0
0
0
0
0
0
0
0
0
0
0
8
0
0
0
0
0
0
0
0
0
1
1
5
17
15
6
24
67
155
293
473
657
887
954
856
685
587
581
601
626
672
756
775
750
654
453
303
350
605
813
1094
1413
1505
1523
1481
1611
1730
1631
1416
1109
903
456
280
339
402
432
466
568
659
722
738
793
816
778
710
597
481
342
185
60
22
7
14
14
32
37
32
8
7
9
25
26
8
3
0
10
0
0
7
1
0
6
31
46
56
66
105
105
109
94
52
26
5
0
0
0
11
15
18
23
21
25
41
47
27
34
45
58
62
57
44
35
10
4
0
4
5
31
87
156
238
315
309
234
134
110
149
272
417
613
824
1014
1167
1280
1295
1298
1239
1120
949
748
567
340
200
59
23
45
93
171
250
345
382
404
440
338
323
228
134
63
42
26
8
2
0
0
0
0
0
0
0
0
0
0
0
0
0
0
0
2
5
0
0
0
0
0
0
0
0
0
0
0
0
8
66
102
140
139
19
220
515
663
769
794
737
612
421
152
48
43
83
156
218
305
347
337
306
325
352
404
387
281
131
16
4
13
101
247
341
440
523
608
461
412
376
325
279
271
226
174
144
156
200
180
164
172
156
203
216
214
233
259
283
290
286
282
191
89
32
23
30
33
63
95
164
207
214
259
230
230
227
194
155
117
88
68
74
67
53
54
43
42
41
40
50
51
78
125
200
226
241
339
514
643
800
888
937
1031
1148
1207
1358
1396
1569
1608
1641
1708
1778
1713
1758
1723
1718
1626
1520
1399
1360
1224
1098
989
830
614
515
305
131
26
8
83
291
643
1022
1458
1741
1997
2215
2402
2568
2709
2764
2886
3003
3031
3248
3347
3454
3550
3548
3516
3534
3572
3553
3482
3333
3213
3109
2912
2650
2371
2067
1831
1532
1200
853
493
222
124
146
376
706
1076
1416
1747
2048
2347
2574
2676
2847
2952
3076
3022
3000
3040
2979
2909
2890
2820
2787
2792
2707
2762
2703
2691
2716
2667
2674
2720
2657
2593
2531
2468
2402
2256
2127
1988
1812
1615
1362
1079
856
613
389
214
93
20
1
7
110
332
668
1006
1284
1589
1818
1989
2210
2318
2437
2499
2590
2570
2665
2684
2625
2605
2565
2641
2577
2532
2489
2422
2320
2254
2223
2088
2012
1892
1789
1708
1661
1535
1497
1441
1323
1330
1224
1187
1128
1016
898
791
652
420
314
218
107
31
0
2
95
213
423
650
965
1153
1441
1670
1932
2156
2406
2608
2772
2986
3129
3314
3557
3696
3790
3810
3835
3811
3824
3736
3760
3534
3513
3353
3132
2880
2503
2122
1676
1249
860
596
446
235
273
860
1529
2069
2535
2944
3134
3487
3707
3894
3998
4024
4119
4147
4217
4155
4096
3999
3850
3681
3549
3418
3249
3039
2686
2370
2128
1757
1443
999
500
235
230
531
956
1633
2307
2827
3342
3720
3975
4229
4319
4401
4473
4405
4322
4249
4243
4089
4058
3985
3824
3663
3562
3414
3022
2546
2238
1956
1591
1268
867
488
319
237
216
180
161
237
408
680
1060
1480
1822
2160
2441
2650
2863
3083
3235
3383
3416
3431
3392
3420
3432
3437
3460
3480
3462
3413
3322
3262
3107
2927
2723
2441
2218
1864
1604
1345
980
650
393
150
86
178
285
512
747
1102
1331
1558
1822
1936
2077
2214
2264
2290
2297
2315
2223
2192
2105
2049
1950
1837
1744
1632
1564
1524
1484
1446
1408
1276
1132
979
866
771
678
591
499
440
299
177
120
44
20
9
0
1
20
84
202
328
436
555
619
657
715
720
778
801
849
836
839
834
833
777
793
844
816
803
772
768
673
619
475
391
315
196
134
96
56
41
6
2
0
0
0
5
5
5
3
10
15
28
28
43
36
36
40
31
43
50
44
61
65
91
79
61
13
26
54
28
25
15
18
21
15
2
2
10
7
2
0
0
0
0
0
2
15
19
32
29
34
31
23
14
8
8
4
3
4
10
7
3
9
8
4
1
16
10
28
28
69
117
180
250
391
537
707
926
1116
1374
1616
1901
2095
2372
2622
2911
3141
3300
3465
3660
3818
3993
4126
4146
4063
3840
3622
3497
3194
2897
2609
2303
2092
1913
1673
1421
1282
1179
1102
1065
1026
967
884
750
591
455
368
282
202
109
39
23
17
20
49
94
103
104
82
21
20
64
148
202
266
246
223
207
163
104
53
56
82
106
130
222
349
504
585
733
814
852
849
815
948
1076
931
809
708
695
559
452
355
237
162
148
151
239
325
353
411
477
511
459
407
359
299
276
226
270
255
289
373
494
573
559
375
317
296
324
333
292
289
298
223
224
282
414
543
631
736
998
1200
1340
1492
1959
2379
2920
3339
3792
4125
4382
4555
4652
4577
4563
4288
4048
3824
3549
3210
2935
2706
2467
2210
1974
1689
1403
1163
970
736
578
477
449
374
321
283
275
264
291
284
279
243
178
158
120
103
67
47
29
46
25
9
1
5
12
29
31
52
44
46
55
61
67
54
45
32
34
37
49
70
71
24
10
8
25
18
15
25
34
44
63
68
59
49
43
30
22
32
51
42
48
146
286
395
292
75
98
136
125
141
135
131
138
129
87
53
52
43
39
74
151
336
575
919
1394
1840
2292
2645
2921
3164
3360
3522
3674
3834
4046
4160
4280
4311
4133
3720
3260
2935
2729
2573
2343
2138
1953
1901
1896
1887
1919
1928
1985
1785
1642
1420
1280
1222
1022
894
699
500
360
311
358
583
2852
1407
1528
1667
1799
1703
1651
1252
875
832
776
925
1231
1301
1007
680
527
420
590
847
1167
1473
1642
1858
2034
2075
2176
2344
2470
2659
2952
3359
3745
4100
4449
4244
4145
3969
3934
3907
3832
3620
3295
3570
3600
3469
3640
3668
3496
3532
3560
3749
3813
3831
3885
3975
4094
4186
4325
4465
4423
4175
3788
3561
3344
3252
3010
2722
2543
2462
2373
2179
2027
1861
1680
1513
1363
1227
1126
937
889
767
639
590
524
437
360
322
315
322
293
267
217
187
182
115
131
90
69
117
178
204
151
59
11
0
0
2
5
6
8
16
15
15
8
1
4
5
4
0
0
0
0
0
0
0
0
6
0
0
0
0
0
0
0
0
3
6
0
1
3
4
2
1
4
7
4
4
14
17
14
48
44
24
24
19
8
8
11
2
6
5
0
2
28
185
515
839
1189
1525
1956
2299
2621
2972
3125
3261
3297
3283
3318
3211
3115
2916
2792
2670
2523
2326
2127
1933
1719
1474
1194
1052
722
433
173
158
375
815
1392
2005
2558
3114
3710
4292
4864
5437
5766
6218
6690
7035
7163
7278
7314
7122
7059
7045
6916
6755
6314
5909
5390
4887
4333
3864
3386
2873
2380
1898
1557
1224
1084
1049
1034
1073
1064
954
878
919
955
835
793
865
821
778
557
511
417
381
315
244
222
217
201
236
183
197
155
104
76
34
14
5
5
9
30
65
126
180
196
230
260
216
138
98
64
46
17
10
8
17
43
70
49
21
9
2
0
1
6
7
4
5
7
1
0
1
0
0
0
0
7
9
0
1
0
0
4
6
11
9
11
11
14
10
19
8
4
0
3
1
4
4
2
0
0
0
0
0
1
3
8
3
0
2
2
0
0
14
29
8
8
6
2
0
0
0
0
0
0
0
0
0
0
0
23
134
395
577
884
1195
1699
2291
2770
3244
3585
3859
4208
4379
4668
4978
5255
5509
5562
5612
5311
4818
4290
3789
3285
2729
2265
1810
1364
1011
960
935
895
680
500
417
425
503
514
446
430
420
404
423
421
372
255
173
188
257
310
333
251
236
203
146
165
77
106
144
262
380
562
643
810
1059
1305
1497
1758
2043
2413
2773
3232
3717
4145
4505
4868
5065
5193
5284
5254
5072
4913
4651
4351
4000
3628
3182
2827
2418
2004
1656
1351
1041
798
616
415
362
252
179
166
172
177
226
283
419
626
881
1027
1176
1300
1293
1261
1190
1100
1003
810
596
345
187
113
60
22
0
0
16
36
61
125
233
343
405
489
514
532
465
459
326
222
164
138
51
42
27
13
25
43
60
63
55
37
29
28
29
23
24
30
18
18
15
21
22
24
17
24
20
31
21
7
8
6
11
35
11
0
16
8
34
92
191
334
559
950
1413
1824
2134
2500
2822
3112
3467
3694
4050
4339
4622
4832
5066
5147
5126
4947
4737
4289
3618
2724
2231
2175
2148
2448
2734
2720
2506
1618
647
485
1106
1447
1316
863
782
926
881
892
698
801
794
620
410
488
529
391
270
210
108
95
52
123
183
280
393
467
587
695
771
812
947
1056
1160
1295
1307
1418
1560
1771
1885
1790
1505
1207
781
323
102
62
169
284
353
446
493
472
496
486
538
582
420
270
325
450
485
446
415
443
408
578
827
1016
1194
1137
1151
1085
1134
1062
959
828
847
729
689
632
592
526
430
275
167
134
205
411
568
782
858
920
922
879
842
722
587
457
318
258
199
162
132
170
165
165
205
260
222
184
154
175
202
263
292
259
202
87
5
26
67
60
35
16
17
46
66
97
137
186
232
288
299
280
253
225
228
258
276
248
234
199
166
89
62
28
22
8
13
10
40
44
49
50
43
47
91
129
193
228
313
380
450
443
448
385
323
235
182
153
117
98
96
66
95
129
98
91
87
72
88
64
11
10
12
1
0
1
5
11
20
32
56
63
65
77
71
72
80
83
99
106
110
112
97
93
56
55
50
34
30
22
14
15
4
0
0
0
0
0
0
0
5
37
61
98
141
231
330
482
723
993
1395
1751
2066
2533
2790
2627
2545
2541
2472
2294
2049
1887
1773
1668
1635
1834
2016
2209
2448
2786
3226
3562
3750
3800
3882
3820
3607
3101
2861
2673
2498
2369
2165
2165
2286
2224
2119
2288
2419
2476
2344
2208
1837
1590
1326
1062
889
786
655
463
284
225
159
185
280
368
387
352
320
354
344
300
247
252
222
171
104
45
38
21
21
25
35
55
102
135
154
138
122
74
37
34
34
35
27
11
8
2
11
10
14
12
17
14
13
9
29
55
90
127
151
133
124
107
91
75
52
40
20
11
8
12
6
1
6
22
30
26
16
13
9
1
0
6
0
9
13
10
27
23
0
0
2
12
16
9
3
8
6
3
0
0
0
0
0
0
1
0
3
6
7
6
4
3
4
18
21
24
27
25
25
28
21
29
33
41
36
11
21
19
21
10
9
11
22
16
6
6
2
8
9
20
16
11
5
10
5
2
11
23
8
3
8
14
5
7
5
99
339
532
636
680
646
615
570
479
403
294
183
123
81
66
23
7
7
13
17
26
25
9
4
5
15
21
11
6
6
14
20
7
4
3
0
1
0
2
5
0
0
2
1
3
1
4
3
8
12
4
0
0
0
2
1
2
5
2
11
32
68
120
192
279
331
361
268
206
120
43
13
8
17
64
207
321
324
304
507
548
308
278
399
286
338
275
179
294
225
404
422
254
183
216
127
161
214
120
113
115
51
81
103
111
92
59
82
89
132
115
31
19
5
3
1
19
35
28
24
9
7
3
11
8
4
16
23
29
38
52
39
35
19
13
5
9
11
5
8
6
1
1
2
3
6
12
25
39
36
22
22
6
7
2
3
4
4
0
0
0
3
8
8
5
8
12
19
25
18
29
25
28
28
19
21
7
1
0
0
0
2
3
2
5
11
10
8
1
4
7
18
23
27
33
29
31
28
31
22
27
35
44
42
27
37
37
34
34
26
19
9
3
0
7
7
4
0
0
1
0
2
4
10
6
3
1
5
2
1
2
7
2
1
12
10
18
21
29
59
213
366
333
433
586
617
510
301
187
163
124
188
99
15
90
119
149
97
63
90
85
155
81
126
106
50
167
80
120
175
64
134
103
42
158
128
60
36
20
33
20
11
3
7
11
14
16
10
14
16
21
34
42
44
22
5
11
20
36
48
39
39
15
18
22
11
10
23
40
9
3
1
12
22
17
7
7
6
12
10
8
10
9
1
0
0
3
8
3
0
10
18
23
28
26
23
17
14
7
9
8
8
9
16
16
13
14
47
59
52
75
120
138
112
116
105
82
65
57
61
57
62
76
70
48
17
11
16
21
18
21
26
26
14
8
5
6
1
7
15
19
36
53
50
54
61
74
79
112
105
112
119
136
140
149
133
92
57
45
27
20
29
38
47
63
79
114
153
202
222
238
279
288
315
314
317
309
299
271
252
243
232
212
219
182
157
101
72
44
19
8
10
2
7
6
4
7
4
0
0
0
0
1
6
23
49
45
49
51
68
85
70
58
30
63
68
76
126
171
130
113
124
89
70
59
50
43
25
14
20
29
21
18
8
2
11
12
10
1
0
1
1
2
4
7
0
0
0
0
1
0
0
0
0
0
0
0
0
1
0
1
2
3
4
4
0
2
0
7
8
16
12
15
14
19
12
15
9
15
5
5
4
2
1
0
3
1
0
5
10
6
5
4
5
0
1
14
36
23
5
17
23
17
10
6
5
3
0
0
0
3
1
0
0
0
0
0
0
0
2
1
14
24
24
18
27
25
45
33
39
52
66
32
27
36
24
15
23
18
11
26
34
37
44
29
19
6
2
0
9
11
9
6
22
30
23
13
8
0
3
0
1
2
0
0
0
0
0
2
2
1
4
1
0
0
0
1
3
9
16
19
22
28
24
14
7
5
6
6
9
27
30
25
13
36
86
255
706
1124
1369
1482
1632
1910
2223
2415
2516
2554
2423
2360
2327
2349
2253
2075
1778
1566
1244
1005
746
563
415
291
407
508
695
907
805
780
852
1058
1392
1604
1759
1712
1618
1417
1138
902
672
485
375
199
112
246
446
781
1138
1271
1313
1363
1383
1257
1062
757
463
332
276
230
355
445
534
684
813
904
986
988
965
1058
1096
1219
1283
1393
1519
1550
1507
1502
1519
1664
1582
1509
1332
1196
999
864
834
730
621
538
444
431
483
615
768
994
1268
1459
1554
1344
1134
996
982
863
726
618
631
682
597
341
272
228
206
123
113
136
234
311
358
305
220
126
78
40
27
38
41
44
41
58
56
56
53
104
141
168
222
208
295
469
592
636
555
464
362
259
199
221
255
259
242
221
166
194
137
107
99
128
129
186
176
185
125
88
67
25
9
8
15
13
29
50
101
284
565
656
618
398
193
110
103
101
70
73
66
78
73
32
24
12
36
59
56
44
44
55
50
68
111
109
106
77
128
95
71
45
31
41
39
20
26
71
100
84
64
68
63
69
65
38
8
3
14
21
37
35
26
37
30
33
15
19
14
26
42
63
94
176
235
284
322
239
145
141
164
199
268
324
300
295
416
485
509
446
392
400
375
328
331
276
190
151
92
106
98
128
148
158
200
246
254
213
208
207
154
99
39
20
61
104
176
160
178
240
296
396
435
460
506
474
422
390
302
192
78
70
83
114
148
176
227
189
137
90
40
70
125
165
198
208
199
217
211
182
172
181
228
215
167
158
112
21
0
5
30
95
151
202
266
302
334
312
270
204
174
240
241
216
180
167
198
190
164
101
86
177
203
220
174
228
219
268
215
186
169
167
168
174
176
220
266
255
168
129
116
116
122
246
363
399
472
420
455
502
509
564
637
662
755
719
594
457
309
205
141
138
123
107
85
80
64
70
98
103
99
101
97
98
103
131
162
227
301
369
415
452
526
647
698
747
734
731
681
548
407
281
242
152
125
98
142
232
256
242
234
223
176
142
83
57
47
76
117
112
104
148
151
191
171
137
89
92
158
225
265
346
400
465
467
576
555
566
620
554
556
494
498
500
468
471
491
518
503
485
455
428
394
333
321
289
251
237
229
250
244
229
205
215
262
311
386
484
523
554
513
527
482
486
452
428
460
508
599
591
500
347
156
68
106
351
637
957
1066
998
1161
1564
2066
2292
2008
1768
1713
1862
2069
2260
2239
2184
2216
2143
1973
1824
1877
1932
1983
1969
1822
1629
1380
1139
828
637
563
542
462
473
494
593
662
751
953
1274
1606
1895
2352
2759
2962
3090
3253
3395
3482
3443
3484
3268
3160
2908
2696
2469
2228
2034
1808
1651
1470
1315
1314
1268
1280
1350
1515
1431
1518
1428
1224
1172
1333
1448
1203
733
504
332
324
300
313
351
316
142
12
102
323
549
717
837
343
284
468
593
835
1053
1614
2238
3109
3421
3589
3718
3818
3838
3898
3575
3696
3984
4290
4419
4338
4351
4030
3531
3149
2596
1863
1242
1315
1207
1194
1368
1323
1090
1031
853
793
588
534
452
364
345
341
309
277
228
276
314
344
412
418
454
481
537
409
351
279
192
148
193
145
219
338
308
201
150
198
267
223
132
108
212
352
435
487
507
595
613
539
391
235
235
225
259
252
185
183
270
375
395
398
340
386
436
399
309
225
134
96
85
158
259
353
442
446
386
325
401
507
675
1131
1436
1398
1278
1236
954
510
216
103
240
246
127
97
127
104
57
44
87
74
60
60
176
332
339
297
217
159
106
102
129
143
112
117
96
90
68
105
211
346
324
169
157
213
190
116
91
131
181
342
533
501
189
156
158
109
148
149
104
96
148
99
86
84
103
175
202
170
67
51
85
177
280
354
268
158
110
172
253
255
230
218
201
201
235
147
103
169
209
294
3874
124
123
157
5229
236
261
297
312
319
387
460
639
866
1170
1368
1558
1724
1880
1994
1867
1597
1655
1586
1315
1108
1103
763
495
298
253
301
313
321
323
377
587
759
792
835
934
963
934
828
769
703
593
480
362
202
132
58
42
103
179
199
214
324
486
434
271
180
163
196
241
265
256
293
321
342
378
380
338
116
193
277
300
254
189
192
227
204
156
149
226
264
325
342
239
134
91
98
78
64
44
41
83
141
147
90
81
72
50
48
137
200
246
240
146
136
124
99
82
103
112
137
139
142
159
142
97
66
37
105
164
233
314
372
437
426
402
340
296
198
115
122
75
55
63
146
211
383
524
773
915
1161
1420
1682
1842
2088
2240
2380
2502
2621
2799
3062
3252
3540
3765
3978
4281
4487
4669
4971
5274
5487
5490
5236
4745
4284
3857
3621
3484
3404
3296
3191
2958
2786
2494
2209
1882
1647
1515
1546
1534
1434
1261
1207
987
792
486
378
338
342
283
185
212
209
218
218
225
231
205
218
263
248
271
340
458
473
339
144
122
127
114
148
121
120
167
185
272
362
329
186
173
285
395
514
551
560
557
509
342
221
174
172
154
87
41
21
29
45
85
105
123
145
150
152
142
163
211
271
338
378
301
160
164
120
154
273
305
290
233
223
188
162
112
62
46
81
169
228
191
127
107
220
264
333
375
383
366
364
406
483
575
613
622
479
234
207
157
98
86
64
116
242
370
406
350
267
221
202
160
129
140
159
179
199
219
223
190
199
290
293
250
136
47
20
42
96
80
77
114
220
347
416
514
564
601
616
659
827
879
664
613
664
629
633
567
434
399
306
242
217
208
142
208
279
205
222
217
161
158
214
228
308
335
292
196
180
150
182
189
243
272
237
204
232
238
220
241
264
299
264
249
275
246
249
217
222
182
102
103
223
355
438
510
573
620
689
702
823
840
727
563
354
327
369
473
491
397
347
294
347
452
545
574
601
503
364
269
331
364
325
215
183
131
91
92
86
69
63
62
42
44
58
97
153
170
168
124
183
300
291
180
126
27
1
26
24
10
9
25
56
75
142
182
174
178
187
187
196
267
314
341
387
404
454
532
540
594
630
652
732
774
751
799
819
818
902
990
1057
1073
1095
1070
986
898
785
671
602
508
461
422
427
409
352
238
189
181
156
161
148
116
120
138
122
96
74
61
68
117
203
312
427
536
611
654
618
567
511
525
518
530
509
407
294
164
105
52
63
84
137
211
241
304
354
433
544
636
664
698
720
718
641
557
444
277
152
93
84
108
147
547
845
615
149
157
229
210
169
185
263
360
405
469
509
483
464
428
368
245
251
406
438
479
488
501
502
506
463
443
389
371
364
450
519
582
634
660
752
701
574
326
279
618
1036
1277
1367
1373
1379
1415
1464
1531
1722
1999
2499
3150
3589
3866
3953
4276
4401
4320
4212
4149
4205
4291
4324
4245
3989
3850
3522
3085
2811
2532
2400
2285
2344
2328
2234
2157
1977
1873
1820
1868
1869
2092
2395
2379
2013
1556
1184
981
699
565
373
273
248
376
492
610
559
389
310
345
587
788
758
700
668
548
542
546
655
614
574
510
528
402
350
435
530
634
586
599
505
509
346
247
235
241
290
330
299
219
193
192
222
278
273
239
245
208
150
228
230
295
295
261
250
177
121
121
139
148
122
79
62
71
141
195
233
328
301
211
200
140
56
57
68
100
157
139
92
70
83
70
81
80
66
43
22
22
38
68
94
105
191
226
279
230
158
175
207
204
264
196
110
166
222
262
322
335
463
483
560
564
596
532
298
131
63
46
46
52
241
373
502
642
637
608
528
498
498
533
590
588
572
504
411
248
279
364
394
409
375
503
637
754
804
601
527
582
618
640
572
603
598
523
445
441
593
756
874
958
939
817
772
731
781
912
952
858
673
527
550
689
859
1165
1383
1501
1547
1504
1397
1338
1188
1017
976
922
818
871
808
696
667
735
709
583
517
494
398
201
142
303
392
478
433
487
620
786
830
886
840
753
851
1078
1242
1302
1374
1409
1303
1137
1009
916
780
660
560
581
751
931
1164
1310
1406
1323
1277
1348
1416
1614
1887
2152
2374
2540
2713
2787
2767
2801
2929
2966
3067
3435
3619
3815
4025
4135
4004
3771
3697
3807
3843
3919
4142
4408
4849
5379
5860
6206
6243
6210
6227
6002
5986
5981
6000
5925
5913
5872
5773
5632
5484
5133
4668
4114
3675
3293
3083
2847
2497
2124
1810
1632
1380
1274
1238
1065
797
584
423
384
384
401
500
598
690
844
983
1175
1498
2024
2544
2970
3395
3868
4029
4075
3963
3975
3783
3663
3508
3435
3481
3515
3860
4240
4363
4200
3963
3824
3563
3517
3488
3455
3224
2593
2225
2572
2865
2854
2727
2493
2260
2106
2015
1831
1635
1400
1112
946
858
878
934
979
1098
1073
1105
1122
1059
881
936
941
914
857
761
675
577
490
378
345
285
272
302
363
418
465
481
461
379
336
275
207
131
101
35
38
91
194
340
470
417
292
247
156
81
81
98
130
147
154
189
265
486
953
1315
1364
1265
1177
1050
820
550
411
356
321
315
302
316
381
453
543
490
406
328
275
262
255
273
221
192
235
404
498
511
394
236
158
148
87
52
79
116
128
172
265
463
653
749
773
781
831
905
965
1032
1177
1343
1421
1255
1268
1003
821
704
662
466
387
426
401
436
369
230
97
36
31
58
91
91
99
155
156
136
163
232
316
529
758
1139
1357
1527
1600
1375
1199
1194
1219
1304
1231
1078
1080
1579
1833
1896
2265
2569
2877
3234
2970
2193
1128
753
1145
1535
1700
1695
1844
2001
2212
2130
2056
1646
1202
847
557
665
824
785
644
639
644
785
934
900
940
718
473
639
821
716
552
403
265
218
323
308
309
253
136
148
156
121
66
22
80
95
96
72
39
11
7
16
3
40
97
160
209
271
306
383
488
562
672
879
1210
1511
1921
2323
2591
2906
3118
3341
3569
3714
3843
3956
4098
4169
4282
4361
4424
4452
4543
4570
4573
4519
4368
4152
3828
3475
3109
2750
2496
2215
1882
1483
1126
872
640
451
443
476
501
544
538
450
388
492
535
553
522
486
469
398
326
195
136
103
78
66
42
75
214
398
571
728
870
868
623
654
710
785
909
802
277
488
711
754
490
344
791
1025
754
336
504
726
891
378
481
657
727
662
461
716
1053
1169
559
684
904
927
555
430
877
1158
916
431
576
803
607
406
433
934
1291
1008
616
192
454
609
835
961
840
263
386
516
591
514
476
415
367
360
408
371
565
835
952
804
666
567
517
686
895
1113
1276
1261
1080
548
601
1048
1322
1476
1589
1429
1250
957
729
582
869
1191
1351
1439
1109
682
830
747
760
1059
1077
960
929
685
936
1357
1528
1458
1259
684
236
186
91
103
352
352
311
213
176
218
450
788
1000
1134
1134
955
749
756
800
735
962
1049
1100
966
702
356
307
412
314
279
250
235
229
284
176
120
82
54
179
330
496
715
825
684
709
689
707
795
792
700
505
565
384
273
175
138
169
108
69
132
244
314
381
571
669
568
521
448
703
1020
1269
1145
899
721
921
864
788
834
1054
852
896
775
619
453
443
345
357
244
203
203
162
139
94
149
262
235
242
192
105
67
79
102
287
547
707
652
556
472
408
379
402
332
385
419
487
462
416
434
410
313
254
182
143
137
181
348
457
467
464
670
732
735
849
926
1040
1108
1316
1589
1944
2466
2910
3601
4120
4354
4701
5128
5619
6018
6155
6091
6177
6322
6128
5986
6026
6018
5741
5424
5210
5062
4901
4789
4575
4419
4446
4196
3895
3441
2977
2727
2814
2763
2544
2171
1833
1727
1596
1665
1490
1375
1256
1159
966
884
748
705
636
598
437
367
368
381
536
497
465
392
285
213
178
137
112
86
76
56
59
47
48
49
57
93
147
83
81
87
91
66
31
20
27
57
66
62
90
58
30
26
31
36
48
34
48
29
23
25
47
27
26
42
58
90
80
43
30
26
10
4
21
37
45
87
85
27
19
26
39
57
78
98
116
107
102
76
61
41
22
28
37
41
34
41
33
48
83
71
46
36
46
52
47
55
53
55
74
64
83
67
68
63
62
67
93
84
82
97
128
122
77
53
60
73
77
71
54
42
12
23
29
9
15
16
18
50
86
121
166
216
194
184
225
205
200
222
201
179
141
139
149
181
190
194
223
235
237
168
104
100
88
108
105
128
104
58
33
42
91
90
72
67
86
100
72
13
31
94
129
143
175
210
252
249
250
259
260
278
217
169
104
68
53
44
48
41
67
155
208
246
249
267
224
151
110
78
76
93
119
118
137
196
194
166
150
154
161
171
150
103
83
175
252
291
386
367
455
540
581
686
755
1039
1229
1708
1966
2395
2715
2897
2975
2775
2551
2070
1670
1435
1085
894
744
697
587
538
654
698
918
1125
1163
1057
1031
970
803
667
429
259
306
367
454
473
487
422
381
306
244
173
84
64
57
85
90
156
189
207
188
173
188
203
259
234
340
351
308
383
408
490
614
820
1115
1293
1395
1463
1675
1671
1592
1432
1315
851
778
984
1047
1215
1491
1719
1872
1876
1987
1992
2030
1938
1678
1316
821
483
297
198
162
125
55
16
39
49
67
66
17
10
26
23
22
52
106
130
117
71
17
8
14
30
29
100
187
303
358
314
229
95
44
92
166
211
205
212
124
72
121
147
98
45
45
136
268
374
472
609
836
1009
1118
1127
1271
1329
1457
1530
1403
1306
1357
1334
1145
1160
1216
1142
1099
1034
863
799
700
705
650
667
578
536
469
536
817
1188
1310
1261
1200
1183
1307
1602
1842
1937
2055
2138
2249
2251
2248
2172
1869
2230
2274
2166
1929
1778
1472
1024
704
325
220
664
941
1157
1227
1132
746
480
265
418
434
415
354
236
141
95
277
373
406
389
321
199
128
95
60
57
53
42
106
149
121
95
79
66
28
2
7
27
56
95
171
212
221
251
260
232
139
60
120
210
240
273
297
266
191
158
129
108
88
88
61
61
50
73
63
92
88
44
31
42
86
150
139
84
89
31
14
14
3
39
62
100
73
155
175
93
28
58
95
101
133
114
109
118
130
151
141
139
132
95
98
153
128
78
70
102
112
103
130
149
216
343
506
500
506
529
562
551
552
618
695
792
743
731
729
669
597
557
433
255
154
174
217
266
386
332
103
62
89
82
122
167
164
257
389
397
404
399
395
383
320
307
320
419
703
1033
1365
1598
1981
2145
1972
2119
1846
2119
2383
2439
2328
2068
1585
1090
716
405
244
254
234
221
172
211
266
255
173
75
8
12
19
48
60
66
27
8
30
45
36
8
1
8
57
84
94
89
47
35
16
7
9
6
5
8
11
17
13
23
18
21
18
25
18
4
0
0
0
0
6
5
8
10
44
73
51
36
42
66
138
157
165
183
210
252
275
315
403
515
690
919
1226
1557
1978
2277
2630
2936
3167
3361
3511
3714
3864
3869
3827
3813
3746
3704
3574
3615
3482
3298
3160
3114
2823
2478
2096
1634
1276
943
588
361
472
657
842
953
1081
1232
1248
1283
1135
985
833
660
443
270
282
318
389
364
355
368
397
424
424
379
396
394
325
287
297
333
332
325
373
586
1045
1473
2044
2802
3330
3675
3916
3997
3752
3367
2916
2649
2523
2644
2860
3057
3283
3391
3709
3825
3858
4138
4120
4380
4433
4227
3599
2706
2295
2596
2225
1715
1513
1607
1679
1671
1795
1914
2153
2441
2724
3103
3420
3979
4502
4957
5277
5422
5575
5719
5783
5900
5999
6215
6412
6669
7173
7547
7590
7653
7563
7507
7128
7033
7043
7133
7162
7100
6865
6606
6356
5779
4709
3789
3478
2827
2135
1722
1700
1968
2488
2838
3504
4041
4504
4714
4345
3786
3885
3940
3561
3548
3658
3375
3363
3001
3144
3346
3188
2856
3141
3280
3225
3122
2786
2411
1824
1316
1101
954
759
471
320
269
236
234
204
151
90
145
107
69
52
56
17
80
207
278
295
254
187
118
20
6
13
44
89
101
82
94
126
118
71
13
17
17
13
26
32
92
123
194
152
137
218
207
182
134
151
128
96
43
14
53
46
61
176
231
131
83
141
200
222
188
111
101
176
211
207
157
48
20
58
98
119
92
138
144
217
318
361
307
344
279
205
187
83
45
57
114
121
136
164
94
75
57
114
145
168
156
177
175
176
170
144
170
214
136
111
115
83
23
1
2
9
49
113
250
219
100
27
89
204
201
139
148
175
231
206
190
112
29
35
62
30
12
4
12
50
110
123
119
101
88
67
24
9
13
39
101
91
71
30
94
174
230
194
58
0
0
7
54
120
159
241
364
402
383
319
162
108
124
156
200
303
262
135
59
66
37
68
59
71
81
148
121
66
3
1
29
53
88
48
19
8
1
1
0
1
9
33
38
28
12
5
8
4
3
0
4
2
68
93
62
75
80
16
11
7
1
9
7
2
18
3
5
3
0
0
2
13
11
22
22
20
5
8
10
59
65
26
11
5
0
0
0
1
9
34
61
169
260
172
122
182
250
235
245
181
144
117
58
30
63
163
203
204
192
136
96
91
76
44
168
309
440
324
237
115
39
39
24
15
56
166
184
103
37
23
19
27
39
54
50
42
25
70
145
151
91
37
16
16
18
12
31
87
84
60
70
22
18
13
22
39
56
57
52
61
94
126
136
104
95
47
17
14
21
13
4
12
74
205
296
214
80
60
93
202
222
182
101
56
2
0
2
10
18
14
47
99
191
322
440
504
569
575
555
522
525
558
626
709
853
860
801
667
488
368
261
129
246
344
345
360
231
70
118
88
156
271
355
443
423
276
118
15
48
43
10
2
6
49
84
174
201
116
23
54
124
258
445
602
552
421
334
293
220
194
228
231
286
404
452
538
765
1151
1650
2134
2734
3143
3553
3978
4314
4429
4498
4509
4502
4536
4614
4864
5010
5240
5499
5482
5525
5365
5135
4799
4416
3872
3356
2766
2303
1816
1419
1123
885
766
651
560
455
492
662
894
1064
1218
5904
1028
1031
1046
1164
1195
1362
1350
1258
1097
1045
990
986
1093
1204
1406
1582
1430
925
430
419
423
353
335
343
375
383
482
511
481
553
627
707
763
928
1081
1081
958
732
419
198
75
28
36
73
161
319
330
268
236
406
521
634
689
591
399
294
395
331
220
120
28
21
48
85
94
181
223
300
416
633
807
1079
1342
1630
1979
2264
2605
3044
3361
3893
4341
4758
5194
5545
5926
6149
6370
6444
6497
6303
6075
5782
5590
5403
5159
4835
4508
4215
3909
3583
3192
2910
2678
2213
1906
1502
1394
1236
1103
935
667
523
468
586
607
621
625
765
782
492
215
158
281
328
357
364
331
290
438
677
805
984
1267
1451
1215
395
329
438
336
434
535
631
666
751
791
987
1164
1192
854
794
905
946
1056
1058
980
816
740
688
499
281
245
263
247
149
89
84
103
94
103
131
124
108
99
69
67
96
68
106
141
133
92
102
98
92
68
86
73
48
69
40
94
131
99
70
88
136
126
61
47
73
47
31
40
37
48
77
221
375
360
255
92
39
57
55
41
28
38
41
33
31
46
62
75
97
119
133
196
222
132
58
140
131
70
112
128
129
246
355
273
95
108
144
118
22
30
78
65
91
99
37
60
97
108
133
112
112
150
150
103
107
81
97
84
36
12
3
43
108
73
49
42
49
23
4
0
3
39
108
167
121
49
53
102
116
144
141
90
67
74
145
245
424
538
572
588
487
368
229
184
175
193
171
207
245
269
378
526
684
940
1146
1420
1723
2031
2306
2570
2686
2724
2745
2708
2685
2610
2462
2094
1618
1286
1215
1155
1153
914
974
1009
1125
1094
1054
1046
1022
1018
1017
858
652
411
308
451
713
831
841
1060
1029
956
712
612
639
562
429
506
523
400
250
251
397
391
369
355
341
314
296
294
377
449
467
380
321
298
345
338
434
631
705
665
540
369
209
98
37
93
179
185
202
193
193
179
158
151
149
220
231
201
143
98
54
91
179
221
205
180
155
152
126
94
97
95
67
80
109
158
199
194
139
130
141
142
94
14
8
29
23
36
67
113
140
191
219
276
374
460
516
541
539
465
522
489
403
504
657
869
1150
1252
1367
1325
1277
1211
1202
1234
1205
1207
1040
905
704
583
536
567
485
439
427
500
565
513
421
209
101
208
291
315
329
407
513
581
545
471
461
418
397
435
430
372
265
191
138
91
89
77
135
96
150
191
236
283
274
267
207
165
182
241
172
184
108
45
51
65
66
168
343
421
463
381
259
192
137
128
131
116
103
111
116
125
167
197
239
314
312
274
261
233
252
382
541
752
918
1211
1542
1889
2259
2605
2819
3083
3543
3897
4196
4416
4755
5117
5300
5675
5954
6502
6886
6907
6879
6688
6146
6002
5443
5050
4233
3394
2680
2182
1792
1771
1658
1509
1446
1332
1272
1162
1165
1221
1211
1167
1184
1173
1196
1112
893
683
548
570
535
475
443
430
366
419
541
743
797
840
963
1056
1070
1103
1177
1281
1330
1380
1395
1353
1268
1055
701
522
292
233
292
193
183
166
150
174
173
190
204
191
148
86
82
83
98
115
60
21
15
10
3
1
0
0
0
1
0
1
1
11
12
27
32
34
37
38
38
41
35
7
9
18
24
8
6
13
25
62
146
239
303
324
333
292
280
170
63
25
18
5
6
21
8
26
68
104
119
123
123
184
365
447
381
676
859
953
972
934
708
587
532
520
505
527
455
357
250
181
145
191
116
119
104
76
105
114
96
83
77
50
39
22
7
2
8
82
92
77
31
18
6
5
4
7
1
12
7
2
6
12
9
0
1
30
63
137
236
274
253
90
207
302
287
260
163
418
581
690
673
556
470
472
589
723
695
649
696
470
315
241
190
220
226
161
133
141
138
100
80
59
51
54
34
57
52
55
34
35
50
64
79
85
72
70
44
27
51
47
33
24
13
10
28
48
39
42
26
55
73
91
78
99
127
142
149
154
175
203
185
147
114
75
40
28
65
128
178
196
226
240
231
201
118
20
35
79
94
61
16
9
16
12
18
12
19
27
40
25
12
8
30
82
145
185
244
281
311
363
394
375
292
263
121
154
260
336
393
326
317
178
70
90
102
50
31
16
44
38
33
33
24
24
15
1
1
6
4
3
1
0
34
122
164
176
160
177
151
162
200
208
174
147
246
308
292
243
278
178
105
109
157
212
248
249
225
94
298
345
440
459
466
365
284
186
132
98
77
131
135
96
49
30
8
8
32
172
296
484
749
1125
1168
1224
1001
902
587
477
495
464
576
622
611
688
516
501
485
329
284
88
28
120
146
102
43
12
12
21
38
44
21
0
2
13
30
26
11
14
11
4
4
4
20
18
18
5
0
7
3
4
7
7
6
32
22
8
9
61
158
155
139
194
276
300
272
127
130
243
264
187
187
339
354
345
312
241
237
257
260
278
261
242
210
132
165
171
130
62
47
80
57
28
5
0
10
14
28
79
41
53
58
94
160
166
114
35
49
185
296
331
308
322
332
290
256
270
279
253
240
183
116
38
21
41
31
5
8
18
19
2
0
1
0
0
0
0
0
10
60
116
184
239
265
251
229
196
128
119
93
75
129
217
296
400
382
332
331
381
397
378
393
384
339
230
77
176
203
165
58
15
8
19
29
37
32
32
33
14
2
0
0
0
0
0
2
3
0
0
0
9
88
144
153
159
169
197
246
296
337
445
587
799
960
1026
1200
1209
897
575
815
804
378
484
455
484
425
245
118
41
29
32
46
11
3
3
8
9
7
18
47
80
98
101
93
54
20
1
2
37
15
0
8
8
7
16
8
10
13
16
25
27
29
53
44
36
20
17
4
0
0
2
3
0
0
0
0
0
0
0
13
36
48
66
99
124
114
82
63
111
230
446
679
744
763
796
778
719
609
522
274
178
113
92
78
36
29
36
62
144
147
94
110
119
131
74
83
59
77
90
143
151
181
144
72
67
94
84
60
67
86
119
182
165
161
153
122
110
108
117
157
111
132
170
219
268
275
255
364
509
596
543
467
312
144
113
386
689
910
1252
1246
1180
1469
1610
1452
1163
794
522
370
183
122
173
228
230
158
139
168
329
432
544
439
417
459
443
352
202
73
45
77
154
214
271
343
358
415
443
470
522
629
705
722
774
771
780
748
713
707
691
713
740
726
711
622
540
505
387
310
262
274
241
215
298
305
312
339
257
467
570
605
567
596
535
517
480
389
263
199
214
234
240
198
169
123
92
67
55
45
59
84
93
150
141
191
265
414
543
594
620
557
481
397
287
228
200
175
150
143
152
147
170
214
180
146
123
114
91
62
28
22
14
8
13
4
2
4
0
3
7
10
10
13
8
3
4
0
0
1
3
1
5
4
9
20
19
32
26
15
4
6
18
67
134
215
302
470
637
699
734
663
510
347
195
167
180
140
147
173
236
354
426
417
454
520
530
436
384
350
378
363
320
255
244
321
391
375
196
35
50
194
393
472
505
475
458
427
383
345
294
247
245
309
407
410
240
131
179
464
895
954
848
617
285
139
167
454
664
784
680
382
66
138
560
765
694
430
125
89
337
817
1053
1100
862
414
87
119
455
734
637
488
225
110
287
547
744
829
704
548
522
686
1089
1453
1535
1602
1703
1873
1901
2090
2264
2583
2945
3277
3773
4258
4905
5491
5935
6458
6708
6787
6894
6878
7032
7272
7441
7543
7794
7812
7847
7910
7889
7795
