1339
378
1282
630
3821
2803
3328
4935
2638
5221
5142
14828
201
388
350
414
422
434
424
409
390
379
329
377
396
325
308
304
256
241
172
139
93
41
32
5
3
2
0
0
0
0
0
11
17
41
64
87
97
133
147
130
152
119
131
142
137
125
144
149
152
205
276
411
997
1739
1803
1108
627
319
220
246
163
160
148
102
83
106
132
68
41
18
11
1
5
2
7
9
8
0
0
5
10
0
9
87
24
5
10
97
96
51
157
582
710
482
329
608
866
935
788
730
785
863
898
794
951
963
978
1067
979
944
912
918
875
792
868
870
848
862
731
614
554
444
376
335
283
238
177
126
79
341
654
591
356
68
23
107
132
135
127
202
211
347
562
565
667
785
850
829
808
766
668
560
460
469
391
428
512
480
449
562
597
497
453
388
323
263
194
131
130
66
12
8
31
44
43
49
78
56
17
3
10
12
3
33
89
69
45
117
124
81
32
15
72
154
257
304
323
281
293
285
258
179
167
171
230
336
388
325
289
289
284
255
261
207
159
120
103
79
52
40
23
24
18
34
23
19
60
132
208
118
28
0
11
13
35
82
231
527
868
1027
957
1212
1651
2105
2383
2787
3125
3470
3537
3595
3563
3343
2864
2447
2060
1629
1235
1016
705
396
278
349
433
505
453
475
403
394
467
478
326
220
151
468
846
944
785
435
252
566
664
804
1060
1312
1623
1889
2069
2048
1763
1425
1002
675
477
339
248
193
251
273
241
178
75
39
48
55
28
24
15
8
33
56
23
55
112
120
140
90
54
57
97
101
137
149
255
515
697
665
516
603
587
518
424
383
248
161
130
130
161
241
287
318
315
277
232
218
241
296
202
105
106
70
51
41
32
30
56
67
62
64
86
68
57
50
43
46
47
30
39
63
37
27
39
51
25
11
45
56
74
80
98
119
151
164
119
41
160
156
58
74
129
82
37
65
125
146
104
90
94
76
38
24
11
16
27
29
18
25
23
25
31
35
36
76
96
87
129
374
384
186
123
316
198
42
106
89
37
132
383
589
541
289
161
186
343
441
526
502
272
31
34
160
272
322
368
275
153
150
220
307
252
203
71
45
133
281
329
298
164
85
44
74
188
239
238
186
78
81
205
215
184
186
173
74
116
123
104
70
25
17
13
26
1
13
40
99
72
46
3
38
49
27
46
55
65
28
6
15
26
81
217
537
111
122
184
221
234
163
133
112
98
124
256
291
149
85
79
55
65
44
27
49
21
15
13
22
11
7
5
1
3
2
4
7
7
8
10
6
2
2
4
4
1
8
26
17
19
22
27
29
37
35
25
12
3
51
93
143
155
130
103
97
91
76
81
138
161
149
75
33
14
4
6
0
0
2
0
0
2
10
16
23
42
54
45
64
95
108
107
107
153
185
240
396
670
884
638
258
131
51
44
66
49
34
33
40
39
39
32
28
40
33
33
46
70
73
63
55
31
12
6
14
22
17
8
6
6
7
7
8
6
4
5
3
0
2
1
1
2
1
3
10
16
30
31
37
53
119
118
120
122
124
109
81
85
88
123
147
139
59
32
21
15
29
70
74
34
29
60
82
50
42
47
87
141
145
174
205
176
115
185
262
164
88
70
105
109
71
71
108
129
129
106
93
98
103
107
73
43
37
36
12
0
0
0
0
0
0
1
7
42
64
103
116
147
194
212
227
219
222
170
170
110
94
59
26
23
23
20
4
2
9
28
37
45
65
82
129
160
127
46
12
37
312
479
614
740
843
707
366
97
57
68
97
107
88
57
45
38
28
18
0
0
8
24
33
58
96
123
135
165
234
283
243
211
245
232
172
111
121
95
62
43
21
17
10
9
16
14
2
2
2
12
30
51
98
96
94
86
72
38
19
17
16
27
41
48
55
63
159
397
672
1021
1452
1761
2082
2463
2532
2545
2309
2144
1776
1280
808
480
501
687
789
658
537
579
687
835
822
653
487
579
788
916
1077
1082
886
594
452
283
208
149
113
61
34
26
17
13
10
10
25
17
2
0
0
0
0
0
0
0
0
5
1
0
0
2
1
8
28
24
22
39
38
44
37
28
20
13
15
5
4
0
0
0
0
2
11
15
12
10
7
4
5
4
2
0
0
0
0
0
0
0
0
0
0
0
0
0
0
0
0
0
0
0
0
0
0
0
0
0
0
0
0
0
0
0
0
1
2
2
2
14
22
27
24
27
15
16
15
32
45
134
230
396
557
616
753
923
920
1068
1055
1176
1257
1385
1440
1515
1641
1671
1821
1897
2029
2092
2150
2301
2361
2328
2372
2452
2400
2387
2472
2597
2724
2826
2887
2975
3045
2955
2745
2407
2068
1953
1868
1744
1649
1599
1679
1612
1523
1479
1394
1314
1206
1147
1311
1656
3232
2415
2908
3313
3133
3007
3299
3873
4270
4278
4286
4578
4812
4878
4981
4916
4880
4657
4478
4427
4364
4267
4173
4132
4081
3978
3894
3817
3644
3559
3439
3318
3133
2966
2782
2607
2395
2114
1926
1775
1742
1640
1584
1503
1520
1566
1528
1388
1079
796
616
869
1226
1686
2114
2487
2775
3019
3270
3386
3385
3391
3389
3354
3381
3413
3295
3178
3108
3017
2869
2656
2553
2466
2312
2135
2003
1911
1815
1734
1580
1184
953
758
409
147
33
8
16
68
144
269
464
575
670
726
809
879
879
807
829
766
750
771
642
573
529
462
374
340
292
257
211
292
240
150
84
91
153
116
116
124
167
224
189
277
405
360
322
283
208
189
196
176
198
185
197
167
77
36
66
348
634
700
664
649
766
838
533
316
220
164
184
264
197
107
33
40
143
124
13
35
57
15
16
43
10
19
4
3
49
65
24
1
5
12
18
15
27
67
134
183
269
338
442
455
472
512
568
601
571
564
578
517
453
328
266
244
237
204
137
63
27
37
28
17
15
25
38
31
24
9
2
1
1
1
1
2
10
20
41
38
16
47
85
174
322
503
623
744
582
322
237
316
344
386
428
479
430
410
363
313
285
204
192
157
142
98
55
40
33
30
47
56
138
141
114
21
12
40
55
82
67
76
96
97
99
56
37
54
82
136
223
193
250
372
425
413
437
482
528
588
654
660
749
855
887
931
981
1005
1045
2414
1100
1094
1117
1057
991
986
939
760
685
581
337
183
49
20
29
29
47
96
170
319
498
595
733
848
978
1093
1169
1255
1357
1367
1423
1509
1499
1458
1579
1699
1647
1586
1564
1539
1475
1467
1511
1480
1577
1721
2019
1992
2003
1877
1859
1764
1491
1489
1400
1284
1205
1132
1102
990
848
659
432
112
12
16
80
178
399
654
876
994
1205
1331
1374
1477
1617
1703
1770
1797
1756
1804
1832
1910
1917
1915
1910
1880
1910
1909
2020
2119
2227
2280
2344
2331
2286
2253
2237
2201
2249
2139
2058
2024
1936
1818
1659
1520
1259
1057
848
489
146
57
339
952
1345
1634
1832
1991
2132
2313
2468
2515
2572
2725
2827
2870
3011
3078
3126
3124
3077
2956
2878
2673
2586
2565
2450
2280
2142
2008
1852
1690
1555
1392
1176
1041
780
577
286
155
171
166
137
106
278
470
608
703
897
944
1057
1106
1184
1213
1230
1235
1246
1248
1223
1252
1182
1122
1055
1004
951
975
890
869
743
675
618
567
540
469
377
334
258
224
140
103
88
73
51
26
14
16
7
7
17
32
18
22
12
39
35
195
176
72
43
22
19
82
139
132
24
38
28
24
35
36
47
46
33
24
18
53
298
730
1515
2141
2416
2487
2460
1906
1204
792
811
1004
875
786
867
620
490
450
797
738
537
320
270
96
148
200
173
144
89
108
268
313
263
270
241
236
273
312
338
304
227
107
95
268
316
306
313
301
319
306
288
280
299
228
234
317
356
412
417
396
364
380
427
528
671
637
933
1240
1415
1518
1749
1601
952
873
941
870
823
890
886
899
887
883
840
758
845
763
710
585
397
236
181
122
87
30
19
28
50
166
357
527
703
874
1060
1129
1320
1546
1690
1777
1805
1760
1693
1704
1686
1679
1614
1641
1652
1799
1872
1831
2016
2306
2513
2594
2525
2281
2103
1922
1735
1600
1480
1426
1370
1400
1361
1359
1365
1132
710
391
485
687
756
835
995
1048
1152
1281
1395
1492
1612
1644
1677
1672
1701
1833
2045
2072
2196
2369
2461
2395
2467
2368
2208
2226
2426
2508
2521
2620
2651
2561
2373
2204
2071
2094
2093
2018
1844
1668
1555
1478
1370
1062
890
552
122
451
974
1634
2314
2564
2559
2338
2289
2139
1835
1455
1402
1597
1653
1422
1103
1164
1213
1162
1079
911
753
701
941
1031
945
967
838
708
619
478
405
362
256
168
148
170
235
523
1096
1830
3009
4088
5086
6249
7011
7401
7456
7258
7085
6786
5730
5062
4843
4435
3938
3528
3031
2646
2304
2005
2112
2795
3146
3420
3604
3893
4193
4512
4004
3276
2664
2694
2780
2325
1480
777
1095
1381
1420
1271
864
586
413
221
140
152
104
70
73
59
41
64
88
39
20
20
16
16
34
46
35
11
1
4
29
87
122
122
103
38
77
132
125
56
42
67
143
209
384
613
1289
2064
2971
3220
2447
1515
847
1072
1926
2612
3290
3462
3239
2552
1932
1567
1566
1784
1598
1519
1442
1226
971
763
734
658
593
460
358
263
148
61
19
18
84
244
785
1174
1437
1846
2102
2388
2614
2752
2956
3064
3221
3423
3613
3583
3596
3622
3534
3438
3249
3169
3025
3004
2888
2740
2568
2418
2306
2129
1998
1834
1692
1409
1196
886
465
134
26
52
278
618
969
1305
1568
1951
2164
2428
2789
3066
3305
3545
3734
3984
4146
4345
4574
4729
4874
4848
4978
5069
5016
5116
5033
4925
4759
4662
4424
4183
3937
3629
3306
3025
2730
2290
1866
1497
1069
561
261
168
453
1046
1623
2006
2549
2872
3278
3601
3877
4096
4356
4561
4589
4652
4580
4541
4488
4413
4325
4380
4263
4184
3941
3755
3630
3466
3254
2995
2722
2360
2114
1765
1485
1178
831
400
175
111
139
129
226
515
821
1052
1300
1407
1524
1500
1588
1505
1477
1399
1409
1346
1284
1201
2071
1206
1208
1212
1058
984
952
793
764
614
535
451
404
358
307
236
210
152
112
71
35
46
55
79
133
112
59
189
160
103
366
846
1821
3010
3691
4386
4197
3490
3212
3047
3436
2808
1998
1405
1859
2219
2534
2721
2976
3338
3609
2940
2791
2721
1626
2003
2032
2182
2266
2041
1899
2188
2440
2569
2699
2739
2298
1766
707
1259
1384
1100
1052
1174
880
501
222
134
146
154
202
371
558
551
424
350
303
297
295
313
292
347
434
200
184
192
49
61
76
57
36
21
87
285
556
664
509
265
214
441
608
690
635
533
567
642
585
371
440
631
418
251
222
244
270
159
86
87
60
55
72
157
299
575
894
621
1161
1810
1562
473
1572
2449
2433
2070
1655
1287
1316
1150
853
769
973
929
610
564
613
533
394
310
255
524
496
462
574
719
763
1056
1460
1795
2131
2214
2245
2086
1883
1799
1584
1495
1309
1147
967
738
480
486
442
428
342
284
309
431
650
765
867
1117
1230
1210
1086
970
936
1097
1275
1157
905
849
797
645
618
770
1046
1118
955
667
333
321
335
229
266
495
431
346
288
225
200
234
255
319
409
265
281
355
383
378
346
322
340
174
150
190
170
96
38
20
15
121
91
40
58
91
84
76
75
73
68
102
118
147
195
351
789
1459
2115
2411
2560
3151
3626
3392
3012
2828
2759
2399
2291
2326
2044
1297
1079
1390
1967
2803
3599
4268
4552
4287
3908
3183
2628
2025
2179
2535
2567
2507
2644
2361
2059
1850
1509
1084
791
898
862
784
717
584
439
467
571
774
1068
1402
1320
1158
833
385
284
375
505
559
537
385
359
289
256
142
79
73
102
161
268
356
324
231
208
300
757
1273
2087
3670
5260
6188
6424
6068
6673
6607
7434
7148
7471
7655
6641
6090
5266
4118
3352
2546
1013
995
1611
1863
2388
3399
4525
6001
7580
8582
8367
7627
7609
7808
7678
7049
7027
7203
6955
5899
1769
3139
3312
3571
3463
2966
2259
1757
2025
2864
3628
3779
3317
2248
2010
1976
1481
1110
1031
1003
901
1254
1605
1434
995
799
570
389
346
628
912
1064
777
575
353
788
1282
1016
580
459
445
232
418
472
613
584
488
337
197
70
31
43
217
413
835
1219
1130
543
506
923
768
363
196
356
197
102
147
136
89
180
510
646
1074
1151
928
773
1000
1208
1243
1224
1239
947
1094
1311
1340
1424
1786
2058
2002
1892
2176
2286
2377
2396
2557
2688
2752
2942
3080
3196
3405
3493
3614
3719
3665
3703
3646
3572
3407
3272
3055
2643
2253
1933
1544
1174
733
188
6
51
567
1189
1764
2318
2722
3234
3703
4239
4648
5100
8188
5885
6226
6423
6576
6631
6697
6738
6716
6563
6444
6303
6109
5812
5579
5210
4974
4688
4241
3937
3516
3051
2541
2151
1838
1521
1219
796
403
151
41
96
463
864
1218
1590
1952
2377
2834
3144
3469
3867
4273
4960
5399
5640
5657
5561
5705
5900
5940
5899
5703
5481
5128
4721
4506
4285
4238
3974
3741
3829
3867
3502
2810
2778
2636
2308
2116
1920
1612
1538
1362
1219
1195
1259
1493
1730
2125
2791
3441
2819
2065
2569
3333
3723
4100
4246
4026
3945
3803
3553
3511
3498
3342
3467
3513
3156
2755
2429
2052
1880
1834
1725
1492
1300
1074
913
738
376
207
143
85
62
44
64
52
110
166
169
166
372
572
630
390
199
137
175
257
244
150
153
159
348
589
606
504
309
166
120
113
125
216
282
188
108
163
184
80
111
199
141
86
49
46
30
8
0
0
0
0
4
2
0
1
6
62
190
363
449
463
425
352
342
308
258
171
71
287
205
89
265
297
118
32
8
10
5
5
0
0
0
0
1
0
11
27
32
6
0
0
0
0
0
1
0
0
1
1
0
0
0
1
0
0
2
2
3
8
12
32
22
26
27
45
56
67
62
57
104
149
108
101
265
241
114
99
102
76
174
273
236
100
74
101
61
53
94
81
29
105
53
6
0
134
248
291
597
736
700
672
524
398
466
685
1130
1484
1696
2097
2463
3028
2660
2090
1594
1719
1754
1414
887
732
565
658
817
897
951
1193
1302
1563
1831
2042
2243
2351
2512
2264
1338
953
1017
1094
1247
1429
1500
1439
1681
1674
1270
785
1103
1379
1008
720
741
606
354
120
53
48
206
316
258
298
345
369
280
220
273
233
175
206
250
250
265
291
351
420
431
323
214
145
111
98
65
40
47
101
212
253
110
21
27
23
29
44
71
87
95
101
129
111
129
377
611
710
554
241
382
497
238
65
31
33
33
11
5
5
8
5
17
11
9
35
15
14
9
11
9
9
11
15
26
53
95
96
41
46
26
71
120
68
14
15
20
8
13
14
2
1
4
7
4
6
11
88
61
47
59
99
193
240
270
277
264
266
330
439
588
521
439
506
501
505
439
467
524
378
280
220
213
412
553
735
891
949
731
402
69
31
73
146
188
333
474
727
770
728
767
1028
1333
1033
545
1495
1819
1409
949
748
790
880
850
858
691
505
338
238
252
207
109
116
139
138
104
71
212
218
46
91
125
74
18
46
34
54
143
254
289
241
143
74
23
34
181
213
71
290
55
48
75
98
96
88
135
205
220
104
109
194
220
125
97
96
112
115
128
152
136
92
78
100
162
101
42
109
40
120
192
178
169
244
401
647
895
1017
701
508
777
663
453
382
315
301
307
258
230
216
227
130
133
149
131
113
99
64
34
34
50
46
47
40
36
28
89
115
202
296
436
489
571
527
603
686
700
732
932
1119
1295
1509
1586
1646
1612
1777
1908
2077
2097
2285
2481
2609
2692
2825
2869
2738
2627
2518
2416
2413
2513
2480
2437
2234
2234
2221
2263
2146
1988
1792
1479
1164
861
473
246
357
584
1082
1451
1574
1738
1955
2313
2608
2849
3125
3255
3280
3181
3177
3087
2905
2775
2522
2346
2242
2051
1990
1967
1911
1692
1408
1193
1024
854
757
662
568
436
349
303
221
86
22
18
64
102
97
59
8
3
1
1
0
2
1
0
0
0
0
0
18
61
22
23
14
1
5
18
40
30
73
156
125
67
102
130
204
355
462
344
393
601
615
710
840
1007
1048
1144
1016
848
835
878
1051
1000
1033
1098
1191
1189
1272
1294
1304
1244
1233
1198
1053
966
841
659
443
313
170
77
39
31
51
251
607
974
1315
1605
1894
2062
2346
2563
2720
2883
2992
3082
3142
3210
3260
3376
3407
3425
3468
3511
3584
3605
3577
3572
3510
3481
3616
3918
3979
3824
4038
3725
2925
3445
3908
3495
2587
1064
1680
2124
2139
2163
2235
2337
2700
3391
4032
3852
2620
2418
2984
3275
3646
3904
4024
4090
3963
3612
3338
3329
3316
3198
3054
3130
3277
3166
2751
2379
1893
1487
1337
1249
1069
878
706
396
255
119
37
69
126
154
136
140
117
156
192
271
382
391
346
299
231
261
317
318
288
221
207
140
113
93
71
27
34
48
47
17
27
18
24
23
18
36
30
71
26
42
22
14
9
9
8
23
35
60
67
83
230
376
426
381
284
196
128
94
57
51
66
111
70
66
111
162
266
298
196
115
302
320
198
82
129
211
295
199
149
220
251
223
239
660
806
667
1015
1650
1906
1905
1746
1887
2344
2579
2694
2887
2627
2400
2056
1723
1649
1611
1413
1044
867
847
796
757
632
422
152
215
329
367
294
364
462
404
201
204
244
284
274
200
156
215
193
181
358
595
729
1140
1615
1808
1684
1432
1498
1644
1582
1787
1847
1863
2116
2106
2287
2261
2110
2095
2069
1416
1269
1747
2126
2312
2335
2133
1790
1604
1379
827
903
1266
910
464
460
427
470
397
227
105
82
122
144
143
216
362
404
225
211
320
554
800
1006
1157
1279
1371
1426
1526
1727
1982
2288
2581
2732
2863
4350
2759
2651
2743
2882
2922
2941
2871
2905
2878
2788
2709
2515
2247
1907
1658
1399
1133
898
554
124
104
104
249
887
1672
2206
2789
3464
4043
4374
4515
4662
4818
5055
5214
5179
5217
5258
5265
5194
5233
4938
4684
4377
4113
3827
3671
3514
3307
3008
2754
2453
2124
1731
1401
1168
889
564
337
206
279
544
793
1042
1231
1434
1621
1777
1806
1870
1852
1890
1968
2004
2036
2183
2212
2152
2044
1955
1917
1845
1767
1738
1782
1734
1532
1453
1337
1323
1177
1208
1222
1337
1273
1090
1078
970
997
1020
1495
1781
1560
943
319
795
1488
1611
853
745
1102
940
369
260
379
281
103
5
0
4
17
46
199
215
82
94
135
91
82
92
121
123
124
109
83
101
165
128
62
172
222
138
32
49
66
72
67
77
68
56
58
58
84
96
78
114
286
430
367
168
115
184
182
154
99
64
43
23
15
17
17
22
32
49
86
95
92
78
93
128
140
100
72
36
28
27
13
10
39
68
18
1
0
0
0
2
0
1
2
4
2
0
0
0
5
123
198
133
16
0
23
30
72
154
96
73
39
18
48
49
124
115
381
801
1082
1167
910
540
203
206
383
782
1224
1667
1959
1585
1034
960
997
1037
1123
1216
1403
1600
1535
1318
1107
1061
1326
1455
1315
1030
874
868
769
743
791
705
677
583
597
833
934
584
259
610
673
438
203
88
84
91
109
107
115
84
53
51
36
39
54
59
59
52
37
21
4
4
1
5
0
19
39
31
13
1
0
0
0
26
106
139
139
49
15
25
35
33
47
45
112
152
48
135
127
55
26
80
142
175
141
69
87
80
96
99
68
63
82
107
118
117
135
180
183
153
114
93
132
107
60
65
65
67
68
61
70
88
90
98
106
91
162
278
405
386
346
380
216
45
163
249
327
349
387
331
259
234
264
293
116
14
43
80
106
155
147
239
429
287
169
270
396
359
211
112
136
157
85
81
125
126
74
39
13
18
34
26
33
44
31
18
9
3
0
2
1
1
0
1
10
25
36
26
39
30
43
79
81
94
133
124
89
86
84
73
84
125
114
103
78
53
114
159
65
40
42
86
235
256
192
172
105
68
33
30
58
50
40
40
195
384
371
414
499
718
679
467
593
781
413
100
86
67
19
22
10
4
0
2
11
1
3
4
9
41
61
50
39
96
31
18
69
35
37
32
22
31
57
69
57
67
141
219
136
55
17
22
64
463
148
144
95
101
143
114
107
50
20
32
46
68
32
29
116
148
117
152
141
125
151
163
206
414
598
1509
2975
3959
4929
5200
5037
4647
3566
4172
4287
4022
3061
2872
3271
3822
4137
4571
5282
5149
4314
2914
2000
2019
1723
1446
1674
1874
1750
1333
838
573
436
282
462
706
742
747
897
973
1274
2376
3896
5163
6358
7311
7513
6459
5903
4781
3513
2877
2818
2943
3161
3314
3302
3433
3975
4144
3825
3762
4444
4904
4502
4131
3970
3586
3170
2736
1874
1313
1985
3030
4060
4832
5082
4925
4297
3487
2477
1691
1786
2171
2829
3022
3086
3065
3097
3069
3360
3072
2354
1844
1403
1548
1851
1635
1342
1554
1751
1706
1553
1374
810
452
274
195
237
291
406
472
430
424
287
222
186
192
380
466
390
197
122
75
74
61
183
533
787
821
466
146
346
484
360
121
28
217
281
213
278
394
441
274
115
98
244
304
320
390
170
49
573
712
272
183
832
997
533
194
180
150
55
82
56
43
33
19
13
6
10
14
9
4
8
15
12
14
10
11
12
10
6
5
0
0
0
0
0
0
0
0
0
0
0
0
0
0
0
1
0
0
0
0
0
9
23
4
2
11
26
16
23
38
35
55
93
128
123
102
100
105
118
127
110
91
73
71
70
70
76
51
38
31
47
76
31
23
37
55
68
166
293
586
928
982
979
880
747
605
461
406
319
234
338
556
491
147
203
435
451
333
194
67
64
95
76
77
53
60
62
60
94
118
158
178
253
299
344
394
411
461
591
681
706
672
654
630
589
489
422
382
377
398
376
234
89
54
30
59
203
229
170
97
54
62
76
34
20
34
25
36
64
66
100
120
137
125
123
133
128
139
161
163
126
91
72
69
69
85
75
76
63
40
59
72
75
97
71
29
22
81
119
118
86
55
157
332
313
384
474
503
349
311
459
508
516
587
600
570
502
471
439
386
422
495
586
564
339
158
186
183
178
197
177
221
252
221
237
156
261
368
483
374
208
104
144
217
132
218
288
186
133
230
449
488
463
385
367
413
528
692
777
856
855
953
986
1078
1090
1116
974
952
992
1001
748
674
635
533
409
291
212
97
52
36
45
93
164
328
525
717
881
1006
1151
1276
1384
1172
1182
1336
1250
1247
1217
1216
1318
1171
845
1160
1586
1593
1389
1214
1130
1095
1022
1004
1018
1043
983
1037
1082
1202
1245
1363
1375
1331
1342
1257
1176
1005
949
965
953
1481
199
297
352
1025
825
1281
1501
1573
1608
1851
1926
2081
2329
2502
2701
2800
3045
3234
3250
3330
3362
3468
3579
3663
3721
3605
3465
3352
3220
3046
2856
2672
2444
2038
1703
1354
932
459
26
47
546
1210
1841
2338
2725
3211
3515
3726
4149
4424
4818
5017
5132
5183
5259
5211
5115
4959
4758
4616
4431
4319
4625
5374
6179
7035
7404
7556
7448
7507
7316
6825
5849
4467
3157
1832
2093
2449
3389
4537
5540
6266
6989
7770
8004
6190
2414
2560
3390
3306
3230
3225
3430
3503
3564
3708
3678
3693
3918
4030
3767
3474
3650
3871
4151
4248
4241
4138
4062
4036
3992
3838
3779
3786
3636
3429
3146
2885
2589
2264
1947
1720
1537
1424
1813
2664
3484
3877
4426
4709
4760
4988
5241
5554
5827
5771
5594
5262
5026
4867
4647
4632
4933
5097
5162
5046
4878
4723
4505
4300
3981
3725
3584
3471
3051
2656
2161
1688
1213
753
107
59
385
781
1199
1596
1848
1907
1980
2014
2093
2189
2152
2097
2075
1993
1932
1870
1827
1917
1984
1866
1674
1560
1318
1195
1220
1320
1295
1152
980
947
757
632
661
752
600
494
501
508
426
179
57
14
6
149
403
311
153
110
103
170
224
250
277
247
184
163
133
139
166
191
295
293
220
153
104
83
65
85
135
184
169
100
69
87
273
508
505
142
194
546
448
167
35
63
97
67
39
8
3
0
13
32
77
67
24
5
16
16
0
12
31
21
4
10
28
33
19
17
94
204
193
70
51
74
52
22
165
232
126
6
1
9
0
77
165
45
4
17
8
26
83
268
641
922
1276
1374
1340
1117
928
946
1000
1333
1639
1794
1765
1672
1270
699
912
989
759
325
193
175
184
267
425
670
975
1532
2231
2811
2628
2120
1607
1933
3455
4612
5512
6222
6568
6519
6240
5721
5106
4305
3799
3454
2818
1660
579
1013
1346
1430
991
560
1229
1822
1628
1086
296
833
1398
1449
1316
650
445
1511
1915
1846
1334
534
464
1254
1863
1924
1365
102
1451
2150
1977
1324
304
912
1950
2088
1644
418
833
1681
1671
1006
508
2039
3515
4637
6044
6921
7395
7197
6777
5897
5200
4801
4388
3885
3324
2689
1910
1197
1423
2042
2562
3313
4098
4790
5320
5710
5591
4965
2248
1496
2373
2175
1879
1867
1480
1196
1036
898
987
1312
1442
1280
1106
910
557
308
768
1040
1380
1492
1855
2093
2578
3194
3638
4148
4466
4642
4547
4224
3975
3605
3041
2525
2063
1875
2061
1848
1880
2071
1485
1030
1201
1307
988
1164
1330
2019
2476
2650
2912
2806
2467
2485
2624
3038
3583
3888
3870
3807
3824
3618
3395
3194
3029
2932
2826
2577
2206
1874
1583
1303
1147
1050
813
409
267
295
267
209
437
761
893
1100
1255
1247
1252
1177
1130
1772
999
1192
1170
1160
1138
1014
882
616
414
252
134
83
96
194
245
151
56
56
89
243
258
146
14
27
44
15
2
2
1
3
1
4
0
3
1
1
3
5
10
14
19
16
31
36
37
40
45
71
41
41
46
38
35
31
29
47
37
35
13
10
8
18
16
3
1
1
3
0
0
3
17
31
34
17
27
45
37
42
53
104
111
76
68
44
191
449
440
86
164
386
227
85
39
44
21
8
3
15
15
7
0
0
1
2
7
17
40
58
78
106
125
139
160
167
135
120
150
134
130
82
50
26
27
10
13
15
31
25
14
6
2
1
1
2
0
1
0
1
4
8
6
8
3
8
10
17
13
13
10
12
9
3
7
8
7
16
76
98
72
66
173
241
137
105
197
422
548
440
91
336
1223
1307
166
986
1558
1299
307
214
350
178
173
148
82
50
8
5
48
66
40
4
11
33
14
21
33
4
4
4
20
30
11
8
10
8
10
25
45
22
16
11
22
29
21
24
26
40
86
110
122
147
188
245
222
193
170
181
178
167
118
105
100
71
39
19
9
17
23
17
14
15
13
10
9
3
12
15
12
7
10
18
50
82
70
116
222
300
237
145
98
134
330
399
407
428
348
218
160
147
157
106
96
66
50
33
13
55
44
56
50
40
25
15
5
23
39
42
32
34
39
57
60
59
29
33
19
14
41
37
25
5
12
51
1
1
3
15
21
9
65
39
0
4
35
45
46
16
150
70
40
31
2
35
17
18
7
6
17
9
1
4
58
74
15
16
34
47
59
75
88
166
196
178
224
310
358
317
214
182
256
471
688
744
631
502
396
389
443
457
388
293
231
188
137
126
85
14
8
5
6
1
0
16
29
6
107
386
553
544
485
465
523
625
683
745
936
979
1033
1170
1131
878
508
440
558
722
850
968
749
242
1082
1455
922
266
127
96
139
262
200
126
82
61
59
64
69
25
10
29
36
51
60
56
67
83
95
84
92
102
81
49
57
45
57
156
224
205
206
271
346
273
212
139
77
44
18
12
15
9
11
4
0
2
7
2
5
1
0
0
1
3
1
0
2
4
2
4
12
10
20
35
44
51
72
91
106
94
99
97
97
89
116
111
62
66
69
51
28
14
16
8
5
12
4
1
0
1
4
3
1
0
0
2
0
0
0
0
0
0
0
0
0
0
0
0
0
0
0
0
0
0
0
0
0
1
8
22
31
21
25
48
49
67
64
50
49
46
79
70
41
12
0
38
7
40
116
97
52
29
40
74
59
81
149
184
177
125
67
50
59
95
114
72
31
8
14
39
116
199
285
407
512
605
661
755
888
908
1044
1120
1230
1301
1373
1447
1518
1591
1680
1754
1910
1955
2017
2109
2118
2173
2161
2128
2077
2075
2045
1951
1909
1793
1652
1498
1343
1121
1012
734
487
291
185
103
48
123
316
547
828
1100
1378
1624
1870
2108
2339
2594
2831
3018
3190
3334
3478
3491
3593
3676
3548
3606
3574
3549
3515
3423
3363
3281
3201
3100
3023
2940
2834
2726
2537
2312
2200
1971
1735
1482
1341
1263
1118
915
617
387
325
321
372
464
641
868
1011
1224
1431
1605
1785
1938
2166
2353
2545
2753
2937
3080
3200
3279
3408
3602
3670
3552
3499
3402
3466
3440
3446
3443
3413
3398
3254
3180
3078
2928
2773
2572
2395
2090
1803
1526
1220
825
436
85
13
11
168
532
935
1295
1544
1827
2047
2340
2567
2791
2956
3164
3313
3483
3620
3683
3584
3606
3487
3396
3319
3322
3465
3426
3354
3223
3034
2842
2746
2646
2575
2523
2439
2278
2072
1774
1527
1382
1172
997
736
343
133
40
93
304
505
624
792
930
1105
1315
1413
1587
1634
1634
1527
1557
1411
1482
1387
1359
1253
1224
1170
1182
1214
1154
1119
1061
1004
915
704
470
334
248
183
139
133
176
162
75
51
39
35
40
92
67
18
4
16
9
45
75
70
42
33
36
63
71
54
33
47
106
258
336
269
169
186
240
197
178
178
217
237
163
103
61
41
61
95
115
123
93
57
39
20
34
65
151
267
331
342
259
223
160
116
109
97
55
33
36
24
7
6
8
16
12
8
1
0
2
5
20
33
69
111
167
180
170
204
201
209
230
226
227
197
179
167
160
162
148
135
126
136
140
163
140
71
51
41
36
43
48
50
9
0
0
0
1
7
15
41
72
93
127
163
184
224
202
129
45
166
254
110
50
38
29
98
143
84
29
88
92
42
5
21
48
55
79
92
50
41
99
357
780
1019
1194
1351
1613
1803
2022
2162
2408
2694
2971
3215
3332
3492
3730
3872
4025
4111
4131
3981
3896
3831
3720
3469
3152
2934
2792
2539
2181
1757
1344
834
296
58
25
378
1002
1423
1909
2326
2801
3275
3747
4215
4741
5197
5487
5957
6188
6388
6533
6560
6621
6617
6458
6315
6085
5868
5568
5239
5042
4711
4452
4076
3642
3352
4511
3995
1850
1550
1169
791
636
94
126
575
1015
1433
1802
2130
2422
2759
3076
3311
3585
3825
4010
4328
4474
4596
4728
4862
4908
4841
5013
5098
5049
5284
5213
5142
5063
4950
4870
4593
4316
4069
3829
3536
3247
2919
2665
2295
1895
1489
882
254
84
51
319
848
1289
1740
2120
2412
2727
2951
3193
3448
3718
4101
4560
4464
4394
4424
4565
4601
4585
4650
4593
4485
4355
4213
4087
4077
3948
3795
3651
3492
3429
3283
3155
2934
2610
2387
2137
1877
1557
1331
933
578
157
24
39
338
719
1115
1570
1850
2115
2439
2639
2880
3083
3333
3506
3687
3782
3891
4047
4110
4087
4205
4204
4209
4228
4255
4307
4270
4273
4164
4065
3880
3717
3527
3408
3350
3152
3016
2857
2801
2599
2279
1959
1537
1142
575
314
242
513
1167
1492
1903
2528
2862
3254
3426
3664
3716
3830
3962
4217
4365
4457
4475
4467
4497
4477
4375
4163
4021
3947
3901
3837
3633
3493
3393
3078
2794
2457
2165
1825
1663
1385
959
662
397
175
117
99
107
147
262
361
579
1027
1265
1356
1429
1425
1402
1364
1360
1384
1389
1570
1604
1725
1751
1659
1499
1187
1125
1200
1371
1358
1257
1037
882
762
676
470
318
239
176
168
148
204
313
345
299
300
242
301
705
626
259
226
473
291
230
363
114
29
138
115
75
99
191
379
482
490
554
569
607
550
374
252
185
175
175
143
92
75
51
34
25
12
50
35
35
118
120
107
119
136
168
135
184
224
339
519
724
886
1033
1185
1397
1491
1645
1796
1953
2095
2167
2322
2431
2546
2691
2658
2698
2773
2781
2709
2560
2429
2312
2294
2225
2174
2084
1822
1366
892
512
363
178
103
81
269
633
1003
1350
1607
1759
1962
2145
2338
2465
2543
2735
2801
2947
3004
2997
3047
2965
2945
2902
2785
2624
2512
2420
2233
1947
1782
1682
1804
1731
1677
1444
1258
1053
1061
1010
977
972
995
920
679
545
381
314
234
254
145
17
5
15
40
13
9
44
51
57
86
74
90
124
190
281
395
444
494
534
538
529
503
493
513
495
431
416
369
327
279
256
225
174
148
118
111
70
75
73
89
143
70
40
58
70
33
91
98
33
16
56
55
13
130
98
1
82
74
36
38
79
92
94
127
172
138
177
280
348
317
293
329
358
315
338
264
179
123
124
91
53
36
21
10
9
2
0
0
0
7
29
70
116
247
390
414
514
600
692
759
854
984
1119
1139
1107
1174
1251
1247
1265
1363
1322
1299
1251
1283
1170
1152
1145
1089
1068
1047
983
936
791
549
309
125
22
1
5
20
36
157
415
674
759
881
995
1090
1133
1277
1353
1595
1629
1716
1670
1656
1540
1539
1496
2345
1339
1283
1271
1194
1136
1089
981
915
874
778
706
587
508
415
319
333
382
360
245
108
0
37
91
137
183
233
324
427
602
811
1014
1116
1211
1318
1508
1644
1782
1855
1979
2094
2142
2176
2145
2125
2176
2198
2264
2294
2238
2199
2247
2208
2125
2038
1829
1654
1512
1352
1202
1021
764
503
240
145
161
144
127
342
634
911
1272
1555
1803
1920
2084
2250
2302
2442
2488
2505
2478
2490
2487
2473
2494
2445
2311
2247
2160
2061
1910
1782
1691
1611
1525
1422
1322
1277
1230
1211
1083
948
760
590
449
278
251
146
99
66
41
127
249
432
739
827
954
1049
1050
1058
1108
1103
1217
1327
1393
1443
1421
1425
1371
1360
1354
1320
1279
1357
1356
1307
1249
1487
1470
1148
671
423
585
370
62
29
65
172
243
393
614
1448
1743
1109
973
918
942
1016
990
1007
1042
1124
1150
1135
940
645
442
410
452
428
419
282
122
30
6
1
3
2
3
2
0
0
4
15
28
39
39
34
35
19
11
32
100
140
191
270
295
331
419
578
582
465
572
528
445
437
417
310
276
342
292
125
64
55
25
8
14
7
1
5
6
14
20
30
91
201
234
218
223
254
247
198
142
118
87
61
321
587
411
123
449
702
465
170
103
110
162
167
167
68
74
97
112
102
131
123
109
58
39
22
29
67
82
57
36
21
9
6
1
4
0
0
0
0
0
0
0
0
0
0
0
0
0
0
1
0
1
0
0
2
2
1
3
8
17
18
23
24
27
37
44
40
41
47
41
35
65
84
91
77
70
85
134
181
186
158
150
156
138
127
136
139
99
73
46
12
3
1
14
57
110
82
43
24
21
130
353
506
376
163
298
527
551
460
386
348
227
147
75
50
43
31
33
31
20
34
84
242
395
542
612
608
560
455
321
198
113
86
93
71
48
47
36
25
29
27
8
5
4
12
18
34
36
25
42
67
134
140
124
165
202
154
53
144
441
516
342
247
671
990
761
524
412
208
62
106
89
83
109
152
123
38
3
24
20
10
22
50
51
19
0
4
11
8
13
26
63
106
82
46
39
70
94
114
187
243
283
265
254
262
241
226
183
192
183
171
159
152
168
146
130
81
55
65
52
60
47
27
11
10
9
14
12
10
2
3
1
1
0
0
13
31
48
71
57
66
118
163
137
63
23
215
367
294
62
256
494
274
90
31
34
59
91
133
147
144
196
164
47
14
18
62
93
98
161
302
442
643
847
995
1199
1332
1399
1520
1585
1729
1710
1852
2125
2250
2379
2485
2605
2749
2766
2681
2644
2651
2714
2651
2504
2389
2247
2211
1959
1856
1528
1126
768
422
127
101
189
530
1026
1256
1537
1888
2158
2372
2453
2678
3060
3403
3600
3897
4189
4210
4220
4189
4082
3963
3788
3677
3566
3340
3330
3282
3245
3148
2927
2702
2516
2282
2133
1845
1566
1434
1332
1157
1073
943
807
545
369
233
124
82
163
442
717
860
1007
1093
1232
1362
1404
1395
1444
1605
1682
1818
1876
1871
1856
1722
1567
1369
1207
1222
1309
931
742
900
1054
879
543
357
208
154
130
94
89
62
79
75
34
7
9
4
5
0
1
14
30
60
244
402
441
306
145
57
9
86
151
207
261
216
163
155
139
95
84
94
96
183
422
628
748
697
573
416
373
271
162
142
137
157
29
0
43
122
231
291
309
554
765
956
1114
1221
1273
1442
1648
1795
2074
2382
2659
2794
2993
3210
3284
3242
3179
3027
2899
2840
2685
2513
2395
2316
2195
2168
2178
2140
1977
2019
1933
1667
1345
1030
504
97
18
12
140
326
435
668
890
1324
1687
2077
2244
2299
2240
2274
2291
2340
2468
2571
2583
2664
2832
3085
3243
3281
3224
3179
3021
2905
2853
2726
2537
2432
2207
2048
2117
2022
1823
1624
1509
1403
1332
1241
1079
963
911
831
792
529
330
273
220
172
107
83
87
78
47
60
45
15
15
4
1
32
65
60
35
62
47
38
53
33
22
8
10
5
3
1
0
0
1
0
0
0
1
1
3
0
0
0
0
0
0
0
0
0
0
0
3
0
0
0
0
1
1
4
6
7
3
1
0
0
0
0
2
0
0
2
0
0
0
0
0
0
0
0
0
0
0
0
0
0
0
0
0
0
0
0
0
0
0
0
0
2
1
0
0
0
0
0
0
0
0
0
0
0
0
0
0
0
0
0
0
0
0
0
0
0
16
26
0
7
10
6
1
0
0
0
0
0
0
0
0
0
0
0
0
0
0
0
0
0
0
1
0
0
2
3
2
0
0
0
0
0
0
0
1
0
0
0
0
0
0
0
0
0
0
0
0
0
0
0
0
0
0
0
0
0
0
1
0
1
0
0
0
3
0
0
0
0
0
0
0
0
0
0
0
3
26
39
26
10
25
59
82
47
3
13
71
74
32
0
4
10
8
14
16
26
32
46
110
190
242
351
575
665
790
769
873
1009
2835
1578
1767
1821
1870
1888
1894
3130
1865
1978
2068
2033
1997
2017
2034
1941
2006
1789
1482
1095
725
455
348
324
467
651
784
836
1020
1492
1892
2199
2227
2301
2368
2430
2546
2686
2896
3109
3375
3701
3808
3910
4116
4259
4241
4117
4145
4052
3963
3815
3695
3565
3383
3135
2994
2822
2586
2392
2170
1957
1713
1432
1073
1020
1011
872
641
549
642
650
768
1050
1366
1698
1955
2159
2445
2687
2840
2973
3026
2990
2927
3009
3177
3409
3656
3895
4125
4212
4276
4268
4255
4212
4258
4191
4278
4308
4378
4539
4552
4485
4347
4141
3898
3558
3336
3040
2623
2153
1590
1035
565
233
220
510
998
1509
1952
2481
2885
3320
3689
4009
4413
4581
4841
4912
4811
4668
4517
4372
4378
4488
4474
4278
4096
3906
3774
3623
3533
3440
3353
3224
3046
2857
2657
2434
2250
2034
1663
1332
864
449
157
121
333
655
926
1104
1309
1505
1594
1668
1757
1847
2029
2289
2476
2722
2869
2831
2799
2802
2787
2773
2662
2466
2236
2045
1755
1577
1452
1284
1080
938
767
443
295
268
346
478
349
137
70
206
391
379
294
398
396
293
256
234
246
237
214
182
162
189
146
105
69
94
42
152
380
449
336
187
117
124
104
102
171
217
166
105
33
11
10
35
83
92
90
74
61
43
23
10
12
12
3
0
0
0
0
0
0
1
2
6
4
9
23
57
70
73
82
110
127
85
91
112
115
74
37
92
102
16
128
404
384
268
198
192
196
179
176
191
214
236
250
275
295
326
356
365
339
311
280
284
273
235
177
146
128
90
49
50
50
41
38
50
74
132
161
196
224
223
226
204
200
186
182
166
156
151
127
118
101
130
149
133
126
105
128
149
123
91
92
101
39
5
2
32
290
455
446
387
204
147
142
61
26
28
45
136
268
162
31
283
511
432
105
311
459
309
94
34
52
49
54
47
15
3
6
8
5
0
0
1
3
1
1
6
10
15
18
12
15
22
22
22
25
23
33
51
59
72
73
109
123
142
145
166
178
204
166
163
141
117
108
98
89
69
59
72
126
105
39
4
8
23
16
10
1
4
11
45
31
15
21
52
135
273
316
237
169
125
310
602
614
229
186
668
817
485
95
50
64
83
154
160
57
21
42
46
37
34
28
15
11
9
6
0
0
0
0
0
0
0
0
0
0
0
0
0
0
0
0
0
3
8
8
21
24
30
39
46
57
72
98
126
135
157
98
89
115
178
180
133
184
270
327
330
350
298
150
82
40
17
10
24
12
29
10
9
9
10
12
17
27
33
43
68
168
255
226
191
187
191
102
266
780
766
198
314
622
740
584
316
292
296
203
192
273
231
115
51
31
34
46
47
16
4
13
29
67
49
23
9
8
7
5
3
2
0
0
0
0
0
0
0
0
1
0
0
0
0
0
0
0
0
0
0
0
0
0
0
0
5
60
114
51
8
38
64
23
0
0
0
57
60
22
8
0
0
17
53
15
21
96
148
121
60
28
39
109
144
211
230
116
62
32
38
36
42
74
119
265
303
358
388
306
239
187
128
61
38
47
44
74
82
109
327
564
682
892
951
724
573
616
561
442
177
175
158
125
240
320
269
258
246
293
478
546
507
556
527
433
404
319
266
211
161
166
160
132
109
98
81
56
62
60
28
15
42
60
32
45
46
53
84
213
323
346
271
73
16
16
51
105
63
33
164
204
86
121
157
104
57
30
37
41
21
14
7
9
9
11
6
0
19
47
99
23
4
18
34
7
21
44
55
55
66
94
103
122
122
139
157
150
143
144
132
132
131
111
84
74
49
61
54
64
56
17
3
1
0
0
3
37
62
36
1
0
0
2
0
0
1
0
1
10
13
1
3
28
49
121
252
449
499
387
136
49
33
35
33
151
390
603
513
590
671
425
283
246
185
166
143
125
64
30
18
18
16
15
8
2
7
3
3
0
0
1
0
0
0
0
1
35
4
0
5
9
9
3
6
11
26
39
78
101
147
222
303
366
529
605
641
690
848
952
903
951
986
772
684
651
427
278
241
183
117
91
46
23
5
0
37
61
46
32
58
74
124
191
308
468
426
258
210
286
448
361
365
748
861
785
1099
929
520
486
441
299
190
47
25
32
11
37
106
276
721
1112
1272
980
511
305
364
546
528
431
364
302
245
221
121
157
38
63
92
71
98
66
69
153
145
89
78
101
63
24
16
10
4
2
50
45
39
108
256
223
193
149
99
87
186
82
129
132
82
371
783
729
234
578
813
447
99
27
30
15
35
83
158
87
45
75
62
47
26
35
92
242
472
797
934
1236
1370
1592
1823
2046
2281
2559
2720
2939
3075
3207
3331
3450
3523
3646
3776
3902
3936
3941
3861
3748
3594
3464
3373
3235
3094
2910
2800
2731
2531
2196
1877
1658
1348
1057
583
179
23
59
345
871
1303
1795
2235
2708
4856
3558
3931
4278
4662
4908
5090
5176
5094
5025
5040
5197
5364
5444
5522
5462
5410
5253
5045
4809
4675
4555
4403
4245
4057
3834
3626
3378
3153
2901
2572
2309
1968
1688
1401
1135
916
608
245
115
75
117
338
584
833
1082
1296
1546
1780
2049
2229
2444
2639
2997
3313
3518
3734
3927
3994
4005
4002
4007
3954
3859
3648
3504
3316
3056
2687
2420
2114
1814
1738
1572
1259
905
601
461
301
175
248
315
433
394
399
575
631
594
680
730
604
589
632
643
477
477
650
759
669
626
608
617
645
652
600
562
538
505
466
472
465
390
356
436
507
467
324
308
284
251
212
199
161
160
189
179
172
191
170
115
156
420
551
380
361
481
332
245
216
180
208
195
130
85
35
23
27
51
55
42
17
5
2
14
23
15
41
69
53
64
115
156
187
205
347
474
523
656
776
899
1017
1171
1289
1391
1638
1836
1887
1833
1738
1692
1683
1686
1746
1828
1906
1830
1854
1763
1704
1562
1408
1266
1033
849
456
205
76
50
126
368
819
1212
1453
1803
2071
2347
2517
2651
2798
2945
3097
3279
3449
3497
3521
3615
3650
3656
3646
3584
3524
3426
3277
3137
3098
2906
2675
2472
2190
1997
1764
1508
1282
997
572
168
51
57
120
284
569
822
1141
1425
1735
2008
2189
2359
2570
2802
3007
3167
3279
3300
3388
3396
3480
3519
3555
3601
3680
3546
3553
3493
3347
3284
3084
2819
2587
2371
2138
1836
1601
1307
948
608
191
60
83
209
325
592
953
1128
1374
1662
1922
2195
2552
2814
2931
2927
2990
2983
2952
2894
2785
2793
2737
2748
2742
2615
2424
2175
1885
1588
1285
1013
688
456
295
188
146
105
52
17
59
77
82
43
33
43
67
49
23
9
28
89
155
225
228
162
142
124
42
10
4
3
1
7
45
53
51
70
57
21
22
24
11
3
3
7
0
4
9
9
1
4
1
0
0
7
12
17
2
4
9
16
10
12
17
7
1
4
9
3
5
24
56
55
20
33
52
30
44
56
19
1
0
4
27
89
73
23
33
18
122
282
248
90
50
56
119
130
145
105
93
62
51
60
56
48
51
66
100
164
205
263
215
160
153
151
143
187
249
354
429
424
455
484
506
452
415
354
325
257
307
390
384
418
561
680
768
824
775
629
445
278
213
206
243
392
593
791
966
1232
1363
1465
1603
1664
1803
1884
2000
2131
2242
2406
2430
2441
2468
2536
2605
2766
2902
2947
2970
2967
2860
2756
2686
2537
2301
2113
1967
1681
1519
1184
817
364
65
14
19
1167
1784
1718
2105
2444
2725
2986
3206
3451
5589
3947
4131
4212
4240
4203
4161
4022
4043
3955
3955
4167
4124
3947
3848
3541
3306
3302
3291
3232
3101
2963
2745
2503
2191
1784
1386
982
594
259
193
246
281
431
669
926
1158
1458
1751
1977
2129
2224
2308
2480
2662
2824
2936
3012
3001
2888
2755
2620
2472
2209
2081
1971
1914
1905
1860
1702
1510
1356
1263
1041
901
746
701
601
545
504
424
367
283
237
285
383
425
320
342
284
134
76
86
83
68
65
92
112
224
203
150
166
184
210
166
99
49
169
517
828
1072
920
497
31
17
280
480
407
275
180
251
314
329
340
249
339
373
323
406
455
249
170
251
180
65
36
120
303
432
419
376
363
359
419
400
454
464
391
354
279
223
140
66
49
52
36
10
3
3
6
3
1
0
4
8
11
13
7
2
7
19
38
52
58
37
44
41
53
61
58
58
71
99
131
136
113
120
92
94
85
86
74
67
54
59
59
39
30
53
84
86
61
53
51
23
29
70
94
83
79
59
70
147
195
128
52
327
374
132
211
129
48
39
67
38
24
27
20
40
40
20
11
36
16
25
41
29
12
3
15
28
38
37
57
65
72
70
69
70
86
94
104
98
69
44
20
8
15
43
32
24
29
12
8
1
7
1
6
16
3
0
0
0
1
3
17
128
174
130
143
157
128
86
64
31
366
434
117
243
213
162
94
95
86
79
62
108
161
51
236
429
464
515
687
676
514
291
89
7
35
31
78
95
102
136
86
85
79
109
105
119
110
93
97
83
111
186
245
187
118
95
119
113
113
107
90
68
51
38
36
23
23
38
31
21
16
104
185
142
81
139
226
260
300
248
211
251
184
159
125
70
248
133
180
243
199
152
114
139
180
131
98
105
84
81
88
52
35
57
83
126
83
60
43
55
50
31
11
5
13
4
13
49
8
15
15
6
2
3
10
7
9
32
92
158
183
263
109
59
215
221
208
187
151
165
217
265
249
251
253
239
209
225
236
260
256
266
235
218
239
207
173
158
139
111
87
94
100
131
137
110
85
59
92
91
79
37
19
3
20
63
65
57
95
89
77
49
38
116
81
67
5
30
41
36
36
15
11
35
30
23
12
7
9
7
36
58
62
111
94
107
218
310
187
368
400
271
225
230
330
426
499
468
243
291
532
376
192
149
178
125
64
185
191
84
34
116
124
93
76
769
479
813
941
1152
1412
1554
1611
1694
1860
1959
2055
2201
2283
2421
2524
2679
2747
2837
2922
3087
3212
3308
3367
3393
3335
3260
3058
2896
2698
2509
2268
1976
1680
1299
935
417
81
27
87
344
726
1006
1410
1760
2089
2362
2620
3016
3418
3700
3997
4293
4468
4662
4874
4875
5076
5041
4918
4839
4742
4552
4325
4084
3912
3730
3563
3283
2895
2690
2534
2402
2216
2007
1754
1564
1178
791
562
365
280
232
455
887
1191
1426
1580
1671
1743
1838
2011
2301
2549
2726
2841
2816
2744
2689
2625
2583
2313
2198
1975
1844
1720
1460
1427
1718
2064
1975
1479
1039
1062
928
517
369
357
319
476
697
558
312
362
637
755
746
835
880
812
444
209
226
275
132
319
542
561
556
592
544
464
325
257
267
241
168
83
37
79
137
166
118
69
39
53
118
159
180
231
237
351
612
727
501
248
114
64
50
64
138
121
119
83
153
200
139
79
53
21
31
80
254
660
1034
987
1063
1245
1350
1445
1410
1200
816
497
456
470
429
574
691
591
436
297
201
156
159
222
189
151
139
166
167
151
150
153
146
159
145
163
147
79
57
74
77
98
132
136
152
152
152
135
124
131
135
164
161
180
224
235
221
169
154
147
147
129
96
90
138
301
620
699
660
380
251
333
499
548
446
263
107
49
58
98
215
413
619
442
165
95
220
233
130
65
222
192
162
106
274
365
360
475
433
265
329
619
597
389
392
758
647
551
618
761
773
619
663
900
971
888
1029
1208
1229
1109
1029
1166
1269
1405
1517
1640
1688
1839
1946
1951
1829
1748
1653
1431
1255
1103
1012
886
717
533
334
106
15
51
249
701
965
1120
1188
1128
1022
947
989
1089
1044
1110
1261
1418
1333
962
1237
1494
1393
1609
1748
1649
1464
1296
1317
1338
1354
1477
1332
1112
936
979
876
605
428
428
351
218
142
84
82
88
120
127
170
150
132
163
163
122
95
128
191
318
269
150
75
82
55
135
157
72
15
4
3
4
26
31
49
29
17
16
7
22
27
122
264
486
615
688
680
513
212
71
100
211
335
334
188
121
291
758
1099
1028
652
780
1159
929
466
566
696
469
182
258
203
91
27
0
9
22
34
24
9
4
0
0
1
0
0
0
0
0
0
0
3
13
16
20
25
39
50
63
68
78
117
136
127
126
147
155
147
141
146
141
119
135
137
116
82
48
26
25
37
53
48
48
22
13
1
0
0
0
0
0
0
0
0
0
0
1
0
0
0
0
0
0
0
5
1
1
11
1
0
0
0
3
14
30
148
473
754
1028
1243
1071
516
127
467
1012
985
722
551
652
427
292
633
660
263
93
116
110
111
117
121
92
89
85
145
100
170
220
152
92
84
65
19
38
52
16
11
19
21
12
0
51
144
108
88
69
46
17
24
64
93
86
84
107
100
125
135
153
156
139
141
109
104
75
90
91
87
239
166
135
248
236
110
67
39
44
57
28
64
52
69
60
96
97
75
124
201
239
244
192
171
179
177
153
119
121
337
594
675
189
486
996
908
475
191
152
154
138
203
291
232
181
149
153
148
149
177
242
258
234
242
223
159
108
83
67
51
42
22
13
10
16
32
32
40
52
81
83
119
117
130
123
109
79
60
36
28
29
26
22
27
20
9
1
1
3
6
13
4
1
0
0
0
0
0
0
3
1
20
26
3
1
11
8
3
0
0
12
8
7
0
0
0
0
0
0
0
0
1
1
0
0
1
0
0
0
0
0
1
7
4
1
1
3
2
3
3
3
3
3
4
3
5
5
8
4
0
0
1
2
2
3
2
1
1
0
0
0
0
1
8
54
69
83
87
88
114
115
130
138
158
181
221
210
242
279
320
357
418
387
361
286
238
175
99
35
17
0
0
0
0
0
0
4
12
20
14
32
54
60
71
111
124
97
65
24
21
6
1
0
1
0
0
0
0
0
0
0
0
0
0
0
0
0
0
0
0
0
0
0
0
0
0
0
0
0
0
0
0
0
0
0
0
0
0
0
0
0
0
0
0
0
0
0
0
1
1
5
0
3
1
1
1
0
1
0
1
1
1
0
19
14
0
1
3
5
3
0
0
0
0
0
0
0
0
0
3
1
0
5
2
0
0
0
0
0
0
0
0
0
0
0
0
0
0
1
2
1
5
3
0
0
0
0
0
0
2
1
0
0
0
0
0
0
0
0
0
0
0
0
0
0
0
1
0
0
0
0
0
0
0
0
0
0
22
12
0
1
1
8
1
0
0
0
0
0
0
0
0
3
0
0
0
0
0
0
0
0
2
0
0
0
0
0
0
0
0
0
0
0
0
0
1
1
0
0
0
0
0
1
12
32
40
18
21
14
3
16
40
37
35
7
34
0
0
0
0
0
0
1
8
8
281
93
177
247
361
472
594
692
840
960
1124
1281
1326
1387
1442
1434
1497
1510
1573
1563
1554
1497
1465
1398
1360
1218
1114
1017
829
617
402
190
44
0
3
29
166
469
878
1117
1448
1679
1820
2090
2249
2395
2584
2708
2860
2892
3005
3046
3023
2978
3013
2964
3007
2989
3052
2998
2944
2841
2737
2644
2499
2414
2254
2162
2002
1896
1684
1539
1379
1199
980
708
314
122
25
32
109
339
730
1028
1410
1636
1936
2145
2436
2641
2953
3171
3350
3557
3739
3876
4069
4132
4212
4228
4237
4240
4270
4264
4157
4103
4011
3869
3721
3531
3308
3008
2738
2474
2106
1803
1473
1122
762
490
580
540
649
882
1226
1751
2337
2630
2939
3459
3901
4252
4456
4682
4890
4953
5027
5146
5148
5018
4964
4838
4797
4687
4482
4391
4189
3997
3814
3517
3169
2909
2645
2319
2005
1690
1398
1034
673
204
43
56
152
492
978
1301
1568
1763
1938
2136
2352
2516
2723
2932
3125
3383
3637
3772
3858
3899
3928
3896
3931
3905
3798
3765
3693
3610
3508
3295
3080
2915
2713
2402
2136
1846
1539
1285
969
558
113
23
6
30
341
851
1266
1610
1955
2327
2699
2980
3226
3392
3480
3533
3478
3432
3254
3233
3214
3200
3214
3218
3126
3027
2885
2757
2698
2571
2286
2090
1979
1775
1694
1534
1416
1190
961
715
395
135
34
18
79
330
752
961
1135
1319
1375
1523
1662
1858
2097
2339
2558
2767
2764
2717
2659
2583
2496
2388
2295
2283
2319
2366
2482
2423
2260
2105
1965
1859
1774
1677
1643
1637
1660
1656
1629
1472
1303
1052
803
545
192
51
25
19
16
52
237
837
1236
1583
1864
2056
2263
2445
2639
2748
2944
3078
3086
3115
3212
3170
3169
3156
3108
3092
3064
3021
2918
2784
2679
2552
2408
2233
2046
1806
1641
1390
1147
941
690
382
166
44
16
73
208
462
833
1111
1365
1575
1747
1944
2129
2130
2120
2096
1937
1770
1694
1571
1385
1197
1042
998
917
899
962
971
990
1003
949
901
937
776
641
537
403
309
239
153
113
141
172
157
103
68
36
17
13
11
1
10
36
88
127
198
227
259
296
281
261
201
121
101
91
101
121
85
38
39
50
27
12
0
10
35
41
39
9
0
1
8
12
31
70
131
136
90
55
20
34
171
144
108
204
369
385
215
104
84
193
403
516
423
416
450
590
602
536
408
353
404
493
587
628
694
666
757
814
714
604
581
672
795
956
1153
1294
1336
1326
1364
1370
1364
1230
1239
1352
1454
1555
1549
1542
1437
1394
1190
990
773
704
725
632
401
85
11
3
73
211
374
639
971
1180
1422
1756
1971
2168
2298
2445
2553
2564
2584
2564
2553
2399
2410
2454
2346
3624
2262
2130
1998
1900
1801
1734
1696
1485
1265
1040
794
633
440
175
69
41
19
17
7
9
20
192
428
616
781
771
838
873
869
843
851
891
947
965
1037
1027
998
1022
904
744
659
531
481
411
351
314
352
370
379
271
140
57
20
19
18
4
0
3
23
15
2
0
9
76
92
128
107
85
72
53
20
5
25
57
147
137
110
131
123
58
20
7
1
1
10
17
25
49
76
95
87
124
67
35
41
24
11
5
3
1
0
0
1
2
15
5
0
0
1
8
12
10
9
11
2
55
80
46
241
359
217
87
32
92
277
553
721
667
590
481
424
397
319
317
312
288
340
400
461
494
515
326
156
114
129
117
78
33
10
4
31
54
30
15
55
102
150
141
161
257
512
706
710
778
810
846
773
592
474
514
702
810
573
355
449
371
157
71
65
31
32
30
32
23
12
0
3
3
3
3
2
1
2
0
5
6
7
12
37
52
72
68
85
108
105
99
133
167
160
175
162
160
182
181
150
117
96
73
85
60
25
24
16
22
45
96
113
80
59
41
37
45
43
70
94
237
386
535
716
799
629
368
248
408
639
767
736
480
440
756
750
418
167
126
123
184
220
175
148
114
82
68
155
262
303
166
38
13
31
54
80
49
51
70
207
351
230
124
116
83
11
22
121
224
322
364
368
357
402
462
654
768
868
1023
1127
1385
1482
1664
1781
1937
2151
2266
2333
2562
2719
2876
2959
3014
3131
3198
3229
3196
2987
2805
2633
2450
2419
2200
1876
1537
1007
276
276
541
1035
1660
2030
2226
2477
2746
3086
3386
3742
4054
4426
4682
4823
4858
4852
4809
4738
4651
4494
4274
4245
4162
4067
3934
3777
3598
3419
3237
3059
2859
2744
2541
2315
2072
1774
1555
1234
884
313
49
124
262
507
825
988
1234
1479
1736
2111
2449
2809
2990
3020
2978
2908
2933
2963
3100
3275
3458
3593
3671
3699
3665
3646
3625
3476
3505
3535
3599
3631
3551
3381
3311
3168
3167
3114
3028
2909
2742
2292
1832
1485
1166
706
212
15
32
157
606
1096
1541
2022
2539
2989
3392
3657
3829
4042
4277
4437
4617
4801
4784
4914
4953
4840
4715
4534
4380
4177
3953
3673
3335
3022
2704
2354
2064
1845
1536
1163
691
183
65
102
177
375
529
710
968
1275
1562
1856
2137
2230
2326
2286
2238
2194
2298
2420
2543
2624
2687
2697
2584
2294
2193
2029
1974
1959
1902
1911
1922
1859
1741
1613
1418
1114
690
342
204
124
8
7
25
48
102
126
247
485
735
962
1064
1307
2556
1701
1887
1972
1966
2017
1995
2038
2049
1920
1795
1701
1612
1476
1384
1292
1211
1102
1018
989
1020
941
981
937
858
779
576
390
175
36
9
2
73
280
655
831
1036
1165
1413
1530
1742
2016
2135
2290
2378
2298
2278
2281
2253
2302
2224
2229
2284
2425
2440
2349
2307
2283
2299
2271
2344
2347
2334
2429
2357
2326
2194
1932
1615
1272
916
563
302
144
74
107
254
669
1165
1478
1567
1618
1599
1628
1672
1805
1906
1938
2097
2183
2293
2405
2410
2375
2372
2306
2304
2225
2172
2016
1748
1684
1532
1460
1426
1354
1097
883
672
560
470
424
349
191
128
155
89
52
89
153
324
441
387
296
198
72
12
63
99
120
168
324
451
518
629
742
875
1041
1289
1454
1671
1721
1927
1984
2049
2075
2134
2258
2301
2448
2553
2560
2554
2536
2475
2384
2310
2186
2110
1943
1725
1572
1332
1061
731
474
222
56
89
257
779
1002
1390
1658
1989
2248
2505
2729
2961
3228
3347
3358
3370
3411
3227
3056
3027
2918
2659
2376
2114
1872
1693
1509
1360
1148
981
878
827
585
339
161
166
144
120
253
962
1804
3081
4181
4919
5084
4792
4227
3674
3173
2669
2009
1304
807
819
1073
1235
1430
1724
2154
2599
2859
2828
2664
2530
2304
1968
1468
1444
1672
2319
3165
3875
4451
4636
4442
3881
2386
1307
1687
1529
1577
1558
1390
1368
1599
1985
2051
2178
2494
2700
2932
3184
3338
3257
2810
2547
2522
2754
3002
2882
2322
2084
2427
2660
2416
2311
2442
2536
2744
2980
3695
6241
7504
8664
8706
7855
6756
5946
5671
5540
5216
4359
3131
2103
1518
1076
1682
2391
3016
3918
4801
5536
6431
7413
8539
9199
9679
8987
7376
5767
3513
2144
1867
1705
1628
1818
1789
1912
2199
2504
2548
2148
1711
1349
1054
891
749
1011
1486
1792
1734
1419
1403
1418
1136
1113
1187
1201
895
674
710
802
768
739
769
887
928
857
761
534
316
271
249
199
23
109
288
285
215
123
34
22
30
99
144
173
148
122
190
275
296
276
245
250
254
316
396
419
442
358
208
119
66
73
270
664
716
525
349
239
124
84
87
113
112
150
116
125
151
140
107
71
35
21
26
13
10
1
5
5
1
0
0
2
1
6
6
11
21
21
7
1
2
1
0
2
0
0
0
0
0
1
0
0
0
0
0
0
13
1
0
2
36
37
19
2
0
1
0
0
0
0
0
0
0
0
1
5
12
13
12
4
5
21
51
103
84
20
5
3
20
32
35
29
18
19
10
19
41
52
59
53
65
81
90
119
162
159
167
204
265
855
961
361
436
412
453
428
384
372
399
362
246
449
19
4
0
0
3
1
0
1
5
27
78
195
246
301
322
408
518
613
771
812
877
975
1011
998
941
843
730
708
614
625
696
701
574
249
350
410
254
97
45
29
32
40
36
43
15
12
27
44
55
47
39
45
34
17
23
29
30
47
109
65
58
53
86
117
77
137
128
135
134
127
103
73
53
48
34
44
21
40
46
27
26
50
56
75
96
97
126
134
108
125
269
300
217
140
96
90
121
126
103
134
247
304
673
698
773
509
137
554
934
614
227
275
420
457
321
151
273
560
713
788
699
778
850
984
1051
1081
1247
1368
1629
1783
2011
2072
2080
2198
2316
2564
2743
2862
2788
2814
2758
2674
2572
2454
2369
2288
2003
1847
1495
1199
888
310
38
1
77
585
1145
1717
2215
2681
3017
3407
3671
4030
4334
4702
4882
5025
5112
5086
5043
4884
4734
4641
4565
4455
4382
4324
4186
3957
3676
3337
3066
2785
2441
2153
1830
1585
1282
949
542
224
101
36
131
441
813
1133
1391
1785
2053
2401
2654
2882
3188
3403
3651
3830
4080
4244
4326
4506
4553
4677
4720
4775
4878
4963
4862
5007
4950
4986
4934
4916
4791
4653
4492
4091
3786
3474
3082
2746
2313
1900
1454
754
135
188
372
834
1447
1910
2186
2529
2877
3334
3791
4206
4609
4969
5159
5376
5442
5382
5396
5211
5230
5270
5230
5063
4877
4634
4342
4019
3622
3190
2810
2428
2202
2059
1926
1794
1675
1435
1070
671
292
161
140
388
598
816
965
989
983
1130
1094
1069
1211
1344
1590
1760
1874
1881
1874
1660
1614
1541
1536
1361
1282
1201
1194
1181
1120
1170
1023
885
552
304
205
73
133
409
592
630
663
669
662
520
285
164
234
49
56
157
236
144
51
29
104
185
280
107
48
104
82
55
79
96
156
291
411
200
111
238
231
209
474
441
192
206
153
214
171
180
182
96
114
247
165
80
161
301
525
578
442
359
249
241
227
280
372
588
678
649
577
514
442
433
460
424
327
323
288
246
170
75
44
23
62
39
20
35
154
327
503
791
852
622
397
133
84
114
146
150
176
340
602
661
662
597
603
580
538
522
436
427
413
412
405
436
519
699
937
1138
1247
1287
1232
1261
1248
1299
1391
1526
1680
1829
1969
2044
2155
2236
2275
2313
2302
2292
2171
2058
1914
1710
1505
1124
791
322
16
46
388
1030
1553
2087
2462
2778
3115
3380
3601
3824
3986
4131
4179
4259
4315
4247
4221
4215
4151
4018
3897
3676
3573
3419
3249
3064
2901
2650
2456
2200
1916
1683
1461
1188
897
478
192
83
70
187
562
1148
1712
2257
2676
4267
3125
3404
3638
3934
4275
4523
4676
4898
5108
5277
5334
5444
5409
5407
5286
5164
5090
4935
4771
4502
4290
3939
3601
3213
2754
2436
2103
1699
1381
1141
1015
805
666
783
1331
1781
2054
2334
2685
3053
3520
4028
4443
4822
5129
5347
5508
5603
5618
5667
5565
5452
5300
5093
4907
4616
4412
4146
3889
3613
3370
3061
2741
2393
2033
1723
1338
1029
574
170
84
178
474
920
1233
1648
1915
2202
2469
2784
3043
3226
3447
3675
3897
4030
4124
4108
4083
3968
3842
3679
3683
3652
3668
3632
3555
3371
3144
2921
2572
2342
2114
1823
1537
1172
799
325
87
29
107
548
1002
1367
1602
1849
2117
2413
2780
2993
3317
3510
3641
3863
4035
4088
4090
4016
3972
3915
3908
3825
3801
3683
3502
3290
2996
2735
2347
2101
1892
1564
1280
906
515
274
128
106
264
618
875
1112
1263
1331
1379
1327
1322
1359
1545
1790
2019
2160
2131
1990
1780
1661
1691
1666
1608
1529
1462
1402
1376
1214
896
600
471
351
235
267
278
316
195
35
8
20
251
769
1276
1360
993
467
419
516
425
370
234
113
75
47
18
54
78
44
27
19
18
90
424
673
418
344
675
876
735
515
231
130
119
106
66
178
365
563
588
378
153
90
105
171
165
71
59
123
190
226
216
98
57
63
43
8
0
6
9
8
1
15
49
65
73
158
342
414
545
702
805
752
672
497
378
511
663
586
398
335
538
807
529
203
90
97
96
80
69
34
42
113
227
369
511
659
740
792
872
853
770
682
587
518
445
378
355
303
630
1717
2289
2803
3328
2885
2690
2638
2980
3310
3411
2996
2303
1444
588
1394
2662
3661
4340
4725
4570
4394
3665
2706
2133
1422
1102
1191
1236
1271
1395
1498
1687
1829
1880
1754
1686
1511
1284
1043
900
1096
1106
785
675
847
1114
1395
1450
1628
1667
1151
581
695
695
576
415
332
354
547
564
459
522
588
697
679
613
822
823
638
556
500
522
438
275
245
263
434
601
600
448
484
671
442
330
448
443
300
330
308
299
377
541
647
781
884
1151
1272
1414
1571
1733
1914
2024
2142
2410
2792
2865
2944
2936
3016
3643
4149
4589
4320
3389
3591
3895
4288
4575
4877
5068
5012
4802
4186
3444
2467
1975
1723
1383
1115
1288
1401
1433
1618
1518
1417
1340
1610
1753
1837
1957
2285
2667
3077
3449
3663
3912
4256
4587
4877
5128
5166
4946
4856
4882
4810
4696
4521
4257
3728
3141
2899
3044
3081
3014
2946
2685
2395
2027
1768
1655
1548
1268
837
530
244
104
100
143
253
449
581
803
1032
1189
1195
1361
1361
1371
1291
1220
1201
1244
1307
1235
1206
1155
994
756
478
234
91
11
14
10
49
2
8
39
57
111
131
108
76
34
3
6
18
56
58
101
55
29
12
22
24
23
46
90
101
135
137
99
124
172
243
269
228
242
313
330
309
269
315
330
326
293
224
184
100
79
142
193
179
76
8
9
25
53
24
9
1
22
61
61
73
105
200
382
549
566
596
658
642
627
631
584
374
239
259
413
306
370
526
289
123
137
159
175
153
98
74
74
45
15
1
0
6
3
0
6
12
13
10
0
3
31
44
28
11
1
1
12
50
17
0
3
15
17
26
26
26
34
34
40
46
60
83
90
92
91
85
65
56
59
62
67
67
53
140
169
96
15
41
14
26
92
265
251
352
665
712
816
974
976
658
527
750
1124
973
302
319
422
298
213
168
113
79
64
77
128
189
224
180
156
165
172
165
160
159
129
147
138
109
87
102
120
102
70
50
47
84
195
130
118
208
235
185
143
115
112
104
99
133
177
224
226
318
356
369
389
405
437
380
215
67
63
396
714
832
731
369
416
455
445
500
623
747
788
875
987
1047
1068
1258
1446
1689
1838
2025
2113
2126
2320
2548
2720
2878
2956
3035
3165
3348
3617
3842
3785
3662
3672
3679
3719
3691
3699
3608
3574
3437
3319
3162
3066
2888
2684
2418
2257
2057
1642
1210
951
607
560
768
1225
1804
2264
2760
3191
3616
4062
4284
4341
4397
4536
4600
4657
4817
4958
5086
5254
5168
5146
5054
4859
4688
4669
4564
4430
4294
4197
3985
3742
3556
3343
3161
2993
2786
2562
2249
1984
1793
1559
1282
985
608
191
15
2
36
323
817
1139
1580
1955
2291
2642
2898
3150
3412
3704
3976
4285
4516
4737
4907
4994
5169
5193
5154
5259
5268
5205
5218
5203
5110
4937
4860
4703
4450
4201
3795
3428
3145
2793
2438
2014
1591
1046
438
119
68
316
841
1360
1819
2267
2722
3210
3623
4041
4436
4842
5106
5433
5556
5791
5909
5929
5947
5930
5802
5730
5543
5392
5130
4954
4786
4581
4348
4035
3807
3549
3305
2896
2567
2140
1833
1409
1129
639
174
55
113
483
902
1333
1806
2287
2848
3364
3690
3919
4083
4285
4630
4908
5075
5212
5381
5319
5329
5290
5289
5371
5459
5316
5313
5297
5166
4975
4819
4576
4173
3757
3354
3064
2646
2237
1736
1467
1062
465
64
83
452
1049
1628
2147
2645
3123
3558
4017
4437
4877
5170
5437
5656
5844
5917
5955
5985
5906
5925
5732
5650
5329
5196
4945
4847
4649
4475
4148
3817
3488
3111
2753
2382
2034
1657
1315
896
395
96
27
53
393
908
1192
1534
1988
2389
6108
3295
3600
3863
4161
4455
4701
4941
5157
5375
5368
5386
5214
7510
4698
4707
4644
4532
4474
4286
4123
3869
3597
3362
3045
2718
2342
1955
1629
1339
1003
659
220
55
49
114
545
908
1326
1641
2022
2419
2795
3221
3572
3879
4106
4340
4485
4714
4762
4879
4928
4883
4874
4829
4807
4671
4548
4427
4268
3960
3776
3618
3423
3087
2894
2616
2335
2050
1814
1521
1307
1072
749
377
60
2
18
257
683
1052
1402
1832
2164
2500
2956
3365
3714
3971
4203
4469
4667
4941
5209
5341
5434
5431
5500
5550
5403
5471
5511
5604
5538
5466
5261
5172
4843
4562
4241
3957
3585
3214
2837
2322
1974
1554
874
227
162
448
1030
1511
1966
2477
2984
3401
3777
4164
4553
4930
5318
5567
5725
5941
6120
6178
6261
6191
6088
5920
5737
5629
5492
5349
5106
4898
4587
4192
3804
3457
3141
2726
2390
2025
1669
1387
1008
653
98
18
79
470
938
1315
1627
1971
2220
2513
2760
3028
3163
3388
3541
3670
3727
3807
3901
3919
3941
3974
3994
3965
3897
3841
3761
3667
3605
3577
3603
3610
3636
3609
3412
3195
2964
2650
2285
2008
1759
1475
1214
931
602
178
32
58
335
764
1133
1480
1751
2061
2349
2740
3110
3417
3688
3988
4130
4212
4314
4332
4466
4542
4480
4333
4251
4074
3960
3978
3894
3831
3637
3424
3163
2775
2494
2160
1932
1763
1561
1303
1073
848
556
367
226
244
249
285
492
703
931
1275
1534
1869
1835
1861
1746
1739
1809
2010
2339
2645
2862
2911
2870
2820
2746
2719
2772
2869
2977
3158
3296
3446
3513
3556
3612
3615
3640
3558
3584
3396
3298
3188
2984
2812
2625
2442
2251
2051
1721
1428
1176
855
533
484
697
1031
1420
1657
1807
1996
2170
2566
3008
3500
3971
4283
4424
4422
4408
4429
4472
4376
4273
4113
3852
3627
3410
3227
3014
2800
2523
2234
1958
1734
1429
1201
955
717
473
179
103
129
182
278
505
746
868
1021
1131
1210
1331
1395
1427
1505
1439
1421
1340
1291
1243
1195
1173
1112
1102
1036
948
842
727
560
484
560
703
789
782
740
684
646
637
697
744
867
974
1061
1137
1233
1295
1395
1423
1618
1646
1745
1894
2015
2182
2203
2244
2319
2394
2377
2489
2509
2504
2483
2512
2513
2305
2125
2153
2047
1821
1636
1483
1194
941
787
742
558
582
877
1113
1311
1537
1839
2176
2479
2638
2852
3077
3352
3560
3828
4125
4373
4545
4686
4723
4747
4726
4780
4642
4684
4646
4696
4740
4873
4802
4771
4769
4642
4467
4305
4060
3750
3384
2990
2637
2309
2014
1699
1356
871
346
170
285
743
1151
1717
2334
2730
3015
3251
3614
4097
4611
5269
5731
6007
6096
6161
6216
6326
6377
6339
6378
6303
6164
5982
5667
5481
5301
5158
4943
4650
4259
3875
3437
3110
2663
2369
2015
1562
1283
900
547
221
87
115
206
518
895
1301
1671
2147
2653
3118
3556
3795
3908
6366
4193
4321
4407
4331
4249
4148
4049
3783
3567
3331
3033
2657
2370
2147
1907
1665
1279
941
733
875
960
519
282
332
233
106
45
28
31
48
130
211
353
376
341
239
264
230
192
172
147
131
88
53
82
65
42
22
5
0
23
74
81
131
33
105
170
108
33
57
61
9
76
32
49
56
22
8
10
3
0
0
0
0
0
5
5
9
12
21
49
57
262
517
441
79
68
150
39
50
52
11
33
16
17
40
38
45
121
230
261
341
337
211
181
145
60
145
1015
1570
1446
777
404
405
493
296
175
168
175
72
23
70
82
56
43
10
18
42
66
73
68
32
47
47
80
129
185
218
224
239
272
297
259
260
224
180
175
179
180
229
322
326
257
132
46
69
41
40
43
26
37
21
32
37
108
157
159
271
372
498
316
135
94
121
95
45
327
592
294
157
144
116
39
42
65
124
107
51
56
122
116
91
71
52
52
75
104
216
222
261
212
280
357
387
350
322
302
258
294
347
302
233
261
198
100
76
85
73
81
57
18
44
98
96
88
131
148
156
154
140
188
234
261
317
278
245
236
251
195
192
107
172
478
459
143
26
33
163
172
94
57
34
19
29
39
32
32
23
24
11
41
129
183
110
60
53
54
46
33
44
60
76
89
95
112
163
183
181
206
225
186
174
150
172
128
135
152
116
101
83
59
32
23
12
11
5
2
2
17
28
72
141
135
166
295
372
204
38
299
782
518
105
425
422
294
331
181
50
123
96
96
73
18
4
7
4
16
24
24
22
9
9
1
8
15
13
2
1
3
0
0
1
1
14
22
2
3
0
1
9
9
41
25
13
18
13
14
9
3
2
1
0
0
0
0
0
0
0
0
0
0
6
0
0
0
0
0
0
0
0
0
0
0
27
6
0
0
3
6
0
0
0
0
0
0
5
1
2
0
0
0
0
0
0
0
0
0
0
2
0
0
0
0
0
0
0
1
12
4
0
0
8
0
0
0
0
0
8
20
4
0
0
1
5
3
0
0
0
0
0
1
0
0
1
7
7
11
32
56
103
152
220
332
455
533
618
704
758
776
924
947
987
1069
1074
1175
1223
1276
1377
1502
1572
1758
1838
1978
2078
2125
2184
2206
2304
2269
2208
2168
1972
1858
1617
1420
1096
748
344
57
0
6
198
699
1069
1558
1896
2258
2568
2897
4968
3390
3609
3781
3988
4053
4127
4188
4271
4258
4251
4307
4232
4176
3969
3812
3700
3610
3448
3391
3240
3027
2775
2603
2305
2013
1772
1488
1307
1055
880
613
290
154
64
23
26
93
273
470
733
987
1165
1404
1684
1922
2030
2273
2461
2599
2732
2877
2922
3071
3200
3276
3380
3427
3400
3329
3276
3146
3090
3081
2993
2904
2752
2595
2358
2070
1926
1745
1597
1434
1215
827
335
101
39
50
48
85
172
340
652
744
881
1091
1156
1265
1251
1236
1158
1008
962
894
934
1074
1136
1129
1059
1014
984
911
770
574
482
412
459
549
602
694
735
731
668
612
536
402
333
295
308
289
258
258
293
321
374
395
401
336
218
165
167
152
168
167
186
208
160
127
133
141
154
168
78
34
19
20
14
17
19
10
7
8
0
0
0
18
48
95
113
321
865
1381
1599
1387
699
588
947
778
814
1253
1178
713
379
306
177
132
123
94
72
91
156
310
563
724
938
1032
1303
1405
1689
1779
1963
2095
2168
2251
2182
2229
2261
2250
2330
2260
2319
2290
2196
2084
2011
1895
1842
1673
1518
1395
1191
1001
739
416
130
17
1
24
118
333
690
961
1235
1476
1758
1927
2163
2258
2382
2437
2576
2748
2961
3025
2952
2884
2820
2843
2679
2691
2715
2697
2756
2606
2344
2155
2038
1902
1835
1739
1638
1537
1316
1072
1005
823
394
213
196
159
108
181
475
730
979
1273
1423
1811
2008
2255
2506
2714
3018
3245
3620
3950
4176
4263
4246
4292
4220
4117
4046
3970
3963
3866
3736
3496
3219
2902
2649
2372
2108
1861
1566
1161
719
230
70
231
746
1356
1911
2377
2842
3375
3863
4277
4702
5088
5281
5349
5216
5189
5231
5225
5235
5145
4902
4768
4731
4605
4461
4119
3760
3392
3058
2732
2387
2048
1730
1396
1083
693
220
157
229
496
789
1065
1369
1586
1966
2239
2530
2760
3020
3410
3679
3898
4207
4351
4412
4503
4509
4571
4499
4340
4239
4109
3907
3864
3885
3913
3735
3466
2976
2454
2038
1698
1378
1083
726
394
190
98
117
301
756
1178
1709
2211
2583
2643
2608
2790
2977
3207
3355
3407
3462
3472
3480
3646
3788
3930
4101
4182
4092
4031
3965
3875
3759
3627
3569
3449
3343
3233
2922
2594
2346
2014
1741
1477
1362
1253
1066
837
501
267
81
48
138
416
748
932
1273
1606
1706
1883
2049
2239
2376
2532
2673
2953
3197
3450
3719
3832
3997
3986
4027
4081
4052
4218
4339
4480
4694
4592
4361
4118
3923
3664
3507
3325
3043
2731
2469
2232
2016
1769
1483
980
511
303
230
251
392
598
902
1074
1294
1442
1617
1763
1963
2087
2227
2123
1997
1922
1831
2765
2680
1515
1450
1454
1353
1278
1176
1139
1009
1005
990
973
929
903
1730
1023
988
925
868
830
771
742
684
562
372
268
174
132
55
27
12
3
8
1
7
37
159
242
388
471
491
412
437
434
474
484
612
805
872
804
941
947
815
679
624
427
326
334
193
144
92
54
53
52
19
20
5
40
91
102
176
161
160
157
193
231
330
393
365
415
462
420
341
223
194
205
229
196
259
434
596
707
726
847
968
1032
1094
1258
1323
1459
1583
1596
1613
1692
1657
1628
1604
1464
1410
1266
1162
936
771
594
482
380
348
313
348
456
714
967
1173
1334
1639
1934
2279
2600
2817
3215
3401
3433
3717
3921
3912
3991
3950
3856
3770
3720
3627
3470
3249
3202
3074
2946
2883
2741
2519
2315
2172
1861
1602
1450
1248
1007
724
479
212
144
199
335
662
1025
1249
1534
1772
1992
2164
2371
2517
2650
2713
2821
2919
2952
3000
3061
3064
3066
3100
3114
3041
3019
2919
2816
2767
2791
2721
2696
2589
2393
2161
2019
1894
1770
1583
1501
1320
1142
997
719
379
156
28
2
2
14
59
240
536
792
1124
1365
1637
1861
2033
2274
2459
2536
2565
2672
2738
2814
2815
2831
2849
2838
2858
2915
2925
2869
2842
2771
2621
2420
2149
1875
1622
1399
1141
876
658
361
185
40
2
0
5
38
168
359
523
605
723
811
833
879
903
961
1023
1069
1170
1294
1485
1526
1477
1397
1314
1279
1214
1186
1088
988
898
769
681
644
555
444
374
337
282
286
268
208
123
119
114
119
107
100
69
21
12
6
9
14
28
14
0
4
13
44
83
112
83
70
93
114
88
49
41
23
31
50
101
155
293
538
660
518
343
201
161
201
240
369
705
669
286
47
25
40
67
113
64
25
5
6
5
7
9
28
21
10
8
3
0
1
7
31
54
58
30
15
13
21
34
50
72
100
121
163
139
113
103
108
129
143
139
126
133
141
133
101
158
276
299
268
244
279
175
63
36
168
390
586
655
568
595
503
290
365
238
287
813
1076
1017
779
472
199
252
621
1057
1124
617
331
775
848
534
312
327
267
185
209
194
151
88
171
208
64
19
84
65
70
191
164
79
51
105
203
298
314
210
89
137
182
178
128
94
179
224
273
331
437
506
712
899
955
1370
1796
2077
2202
2473
2310
1892
1319
783
560
356
379
320
142
186
353
602
822
819
749
863
1138
1309
1077
930
1120
1389
1301
1135
1137
1144
1237
1192
1225
1232
1027
727
531
437
409
437
510
495
468
591
820
903
697
480
483
550
584
517
397
208
234
474
575
580
521
545
604
531
581
1386
657
480
263
150
227
342
343
273
146
114
195
218
232
184
153
121
119
92
75
62
75
100
105
106
131
245
415
598
476
160
633
766
417
452
652
658
404
147
123
123
62
64
73
107
292
369
227
303
324
290
318
347
389
440
486
533
481
418
365
316
317
310
320
427
453
377
352
340
240
335
702
901
883
778
632
539
453
260
177
161
120
93
70
75
48
24
35
57
59
63
56
50
208
695
1420
2180
2385
2099
2170
3030
4210
4944
5132
4561
3384
1843
1087
865
1234
2056
2468
2254
1848
1536
1259
1191
1033
721
1998
2205
2065
2276
2294
2347
2010
1520
1208
1285
1747
1748
1601
1709
2110
2545
2926
2832
2413
1528
588
642
1282
1506
1159
767
669
738
747
778
856
1031
1230
1465
1582
1769
2064
2423
2862
3142
3082
3392
3602
4090
4117
4206
3804
3274
3002
2617
2184
1325
1257
1523
1592
1549
1302
1057
1068
1163
1603
1671
1520
1436
1609
1354
734
486
683
865
1082
1167
1084
632
178
683
1285
1719
1779
1495
1057
340
228
275
127
79
143
212
120
64
16
7
3
17
87
368
933
1806
2299
2087
2357
3364
4687
5006
4785
5182
4508
3473
2538
1524
1306
1553
1567
1687
1841
1716
1362
1182
1000
777
824
1789
2630
3165
3652
4269
4611
5000
4973
4971
4574
3769
2397
1544
1028
739
931
1089
1286
1330
1387
1598
1644
1523
1553
1321
1233
1428
1441
1116
901
887
824
748
1253
1654
1606
1243
960
797
658
652
779
884
960
945
903
816
712
651
900
1152
1358
1447
1414
1169
789
452
1060
1383
1280
895
728
323
155
178
303
528
594
594
674
710
823
955
1013
1117
1154
1165
1146
1108
1054
956
913
794
737
517
321
193
164
146
202
152
59
23
44
68
100
101
117
99
79
61
44
46
50
38
20
5
5
3
3
0
1
8
13
20
15
8
8
1
0
1
2
3
5
2
0
2
4
3
1
0
6
19
33
38
49
51
46
56
77
97
121
115
123
154
167
164
145
111
99
136
172
188
220
238
226
218
218
342
305
157
80
185
229
182
126
15
153
207
114
7
81
99
173
120
132
257
311
171
84
174
205
287
335
293
298
380
289
310
352
355
227
277
456
337
233
326
242
187
126
229
200
233
183
67
186
159
113
158
106
109
93
103
137
135
79
130
109
76
43
99
113
38
91
84
44
34
26
71
77
27
92
59
61
16
85
65
83
99
61
49
49
63
72
90
89
74
77
120
145
195
193
257
194
151
131
150
122
155
152
342
129
80
101
110
166
140
166
167
96
44
100
309
664
832
639
295
158
250
439
654
472
514
256
128
175
115
180
307
262
286
193
183
440
445
369
304
307
447
360
309
213
281
334
301
351
394
371
414
358
290
282
290
199
154
202
226
122
101
58
105
69
54
86
77
93
75
82
84
77
62
76
47
51
40
54
43
26
33
64
88
59
118
104
42
15
70
50
49
37
61
88
38
50
50
22
48
69
51
118
60
77
105
38
41
40
73
70
27
57
35
10
25
32
67
40
67
63
22
36
17
58
49
105
89
4
30
41
17
86
49
38
75
31
37
43
48
97
16
102
52
0
32
74
66
83
14
73
42
33
78
70
89
66
98
101
38
38
82
91
84
86
129
87
46
5
48
88
107
97
113
74
149
104
39
82
131
142
121
120
158
165
67
54
170
240
211
139
140
162
191
178
163
232
363
424
378
460
498
483
485
446
640
722
710
689
578
570
523
445
429
341
291
199
70
181
174
104
107
213
271
204
119
99
140
122
45
71
153
160
212
190
279
300
301
237
322
424
568
561
631
515
371
271
332
379
435
364
387
320
417
522
564
546
392
376
285
240
209
136
166
164
157
186
155
134
159
136
172
143
173
166
171
237
521
614
703
694
666
834
997
1011
1298
1482
1571
1721
1535
1651
1657
1769
1892
2003
2363
2414
2376
2532
2696
2661
2681
2781
2840
2845
2888
2856
2824
2830
2725
2691
2553
2510
2356
2253
2171
1900
1822
1585
1452
1147
897
515
230
11
0
0
39
178
599
877
1200
1543
1765
2006
2246
2448
2696
2896
3062
3263
3479
3676
3757
3841
3889
3942
3982
3937
3951
3914
3983
4011
3984
3860
3805
3723
3624
3542
3509
3435
3325
3256
3176
3127
2946
2851
2774
2752
2596
2448
2271
2117
1878
1699
1457
1163
950
608
216
46
33
96
309
611
988
1200
1553
1896
2383
2766
3071
3248
3477
3685
3954
4008
4071
4273
4296
4267
4228
4105
4076
3994
3959
4120
4136
4060
3955
3880
3739
3530
3340
3116
2921
2744
2371
1995
1678
1392
1212
927
405
164
239
582
1074
1489
1912
2229
2572
2947
3277
3525
3708
4005
4266
4566
4746
4779
4808
4733
4593
4607
4516
4421
4352
4253
4210
4053
3874
3735
3595
3406
3194
2941
2746
2464
2163
1843
1541
1291
984
712
324
55
12
42
148
333
649
1011
1376
1614
1893
2182
2403
2576
2782
2940
3095
3197
3357
3493
3605
3714
7478
3956
3913
3837
3829
3808
3790
3735
3656
3672
3643
3589
3547
3477
3342
3124
4206
2149
1894
1662
1399
1110
789
352
70
3
21
154
535
957
1333
1592
1918
2205
2415
2656
2871
3119
3297
3436
3539
3615
3656
3579
3638
3566
3533
3446
3323
3231
3182
3018
2934
2769
2676
2498
2314
2089
1949
1788
1575
1408
1207
1026
768
441
234
84
40
54
159
341
651
864
1099
1327
1541
1709
1913
2124
2347
2495
2686
2903
3066
3241
3352
3426
3445
3490
3400
3376
3349
3290
3302
3314
3325
3357
3317
3265
3185
3115
3060
2945
2810
2646
2482
2129
1806
1484
1209
776
405
45
5
76
655
1186
1583
2058
2413
2821
3199
3419
3721
4040
4276
4441
4586
4694
4666
4476
4430
4290
4107
3962
3836
3720
3633
3482
3300
3087
2919
2741
2589
2328
2086
1807
1596
1357
1206
977
768
403
127
21
0
0
29
210
576
898
1139
1435
1775
2016
2352
2643
3019
3245
3374
3520
3666
3740
3716
3621
3493
3298
3174
2986
2715
2421
2086
1792
1528
1341
1134
909
728
493
337
459
527
381
385
580
578
229
173
139
76
186
465
355
95
186
580
734
676
724
867
946
1136
1155
1044
872
894
882
792
670
582
524
533
503
504
404
196
210
392
511
236
84
82
151
117
22
2
13
11
17
35
22
35
103
214
325
352
240
209
418
620
870
1282
1363
995
1032
2277
2345
1436
632
561
452
291
329
493
249
72
36
47
62
101
107
125
131
122
113
112
148
157
152
192
203
265
308
332
343
314
265
291
254
304
333
328
288
211
125
94
57
34
31
31
30
24
17
16
7
7
8
5
17
145
306
474
586
589
413
200
89
79
51
54
78
248
361
392
265
118
65
192
300
167
50
232
636
684
385
155
102
106
90
62
57
57
28
16
14
28
46
31
34
14
7
5
10
10
5
2
3
1
1
0
0
5
30
33
28
16
7
6
8
16
11
16
25
34
40
40
36
66
75
129
155
158
134
107
116
150
163
152
150
158
137
156
139
114
68
34
25
14
3
1
0
0
12
18
3
0
0
7
6
2
0
2
17
39
64
94
148
200
183
201
193
224
239
156
107
78
218
353
323
120
251
252
151
75
36
21
22
20
12
1
2
2
3
5
7
8
7
5
4
4
3
3
4
3
11
14
28
43
45
57
80
71
88
97
94
99
87
79
75
86
71
65
43
39
40
35
24
15
12
1
0
1
0
0
0
0
0
0
0
0
0
0
0
3
0
3
4
6
25
28
79
112
90
117
171
203
247
248
248
257
179
155
552
702
245
889
718
281
73
64
58
54
89
72
13
0
0
0
0
0
0
0
0
0
0
0
0
0
0
0
1
18
7
6
7
14
35
35
43
52
65
65
89
100
123
120
132
111
109
102
123
131
93
67
23
10
26
15
6
14
1
2
2
2
21
87
83
43
44
38
68
96
167
136
61
29
271
642
823
557
216
492
540
236
220
297
309
235
210
228
223
236
210
174
156
155
130
116
97
41
10
4
4
19
9
5
18
17
10
7
3
5
18
14
10
35
101
255
335
315
269
211
216
219
227
254
232
178
110
75
75
88
78
68
104
90
41
12
37
98
109
126
40
21
10
2
9
28
90
147
156
39
3
3
1
1
4
10
37
116
182
175
127
119
118
93
100
173
268
385
338
158
1051
1269
939
125
21
14
93
263
234
121
51
14
18
48
51
52
27
32
25
4
17
13
19
13
21
3
25
118
321
457
521
563
501
407
294
350
481
685
903
882
840
773
619
538
302
135
38
15
11
6
9
14
47
146
246
480
573
492
545
624
567
541
546
563
494
444
428
350
237
191
156
122
118
96
58
95
99
80
53
65
81
114
116
147
147
154
195
213
212
181
214
277
246
139
73
54
87
196
319
398
396
331
445
469
391
265
250
305
396
460
520
436
315
254
189
163
152
132
85
33
18
17
48
106
146
261
298
274
238
303
396
429
447
371
199
94
77
217
82
192
480
247
91
31
17
36
75
60
30
14
19
11
7
1
3
0
32
10
0
2
5
8
1
0
0
0
1
6
1
4
9
11
13
17
19
25
43
42
62
52
72
73
73
58
56
58
62
54
58
55
25
17
41
85
45
30
31
43
35
73
59
25
2
0
0
0
0
3
2
9
9
10
11
16
20
15
23
43
60
105
111
90
119
143
153
115
101
74
35
61
70
81
69
69
67
34
19
17
20
28
26
17
12
4
6
5
6
4
3
0
2
13
8
0
0
2
0
0
0
4
0
0
1
1
0
0
8
2
0
0
0
0
4
0
0
0
0
0
1
0
0
0
0
0
4
1
1
10
17
15
18
11
10
4
2
5
6
11
16
23
67
60
53
66
60
57
49
47
38
36
32
39
36
29
23
23
36
31
21
21
31
26
34
38
30
46
45
53
56
56
64
46
45
215
39
52
50
59
59
82
52
60
68
49
25
13
10
2
5
1
0
1
0
0
0
0
1
0
0
0
1
14
71
242
485
636
759
847
874
768
652
501
359
390
546
721
862
1118
1536
1672
1806
2066
2304
2543
2659
2765
2825
2865
2800
2843
2889
3154
3289
3388
3364
3328
3379
3436
3589
3674
3500
3275
3105
2986
2937
2722
2341
1846
1532
1220
941
728
620
384
344
863
1372
1753
2157
2619
3081
3503
3738
3992
4130
4455
4663
4778
4921
4942
4897
4848
4813
4731
4643
4546
4390
4199
4147
4015
3892
3773
3546
3290
3098
2849
2579
2358
2054
1904
1708
1380
1350
966
808
445
172
79
13
0
13
44
95
202
372
502
561
697
756
835
896
907
991
1089
1043
1154
1094
1136
1211
1241
1323
1425
1448
1494
1534
1544
1626
1632
1661
1585
1502
1382
1326
1181
1053
931
808
660
387
334
261
254
297
276
219
123
11
2
5
21
20
13
2
0
1
10
15
24
27
18
6
5
4
0
0
0
0
0
1
18
69
71
52
31
33
26
13
3
1
0
0
3
10
33
58
82
46
34
26
19
13
5
1
0
0
0
0
0
0
0
0
0
0
0
0
4
1
3
1
2
8
4
4
13
22
26
43
46
44
42
50
56
63
74
64
58
59
78
79
117
110
82
69
80
71
180
253
226
139
137
129
189
304
435
422
363
357
297
285
381
468
501
518
584
656
743
869
957
1019
1080
1355
1635
1662
1522
1186
929
815
776
725
588
532
480
442
362
254
143
81
75
141
276
307
324
372
622
875
1052
1124
1316
1491
1690
1943
2097
2213
2373
2501
2690
2808
2875
2924
2958
2963
3013
2984
2971
2949
2889
2814
2804
2733
2677
2658
2629
2526
2399
2352
2239
2078
1928
1757
1686
1471
1393
1183
1037
781
536
393
168
6
116
323
676
928
1226
1507
1764
1937
2246
2451
2695
2928
3074
3299
3453
3623
3650
3663
3737
3744
3822
4040
4186
4295
4409
4216
4228
4183
4011
3877
3829
3704
3537
3369
3090
2878
2611
2345
2042
1691
1349
973
466
57
0
12
228
783
1231
1631
2071
2506
2971
3390
3827
3965
4107
4114
4248
4191
4088
4019
4060
4092
4137
4127
4042
3810
3575
3492
3447
3296
3145
2905
2476
2191
1936
1737
1610
1517
1343
1183
929
500
157
57
323
641
938
1175
1478
1713
1976
2277
2512
2733
2940
3141
3297
3516
3643
3740
3802
3838
3782
3749
3756
3689
3708
3636
3566
3466
3410
3314
3183
3028
2885
2645
2421
2101
1846
1481
1210
901
437
20
37
633
921
1315
1623
2012
2323
2675
2939
3271
3484
3713
3872
3977
3998
4061
4051
4025
6318
4073
4051
4170
4134
3857
3621
3571
3469
3280
3226
3335
3232
2889
2568
2319
2148
1985
1755
1604
1403
1119
839
630
431
227
109
172
348
589
877
1111
1360
1673
1936
2336
2639
2833
2968
3095
3216
3439
3642
3868
4067
4123
4171
4188
4151
4136
4203
4229
4251
4194
3994
3870
3782
3672
3509
3435
3396
3278
3092
2782
2513
2069
1726
1468
1155
720
165
135
277
703
1163
1643
2062
2367
2709
2981
3164
3289
3514
3623
3729
3740
3766
3829
3891
3943
3859
3711
3564
3491
3378
3263
3050
2777
2513
2275
1983
1716
1428
1140
829
512
189
64
51
112
279
476
678
925
1108
1361
1559
1739
1996
2204
2334
2422
2606
2697
2848
2955
3077
3147
3159
3194
3172
3132
3113
3096
3065
2934
2787
2658
2527
2335
2118
1909
1722
1481
1215
937
545
143
18
6
63
330
748
1048
1483
1727
2103
2313
2687
2929
3146
3327
3446
3504
3579
3629
3655
3607
3544
3453
3312
3196
2986
2829
2628
2417
2145
1930
1652
1482
1203
1003
682
307
88
49
47
91
266
573
834
1010
1317
1514
1845
2054
2249
2533
2729
2878
3080
3252
3365
3534
3643
3574
3447
3405
3417
3443
3370
3206
3114
3063
3130
3130
2957
2712
2655
2576
2317
2072
1943
1796
1239
1124
985
951
1555
1952
2170
2266
2537
2863
2953
3411
3940
4353
4606
4714
4780
4919
5146
5209
5122
4973
4877
4598
4319
3968
3682
3363
2976
2571
2264
1685
1039
619
725
1060
1389
1758
1933
2004
2063
2199
2314
2458
2547
2654
2733
2822
2893
2940
2880
2773
2472
2256
2010
1747
1558
1391
1094
852
631
536
365
310
194
67
62
64
40
56
72
113
172
116
58
63
101
185
201
145
148
131
115
137
127
74
42
44
81
149
296
378
311
111
370
581
831
1005
1213
1374
1530
1555
1523
1419
1392
1413
1470
1341
1348
1264
1054
834
708
573
340
198
166
193
91
109
366
397
354
303
411
726
1002
1161
1325
1480
1479
1483
1583
1605
1498
1534
1383
1139
1001
1071
1134
976
730
583
496
389
252
128
102
142
162
121
60
36
28
46
65
70
78
83
65
36
16
22
25
64
48
215
686
1078
1059
686
475
339
151
119
128
161
70
39
72
104
72
30
34
88
123
124
117
131
161
206
290
349
292
208
136
86
96
90
75
63
46
28
12
3
6
44
130
255
394
746
987
1096
1174
1259
1362
1363
1517
1538
1524
1482
1550
1573
1536
1523
1548
1380
1268
1195
998
889
727
501
263
103
40
33
214
556
827
1107
1316
1656
1871
2195
2458
2554
2714
2769
2684
2539
2547
2595
2561
2700
2733
2679
2832
2869
2920
3011
3084
3049
3054
3029
2998
2904
2829
2751
2569
2435
2267
2051
1870
1558
1906
713
248
19
10
117
580
1105
1511
1911
2320
2581
2904
3299
3762
4043
4348
4499
4684
4806
4856
4901
4808
4615
4437
4382
4362
4336
4178
4005
3879
3762
3601
3367
3166
2911
2630
2377
2090
1767
1534
1300
981
644
287
44
11
125
558
895
1238
1604
1930
2242
2551
2924
3227
3536
3722
3951
4125
4269
4400
4438
4473
4481
4502
4556
4599
4600
4530
4499
4395
4241
3970
3768
3424
3061
2816
2537
2164
1895
1504
1083
561
134
41
24
204
554
861
1179
1540
1991
2330
2785
3175
3505
3820
4133
4325
4563
4770
4937
5095
5141
5158
5144
5113
5013
4991
4902
4790
4605
4427
4184
3892
3598
3302
3016
2737
2409
2102
1830
1448
1143
848
367
97
44
65
405
812
1088
1362
1662
1926
2093
2292
2463
2645
2823
3068
3260
3464
3715
3856
3979
4017
4005
3901
3778
3583
3522
3401
3339
3293
3294
3204
3122
2951
2634
2395
2216
2051
1779
1500
1155
862
383
165
30
0
21
202
667
1040
1380
1592
1741
1817
1824
1936
1999
2045
2044
2004
1938
1960
1838
1679
1603
1497
1392
1237
1038
905
756
583
533
464
450
355
291
227
129
51
33
34
53
62
54
38
53
48
58
76
133
177
280
314
325
362
412
443
429
407
340
313
277
220
158
100
62
31
22
15
15
23
33
25
27
27
15
11
3
0
8
9
2
23
76
99
57
89
44
129
281
446
544
536
412
189
103
49
174
391
552
529
319
547
830
535
394
409
344
223
257
297
275
280
326
373
366
423
444
510
525
523
502
432
322
246
146
89
27
11
30
27
4
0
0
14
47
105
128
129
198
201
275
323
231
132
86
72
43
16
0
1
2
5
9
13
17
21
7
4
2
21
89
269
466
584
718
722
752
890
940
1056
1185
1264
1372
1493
1544
1540
1475
1365
1300
1246
1222
1229
1066
939
890
837
800
670
551
448
307
63
6
4
9
14
45
107
139
184
333
451
542
550
572
458
347
301
366
451
429
401
481
670
777
512
457
631
519
454
402
373
352
357
398
358
329
298
223
168
119
94
52
51
30
31
36
40
15
12
14
11
35
38
26
19
24
21
38
37
26
35
25
15
26
57
74
121
244
347
309
175
167
204
138
120
151
338
407
336
284
334
184
125
174
203
192
241
302
317
283
196
166
147
126
122
110
103
48
28
19
22
10
8
2
0
2
7
2
0
0
0
5
11
24
23
32
35
59
108
123
103
87
70
38
199
490
472
153
158
480
393
111
12
98
44
22
9
10
10
3
1
1
3
1
7
17
32
41
33
55
41
45
76
80
108
104
110
94
71
129
130
95
87
69
84
85
60
40
27
32
37
24
6
5
5
2
2
1
0
0
0
2
3
9
18
14
3
5
4
23
25
47
80
71
66
97
85
80
95
120
101
51
17
12
44
76
122
127
85
52
31
15
8
8
21
32
18
16
10
9
1
8
15
22
15
11
8
19
33
19
7
13
39
95
103
74
72
89
130
174
177
179
176
179
210
178
200
180
150
104
72
54
40
33
30
19
7
12
9
7
2
0
2
1
1
4
4
6
0
2
9
26
46
48
48
75
137
289
382
337
312
350
285
153
92
198
370
174
166
428
497
326
124
59
52
83
67
56
19
16
10
1
5
2
3
3
0
2
1
3
1
0
0
0
2
0
0
2
4
10
24
21
29
32
43
61
59
64
70
66
110
127
118
89165
0
0
0
0
0
0
0
0
0
0
0
0
0
0
0
0
0
0
0
0
0
0
0
