18410
2850
3654
4309
4524
4529
4445
3961
3502
2968
2345
1883
1688
1547
1500
1479
1576
1718
2074
2530
2779
2951
2957
2951
2732
2397
1991
1630
1315
1341
1244
1244
1137
1124
1289
1408
1368
1252
1124
1079
1157
1232
1323
1319
1389
1480
1628
1676
1734
1729
1765
1827
2121
2552
3137
3466
3720
3826
3759
3527
2851
2081
1271
1156
1357
1217
992
912
876
896
814
666
678
629
883
1113
912
541
464
417
458
544
519
508
399
317
253
324
468
557
508
418
414
441
379
224
62
14
3
0
3
9
7
9
53
88
84
61
52
34
47
149
35
77
43
8
2
2
3
5
8
0
0
0
0
1
0
0
0
0
1
0
5
5
11
16
14
12
0
0
3
3
0
2
0
0
0
0
0
0
0
0
0
0
0
0
0
0
0
0
0
0
0
0
0
0
0
0
3
10
17
15
9
7
4
12
16
5
12
15
11
10
16
59
90
81
50
26
20
15
11
9
11
15
20
32
58
78
50
32
9
1
0
0
0
0
2
3
8
8
4
1
0
0
1
4
10
5
0
0
0
0
0
15
23
3
0
2
0
0
0
0
0
0
0
0
0
0
0
0
0
0
0
3
8
0
19
18
18
1
2
0
0
0
0
2
7
1
0
0
7
52
22
0
2
4
0
0
0
4
0
0
0
0
0
0
4
22
20
18
24
17
17
1
0
0
0
14
30
39
22
1
1
0
0
1
14
12
23
33
54
33
20
16
14
36
31
3
4
4
0
1
1
3
0
0
4
12
18
41
64
55
25
20
15
8
6
14
16
19
21
19
12
7
2
0
0
1
2
0
3
9
1
2
26
198
347
497
403
291
235
438
605
529
396
257
207
113
32
68
98
70
14
0
7
23
16
2
0
19
117
126
59
10
23
58
10
23
35
18
3
5
34
52
89
77
34
0
0
3
6
9
23
27
10
15
26
33
22
54
21
1
1
5
7
37
25
39
59
48
29
30
40
27
4
1
9
1
0
0
0
0
0
15
13
2
15
19
31
31
25
16
12
46
50
113
173
156
105
100
88
58
66
72
64
56
31
41
38
9
23
25
8
3
1
0
1
0
0
0
4
9
37
96
184
264
323
354
372
372
330
276
218
191
167
168
186
219
174
147
136
138
165
254
277
229
190
121
85
79
71
62
63
43
40
21
5
8
5
14
86
55
109
218
304
327
305
230
179
220
267
327
413
324
200
103
58
84
168
255
255
193
116
85
87
110
60
62
68
75
180
307
371
318
220
178
156
182
188
121
55
37
158
353
469
448
493
538
483
428
351
367
344
280
160
101
150
160
235
271
224
148
212
362
445
425
344
281
112
72
103
157
102
47
188
255
192
103
52
93
193
204
157
94
53
58
115
164
201
229
221
179
138
141
169
167
155
141
123
107
62
25
9
6
2
4
24
52
46
33
25
20
37
63
50
13
5
26
55
49
26
10
8
1
0
0
1
3
4
2
0
0
0
0
0
1
4
10
32
72
79
50
17
2
1
2
4
1
0
6
9
10
7
6
11
1
0
2
0
0
0
3
4
9
51
377
989
1451
1737
2278
2377
2197
1722
1399
1225
823
671
560
441
323
230
215
234
241
225
279
358
444
484
506
515
542
566
549
513
514
568
985
1406
1988
2432
2510
2403
2214
2143
2067
2104
2000
1583
1088
1075
1091
1045
913
787
675
652
641
470
399
456
468
489
540
595
798
732
577
682
638
555
524
589
633
702
751
813
892
821
781
830
813
897
855
869
788
565
368
242
344
549
783
859
930
993
934
717
546
404
391
418
526
626
681
716
648
509
439
380
312
208
150
81
96
123
132
120
136
83
19
8
53
66
74
95
114
108
93
69
51
39
36
29
21
2
7
25
45
80
140
191
311
414
502
547
544
479
437
436
424
337
328
342
372
547
729
992
1453
2144
2760
3010
3148
3394
3299
3519
3727
3591
3284
2667
2378
2004
1367
702
636
533
566
711
606
355
268
329
370
354
317
273
268
306
371
302
184
252
303
284
122
30
38
39
24
5
6
10
34
52
34
6
0
1
0
0
1
1
4
3
5
7
3
0
0
0
0
0
0
0
0
0
4
7
7
11
6
0
8
20
20
36
68
112
134
118
54
4
0
12
52
86
74
31
2
2
0
0
0
0
0
0
0
0
0
0
0
0
0
0
0
0
0
0
0
0
0
0
0
0
0
0
0
0
0
0
0
0
0
0
0
0
0
0
0
0
0
0
0
0
0
0
0
0
0
0
0
0
0
0
0
0
0
0
0
0
0
0
0
0
0
1
2
0
0
0
0
0
0
0
0
0
0
0
0
0
0
0
0
0
0
0
0
0
0
0
0
0
0
0
0
0
0
0
0
13
24
21
11
3
8
17
15
5
30
40
29
11
1
0
0
0
0
0
0
0
0
0
0
0
0
0
0
0
0
0
0
0
0
0
0
0
0
0
0
0
0
0
0
0
0
0
0
0
0
0
0
0
0
0
0
0
0
0
0
0
0
0
0
0
0
0
0
0
0
0
0
0
0
0
0
0
0
0
0
0
0
0
0
0
0
0
0
0
0
0
0
0
0
0
0
0
0
0
0
0
0
0
0
0
0
0
0
0
0
0
0
0
0
0
0
0
0
0
0
0
0
0
0
0
0
0
0
0
0
0
0
0
0
0
0
0
0
0
0
0
0
0
0
0
0
0
0
0
0
0
0
0
0
0
0
0
0
0
0
0
0
0
0
0
0
0
0
0
0
0
0
0
8
11
0
0
1
3
0
0
0
0
0
0
0
0
0
0
0
0
0
0
0
0
0
0
0
0
0
0
0
0
0
0
0
0
0
0
0
0
0
0
0
0
0
0
0
0
0
0
0
0
0
0
0
0
0
0
0
0
0
0
0
0
0
0
0
0
0
0
0
0
0
0
0
0
0
0
0
0
0
0
0
0
0
0
0
0
0
0
0
0
0
0
0
0
0
0
0
0
0
0
0
0
0
0
0
0
0
0
0
0
0
0
0
0
0
0
0
0
0
0
0
0
0
0
0
0
0
0
18
88
169
199
151
42
6
0
18
43
29
2
0
0
0
0
38
26
3
0
8
6
26
15
0
15
16
6
2
0
1
17
4
6
4
8
1
11
16
7
2
34
99
263
450
585
595
542
492
333
240
285
338
318
221
108
159
224
166
111
100
191
198
89
61
10
3
1
0
1
0
0
0
0
7
5
10
25
15
14
10
7
6
6
18
39
103
169
224
241
257
260
223
154
121
120
147
222
262
374
473
626
725
810
857
939
965
1159
1262
1377
1468
1606
1724
1826
1928
1954
1836
1752
1733
1754
1612
1465
1367
1269
1085
867
639
415
196
133
145
185
253
296
451
659
799
889
1027
1130
1183
1318
1360
1385
1420
1358
1351
1345
1318
1271
1267
1200
1099
1081
1027
1001
975
902
836
803
731
669
631
578
542
492
427
421
369
323
262
245
217
183
174
126
85
36
13
1
0
0
0
1
6
5
2
0
0
0
4
30
8
19
22
23
13
19
9
0
0
0
0
0
0
0
0
0
0
0
0
0
0
0
2
3
3
2
0
0
0
0
0
0
4
8
11
8
9
8
3
4
9
8
7
3
0
1
7
19
23
38
40
15
1
0
3
4
7
4
1
1
0
2
9
8
0
3
3
1
0
0
0
0
0
0
0
0
0
0
0
0
0
0
2
0
0
0
0
0
0
0
0
0
0
0
0
0
0
0
0
0
0
0
0
0
0
0
0
0
1
0
0
7
15
17
13
7
12
5
2
1
0
0
0
0
0
0
0
0
0
0
0
0
0
0
0
0
0
0
4
57
186
309
395
442
464
487
430
257
189
95
23
79
202
355
380
359
447
352
193
136
72
3
51
71
12
16
85
43
13
42
84
24
7
54
103
18
4
18
10
0
1
1
0
0
0
0
0
0
0
0
0
0
0
0
0
0
0
0
0
2
0
0
0
0
0
0
0
0
1
1
5
27
40
45
19
0
1
13
16
0
0
0
0
0
0
0
0
0
0
3
0
0
0
9
13
11
6
1
2
8
12
0
4
3
1
0
0
0
0
0
0
0
0
0
0
0
0
1
0
2
1
2
2
0
0
1
0
2
0
0
0
0
0
0
0
0
0
0
0
0
0
0
3
12
2
0
1
4
1
0
0
0
0
0
0
0
0
6
4
0
0
0
0
0
0
2
2
3
4
0
0
0
0
0
0
0
1
0
0
0
0
1
0
0
1
2
0
0
0
0
0
0
0
0
0
0
0
0
0
0
0
9
4
0
0
2
2
0
0
1
0
0
0
0
0
0
0
0
0
0
0
0
4
6
5
8
31
78
90
80
99
127
138
117
81
43
18
4
1
4
3
18
18
6
7
18
26
14
1
0
0
0
0
0
14
19
9
6
1
0
0
0
0
0
0
0
0
13
13
0
0
2
6
20
31
40
30
25
2
2
0
16
64
68
28
21
12
54
58
39
15
4
1
0
6
12
8
2
1
2
1
5
17
11
0
3
20
18
4
2
4
4
5
4
4
3
2
2
0
0
1
2
4
3
3
1
6
4
0
0
1
3
0
0
0
0
1
3
0
1
0
0
0
2
2
2
7
15
12
5
13
2
0
0
0
0
0
0
0
0
0
0
16
29
0
0
39
47
2
2
15
12
3
0
0
0
0
0
0
0
0
0
0
0
0
11
32
16
0
0
0
0
0
0
0
16
31
34
16
4
2
4
1
0
0
0
1
0
1
0
0
0
0
0
28
16
18
13
5
2
0
26
25
1
0
23
16
12
14
11
0
1
1
2
2
4
5
0
4
3
6
4
0
3
0
0
20
22
0
30
24
8
3
29
52
54
49
61
67
55
35
5
7
22
2
0
0
0
0
0
0
0
0
0
0
0
0
0
0
0
0
0
0
0
0
0
0
0
0
1
5
11
13
8
3
1
1
1
1
1
0
19
3
4
3
30
13
2
2
1
2
2
0
0
0
0
0
0
0
0
7
35
15
30
23
3
16
34
22
7
1
21
33
22
13
6
0
0
0
0
0
0
3
4
0
0
0
0
0
0
0
9
14
0
0
0
0
0
0
0
0
0
0
1
8
0
0
19
18
1
0
1
0
0
0
0
2
0
0
3
1
0
4
5
5
3
0
2
7
1
0
0
0
0
0
0
0
3
0
0
0
0
0
0
0
0
0
6
4
2
0
0
0
0
0
0
0
7
13
4
40
97
205
233
337
502
800
1197
1509
1457
1508
1451
1507
1489
1410
1331
1181
1175
1105
1135
1038
1047
1059
1141
1074
965
816
770
707
759
716
621
583
597
580
649
671
664
627
600
526
398
367
272
263
249
221
157
189
156
178
196
185
208
249
230
334
285
204
142
96
104
135
285
479
589
747
889
1010
1130
1213
1296
1307
1353
1396
1264
1176
1119
1323
1342
1147
768
713
890
1223
1228
1012
631
323
449
558
622
531
425
327
241
175
90
6
7
19
18
32
74
107
109
109
106
77
31
25
23
21
22
26
23
20
17
27
38
280
553
659
701
508
324
290
278
492
648
608
486
444
396
236
37
32
77
89
61
50
103
180
219
222
199
175
158
148
125
110
146
114
78
45
37
10
8
2
7
10
67
194
319
322
245
244
202
128
39
30
92
132
116
81
43
10
9
10
1
6
4
0
0
2
3
3
3
0
0
0
1
6
19
17
10
9
8
1
3
0
0
0
0
0
0
0
3
19
23
31
83
83
181
433
600
617
422
422
400
354
252
192
182
176
248
234
172
122
88
78
80
66
51
38
95
182
292
253
113
23
14
25
10
43
105
88
68
80
43
15
63
67
71
60
73
111
93
111
72
27
29
64
51
55
54
79
79
52
73
91
151
158
144
163
252
301
387
396
274
85
213
307
312
274
257
139
83
191
209
167
85
26
19
29
24
11
10
6
7
27
17
5
3
9
17
5
1
0
0
2
2
4
4
14
32
41
51
49
43
57
65
79
79
97
72
38
15
4
4
18
56
42
123
254
333
278
100
41
107
101
44
23
32
41
46
58
156
126
71
49
3
14
43
79
119
135
81
1
18
51
63
58
35
6
146
273
379
518
429
180
230
380
509
576
530
507
557
572
495
385
159
46
137
156
142
175
210
218
178
120
16
9
12
16
13
0
2
4
2
24
87
123
138
137
99
75
46
4
27
25
61
46
113
167
219
231
236
211
146
72
76
133
163
170
175
186
173
143
132
153
132
77
64
87
82
65
94
189
235
237
316
347
319
305
275
182
141
115
89
99
104
56
29
69
70
46
26
21
23
34
20
9
8
8
4
8
16
34
29
51
70
86
114
122
132
125
113
103
90
91
89
107
122
118
81
44
6
1
5
22
33
27
8
6
4
4
19
17
2
9
23
33
22
10
6
9
17
35
44
33
9
0
0
0
0
0
0
1
0
0
0
0
0
0
0
0
2
0
2
4
4
2
10
8
0
3
2
1
0
0
0
0
0
0
0
0
1
0
0
6
3
1
3
5
10
13
17
21
45
91
112
148
232
273
242
325
420
444
387
358
374
321
206
130
98
98
122
149
148
102
50
7
2
0
7
58
197
334
374
236
30
56
62
40
60
80
72
66
58
56
55
35
37
21
14
27
22
5
0
2
7
6
5
0
0
11
12
8
6
8
13
28
36
57
84
121
178
239
315
329
344
292
287
222
200
204
294
415
411
411
385
450
518
555
593
579
327
134
233
223
166
94
77
54
5
31
93
113
81
87
101
110
125
130
184
188
170
254
364
384
308
255
202
179
157
163
176
160
130
70
73
70
144
216
201
188
190
179
149
81
20
15
33
38
2
5
35
47
45
28
15
6
2
6
25
73
128
215
279
385
377
305
322
372
482
744
905
1305
1671
1919
1965
1752
1464
1249
1047
852
616
444
254
203
192
157
118
71
76
59
57
78
199
59
24
56
151
252
367
465
445
381
326
332
384
336
327
309
251
210
251
270
222
237
383
426
554
524
408
346
396
483
549
673
659
641
605
526
484
570
692
860
880
870
843
439
275
326
303
236
200
250
424
646
798
834
799
576
366
327
263
241
182
186
217
214
189
125
176
269
298
270
439
634
682
551
637
763
877
1001
991
926
777
637
283
84
416
683
884
1122
1040
1134
1328
1532
1643
1770
1667
1248
890
635
396
333
438
350
337
311
342
380
442
475
408
365
366
366
364
438
605
965
971
650
529
475
530
373
271
361
411
474
453
346
267
186
158
171
179
190
103
63
138
148
137
128
160
201
188
229
314
357
407
366
172
23
4
51
187
149
91
91
153
260
286
315
339
293
205
101
23
2
1
6
13
8
10
6
2
0
0
0
0
0
0
0
0
0
5
37
40
58
98
73
63
53
29
7
2
41
33
15
4
12
37
55
0
15
71
71
40
33
24
19
24
32
21
2
36
19
51
303
644
957
1151
1177
1310
1378
1481
1458
1468
1443
1303
1280
1188
1083
906
768
913
852
716
690
543
415
408
227
173
328
407
455
386
344
230
65
33
122
169
156
155
145
126
100
76
80
131
187
220
216
178
150
82
108
139
171
134
69
50
50
38
28
45
52
84
102
121
100
78
40
27
28
30
26
22
43
53
50
52
71
47
39
85
156
321
566
747
953
1091
1170
1102
943
927
884
916
803
697
434
213
96
89
93
82
78
120
114
58
63
122
154
148
166
135
109
72
97
193
255
205
141
146
128
130
159
183
127
65
87
101
82
72
39
63
122
190
160
261
346
384
380
311
246
268
245
212
135
91
139
227
266
295
359
309
254
186
214
333
391
361
316
280
362
453
517
573
597
547
488
449
405
333
249
155
64
5
0
5
13
22
40
41
12
0
2
3
3
3
10
12
22
37
72
95
112
112
116
221
270
218
153
94
88
56
23
9
12
2
0
0
0
0
0
0
0
0
10
7
3
12
4
6
7
11
36
39
19
13
4
33
54
66
54
44
40
98
214
289
346
320
186
77
23
37
148
336
653
958
1197
879
281
185
173
114
42
32
60
50
25
12
7
2
0
4
4
16
56
121
180
237
277
287
207
108
110
59
153
309
253
262
303
401
188
147
148
151
106
133
134
150
37
7
3
1
2
2
0
0
0
0
0
0
0
0
0
0
0
0
0
0
0
0
0
0
0
0
0
0
0
0
0
0
0
0
0
0
0
0
0
5
11
1
0
10
8
7
12
0
0
2
0
0
3
0
0
5
0
0
0
7
7
1
12
24
12
28
28
27
27
22
14
143
366
632
900
1393
1583
1699
1670
1517
1193
974
772
528
351
311
344
344
324
424
411
334
247
180
217
316
464
537
487
389
251
319
320
312
364
465
658
737
732
711
689
696
734
816
864
787
701
602
496
349
240
173
169
203
248
349
540
703
892
774
587
360
185
146
224
367
528
629
809
1012
929
499
116
87
60
77
43
53
62
45
38
56
69
73
88
80
62
19
45
136
167
146
70
21
18
11
0
1
9
13
9
0
0
0
0
0
1
13
9
8
43
92
107
66
25
24
20
25
12
19
21
22
21
24
33
38
31
14
12
17
16
6
3
0
1
4
19
67
98
93
79
101
59
27
45
50
32
11
2
11
8
2
0
3
3
3
3
8
7
10
20
23
7
1
1
7
0
0
4
0
0
0
0
0
0
0
0
0
0
0
0
0
2
1
0
1
2
2
0
9
10
3
1
4
2
0
0
0
0
0
5
19
0
0
0
0
0
0
0
7
0
0
0
0
0
0
0
0
0
0
10
17
4
16
19
3
0
0
3
1
58
222
485
1104
1402
1494
1459
1269
1054
992
921
915
766
658
512
454
297
92
306
371
305
213
88
47
63
86
54
54
86
107
100
107
125
153
163
153
113
107
105
93
95
122
115
115
90
58
36
35
38
95
87
5
21
48
74
88
68
19
1
4
13
22
28
28
40
62
79
66
74
92
76
40
10
0
0
12
43
77
105
153
190
181
145
128
98
78
63
52
42
43
37
34
34
34
30
30
25
19
14
0
0
0
1
0
1
0
0
2
13
23
26
22
19
16
17
27
28
31
30
24
24
21
13
11
8
2
2
3
3
5
1
12
15
8
1
6
14
18
11
9
4
1
3
4
1
0
2
1
0
1
2
5
7
12
16
14
21
23
31
38
42
43
47
45
60
64
58
57
50
40
35
39
56
101
240
447
706
907
1099
1199
744
339
232
105
58
30
17
10
1
0
0
3
25
34
14
5
21
32
23
30
12
16
15
2
0
0
26
130
171
159
122
64
1
1
60
58
58
61
13
2
0
0
0
0
0
0
0
0
0
1
5
1
0
2
40
57
36
26
34
13
4
26
55
17
6
18
6
1
0
28
2
7
30
14
2
5
9
8
7
6
3
4
5
11
12
2
9
12
9
8
34
2
18
21
12
5
17
35
35
52
124
177
233
239
257
277
343
394
399
354
215
37
29
32
41
36
38
23
81
89
99
78
119
154
146
113
85
81
46
30
43
116
212
324
454
623
649
545
349
101
46
25
26
49
143
164
288
352
322
226
98
22
6
5
21
11
22
20
16
28
35
38
25
21
39
29
25
13
4
3
35
194
329
404
424
511
505
564
775
829
877
918
811
882
889
799
765
733
636
555
459
457
410
425
456
476
517
614
730
701
631
700
656
749
953
785
693
658
651
812
747
676
586
365
310
282
139
121
142
195
259
321
317
349
379
349
312
216
73
55
115
103
50
54
68
76
92
160
243
367
576
726
744
1011
1255
1291
1223
1105
1043
958
657
238
281
454
463
406
359
272
188
147
170
175
218
236
229
158
65
78
151
80
36
267
456
541
616
671
773
823
875
987
916
987
952
673
443
336
364
248
84
55
133
188
164
166
177
193
193
220
282
336
493
724
760
835
802
619
519
584
739
981
757
618
523
253
441
565
689
703
490
405
382
500
575
598
517
329
424
395
364
704
1055
1105
932
634
497
818
915
785
644
570
274
291
503
779
830
651
273
528
723
655
477
500
451
189
351
727
963
927
670
470
574
602
617
517
418
336
119
440
687
721
630
529
178
276
314
313
370
410
405
385
318
388
364
165
95
61
75
79
80
101
82
37
7
8
16
16
21
23
47
38
53
86
145
155
149
180
190
155
122
106
139
136
79
55
51
48
25
11
0
0
0
0
20
86
232
392
574
641
757
1172
1557
1522
1559
1492
1351
1093
979
934
935
822
530
321
644
624
629
526
626
769
893
835
579
531
776
821
773
811
758
840
1149
1210
1169
1239
1481
1539
1218
836
188
195
236
140
62
27
9
36
86
116
182
235
255
252
210
162
104
69
19
0
31
64
56
33
18
29
27
17
17
30
8
4
1
5
34
116
210
297
353
290
141
147
73
20
13
39
68
61
20
6
16
39
3
0
0
0
0
0
2
6
6
5
17
29
66
96
141
161
176
203
218
266
320
366
383
353
297
262
198
122
59
6
5
40
84
129
173
165
159
151
113
83
47
34
20
16
14
11
10
8
9
5
8
11
6
6
26
131
311
474
637
629
600
695
840
932
904
854
765
664
592
430
169
73
53
28
40
59
32
9
23
47
88
84
70
42
10
6
2
2
14
21
11
3
4
3
2
0
1
1
5
17
41
62
173
301
382
441
419
481
433
429
367
609
720
653
534
310
188
202
99
63
136
128
63
21
3
18
58
124
120
111
140
244
391
699
933
955
1069
1013
1028
913
755
894
980
884
537
377
586
606
610
394
436
535
676
650
566
474
573
493
412
397
579
383
150
107
289
310
137
255
508
662
644
505
236
321
378
460
483
363
158
152
189
235
293
280
189
235
428
615
641
720
888
1017
1067
1136
1214
1068
1058
873
709
652
596
426
354
398
387
256
91
87
89
84
110
90
36
48
330
551
680
665
512
277
319
353
324
184
121
121
169
383
530
484
268
125
93
69
36
21
43
22
30
45
35
18
15
12
9
21
17
119
284
571
703
703
550
629
660
598
634
585
498
353
222
120
59
60
29
17
28
66
79
50
16
66
188
292
396
598
707
909
1050
939
537
405
716
829
853
837
661
512
381
257
217
181
116
75
73
136
231
288
365
433
531
516
407
347
269
173
65
35
31
36
62
182
393
547
804
930
1104
1350
1271
1274
1426
1252
789
450
345
692
1069
1298
1511
1669
1613
1330
1234
1272
1644
1976
2127
2151
2560
2811
2940
2957
2903
2819
2770
2718
2991
2852
2841
3030
3070
3086
2864
2537
2279
2415
2651
2653
2773
2755
2763
3343
3734
3942
3865
3433
3129
2995
3185
3195
3001
2686
2507
2251
1932
1758
1953
2253
2209
1847
1208
827
665
493
469
487
426
272
306
392
425
430
400
357
348
477
537
451
425
367
254
147
104
134
127
102
72
18
11
47
38
47
29
15
12
8
0
0
2
23
14
17
44
88
75
67
87
138
238
323
384
399
300
308
346
296
236
182
182
200
244
288
293
237
169
100
51
49
66
85
96
69
48
26
16
15
10
4
23
93
132
113
87
94
68
48
50
39
22
21
19
7
15
27
49
55
58
57
125
219
236
180
57
1
1
8
31
21
4
6
19
2
5
9
12
29
23
11
16
12
4
48
38
51
57
55
51
48
27
11
5
20
81
118
144
185
161
39
53
68
52
34
10
4
1
0
0
2
14
13
14
6
13
23
30
52
41
31
30
86
153
178
104
69
51
93
193
254
310
295
220
301
333
372
639
882
734
288
123
106
175
137
75
56
61
67
75
129
101
42
55
28
14
69
102
138
134
64
20
21
39
37
59
31
75
122
144
151
187
185
177
202
170
134
189
219
212
125
22
32
128
212
252
245
164
20
35
69
59
82
79
45
45
51
53
74
182
194
234
200
220
259
304
305
214
86
1
57
96
17
4
23
17
3
48
75
91
135
196
284
309
235
39
88
328
485
492
336
61
33
38
44
11
40
105
22
19
19
24
23
15
15
23
39
26
30
43
50
61
64
28
4
14
43
29
12
18
6
4
40
95
110
141
176
286
406
450
478
581
594
558
374
267
186
134
32
26
219
423
627
949
1185
1373
1385
1380
1175
914
626
269
227
277
319
316
334
319
242
206
168
184
216
227
243
231
203
213
165
141
117
90
109
367
763
1073
1286
1425
1416
1174
956
674
386
250
329
477
495
435
338
288
258
228
181
179
259
435
553
618
586
510
355
214
166
119
78
109
149
199
235
256
265
248
209
156
104
78
98
188
252
369
841
1169
1336
1505
1670
1933
2116
2187
2050
2041
1751
1420
1298
1360
1295
851
702
841
923
868
735
683
699
864
981
1150
1344
1560
1628
1511
1304
1073
916
1171
1645
1817
2163
2338
2203
1922
1741
1543
1449
1487
1406
1410
1296
1315
1281
1008
708
817
765
613
412
350
326
417
403
267
135
84
88
102
113
82
42
20
41
41
25
48
92
60
37
18
36
54
44
50
45
49
54
91
186
216
160
63
24
16
22
28
54
54
43
27
28
21
11
36
25
0
3
7
10
0
6
27
22
8
1
2
2
5
4
4
33
109
112
46
45
10
82
43
14
4
3
7
18
14
7
8
18
15
18
58
74
68
75
99
126
213
242
205
160
127
70
35
19
20
21
21
18
13
6
8
3
0
0
0
6
8
12
13
13
8
0
5
5
29
10
2
0
0
1
7
3
3
15
8
0
0
0
0
0
0
0
11
36
18
6
1
33
33
0
11
29
18
3
1
0
0
0
0
0
9
0
0
0
0
0
2
2
9
12
7
0
0
0
0
0
0
0
4
15
15
14
7
1
0
0
1
2
4
0
0
0
0
0
0
0
0
11
34
76
83
27
0
0
0
0
0
0
0
0
0
0
0
0
0
0
2
2
1
5
13
13
30
133
168
161
132
38
17
12
0
4
40
69
57
16
24
141
147
64
15
15
10
19
21
6
7
4
2
23
63
79
58
18
17
16
5
1
0
1
7
17
16
12
1
1
0
0
0
0
0
5
5
1
2
0
0
0
9
9
14
10
6
7
12
8
8
8
2
1
11
8
10
13
7
7
10
10
8
4
2
17
33
53
51
42
31
17
19
15
18
10
5
0
0
6
8
21
56
121
159
102
22
5
0
0
0
0
0
2
15
24
16
9
15
30
29
8
6
0
0
0
0
0
0
0
0
0
0
0
0
0
0
0
0
0
0
0
0
0
0
0
0
1
0
0
0
0
0
0
0
0
0
0
0
0
0
0
0
0
0
0
0
0
0
0
0
0
0
0
0
0
0
0
0
0
0
0
0
0
0
0
0
0
0
0
0
0
0
0
0
0
0
0
0
0
0
0
0
0
0
0
0
0
0
0
0
0
0
0
0
0
0
0
0
0
0
0
0
0
0
0
0
0
0
0
0
0
0
0
0
0
0
0
0
0
0
2
7
45
103
65
43
9
1
27
69
58
26
8
15
9
2
2
0
0
0
0
0
3
6
3
4
5
5
5
7
7
34
52
42
18
1
1
3
4
2
0
0
0
1
2
3
4
3
5
8
7
16
5
5
8
7
1
0
1
5
15
14
4
10
15
17
23
50
76
87
74
62
22
1
3
9
28
26
20
2
1
1
4
6
5
0
0
3
12
14
16
8
2
1
0
0
0
0
4
10
6
11
23
28
42
30
41
32
23
5
0
0
0
0
0
0
0
0
0
0
0
3
10
2
0
3
1
0
0
0
4
60
272
331
336
197
284
441
614
757
769
719
784
781
748
674
643
501
176
403
795
981
1160
1082
1003
916
973
829
784
541
296
200
483
598
615
478
323
263
207
92
42
26
24
24
32
46
35
25
77
136
168
177
176
191
129
25
39
116
168
197
175
134
106
63
44
92
196
292
286
164
46
2
43
99
138
136
132
91
24
11
61
108
116
94
93
88
79
88
63
81
104
92
147
86
89
74
86
53
40
70
49
17
24
42
75
124
155
145
143
127
88
68
47
23
35
49
50
24
14
8
12
32
66
132
203
206
128
49
68
106
111
89
104
172
182
177
158
79
28
5
43
123
123
104
113
147
95
50
61
137
221
291
316
311
298
282
228
137
7
25
80
88
61
11
21
153
253
284
279
249
220
105
63
177
145
57
10
2
0
0
2
8
8
14
8
4
5
5
7
8
41
67
35
23
17
18
7
6
5
1
0
0
0
0
0
5
11
9
0
0
0
0
0
15
0
0
6
3
0
0
0
1
25
92
120
87
60
23
2
4
8
19
20
11
4
0
0
3
0
0
0
0
0
0
0
0
0
0
0
6
11
5
3
0
0
0
0
1
3
3
7
2
5
1
0
0
0
0
0
0
28
70
130
178
220
173
95
34
50
34
22
24
11
2
0
0
0
2
4
6
2
1
0
0
0
0
0
0
0
4
2
3
0
0
1
1
1
1
0
4
0
0
0
0
0
0
0
1
2
1
0
0
0
0
0
0
0
0
0
0
0
0
0
0
0
0
0
0
0
0
0
0
0
0
0
0
0
0
0
0
0
0
0
0
1
6
9
0
0
3
3
0
1
0
0
0
0
0
0
0
0
0
0
0
0
0
0
0
0
0
0
0
0
0
0
0
0
0
0
0
0
0
0
0
0
0
0
0
0
0
0
0
0
0
0
5
9
0
0
2
0
0
0
0
0
0
0
0
0
0
0
0
0
0
0
0
0
0
0
0
0
0
0
0
0
0
0
0
0
0
0
0
0
0
0
0
0
0
0
0
0
0
0
0
0
0
0
0
0
0
0
0
0
0
0
0
0
0
0
0
15
1
0
0
1
0
0
0
0
0
0
0
0
0
0
0
0
0
0
37
87
142
222
300
429
510
578
691
676
560
499
480
616
746
863
844
752
601
420
434
402
371
299
279
302
429
689
925
858
578
672
393
307
412
414
306
268
252
211
201
235
243
203
194
182
147
147
154
153
151
157
106
70
51
39
41
38
89
299
11
9
20
52
73
75
39
10
2
0
21
17
15
34
65
91
128
143
155
173
213
235
251
244
171
159
146
110
95
85
100
96
95
104
134
138
132
135
137
84
38
13
1
5
0
0
0
0
0
1
4
7
6
9
6
10
14
11
26
18
15
10
1
0
4
6
4
2
0
2
5
11
3
2
1
0
0
2
6
18
21
32
33
29
28
12
0
0
0
1
1
13
34
44
37
23
7
1
0
0
11
56
81
136
183
215
232
193
145
100
53
50
74
72
44
23
22
2
11
4
3
28
27
44
88
107
143
178
230
242
238
238
244
341
422
511
508
411
238
212
473
747
627
193
25
49
41
45
64
49
74
138
165
173
80
88
112
159
131
121
167
97
30
2
6
32
39
36
29
24
14
4
1
0
0
0
0
0
1
17
43
36
14
4
1
9
19
5
24
11
1
3
89
216
285
254
344
485
716
782
883
827
632
432
305
314
522
753
874
916
972
890
605
392
267
278
280
255
237
182
196
221
198
138
92
68
89
148
129
20
3
4
12
11
0
0
1
1
1
0
42
79
96
163
173
169
187
209
176
177
149
76
36
24
134
249
346
391
324
260
185
185
228
252
204
94
76
131
119
89
51
11
4
0
0
3
8
16
15
9
5
19
56
230
275
243
314
358
421
510
657
744
724
768
621
506
497
535
639
509
153
91
105
162
187
173
111
46
59
107
145
206
220
229
184
177
107
32
17
31
28
15
1
0
0
1
5
11
9
6
5
11
32
52
33
110
378
473
593
471
259
233
187
89
54
16
22
35
19
15
3
1
4
2
0
11
19
41
46
39
47
33
27
9
2
4
0
1
1
7
7
3
1
1
0
0
0
7
31
34
22
15
8
0
0
0
4
7
13
25
32
15
27
20
7
3
20
48
56
38
23
20
5
0
4
4
3
3
1
1
1
0
0
0
0
0
0
0
0
0
0
2
6
13
0
1
4
6
6
3
7
4
6
20
28
19
16
18
17
29
66
114
128
143
100
58
43
39
19
14
26
73
126
169
161
129
118
122
137
152
132
100
123
132
117
147
181
135
117
149
191
345
435
428
408
398
343
289
314
380
377
219
63
38
40
116
213
342
510
493
440
319
189
217
246
244
247
410
327
193
103
75
107
56
79
60
30
37
23
6
3
5
0
2
1
4
2
2
1
0
0
0
0
1
3
3
0
0
1
0
0
0
0
0
0
0
0
0
0
2
0
0
0
0
0
0
0
16
0
31
59
99
64
17
0
3
0
13
28
109
154
207
308
294
319
235
148
139
164
195
158
110
60
56
58
71
64
64
68
70
31
12
14
3
0
0
0
0
0
0
0
0
0
0
0
2
16
24
12
3
1
0
3
22
25
26
26
25
26
6
0
5
13
11
9
8
1
15
8
16
31
46
62
42
20
8
10
24
8
2
6
4
2
5
0
2
15
37
57
70
86
70
53
50
28
16
12
5
2
0
0
0
0
0
0
0
12
32
30
3
0
0
0
0
0
2
8
0
0
2
0
1
3
1
0
0
0
0
0
0
0
0
0
0
0
0
0
0
0
0
0
0
0
6
101
310
385
375
305
215
188
126
67
148
56
51
65
38
24
28
23
16
11
20
15
14
6
2
4
4
9
25
18
0
3
4
26
123
175
163
89
44
10
0
0
10
5
2
0
0
0
0
0
0
0
0
0
0
0
0
0
0
0
0
0
0
1
29
133
237
221
198
183
189
229
233
71
86
39
16
51
61
30
25
39
57
79
81
74
42
19
9
6
1
10
62
115
88
32
134
191
177
125
156
247
269
122
31
36
15
12
5
19
60
29
8
0
1
2
8
2
0
0
8
14
2
13
21
41
44
77
141
145
137
63
20
5
21
48
95
232
302
276
271
237
214
215
172
127
170
277
276
203
242
349
379
314
221
218
280
273
271
259
167
58
55
66
70
29
11
20
15
6
12
62
47
34
63
127
215
263
256
231
147
39
33
60
98
121
142
125
71
16
29
89
79
11
4
6
28
22
7
3
1
10
19
18
20
23
12
10
15
20
9
12
28
56
59
32
99
131
143
69
8
12
23
44
47
49
52
48
29
20
24
10
9
4
11
12
58
117
132
89
52
54
28
2
0
7
15
30
71
54
13
5
6
12
8
8
3
0
2
3
4
17
2
1
6
2
1
0
0
0
0
0
5
28
71
186
187
105
38
13
27
23
9
6
19
32
16
18
17
14
2
2
3
1
0
0
0
0
0
0
4
5
12
10
43
97
136
125
100
55
23
8
0
0
10
35
18
6
9
5
2
0
0
0
0
15
0
0
10
13
5
2
0
1
1
4
14
85
146
328
586
792
1016
1304
1359
1385
1304
1149
1050
823
791
209
238
314
323
323
308
323
319
337
341
358
388
413
407
345
282
212
95
43
46
53
18
57
132
211
245
270
275
243
199
149
204
437
672
831
978
1123
1284
1168
823
565
193
102
229
271
282
308
303
304
335
336
304
172
59
47
43
7
2
4
22
56
40
26
30
24
8
3
0
0
0
2
13
78
187
240
169
64
71
82
28
52
121
131
119
66
57
57
52
57
49
32
22
26
10
1
5
10
22
18
8
8
24
45
44
22
19
28
34
28
36
21
7
1
0
0
0
0
1
18
16
6
32
46
88
89
95
176
167
153
187
179
176
182
232
276
295
181
96
110
104
88
191
286
239
119
52
11
0
0
45
96
68
44
50
91
111
110
113
107
76
50
35
30
26
19
11
35
25
10
2
10
36
89
114
117
121
109
77
45
64
93
88
80
100
112
68
24
10
4
3
0
6
11
26
23
26
17
19
10
22
31
17
6
6
18
9
6
8
10
3
0
6
6
1
0
1
0
10
20
8
1
0
0
1
0
0
6
0
0
3
9
4
1
0
0
2
6
4
9
42
99
123
153
191
192
166
124
91
56
44
18
2
2
1
0
0
0
0
19
46
61
139
195
196
82
26
4
1
1
4
19
32
27
17
9
3
5
0
6
35
76
86
50
21
26
29
32
25
24
9
3
0
0
0
6
7
13
9
21
16
43
283
664
1103
1290
1314
1313
1138
960
673
488
291
110
7
40
109
171
199
189
216
247
214
161
152
161
98
65
40
36
47
57
51
53
74
61
47
37
44
35
24
24
25
25
23
37
34
89
145
174
199
181
172
160
56
17
10
10
18
17
8
1
0
3
10
20
21
24
17
22
15
9
19
10
4
0
3
23
39
7
21
27
10
28
83
182
307
376
446
470
479
450
475
524
607
713
771
790
861
967
1040
756
250
116
93
12
23
65
53
22
23
17
3
7
35
53
82
130
164
247
353
345
297
228
231
223
222
210
162
99
93
89
72
83
123
163
167
167
238
342
387
356
295
262
251
259
254
200
180
166
148
121
107
78
87
108
84
42
15
9
32
80
122
157
237
329
389
341
388
391
396
386
418
434
418
399
318
263
228
167
158
153
133
162
177
245
309
323
320
405
417
354
255
174
203
352
535
583
347
165
327
185
181
168
138
84
60
34
9
0
1
1
15
36
26
35
43
63
38
18
24
10
14
24
24
5
0
4
0
0
1
1
2
4
0
0
3
12
20
24
28
23
39
48
62
64
52
34
34
18
0
0
0
1
0
1
0
2
7
44
26
3
0
1
4
0
0
1
0
4
9
14
13
22
40
53
20
13
27
32
1
5
0
0
0
0
0
0
0
0
2
5
13
5
11
29
15
11
4
1
1
2
1
2
7
14
15
8
6
1
1
1
7
9
3
5
7
13
12
10
3
1
7
16
4
0
0
4
0
0
1
12
39
8
4
1
0
0
1
1
1
0
0
0
0
1
2
1
1
0
0
0
0
0
0
0
0
0
0
0
3
5
7
1
0
11
2
2
3
2
1
0
0
1
1
1
3
5
1
1
0
0
0
1
1
1
2
1
0
0
0
1
1
0
0
0
0
0
0
0
0
3
0
0
12
24
7
0
0
2
12
1
3
3
0
0
0
0
0
2
15
0
0
1
3
3
3
3
0
0
1
0
2
25
47
60
27
3
30
48
24
1
2
9
11
15
21
22
23
25
35
26
28
16
4
6
1
0
0
9
6
0
2
1
1
3
1
0
0
0
0
0
0
0
0
0
0
0
0
0
0
0
0
0
0
0
0
0
0
0
0
0
0
0
0
0
0
0
0
0
0
0
14
129
63
44
50
34
27
31
33
28
8
2
22
9
0
3
1
3
4
1
10
3
0
0
0
0
0
0
0
0
1
0
0
0
11
63
94
135
188
133
80
80
60
37
30
83
155
157
140
85
48
17
0
1
0
7
19
13
11
1
0
10
14
19
18
8
8
4
6
1
0
0
1
27
15
26
16
18
27
19
7
3
0
0
0
0
1
1
0
12
23
13
4
40
121
133
70
12
15
10
21
38
62
76
74
58
37
11
0
0
0
0
0
0
20
25
0
0
0
0
8
0
0
1
4
8
9
5
0
0
0
0
0
4
7
3
9
8
7
11
2
8
13
25
30
21
10
13
2
2
2
3
0
0
1
2
0
0
1
3
1
1
1
2
2
2
6
2
2
0
1
4
5
8
14
0
4
3
5
20
27
28
2
0
1
2
16
20
8
11
27
41
43
33
20
9
2
0
0
0
0
4
0
0
0
0
0
0
0
0
0
0
0
0
0
0
0
0
0
0
0
0
0
0
0
0
0
0
0
0
0
0
14
9
19
49
124
211
264
382
574
916
1282
1600
1970
2032
1975
1786
1415
1011
734
468
348
365
373
287
151
241
446
656
807
894
957
1005
1092
1196
1345
1481
1563
1705
1639
1162
565
252
202
302
274
185
176
153
168
217
253
223
220
281
386
478
531
497
424
209
2
103
93
20
17
79
78
49
21
69
157
204
203
138
61
7
4
15
25
88
131
156
204
189
214
238
212
193
162
141
123
95
42
60
93
98
104
90
62
58
38
12
6
6
15
28
29
0
0
1
2
2
3
4
10
15
29
28
47
19
22
66
76
63
46
77
94
123
125
115
108
117
141
127
152
192
215
264
242
327
341
274
299
395
380
180
64
45
88
74
43
38
14
22
12
0
2
4
3
4
18
26
45
59
75
96
78
65
93
104
126
147
116
141
122
90
83
69
51
49
85
113
120
83
36
9
0
0
1
2
1
0
0
0
0
5
10
0
0
25
117
142
127
44
6
0
1
15
31
42
75
73
75
104
111
140
168
200
267
238
141
215
319
309
238
177
144
70
31
40
88
106
103
73
36
1
0
0
2
2
0
0
0
0
1
0
0
0
0
0
0
0
0
0
0
0
0
0
0
0
7
17
24
18
12
3
0
0
0
0
0
0
0
0
0
0
0
0
0
0
1
2
2
0
5
73
158
232
249
221
163
99
54
33
4
5
11
12
9
1
0
0
0
0
0
0
3
11
13
7
8
2
7
2
0
0
0
0
0
0
0
0
0
0
0
0
0
0
0
0
0
0
0
0
0
0
0
0
0
0
0
0
0
0
0
0
0
0
0
0
0
0
0
0
0
0
0
0
0
0
0
0
0
0
0
0
0
0
0
0
0
0
0
0
7
6
1
5
5
5
1
2
0
0
0
0
0
2
0
0
2
1
1
0
2
12
10
3
0
0
0
0
0
0
0
0
0
3
17
12
5
1
1
0
1
1
0
0
1
1
0
0
0
0
0
0
0
0
0
0
0
0
0
0
0
0
0
0
0
0
0
1
9
31
24
38
57
54
20
18
12
10
28
56
44
39
65
45
30
38
27
37
16
6
7
11
25
15
45
66
69
49
38
30
20
44
61
60
61
66
65
129
167
150
83
57
31
4
3
0
2
0
4
0
0
0
2
5
5
0
0
0
0
0
0
0
0
0
0
0
0
0
0
0
0
0
0
1
1
14
7
0
1
2
9
25
28
3
17
2
2
3
9
11
17
6
3
0
0
0
1
4
13
3
20
0
6
23
27
35
28
0
23
12
2
0
3
25
16
0
0
0
0
1
0
10
14
33
64
37
27
16
13
32
13
33
64
64
28
10
23
50
94
151
180
171
134
110
47
40
31
58
28
23
8
5
3
12
72
49
6
27
99
136
188
250
236
208
304
339
370
373
316
255
208
113
19
30
21
2
0
8
25
9
18
38
38
22
20
15
7
5
0
0
0
0
0
0
0
0
0
0
19
1
0
1
0
1
0
0
0
0
0
0
0
0
0
0
0
0
0
0
0
0
1
0
0
0
0
0
0
28
23
0
10
10
6
3
2
1
4
9
4
3
2
0
0
0
0
0
0
0
3
9
32
27
26
11
3
2
0
0
0
0
1
0
0
3
13
10
7
6
3
1
2
0
0
1
0
0
0
0
0
0
0
0
0
0
2
0
0
0
0
0
0
0
0
4
6
13
27
52
98
117
86
38
27
38
10
13
2
2
5
6
57
38
44
35
14
11
4
46
77
70
52
31
19
10
37
37
53
124
118
74
21
16
38
39
35
50
50
44
46
70
58
72
53
45
56
31
12
27
60
54
46
19
28
82
115
84
44
19
10
40
81
46
32
11
12
40
64
48
10
0
2
17
21
25
59
76
46
35
26
17
23
31
69
71
67
90
92
119
131
42
21
26
61
69
36
17
13
8
17
15
10
11
12
5
17
31
22
8
13
21
27
58
105
109
81
26
29
45
45
95
72
67
97
96
84
81
59
50
31
98
83
166
179
179
133
67
126
126
111
120
83
88
150
155
129
97
90
63
42
20
11
3
5
16
54
87
79
49
21
18
19
4
10
13
0
0
0
12
2
5
19
32
20
14
35
90
78
71
39
62
60
31
94
107
97
122
170
189
144
88
67
49
75
95
72
62
80
41
17
21
38
40
43
19
7
15
36
11
15
23
7
8
21
46
48
33
4
2
11
3
2
12
25
9
35
82
131
173
189
202
165
124
87
99
121
118
91
88
73
46
22
21
20
3
3
9
26
42
47
36
20
12
11
22
18
30
19
8
10
12
21
41
56
96
378
664
790
808
729
545
314
154
41
42
80
93
84
67
43
25
0
26
90
142
174
257
268
248
269
372
425
500
605
658
704
715
712
629
428
121
142
419
604
639
634
636
566
346
357
319
183
191
307
277
151
83
52
41
80
183
280
238
177
123
70
62
72
93
142
122
59
48
75
182
215
189
167
157
144
72
30
35
70
148
223
236
197
114
65
24
32
38
38
24
15
7
22
36
25
16
1
1
2
0
5
6
13
10
14
47
44
48
66
68
41
14
1
4
1
0
10
17
22
25
37
43
67
109
123
128
125
127
116
120
135
193
216
204
120
109
44
5
9
33
61
94
111
76
48
35
26
21
2
4
15
31
64
66
120
113
82
44
63
106
135
143
139
121
95
106
90
51
54
77
95
78
24
8
6
8
6
28
47
33
17
8
18
23
23
14
0
0
3
0
0
0
0
0
0
0
0
0
0
1
0
0
0
0
0
2
13
34
115
179
199
230
209
155
89
57
83
113
139
134
112
85
71
48
22
11
8
19
39
64
62
41
43
60
69
79
80
71
55
31
32
60
140
170
179
154
96
34
18
11
9
0
1
4
2
3
7
4
0
2
0
0
0
0
0
0
0
0
0
0
0
0
0
0
0
0
0
0
0
3
10
17
18
21
33
44
67
70
39
19
5
6
1
0
0
1
0
0
2
1
4
2
0
6
33
42
39
25
17
17
20
23
23
4
2
0
0
0
3
5
5
1
1
0
0
4
7
5
2
5
15
13
15
14
4
0
0
0
0
0
0
0
0
0
0
2
4
10
9
8
11
2
3
7
19
33
27
11
0
0
1
0
0
0
0
10
12
3
1
0
0
0
0
0
0
0
0
1
9
32
32
71
245
564
886
1411
1830
2166
2407
2589
2569
2504
2368
1934
1439
1845
1973
1661
1314
1094
949
859
863
853
606
248
324
189
145
236
343
162
151
278
255
248
178
105
51
39
37
53
115
170
170
163
28
8
17
6
1
24
53
47
41
45
72
90
90
93
111
108
129
158
251
412
622
852
1019
1111
1142
1174
1176
1239
1284
1461
1454
1420
2316
1374
1264
1075
815
696
808
812
814
947
1152
1430
1537
1652
1744
1833
1832
1965
2087
2056
1754
1421
1349
1464
1378
1075
774
638
566
486
451
491
473
523
529
534
534
489
464
452
468
455
482
463
468
422
359
341
313
314
275
223
169
125
143
154
169
135
77
65
80
68
30
27
15
4
3
5
0
0
5
2
0
2
1
30
85
84
71
56
9
0
0
1
0
0
0
0
0
0
0
0
0
1
4
12
0
0
1
0
0
0
0
0
0
0
0
0
0
0
0
0
0
0
0
4
22
41
47
33
9
0
0
0
2
4
2
6
4
5
2
4
1
0
0
0
0
0
0
0
2
0
0
1
2
0
1
1
0
0
0
0
1
0
3
7
3
1
2
3
3
1
5
2
2
4
3
0
0
0
0
0
0
0
0
6
6
5
8
2
4
4
9
1
0
0
0
1
1
3
17
31
34
82
124
125
116
108
59
11
0
25
84
120
132
159
172
160
115
45
10
0
1
6
10
25
11
13
10
12
17
9
10
22
2
1
4
8
3
13
58
90
78
39
4
2
1
0
2
2
16
6
18
57
97
150
179
175
213
188
183
173
180
185
188
175
148
126
107
79
33
4
1
10
35
47
61
77
74
32
6
1
0
4
7
5
15
34
59
84
80
66
49
29
15
9
5
7
2
9
53
65
71
30
9
14
21
46
48
56
87
93
58
11
9
10
15
21
33
32
24
25
40
34
42
37
30
29
36
35
59
80
105
89
97
89
118
144
111
66
64
56
56
31
22
32
26
22
37
29
24
26
23
30
36
55
52
42
35
38
62
64
60
60
78
79
54
35
7
2
13
13
1
8
1
23
3
5
19
58
74
77
68
50
34
16
7
0
5
12
53
76
55
41
34
24
13
29
38
38
47
22
0
5
11
42
60
72
51
34
38
63
50
31
19
6
4
0
7
6
11
14
8
1
5
9
11
3
6
3
0
0
21
11
1
0
12
6
28
38
1
0
1
1
2
1
1
0
1
0
0
0
11
21
12
0
0
0
0
0
3
1
1
2
14
16
19
36
61
108
124
124
88
49
33
12
5
13
14
9
7
0
5
0
9
13
11
18
25
26
9
6
20
2
3
12
13
13
2
0
0
1
0
0
0
0
0
5
14
5
63
24
24
15
1
0
0
0
0
0
3
18
20
10
11
24
55
51
47
16
1
0
0
0
0
0
1
1
0
0
0
0
0
1
0
0
0
3
9
13
14
10
18
12
13
10
0
0
0
0
1
1
8
13
8
4
7
15
27
25
8
0
0
0
0
0
0
0
0
0
0
0
0
0
0
0
0
1
2
4
1
2
3
1
0
0
0
0
0
0
0
2
3
0
0
0
4
14
29
30
31
33
14
4
1
0
0
0
0
0
0
6
3
0
4
1
1
0
0
0
0
0
0
6
18
0
0
0
0
0
0
0
1
1
0
0
1
0
0
0
0
0
0
0
0
0
0
0
0
0
0
0
0
0
0
0
0
0
0
0
0
0
0
0
0
0
2
7
10
29
107
100
39
8
2
7
7
6
24
42
14
0
2
6
5
2
0
0
0
1
2
1
0
0
0
0
0
0
1
21
70
133
211
350
339
250
180
144
100
105
134
113
93
88
89
64
47
51
46
67
129
163
132
142
188
178
121
157
184
177
144
91
66
49
21
4
3
10
22
32
22
3
14
20
16
13
9
24
17
11
13
17
7
2
0
0
0
0
0
0
0
2
1
0
0
0
0
0
0
1
0
0
0
0
0
7
14
42
33
15
5
7
53
63
45
44
34
19
11
10
9
1
9
7
10
7
14
34
50
60
58
50
59
71
85
95
73
22
64
75
55
56
83
58
18
4
2
0
0
0
0
0
12
26
11
0
0
0
0
3
16
30
46
22
24
6
10
6
5
3
0
0
0
0
0
0
0
0
0
7
6
2
3
3
2
1
3
31
26
20
19
22
18
18
12
11
14
5
2
1
1
8
13
21
6
0
1
3
0
2
0
0
0
0
0
1
0
0
0
0
0
0
0
5
13
18
14
10
11
3
0
0
6
32
40
24
29
38
5
8
23
22
9
7
7
8
3
3
3
7
8
4
4
0
1
0
0
0
0
0
0
0
0
0
0
0
1
3
3
0
0
0
0
0
0
0
1
0
0
0
0
0
0
2
27
39
27
12
3
0
3
22
17
0
0
0
0
2
2
8
2
8
11
37
117
124
69
17
2
1
39
66
90
65
72
79
76
64
46
27
5
0
0
1
29
53
36
1
3
0
26
0
0
0
0
1
18
8
6
32
19
46
69
111
145
106
26
21
46
75
92
112
87
22
7
16
7
0
30
7
0
28
10
0
4
3
0
4
5
8
4
4
4
4
7
1
0
2
8
5
15
16
16
21
33
43
48
35
41
24
5
3
1
1
3
9
13
5
6
4
0
0
0
4
15
36
35
44
23
4
20
37
54
34
17
15
12
0
8
9
4
19
40
45
24
14
3
19
12
6
5
0
0
0
2
3
5
1
2
0
12
19
16
19
45
96
85
11
0
0
0
0
0
0
3
1
0
0
0
2
10
29
20
36
39
63
60
85
79
87
83
82
97
89
61
60
53
36
42
17
30
23
12
12
55
183
226
274
280
238
159
50
12
24
30
48
47
40
22
13
19
6
10
15
26
29
12
60
110
150
134
117
101
101
112
104
99
75
37
5
4
23
63
68
92
121
148
149
134
92
47
30
8
19
94
130
118
67
16
12
29
23
38
18
4
26
83
90
71
12
0
0
7
21
28
1
0
6
60
88
95
59
10
0
1
35
83
86
63
7
7
8
5
21
21
18
17
37
20
27
47
62
27
0
0
0
1
2
0
0
3
11
23
33
30
18
19
30
9
0
2
1
0
0
0
2
3
2
1
0
0
3
21
30
19
11
11
3
4
9
5
7
4
2
0
0
3
7
4
8
3
3
3
1
0
0
1
6
20
28
22
33
52
56
45
12
3
3
2
0
0
0
0
0
5
14
5
6
2
0
0
0
0
3
53
81
116
99
65
48
10
1
0
0
0
0
0
0
0
0
0
0
0
0
0
0
0
0
0
0
2
0
1
4
0
1
0
2
1
0
0
0
0
0
0
0
0
0
0
0
0
0
0
0
20
0
0
1
2
0
0
0
0
0
1
0
0
0
1
0
0
0
0
0
0
0
0
0
0
0
1
0
0
2
2
3
1
4
2
10
4
2
1
5
4
1
0
0
0
1
2
0
0
0
1
4
7
5
0
1
4
6
0
0
0
4
3
5
0
0
3
9
6
0
0
1
6
6
2
0
8
7
10
7
0
0
4
8
9
11
4
7
17
16
36
67
62
43
34
17
11
21
9
5
7
0
0
0
0
0
0
5
15
33
36
6
0
0
18
49
100
44
50
47
53
49
60
66
85
104
109
58
24
3
4
19
24
27
23
13
11
9
6
2
0
5
21
31
15
0
6
18
34
48
46
46
40
34
18
23
4
3
24
46
101
111
117
121
121
122
91
77
51
25
2
0
1
24
99
211
293
292
209
42
67
140
182
187
149
98
30
4
7
11
13
11
5
5
2
1
2
0
2
7
9
11
2
2
4
0
1
0
0
0
0
0
0
0
2
8
13
29
37
43
38
25
31
36
16
6
20
44
65
70
49
47
29
23
24
15
10
1
0
0
0
0
1
1
2
3
3
3
2
0
2
0
2
0
1
0
1
0
0
0
2
7
6
15
17
10
5
3
7
32
13
0
0
0
0
0
0
2
0
0
0
0
0
0
0
0
0
0
0
0
0
0
0
0
0
0
0
0
0
1
6
2
0
1
7
9
12
15
28
42
53
52
31
4
4
2
4
5
10
16
31
14
0
0
0
1
0
0
0
5
12
45
52
32
34
36
55
45
43
37
10
7
5
6
0
2
4
5
4
2
1
3
1
9
4
9
13
23
28
25
28
20
26
19
28
37
55
64
101
114
149
227
282
318
374
437
541
622
689
784
849
854
909
895
1021
1043
1113
1152
1321
1453
1553
1702
1749
1702
1722
1892
2010
2141
2249
2369
2447
2506
2525
2538
2560
2562
2559
2509
2432
2375
2320
2283
2102
1860
1648
1432
1439
1464
1308
1267
861
576
458
325
186
114
138
154
122
76
49
123
258
441
529
583
622
579
518
424
344
290
224
206
199
302
554
780
812
641
355
338
480
665
665
515
442
579
685
865
1019
1196
1361
1501
1709
1842
2038
2171
2374
2509
2639
2713
2763
2691
2546
2506
2442
2404
2336
2322
2293
2200
2145
1986
1831
1677
1578
1493
1408
1292
1247
1178
1160
1123
1036
972
986
917
833
773
635
539
480
369
340
353
432
446
368
458
395
252
334
490
572
433
306
249
170
260
252
267
281
293
321
336
331
327
249
198
154
130
170
172
196
186
188
175
125
90
57
53
45
29
48
91
134
174
218
195
166
137
127
151
181
186
184
213
250
256
277
254
194
105
74
72
81
77
89
86
92
82
57
35
12
5
5
23
48
79
95
112
85
55
31
80
170
320
503
638
654
630
570
450
302
136
20
25
76
80
53
89
105
67
28
42
101
139
149
138
140
90
38
36
117
159
241
102
68
112
185
252
296
343
384
403
370
305
184
129
94
71
66
30
5
4
1
0
0
6
31
47
30
18
4
6
15
33
30
23
10
11
2
0
0
2
5
6
24
100
190
183
121
73
53
6
4
10
17
11
23
38
75
127
167
208
188
76
20
11
0
0
1
0
0
3
3
13
8
46
71
62
18
2
0
0
0
0
0
1
10
12
29
19
12
7
0
4
17
16
9
2
0
4
4
2
2
0
0
0
0
0
5
8
2
0
0
0
14
0
0
3
3
0
0
0
0
0
4
13
24
40
51
17
5
6
5
8
1
0
0
0
0
0
0
0
0
0
0
0
0
0
0
0
0
0
0
0
0
0
0
0
0
0
0
0
0
0
0
0
0
0
0
0
0
20
3
0
3
2
2
3
7
9
0
0
1
4
0
6
0
1
3
0
0
0
0
0
0
0
0
0
2
5
7
5
3
0
0
0
0
0
0
0
0
0
0
0
0
7
7
5
10
9
14
7
0
2
0
0
0
0
0
0
0
0
0
0
0
0
0
1
1
0
15
1
4
12
12
0
1
0
0
1
0
3
8
14
15
10
3
0
0
0
0
0
0
0
0
0
0
0
0
0
0
0
0
0
0
0
0
0
0
0
0
0
0
0
0
0
0
0
0
0
0
0
0
0
0
0
0
0
0
0
0
0
0
0
0
0
0
0
0
0
0
0
0
0
0
0
0
0
0
0
0
0
0
0
0
0
0
1
0
1
4
5
8
18
4
0
1
3
1
1
1
47
108
71
39
22
25
13
1
0
0
0
0
4
0
1
1
1
1
3
14
14
3
0
8
8
8
13
12
12
7
5
1
0
0
1
5
11
35
46
50
33
19
1
0
0
0
0
0
0
2
2
0
0
1
0
0
2
4
2
1
0
0
0
0
4
0
0
0
0
0
0
0
0
0
16
233
587
918
998
887
744
742
808
710
478
267
384
588
611
625
650
704
697
716
723
692
578
445
202
97
83
80
64
22
5
33
49
40
61
72
143
132
151
177
117
33
23
21
22
69
168
265
370
465
550
614
711
695
615
678
728
679
695
635
601
471
275
199
146
103
93
103
110
156
206
257
310
368
284
269
302
252
299
292
297
282
235
136
44
90
163
416
219
153
51
38
137
226
282
271
189
110
40
131
382
565
580
567
539
508
369
320
273
214
153
119
78
55
41
30
57
93
72
54
52
50
27
18
23
119
151
132
74
10
4
10
5
8
102
243
318
293
322
411
439
468
523
569
598
673
736
707
508
155
2
34
34
11
4
5
6
15
12
13
26
16
3
1
5
0
2
0
2
1
0
2
0
1
1
1
1
0
3
23
64
73
54
31
27
14
4
12
25
70
91
74
55
79
98
82
45
15
12
4
7
21
12
0
0
0
2
12
0
2
4
1
0
0
0
0
0
0
0
1
43
43
15
0
0
0
0
0
0
0
0
0
8
13
11
3
0
0
0
0
0
1
1
1
1
0
0
0
0
0
0
0
0
0
0
0
0
1
0
3
3
1
1
1
3
6
3
1
1
0
2
0
0
0
0
1
0
0
0
0
0
0
0
0
0
0
0
2
2
0
0
0
0
0
0
0
0
0
0
0
0
0
12
104
308
549
702
773
804
761
740
698
648
638
486
222
343
450
429
380
345
362
412
469
485
465
274
282
279
257
199
166
218
218
113
109
178
158
157
258
332
415
398
341
373
387
390
355
287
177
57
37
266
504
658
651
599
539
488
359
251
228
173
135
123
89
53
28
19
28
29
51
71
76
84
83
59
87
139
214
277
275
273
280
294
260
200
131
72
45
23
9
5
7
13
13
6
2
0
0
0
2
1
1
4
2
2
0
0
3
3
6
3
0
0
0
2
2
1
1
0
0
5
12
9
9
4
1
0
0
0
1
13
36
9
4
15
35
33
16
4
1
3
7
5
1
2
2
2
1
1
1
1
0
0
1
15
12
0
0
11
16
13
4
2
3
4
2
7
9
9
4
2
4
3
0
2
10
13
17
17
25
22
4
0
1
7
18
17
18
8
12
12
2
2
4
12
20
8
22
31
28
13
6
2
1
1
1
0
1
3
4
0
0
0
0
0
0
1
0
0
0
0
0
0
0
0
0
0
0
0
0
5
22
36
51
65
61
53
48
34
8
16
19
9
18
35
55
50
59
48
22
5
1
0
1
15
12
9
17
12
9
1
17
21
20
28
44
66
62
38
24
14
8
4
15
15
13
12
14
7
3
0
0
0
2
2
2
0
0
0
0
0
0
0
0
0
0
0
0
7
7
4
1
11
6
0
8
7
1
6
5
3
3
3
2
2
1
0
0
8
9
10
12
0
0
2
3
9
17
25
34
47
36
21
5
9
0
5
8
13
9
5
9
19
4
0
0
0
0
0
0
0
1
6
1
0
0
0
1
1
0
0
0
6
8
17
20
28
18
42
53
48
23
9
9
9
4
18
0
13
18
8
3
3
0
0
0
1
0
0
0
2
1
0
2
5
3
11
10
15
11
0
1
2
1
1
2
3
2
2
4
11
7
9
7
5
2
1
3
5
6
1
1
0
0
1
19
21
8
7
40
59
31
14
9
3
0
5
4
0
0
3
17
35
50
42
21
11
2
1
2
6
4
3
1
6
0
1
1
0
0
0
0
0
0
0
0
3
3
4
19
47
24
15
5
4
0
0
0
0
0
0
1
6
17
40
65
53
23
19
22
38
24
28
26
13
13
15
16
19
18
35
35
45
26
8
4
0
0
0
0
0
0
0
0
0
0
0
0
1
8
20
15
15
16
23
8
5
7
11
7
4
5
8
35
37
28
30
22
8
3
0
1
0
2
0
1
1
0
0
0
0
0
3
5
8
38
52
43
20
18
29
25
23
21
30
22
10
9
7
12
10
13
30
14
18
9
6
3
6
3
0
0
0
0
1
0
4
14
14
3
1
4
10
3
1
6
44
80
118
157
213
300
317
290
276
205
155
174
148
140
118
98
90
98
95
107
109
115
93
84
75
57
33
18
10
4
0
0
0
0
0
1
1
0
0
0
0
0
0
0
0
0
0
0
0
0
0
0
0
0
0
0
0
0
0
0
1
0
0
0
26
83
83
83
108
84
63
14
6
5
0
5
6
2
0
0
0
0
0
1
0
1
2
5
5
1
0
2
17
7
4
0
0
0
0
0
0
0
0
0
0
15
36
8
0
0
1
1
0
19
2
7
9
7
6
0
0
0
0
0
0
6
6
2
13
20
1
0
0
1
2
0
0
0
0
0
0
0
0
0
0
0
0
0
0
0
0
0
0
0
0
0
0
0
0
0
0
38
24
2
1
1
0
1
51
55
22
4
1
21
15
19
24
13
0
0
0
9
17
1
10
3
4
2
0
0
0
12
15
4
4
2
0
0
0
0
0
0
0
0
0
0
4
0
0
0
0
0
1
0
2
6
4
2
1
0
1
2
3
0
0
10
26
23
11
3
8
7
8
8
2
0
0
0
0
0
0
0
0
0
0
3
3
0
0
0
0
0
0
0
0
0
0
0
0
0
0
0
0
0
0
0
0
0
0
0
0
0
0
0
0
0
0
0
0
0
0
0
0
0
0
0
0
0
0
0
0
0
0
9
2
0
0
0
0
0
1
0
0
1
0
0
9
2
0
0
0
0
0
0
0
0
0
0
0
0
0
0
0
0
0
0
0
0
0
0
0
0
0
0
0
0
0
5
6
5
1
3
9
8
2
1
1
0
0
0
4
2
1
0
0
0
0
2
7
1
0
0
3
11
0
0
0
1
9
0
0
0
0
0
0
0
0
0
0
0
0
0
0
0
0
0
0
0
0
0
0
0
2
13
41
55
46
35
10
7
7
11
21
32
29
19
0
0
5
12
8
5
0
0
0
0
0
0
0
0
0
0
0
0
0
0
0
0
0
0
0
0
0
2
6
0
0
1
1
7
15
22
23
9
6
20
22
2
0
0
0
0
0
0
1
12
40
40
15
2
0
0
0
0
0
0
0
0
0
1
0
0
0
0
0
0
7
18
18
18
9
3
4
21
27
25
15
3
0
0
1
2
4
4
3
5
3
1
0
0
0
0
0
0
0
0
0
0
0
0
0
0
0
0
5
3
0
0
0
0
0
0
0
0
0
0
0
0
0
0
0
0
0
0
0
0
0
0
0
0
0
0
0
9
16
26
26
14
3
0
4
4
1
0
0
0
0
3
0
2
0
1
5
0
0
0
0
0
2
2
0
0
1
0
3
3
2
1
2
4
3
0
1
1
0
1
3
6
11
9
0
2
4
3
1
0
0
0
0
0
0
0
0
0
0
0
0
0
0
0
0
0
0
0
0
0
0
0
0
0
0
0
0
0
1
3
5
7
10
8
10
9
1
3
4
3
1
0
3
3
2
0
0
0
0
0
0
0
0
0
0
0
0
0
0
0
0
0
0
0
0
0
0
0
1
0
1
2
0
0
0
0
0
0
0
0
0
0
0
0
0
0
2
5
0
0
1
2
4
94
190
256
314
328
318
327
353
354
301
312
350
333
418
480
626
756
896
983
1161
1362
1533
1560
1580
1593
1676
1748
1763
1828
1805
1837
1994
2079
2157
2217
2351
2468
2587
2736
2823
2945
3001
3067
3034
3116
3038
3018
2934
2934
2894
2862
2737
2565
2428
2308
2296
2230
2203
2217
2207
2011
1725
1656
1594
1436
1265
1116
936
962
1047
1044
1132
1073
966
990
999
935
900
797
802
750
583
563
646
738
691
708
602
545
554
564
622
565
561
637
604
575
501
463
433
491
547
521
442
278
167
84
72
78
156
139
226
261
233
228
233
164
131
86
136
281
335
411
437
282
138
102
216
317
326
343
399
389
278
178
137
181
145
190
260
407
381
231
214
151
187
148
74
50
85
107
71
43
4
11
34
92
71
62
103
145
241
372
401
360
238
143
141
230
321
390
417
384
323
289
159
62
182
296
313
273
138
68
34
22
44
23
38
76
92
99
90
84
69
36
22
28
86
126
202
199
124
40
1
3
7
0
4
43
153
236
239
248
203
136
117
131
85
97
68
65
70
49
19
4
21
47
60
54
34
13
1
3
22
101
100
92
50
68
117
203
420
665
750
810
872
1085
1353
1328
1041
813
499
364
385
349
242
226
242
199
160
207
179
230
275
349
548
861
709
432
389
701
904
871
839
1446
616
683
615
605
409
329
377
383
429
375
246
125
200
197
182
231
136
81
88
93
65
107
237
426
664
723
595
468
308
274
212
161
187
261
399
524
476
439
421
418
245
88
28
33
25
54
47
55
54
38
18
8
8
5
9
24
30
35
52
53
31
38
26
7
3
36
83
153
203
275
315
356
335
340
330
209
119
76
81
149
169
174
128
88
98
119
136
169
172
166
117
89
25
8
0
4
24
66
71
61
46
48
66
96
109
111
116
99
66
64
74
84
204
380
498
575
587
483
404
290
159
37
8
29
37
50
31
20
42
92
94
99
32
6
20
22
60
94
115
96
59
47
38
35
27
25
24
21
31
29
17
25
31
182
523
844
1089
1227
1365
1325
1126
1026
802
607
371
172
63
71
76
78
92
135
209
275
379
427
570
747
939
1371
1750
2079
2304
2481
2666
3152
3432
3549
3630
3687
3805
4044
4059
3864
3810
3833
3659
3515
3329
3207
3086
2965
2750
2497
2319
2168
1940
1788
1576
1526
1422
1266
1085
913
747
623
526
342
209
175
166
85
49
44
58
184
115
142
150
199
209
207
214
162
117
134
149
153
156
145
139
116
68
55
50
108
136
197
294
292
248
195
167
262
316
340
227
103
256
304
239
85
200
292
294
230
115
164
154
142
93
136
137
106
68
28
1
0
2
7
23
35
37
25
5
2
0
1
16
38
50
55
66
75
76
68
32
6
0
31
22
5
82
130
122
112
58
66
100
63
41
41
139
178
173
128
178
242
231
200
189
259
313
214
165
199
201
111
131
190
233
181
89
36
23
20
94
147
171
133
34
25
39
61
72
99
129
144
112
30
42
121
143
133
142
137
115
94
70
40
25
17
6
15
14
7
4
11
12
21
23
49
64
62
70
61
52
57
45
57
43
22
18
27
61
75
96
87
68
43
12
2
10
22
16
21
10
6
9
7
16
18
18
9
1
1
3
5
11
0
0
0
22
29
36
39
36
39
49
41
45
39
32
21
13
6
0
1
0
0
0
0
0
0
0
0
0
0
0
0
0
1
0
2
0
0
5
11
18
21
7
0
0
0
0
2
7
5
3
0
0
0
0
0
0
0
8
22
42
73
86
84
52
26
10
0
0
0
0
0
0
0
3
24
40
41
32
24
5
3
0
7
56
58
38
77
132
231
320
406
481
517
425
373
279
271
288
269
188
118
98
90
94
56
34
20
28
52
70
33
5
5
9
16
27
36
16
20
15
13
4
2
14
11
6
9
7
12
16
9
2
0
0
1
0
0
0
0
0
0
0
0
0
0
0
0
0
0
0
0
0
0
0
2
0
0
0
0
0
0
0
0
0
0
0
0
0
0
0
0
0
0
0
0
0
0
0
0
0
0
0
0
0
0
0
0
0
0
0
0
6
26
83
184
239
265
267
267
244
178
98
21
5
1
0
0
0
2
1
0
1
3
1
0
0
0
0
0
0
0
0
0
0
0
0
5
1
0
0
0
0
0
0
0
0
0
0
12
18
49
148
317
415
457
397
278
123
72
85
128
130
98
65
73
97
106
93
57
37
17
16
20
57
71
59
40
71
76
58
31
20
31
44
42
30
15
5
2
1
0
0
0
0
0
2
5
12
5
17
9
6
0
7
88
381
751
936
938
903
820
721
661
551
311
44
139
277
233
163
93
60
47
48
30
13
28
0
3
7
23
30
23
18
34
66
60
4
35
158
220
218
171
24
96
136
119
88
49
8
0
2
0
0
0
15
91
139
244
294
319
308
231
169
149
150
238
278
219
82
36
93
105
113
115
217
233
213
132
11
110
121
71
4
65
135
91
24
128
167
147
101
14
74
191
247
264
213
47
58
112
104
66
36
17
16
1
1
0
0
0
1
8
30
71
252
440
608
560
398
135
334
444
443
286
105
168
265
432
513
549
718
879
604
216
206
274
248
143
56
39
39
28
16
33
45
27
26
37
45
47
49
51
61
49
32
9
33
63
60
36
49
83
94
92
61
90
101
96
172
237
282
371
431
387
393
357
406
416
362
242
156
122
112
125
141
109
85
56
29
3
1
0
4
11
4
7
12
1
1
3
4
0
5
2
0
0
0
0
0
0
2
0
0
0
0
0
0
3
0
0
1
1
0
0
0
0
0
0
0
0
0
0
0
2
0
0
0
0
0
0
0
0
0
0
0
0
0
0
0
0
0
0
0
0
0
0
0
0
0
0
0
0
0
0
0
0
0
0
0
0
0
0
0
0
10
19
0
0
0
0
0
0
0
0
0
0
0
0
1
0
0
0
0
0
10
14
34
11
6
8
8
5
1
0
1
0
2
5
3
1
0
0
0
0
0
3
0
0
6
0
4
0
0
0
23
19
0
0
9
7
0
11
13
0
0
16
36
16
32
46
84
130
128
140
104
16
6
0
0
0
0
0
0
0
0
0
0
0
0
0
1
16
21
34
40
47
50
56
28
0
0
1
0
0
0
0
0
0
0
15
0
0
0
0
34
68
76
84
80
85
82
63
27
0
5
15
33
23
4
0
0
0
1
5
7
24
21
22
1
0
0
0
0
0
1
0
19
279
711
1218
1619
1714
1860
2013
2317
2047
2400
3121
3357
3446
3051
2608
2387
1997
2412
2124
2043
2401
2787
2901
2852
2963
2815
2521
2131
1767
1653
1699
1698
1708
1784
1662
1474
1302
1250
1099
1061
1120
1180
1290
1474
1700
1949
1877
1922
1560
1117
822
626
549
443
221
261
263
236
183
184
207
181
121
73
116
134
168
151
53
51
51
18
31
139
252
322
385
429
440
412
363
309
227
142
79
99
145
123
111
150
246
356
439
511
529
494
429
320
204
111
47
38
26
48
89
87
68
40
55
20
42
28
19
33
48
85
127
290
1027
2274
3014
4024
4853
4630
4762
4130
3786
3851
3215
1946
1409
1512
1647
1568
1559
1537
1548
1672
1582
1142
814
775
896
1153
1340
1280
1106
731
432
329
464
597
447
182
70
177
223
185
113
61
40
134
153
84
44
37
32
62
70
58
35
26
41
97
187
208
245
219
171
142
159
210
258
255
198
222
169
85
99
58
48
45
68
75
43
13
13
20
14
15
26
23
15
0
6
12
13
12
8
3
0
0
0
0
0
0
0
0
2
10
35
31
0
43
162
206
123
26
0
39
77
75
65
61
63
34
4
2
38
56
25
0
0
0
0
0
8
28
54
27
6
0
0
2
3
0
1
2
1
0
0
1
9
37
64
69
55
40
35
36
35
20
16
6
4
1
0
0
0
0
0
0
0
0
0
0
0
0
0
0
0
0
1
3
4
1
23
18
0
1
0
0
0
1
1
1
0
0
0
1
0
0
0
0
0
1
5
6
1
0
0
0
0
0
0
0
2
1
2
3
1
4
8
57
213
527
946
1201
1325
1290
1335
1362
1237
1264
1492
1363
1051
730
432
412
339
426
538
593
606
534
427
422
590
937
1087
1142
1106
1080
1099
995
559
192
328
387
322
333
405
416
323
184
86
68
82
31
65
199
389
665
1098
1339
1469
1647
1610
1573
1311
1226
804
440
271
69
38
86
110
124
117
106
72
83
93
91
82
69
74
89
136
201
308
368
395
379
336
304
299
271
198
126
72
60
58
53
43
43
50
40
30
10
5
1
7
3
7
11
12
10
17
24
30
40
34
25
11
7
6
4
4
1
3
3
1
0
0
11
73
125
125
103
46
3
12
19
17
27
61
103
123
95
92
163
180
136
96
68
56
16
0
0
0
0
2
4
1
3
1
0
9
11
9
6
14
16
14
87
157
251
275
244
274
323
427
475
428
391
234
84
46
48
32
10
0
1
7
5
7
2
5
7
1
0
0
0
1
2
3
0
0
0
2
2
0
0
2
3
3
2
2
14
7
3
1
0
0
0
1
0
0
0
0
0
0
0
0
0
0
0
0
0
0
3
22
69
113
132
131
124
82
41
59
167
186
170
160
150
104
55
31
14
5
0
0
0
0
0
0
1
4
5
4
10
4
4
3
2
2
3
3
3
3
0
0
0
0
0
2
0
0
0
0
0
0
0
0
0
0
0
0
0
6
5
0
0
0
0
0
0
0
0
0
1
14
30
34
23
4
1
3
6
8
26
35
42
58
67
68
81
76
43
42
22
15
5
1
5
5
6
0
1
3
7
12
26
39
54
51
28
24
38
25
46
39
12
4
23
6
16
32
26
39
42
69
90
91
103
88
89
92
109
103
121
109
76
50
19
3
0
0
6
32
80
187
311
367
329
253
254
228
226
214
173
131
90
7
0
0
0
0
0
1
13
49
56
22
0
0
0
1
1
3
8
1
10
54
43
8
0
2
6
4
4
1
1
0
0
0
0
55
160
231
291
333
392
404
368
441
432
383
369
267
159
83
61
95
99
82
67
56
73
49
28
27
26
14
8
6
2
3
3
15
28
23
16
18
39
71
92
82
52
25
6
0
0
6
8
5
4
2
0
0
0
0
2
0
0
0
0
2
27
108
198
253
289
204
62
13
12
18
9
9
12
6
20
13
1
12
13
19
26
13
9
15
8
5
0
3
12
18
14
1
0
43
88
56
8
1
1
0
0
0
0
1
0
108
229
248
204
98
39
24
17
30
31
43
57
49
27
9
8
4
3
3
3
3
5
6
4
2
0
0
1
0
0
0
0
0
0
0
0
0
0
7
11
14
10
1
6
3
3
2
23
70
90
135
142
74
27
3
3
34
25
8
9
3
7
3
24
44
101
158
200
227
243
239
237
249
318
398
478
548
551
500
458
296
61
73
84
68
59
72
130
162
194
177
130
52
22
4
4
0
0
1
0
0
3
13
12
4
2
2
2
0
0
0
0
0
0
0
0
0
1
0
1
12
27
17
14
12
6
0
0
0
3
3
7
46
93
143
165
200
245
200
147
248
220
214
181
136
20
0
0
13
35
39
19
13
20
29
28
4
13
8
3
5
5
5
0
0
0
0
0
9
77
181
242
274
275
247
231
191
106
33
3
2
140
293
330
271
217
27
28
75
108
142
99
20
0
0
0
1
6
50
108
171
216
230
213
168
100
32
20
63
614
1655
2314
3390
3469
2854
2562
2527
2297
1539
1139
1654
2129
2151
1931
1722
1881
2127
2199
1984
1744
1518
1790
2141
2150
2005
1810
1426
670
953
1267
1217
1176
901
387
101
383
546
521
182
257
705
897
1162
615
142
210
568
595
365
175
170
410
630
660
483
239
189
206
93
9
22
7
10
16
20
10
13
10
4
1
0
0
4
9
7
0
0
0
1
0
0
0
6
0
0
0
0
0
0
0
0
0
0
0
0
0
0
0
1
1
0
1
11
75
176
228
273
175
106
40
43
68
31
12
19
8
5
2
0
2
0
3
3
0
0
0
26
138
313
331
377
364
232
132
203
176
280
361
354
356
304
261
181
57
60
140
143
54
5
0
2
3
0
0
0
0
0
7
10
11
10
3
3
4
4
2
5
4
12
20
26
30
21
16
14
21
27
29
19
23
21
8
13
15
9
7
23
64
216
280
263
179
56
55
73
117
131
149
133
90
49
19
13
29
32
50
44
20
5
4
13
22
42
36
15
46
86
140
146
113
115
109
121
103
115
100
83
52
42
77
148
222
240
209
140
54
18
11
16
24
50
91
111
127
108
102
48
28
15
24
52
113
179
193
145
54
1
1
18
11
4
13
20
25
27
21
3
0
2
1
14
17
4
0
0
0
0
0
0
1
0
0
6
2
2
1
9
19
43
102
177
190
189
148
125
85
39
19
7
7
14
19
28
47
88
135
190
179
102
30
7
27
81
118
154
91
74
81
49
25
24
52
67
60
42
13
4
2
5
17
62
103
132
125
83
33
8
5
3
5
0
0
1
10
25
17
14
14
9
11
9
0
0
0
3
2
1
2
5
7
7
12
47
66
43
10
0
4
9
14
16
5
5
5
3
26
78
115
103
71
27
8
2
2
1
0
0
0
0
0
4
5
8
13
13
19
23
18
14
13
31
64
110
128
144
166
174
171
215
243
236
221
184
104
74
92
89
78
73
121
190
225
396
345
163
78
57
147
226
279
332
313
240
233
219
95
37
204
233
149
5
6
97
105
73
40
27
32
103
115
38
4
65
131
138
55
1
2
2
1
7
47
98
122
50
4
1
25
51
40
5
0
0
6
11
0
0
0
0
0
0
0
0
0
0
0
0
4
33
114
179
262
296
265
237
170
100
57
11
7
0
16
41
32
26
3
1
33
20
9
0
1
6
3
4
20
20
42
70
115
130
132
116
27
57
116
193
202
161
55
13
0
0
0
0
2
13
5
0
0
0
1
2
0
0
0
0
0
0
0
0
0
0
0
0
0
5
6
12
22
33
62
89
97
71
10
7
8
7
12
14
44
62
106
169
171
181
185
167
116
59
27
13
5
0
0
29
69
58
7
0
0
0
0
0
0
0
0
0
0
0
0
0
0
0
0
0
0
0
0
0
0
0
0
0
0
0
0
0
0
0
0
0
0
0
0
0
0
0
0
0
19
0
0
4
0
0
0
0
0
0
0
0
0
0
0
0
0
0
0
0
0
0
0
0
0
0
0
0
0
0
0
0
0
0
0
0
0
0
0
0
0
1
0
0
0
0
0
0
0
0
0
0
0
0
0
0
0
0
0
0
0
0
0
0
0
0
0
0
0
0
0
0
0
0
0
0
0
0
0
0
0
0
0
0
0
0
0
0
0
0
0
0
0
0
4
10
0
0
4
1
0
0
0
0
0
1
0
0
0
0
0
0
0
0
1
1
0
0
0
0
0
0
0
0
0
0
0
0
0
0
0
0
0
0
0
0
0
0
0
0
0
0
0
0
0
0
0
0
0
0
0
0
0
0
0
0
0
0
0
0
0
0
0
0
0
0
0
1
19
0
1
2
0
0
0
0
0
0
1
3
0
3
1
0
0
18
47
23
1
3
2
2
5
41
45
9
1
2
15
9
1
0
0
0
4
12
10
16
45
79
207
700
1022
1387
1625
1667
1486
1660
1482
1298
1179
1076
1145
1029
837
694
700
758
817
804
726
548
315
135
163
203
354
433
344
363
403
328
209
76
21
51
46
16
18
8
7
38
26
38
22
18
24
63
102
124
150
131
73
34
69
177
322
450
541
533
404
209
97
126
103
55
42
44
17
30
49
50
43
22
19
22
16
15
5
28
54
57
24
8
1
0
0
0
8
22
16
12
19
34
35
36
80
80
92
64
36
16
6
32
72
99
61
11
9
17
46
79
77
35
35
46
62
74
101
82
27
3
5
20
56
81
47
30
14
18
24
19
21
30
16
6
1
0
4
11
2
4
15
7
25
31
11
8
4
3
8
15
20
42
43
29
15
3
0
0
0
21
53
70
89
93
68
22
5
2
0
0
2
0
0
2
1
0
0
0
0
0
0
4
0
0
0
0
0
0
0
0
0
0
0
0
0
0
0
2
0
0
0
0
0
0
0
0
0
0
0
0
0
0
0
0
0
0
0
2
176
456
680
887
1013
1137
1176
1243
1232
1418
1714
1831
2054
2246
2515
2629
2542
2385
2107
1862
1602
1314
987
848
801
922
1006
951
878
764
658
677
745
853
914
1057
1098
1219
1290
1236
1105
984
768
731
836
825
799
901
977
999
938
931
819
710
586
521
558
611
573
410
281
251
245
228
183
132
120
222
372
462
442
390
336
312
297
248
219
210
221
204
199
154
211
298
424
482
532
478
428
322
220
208
344
463
477
514
688
964
1155
1220
1273
1295
1258
1223
1191
1208
1290
1244
1091
961
715
569
420
342
343
353
283
240
238
233
318
371
382
419
443
430
461
528
617
624
682
787
868
943
1079
1067
1036
989
1087
1271
1280
1396
1081
1000
717
571
369
252
206
238
336
408
489
542
536
515
486
408
255
206
140
149
190
192
124
55
40
108
187
159
138
120
108
138
154
149
133
126
88
74
110
213
454
866
983
1106
1177
1328
1363
1090
930
837
693
670
709
744
658
645
593
484
601
675
743
861
965
1049
1202
1380
1363
1075
586
769
735
692
671
674
652
713
817
799
850
869
780
457
197
216
431
427
338
192
44
165
186
92
39
51
76
72
22
3
1
50
54
40
30
3
3
7
36
72
68
36
48
75
98
98
119
86
62
34
9
37
122
200
148
88
124
242
243
188
75
10
6
111
209
240
204
77
168
271
326
244
64
12
187
307
306
254
158
31
5
9
27
31
23
20
17
12
3
14
21
36
32
10
5
0
1
2
0
0
0
0
0
11
27
19
0
0
0
2
7
7
10
5
5
1
0
0
0
4
5
8
8
5
1
1
4
2
5
4
8
5
5
6
1
1
1
0
0
0
2
34
103
201
288
313
241
167
116
110
142
225
222
191
269
304
251
135
23
15
60
66
63
74
90
117
96
32
8
17
24
45
57
64
63
41
29
13
29
22
10
15
16
14
12
12
61
134
163
145
78
18
4
0
0
0
0
0
0
2
0
0
0
0
0
0
0
0
0
0
0
0
2
14
11
1
2
5
5
2
0
1
3
6
15
21
18
14
15
11
10
6
5
9
19
26
39
55
72
123
175
187
201
167
283
498
567
547
510
469
342
218
244
277
217
172
48
31
77
239
239
178
58
75
113
123
56
42
77
54
41
151
83
150
140
119
122
274
288
197
43
36
54
66
74
59
39
27
14
7
3
0
0
0
0
0
1
0
0
3
0
8
13
20
23
40
91
108
139
216
248
237
215
132
13
1
70
205
305
320
340
336
218
45
19
27
16
13
6
1
1
1
0
0
1
3
3
4
39
218
557
1135
1606
2009
2496
2995
3358
3366
3230
3118
2963
2762
2481
2478
2520
2692
2806
3266
3661
4004
4201
4112
3748
3651
3744
3909
4070
4124
3869
3455
2917
2576
2523
2491
2414
2363
2203
2253
2161
1928
1658
1376
1208
1004
868
1144
1366
1770
1822
1429
1116
628
454
392
330
257
307
379
605
680
692
631
172
88
660
1298
1571
1488
1214
930
654
421
259
252
330
393
634
1057
1357
1694
1744
1378
990
961
1040
788
711
827
856
826
988
1080
1328
1696
2069
2073
2099
1963
1607
1657
1548
1466
1552
1526
1497
1419
1367
1246
1229
1254
1218
1231
1179
1140
2840
1117
1111
1088
1043
967
882
865
760
751
691
640
624
497
412
330
225
202
180
134
124
103
106
91
77
59
34
27
37
2
1
7
0
48
32
38
55
13
1
43
67
86
95
89
82
73
56
64
52
42
23
6
5
5
9
7
10
5
0
2
3
8
3
4
0
0
0
0
0
0
0
0
0
0
0
0
0
0
24
3
4
7
5
0
1
63
105
59
6
0
0
2
0
29
47
25
4
26
16
2
6
8
15
22
23
8
3
44
104
134
216
181
40
74
33
42
45
55
55
68
64
52
73
63
51
55
68
65
66
67
68
97
95
95
79
91
70
47
30
25
37
42
28
23
20
34
34
44
54
51
65
58
55
78
135
217
318
330
314
258
283
335
309
371
360
388
331
284
230
169
111
98
103
198
248
296
299
99830
0
0
0
0
0
0
0
0
0
0
0
0
0
0
0
0
0
0
0
0
0
0
0
0
0
0
