644
307
426
291
637
415
409
228
295
1101
2787
2109
15636
7
1
1
1
0
1
5
2
2
6
16
26
38
125
238
354
488
577
639
601
581
543
489
431
409
395
341
337
299
214
120
78
56
8
2
5
10
30
25
24
26
30
32
44
81
118
120
109
97
67
93
49
34
49
76
97
122
136
161
212
267
288
296
264
180
159
91
59
41
13
9
1
0
0
0
0
0
0
0
0
0
0
0
1
2
1
0
0
4
8
12
15
32
42
54
57
104
133
166
169
166
157
164
142
102
95
94
87
62
48
18
1
0
0
0
0
2
13
14
26
21
34
54
91
165
284
328
431
454
428
453
454
459
500
445
434
422
403
332
270
207
147
101
69
52
40
11
1
0
0
0
0
0
0
0
0
0
1
1
0
0
0
0
0
0
0
15
14
9
19
4
16
24
34
40
46
37
59
58
103
101
79
75
83
103
75
51
63
92
85
47
35
10
7
1
7
46
50
45
53
69
52
55
36
24
8
1
0
0
0
0
0
0
0
0
0
1
0
0
1
2
7
4
1
3
20
26
1
8
8
0
0
1
1
0
0
0
0
0
3
1
0
0
0
1
0
0
12
3
0
0
1
0
0
0
0
0
0
0
0
0
0
0
0
0
0
0
0
0
0
4
26
5
0
4
4
1
1
0
0
0
1
0
0
5
0
0
0
0
0
0
1
0
0
0
0
0
0
0
0
0
0
0
0
13
6
0
5
0
0
0
0
0
0
0
0
0
0
0
0
0
0
0
0
6
21
10
3
25
38
38
33
28
26
17
19
30
17
5
1
0
1
0
6
3
0
0
0
3
1
1
0
1
2
2
11
16
0
0
0
0
0
0
0
0
0
0
0
0
0
0
0
0
0
0
0
0
0
0
0
0
4
96
276
571
1028
1472
1689
1768
1702
1589
1619
1706
1819
1528
1067
799
646
505
630
612
581
591
545
454
398
397
414
376
409
415
329
238
192
86
43
184
401
650
1155
1813
2341
2688
2797
2868
2891
2784
2658
2574
2130
1321
608
1174
1791
2535
3183
3517
3423
2883
2027
1534
1110
887
883
743
723
561
420
305
315
416
532
642
616
560
393
186
213
404
798
1003
1182
1364
1581
1760
1960
2133
2199
2265
2234
2059
1818
1606
1409
1142
948
928
1167
1499
1726
1650
1532
1576
1550
1454
1907
956
1412
1261
1329
1912
2561
3951
4087
3726
2757
1955
1081
581
1870
596
562
453
298
111
47
173
331
446
484
371
306
456
568
521
503
474
312
262
308
326
280
242
171
181
226
239
181
114
71
161
181
207
247
218
132
61
32
107
189
220
237
158
111
162
160
128
107
143
241
270
240
220
228
284
421
521
512
533
562
578
477
349
219
215
166
125
86
47
48
50
33
8
11
19
9
4
14
78
106
70
31
18
1
0
7
11
11
0
5
40
76
102
68
24
4
18
28
18
14
7
2
13
8
0
0
0
34
53
78
84
69
46
11
0
0
5
6
4
1
17
44
43
24
2
1
8
10
4
6
15
6
11
59
127
191
242
273
239
144
50
46
49
49
28
14
20
29
14
2
6
8
0
0
0
3
3
0
0
0
0
0
0
0
0
0
0
0
0
0
1
13
17
6
0
0
0
0
0
0
0
2
1
0
1
3
5
12
19
44
64
79
112
143
150
122
106
76
38
10
3
0
2
5
6
1
0
0
0
0
0
0
0
0
0
0
1
10
17
22
27
30
23
29
8
12
14
5
8
6
8
8
15
10
6
4
4
3
11
14
25
83
54
24
7
2
0
0
0
24
25
2
0
1
17
30
32
33
17
9
4
0
9
18
10
10
11
27
7
0
5
4
2
0
0
1
1
4
5
1
0
0
0
0
1
0
2
4
2
1
3
4
2
0
0
0
0
0
0
1
0
0
2
11
0
0
0
0
2
0
14
14
0
5
3
2
0
0
0
0
0
0
0
0
0
0
0
0
0
0
0
0
0
0
0
0
0
0
1
0
0
1
3
3
2
0
3
6
13
0
0
16
12
3
1
1
2
0
0
2
0
0
0
0
0
0
0
0
0
0
0
0
0
0
0
2
2
6
10
14
11
10
41
54
53
32
20
20
32
55
81
85
52
45
59
67
85
101
84
110
81
37
38
63
83
94
108
90
60
31
27
27
20
14
17
24
27
15
14
14
17
20
22
50
39
25
27
7
6
11
28
43
35
13
2
3
4
3
4
6
6
1
0
3
17
28
118
184
204
161
94
56
26
121
199
231
248
250
202
114
26
42
127
252
351
376
374
380
336
278
281
310
311
252
211
149
80
56
48
49
48
34
18
18
22
17
20
14
14
14
13
23
26
25
28
36
38
69
93
327
213
233
208
175
156
121
89
81
86
60
49
53
31
26
27
51
16
28
15
0
1
8
6
0
0
0
0
0
0
0
0
1
2
2
4
0
12
14
27
21
2
0
0
0
0
0
0
0
0
0
0
0
0
0
7
21
6
1
5
3
1
1
4
3
5
3
0
0
0
37
139
170
171
233
300
367
384
403
470
501
507
484
445
392
410
363
403
391
372
353
408
379
367
330
269
218
173
135
118
80
34
20
30
51
160
280
376
382
383
359
328
267
189
104
60
45
61
115
207
285
364
414
422
342
314
210
93
99
173
248
317
367
373
381
368
330
319
222
209
188
166
205
364
454
524
565
555
461
423
403
394
410
332
326
394
544
721
862
972
1027
943
850
669
443
300
191
97
22
26
55
119
181
227
242
231
237
244
247
246
210
176
160
144
145
97
43
17
32
84
195
274
336
376
366
360
320
264
200
111
6
8
58
165
191
203
208
227
218
232
213
178
205
174
115
36
48
133
186
222
234
251
213
178
137
66
15
8
5
13
41
102
118
85
55
26
5
0
0
0
0
3
13
61
314
113
89
34
17
36
48
89
159
258
274
243
115
14
59
98
117
83
64
15
0
2
8
25
32
100
243
374
402
350
169
68
15
35
107
146
143
144
86
19
0
1
15
64
97
65
34
18
29
19
3
0
35
72
96
307
526
495
287
290
420
520
521
415
363
268
198
253
454
681
760
776
733
535
298
228
202
156
75
94
96
227
415
489
510
494
344
354
466
511
339
241
196
130
88
76
64
38
22
12
9
7
37
153
260
347
441
544
630
848
1049
1532
1871
1908
1700
1521
1406
986
745
514
505
703
1170
1375
1381
1195
670
412
332
336
364
438
378
231
153
154
48
96
145
130
104
154
237
287
293
311
334
278
240
272
323
381
324
336
306
314
293
206
66
8
34
90
103
101
147
216
250
298
381
523
580
538
471
398
418
589
724
888
985
961
850
737
515
377
438
387
305
251
208
175
154
125
113
93
84
53
24
44
129
252
378
558
801
838
790
1051
1198
1294
1355
1387
1379
1286
1288
1210
1282
1266
1280
1237
1231
1209
1199
1108
1073
1028
939
818
719
612
526
450
348
243
162
115
82
56
33
6
14
33
46
56
96
95
109
150
222
266
296
329
266
218
180
183
183
233
706
423
562
663
734
824
917
927
880
847
783
736
767
890
1035
1198
1301
1337
1283
1183
975
762
588
529
458
514
638
860
1195
1432
1809
2006
2215
2281
2199
2025
1872
1688
1521
1237
1022
879
784
694
634
605
600
535
521
472
363
303
263
221
175
112
61
27
16
54
154
212
257
180
107
69
59
30
33
47
64
86
83
79
47
26
23
29
28
54
72
85
63
11
10
17
17
7
17
40
50
30
18
29
46
61
63
70
67
41
27
25
18
0
0
2
0
5
15
40
84
177
273
343
426
560
559
586
723
764
1036
1194
1289
1192
1057
813
615
390
410
503
586
628
708
808
822
682
524
398
330
219
109
28
49
164
268
338
342
286
210
108
49
14
1
0
0
4
34
61
77
145
181
193
205
181
189
176
173
141
88
41
4
2
4
28
42
27
3
0
0
0
0
0
0
0
0
0
0
0
0
0
0
0
3
12
6
0
0
0
0
0
7
6
5
0
2
0
1
0
0
0
1
0
0
0
0
0
0
0
0
0
1
1
0
0
0
0
0
0
0
0
0
0
2
19
33
63
124
190
225
260
251
184
115
63
38
24
8
1
0
6
5
46
105
112
78
28
0
0
5
23
56
95
94
51
12
1
2
11
25
25
22
9
2
0
0
1
28
37
139
200
126
55
22
30
25
65
66
9
5
24
49
64
147
265
370
390
370
302
195
126
58
16
6
2
0
0
1
2
6
9
10
4
3
0
0
1
4
5
2
3
1
1
0
0
0
3
7
26
82
92
47
46
71
50
19
6
21
26
30
19
6
12
13
2
1
0
1
6
2
2
2
2
4
1
1
0
0
0
0
0
0
0
0
0
0
0
0
0
2
0
0
0
0
0
0
0
0
0
0
0
4
2
0
0
0
0
0
0
0
0
0
0
0
0
3
57
163
242
275
269
209
140
95
63
86
122
152
113
19
0
8
46
61
32
20
0
10
16
9
0
0
0
14
32
34
38
34
21
12
8
9
3
0
1
0
0
0
0
0
2
0
0
6
22
13
17
15
37
49
35
17
6
0
0
1
1
8
14
4
1
8
4
9
6
0
0
0
3
5
10
13
32
26
8
0
2
2
0
0
6
3
1
14
9
0
0
0
0
0
0
0
1
0
0
2
2
0
1
1
0
4
0
0
0
0
0
0
0
0
0
0
0
0
0
0
0
0
0
7
18
18
0
4
3
1
1
0
0
2
0
0
0
0
0
1
0
2
2
2
1
2
1
3
18
137
386
926
1672
2227
2537
2654
2717
2622
2705
2644
2371
2048
1683
1257
899
447
400
273
118
176
209
184
135
300
368
381
244
106
325
442
310
143
2
80
223
287
367
358
243
103
373
479
388
196
48
12
13
43
65
58
37
30
4
4
8
6
1
4
3
0
0
0
0
0
0
1
0
4
12
16
4
2
136
490
821
1230
1481
1493
1409
1250
1066
897
664
554
429
648
962
1345
1492
1564
1635
1098
481
757
1091
910
612
319
173
200
330
331
200
166
201
164
64
81
78
21
1
1
3
17
23
7
1
7
15
9
1
1
0
1
2
7
7
10
0
2
6
6
9
3
4
3
1
7
1
3
17
26
54
148
226
226
221
228
212
155
155
119
82
71
46
12
25
58
64
82
105
82
51
34
14
12
49
45
5
1
2
1
3
13
28
19
15
9
7
9
7
9
5
4
2
1
1
4
29
144
387
565
731
1242
2028
2463
2706
3005
3252
3475
3781
3980
4226
4592
4890
5130
5208
5062
4767
4341
3936
3327
2796
2499
2232
1982
1647
1266
1074
807
629
480
566
673
819
929
1044
1079
1150
1308
1445
1571
1829
2399
3298
4405
5228
5814
6237
6568
6703
6672
6359
5965
5354
4502
3831
3663
3528
3516
3763
4200
4952
5518
6135
6746
7397
8095
8772
9302
9730
10166
10128
9341
8338
7165
6502
6674
6602
6002
5092
4253
3450
2678
2048
2056
2695
4166
5389
6079
6313
5990
5676
5370
4870
5163
5719
6172
6217
6052
5982
5943
6037
5990
5871
5569
5182
4878
4835
4718
4571
4222
3547
2789
2390
2172
2452
2398
1912
1192
793
453
717
1083
1376
1643
1852
1846
1489
814
407
970
1529
1775
1537
1108
671
289
284
279
164
50
52
112
179
241
366
879
1809
2331
2679
2978
3114
3015
2695
2315
2038
1890
1740
1633
1371
823
456
311
354
543
609
558
533
462
710
950
1160
1309
1393
1481
1528
1529
1407
1281
1105
948
758
657
574
645
774
1131
1400
1013
671
552
543
367
348
428
458
436
436
373
348
296
312
342
299
263
220
130
78
46
10
3
7
20
3
1
6
24
26
14
7
8
3
0
10
14
13
11
11
2
5
7
9
13
15
25
20
7
7
6
0
2
5
6
15
22
18
5
0
0
2
0
14
8
0
5
5
2
3
0
0
0
0
0
0
2
0
0
0
0
4
3
0
0
2
7
17
17
24
11
2
4
4
2
0
0
1
4
4
5
10
6
1
19
37
37
35
28
29
29
30
29
23
12
10
6
0
0
0
4
10
53
49
10
2
2
4
2
1
3
2
1
2
19
36
70
97
172
185
127
79
54
41
35
28
42
65
77
110
119
115
110
109
80
34
11
30
46
46
34
27
11
10
6
3
2
3
13
23
6
5
15
17
18
38
48
41
29
23
11
19
25
27
15
4
2
0
3
13
18
9
0
0
3
17
11
2
0
0
0
0
0
0
0
0
0
0
0
0
0
0
0
0
0
5
12
11
4
3
1
0
0
0
0
1
10
53
48
3
5
128
271
324
331
380
408
380
289
186
120
76
61
46
56
33
25
0
0
1
5
5
5
1
0
0
0
0
2
58
190
322
422
449
385
286
317
450
531
497
381
240
189
123
27
8
31
141
288
408
493
512
448
393
319
288
235
82
3
35
223
413
520
558
483
423
345
311
198
115
33
65
164
229
225
248
281
301
299
325
292
232
155
94
5
22
63
137
192
215
257
234
237
195
130
71
11
1
1
10
58
131
163
194
196
196
189
165
161
144
82
16
16
112
286
424
515
510
430
312
220
91
3
76
179
289
353
385
418
369
311
239
101
0
40
218
308
377
360
355
308
251
154
23
0
109
252
339
443
452
422
379
272
119
1
12
108
157
205
236
225
193
143
106
87
39
10
8
29
72
76
92
117
213
184
89
61
33
37
46
51
59
50
20
44
41
29
12
11
3
3
3
14
16
24
14
2
31
26
41
89
128
144
136
93
53
33
35
14
2
0
0
14
15
16
3
2
7
10
19
36
42
41
27
11
1
3
4
2
3
20
57
78
102
129
150
193
204
265
201
151
85
55
54
100
146
187
215
207
166
135
105
124
194
260
294
299
219
152
128
104
86
70
30
19
17
27
38
42
46
47
26
6
1
4
7
9
20
15
5
0
1
12
28
43
106
159
155
89
35
24
16
19
22
15
13
1
1
0
3
55
102
127
156
176
107
54
54
88
142
122
68
50
47
29
111
155
164
155
179
143
68
97
59
18
21
15
25
27
22
16
19
12
6
3
4
0
0
0
0
0
0
0
0
0
2
6
11
16
2
6
2
12
16
5
2
1
5
0
0
3
8
29
53
60
36
8
4
2
25
21
39
69
50
31
11
0
1
0
1
26
4
4
13
15
6
4
14
32
24
16
19
16
4
61
72
114
182
239
287
285
227
166
128
119
177
211
207
214
160
136
147
77
4
0
3
6
21
2
6
4
1
0
2
4
15
65
163
137
28
16
17
4
0
0
1
3
0
8
21
41
49
35
9
19
58
79
64
40
33
26
1
11
3
4
9
49
27
10
1
0
1
0
2
0
0
0
0
0
0
0
0
0
0
0
0
0
0
1
0
2
11
0
1
5
5
3
25
485
1142
1781
2404
2882
3064
2981
2824
2184
1655
1245
972
997
982
833
619
592
675
754
852
973
1135
1278
1411
1566
2029
2473
2934
3017
2579
1923
1492
1596
1872
2100
2132
1997
1811
1679
1591
1768
2203
2827
3226
5456
4300
1842
1310
1164
1159
1048
737
1740
555
602
535
347
285
205
242
157
112
53
158
496
954
1659
2124
2641
3019
3031
2860
2534
2154
1761
1329
970
664
490
412
230
173
145
153
211
255
177
133
196
271
478
693
1008
1252
1102
633
409
197
194
299
265
248
223
193
97
13
3
30
70
77
32
6
1
4
62
169
256
318
318
261
199
123
13
0
0
0
0
24
88
139
92
1
0
97
397
506
470
171
4
19
48
25
1
8
18
13
58
86
34
32
24
1
2
3
1
17
44
52
194
385
346
132
179
359
393
453
573
592
533
492
447
448
359
329
377
413
497
434
152
202
432
456
432
892
1184
1287
1076
691
557
580
599
448
343
391
293
27
119
203
217
307
530
735
959
995
868
639
532
375
314
275
464
673
739
873
887
828
580
143
278
377
369
271
150
57
41
25
1
12
14
7
5
5
0
5
26
3
0
0
0
1
2
2
3
45
130
173
473
894
804
762
539
259
452
1100
1569
1923
1983
1653
812
389
587
692
628
468
360
247
173
167
157
162
204
284
518
673
704
618
554
504
973
1347
1292
1162
882
595
868
1471
1878
1903
1725
1566
1468
1179
947
766
805
775
568
188
502
679
733
696
876
1036
1302
1679
1805
1763
1364
350
241
395
327
171
115
85
68
51
35
4
6
1
2
1
6
21
30
42
50
53
47
41
44
32
33
18
14
17
21
15
0
0
0
0
0
0
0
0
0
0
0
0
0
0
0
0
0
0
0
0
4
5
29
46
75
181
402
628
890
1086
1090
1112
1112
940
839
616
412
245
267
220
182
144
211
258
338
346
382
381
356
325
272
215
129
97
57
6
2
20
26
39
97
188
247
275
224
159
159
149
176
221
265
268
223
201
175
186
216
236
268
249
190
96
43
51
122
178
187
165
81
0
1
56
121
138
131
113
60
28
33
45
47
58
77
68
33
7
12
17
9
1
0
10
15
18
35
27
6
0
0
1
2
0
0
0
0
0
0
0
0
0
1
9
20
12
10
4
2
1
3
3
0
0
5
0
0
0
4
8
9
6
2
0
0
0
0
10
65
284
386
345
400
462
461
325
222
157
132
125
106
324
838
1156
1263
1160
887
285
111
184
228
255
242
179
101
21
152
443
755
803
559
334
865
1202
1124
985
614
326
107
195
327
334
204
86
55
114
82
68
43
15
3
0
0
0
1
8
3
0
0
0
12
100
278
355
409
322
115
91
63
92
175
181
166
225
288
452
524
460
327
215
190
132
142
60
63
225
500
729
755
667
545
348
228
172
167
85
1
0
0
0
0
19
44
73
114
180
186
166
126
85
41
47
74
87
131
144
129
57
33
28
38
46
110
169
236
283
362
552
980
1467
1938
2327
2618
2676
2458
2119
1666
1414
1202
744
303
222
194
240
236
225
259
294
294
229
177
105
106
105
143
177
179
181
149
151
132
114
70
7
1
3
3
1
0
0
0
0
0
0
0
2
2
7
0
0
0
0
0
0
0
0
0
0
0
0
0
0
0
0
0
0
0
1
7
25
135
237
315
271
200
139
76
21
0
0
1
0
0
0
0
0
0
0
0
0
0
0
0
0
0
0
0
0
0
0
0
0
0
0
0
0
0
0
0
0
0
0
0
0
0
0
0
0
0
0
0
2
2
0
0
8
33
130
205
234
269
247
201
134
58
79
159
258
402
439
348
189
41
34
27
58
138
281
568
885
1199
1490
1816
2058
2404
2719
2866
2482
2309
1883
1415
856
456
674
1306
1760
1945
2240
2185
1522
1130
1096
1075
641
447
501
561
474
514
586
718
871
980
886
643
394
265
284
342
304
199
102
49
82
81
60
69
105
165
233
303
329
339
378
409
452
465
532
644
746
752
698
572
395
162
32
118
238
360
473
573
648
630
590
500
435
425
432
400
372
501
246
181
91
12
2
3
21
21
34
124
193
386
736
908
1151
1504
1781
1898
1871
1788
1786
1580
1448
1218
813
436
151
361
453
448
440
472
1014
1229
1460
1517
1112
951
618
322
213
388
376
304
241
171
112
83
48
103
133
51
19
23
50
115
248
331
347
397
454
544
651
745
764
741
1072
1119
1184
1135
1017
882
687
521
244
145
246
302
317
331
316
257
220
296
376
414
442
355
302
191
129
113
149
224
248
152
38
136
164
148
79
28
7
3
1
5
5
26
31
30
51
60
163
195
173
165
139
134
109
60
58
44
61
72
78
68
68
24
0
7
46
98
182
226
254
287
348
444
629
929
1287
1600
1729
1462
1194
1064
817
481
227
416
685
771
888
990
1020
715
417
204
158
110
46
46
80
107
57
3
175
362
354
160
42
112
112
61
9
43
110
155
108
18
52
56
21
22
29
16
7
2
0
0
0
0
0
1
4
0
0
0
2
66
335
649
1003
1105
1096
869
435
209
307
219
151
291
318
317
262
235
221
218
228
295
411
723
1488
2113
2109
1854
1658
1479
1156
887
657
1277
2071
2418
1880
339
1191
1638
1843
1772
1256
539
784
1233
1737
1900
1879
1335
983
1132
1060
928
982
1091
827
653
796
919
947
901
760
580
415
327
239
114
80
32
25
219
355
500
574
529
355
173
107
156
133
68
40
5
7
0
0
10
3
1
18
84
60
18
9
35
39
16
6
5
1
2
0
0
1
0
0
22
9
16
27
20
22
46
27
9
58
109
149
248
421
954
1491
1567
1423
1043
611
393
333
296
215
228
519
814
1175
1448
1545
1439
1233
1026
776
657
687
792
808
794
643
598
514
356
249
165
104
64
60
139
207
297
336
319
257
175
105
73
35
27
15
12
19
0
19
23
5
8
8
1
1
0
0
2
9
4
5
0
6
23
10
6
0
0
0
0
0
0
0
0
0
0
0
0
0
1
0
0
0
0
1
0
0
0
0
0
0
0
0
0
0
6
0
0
8
16
5
4
12
51
73
96
187
309
424
405
281
450
747
779
497
210
370
561
804
859
810
805
527
194
245
153
34
72
104
118
154
181
113
19
0
8
24
17
11
2
0
4
1
0
1
1
1
9
19
10
6
10
10
9
6
0
4
28
49
61
129
333
461
608
698
660
571
506
426
299
161
91
275
504
699
698
734
686
730
921
769
890
1052
1277
1539
1698
1930
2051
1928
1817
1351
826
329
618
507
289
137
94
156
300
465
546
642
715
722
775
746
625
525
424
262
110
158
352
478
462
382
328
224
128
40
18
158
249
309
331
342
343
301
230
149
67
0
5
44
74
89
83
93
57
30
4
0
5
7
16
4
1
0
0
0
2
9
19
9
1
0
0
9
17
18
9
0
0
0
0
3
16
33
50
52
35
4
3
2
8
33
63
60
45
11
0
17
167
315
474
493
399
266
153
64
50
81
115
123
144
168
167
212
265
254
286
293
297
287
183
50
41
64
60
91
69
76
38
10
4
6
29
29
7
15
15
31
53
66
82
63
44
41
59
81
100
78
53
36
25
44
47
52
132
225
389
462
432
347
199
130
94
96
155
162
86
31
32
42
40
13
1
9
2
3
0
3
49
62
58
89
178
177
126
88
35
138
306
417
491
446
245
34
23
129
289
363
349
268
92
11
25
201
298
322
292
222
116
61
28
8
22
73
181
263
266
224
179
160
164
210
255
307
361
391
434
414
392
369
303
205
96
26
46
76
105
104
138
160
169
197
223
232
247
234
204
178
172
155
119
82
48
16
1
0
0
0
0
0
0
0
0
0
0
0
0
0
0
0
0
0
0
0
0
0
0
0
0
0
0
0
0
0
0
0
0
0
0
0
0
0
0
0
0
0
0
0
0
10
85
307
580
832
1015
973
1037
1258
1423
1463
1585
1693
1376
1218
1015
717
429
287
213
196
267
292
277
242
264
365
381
405
387
323
180
31
14
68
104
129
146
155
187
404
634
906
1111
1039
679
462
363
309
183
56
13
4
62
89
98
93
64
10
0
0
6
26
26
16
17
108
218
294
307
310
278
289
573
1006
1438
2161
2727
3170
3320
3111
2426
1623
1707
1856
1815
2081
2122
1746
958
442
171
145
438
741
918
989
796
594
486
447
411
546
865
1172
1298
1499
1726
1938
2006
2066
2165
2221
2420
2650
2840
2742
2486
2372
2323
2298
2328
2405
2402
2444
2522
2525
2555
2588
2503
2328
1916
1508
1196
1202
1913
2548
2901
3133
3075
2774
2356
2297
2437
2492
2291
2057
1916
2031
2116
2023
1740
1339
1276
1457
1592
1448
1150
971
761
602
756
992
1416
1433
1424
1020
442
1498
1748
1661
1681
1393
1044
484
593
1092
1420
1459
756
563
1476
1743
1551
1145
840
1228
1913
2292
2371
2194
1710
796
969
1805
2899
1908
1750
1482
1041
1036
1124
1166
1121
721
285
845
1051
1293
1218
929
728
684
545
903
977
1136
1095
819
507
477
746
857
1006
918
708
684
574
246
503
635
647
695
735
687
535
167
234
549
720
628
440
441
530
620
698
779
909
1124
1211
1207
1241
1245
1220
1157
1066
751
378
300
303
286
139
201
463
775
1192
1730
2316
2810
3220
3383
3230
3021
2949
2911
2769
2664
2524
2432
2332
2112
1744
1238
904
606
339
137
221
368
558
694
768
839
853
814
796
718
608
480
318
71
23
144
260
316
352
331
331
295
250
202
145
23
0
4
33
111
182
218
251
266
326
299
289
275
224
164
111
42
0
0
32
95
153
192
205
200
178
157
134
61
15
0
0
0
2
22
32
126
17
11
2
0
0
0
0
7
16
27
38
37
40
28
10
3
0
0
0
0
0
3
4
16
16
21
18
11
1
0
0
0
14
8
0
0
1
0
0
0
0
0
0
0
0
0
0
0
0
0
0
0
0
0
0
0
0
0
0
0
0
0
0
0
0
0
0
0
0
0
0
0
0
0
8
0
0
1
0
0
0
0
0
0
0
0
0
0
0
4
9
0
0
0
0
0
0
0
0
0
0
0
0
0
0
0
0
12
2
0
0
0
0
4
1
0
1
21
27
3
0
0
0
0
0
0
0
0
0
0
0
0
0
0
0
0
0
0
0
0
0
4
1
0
0
0
3
0
0
0
0
0
0
0
0
12
0
0
0
0
12
18
0
0
1
4
1
0
0
0
0
0
0
0
0
0
0
0
0
0
0
0
0
0
0
0
0
2
15
0
2
3
1
0
0
0
0
0
0
0
0
0
0
0
0
0
0
0
0
0
0
0
0
0
0
0
0
0
0
0
0
0
0
0
0
0
0
0
0
0
0
0
0
0
0
0
0
0
0
0
0
0
0
0
0
0
0
0
0
0
14
9
0
1
0
0
0
2
6
4
62
93
75
44
33
27
35
9
1
0
0
0
0
0
0
0
0
0
0
0
0
0
0
0
0
1
0
0
0
0
0
0
0
0
0
0
0
0
0
0
0
0
0
0
0
10
11
0
0
0
0
0
0
0
0
0
0
0
0
0
0
0
0
0
0
0
0
0
0
0
0
0
0
0
0
0
0
0
0
0
0
0
0
0
0
0
0
0
0
1
4
12
53
150
231
323
406
488
503
558
663
668
697
704
739
745
770
703
697
631
538
487
426
351
316
301
233
200
241
362
503
642
785
878
933
857
657
486
410
409
397
375
354
302
256
189
82
7
51
172
252
328
400
395
391
376
363
306
195
117
124
215
299
358
378
409
450
432
430
409
377
292
183
201
305
484
651
811
1176
1425
1725
2124
2589
2932
3004
2706
2375
1840
1288
656
365
393
351
327
372
411
419
446
406
212
156
228
276
362
413
479
458
418
366
309
298
312
347
408
428
389
213
160
274
407
458
369
253
111
193
219
212
225
261
280
219
162
133
99
60
34
105
176
255
302
286
240
139
6
135
311
410
574
478
158
167
421
559
631
656
635
597
527
284
30
551
1009
1296
1407
1377
1229
802
344
64
45
113
138
180
280
425
636
880
1018
918
716
478
297
96
75
101
71
17
0
0
44
247
467
549
437
95
115
242
273
154
1
202
342
329
159
61
405
675
842
865
699
406
224
436
712
637
366
91
175
374
496
564
634
578
447
227
201
387
761
950
810
437
144
496
760
772
682
635
581
512
494
426
382
342
316
616
1143
1796
2234
2600
2479
2034
730
182
806
1166
1325
1455
1538
1606
1511
950
324
544
1042
1311
1504
1477
1231
761
330
23
294
582
943
1239
1606
1890
2001
2048
1981
1905
1652
1574
1385
1442
1336
1418
1444
1287
1462
1612
1553
1312
1028
653
371
81
224
339
392
368
306
263
234
180
79
40
29
18
12
13
19
32
80
108
156
210
236
212
192
189
191
237
275
270
308
301
356
308
343
393
518
536
451
423
421
311
281
240
177
134
124
82
26
7
1
1
5
8
11
13
8
7
5
4
11
29
33
17
11
13
10
1
0
0
0
1
4
3
3
2
7
19
26
11
2
0
0
0
0
5
19
42
107
209
190
150
147
125
88
76
18
25
65
143
179
152
141
145
131
125
122
173
273
339
436
728
945
1137
1279
1247
1261
1472
1770
1872
1615
1534
1268
539
428
685
658
622
611
584
529
346
209
16
100
219
262
270
312
357
359
379
358
304
189
67
1
66
104
98
120
129
110
110
85
50
24
0
0
0
0
7
16
25
35
36
29
23
5
0
0
0
1
5
7
19
23
25
8
7
9
5
0
0
0
0
0
0
0
0
0
0
0
0
0
0
0
3
5
8
0
5
6
4
22
98
300
515
606
575
477
398
302
200
152
98
60
33
30
40
45
86
134
159
181
170
149
147
154
169
206
214
235
238
263
260
243
216
161
129
73
35
0
8
43
78
101
127
122
139
157
128
119
79
44
20
14
0
3
2
2
11
14
8
3
1
0
2
0
2
11
2
14
27
34
31
37
31
1
2
1
6
13
18
17
15
10
1
0
0
0
0
0
0
0
0
0
0
0
8
11
9
0
0
0
0
0
3
0
0
0
0
0
0
0
0
0
0
0
0
0
0
0
0
0
0
0
0
0
0
3
0
0
0
0
0
0
0
0
0
0
0
0
0
0
0
0
0
0
0
0
0
0
0
0
0
0
0
0
0
0
0
0
0
0
0
0
0
0
0
0
0
0
16
172
320
426
489
514
476
352
245
135
71
33
40
76
90
118
110
137
124
116
80
65
38
22
3
0
0
0
0
0
0
0
0
53
206
337
276
188
52
52
75
159
261
395
466
518
515
431
278
0
76
298
468
544
533
426
262
95
14
2
69
166
284
372
325
178
56
27
3
32
73
122
129
100
36
34
20
8
2
1
0
0
0
1
49
98
99
74
55
25
9
13
18
44
94
128
156
197
210
218
223
151
94
57
72
77
142
180
223
218
226
210
175
110
85
32
29
39
57
102
123
158
161
122
65
14
10
20
31
41
50
50
24
3
0
10
1
6
18
19
9
8
5
0
0
0
0
20
3
0
1
0
0
0
0
0
0
0
0
0
0
0
0
2
3
7
6
4
0
0
0
0
0
0
0
0
19
1
0
0
0
0
0
0
0
0
0
0
0
0
0
0
0
0
0
0
0
0
0
0
0
0
0
0
0
0
0
0
0
5
42
35
1
0
0
1
0
0
2
0
2
21
14
0
0
6
6
0
10
63
94
36
3
25
24
14
17
30
36
20
23
24
14
11
0
1
0
0
0
2
0
0
3
0
0
0
0
7
10
4
0
9
18
0
3
15
26
18
11
0
3
11
66
104
69
50
32
29
15
0
2
2
5
1
344
257
372
457
462
448
445
462
559
581
678
772
929
1086
1211
1390
1296
1227
1174
1092
927
793
648
661
608
463
508
800
955
1061
1213
1472
1925
2253
2690
3316
3661
3681
3619
3572
3245
2971
2907
2452
2668
1368
1264
919
687
699
662
627
570
584
517
457
298
137
188
313
399
476
657
925
1010
788
341
240
511
659
666
571
383
142
128
62
113
182
206
163
185
194
141
79
39
75
104
93
66
40
44
43
34
4
10
34
88
195
246
192
84
33
17
33
104
188
182
183
204
315
559
1117
1681
1982
2081
2050
1889
1598
1276
960
733
696
554
407
284
141
53
17
26
63
97
99
87
55
17
4
3
18
44
66
73
44
31
8
4
6
9
9
27
68
104
98
61
28
4
35
75
119
125
68
14
3
58
170
229
242
212
156
92
51
44
57
72
85
113
173
233
304
332
321
302
282
270
234
203
181
135
62
22
150
253
329
382
384
343
295
254
200
122
25
49
172
257
423
521
622
726
862
1001
1104
1065
763
406
106
242
311
301
309
316
345
396
504
663
938
1255
1484
1515
1409
1370
1288
1169
1169
1175
1039
908
688
489
292
111
63
154
304
452
581
692
844
1036
1255
1477
1582
1769
1945
2027
2074
2338
2343
2025
1564
834
365
215
327
343
322
302
308
344
381
380
395
410
457
671
992
1324
1505
1610
1634
1566
1420
1230
1025
892
834
793
679
608
513
432
363
339
270
194
173
145
94
117
159
128
201
327
420
486
480
443
386
331
239
189
248
469
691
802
840
838
802
701
577
427
281
248
259
351
559
790
866
768
532
204
118
245
581
777
871
851
767
717
659
506
264
110
318
660
860
855
844
621
379
237
398
401
268
245
386
458
422
422
389
349
468
758
941
713
675
694
498
248
195
250
277
263
261
343
547
663
800
993
1050
1092
1103
1060
880
746
609
549
429
349
272
158
82
81
103
70
53
49
63
64
67
69
41
21
31
6
3
10
14
60
66
32
19
14
19
14
52
68
74
43
5
66
115
94
46
397
752
1078
1444
1702
1795
1661
1472
1170
964
803
638
388
190
105
107
94
84
70
105
141
80
22
5
17
57
65
33
36
46
83
108
129
169
270
400
542
680
760
881
1040
1167
1132
901
672
573
381
134
44
252
385
467
435
372
343
357
382
366
277
236
268
300
306
382
464
686
1080
1684
1937
1805
904
425
803
916
713
364
1155
1359
786
349
992
1255
1167
505
947
1370
1248
974
785
516
322
256
190
105
118
218
319
464
528
484
518
492
419
323
317
455
447
297
254
156
37
13
55
115
121
113
102
96
108
164
290
421
761
604
699
745
788
778
607
263
79
31
27
43
47
109
107
223
429
491
583
658
695
646
528
443
363
313
450
641
687
633
514
252
125
90
88
27
0
13
6
6
66
104
87
68
34
19
10
0
4
32
36
45
55
46
33
3
14
28
15
3
4
15
22
116
154
184
152
134
156
88
42
46
30
17
14
12
12
11
17
4
0
0
0
0
0
0
0
0
0
0
0
0
0
0
0
0
0
0
0
0
0
0
0
0
0
0
0
0
0
0
0
0
0
0
0
0
0
0
0
0
0
0
0
0
0
0
5
0
0
0
0
0
0
0
0
0
0
0
0
0
0
0
0
0
0
0
0
0
0
4
1
16
30
77
95
125
119
98
75
59
74
59
60
87
95
93
92
67
31
12
9
5
15
55
88
94
71
29
13
4
18
73
101
122
141
193
200
182
95
23
16
21
10
75
96
148
165
183
256
201
43
49
35
1
10
18
11
31
185
164
63
57
98
34
25
32
9
7
7
0
48
59
31
52
81
118
194
268
318
257
234
265
397
463
351
236
166
127
97
164
282
339
339
272
149
97
156
295
302
287
368
490
670
897
1059
1223
1474
1696
1700
1451
1193
872
643
457
386
347
402
468
546
655
668
683
737
964
1134
1174
1220
1263
1256
1267
1120
861
862
879
792
505
97
26
98
233
332
421
518
548
553
519
491
407
320
205
133
70
96
132
130
149
171
238
308
345
379
413
450
467
496
460
422
376
318
295
207
82
5
1
10
13
24
26
17
6
12
11
28
54
71
74
99
93
88
42
29
23
40
33
18
1
3
19
8
8
2
1
0
0
1
2
6
2
9
27
29
26
24
43
60
80
69
40
21
14
5
7
1
1
7
21
45
49
51
57
44
30
25
15
9
19
25
37
49
45
35
20
9
18
53
64
52
22
11
4
6
9
21
24
31
10
0
0
0
12
28
45
55
41
43
19
3
6
7
5
2
0
5
9
16
13
10
31
15
1
0
0
0
4
14
9
6
7
10
20
13
9
4
2
0
3
25
70
98
105
93
63
33
8
4
6
43
103
182
176
147
39
6
8
77
209
215
197
125
47
3
9
44
110
195
225
212
141
68
15
26
101
164
201
184
125
35
2
0
5
16
34
52
47
26
5
0
0
6
15
95
9
0
15
151
500
675
763
1019
1169
1298
1467
1613
1667
1677
1528
1348
1027
868
1053
1216
1236
1434
1594
1747
1796
1707
1488
1046
365
331
444
469
477
543
635
711
808
769
666
383
347
283
236
308
388
445
465
452
410
403
319
267
271
338
466
534
535
515
470
443
412
378
345
309
278
220
220
199
203
250
227
205
175
161
190
217
270
289
274
225
171
132
76
30
54
88
133
187
231
232
225
193
157
104
28
0
0
7
91
197
299
338
328
284
135
31
5
70
187
241
307
280
228
182
124
119
83
56
85
83
103
90
70
38
34
22
15
74
103
126
120
103
77
42
15
4
0
37
65
110
131
151
113
56
6
1
0
19
52
57
43
29
9
6
2
0
0
1
40
84
113
112
82
62
22
12
0
0
39
68
100
98
81
64
29
2
0
0
0
3
43
81
140
174
159
120
53
0
0
9
75
133
202
216
204
168
145
101
43
1
0
2
17
65
119
151
175
148
87
20
0
0
0
55
105
119
130
128
82
30
0
0
0
0
43
89
121
155
161
171
149
102
33
0
0
2
74
98
144
159
139
101
43
5
0
0
1
28
47
76
69
36
27
20
9
3
41
20
79
47
0
0
0
22
33
24
7
0
0
0
0
6
16
5
0
0
0
0
0
0
1
15
23
19
24
16
0
4
73
87
86
57
17
0
0
7
67
124
194
211
133
55
77
75
93
130
149
125
89
34
13
1
0
3
49
73
63
29
3
7
10
11
33
48
55
59
34
47
38
32
29
29
17
12
5
4
0
0
0
0
0
0
0
0
0
0
0
0
0
0
0
0
0
0
0
0
0
0
0
0
0
0
0
0
0
0
0
0
0
3
14
9
0
0
2
0
0
0
0
0
0
0
0
5
4
0
0
0
0
0
0
0
0
0
5
33
30
2
0
0
0
37
61
69
35
1
0
0
0
0
0
0
0
0
0
0
0
1
6
0
0
0
0
14
2
0
0
3
11
1
0
0
1
0
0
0
0
0
0
0
0
0
0
0
0
0
0
0
0
3
1
0
0
0
0
0
0
0
0
1
0
0
0
0
0
0
0
0
0
0
0
0
0
0
0
0
0
0
0
0
0
2
10
12
13
11
4
0
4
9
20
21
7
0
0
0
0
0
0
3
0
0
3
0
0
0
0
0
1
2
0
0
0
0
0
0
0
0
0
0
0
2
1
1
0
0
0
0
0
0
1
0
0
0
0
0
0
0
0
0
0
0
0
0
0
0
0
1
3
5
2
1
0
0
0
0
0
0
0
0
0
0
0
0
0
0
0
0
0
0
0
0
0
0
0
0
0
0
0
0
0
0
0
0
0
0
0
0
0
0
0
0
16
18
122
451
795
1028
1190
1275
1268
1205
1089
960
867
784
706
812
995
1081
1167
1272
1383
1480
1425
1258
1042
738
341
727
852
899
806
735
577
482
343
218
84
28
20
133
332
502
625
686
701
646
522
401
170
33
81
204
270
275
232
185
128
74
43
42
45
49
49
79
58
59
39
25
12
7
32
60
29
44
29
13
19
2
10
38
53
59
16
2
5
9
27
41
11
1
0
0
54
229
651
832
1094
1008
786
370
569
735
681
664
775
829
789
567
584
541
423
333
165
29
28
96
163
193
202
246
261
242
195
207
330
472
565
571
639
601
537
554
447
110
310
527
669
792
837
857
845
788
624
678
605
425
480
597
769
883
831
654
466
276
268
249
310
385
426
371
427
478
365
554
625
677
654
617
538
445
370
297
225
218
226
254
233
246
217
208
169
179
135
111
124
102
107
111
98
113
102
123
72
60
22
15
55
65
76
68
63
29
7
5
12
40
38
29
31
37
31
8
0
0
0
4
16
40
61
94
146
278
454
616
909
1321
1787
2292
2506
2576
2282
1925
1597
1266
910
585
478
524
613
730
614
421
250
52
48
141
180
155
119
79
32
170
297
305
277
256
228
171
88
48
29
24
44
143
314
514
762
1037
1119
1130
1093
945
742
656
825
1030
1122
1202
1264
1292
1222
1172
1216
1108
819
573
381
128
126
276
482
569
605
441
288
239
187
70
168
215
160
104
116
178
179
157
170
219
185
154
62
5
0
0
0
0
0
0
0
0
0
0
0
0
0
3
3
4
4
25
6
0
1
1
0
0
0
0
0
0
0
0
0
2
0
3
8
15
10
7
0
0
0
0
0
0
0
0
0
0
0
0
0
0
0
0
2
17
51
122
217
315
398
386
383
344
288
340
288
140
127
436
600
745
840
930
1086
1203
1293
1493
1803
1914
1916
2072
1652
780
1224
1116
865
785
548
208
297
467
584
601
565
754
341
227
195
267
319
342
349
324
269
220
138
95
96
131
146
132
86
56
40
31
3
0
0
4
21
52
52
63
34
6
0
3
5
5
1
5
27
40
52
38
48
70
79
67
64
55
26
3
3
3
8
5
8
22
55
89
123
109
92
70
47
38
29
27
39
33
51
67
52
30
14
13
11
45
60
80
87
91
73
77
62
42
32
13
8
2
0
0
6
23
38
39
61
66
67
42
55
52
45
31
9
1
8
6
2
2
2
7
16
6
8
8
9
11
13
3
0
0
0
0
0
0
0
0
0
0
3
4
0
0
1
0
0
0
0
0
0
0
0
0
0
0
0
0
0
0
0
0
0
0
0
0
0
0
0
0
0
0
0
0
0
0
0
0
0
0
0
0
0
0
1
7
0
0
0
0
0
0
0
0
0
0
0
0
0
0
0
0
0
0
0
0
0
0
0
0
0
0
0
0
0
0
0
0
0
0
0
0
0
0
0
0
0
0
0
0
0
0
0
0
0
0
0
0
1
12
1
0
0
1
0
0
0
0
0
0
0
14
47
61
75
108
106
80
81
102
110
98
91
81
32
21
5
1
12
57
102
143
189
200
186
202
182
151
134
97
72
45
20
3
7
17
42
62
72
123
153
194
186
150
130
173
260
316
369
400
382
376
383
342
281
179
91
166
213
225
340
465
502
444
299
177
206
286
328
368
448
462
361
115
0
112
204
183
164
160
114
23
1
51
100
134
144
166
159
81
48
11
14
14
15
7
2
0
0
2
53
73
55
19
4
7
27
53
55
23
20
23
9
1
1
9
17
37
86
115
85
10
0
0
0
0
0
0
0
0
0
0
0
0
0
0
0
2
9
2
1
2
8
42
125
117
88
78
65
26
57
256
373
199
0
10
13
19
16
112
144
39
9
12
69
183
251
264
229
245
335
501
690
843
935
934
898
889
1020
1175
1330
1577
1784
1908
2110
2209
2316
2426
2482
2541
2489
2471
2411
2323
2253
2061
1783
1512
1195
893
749
728
757
741
749
788
762
617
439
353
299
319
329
364
360
356
277
249
295
326
353
361
375
387
435
604
927
1285
1822
2296
2530
2849
3045
2992
2848
2523
1983
1764
2119
2449
2578
2565
2420
2152
1723
1392
1027
739
1026
1422
1582
1628
1518
1261
937
985
1041
1156
1510
1708
1751
1661
1725
3613
2319
2106
1790
1191
931
1069
527
843
1238
1343
1450
1652
1935
2176
2100
1637
1316
1188
949
783
548
634
814
950
1098
859
895
785
629
489
383
284
491
850
1149
1469
1642
1708
1735
1582
1441
1548
1787
1957
2099
1998
1902
1723
1278
881
451
281
144
89
59
59
130
161
211
346
398
1336
704
665
598
443
738
1080
1554
1953
2008
1535
889
211
189
221
244
184
104
67
77
100
111
122
121
110
78
80
52
7
13
108
100
148
531
596
329
736
689
319
291
399
273
83
169
490
1141
1734
1961
1942
1785
1470
1148
850
633
318
398
546
477
328
145
142
397
466
433
369
484
565
441
337
570
670
717
556
322
464
681
606
669
504
658
663
407
269
539
680
622
352
74
398
393
248
163
95
49
9
26
8
17
1
0
0
8
11
33
46
27
2
0
0
0
0
0
4
8
8
15
16
5
10
14
59
100
154
186
169
160
137
258
335
302
330
447
565
643
649
567
578
576
445
105
78
208
326
370
376
334
138
239
761
762
617
611
779
853
782
515
571
995
1183
1104
896
811
833
885
1294
1793
2019
2110
2006
1629
989
439
389
394
385
390
413
420
490
758
829
668
344
103
158
131
128
114
192
245
186
106
33
40
44
9
22
5
1
0
2
0
5
1
2
10
0
0
0
3
1
30
60
74
96
152
149
115
83
55
68
107
121
50
170
312
405
480
424
340
339
476
597
622
597
526
390
119
49
65
154
108
175
273
384
489
527
589
642
746
1004
1104
1035
1088
1215
1367
1400
1391
1329
1108
830
533
426
416
484
485
376
332
484
339
129
101
121
57
11
46
119
108
177
111
2
4
35
81
60
53
56
50
49
28
23
29
17
7
1
0
4
4
5
9
40
100
91
0
30
23
16
259
286
27
46
112
99
59
202
278
184
130
147
165
326
560
613
536
303
199
210
191
397
659
898
1251
1437
1386
957
252
501
467
366
194
108
106
101
91
78
55
12
46
33
39
17
30
20
4
16
61
105
135
110
34
18
17
104
276
335
358
299
139
68
151
134
44
126
185
210
290
391
358
306
288
240
257
315
291
140
53
287
267
165
137
132
117
175
123
21
216
392
367
153
18
6
1
1
2
3
3
0
6
16
6
2
0
0
0
21
42
24
8
1
8
9
11
13
11
48
64
52
49
35
29
21
6
7
9
13
30
83
73
118
1
0
55
263
391
478
444
321
70
9
88
228
308
357
364
365
339
252
51
0
1
2
114
302
457
538
485
364
117
3
0
0
0
0
1
5
21
36
55
57
35
13
11
7
10
13
10
12
10
28
32
32
10
1
0
0
0
0
0
0
0
0
2
35
71
75
93
127
111
55
55
26
9
19
26
17
9
13
20
49
52
39
55
160
300
306
294
281
238
206
134
242
355
540
696
734
766
698
591
471
313
194
84
23
11
29
75
128
115
104
70
5
57
247
450
505
591
564
497
364
206
50
49
44
36
12
10
3
0
0
0
0
0
0
0
0
0
0
0
0
0
0
0
0
0
0
0
0
0
0
0
0
0
0
0
3
7
1
0
0
0
0
0
0
0
0
0
0
0
0
0
0
0
0
0
0
0
0
0
0
0
0
3
5
2
2
2
1
1
0
0
2
1
3
5
0
3
6
3
0
0
0
0
5
80
204
255
380
734
952
1141
1239
1188
1141
930
551
577
1004
1252
1163
1052
599
360
86
335
400
398
347
228
82
51
42
38
33
44
53
81
118
185
179
184
170
127
58
6
3
18
25
37
36
17
16
10
12
13
11
3
1
0
0
1
9
13
14
5
3
0
0
0
0
0
0
0
0
0
0
0
0
0
0
4
14
14
1
4
17
0
32
212
369
390
354
274
297
234
327
386
295
133
63
109
120
74
12
14
50
110
114
43
22
5
131
401
1008
1546
1673
1737
1646
1261
791
412
255
422
971
1254
1380
1341
1187
833
337
588
881
963
875
661
339
87
210
145
56
13
26
204
470
778
1058
1316
1400
1252
523
576
1326
2018
2484
2803
3093
3328
3375
3238
3299
2842
2337
2318
2183
2444
2901
3067
3118
3058
2912
2665
2277
1784
1340
842
609
367
504
650
558
501
403
287
190
131
89
78
102
102
152
157
106
83
106
156
181
163
148
157
199
230
258
324
354
336
300
368
338
312
317
295
269
221
363
482
375
265
242
213
153
85
1
16
30
113
192
381
492
497
470
315
174
302
425
639
549
269
125
563
647
462
124
275
360
368
147
101
150
173
177
219
280
442
576
730
832
984
1149
1443
1456
1378
1385
1374
1496
1848
2138
2278
2191
1717
934
507
347
360
422
552
600
365
100
181
286
320
341
446
621
890
1133
1238
1224
1030
823
570
292
326
778
1117
1426
1588
1539
1314
1005
130
153
127
68
121
76
31
11
27
9
22
19
8
2
2
3
5
2
0
0
0
0
0
0
0
0
0
0
1
0
0
0
0
0
0
0
2
16
16
18
15
5
2
0
0
0
0
0
0
0
3
0
0
0
0
0
0
0
0
0
0
0
0
0
0
0
0
0
0
0
0
0
0
0
1
0
0
0
0
0
0
0
0
0
5
6
0
0
0
0
0
0
0
0
0
0
0
0
0
0
0
3
0
0
0
0
0
1
8
0
0
0
0
0
0
0
0
0
0
9
23
2
1
34
42
23
17
2
0
0
11
52
85
117
79
46
9
0
0
33
77
68
41
25
33
55
56
56
82
241
552
649
758
930
1041
1075
928
756
439
504
679
608
588
887
1086
1297
1424
1358
1099
906
893
1269
1735
2018
2086
2080
1666
1094
839
678
796
747
598
257
109
197
276
284
206
102
217
300
444
619
565
463
482
540
535
754
861
830
718
720
718
662
841
1149
1301
1099
1091
1399
1672
1791
1746
1755
1740
1757
1735
1565
1514
1459
1339
1217
1074
940
857
719
615
521
461
439
406
381
345
306
273
241
214
175
157
130
109
107
101
111
118
92
52
42
28
24
26
39
58
55
78
180
367
625
743
873
775
631
601
542
477
404
342
289
286
304
302
308
338
315
286
236
262
276
294
327
303
262
253
205
286
332
223
156
105
103
162
191
204
196
200
154
59
65
139
142
117
144
154
135
108
115
136
162
160
144
140
179
138
102
154
193
208
235
209
213
220
440
716
1084
1591
2143
2624
3133
3394
3384
2709
2052
1455
1013
545
373
362
393
421
387
219
95
88
118
173
183
108
14
0
2
1
8
10
17
12
11
0
1
0
0
0
0
20
0
3
4
0
0
4
7
8
0
0
0
0
0
0
1
0
0
0
0
9
23
8
4
0
0
1
12
12
2
3
0
0
0
0
0
0
0
0
0
0
0
0
0
0
0
0
0
0
0
0
0
0
0
0
0
13
0
0
2
2
0
0
0
0
0
0
0
0
0
0
0
0
0
0
0
0
0
0
0
0
0
0
0
0
0
0
0
0
0
0
0
0
0
0
0
0
0
0
0
0
0
2
12
17
13
17
12
9
8
2
1
1
1
3
1
1
2
0
0
0
0
0
3
13
13
10
5
8
3
0
0
0
0
0
0
0
0
0
0
0
0
0
0
0
0
0
0
3
13
23
25
29
23
13
6
4
0
3
17
20
5
0
0
0
0
0
0
0
0
0
0
2
5
0
0
0
0
0
0
0
0
0
0
0
0
0
0
0
0
0
0
0
0
0
0
0
0
0
0
0
0
0
0
0
0
0
3
10
0
0
1
0
0
0
0
0
0
0
0
0
0
0
0
0
0
0
0
0
0
0
0
0
0
0
0
0
0
0
0
0
0
0
19
92
125
176
139
71
0
20
141
200
212
232
247
233
232
168
81
0
0
70
174
245
268
310
283
217
86
6
2
88
194
280
288
281
188
26
0
28
131
228
252
242
220
143
56
0
0
45
91
179
222
216
193
105
7
4
50
136
180
196
198
148
87
42
0
0
0
39
80
109
140
137
86
27
1
0
0
31
53
53
66
53
29
2
0
0
0
1
12
21
17
3
0
0
0
0
0
0
0
0
0
0
0
0
0
0
0
0
0
0
0
0
0
0
0
52
175
246
274
260
240
169
110
49
9
17
63
116
208
248
261
294
259
229
191
65
6
14
77
173
263
240
187
113
37
3
4
9
88
170
219
219
204
138
63
16
19
58
146
193
166
105
64
19
0
0
0
23
30
48
49
37
22
9
7
4
2
1
42
55
54
35
26
20
14
5
0
0
10
39
45
37
7
0
0
0
0
22
36
41
33
18
0
0
0
0
0
14
42
56
56
49
20
0
0
0
0
29
41
42
28
2
0
0
0
0
0
1
1
0
0
0
0
0
0
20
83
182
250
282
269
145
43
23
44
57
91
126
159
165
172
131
91
15
4
1
55
75
89
80
44
1
0
0
0
12
56
79
57
26
1
0
5
3
0
0
0
0
0
0
0
0
0
0
0
0
0
0
0
0
0
0
0
0
0
0
0
0
9
12
0
0
0
0
36
89
90
49
27
32
70
164
433
560
715
833
851
896
829
804
780
738
723
695
630
611
554
448
376
188
50
18
4
95
385
578
656
707
713
799
823
738
664
507
309
107
36
94
85
29
8
8
25
14
20
48
43
16
3
10
17
34
54
79
148
262
349
377
391
388
355
284
228
162
103
41
10
0
0
0
1
8
10
13
16
15
4
0
0
6
2
0
4
3
3
8
3
1
11
3
0
0
18
8
0
0
4
1
0
3
10
26
77
108
151
152
140
106
50
11
9
7
18
25
20
3
2
1
16
32
150
330
698
1078
1320
1442
1540
1592
1667
1678
1613
1457
1487
1499
1452
1521
1532
1431
1351
1226
1005
697
235
257
146
528
828
762
652
744
793
841
824
436
106
62
57
136
392
456
337
208
94
72
154
460
720
925
1161
1320
1402
1462
1491
1541
1849
2153
2005
1279
1190
1065
618
350
629
248
246
207
183
255
192
72
24
9
9
17
46
33
30
47
235
308
467
573
626
475
224
30
171
335
307
73
33
9
109
150
212
207
98
30
13
2
10
9
2
4
12
11
3
0
0
1
2
5
7
12
5
33
37
11
0
0
1
0
1
0
0
2
0
0
0
0
9
2
0
0
0
0
0
0
0
0
0
0
1
2
1
0
0
0
0
0
0
0
0
0
0
0
0
47
252
99
3
2
1
3
16
2
0
2
1
0
1
21
6
21
31
169
48
61
44
15
14
35
208
567
981
1494
1452
1169
905
688
740
810
778
648
504
633
826
879
938
856
838
817
777
779
922
1201
1343
1367
1308
1137
885
585
764
997
1213
1243
1204
1117
876
736
811
771
794
782
666
592
497
482
495
524
494
487
260
76
34
190
198
170
57
31
112
226
275
167
222
255
311
333
382
439
525
534
560
600
653
662
631
528
471
473
462
444
428
425
418
401
376
406
458
547
547
500
408
362
381
296
251
107
89
104
104
87
77
101
147
147
120
132
154
175
168
123
56
9
3
2
23
25
26
39
56
115
202
293
366
442
442
445
427
408
368
316
242
203
272
325
404
438
414
339
184
242
506
749
948
1133
1230
1355
1429
1494
1456
1287
949
344
216
430
537
472
370
388
417
403
325
245
189
142
65
44
98
87
60
44
23
8
9
25
47
98
125
149
201
305
395
361
303
338
434
518
570
626
714
676
640
553
437
340
302
229
93
41
51
58
25
19
13
30
50
55
61
38
19
7
2
0
1
10
12
28
32
24
1
2
12
24
29
43
60
64
46
63
136
129
94
68
68
105
100
68
50
33
37
40
36
54
66
54
27
3
5
0
11
1
1
17
7
25
11
2
0
5
2
0
0
2
5
12
0
0
0
0
0
0
2
0
0
0
1
0
0
0
0
0
0
0
0
0
0
0
0
0
0
0
0
0
0
0
0
0
0
0
0
0
0
0
0
0
0
0
0
1
10
13
14
13
7
1
0
0
0
0
0
0
0
0
1
5
0
0
0
1
7
10
18
14
1
23
74
90
82
46
0
0
0
36
79
92
88
74
41
7
4
14
12
17
46
71
85
52
46
40
41
31
15
17
6
2
1
1
3
4
7
11
16
9
4
8
15
3
0
0
0
0
0
4
0
0
0
0
0
0
0
0
2
9
5
1
0
0
1
5
15
35
61
85
88
78
119
126
156
166
199
237
239
214
198
185
160
161
160
159
142
170
171
148
142
186
129
79
59
55
42
60
63
41
23
22
20
25
22
17
34
149
277
477
820
1288
1627
1924
2098
2090
2247
1841
1135
903
739
817
900
884
747
661
438
241
230
265
416
506
579
693
1124
1532
1873
2388
2828
3120
3468
3742
4277
4307
4391
4410
4306
4084
3634
3028
2610
1958
1485
1091
862
569
553
729
1214
1740
2254
2695
3203
3883
4647
4962
5086
4846
4710
4874
4831
4152
3315
2686
2571
2557
2554
2474
2276
1959
1843
1704
1535
1271
915
668
484
336
280
211
388
620
791
1003
1248
1269
1199
1325
1559
1802
1871
2101
2531
3136
3639
3941
3972
4016
3829
3567
3609
3678
3578
3304
2676
2370
2372
2107
1541
1314
1375
1481
1271
984
744
574
485
594
994
1282
1254
871
407
316
260
194
205
255
254
208
221
333
362
293
180
95
66
68
64
58
68
72
52
53
37
35
45
62
65
54
35
22
7
1
0
4
18
26
28
17
16
13
2
0
0
0
3
4
1
2
0
0
1
0
0
24
12
0
0
1
0
0
0
1
4
0
0
0
0
0
0
0
0
0
0
0
0
0
0
0
0
0
0
0
0
0
0
0
0
0
0
0
0
0
0
0
0
0
0
0
0
0
0
0
0
0
0
0
0
0
0
0
0
0
0
0
0
0
0
0
0
0
2
0
0
0
0
0
0
0
0
0
0
0
0
0
0
0
0
0
0
0
0
0
0
0
1
2
0
0
0
0
0
0
1
0
0
0
0
0
0
0
0
0
0
0
0
0
0
1
0
0
0
0
0
1
20
16
2
2
1
1
0
0
1
7
3
0
0
0
0
0
0
0
0
0
0
0
0
0
0
0
0
0
0
0
0
0
0
0
0
0
0
1
5
0
0
0
1
0
0
0
0
0
0
0
0
0
0
1
3
2
0
0
0
0
0
0
0
0
11
10
0
2
2
0
0
2
13
14
36
65
79
63
54
55
62
36
6
1
7
18
43
48
62
64
65
125
138
104
34
9
12
2
5
11
21
37
58
90
129
116
80
74
101
92
89
76
54
38
27
77
89
108
66
62
130
99
23
5
1
4
10
26
41
30
36
14
3
0
7
14
7
12
6
23
31
30
41
43
43
52
46
64
62
42
37
15
26
22
18
3
0
0
0
0
0
3
10
9
20
12
15
22
6
0
0
2
3
0
0
0
0
0
0
0
12
4
0
1
3
14
24
37
44
64
150
195
173
79
8
0
1
2
1
0
0
0
1
25
42
50
50
53
25
19
31
13
0
10
44
92
129
168
239
509
716
805
822
709
510
802
844
627
873
989
1013
949
666
621
315
297
453
410
370
422
751
706
694
695
508
310
229
245
523
538
390
291
188
59
0
0
65
147
217
252
286
310
294
251
119
20
18
120
242
290
273
251
219
183
136
91
40
39
27
58
127
184
168
102
50
39
28
46
63
47
39
65
103
120
114
75
41
14
28
48
38
37
63
70
65
72
55
60
109
131
127
93
67
68
26
6
4
3
0
0
0
18
28
45
48
53
28
19
4
3
1
7
10
19
7
3
0
0
0
0
1
3
13
24
34
24
63
73
89
72
31
25
56
115
113
54
59
24
35
23
10
28
14
26
18
11
39
18
1
14
24
21
0
0
0
0
2
5
7
0
0
0
0
0
0
0
0
0
0
0
0
0
2
111
347
635
1137
1457
1663
1577
1434
1294
1173
962
705
428
301
217
204
219
229
289
296
237
123
34
23
66
53
41
50
55
28
15
21
33
29
57
104
100
110
131
149
86
9
59
64
42
90
199
408
779
1146
1521
1753
1895
1887
2028
1591
1149
826
522
339
229
217
200
138
101
94
81
88
59
23
7
9
10
10
3
0
0
2
1
0
0
0
0
0
0
0
0
0
0
0
0
0
0
0
0
0
0
0
0
1
10
0
0
0
0
0
0
0
0
0
0
0
0
0
0
0
0
0
0
0
0
0
0
0
0
0
0
0
0
0
0
0
0
0
0
0
0
0
0
0
0
0
0
12
4
0
0
0
0
0
0
0
0
0
0
0
0
0
0
0
0
0
2
4
0
0
0
0
0
0
0
0
0
0
0
0
0
0
0
0
0
0
0
0
0
0
0
0
0
0
0
0
0
0
0
0
0
0
0
0
0
0
0
0
0
0
0
0
0
0
0
0
0
0
0
0
2
2
0
0
0
0
0
0
0
0
0
0
0
0
0
0
0
2
1
0
0
0
0
0
0
0
0
0
0
0
0
0
0
0
0
0
0
0
0
0
0
0
0
0
0
0
0
0
0
0
0
5
0
0
0
0
0
0
0
0
0
0
0
0
0
0
0
10
67
109
177
224
210
136
71
26
2
0
0
0
0
0
0
0
0
0
0
0
0
0
0
0
0
0
0
0
0
0
0
0
0
0
0
0
0
0
0
2
0
0
0
0
0
0
0
0
0
0
0
0
0
0
0
0
0
0
0
0
0
0
0
0
0
0
0
0
0
0
0
0
0
0
0
0
0
0
0
0
0
0
0
0
0
0
0
0
0
0
0
0
0
0
0
2
23
59
118
149
155
125
77
42
17
6
3
1
0
0
0
0
0
0
0
0
0
0
0
0
0
0
0
0
0
0
0
0
0
0
0
0
0
0
0
0
0
0
0
0
0
0
0
0
0
2
0
0
0
0
0
0
0
0
0
0
0
0
0
0
6
0
0
0
0
0
0
0
0
0
0
0
0
0
0
0
0
5
54
102
119
152
144
92
39
10
0
0
0
0
0
0
0
0
0
0
0
0
0
0
0
0
0
0
0
0
0
0
0
0
0
0
0
0
0
0
0
0
0
0
0
0
0
0
0
0
0
0
0
0
0
0
0
0
0
0
0
0
0
0
0
0
0
0
4
1
0
0
0
0
0
0
0
0
0
0
0
0
0
0
0
0
0
0
3
0
0
0
0
0
0
0
0
0
0
0
0
0
0
2
0
0
0
0
0
0
0
0
0
0
0
0
0
0
0
0
0
1
0
0
0
0
0
0
0
0
0
0
0
0
0
0
0
0
0
2
0
0
0
0
0
0
0
0
0
0
0
0
0
0
0
0
0
0
0
0
0
0
1
0
0
0
0
0
0
0
0
0
0
0
0
0
0
0
0
0
0
0
0
0
0
1
4
4
5
73
9
16
8
3
0
0
0
0
0
0
0
0
2
2
0
0
0
1
13
44
66
89
107
103
71
26
2
4
43
71
114
109
73
106
180
209
256
334
363
438
480
533
513
547
542
543
511
458
390
342
274
194
127
64
43
18
18
7
19
30
37
33
24
31
32
23
16
11
8
9
42
60
106
192
287
543
801
1064
1341
1494
1597
1506
1474
1345
1334
1302
1228
1145
1072
975
943
644
709
646
625
519
345
254
221
303
340
367
357
360
372
410
549
698
850
943
870
680
869
813
738
668
607
505
266
367
542
563
449
241
567
734
838
753
490
533
528
397
227
439
504
150
245
324
288
241
487
556
296
140
245
282
271
357
547
537
353
58
241
263
210
277
402
359
281
364
210
53
336
386
146
199
225
123
13
22
26
3
153
344
442
442
350
183
101
184
357
481
541
540
421
243
96
47
29
31
26
20
28
16
6
2
6
16
18
19
8
2
5
7
0
1
7
11
11
14
12
6
2
0
3
10
10
6
13
14
11
8
5
1
0
0
0
0
0
0
0
0
0
0
0
0
0
0
0
0
0
0
0
3
6
0
0
0
0
0
0
0
0
0
0
0
0
0
0
0
0
0
0
0
0
0
0
0
11
10
0
0
0
0
0
0
0
0
0
0
0
0
0
0
0
0
0
0
0
0
0
0
0
0
9
101
181
223
214
163
107
92
65
54
65
102
155
187
217
220
180
107
47
83
56
54
62
51
75
283
523
561
537
637
786
1037
1171
1314
1536
1580
1472
1200
783
369
112
282
515
731
845
811
621
234
464
790
886
665
228
212
650
941
1164
1203
1133
993
857
689
473
166
132
255
360
480
548
501
391
270
140
54
19
16
38
53
91
669
1114
1047
1016
966
801
1086
1702
2187
2531
2751
2895
3233
3822
4143
4165
3986
3938
3863
3905
3868
3826
3680
3423
3178
2875
2655
2380
2092
1875
1751
1628
1510
1276
796
684
1165
1741
2186
2365
2388
2712
2322
1431
828
860
828
794
766
684
650
657
590
534
490
503
661
672
557
467
375
345
339
252
270
229
233
239
275
306
330
337
346
326
343
377
436
488
507
550
565
498
494
558
649
656
714
760
837
1077
1616
1991
2228
2478
2462
2288
2003
1862
2110
2211
2411
2290
2236
1959
1966
1695
1360
863
483
479
919
1034
939
766
527
265
111
92
151
157
129
89
80
62
58
39
66
36
34
28
14
5
0
0
0
8
18
22
14
14
8
1
3
1
0
0
2
2
8
10
3
2
0
0
0
0
0
0
0
0
1
9
16
11
13
0
0
0
0
0
0
0
0
0
0
3
3
0
0
0
24
57
87
110
153
125
123
124
142
158
126
35
130
357
706
847
1000
1370
1440
1318
1079
754
425
169
134
135
126
119
107
100
83
83
70
71
82
162
279
388
487
596
789
1009
1159
1117
910
600
291
200
196
160
200
358
393
368
302
277
234
191
103
84
141
182
206
299
418
480
458
405
340
181
182
307
426
514
586
579
532
462
339
253
309
361
389
422
423
430
331
192
118
269
450
663
793
823
600
342
349
562
856
1174
1267
1333
1323
1121
923
686
627
614
508
399
362
345
332
310
280
225
135
28
3
34
94
82
46
23
20
48
111
198
289
376
359
160
177
251
340
397
417
320
198
50
71
152
230
306
399
508
549
485
512
627
640
580
538
472
527
666
762
694
622
501
469
356
254
177
102
49
30
15
11
21
34
43
44
48
43
34
37
34
40
28
33
39
30
18
18
18
25
32
43
31
11
3
0
0
0
0
0
1
2
0
0
0
0
0
0
0
0
0
0
0
0
0
0
2
1
0
3
5
2
2
0
1
0
0
22
63
145
254
459
788
1161
1466
1819
1874
1818
1385
825
237
307
446
398
293
97
27
2
1
3
11
13
32
50
64
79
85
85
83
80
136
133
126
138
207
295
282
214
162
143
137
181
201
129
33
73
104
48
16
14
12
18
26
39
44
103
134
100
89
39
34
18
21
29
44
53
37
51
38
0
2
17
26
5
1
10
12
12
11
70
163
182
155
98
59
56
68
91
73
19
5
3
0
8
31
73
152
149
88
7
31
39
24
22
63
94
121
101
29
3
37
81
81
47
47
32
6
0
0
14
26
23
11
5
1
3
8
27
34
24
22
7
0
10
29
29
11
53
57
36
19
24
9
1
0
16
46
45
21
12
10
3
2
4
2
0
0
0
0
0
0
0
1
0
0
3
5
0
1
0
1
0
0
0
0
0
1
1
0
0
0
3
3
6
0
0
0
0
15
34
20
30
45
38
41
40
46
36
16
9
2
6
7
4
12
10
13
12
21
21
21
35
33
14
0
0
0
0
12
289
298
523
846
1242
1474
1515
1359
1308
1372
1395
2033
2295
2592
2777
3115
3145
2672
2193
1900
1773
1583
1488
1524
1606
1638
1530
1356
1074
757
517
376
361
435
380
297
408
539
593
541
597
524
454
279
155
145
110
83
70
46
37
51
64
75
91
110
87
27
23
21
5
1
7
16
1
1
3
1
3
1
0
0
8
12
11
9
15
31
48
51
33
15
5
3
1
1
2
3
4
2
0
0
2
0
0
0
0
0
0
0
0
0
0
3
4
0
0
0
1
0
3
3
4
0
0
3
8
3
2
3
4
0
2
3
9
24
51
33
16
7
4
8
12
17
9
0
2
2
19
14
3
3
12
52
60
77
75
30
2
0
0
6
45
110
126
110
76
37
22
10
8
2
7
4
5
8
7
1
0
1
9
1
0
0
0
1
16
3
7
7
37
3
0
0
3
5
11
3
0
7
12
13
0
0
1
0
3
4
0
0
0
0
0
0
0
0
2
3
5
0
0
2
1
0
2
6
2
2
8
16
21
8
3
2
0
0
8
15
21
33
35
14
15
9
14
3
5
11
4
2
5
3
2
1
1
0
0
0
11
28
29
15
14
10
0
4
6
27
0
0
3
0
0
2
6
0
0
0
0
1
3
0
6
6
10
0
0
1
0
0
0
0
0
1
8
2
0
0
0
1
3
2
1
0
0
0
2
7
0
0
0
0
0
1
2
14
17
0
0
4
2
2
8
0
2
5
0
0
0
0
1
14
21
9
0
0
2
5
7
6
7
0
2
8
7
6
4
0
0
3
3
3
3
2
0
0
0
0
0
2
3
4
1
0
0
0
0
0
0
0
0
0
0
0
0
2
3
5
2
0
0
0
0
0
0
0
0
0
0
0
0
0
0
0
0
0
0
0
1
0
0
0
0
0
0
0
0
0
0
0
0
0
0
0
0
0
0
0
0
0
0
0
0
0
0
0
0
2
2
1
7
24
23
21
7
21
46
122
196
271
399
541
662
782
847
923
970
940
953
912
881
790
721
683
703
698
630
562
482
339
263
190
159
157
91
50
18
3
0
1
0
1
6
17
17
18
42
74
69
49
31
29
24
11
10
14
23
28
7
0
7
47
92
139
138
111
80
74
38
27
20
7
0
0
0
0
0
0
0
0
5
21
59
21
0
0
3
6
7
7
1
0
0
0
0
0
0
0
2
1
0
0
0
0
7
11
5
2
6
0
0
0
0
0
3
0
0
1
2
0
0
0
0
0
0
0
0
0
0
0
0
0
0
0
0
0
3
5
2
8
9
3
0
0
0
1
2
6
6
3
0
0
0
6
13
6
4
3
6
8
0
0
0
2
0
0
0
0
1
2
3
10
9
6
1
0
0
1
1
0
1
7
4
5
0
1
35
85
84
31
7
0
1
15
38
58
72
62
53
31
1
0
2
1
0
0
2
7
14
0
0
1
0
5
29
50
93
130
145
135
111
100
86
63
52
30
29
16
12
1
0
0
0
0
6
10
12
11
23
41
28
28
35
32
38
34
36
45
62
55
33
16
13
24
24
20
17
10
8
6
22
227
581
1021
1372
1655
1841
1841
1610
1294
1048
861
743
686
661
456
331
632
789
1075
1372
1454
1532
1495
1256
1043
774
492
289
258
450
724
935
926
729
222
612
684
647
586
587
645
675
598
405
94
397
727
921
929
799
618
247
14
36
105
314
781
799
775
572
601
573
477
410
312
237
119
70
98
133
176
237
247
261
273
336
378
415
435
557
611
643
665
618
527
368
168
25
295
521
682
759
798
755
656
503
341
192
102
75
82
166
237
372
422
366
451
900
1374
1627
1694
1723
1606
1317
951
572
146
664
1254
1848
2291
2652
2784
2624
2208
1595
999
642
399
523
636
625
619
589
566
482
469
435
415
460
485
562
682
785
908
1042
1139
1124
962
678
524
583
579
629
655
727
769
711
615
510
497
421
273
126
135
304
412
531
605
630
573
439
184
40
144
217
288
424
482
554
833
878
787
663
487
229
73
195
345
373
265
142
47
6
4
13
25
62
62
27
7
15
8
5
3
31
65
96
113
101
86
89
147
286
401
370
202
70
74
47
15
33
60
81
100
95
48
9
8
20
6
17
29
20
24
18
8
2
0
0
4
0
0
2
2
0
0
0
0
1
47
86
84
45
11
6
8
10
2
0
7
13
9
4
3
2
12
8
8
1
0
0
0
0
0
0
0
0
12
34
93
164
246
320
369
359
329
314
316
268
217
223
222
255
308
291
246
142
78
57
67
60
57
61
55
30
11
11
21
141
322
590
898
1076
1319
1486
1627
1449
865
716
797
857
892
1081
1179
1230
1221
1216
1157
1059
976
947
934
891
808
760
670
592
708
823
812
782
913
977
973
905
764
617
458
293
239
276
449
2820
1858
62
33
16
12
1420
394
11
22
39
50
54
53
97
294
556
709
678
653
637
580
546
532
560
648
763
1006
1279
1509
1688
1877
1775
1512
851
456
1114
1482
1767
2017
2308
2579
2775
2859
3031
2910
2867
2871
2668
2315
1969
1827
1828
1842
1842
1814
1613
1200
652
116
479
635
610
438
238
104
217
406
501
492
440
407
303
208
143
74
57
169
216
228
193
187
157
134
85
55
9
7
19
22
10
23
29
21
17
11
6
0
0
3
7
1
8
5
0
1
1
11
15
26
51
83
89
79
75
55
53
92
256
515
870
1092
1222
1369
1531
1490
1266
1018
741
251
283
397
432
324
209
95
118
164
129
117
81
37
17
2
4
8
11
9
9
4
1
2
2
3
1
6
8
10
4
0
0
20
111
218
237
188
115
32
12
29
78
110
135
127
54
20
8
31
51
36
12
3
5
18
26
21
15
16
8
0
0
4
2
1
0
1
0
0
0
0
0
0
0
3
0
0
0
0
1
10
9
0
1
0
0
0
0
0
2
3
1
0
8
88
247
376
444
585
775
908
1005
1034
966
847
753
723
655
553
441
357
387
404
311
227
160
119
51
12
33
63
77
84
42
34
51
29
7
46
69
63
44
18
2
1
0
0
0
0
0
0
8
1
0
0
0
0
0
0
0
0
0
0
0
0
0
0
0
0
0
3
0
6
21
14
25
57
12
0
0
2
4
11
8
7
0
0
13
22
34
33
23
38
24
21
58
138
191
146
40
5
3
1
0
2
2
2
0
0
0
0
0
1
0
1
8
3
0
0
2
3
0
2
0
2
72
136
106
92
60
10
0
6
8
2
0
1
10
0
0
0
5
0
1
0
0
0
0
0
0
0
0
2
0
0
1
1
2
0
4
0
0
0
0
0
0
4
3
0
0
0
0
27
38
0
0
2
6
0
1
11
32
33
68
84
89
131
145
89
53
13
1
0
0
1
2
0
0
0
0
0
0
39
57
96
152
152
99
49
28
4
6
8
3
4
4
45
37
35
13
2
2
5
10
3
21
50
72
61
42
8
0
3
9
48
96
58
16
25
61
84
127
158
208
209
191
190
389
193
206
193
159
51
40
134
241
277
269
223
128
43
29
21
22
10
2
11
14
15
28
16
12
6
3
7
9
0
0
1
51
208
318
525
757
984
1146
1280
1280
1365
1454
1283
1053
920
768
673
598
497
310
100
76
179
230
124
77
60
91
140
143
162
265
341
226
40
59
113
159
100
47
33
34
88
129
104
43
24
13
9
13
10
8
8
9
3
17
21
29
11
0
2
12
19
10
14
10
6
7
14
18
5
3
13
5
5
15
31
53
76
51
35
15
13
19
0
0
0
0
0
1
0
0
0
0
0
0
0
0
0
0
0
0
1
5
5
2
7
21
12
7
5
8
24
13
13
12
22
19
10
0
0
0
0
0
0
0
0
0
0
0
0
0
0
1
1
1
1
11
4
0
0
0
0
1
1
1
0
1
13
37
43
83
142
149
143
114
68
84
78
52
105
172
185
179
157
70
54
84
70
64
65
84
138
192
188
178
192
217
379
440
401
347
288
178
118
195
149
68
118
110
161
139
93
86
82
101
107
124
190
177
103
81
70
86
82
102
121
123
311
423
402
369
330
262
238
214
135
91
55
86
156
178
228
290
393
419
429
325
176
69
43
24
10
17
13
1
0
52
47
39
185
241
225
195
130
111
72
37
11
1
0
4
23
78
419
586
645
751
714
474
288
233
276
376
622
899
960
759
354
167
94
173
353
430
337
149
39
263
478
562
557
496
380
276
514
682
610
339
113
56
31
51
56
58
99
114
146
129
122
115
105
102
151
198
216
192
115
49
32
23
23
14
0
11
18
59
111
169
212
307
342
469
661
947
1276
1558
1956
2401
3095
3922
4474
4756
5151
5400
5480
5547
5397
5189
5191
4902
4537
3745
3135
2869
2678
2467
2195
2114
2079
1881
1688
1676
1628
1588
1540
1366
1177
861
766
789
899
949
873
874
796
698
662
690
732
850
977
1021
975
931
909
798
748
605
420
241
99
108
85
54
83
214
291
343
370
378
405
420
453
481
523
572
618
685
809
962
1070
1059
855
609
71
244
447
548
500
379
344
425
577
667
666
598
273
298
293
286
606
726
695
586
340
575
481
203
317
157
340
501
156
477
614
437
571
589
759
749
806
882
841
993
1054
1264
1358
1204
1033
516
155
427
677
805
730
581
379
140
139
306
336
256
506
761
986
1033
1057
1177
1142
1538
655
184
606
810
1008
1172
1291
1282
1178
1102
1224
1365
1444
1430
1218
793
495
384
456
429
382
280
179
142
208
314
411
468
457
402
273
150
131
207
221
223
217
164
86
43
52
46
66
32
26
15
12
25
70
268
462
581
565
406
218
261
382
352
190
288
194
63
391
490
258
264
545
508
133
270
464
472
264
221
118
145
242
255
115
217
656
919
952
901
840
722
579
542
684
752
881
912
808
721
460
335
225
183
188
175
153
119
89
82
77
115
196
274
272
249
155
80
27
8
18
28
17
21
24
15
12
2
0
2
7
9
24
25
40
58
58
60
53
25
24
43
105
108
73
27
31
59
96
156
217
200
180
108
27
19
40
47
59
32
25
39
96
215
424
668
958
1191
1397
1541
1634
1551
1421
1244
1072
842
696
580
590
655
672
683
1148
1555
2018
2436
2806
3035
3078
2953
2658
2253
1855
1457
953
464
649
1119
1413
1632
1652
1601
1557
1469
1562
1713
1860
1782
1474
962
841
1061
1450
1750
1837
1562
976
632
757
775
771
765
657
453
434
478
437
353
235
122
117
122
141
147
185
210
230
236
216
228
192
102
121
229
372
391
385
381
393
279
151
154
105
46
7
11
18
33
8
5
2
0
0
0
0
0
0
21
191
377
531
605
528
402
239
213
369
404
521
634
641
489
467
596
569
310
241
128
206
359
294
281
190
79
45
39
53
60
70
42
15
13
2
2
14
16
11
4
4
0
0
0
0
0
2
2
0
0
2
0
0
0
0
0
0
9
10
13
75
117
205
336
481
530
554
530
422
408
330
506
612
720
662
476
497
497
337
273
362
491
331
525
627
654
521
397
361
477
426
362
307
333
361
270
221
179
114
59
34
19
4
1
0
2
7
25
28
23
33
32
38
51
59
24
10
10
7
26
10
13
10
22
24
38
56
49
48
67
69
135
187
173
175
212
263
372
466
577
646
703
703
715
712
812
923
995
1140
1236
1245
1253
1186
1039
891
780
699
692
783
889
1052
1148
1172
1193
1171
974
747
471
208
131
148
132
84
109
258
428
579
830
979
1082
1175
1118
1035
1024
1024
984
963
868
809
724
639
504
375
272
169
79
48
24
25
42
78
129
188
225
233
155
123
63
71
101
104
103
100
167
252
339
364
415
497
540
585
652
718
775
936
1052
1096
1049
1000
1000
865
805
724
627
506
401
316
710
243
282
225
171
146
159
211
259
275
146
59
126
52
59
67
54
55
90
114
136
116
83
44
10
9
20
35
44
40
16
2
1
8
7
4
19
38
32
18
21
10
9
6
7
0
2
4
5
10
15
3
0
0
0
0
0
0
6
6
0
2
8
0
0
10
2
0
7
1
0
0
3
25
77
159
305
436
575
822
1056
1018
914
775
623
546
391
265
261
286
350
453
501
634
867
1022
1203
1389
1410
1317
985
979
788
468
138
197
358
457
463
370
288
222
174
165
183
244
335
484
584
537
431
293
212
169
143
132
136
86
65
48
33
31
58
101
113
116
78
53
45
49
60
102
116
95
101
88
70
48
36
18
13
18
8
4
0
2
1
0
1
6
6
11
11
17
14
14
13
12
13
9
16
17
12
12
6
6
6
9
23
36
48
59
61
43
37
30
37
42
36
28
17
6
9
1
0
3
10
38
40
41
36
4
5
6
81
342
379
174
31
26
120
224
242
254
308
286
230
188
178
157
192
213
201
196
169
138
123
108
69
18
14
25
30
13
11
11
6
3
11
6
4
0
0
0
0
0
0
1
4
2
1
0
0
0
0
0
0
0
0
0
0
0
0
0
9
7
0
1
1
1
1
0
0
0
0
0
0
0
0
0
0
0
0
0
0
4
62
183
360
518
703
876
930
1087
1282
1437
1402
1507
1499
1426
1238
1039
1068
1052
1190
1588
2216
2633
2833
2846
2721
2382
1959
1501
1069
815
611
502
680
866
935
898
708
467
263
380
492
474
379
328
443
502
410
338
238
295
376
387
348
462
567
626
618
635
658
693
774
860
982
1188
1448
1663
1716
1601
1550
1505
1457
1429
1421
1404
1274
1009
648
414
444
569
656
689
726
706
654
630
699
764
1069
1511
1914
2189
2324
2496
3369
2840
1914
1806
1729
1725
1492
1449
1585
1816
2017
1706
1328
1394
1610
1890
2027
2020
1774
1553
1233
1262
1306
1308
1231
1011
1082
1064
915
726
659
656
674
642
538
331
210
165
349
503
583
847
1269
1505
1511
1444
1509
1411
1127
946
797
759
679
494
517
603
729
698
677
645
660
751
788
901
986
1125
1149
771
340
178
290
336
347
319
353
515
817
1081
1267
1313
1215
979
752
491
285
197
196
176
153
159
97
75
121
255
379
391
290
139
138
608
957
1243
1430
1380
858
173
580
804
942
922
653
309
721
948
1042
641
373
907
1097
1050
913
339
926
1388
1616
1454
722
704
1214
1622
1781
1696
1400
986
635
292
94
209
322
369
371
435
542
800
1160
1529
1736
1606
1070
461
190
224
271
341
415
464
458
321
257
225
137
89
135
138
140
122
109
82
83
162
283
415
493
615
824
988
1087
1019
734
685
635
734
924
1155
1375
1560
1564
1430
1156
1297
1140
1167
1695
1806
1381
1418
1766
1986
2013
1990
1999
1847
1576
1087
904
907
928
980
874
705
575
428
225
618
917
1117
1259
1224
1183
1044
806
558
377
231
121
73
68
126
204
257
292
310
365
414
412
359
191
150
180
268
308
306
260
221
104
15
12
29
56
58
69
99
150
202
201
171
178
162
88
80
67
34
32
19
19
32
30
46
25
19
18
11
16
13
29
12
7
20
16
26
19
25
62
124
201
355
533
652
704
643
712
882
1100
1276
1415
1419
1678
1750
1778
1852
1646
1381
1043
727
459
153
99
36
137
237
278
261
190
150
113
45
28
29
5
22
109
68
67
50
25
3
7
13
0
0
0
7
10
0
0
0
0
0
0
0
0
0
0
1
0
0
59
90
74
64
19
10
10
10
23
15
5
9
21
5
0
0
0
1
3
3
4
1
0
23
36
32
23
4
6
2
0
1
9
16
12
0
0
8
0
0
0
0
0
0
0
0
0
0
0
0
0
0
0
0
0
0
0
0
0
0
0
0
35
223
356
537
703
778
761
651
604
585
496
413
212
387
347
277
168
159
153
368
942
1505
1836
2035
2102
2103
1980
1823
1609
1314
916
609
361
207
299
463
482
491
494
439
394
431
379
371
362
394
414
481
550
642
658
594
412
216
99
55
101
89
68
79
111
172
223
206
272
334
318
288
317
274
119
78
71
62
105
122
90
21
31
108
96
78
10
12
30
10
0
0
3
0
0
0
0
0
2
4
0
12
18
13
1
0
16
13
33
29
19
23
28
20
17
8
2
7
15
37
50
35
23
16
18
17
23
11
5
8
12
33
42
64
58
70
64
61
52
42
30
14
27
34
22
23
41
30
35
33
33
42
50
59
48
41
57
52
64
53
22
15
12
36
30
46
76
83
71
60
61
57
84
134
123
94
48
7
9
22
42
41
84
99
120
120
106
94
69
4
18
26
38
31
17
9
3
6
4
14
45
51
28
4
6
10
15
33
42
17
3
8
0
10
18
5
23
6
2
2
11
11
1
0
0
9
9
1
1
6
12
19
38
52
41
34
19
12
1
2
2
46
64
107
117
121
96
62
25
3
2
9
26
89
137
172
194
163
135
101
49
12
4
0
3
63
159
200
188
176
147
107
52
10
0
0
13
29
75
118
141
174
174
176
112
30
1
0
4
7
76
154
419
845
1212
1747
1986
1853
1610
1416
959
887
1115
1306
1346
1358
1394
1338
1292
1192
1010
643
332
570
915
1068
1074
980
847
820
1035
1143
1141
1081
1055
1104
938
1465
1588
1524
1585
1369
1071
727
519
399
420
435
405
364
252
132
74
12
130
285
438
659
839
966
979
837
444
622
974
1301
1435
1286
908
518
169
96
416
678
830
852
741
571
140
407
713
861
849
708
387
122
409
634
795
853
846
700
457
141
279
584
671
551
416
241
141
116
274
397
453
375
249
80
5
2
15
49
135
240
290
376
420
445
404
251
98
28
6
4
5
15
21
15
6
5
33
44
39
8
0
1
6
9
23
46
43
15
10
8
1
0
0
4
7
8
9
19
15
32
34
40
46
69
84
89
101
139
174
180
174
190
139
116
90
103
121
109
38
18
7
7
4
11
10
11
3
1
1
1
0
0
0
7
6
0
0
3
6
8
23
62
199
307
432
490
492
439
320
161
156
200
223
211
169
155
159
169
129
157
219
304
349
360
339
246
164
99
80
73
77
53
136
188
154
98
139
196
210
259
267
233
160
48
15
26
22
55
156
126
45
24
25
54
62
37
7
4
0
28
64
77
111
103
56
29
20
0
32
94
119
81
10
6
23
33
34
68
150
242
270
240
212
291
444
942
1390
1888
1970
1857
1565
1090
761
719
805
948
1006
1108
1330
1315
1087
491
405
521
488
439
454
480
552
536
435
371
316
256
217
133
136
136
192
220
224
252
311
445
789
1269
1770
2205
2262
2009
1473
1856
1872
1858
1963
2049
2044
2134
2106
2055
1915
1550
1098
656
944
1674
2335
2535
2464
2065
1549
1036
1123
1107
840
570
681
816
823
679
486
826
1057
912
676
629
684
934
1183
1357
1323
1053
753
861
990
855
716
582
405
360
428
415
469
548
506
350
257
130
104
174
239
303
331
283
229
230
205
143
123
123
89
135
212
287
288
172
39
107
210
186
94
20
30
107
169
162
143
125
82
25
25
21
18
36
91
114
189
245
372
560
719
780
1193
679
576
509
564
581
641
641
670
666
687
703
784
788
771
720
583
543
620
702
737
854
911
975
995
990
976
925
827
684
619
566
595
693
737
763
714
678
531
409
348
307
262
233
286
366
384
432
561
820
954
1105
1118
847
595
439
328
264
235
156
131
164
178
139
95
49
69
78
50
51
75
72
14
4
2
13
18
14
16
21
62
207
499
1057
1584
1916
2190
2342
2301
2235
2065
1895
1690
1550
1342
1033
728
479
253
106
95
152
337
474
575
638
634
651
603
468
277
34
178
284
344
552
446
356
308
154
318
364
457
671
835
931
997
1099
1171
1197
1124
1002
859
671
697
795
969
1195
1373
1623
1761
1785
1708
1529
1279
938
558
377
299
268
196
116
55
63
60
46
32
39
20
23
11
5
3
0
0
1
2
0
0
0
1
5
0
0
0
0
0
0
0
0
0
0
0
0
0
0
0
0
0
2
72
206
276
319
333
375
409
380
281
237
320
405
522
547
484
431
346
269
194
156
84
16
3
31
86
110
104
88
41
25
4
3
18
25
38
47
119
198
164
66
50
40
30
34
41
58
85
77
121
177
261
290
278
271
265
232
235
214
244
254
272
261
297
307
300
259
225
412
770
944
967
1196
1047
926
869
879
760
788
850
740
729
718
661
571
403
216
110
89
87
75
46
57
138
318
620
968
1402
1678
1833
1859
1825
1740
1831
1827
1699
1444
867
735
1035
1299
1658
1958
1916
1598
1011
414
1139
1452
1667
1751
1722
1652
1445
758
412
1017
1318
1587
1717
1823
1626
1276
794
422
1154
1580
1695
1727
1536
1382
1148
639
189
854
1241
1348
1486
1491
1228
273
994
1403
1471
1313
1346
1190
704
418
857
1131
1270
1297
1369
1431
1402
1349
1276
1196
1137
778
803
1285
1499
1361
969
382
479
888
1066
1114
748
461
986
1128
1057
883
872
737
631
632
464
290
227
215
232
341
539
849
1272
1667
1609
1324
922
442
118
406
549
483
341
359
387
371
284
337
282
326
222
212
188
174
176
269
268
226
121
149
196
145
53
48
131
172
199
178
92
97
125
175
125
98
214
399
594
792
947
1105
1112
992
715
532
644
727
781
717
627
559
623
628
822
874
967
951
892
679
434
615
824
792
734
636
595
697
947
1312
1765
1950
2059
2239
2237
1854
1684
1681
1788
1837
1772
1776
1676
1658
1651
1578
1395
1325
1225
1233
1304
1397
1512
1472
1366
1226
1015
770
465
275
390
506
565
517
513
548
782
619
698
412
436
289
530
625
462
244
289
254
181
127
111
228
324
381
396
486
681
726
962
1113
1136
1208
1270
1331
1275
973
689
509
373
365
398
447
459
408
308
263
162
73
92
58
37
29
27
34
25
22
8
9
21
22
27
24
22
18
11
8
6
8
10
8
8
7
4
5
5
4
6
9
4
3
0
4
0
1
0
8
6
2
2
6
1
0
0
0
0
3
4
4
0
1
0
1
0
0
2
2
1
1
0
0
2
10
24
41
51
36
48
62
30
2
0
0
0
0
0
0
0
0
0
0
0
11
11
1
0
0
0
0
0
0
0
1
0
0
0
0
0
0
0
0
0
0
0
0
0
0
0
0
0
0
0
0
0
0
2
9
542
1
26
99189
102608
0
0
0
0
0
0
0
0
0
0
0
0
0
0
0
0
0
0
0
0
0
0
0
0
0
0
0
