0
0
0
0
0
3
39
2
269
95
673
1019
14976
143
240
365
488
633
688
743
743
736
673
595
621
657
759
898
1028
1217
1273
1316
1293
1681
1817
1781
1797
1780
1716
1728
1766
1636
1527
1396
1249
982
642
387
328
333
423
460
533
564
497
372
317
267
266
253
290
239
321
441
479
301
173
160
142
249
475
869
1131
1036
603
137
262
456
480
385
281
230
257
400
325
209
56
107
128
220
337
311
283
475
740
866
694
529
897
1292
1464
1444
1366
1276
1048
622
316
399
527
599
602
560
366
272
399
491
552
566
484
361
200
126
167
187
84
128
226
278
303
319
355
429
478
493
455
517
654
717
667
596
471
350
237
125
145
257
300
258
199
204
363
295
315
266
316
333
456
590
685
624
452
433
665
928
1051
1090
828
973
1427
1709
1559
1195
1384
1349
1197
763
841
1075
949
808
603
419
497
488
549
512
512
512
365
265
253
219
159
118
104
161
299
389
322
162
121
203
299
246
248
245
252
308
318
320
344
373
459
519
547
536
526
449
383
252
152
142
182
212
214
223
133
67
13
39
39
23
4
0
2
9
42
93
141
113
60
67
36
17
1
0
0
4
16
40
69
48
37
1
18
27
21
32
29
19
27
34
47
45
28
24
44
26
21
8
14
64
65
24
83
115
27
0
10
0
6
30
19
1
0
0
1
1
4
0
0
0
0
2
0
0
0
0
0
0
0
0
0
0
0
0
9
26
17
31
115
99
21
84
110
81
143
108
49
0
55
87
33
0
0
4
12
6
0
35
0
1
5
0
0
0
0
0
0
0
0
0
0
0
0
0
0
0
1
0
0
0
0
0
0
0
0
0
0
0
0
0
0
0
0
0
0
0
0
0
0
0
0
0
0
0
0
0
0
0
0
0
0
0
0
0
0
0
0
0
0
0
0
0
0
0
0
0
0
0
0
0
0
0
0
0
0
0
4
5
5
3
0
0
0
0
0
0
0
0
0
0
0
0
0
0
0
0
0
0
0
0
0
0
0
0
0
0
0
0
0
0
0
4
41
25
0
14
1
1
7
23
23
0
0
21
20
2
0
0
0
0
7
34
16
51
84
30
0
5
5
1
0
0
0
0
0
0
0
0
3
2
20
25
5
0
0
0
0
0
0
0
0
13
18
1
0
1
2
0
2
7
13
15
10
4
0
0
0
0
0
0
0
0
0
4
0
0
0
13
16
2
9
0
0
0
1
28
42
34
125
81
53
49
30
30
52
72
99
134
144
165
219
247
309
371
445
505
531
600
674
697
748
788
835
886
912
924
954
948
962
982
1006
959
973
947
951
962
975
940
937
855
852
792
693
600
616
709
714
700
654
567
705
881
1164
1445
1728
1956
2146
2302
2463
2538
2612
2586
2628
2593
2649
2617
2428
2368
2409
2323
2153
1943
1823
1733
1646
1457
1173
953
806
701
616
585
636
619
638
613
639
669
735
817
786
803
842
874
962
931
714
618
428
437
354
327
321
282
248
209
195
186
180
357
415
475
389
450
569
646
691
780
864
888
1181
1435
1532
1446
1180
932
930
840
809
756
710
589
537
518
485
403
291
139
82
119
148
165
184
138
62
57
51
23
4
3
7
20
23
4
0
11
7
25
40
40
21
11
4
0
0
8
15
41
41
29
10
9
47
40
3
50
32
1
0
11
6
0
0
0
0
0
0
0
0
0
0
8
11
0
0
0
0
1
5
6
6
16
56
80
100
114
163
253
309
405
467
508
431
416
444
523
535
523
450
277
183
276
474
649
677
618
585
609
665
738
823
895
974
1160
1332
1486
1604
1690
1774
1713
1667
1671
1737
1744
1735
1730
1668
1628
1550
1446
1398
1256
1102
904
682
421
281
213
251
315
433
511
547
476
413
388
344
326
305
402
542
632
563
304
204
498
1000
963
489
330
454
414
411
454
386
355
337
310
235
124
67
36
15
19
9
2
3
5
4
1
0
0
0
0
0
8
18
11
16
10
1
0
0
0
0
0
0
0
1
2
0
0
6
9
11
28
9
21
8
8
62
141
168
220
270
355
475
558
732
860
879
852
910
982
1009
1011
944
930
808
725
1090
1409
1608
1757
1853
1953
2072
2145
2214
2355
2459
2543
2577
2322
2169
1969
1770
1620
1554
1581
1578
1573
1344
1169
1006
878
790
698
636
583
537
566
623
585
398
235
196
246
284
302
247
104
31
36
46
60
96
230
313
331
302
338
354
298
288
323
281
323
389
421
409
367
320
347
375
358
301
264
242
171
91
39
76
175
271
297
310
272
245
283
279
264
280
277
267
203
123
65
50
53
82
137
182
171
93
110
93
86
67
129
182
169
160
92
68
66
41
20
38
45
39
27
11
3
2
0
0
0
0
0
1
3
11
19
41
39
33
13
7
18
56
11
8
1
0
0
3
0
1
2
5
15
13
9
7
3
13
9
11
8
0
0
8
26
32
29
15
3
0
0
0
0
0
0
4
12
5
1
0
0
2
0
0
0
0
0
0
0
0
0
0
0
1
0
2
7
3
0
0
1
0
0
0
0
0
4
5
1
0
0
0
0
0
0
0
0
1
0
0
0
0
0
0
0
0
0
0
0
0
0
0
0
0
0
0
0
0
0
0
0
0
0
0
0
0
0
0
0
0
0
0
0
0
0
0
0
0
0
0
0
0
0
0
19
13
9
3
10
19
15
6
3
16
5
0
0
0
0
0
0
0
0
5
22
21
12
0
0
0
0
0
0
0
0
0
0
0
3
11
4
1
0
0
0
2
9
5
2
0
6
1
0
0
0
1
22
127
229
315
390
377
328
275
256
204
62
78
286
362
328
326
262
136
76
20
31
28
27
27
34
49
30
21
16
15
6
33
35
12
11
15
16
3
1
0
0
1
1
0
0
0
5
7
12
0
0
0
0
13
28
3
0
6
7
0
0
0
0
0
0
0
0
0
0
2
0
0
0
0
3
36
70
61
0
67
59
1
40
50
73
23
27
17
0
13
7
6
1
7
18
6
0
7
0
0
3
0
0
0
0
0
0
0
2
10
11
5
0
0
0
0
0
0
0
5
13
8
4
6
0
0
0
0
0
0
4
39
29
0
5
26
39
16
22
44
5
17
40
47
45
12
11
28
2
17
13
25
17
0
33
35
0
0
15
35
13
8
12
0
16
15
3
0
0
5
20
22
0
0
0
11
45
86
142
138
150
264
457
579
587
696
674
621
542
383
271
363
540
776
1020
1275
1433
1538
1633
1797
1838
1942
1940
1989
1983
1998
2019
1950
1944
1946
1895
1718
1577
1409
1123
953
785
673
600
526
490
442
360
357
371
400
405
364
330
279
262
220
202
184
192
164
224
377
429
475
451
433
453
610
782
915
965
1135
1212
1257
1328
1422
1566
1727
1782
1765
1704
1632
1542
1456
1350
1314
1231
1265
1272
1225
1156
1086
1131
1103
1043
984
1003
864
720
620
465
247
148
226
234
238
237
185
102
39
9
1
1
13
21
20
45
66
94
87
119
158
196
140
51
92
115
122
85
81
69
50
46
85
103
135
177
183
182
167
108
85
86
131
121
159
176
268
224
439
212
229
143
178
193
198
158
118
82
129
124
156
212
240
247
230
151
113
89
56
22
54
168
215
277
279
291
206
117
22
0
27
95
124
160
127
89
117
139
131
120
101
53
20
3
3
11
19
17
2
0
0
0
3
12
9
22
32
46
30
62
87
94
116
72
39
44
55
57
64
76
57
61
38
22
24
6
4
24
25
28
24
16
9
0
0
0
0
0
0
0
0
0
0
0
0
0
0
0
0
0
0
0
0
0
2
1
0
0
0
1
17
32
54
45
22
8
55
139
256
300
328
298
220
121
41
0
0
14
52
80
84
88
70
71
50
24
0
0
0
1
32
84
120
96
44
0
0
11
41
65
76
81
40
10
5
6
5
1
0
0
0
7
12
25
9
0
0
0
0
0
0
0
0
0
0
0
0
0
0
3
3
0
0
0
0
0
0
0
0
0
0
0
0
0
0
0
0
0
0
0
0
0
1
0
6
21
4
24
21
0
0
1
37
44
17
4
17
62
70
32
8
0
5
2
0
0
0
8
12
28
11
37
128
203
224
234
218
157
112
138
182
160
101
70
127
128
78
54
47
14
17
16
40
32
8
30
29
24
44
50
50
64
109
162
204
192
190
169
153
157
184
258
352
523
634
756
872
1019
1103
1221
1333
1401
1458
1540
1632
1674
1704
1690
1699
1716
1701
1617
1453
1345
1244
1242
1163
1127
1040
985
927
875
721
648
472
338
306
327
328
314
276
223
178
124
73
31
26
19
15
13
6
2
0
1
2
0
0
2
1
0
0
0
1
0
0
0
0
0
0
0
1
0
0
0
0
0
0
0
0
0
0
0
0
0
0
0
0
0
0
0
0
0
0
0
0
0
0
0
0
0
0
1
0
0
0
0
0
0
0
0
0
0
1
4
1
6
2
3
0
0
0
0
2
0
2
0
1
3
14
28
54
72
86
111
133
174
237
282
267
235
174
111
46
15
0
0
0
0
0
0
0
0
0
0
1
6
20
39
84
152
230
362
469
534
618
629
659
638
610
607
522
463
354
237
137
48
8
1
0
5
12
5
2
1
3
0
0
0
0
0
0
0
0
5
7
10
6
20
31
14
0
4
16
8
0
0
0
1
0
0
0
0
0
0
0
0
1
0
0
0
0
0
0
0
0
0
0
0
0
0
0
0
0
0
0
0
0
0
2
0
0
9
36
63
40
32
62
43
24
2
0
17
51
34
10
8
136
453
797
1030
1140
1097
1114
1257
1448
1631
1716
1806
1906
2015
2053
2174
2209
2209
2353
2318
2301
2233
2011
1753
1581
1456
1386
1301
1184
1073
1035
878
751
698
514
303
196
155
149
174
164
220
260
201
238
227
210
183
190
200
148
134
117
131
114
118
105
91
54
35
17
14
0
2
1
0
0
3
2
1
6
20
11
9
2
2
52
97
132
114
83
27
5
1
5
5
13
4
2
1
0
0
1
0
0
0
0
0
0
0
0
0
0
0
0
0
0
0
0
0
0
0
0
0
1
6
0
11
9
0
11
14
8
0
0
0
0
4
2
0
0
0
0
0
0
0
3
1
0
0
0
0
0
0
0
0
0
0
0
0
0
0
0
0
0
4
5
0
0
0
0
22
34
6
0
9
4
0
0
1
6
3
2
1
0
0
0
0
0
0
0
0
0
6
7
1
0
0
0
0
0
1
4
5
30
43
22
0
12
54
58
19
0
4
0
0
0
0
1
0
0
0
0
7
28
52
74
80
63
45
15
2
0
0
6
8
15
33
49
56
65
70
75
64
46
93
137
86
11
50
147
149
78
17
196
277
167
25
20
44
46
47
137
106
57
13
48
39
8
1
0
0
0
0
0
8
10
8
8
0
0
0
0
0
6
22
3
1
20
34
16
0
0
8
4
0
0
0
0
0
0
0
0
0
0
0
0
0
9
12
3
10
24
20
7
0
8
36
1
0
1
0
0
0
0
14
7
1
30
39
39
0
45
49
9
8
9
3
11
17
19
19
31
45
57
27
23
16
2
1
8
30
65
73
29
1
2
0
0
0
0
0
2
5
11
12
10
7
0
0
1
0
0
1
17
39
32
37
17
1
8
23
13
7
7
3
0
0
1
1
1
1
6
8
2
0
0
0
0
0
0
0
0
0
0
0
0
0
0
0
0
0
0
0
0
0
0
0
0
0
0
0
0
0
0
0
0
0
0
0
0
0
0
0
0
0
0
0
0
0
0
0
0
0
0
0
0
0
0
0
0
0
2
20
2
5
19
9
4
12
0
0
0
0
3
8
10
9
11
39
169
281
309
331
538
726
888
982
977
1150
1412
1880
3343
2779
2537
2087
1739
1377
988
731
646
1027
1168
1127
1016
928
731
503
353
259
146
51
32
88
170
188
153
89
42
246
343
112
352
387
181
68
20
17
12
13
8
9
10
3
0
8
26
36
51
35
19
10
3
0
2
5
7
1
34
30
21
28
33
26
1
9
3
0
4
11
2
0
13
45
167
300
371
348
376
629
811
827
779
655
503
373
210
113
45
81
119
99
60
36
12
6
11
11
12
6
0
0
0
0
3
2
6
8
54
233
387
449
422
291
184
105
40
16
12
6
0
1
115
310
463
637
848
1064
1376
1729
1972
2137
2264
2230
1909
1465
1050
625
433
455
350
413
548
629
703
713
648
554
392
266
238
220
221
254
300
342
358
326
247
195
218
179
130
96
76
107
136
149
142
174
222
281
361
402
443
472
490
496
492
484
399
272
198
143
111
76
44
87
184
263
317
342
333
415
329
212
148
161
162
133
136
118
91
61
52
27
27
22
24
35
40
35
28
47
29
0
36
48
5
0
6
10
19
55
56
23
8
5
7
2
3
10
11
4
1
4
0
1
2
6
4
4
6
0
4
0
0
0
1
20
37
57
129
170
248
287
264
184
139
101
70
23
13
3
10
48
104
186
284
354
447
621
768
856
913
1020
1074
1169
1289
1357
1394
1419
1482
1546
1582
1606
1659
1703
1797
1822
1886
1772
1827
1917
1898
1783
1834
1806
1788
1831
1817
1833
1849
1887
1879
1936
1982
2029
2081
2117
2142
2089
2171
2141
2159
2111
2114
2057
2017
1968
1932
1926
1891
1725
1474
1167
1088
1180
1401
1528
1573
1791
2049
2255
2313
2377
2727
3147
3404
3432
3480
3466
3474
3545
3554
3540
3545
3480
3309
3114
2792
2631
2478
2292
2097
1865
1634
1453
1278
1089
907
690
440
227
95
70
87
152
290
448
686
860
1025
1053
1092
1103
1142
1194
1179
1144
1071
831
591
269
225
295
368
375
360
174
82
77
70
37
55
53
45
50
31
33
64
126
132
127
190
183
170
91
41
38
47
88
88
23
32
27
38
1
1
0
0
0
0
5
16
26
33
24
50
46
24
29
32
31
2
1
3
5
13
8
3
0
0
0
0
0
0
0
0
0
0
0
0
1
1
0
0
0
0
1
12
19
0
9
33
27
6
0
0
0
0
0
0
0
23
17
0
8
0
0
0
0
4
30
10
14
26
5
0
8
5
0
5
5
0
0
1
4
5
7
12
8
2
0
1
6
5
2
0
0
0
0
0
0
0
0
0
0
0
0
0
0
0
0
0
0
0
1
0
7
13
0
33
21
5
11
8
6
35
37
14
15
6
36
55
115
169
261
345
404
426
430
383
371
370
312
291
314
409
492
514
469
399
256
166
98
197
220
188
173
59
141
189
170
197
208
227
125
97
220
282
247
130
186
187
212
236
251
259
183
71
87
61
70
102
139
266
311
308
265
206
124
80
69
89
98
128
112
92
62
43
44
33
13
5
13
35
60
98
109
117
85
137
95
123
127
120
135
165
205
176
103
101
75
58
62
33
25
19
15
18
25
45
58
108
146
178
203
201
231
287
275
225
148
103
79
51
39
54
116
203
295
403
502
572
537
474
429
427
382
329
305
336
322
316
243
182
140
140
149
197
225
326
291
187
50
25
23
25
70
127
165
160
185
191
138
115
117
155
119
79
88
82
57
47
41
45
36
20
51
91
135
185
215
153
139
123
145
123
81
63
40
41
49
57
58
39
19
5
33
23
11
5
0
0
11
19
30
26
15
0
3
9
18
17
5
0
0
0
0
0
0
0
0
0
0
0
0
0
0
1
0
1
0
0
0
0
0
0
0
0
1
8
0
0
0
0
0
0
0
1
0
0
0
0
0
0
0
0
0
0
0
0
0
0
0
0
0
0
0
0
5
9
0
0
0
0
4
1
0
0
0
0
0
14
1
0
4
0
0
6
11
0
6
1
0
0
0
0
0
0
0
0
0
0
6
18
0
4
7
5
0
0
9
8
6
8
13
20
17
29
48
94
96
138
244
307
247
240
227
231
218
202
186
191
277
276
183
173
206
254
261
245
161
173
177
172
132
123
127
135
103
136
185
238
214
188
83
4
17
57
56
45
52
51
39
46
65
65
66
67
58
29
66
61
39
38
26
36
28
23
10
13
25
24
23
12
2
20
24
39
28
36
23
34
44
81
111
154
154
143
156
139
91
57
31
37
17
21
32
54
89
159
194
262
335
403
431
391
337
271
156
125
115
86
46
26
25
49
63
52
71
124
157
171
159
127
58
16
0
4
2
0
0
0
0
1
12
5
10
14
23
31
12
2
1
1
0
0
0
0
0
0
0
0
0
0
0
0
0
8
14
44
0
0
0
0
0
0
0
0
0
3
6
12
19
15
12
5
5
1
0
0
0
1
19
71
123
153
168
204
293
441
572
588
545
397
394
610
955
1249
1291
1207
1187
1307
1285
1319
1362
1617
1869
2094
2295
2316
2304
2294
2031
1768
1365
995
754
610
462
392
294
221
170
144
140
118
107
135
148
176
217
221
222
244
275
292
242
203
158
92
66
40
21
5
0
0
0
9
11
1
0
1
0
0
0
0
2
3
7
7
21
16
31
31
23
7
13
13
18
20
17
14
14
15
13
14
5
0
0
0
0
0
0
0
0
0
0
1
2
3
8
2
0
0
0
0
0
0
0
0
1
0
0
0
0
0
0
0
0
0
0
0
0
0
0
0
0
0
0
0
0
0
0
0
0
0
0
0
0
0
0
0
0
0
0
0
0
0
0
0
0
0
0
0
0
0
0
0
0
0
0
0
0
0
0
0
0
0
0
0
0
0
0
0
0
0
0
0
0
0
0
0
0
0
0
0
1
0
5
7
17
31
46
49
54
61
55
77
132
227
343
508
600
664
750
887
978
1032
1086
1234
1421
1625
1734
1497
1304
1285
1110
899
853
602
341
232
276
314
241
150
68
40
36
14
3
32
57
62
37
32
38
46
54
78
91
108
109
106
90
61
39
29
43
59
21
4
0
0
0
2
6
7
6
0
2
1
1
4
15
26
25
56
97
139
139
137
90
63
40
29
13
0
0
0
10
14
32
33
47
54
42
41
23
11
0
0
1
5
7
27
31
34
26
22
15
12
5
0
0
0
0
0
0
0
0
0
0
0
0
0
0
0
0
0
1
0
0
3
4
0
0
0
0
0
0
0
4
4
0
1
0
1
0
7
11
11
13
10
4
6
32
87
224
400
544
678
771
817
817
805
755
743
698
661
603
544
525
533
606
651
703
656
564
438
276
73
129
173
115
16
28
104
101
117
154
205
363
502
609
684
748
743
715
746
794
772
661
579
469
361
273
225
229
252
239
198
152
119
109
131
210
190
139
134
140
156
170
170
198
223
271
385
540
649
763
965
1154
1358
1479
1722
1895
2016
2172
2342
2462
2531
2596
2531
2317
1988
1699
1377
1199
1068
939
803
712
673
615
521
519
548
486
325
189
143
42
7
8
23
66
90
82
108
170
179
163
90
32
23
19
9
2
21
87
166
181
138
107
105
99
78
61
63
88
83
55
40
39
52
66
72
49
12
1
10
9
34
47
82
111
140
146
140
150
130
139
91
67
49
30
32
48
20
11
22
32
27
51
82
94
86
80
82
90
105
121
159
182
199
138
51
37
102
93
40
30
28
19
17
40
72
63
90
129
146
175
172
171
143
65
16
2
0
20
32
39
23
11
8
3
3
7
2
1
1
1
0
0
0
7
23
27
39
57
46
46
56
68
52
47
16
7
25
21
48
80
67
39
78
46
94
378
567
855
1119
1358
1600
1974
2179
2305
2286
2222
2077
1872
1776
1653
1423
1283
1211
1165
1045
1025
1035
1040
1152
1166
1148
1058
911
788
701
591
461
306
181
94
56
62
91
107
145
182
199
189
148
116
102
70
77
64
69
64
68
87
93
87
76
63
33
35
49
52
63
56
48
19
0
0
0
0
0
1
3
7
21
31
27
13
17
56
111
150
132
137
102
58
26
12
21
64
80
69
56
19
20
13
0
0
0
0
0
0
16
15
39
99
245
345
477
568
577
589
569
454
334
227
115
294
399
471
500
451
358
319
340
372
363
327
322
273
151
117
117
100
107
141
169
204
209
227
224
213
161
144
123
106
101
133
151
175
144
144
96
81
150
176
262
406
527
669
730
661
534
292
177
301
398
453
451
393
386
355
304
307
294
270
228
220
190
173
145
117
87
84
114
132
157
204
189
183
202
205
214
249
276
293
310
291
240
188
59
139
352
597
877
1063
1085
1032
951
913
854
844
733
599
498
411
301
342
599
826
943
976
1037
1073
1018
911
681
409
128
397
615
760
756
721
631
633
642
591
487
345
141
130
176
135
100
28
21
10
16
21
16
0
1
0
0
3
1
9
1
1
0
0
1
0
7
19
12
1
0
5
23
13
30
3
4
3
0
34
15
0
0
6
6
15
34
1
0
6
1
0
8
10
0
30
33
2
1
4
0
0
0
0
0
0
0
0
9
0
0
0
10
22
0
2
19
53
17
8
133
258
238
151
49
60
85
51
28
26
49
70
66
21
8
2
4
1
0
0
4
0
1
4
5
0
6
40
42
19
9
22
16
25
21
3
12
32
23
15
14
26
24
58
58
66
71
113
118
111
94
119
135
136
124
131
139
170
247
277
287
250
158
103
187
179
320
388
445
374
245
128
52
42
77
87
77
21
4
1
0
0
0
0
0
0
0
1
0
5
10
12
16
23
40
41
27
14
8
23
48
32
12
22
19
23
26
22
17
18
18
17
14
6
2
12
74
167
247
336
408
487
531
521
556
516
477
408
351
241
183
128
104
77
77
77
69
49
45
48
55
55
50
65
119
148
160
214
152
125
172
184
199
188
166
112
55
12
11
8
2
0
9
18
29
32
44
47
52
50
36
38
58
77
90
89
102
100
94
84
75
50
21
4
13
31
24
11
1
0
2
2
1
0
2
0
0
9
1
5
0
0
0
0
0
0
0
1
7
14
76
174
242
304
313
326
296
208
126
47
4
1
1
2
1
2
8
10
3
0
0
0
0
2
3
1
0
0
0
0
0
0
0
0
0
0
0
0
0
3
0
0
0
0
0
0
0
0
0
0
0
0
0
0
6
25
22
4
5
17
5
0
0
1
9
7
0
0
0
0
0
0
0
0
0
0
0
0
0
0
0
0
0
0
0
0
0
0
0
0
0
0
0
0
0
0
0
0
0
0
0
0
0
0
0
0
0
0
0
0
0
0
0
0
0
0
0
0
0
0
0
0
0
0
0
0
0
0
0
0
0
0
0
0
0
0
0
0
0
0
0
0
0
0
0
0
0
0
0
0
0
0
0
0
0
0
0
0
0
0
0
0
0
0
0
0
0
0
0
0
0
0
0
0
0
0
0
0
0
0
0
0
0
1
1
0
0
0
5
3
2
0
0
1
0
2
7
6
1
1
2
12
12
3
0
0
0
0
0
0
0
0
0
0
0
0
0
0
0
0
0
4
23
40
49
14
0
1
4
4
3
1
0
2
3
2
1
0
2
4
4
0
0
0
0
2
5
13
11
0
6
14
13
7
2
0
0
0
0
0
0
0
1
6
7
0
0
0
0
0
7
79
341
688
1039
1435
1792
2217
2723
3046
3293
3315
2869
2224
1719
1086
739
725
670
572
481
501
466
408
343
286
270
336
328
248
206
228
181
240
244
167
81
126
248
282
273
217
280
251
101
347
540
494
319
213
147
350
515
497
435
426
396
364
376
340
327
317
269
222
239
218
272
391
465
422
258
141
113
118
132
182
164
120
85
93
133
216
320
427
1054
598
644
708
906
959
936
977
965
957
939
983
1071
1190
1335
1519
1710
1863
1971
2080
2118
2061
2036
1967
1927
1931
1927
1835
1726
1628
1495
1368
1154
855
566
490
530
740
828
1051
1290
1522
1734
1933
2055
2156
2268
2377
2460
2519
2582
2684
2760
2790
2797
2756
2599
2391
2107
1943
1850
1778
1676
1568
1430
1265
1068
1054
1036
1015
995
894
771
589
432
335
280
309
457
528
478
510
669
681
660
608
627
616
555
457
411
370
275
243
212
223
251
248
215
164
180
227
254
258
216
173
107
67
93
148
207
202
231
262
233
175
175
223
139
58
29
18
5
19
2
2
9
12
18
6
4
6
4
4
33
35
18
4
0
0
6
7
3
0
0
0
0
2
7
5
4
0
0
0
0
0
0
0
0
0
0
0
0
0
0
0
0
0
0
0
0
0
0
0
0
0
0
0
0
0
0
0
0
0
0
0
0
0
0
0
0
0
0
0
0
0
0
0
0
0
0
0
0
0
0
0
0
0
0
0
0
0
0
0
0
0
0
0
0
0
1
5
8
4
1
0
0
0
0
0
0
0
0
0
0
0
0
0
0
0
0
0
30
195
366
439
440
630
877
978
964
1114
1297
1549
2131
2646
2661
2375
2095
1659
1319
1062
848
818
924
1116
1225
1418
1351
1084
845
777
873
959
1026
1068
1061
1081
1042
1063
940
794
757
850
948
925
856
651
437
346
379
521
688
875
1168
1411
1586
1722
1766
1899
1916
1615
1187
1065
1412
1304
1059
848
863
913
1010
1093
1116
1001
866
690
722
1062
906
569
1258
1555
1631
1456
1101
841
606
437
841
1152
1236
595
984
948
818
772
792
813
876
774
716
728
740
790
812
858
974
980
521
753
1035
1683
1965
2042
2038
2124
2209
2478
2728
2957
3106
3189
3103
2842
2413
1965
1508
1078
812
628
536
649
818
750
713
923
1145
1125
1157
1079
976
700
583
538
576
691
741
513
261
285
246
325
310
343
321
303
284
241
211
273
317
369
337
288
253
218
179
127
62
40
9
13
25
64
89
96
57
57
87
230
437
771
1156
1479
1738
2036
2259
2552
2800
3282
3550
3640
3527
3423
3697
3660
3514
3248
2967
2506
2073
1935
1754
1737
1671
1634
1859
1899
1877
1898
1938
2103
2131
2076
2034
2077
2055
1989
1977
1870
1810
1744
1682
1582
1507
1493
1446
1365
1241
1124
1060
993
845
810
657
541
429
339
242
182
113
107
100
113
92
44
30
11
4
10
35
42
39
26
27
25
21
16
11
23
135
70
221
431
604
755
709
593
422
257
248
345
368
327
388
407
316
219
227
397
571
457
336
283
263
243
193
194
267
271
189
128
104
81
79
54
37
17
3
1
3
5
15
16
8
6
7
23
29
23
34
41
48
52
39
16
7
6
0
1
1
0
0
0
0
0
0
0
0
0
0
0
0
0
0
0
0
0
0
0
0
0
0
0
0
0
0
0
0
0
0
0
0
0
0
0
0
0
0
0
0
7
13
21
3
0
0
2
1
0
1
42
134
318
527
717
911
1096
1238
1367
1508
1622
1710
1828
1961
2033
2106
2179
2225
2288
2307
2350
2276
2199
2120
2119
2089
2104
2110
2051
1875
1620
1416
1212
960
954
1112
1240
1363
1341
1285
1144
1091
1227
1535
1874
2167
2403
2587
2655
2727
2811
2812
2798
2758
2743
2665
2637
2606
2507
2421
2376
2339
2342
2284
2194
2079
2000
1943
1891
1857
1765
1685
1627
1571
1474
1387
1281
1201
1084
903
811
683
587
492
393
333
292
280
279
252
182
137
91
69
57
87
127
162
157
137
109
121
136
152
166
144
144
152
125
92
29
9
8
13
58
58
49
11
4
9
4
0
0
4
17
78
192
261
264
279
230
174
143
148
194
188
151
95
75
32
37
30
3
22
89
134
166
155
129
70
24
16
8
0
0
0
8
16
8
1
0
0
17
17
4
0
0
0
2
0
0
0
0
0
0
0
0
0
0
0
0
1
0
0
1
15
11
0
2
19
15
2
6
5
1
0
0
0
0
2
8
2
0
0
0
0
0
0
0
1
1
0
2
4
15
23
25
34
50
54
43
17
6
11
12
0
0
3
0
0
0
1
0
3
2
2
2
2
1
1
2
0
0
0
0
0
0
0
0
0
0
0
1
1
2
2
1
1
0
1
6
3
0
0
0
0
0
0
0
0
0
0
0
0
0
0
0
0
0
0
0
0
0
0
0
13
18
4
2
5
4
0
0
1
8
9
6
1
4
11
8
3
10
43
106
171
289
343
405
498
558
656
759
821
990
1094
1105
1225
1282
1250
1354
1388
1413
1412
1487
1488
1511
1525
1505
1493
1475
1458
1464
1433
1354
1324
1304
1290
1249
1214
1173
1177
1152
1132
1049
1049
1006
949
938
851
726
683
604
473
386
313
261
174
109
121
118
74
27
14
20
24
9
12
15
8
20
16
0
0
0
0
4
5
3
0
0
0
0
0
0
0
0
0
1
45
3
0
0
0
0
1
0
0
37
44
5
68
37
0
4
0
0
0
0
0
0
0
0
3
5
17
50
32
12
0
2
3
1
3
0
0
0
0
0
0
4
3
6
20
63
72
81
135
196
211
249
284
343
431
479
555
632
637
744
833
884
938
956
1004
1034
1005
1058
1084
1115
1056
1121
1130
1112
1125
1103
1172
1232
1221
1256
1277
1316
1302
1317
1279
1232
1218
1159
1151
1106
910
789
696
666
677
650
632
583
539
500
447
414
354
283
246
163
205
353
407
335
251
206
261
271
283
290
233
237
169
114
120
84
99
149
217
116
16
26
59
99
117
128
127
165
196
233
175
144
148
102
67
42
32
6
20
12
10
0
1
5
7
7
29
35
2
2
4
13
15
18
5
6
5
3
5
13
1
0
0
3
8
13
6
0
0
0
0
0
0
0
0
0
0
0
0
0
0
3
5
4
3
7
7
17
10
9
1
0
1
1
0
1
2
11
11
21
25
42
35
30
27
17
15
7
5
1
2
1
0
0
0
2
5
8
9
8
5
4
5
0
0
0
0
0
0
2
3
16
27
25
30
42
81
118
129
100
68
38
46
47
99
190
220
154
121
105
113
126
115
143
184
187
230
256
205
150
70
80
81
89
105
140
175
188
218
221
191
187
184
146
107
48
19
26
40
63
60
34
16
37
31
13
11
0
2
1
3
0
0
0
0
0
0
0
0
0
1
4
0
0
0
1
0
0
0
0
0
0
0
0
0
0
0
0
0
0
0
0
0
0
0
3
11
1
5
0
0
0
0
0
0
0
0
0
0
0
0
0
0
0
0
0
0
0
0
0
0
0
0
0
0
0
0
1
0
0
0
4
6
0
0
0
0
3
3
0
1
0
0
0
0
0
0
0
0
0
0
0
0
0
0
0
0
0
0
0
0
0
0
0
0
0
0
0
0
0
0
0
0
0
0
0
0
0
0
0
0
0
0
10
31
65
139
213
369
555
834
1156
1348
1558
1573
1361
1154
898
583
376
330
285
192
392
585
671
642
289
785
898
927
890
939
905
733
394
181
206
265
324
284
179
57
41
65
246
52
47
42
64
74
80
79
59
33
30
11
3
1
6
107
331
431
472
516
552
558
508
273
678
643
508
950
1081
847
712
760
604
585
716
645
706
906
1044
1608
986
801
582
795
993
959
964
977
925
854
751
785
922
1096
1305
1337
1105
584
1012
1202
1115
990
1258
1249
755
702
978
942
875
938
1011
932
888
773
680
620
660
791
873
781
652
574
578
567
610
515
488
532
572
642
661
531
440
493
556
767
1145
1258
1495
1581
1574
1459
1322
1272
1223
1122
1044
885
811
613
375
207
173
211
279
436
578
557
521
449
390
358
277
183
154
141
145
81
37
26
40
35
35
29
14
15
11
9
0
8
10
5
20
46
79
223
413
640
840
978
1145
1259
1383
1396
1334
1241
1054
764
459
154
194
304
312
281
206
136
89
51
40
66
96
99
81
48
13
6
8
2
10
3
1
0
0
1
0
1
0
0
3
1
4
19
18
6
14
11
15
21
49
67
113
152
195
211
221
253
264
261
271
293
292
320
293
284
255
217
224
195
176
159
224
230
225
165
109
25
12
38
34
39
40
89
244
362
458
565
646
649
646
583
512
448
347
260
146
58
13
32
194
432
683
960
1147
1446
1623
1751
1870
1951
1998
2091
2128
2230
2300
2319
2364
2365
2359
2344
2300
2262
2176
2115
1991
1910
1776
1647
1513
1426
1260
1192
1053
933
881
820
822
774
701
611
537
434
391
314
241
200
159
103
77
84
68
54
50
47
33
19
0
0
0
0
0
0
20
7
20
77
73
54
41
30
13
2
1
8
0
3
1
5
7
10
30
90
164
342
456
597
703
787
923
1055
1129
1245
1378
1398
1473
1562
1579
1647
1688
1709
1740
1753
1797
1859
1896
1914
1929
1932
1988
2011
2021
2001
1964
1892
1902
1822
1744
1650
1518
1330
1220
1200
1147
1091
1023
976
1046
914
716
432
339
237
180
129
94
57
105
130
173
135
137
101
103
133
217
333
511
598
464
252
154
212
152
136
111
107
115
114
140
131
106
61
36
10
6
11
31
36
33
29
21
17
5
5
26
25
24
27
14
7
2
4
26
41
53
41
11
0
0
1
15
16
0
0
0
0
0
0
0
0
0
7
3
0
0
0
0
0
0
0
0
0
0
0
0
0
0
0
1
0
4
0
18
8
0
6
4
0
0
0
0
0
0
0
0
0
0
0
0
0
0
0
0
0
0
0
0
0
0
0
0
0
0
0
0
0
0
0
0
0
0
0
0
0
0
0
0
0
0
0
0
0
0
0
0
0
0
0
0
0
0
0
0
0
0
0
0
0
0
0
0
0
0
0
0
0
0
0
0
0
0
0
0
0
0
1
1
0
0
0
0
0
0
0
0
0
0
0
0
0
0
0
0
0
0
0
0
1
0
0
0
0
0
0
0
0
0
0
0
0
0
0
0
0
0
0
0
0
0
0
0
0
0
0
0
0
0
0
5
9
9
8
1
0
7
80
234
367
469
576
737
872
948
949
1105
1350
1524
1614
1722
1915
2165
2484
3015
3420
4020
4435
4545
4556
4463
4212
3809
3536
3361
3290
3218
3115
3127
3222
3243
3201
3144
2870
2681
2703
2731
2622
2449
2407
2163
1948
1912
1647
1445
1538
1441
1168
1144
1139
1239
1380
1403
1273
1100
1174
1170
1135
1201
1176
1118
1130
1051
878
580
277
357
543
898
1207
1519
1516
1454
1248
994
870
777
729
664
569
447
250
200
176
220
209
154
97
74
57
16
37
132
165
65
118
301
344
295
254
188
177
176
123
107
83
148
297
393
429
477
426
473
483
448
389
369
341
288
251
171
84
48
73
128
199
211
223
229
314
300
213
147
112
84
65
54
58
67
54
67
92
85
75
67
63
67
27
29
29
11
2
0
0
0
0
0
0
0
19
28
10
1
0
0
0
0
0
0
7
4
0
0
0
0
0
0
2
0
0
0
0
0
0
0
0
0
2
21
76
117
64
117
72
60
1
2
3
0
0
0
6
73
198
351
505
649
803
992
1129
1272
1560
1651
1886
2106
2254
2394
2541
2629
2615
2533
2341
2148
1984
1818
1729
1818
1970
2080
2146
2080
1953
1648
1361
1098
989
988
996
1090
1197
1385
1754
2169
2543
2847
3025
3137
3257
3411
3505
3622
3748
3777
3869
3846
3747
3641
3531
3537
3475
3411
3298
3171
3031
2775
2390
2127
1941
1764
1660
1620
1522
1411
1231
1026
940
868
831
796
751
617
517
562
528
430
398
387
375
313
152
59
58
43
70
72
79
101
139
209
301
333
350
344
397
387
391
364
327
310
314
221
128
70
27
8
25
27
18
45
66
71
56
26
15
15
62
178
219
203
132
65
62
81
41
63
90
51
32
38
25
9
11
105
213
270
256
217
164
124
99
71
53
38
73
86
80
48
66
64
50
51
32
34
48
31
25
1
1
3
27
28
22
31
53
77
61
72
98
77
67
84
84
64
55
16
3
24
31
26
6
14
23
34
15
9
51
83
88
53
18
4
1
0
2
0
0
0
0
0
0
0
1
2
16
1
0
0
4
2
1
1
0
0
0
0
0
0
12
79
177
213
207
196
209
273
236
138
116
184
214
226
146
88
66
35
15
11
18
40
65
57
13
7
4
24
32
19
1
0
0
0
0
0
0
7
24
22
9
0
8
30
32
12
0
0
0
0
0
0
10
31
29
10
2
0
0
0
5
0
23
85
157
231
327
435
581
711
587
323
363
433
587
924
1116
1186
1474
2029
2312
2339
2290
2337
2236
2053
1783
1341
1018
696
596
620
721
710
498
271
257
214
128
202
153
190
285
296
258
253
341
480
532
470
347
110
66
86
77
72
187
442
487
362
206
356
570
608
594
513
263
95
142
392
384
198
155
147
91
54
85
74
105
491
992
1376
1610
1752
1585
1259
1005
857
730
616
607
667
605
662
758
614
308
135
62
112
108
95
144
200
236
235
188
191
173
116
108
82
155
142
67
45
50
77
135
130
129
127
182
177
114
43
6
4
19
54
93
105
114
107
97
89
65
41
33
30
37
28
20
6
0
0
1
0
0
4
29
38
48
46
29
2
0
0
42
94
178
341
523
671
776
803
833
807
808
757
779
709
586
440
260
170
203
213
234
206
120
92
100
70
21
3
11
12
12
15
28
49
61
47
28
90
109
67
21
12
111
91
34
21
13
19
35
43
53
62
45
53
70
83
102
114
141
158
151
159
169
181
150
92
33
4
0
0
0
0
0
1
2
3
2
1
0
3
17
43
51
43
38
39
35
34
29
9
2
0
0
0
0
0
0
0
0
0
0
24
157
327
462
534
565
571
566
527
523
498
522
509
446
415
355
268
179
100
46
34
50
59
79
67
62
63
59
57
64
53
32
29
21
23
5
1
0
0
0
2
3
4
2
1
0
0
1
0
0
0
0
0
0
0
4
22
55
48
25
2
59
86
27
0
0
15
41
0
49
43
6
1
13
2
0
0
0
0
0
0
15
120
223
302
345
389
400
397
399
378
340
301
243
217
190
175
110
39
22
96
163
133
118
84
24
5
13
21
35
48
33
23
23
36
24
14
10
11
2
3
12
20
24
40
118
236
372
461
571
643
706
725
727
709
647
575
495
397
298
199
127
109
119
149
165
142
107
97
73
37
0
8
0
15
15
4
31
27
43
112
144
166
144
174
145
103
101
81
68
77
91
93
116
142
184
221
307
238
234
194
135
119
64
106
182
259
350
400
394
354
282
225
152
97
32
5
0
26
42
41
36
32
53
67
87
123
157
127
94
201
323
459
554
595
611
565
500
339
235
192
161
137
61
34
23
15
7
4
1
1
1
20
6
4
0
0
0
0
0
3
24
62
73
58
41
29
11
1
0
0
0
0
0
0
0
0
0
0
0
3
3
5
0
0
0
0
0
0
0
21
65
108
104
126
155
198
242
296
341
406
479
497
535
557
530
516
452
415
396
325
299
234
174
137
14
11
120
188
247
322
394
459
499
562
568
607
612
589
556
512
448
375
304
223
157
100
28
3
0
5
8
18
30
40
25
3
0
0
4
10
11
10
5
0
0
0
1
15
0
0
0
0
0
0
0
0
1
0
0
1
14
41
51
56
33
39
23
0
0
0
7
35
48
37
28
22
11
2
0
0
0
0
0
0
1
4
6
1
0
0
0
0
0
0
0
0
0
0
0
2
2
7
0
0
0
0
0
0
0
0
0
0
0
0
0
0
0
0
0
0
4
27
0
6
13
0
0
0
0
0
6
9
0
0
23
37
14
0
0
4
0
39
151
260
337
402
480
541
629
679
728
775
778
806
826
819
824
799
742
705
622
523
407
268
144
153
182
229
224
208
208
167
148
131
136
117
105
80
48
76
140
178
181
149
128
108
17
5
177
396
558
705
685
782
874
880
859
892
796
688
573
491
406
350
291
228
165
110
132
83
53
44
24
28
16
9
4
5
0
0
0
3
6
11
9
6
15
14
13
5
1
0
1
4
2
0
2
1
2
3
0
0
2
4
11
16
22
24
19
20
19
5
3
2
0
1
0
6
0
0
0
0
12
1
6
8
0
1
4
1
6
16
1
1
2
0
0
0
0
0
0
0
0
0
0
0
0
0
0
3
1
2
0
0
0
0
4
5
3
5
4
1
0
0
0
0
0
0
0
0
0
0
0
0
0
0
3
0
0
0
0
0
0
0
0
0
0
0
0
0
0
0
0
0
19
103
282
578
914
1327
1720
2009
2269
2505
2626
2355
1778
1694
1839
1764
1462
911
948
1047
899
576
628
596
294
277
215
215
263
236
264
264
452
666
608
598
539
788
1014
1225
1404
1574
1485
1366
1172
970
862
931
1139
1606
2225
2629
4044
3023
3275
3315
2835
2175
1615
1221
1195
1182
1178
1137
1062
1007
1102
1118
1003
779
592
499
536
637
659
617
632
599
586
489
401
278
228
220
207
179
245
385
409
281
148
165
130
165
215
167
77
31
11
7
20
23
3
1
17
28
16
2
0
3
15
17
8
0
0
11
13
2
0
0
0
1
0
0
7
7
5
0
0
0
0
0
0
0
0
0
0
0
0
0
0
0
0
0
0
0
1
0
0
0
0
0
0
0
0
0
0
0
0
0
0
0
0
0
0
0
0
0
0
0
0
0
0
0
0
0
0
0
0
0
0
0
0
0
0
0
0
0
0
0
0
0
0
0
0
0
0
0
0
0
0
0
0
0
0
0
0
0
0
0
0
0
0
0
0
0
0
0
0
0
0
0
0
0
0
0
0
0
0
0
0
0
0
0
0
0
0
0
0
0
0
0
0
0
0
0
0
0
0
0
0
0
0
0
0
0
1
13
15
4
0
0
0
0
0
0
0
0
0
0
0
0
0
0
0
0
0
0
0
0
0
0
0
0
0
0
0
0
0
0
0
0
0
0
0
0
0
0
0
0
0
0
0
0
16
31
32
16
0
0
0
0
0
7
26
14
1
21
18
2
0
1
1
2
0
0
0
0
0
0
0
0
0
0
0
0
7
0
0
15
22
12
3
0
0
0
0
0
0
0
9
11
5
0
0
0
28
42
43
19
0
0
4
6
0
0
0
0
0
0
0
0
0
0
0
0
0
0
0
0
0
0
0
0
0
0
0
0
0
0
0
0
0
0
1
4
9
4
0
0
0
0
0
0
0
0
1
1
1
0
1
0
0
0
0
0
0
0
3
2
2
1
1
0
0
0
0
0
0
0
0
0
0
0
0
0
0
0
0
0
0
2
5
11
8
5
0
0
39
68
45
0
0
2
0
0
0
0
0
0
0
0
0
0
0
0
0
0
0
0
0
0
0
0
0
0
0
0
0
0
0
0
0
0
0
2
22
46
95
154
212
351
413
495
557
593
629
690
766
842
898
1015
1083
1169
1266
1404
1530
1619
1719
1836
1941
2111
2262
2375
2378
2547
2626
2631
2644
2593
2552
2462
2421
2394
2345
2379
2411
2349
2212
2119
2118
2088
2172
2221
2250
2303
2315
2313
2383
2396
2341
2354
2302
2291
2236
2257
2257
2187
2185
2082
1959
1823
2731
1551
1334
1124
911
679
474
169
75
465
797
1068
1322
1581
1898
2223
2508
2823
3005
3219
3320
3461
3514
3497
3410
3393
3290
3205
3097
3116
3076
2985
2950
2946
2982
2997
3045
3098
3079
3121
3155
3118
3134
3060
2737
2654
2411
2131
1833
1551
1339
1122
1009
835
780
762
803
797
755
754
745
659
605
529
503
528
582
1524
763
725
639
497
401
389
408
423
402
383
349
287
257
342
437
700
1058
1264
1340
1639
1680
1648
1535
1370
1396
1217
1220
1135
926
353
814
971
1015
1000
794
560
677
714
802
865
872
848
895
885
847
781
751
736
723
709
836
872
941
912
838
876
761
380
279
336
203
104
74
87
102
115
116
93
74
58
32
20
6
11
10
0
12
97
305
542
676
796
864
950
990
1018
996
932
849
766
678
511
247
62
127
201
249
230
197
149
151
174
118
111
100
94
99
155
216
287
394
527
624
663
693
725
731
753
739
659
571
453
339
225
120
52
4
17
46
38
51
56
38
33
53
57
34
10
11
9
3
1
11
2
22
63
50
34
7
7
1
6
16
28
51
44
19
0
0
0
24
28
26
23
7
1
1
0
4
36
90
198
358
583
681
495
315
338
371
333
353
507
716
938
1210
1540
2069
2492
2910
3196
3335
3307
3030
2483
2159
1660
1250
863
810
751
642
589
459
679
771
881
925
788
458
259
42
137
294
412
450
465
343
282
337
257
128
150
167
152
213
271
334
421
367
443
411
470
428
368
344
380
408
458
325
189
114
137
274
364
352
401
440
540
534
477
448
363
320
269
204
144
208
209
198
159
118
124
95
31
26
10
55
203
379
404
365
235
320
485
411
413
359
334
392
487
418
318
300
183
149
113
97
116
146
161
186
157
143
184
171
101
121
215
146
163
106
63
68
71
44
40
51
63
59
45
56
63
54
29
28
45
84
180
154
122
96
76
44
28
23
0
31
71
113
123
131
139
169
165
124
59
38
27
40
58
64
60
43
17
26
40
28
16
20
5
1
0
5
5
0
2
9
13
10
11
14
13
15
14
21
0
1
29
39
19
25
25
50
62
21
9
3
7
15
12
5
0
0
4
4
11
30
38
13
0
1
4
5
0
0
0
2
4
0
0
0
1
0
0
0
0
0
0
0
0
0
0
0
0
0
0
14
19
19
12
4
0
0
0
0
0
0
1
10
17
8
6
3
0
13
59
88
113
128
109
115
178
318
421
365
254
241
235
144
165
234
334
488
578
737
836
954
1169
1384
1689
2090
2491
2975
2954
2727
2711
2557
2591
2688
2715
2773
3046
3121
3015
3197
3112
2980
2945
2889
2854
2750
2725
2594
2504
2298
2160
2047
2001
1899
1823
1699
1562
1414
1288
1118
1081
1053
1042
969
753
544
380
237
169
175
222
235
213
149
32
7
11
5
79
209
219
138
191
298
191
103
254
404
328
297
369
404
498
733
932
852
399
359
509
504
563
604
559
436
401
566
612
440
346
313
267
318
383
368
363
344
433
452
674
748
723
736
785
914
1092
1233
1398
1586
1869
2272
2942
3478
3629
3370
2996
2876
3299
3513
3629
3558
3302
3161
3207
3206
3119
3127
3035
2781
2454
2191
1878
1604
1390
1193
1117
1071
909
770
597
526
668
707
603
290
119
193
223
296
317
350
365
475
568
709
698
666
594
474
343
371
324
316
370
364
310
266
205
128
174
222
272
224
285
319
305
281
189
154
137
157
208
264
246
169
140
83
38
10
57
114
175
225
230
318
318
320
258
224
125
58
21
47
98
128
115
100
61
51
30
33
80
156
209
210
186
195
214
210
214
173
125
56
9
1
2
3
2
2
4
4
3
1
0
0
0
0
0
1
0
0
0
0
0
0
2
1
2
0
0
0
0
0
0
16
31
69
86
63
41
4
2
0
0
0
0
0
0
0
0
2
5
5
2
0
0
0
0
0
0
0
0
0
0
0
0
0
0
0
0
0
0
0
0
0
0
0
0
0
0
0
0
0
0
0
0
0
0
0
0
0
0
0
0
0
0
0
0
0
0
0
0
1
0
0
0
0
0
0
0
0
0
0
0
0
0
0
0
0
0
0
0
0
0
0
0
0
0
0
0
0
0
0
0
0
0
0
0
0
0
0
2
5
5
0
0
0
0
0
0
0
0
0
0
0
0
0
0
0
0
0
0
0
0
0
0
0
0
0
0
0
0
0
0
0
0
0
0
0
0
0
0
0
0
0
0
0
0
0
0
0
0
0
2
5
10
5
3
1
0
0
0
0
0
0
0
1
2
5
5
3
1
0
0
0
0
0
0
0
0
0
0
0
0
0
0
0
0
0
0
1
1
1
2
3
3
1
0
0
0
0
0
0
0
0
0
0
0
0
0
0
0
0
0
0
0
0
0
0
0
0
0
0
0
0
0
0
10
6
4
26
8
3
13
7
0
0
4
5
0
24
39
41
38
16
5
44
46
15
168
393
413
308
342
446
407
406
550
646
712
806
903
1051
1183
1295
1415
1609
1737
1877
1994
2120
2227
2289
2397
2453
2549
2691
2896
3102
3356
3478
3706
3738
3820
3906
3975
4011
4173
4131
4016
3877
3825
3705
3685
3502
3356
3185
2949
2864
2706
2631
2569
2520
2392
2107
2171
2199
1966
1842
1765
1603
1421
1409
1681
1771
1933
2074
2036
2032
2068
2007
2056
1966
2010
2144
2154
2192
2201
2189
2071
1968
1729
1352
1276
1153
1073
1027
957
910
847
764
741
715
789
710
612
422
242
164
100
99
90
82
109
78
47
65
70
121
162
175
228
231
205
168
134
69
32
35
45
36
7
0
0
1
0
1
0
1
9
16
4
2
3
1
3
22
38
40
23
2
0
0
0
0
0
0
0
0
0
0
0
1
0
1
1
5
14
48
50
42
49
48
56
77
39
27
45
54
22
4
19
19
4
0
12
18
2
3
0
0
0
0
0
0
0
0
0
0
3
2
8
37
27
16
7
11
39
56
51
59
23
20
27
27
10
4
0
0
7
0
0
0
0
6
19
4
0
8
17
10
1
1
0
0
0
0
0
0
0
4
48
113
220
246
183
99
85
110
106
124
84
41
5
8
0
0
0
0
0
0
0
0
0
0
0
0
0
0
0
0
0
0
0
0
16
68
148
204
229
221
187
89
68
70
22
8
1
2
0
0
0
0
0
0
0
5
73
141
200
228
189
204
201
177
149
135
152
116
64
6
2
5
11
17
31
41
75
100
78
23
0
7
42
33
18
6
2
3
3
4
8
0
4
14
5
0
7
19
11
9
0
3
3
0
0
2
0
29
56
153
177
141
75
23
15
43
49
33
15
10
11
10
7
2
3
4
10
9
15
16
18
17
17
14
22
13
7
8
1
2
5
0
0
0
1
34
112
186
223
215
166
55
1
30
130
169
133
42
27
31
4
5
21
46
18
0
80
138
149
95
12
114
136
121
81
44
15
10
2
1
8
14
11
25
75
197
267
288
268
210
43
67
121
132
129
99
52
25
31
22
20
11
6
4
1
1
1
0
2
0
0
0
0
0
0
0
0
0
0
1
0
0
0
0
0
0
0
0
0
0
0
0
0
0
0
0
0
0
0
0
0
0
0
0
0
0
0
0
0
0
0
0
0
0
0
0
0
0
0
0
0
0
0
0
0
0
0
0
0
0
0
0
0
0
0
0
0
0
0
0
0
0
0
0
0
0
0
0
0
0
0
0
0
0
0
0
0
0
0
0
0
0
0
0
0
0
0
0
0
0
0
0
0
0
0
0
0
0
0
0
0
0
0
5
30
29
7
7
12
4
3
0
2
3
11
10
2
0
7
9
0
0
0
5
9
7
0
10
53
70
26
0
1
9
57
61
14
0
4
2
0
0
0
0
0
0
0
0
0
0
1
5
6
7
4
0
0
0
0
0
0
0
0
0
0
0
0
0
0
0
0
0
0
0
0
0
0
0
0
0
0
3
0
0
0
0
0
0
0
0
0
0
0
0
0
0
0
0
0
0
0
0
0
0
0
0
0
0
0
0
0
0
0
0
0
0
0
0
0
0
0
0
0
0
0
0
0
0
0
0
0
0
0
0
0
0
0
0
0
0
0
3
0
0
0
0
0
5
22
26
8
0
7
5
0
0
2
1
0
0
0
0
0
0
0
0
1
6
2
1
2
0
0
0
0
0
0
0
0
0
0
1
1
1
1
0
0
0
0
5
1
0
0
0
0
0
0
0
0
0
2
3
0
0
0
0
0
0
0
0
0
0
0
0
0
0
0
0
0
0
0
0
0
0
0
0
0
0
0
0
0
0
0
0
0
0
0
0
0
0
0
0
0
0
0
0
0
0
0
0
0
0
0
0
0
0
0
0
0
0
0
0
0
0
0
0
0
0
0
0
0
0
0
0
0
0
0
0
0
0
0
0
0
0
0
0
0
0
0
11
24
11
0
5
3
0
0
0
0
0
0
0
0
13
19
0
2
2
98
388
749
1049
1237
1366
1472
1529
1491
1377
1356
1529
1672
1781
1949
2129
2287
2417
2593
2648
2674
2645
2705
2725
2703
2630
2489
2149
2021
2385
2909
3507
4102
4346
4327
4623
3984
3474
3161
4334
4783
4459
3539
2709
2239
2301
2481
2866
3265
3765
4247
4486
4581
4600
4539
4440
4308
4113
4109
3908
3683
3506
3448
3340
3270
3224
3519
3639
3756
3663
3407
3001
2584
2526
2278
2104
1899
1754
1685
1555
1312
1006
726
586
601
633
619
560
521
431
270
231
421
513
447
204
440
587
574
658
584
482
369
172
229
349
416
329
363
1285
1011
986
874
699
519
475
499
310
111
154
407
693
850
933
871
667
387
195
108
71
23
11
46
207
344
373
370
292
214
200
206
246
334
430
537
624
684
670
658
557
483
397
285
210
137
84
167
363
649
849
897
778
830
807
691
465
268
232
272
373
362
244
190
209
245
178
213
235
229
168
135
52
15
1
1
19
51
36
162
546
731
784
696
565
348
176
158
219
195
191
220
181
142
162
158
154
167
221
291
337
307
343
489
556
637
745
787
751
719
688
689
656
643
634
543
454
357
250
174
118
86
69
53
21
0
0
6
32
16
8
8
14
37
38
38
29
42
31
0
0
0
0
0
0
0
0
1
3
1
0
0
0
5
10
33
160
470
740
955
1092
1207
1353
1387
1329
1175
935
612
462
557
628
683
738
881
1056
1220
1452
1670
1898
2148
2342
2626
2890
3298
3482
3592
3839
3838
3854
3927
3978
4008
4063
4090
4035
3801
3612
3473
3323
3208
3274
3402
3411
3275
3147
2922
2693
2376
2015
1849
1553
1191
1142
1185
1174
1104
1080
1046
930
882
827
725
738
721
805
910
1043
1285
1572
1837
1954
1847
1738
1848
1884
2010
2124
2126
2116
2085
2081
2025
1944
1802
1737
1612
1533
1490
1390
1285
1247
1201
1067
1000
895
771
633
516
449
358
325
358
343
357
347
387
341
426
584
787
988
1150
1369
1436
1717
1770
1699
1755
1769
2167
2609
3079
3375
3219
3277
3364
3247
2786
2399
2005
1642
1300
781
492
349
446
421
390
435
370
431
610
707
759
610
398
155
252
444
542
506
427
294
288
391
395
310
135
30
15
68
63
75
142
185
197
122
48
12
47
62
21
0
18
23
10
10
5
17
54
98
106
157
204
337
451
507
411
315
267
335
430
475
409
249
14
0
16
54
66
55
44
47
64
93
192
393
522
620
672
573
470
407
294
212
157
166
241
338
419
484
499
481
339
279
205
112
39
10
1
4
16
11
5
4
8
20
17
0
1
3
21
37
56
135
193
222
199
206
269
282
250
237
222
148
108
60
20
15
31
34
33
4
0
24
27
24
10
0
0
9
6
0
0
0
5
8
23
95
177
222
289
338
333
231
102
41
124
355
524
645
839
910
1082
1177
1250
1356
1432
1537
1632
1742
1814
1945
2038
2111
2179
2244
2283
2309
2387
2353
2348
2377
2332
2291
2190
2135
2055
1956
1839
1711
1610
1496
1364
1264
1168
1053
1018
938
817
698
660
534
375
308
259
232
231
221
217
332
69
21
5
2
0
0
0
2
1
0
1
1
6
12
19
23
32
41
50
50
38
38
47
47
44
40
23
18
12
18
26
17
19
19
22
12
1
0
1
0
0
0
0
0
0
0
0
0
0
0
0
0
0
0
0
0
0
0
1
0
1
0
0
0
0
2
2
6
5
0
0
0
0
0
0
3
8
0
0
0
0
2
3
0
0
0
4
15
2
5
16
31
26
25
21
29
47
32
24
2
4
4
1
1
0
1
5
3
3
10
15
9
3
3
2
0
1
0
0
0
0
0
0
0
0
1
0
0
0
0
0
0
0
0
1
15
16
9
7
4
1
0
0
0
0
0
0
0
0
0
0
0
0
0
0
0
0
0
0
0
0
0
0
0
0
0
0
0
0
0
0
0
14
11
0
0
0
3
5
0
1
1
0
0
0
0
0
0
0
0
0
8
16
53
231
464
665
853
992
1108
1197
1297
1384
1487
1568
1688
1767
1858
1971
2098
2270
2355
2382
2455
2457
2552
2510
2415
2381
2310
2247
2101
2061
1979
1843
1761
1555
1301
1179
1122
966
819
664
605
795
1096
1328
1347
1326
1144
801
424
90
97
283
426
495
478
408
272
209
222
242
256
197
102
34
29
50
81
115
182
217
245
212
214
146
93
128
191
217
204
175
136
109
91
69
97
70
44
53
109
124
164
188
266
298
413
562
985
1521
1948
2194
2217
2010
1563
1073
688
568
589
561
411
236
207
288
284
221
202
249
307
381
435
406
204
247
255
159
21
24
88
89
40
1
52
105
164
165
100
20
19
23
3
3
9
19
5
1
1
0
1
1
0
0
0
2
9
37
132
233
319
211
79
123
172
191
232
190
117
77
30
0
0
4
0
0
0
3
7
15
13
11
7
0
1
0
1
0
0
0
0
0
0
0
0
0
0
0
2
1
3
0
0
12
19
54
105
121
80
45
6
4
1
3
8
0
0
0
0
0
0
0
0
0
0
0
0
0
0
0
0
0
0
0
0
0
0
0
0
0
0
0
0
0
0
0
0
0
0
0
0
0
0
0
0
11
26
24
9
0
0
6
5
3
1
0
0
0
0
15
35
12
6
0
1
4
6
6
0
0
0
0
0
0
0
1
14
11
5
0
0
3
1
0
0
0
0
0
0
0
0
0
0
2
5
7
2
0
0
0
0
0
0
0
0
0
0
0
0
0
0
0
0
0
0
0
0
0
0
0
0
0
0
0
0
0
0
0
0
0
0
0
0
0
0
0
0
0
0
0
0
0
0
0
0
0
0
0
0
0
0
0
0
0
0
0
0
0
0
0
0
0
0
0
0
0
0
0
0
0
0
0
0
0
0
0
0
0
0
0
0
0
0
0
0
0
0
0
0
0
0
0
0
0
0
0
0
0
0
0
0
0
0
0
0
0
0
0
0
0
0
0
0
0
0
0
0
0
0
0
0
0
0
0
0
0
0
0
0
0
0
0
0
0
0
0
0
0
0
0
0
0
0
0
0
0
0
0
0
0
0
0
0
0
0
0
0
0
0
0
0
0
0
0
0
0
0
0
0
0
0
0
0
0
0
0
0
0
0
0
0
0
0
0
0
0
0
0
0
1
7
3
0
0
0
0
3
1
0
0
0
0
0
3
0
0
0
0
0
0
0
0
0
0
0
0
0
0
0
0
0
0
1
17
50
50
19
27
33
21
37
32
12
14
54
30
14
76
26
25
35
42
60
84
147
234
307
370
473
568
658
765
898
880
642
286
107
108
91
50
67
321
598
730
869
926
895
630
297
28
2
20
57
6
1
3
32
49
15
0
0
0
0
3
0
0
1
0
0
4
13
0
0
4
1
0
0
0
0
0
0
0
0
0
0
8
18
0
0
0
0
0
0
0
0
0
0
0
0
0
0
0
0
0
0
0
0
0
0
0
0
0
0
0
0
0
0
1
23
17
6
0
7
14
32
73
96
125
96
51
32
22
24
24
18
10
26
16
7
10
0
0
2
3
2
1
0
0
0
0
0
0
0
0
0
0
0
0
0
0
0
0
0
0
0
0
0
0
0
0
0
0
0
0
0
0
0
0
0
0
0
0
0
0
0
0
0
0
0
0
0
0
0
0
0
0
0
0
0
0
0
0
0
0
0
0
0
0
0
0
0
0
0
0
0
0
0
0
0
0
0
0
0
0
0
0
0
0
0
0
0
0
0
0
0
0
0
0
0
0
0
0
0
0
0
0
0
0
0
0
0
0
0
0
0
0
0
0
0
0
0
0
0
0
0
0
0
0
0
0
0
0
0
0
0
0
0
0
0
0
0
0
0
0
0
0
0
0
0
0
0
0
0
0
0
0
0
0
0
0
0
0
0
0
0
0
0
0
0
0
0
0
0
0
0
0
0
0
0
0
0
0
0
0
0
0
0
0
0
0
0
0
0
0
0
0
0
0
0
0
0
0
3
18
13
2
5
2
0
0
0
0
0
0
0
0
0
0
0
0
0
0
0
0
0
0
0
0
0
0
0
0
0
0
0
0
0
0
0
0
0
0
0
0
0
0
0
0
0
0
0
0
0
0
0
0
0
0
0
0
0
0
0
0
0
0
0
0
0
0
0
0
0
0
0
0
0
15
48
45
7
0
0
1
0
0
0
7
13
10
31
111
163
107
10
128
387
471
303
25
85
409
477
290
1
217
500
526
326
29
61
486
566
173
231
791
1042
1089
1011
895
803
834
886
911
859
707
529
369
294
246
303
415
533
580
572
561
611
634
643
616
550
455
352
235
330
366
307
240
149
65
39
66
97
52
24
28
53
116
144
111
77
64
66
65
79
126
141
88
101
192
214
142
75
20
6
1
3
0
3
10
0
0
5
44
94
69
43
21
10
3
4
17
16
29
57
62
7
35
55
30
13
0
0
4
6
2
3
0
21
31
12
1
3
8
10
8
0
0
0
3
0
0
1
17
40
62
72
65
43
66
96
72
29
3
8
9
7
0
0
0
0
0
15
29
18
3
2
8
19
13
10
0
0
2
7
5
5
1
1
0
0
0
36
100
102
84
39
75
100
101
109
63
53
23
0
0
18
31
36
43
32
11
1
5
0
0
0
0
0
0
2
9
2
0
0
1
2
3
11
20
64
97
83
13
0
11
46
31
2
0
0
0
0
0
2
3
5
1
51
109
134
101
37
54
124
101
55
8
4
22
69
113
97
34
28
119
117
84
70
34
1
0
29
103
114
81
5
11
73
96
68
5
2
1
0
0
0
0
0
0
0
0
0
0
0
0
0
0
0
0
0
0
0
0
0
0
0
0
0
0
0
0
0
0
0
0
0
0
0
0
0
0
0
0
0
0
0
0
0
0
0
0
0
0
0
0
0
0
0
0
0
0
0
10
2
0
0
0
0
0
0
0
0
0
0
0
0
0
0
0
0
0
0
5
8
16
9
0
7
7
0
0
0
0
0
0
0
0
0
0
21
95
177
165
181
110
51
178
209
156
99
31
0
2
106
198
247
234
103
104
225
229
166
74
9
3
87
215
253
195
80
145
226
181
117
22
0
0
0
0
0
0
0
0
0
3
103
213
238
248
253
383
350
259
128
38
6
0
0
11
37
45
25
0
0
0
0
0
0
0
0
0
0
0
0
0
0
0
0
0
0
0
4
21
80
86
56
31
30
5
0
0
12
40
15
21
65
208
205
194
217
240
322
321
277
240
177
112
93
72
28
8
3
1
3
1
5
27
87
126
224
227
173
72
17
67
94
83
78
52
12
4
1
0
0
1
2
2
8
2
0
0
0
0
0
0
0
0
2
7
44
83
150
245
382
527
607
668
722
782
860
887
889
781
558
245
2
14
59
36
10
8
2
0
0
0
12
32
118
214
233
234
238
307
382
422
440
401
382
362
323
231
143
42
19
9
10
9
0
0
3
4
21
19
16
0
1
5
9
12
6
10
16
33
59
102
92
100
85
62
73
137
246
351
326
354
350
457
600
718
793
801
889
919
853
798
734
669
585
481
365
281
180
135
38
7
9
70
110
124
161
169
138
102
77
46
37
40
38
23
29
38
5
1
11
4
2
4
21
38
61
99
112
93
118
88
84
77
68
43
43
44
44
42
39
47
42
54
43
37
39
48
59
47
42
46
51
87
75
80
37
19
7
56
236
344
324
266
269
373
418
362
343
291
236
252
296
348
387
312
197
161
229
237
233
209
87
11
10
12
13
12
15
6
4
9
14
11
6
1
2
2
5
3
0
0
2
11
18
82
128
129
111
71
46
23
13
3
4
7
21
14
7
35
33
14
12
13
7
22
20
11
8
4
11
4
1
1
0
0
0
0
3
0
0
0
1
0
0
0
0
0
0
0
0
0
0
0
0
0
0
0
0
0
0
0
0
0
0
0
0
0
0
0
0
0
0
0
0
0
2
42
171
307
424
465
476
507
500
461
471
423
430
378
368
349
322
272
213
169
124
78
45
26
9
5
1
1
4
2
1
0
0
4
0
0
0
0
0
0
0
0
0
5
2
0
0
1
0
0
0
0
0
0
0
0
0
0
0
0
0
0
0
0
0
0
0
0
0
0
0
0
0
0
0
0
0
0
0
0
0
0
0
0
0
0
0
0
0
0
0
0
0
0
0
0
0
0
0
0
0
0
0
0
0
0
0
0
0
0
0
0
0
0
0
0
0
0
0
0
0
0
0
0
0
0
0
0
0
10
17
5
0
0
0
0
0
0
0
1
3
0
0
0
1
2
8
8
3
0
0
3
6
6
7
60
155
234
248
181
38
17
27
0
17
64
69
25
0
2
4
1
0
0
2
1
0
0
0
6
24
18
64
112
140
104
49
22
9
4
5
11
7
1
2
0
0
0
2
1
0
0
0
0
0
0
4
31
67
84
95
93
114
129
138
122
91
30
3
23
33
9
15
11
2
0
0
0
1
0
0
0
0
0
3
10
3
1
0
0
0
0
0
0
0
0
0
0
0
0
0
0
0
0
0
0
0
0
0
0
0
2
4
3
0
0
0
6
18
20
10
4
17
62
102
149
206
243
180
120
50
25
21
10
0
27
203
416
544
765
940
1137
1314
1509
1660
1795
1924
2123
2263
2368
2524
2600
2645
2556
2542
2467
2366
2237
2133
1977
1848
1723
1697
1690
1622
1526
1341
1161
1024
923
823
709
621
562
522
425
331
217
107
63
34
6
4
1
2
0
0
0
0
0
0
0
0
0
0
0
0
0
0
0
0
0
0
0
0
0
0
0
0
0
0
0
0
0
0
0
0
0
0
0
0
0
0
0
1
1
0
0
0
0
0
0
0
0
0
0
0
0
0
0
0
0
0
0
0
0
0
0
0
0
0
0
0
0
0
0
0
0
0
0
0
0
0
0
0
0
0
0
0
0
0
0
0
0
0
0
0
0
0
0
0
0
0
0
0
0
0
0
0
0
0
0
0
0
0
0
0
0
0
0
0
0
0
0
0
0
0
0
1
14
32
18
2
0
0
2
0
0
0
0
0
0
0
0
1
0
0
0
0
0
0
0
0
0
8
48
127
202
363
571
765
1017
1190
1324
1508
1658
1756
1809
1837
1848
1919
1997
2056
2054
2067
2042
1975
1973
1870
1795
1787
1740
1678
1578
1473
1428
1374
1302
1295
1259
1220
1235
1180
1105
999
954
879
823
792
711
670
596
584
521
458
424
471
502
547
534
433
256
109
24
1
0
2
5
9
10
9
6
16
21
15
2
3
3
5
2
2
2
3
3
3
3
0
1
1
5
22
2
9
5
0
0
0
0
0
0
0
0
0
0
0
0
0
0
0
0
0
0
0
0
0
0
0
0
0
0
0
0
0
0
0
0
0
0
0
0
1
0
0
0
9
7
26
6
0
0
0
5
26
12
4
31
74
75
47
26
7
0
12
37
45
32
23
5
2
1
0
0
0
0
0
0
0
2
9
3
0
0
0
3
1
9
19
61
79
58
57
73
69
48
23
51
34
24
34
64
65
77
169
343
458
586
752
959
1090
1171
1367
1465
1606
1712
1784
1895
1983
2029
2058
2057
2098
2099
2099
2138
2126
2138
2060
2033
2033
1946
1873
1792
1712
1637
1487
1356
1209
1017
849
757
659
568
512
416
333
261
232
176
162
174
151
100
71
41
46
53
33
58
50
49
51
20
9
5
7
15
4
7
5
23
59
170
272
320
298
306
341
358
415
428
465
485
469
426
355
269
167
122
103
95
61
36
6
28
36
26
22
7
1
1
14
45
87
115
127
120
86
68
47
40
25
3
4
25
59
118
171
236
297
377
391
377
370
364
335
291
227
138
78
45
6
2
2
15
51
69
89
115
122
127
153
132
118
85
59
55
55
38
47
64
48
76
79
104
132
142
180
214
282
365
455
518
565
658
711
762
865
839
814
841
903
932
962
938
964
955
1034
1055
1052
2234
1125
1178
1178
1250
1268
1244
1269
1295
1281
1287
1247
1130
1087
1028
949
916
881
836
770
687
658
669
683
742
707
666
664
732
688
654
595
508
417
414
424
394
411
368
355
317
296
314
263
240
247
213
255
292
298
274
269
246
146
116
98
113
75
113
183
236
204
195
155
176
210
200
173
144
93
113
233
358
444
518
640
725
676
567
387
223
176
147
121
97
93
83
108
143
200
208
156
51
43
48
126
206
204
179
127
72
38
56
76
93
33
6
27
66
42
6
63
45
4
23
38
17
3
0
0
0
0
0
0
0
0
0
0
0
0
0
0
0
0
0
0
0
0
0
0
0
0
0
0
0
0
0
0
0
0
0
0
0
0
0
0
0
0
0
0
0
0
0
0
11
11
16
23
29
23
21
13
20
9
9
10
6
12
25
46
69
85
70
48
35
6
0
2
76
209
321
396
423
445
317
188
132
118
42
6
11
43
69
54
15
16
53
11
5
3
0
0
0
0
0
26
111
167
147
36
7
47
19
34
66
61
47
30
26
27
11
3
0
0
10
19
8
5
19
48
31
0
15
21
4
1
18
89
184
197
148
78
1
43
110
147
196
129
56
30
81
70
40
0
32
59
36
0
14
74
45
5
128
319
347
257
98
25
87
154
165
173
195
175
191
208
178
105
53
29
50
59
71
82
104
87
70
43
10
28
117
248
352
506
515
380
293
193
155
133
114
223
236
184
73
40
29
5
2
85
174
216
216
95
9
85
97
61
31
1
2
19
31
23
4
80
123
75
8
0
2
1
0
0
0
0
0
0
0
0
0
0
0
0
2
0
0
0
2
0
0
1
4
12
11
4
0
0
0
0
0
0
0
0
30
135
205
185
106
9
10
76
107
118
79
15
5
2
0
0
0
1
1
0
0
0
0
0
0
0
0
0
0
0
0
0
0
0
0
0
0
0
0
0
0
0
0
0
0
0
0
0
0
0
0
0
0
0
0
0
0
0
0
0
0
0
0
0
0
0
0
0
0
0
0
0
0
0
0
0
0
0
0
0
0
0
0
0
0
0
0
0
0
0
0
0
0
0
0
0
0
0
0
0
0
0
0
0
0
0
0
0
0
0
0
0
0
0
0
0
0
0
0
0
0
0
0
0
0
0
0
0
0
0
0
0
0
0
0
0
0
0
0
0
0
0
0
0
0
0
0
0
0
0
0
0
0
0
0
0
0
0
0
0
0
0
0
0
0
0
0
0
0
0
0
0
0
0
0
0
0
0
0
0
0
0
0
0
0
0
0
0
0
0
0
0
0
0
0
0
0
0
0
0
0
0
0
0
0
0
0
0
0
0
0
0
0
0
0
0
0
0
0
0
0
0
0
0
0
0
0
0
0
0
0
0
0
0
0
0
0
0
0
0
0
0
0
0
0
0
0
3
1
1
0
0
0
0
0
0
0
0
0
0
0
4
1
1
0
0
0
0
0
0
0
0
0
0
0
0
0
0
0
0
0
0
0
0
0
0
0
0
0
0
0
0
0
0
0
0
0
0
0
0
0
0
0
0
0
0
0
0
0
0
0
0
0
0
0
0
0
0
0
0
0
0
0
0
0
0
0
0
0
0
0
0
1
0
1
1
0
0
1
0
0
0
0
0
2
2
6
72
18
32
41
29
31
40
44
43
45
37
28
29
22
22
14
13
13
14
13
7
10
6
7
4
8
20
38
36
45
64
56
68
82
69
37
15
13
4
0
0
0
0
3
6
3
0
30
93
181
298
465
594
643
650
688
729
628
601
724
784
849
967
1018
1078
1106
1116
1120
1161
1327
1448
1499
1590
1645
1706
1799
1852
1893
1847
1747
1633
1596
1614
1591
1646
1633
1644
1689
1619
1528
1374
1233
1134
1094
1097
909
848
770
709
721
741
641
513
458
398
290
130
18
53
114
136
137
108
89
68
92
90
90
99
115
32
4
50
26
20
12
7
3
2
13
9
1
0
0
0
0
7
1
0
0
0
0
0
0
0
0
0
0
0
0
0
0
0
0
0
0
0
0
0
0
0
0
0
2
0
0
1
0
1
1
6
7
1
0
0
0
0
0
0
0
0
0
0
0
0
0
0
0
0
0
0
0
0
0
0
0
0
0
0
0
0
0
0
0
0
0
0
0
0
0
0
0
0
0
0
0
0
0
0
0
0
0
0
0
0
0
0
0
0
0
0
0
0
0
0
0
0
0
0
0
0
0
0
0
0
0
0
0
0
0
0
0
0
0
0
0
0
0
0
0
0
0
0
0
0
0
0
0
0
0
0
0
0
0
0
0
0
0
0
0
0
0
0
0
0
0
0
0
0
0
0
0
0
0
0
0
0
0
0
0
0
0
1
0
0
0
0
0
0
0
0
0
0
0
0
0
0
0
0
0
0
0
0
0
0
0
0
0
0
0
0
0
0
0
0
0
0
0
0
0
0
0
0
0
0
0
0
0
0
0
0
0
0
0
0
0
0
0
0
5
0
0
0
0
0
0
0
0
0
0
0
0
0
0
0
0
0
0
0
0
0
0
0
0
0
0
0
0
0
0
0
0
0
0
0
0
0
0
0
0
0
0
0
0
0
0
0
0
0
0
0
0
0
0
0
0
0
0
0
0
0
0
0
0
0
0
0
0
0
0
0
0
0
0
0
0
0
0
0
0
0
0
0
0
0
0
0
0
0
0
0
0
0
0
0
0
0
0
0
0
0
0
0
0
0
2
7
5
0
0
0
0
0
1
0
0
0
0
3
17
7
0
0
1
0
0
8
14
0
0
11
14
0
0
21
20
10
0
0
0
36
23
0
0
11
2
0
0
0
0
0
1
4
3
0
0
0
0
0
0
1
11
1
0
0
0
0
0
0
0
0
0
0
0
0
0
0
0
0
0
0
0
0
0
0
1
0
4
20
27
117
275
447
521
608
859
1241
1588
1685
1853
1983
1926
1928
1995
2037
2003
1734
1565
1618
1637
1992
2280
2367
2258
2183
2183
2112
2002
1817
1780
1699
1493
2466
3066
2555
2614
2472
2157
1691
1180
970
795
654
492
370
423
546
587
605
663
741
791
750
629
510
409
316
340
401
473
607
809
869
885
793
680
505
447
422
486
525
505
428
499
500
595
694
745
694
613
521
423
436
515
632
686
691
670
674
701
751
737
739
767
776
814
831
809
782
702
591
454
315
370
569
811
949
1145
1405
1451
1309
1066
728
518
659
832
908
872
831
832
777
644
457
358
468
596
619
517
388
398
474
535
527
553
552
532
486
333
97
284
415
497
513
512
422
220
59
88
166
204
201
159
102
83
173
309
391
369
312
178
176
314
556
727
862
993
1045
1093
1116
1071
1029
992
883
628
556
592
573
585
500
438
415
455
600
708
716
575
446
420
307
345
577
667
687
623
623
591
417
435
742
892
868
831
808
804
688
449
270
160
86
121
179
184
234
223
215
152
204
252
308
345
323
303
263
215
210
212
330
687
879
913
705
622
736
1215
1615
1771
1726
1636
1706
1793
2198
2656
3078
3391
3732
3801
3766
3666
3471
3446
3322
2931
2487
2131
1981
1873
1822
1759
1871
1961
2192
2613
3024
3485
3937
4368
4397
3924
3493
2552
1756
1406
1459
1598
1354
1039
1063
1387
1534
1572
1761
1890
2009
2136
2134
2360
2609
2749
2634
2266
1664
1294
1214
988
968
1192
1653
2204
2553
2744
2617
2576
2461
2215
1784
1403
1160
982
861
701
643
963
1148
1189
1213
1296
1453
1727
1949
1984
2071
2197
2336
2470
2570
2599
2546
2547
2649
2841
2966
3004
2943
2964
2972
2966
2876
2698
2468
2242
1953
1577
1293
1003
811
690
661
684
737
716
767
830
849
781
750
771
704
675
541
425
224
156
131
245
329
368
500
733
1001
1219
1379
1469
1555
1554
1639
1585
1447
1221
969
877
785
647
549
551
531
504
498
580
705
853
915
955
905
779
760
710
701
699
638
583
495
430
432
406
364
349
394
471
552
637
657
638
604
565
437
359
351
480
671
852
983
1131
1263
1380
1536
1670
1865
2057
2235
2442
2616
2815
3026
3201
3392
3569
3735
3880
4056
4103
4166
4165
4143
4021
3817
3626
3479
3236
3045
2854
3799
2429
2129
1876
1696
1491
1106
756
542
436
397
362
355
387
456
650
804
803
771
731
673
599
530
439
315
165
46
53
50
35
62
122
148
199
183
196
203
163
152
117
78
52
54
64
78
77
53
19
1
0
0
6
6
4
1
1
2
0
5
5
2
5
19
22
42
109
145
167
179
164
99
41
5
0
0
0
2
2
0
0
0
0
0
0
0
0
0
0
0
0
0
0
0
0
0
0
0
0
0
0
0
0
0
0
0
0
0
0
0
0
0
0
0
0
0
0
0
0
0
0
0
0
0
0
0
0
0
0
0
0
0
0
0
0
0
0
0
0
0
0
0
0
0
0
0
0
0
0
0
0
0
0
0
0
0
2
10
23
38
36
36
7
10
20
16
0
0
0
1
0
0
0
0
0
0
2
4
2
21
40
50
35
3
10
17
43
47
71
57
90
82
134
172
209
208
197
208
180
162
122
120
100
67
113
195
178
139
95
129
212
285
297
225
107
64
82
9
28
7
1
26
6
11
7
1
1
8
20
11
0
13
20
26
15
0
0
50
89
76
11
14
40
292
602
921
1075
1189
1306
1373
1383
1379
1403
1444
1456
1408
1354
1274
1233
1193
1112
1048
971
883
762
669
516
330
198
43
41
212
343
410
428
452
441
498
558
637
679
748
780
809
837
836
817
856
905
991
1069
1088
1138
1121
1143
1092
998
808
702
678
808
876
897
971
980
996
890
836
744
769
711
685
620
546
434
411
413
394
348
309
239
184
114
99
123
163
172
234
331
464
432
343
231
134
31
5
23
34
53
72
69
62
37
22
13
1
1
0
0
5
1
3
1
4
4
5
3
3
2
0
0
13
126
339
505
578
528
458
617
716
957
1141
1158
1325
1251
1244
1382
1540
2318
2945
3414
3577
3447
3160
2915
2562
2121
1784
1557
1347
1105
841
528
524
677
843
842
638
447
309
172
123
118
140
119
109
122
111
143
259
356
226
102
343
370
305
280
204
63
33
14
79
185
232
181
76
8
59
176
242
227
148
39
7
15
54
51
25
2
1
19
32
26
21
15
7
23
18
15
5
0
0
1
15
72
143
161
215
219
219
198
202
177
150
129
133
154
168
154
114
81
40
34
45
44
37
40
31
46
26
28
46
44
29
43
48
43
31
16
5
3
0
0
0
9
14
16
16
3
0
0
0
0
0
1
4
6
1
1
1
0
0
0
0
0
0
0
0
0
0
0
0
0
0
0
0
0
0
0
0
0
0
0
0
0
0
0
0
0
0
0
0
0
0
0
0
0
0
0
0
0
0
0
0
0
0
0
0
0
0
0
18
48
43
5
1
6
4
0
1
0
0
0
0
2
17
39
52
50
55
64
76
79
42
27
13
8
10
12
12
8
10
8
14
22
18
18
45
43
52
56
57
60
69
51
29
32
79
136
176
255
335
460
600
725
879
981
1072
1212
1338
1495
1655
1723
1912
1990
2121
2233
2362
2472
2591
2605
2579
2591
2586
2565
2591
2562
2564
2534
2551
2507
2450
2361
2353
2322
2334
2306
2290
2304
2278
2225
2283
2265
2308
2307
2264
2304
2260
2252
2244
2172
2090
2031
1976
1870
1770
1601
1497
1310
1102
952
830
772
677
590
523
439
321
268
472
825
1097
1083
1060
1084
1249
1512
1699
1898
2130
2436
2645
2805
2934
3096
3214
3341
3441
3516
3492
3475
3449
3402
3323
3322
3323
3325
3396
3481
3483
3458
3437
3397
3326
3342
3357
3228
3096
2961
2772
2628
2446
2237
2029
1873
1735
1518
1336
1151
1000
856
668
534
375
277
214
179
168
193
195
236
296
241
219
213
204
237
282
294
278
289
297
330
410
442
430
408
490
586
555
447
439
587
830
965
1257
1411
1558
1634
1665
1636
1730
1937
2177
2347
2469
2552
2587
2609
2864
3265
3634
3887
3727
3424
3140
2951
3092
3045
2958
2898
2924
2926
2911
2878
2880
2937
2949
2942
2917
2934
2913
2824
2828
2743
2656
2589
2501
2314
2163
1903
1651
1721
1655
1455
1309
1311
1185
1162
1487
1745
1861
1880
1651
1177
1215
1244
1227
1228
1392
1514
1625
1762
1889
2064
2116
1920
1705
1506
1286
1237
1308
1454
1559
1611
1569
1454
1261
1139
1086
1081
963
935
906
930
1258
1451
1486
1692
2019
2209
2215
1948
1558
1177
1315
1493
1538
1505
1353
1191
984
744
791
907
579
408
752
1005
1073
1098
1113
1092
1065
979
753
832
1005
614
591
484
338
341
528
659
544
540
568
547
620
681
640
681
746
733
598
499
420
343
242
146
97
75
66
148
306
483
587
693
725
728
681
562
501
411
368
424
452
497
498
512
541
460
612
764
843
779
765
771
769
777
1102
1407
1586
1491
1362
1264
1275
1210
1071
1080
1097
1199
1314
1392
1485
1571
1692
1898
2063
2253
2377
2434
2395
2373
2236
2049
1880
1638
1477
1486
1630
1793
1837
1925
1879
1765
1801
1797
1618
1402
1441
1281
1173
934
673
562
519
488
407
375
296
241
153
146
247
321
328
271
274
268
951
973
1230
1398
1543
1609
1731
1809
1768
1727
1524
1225
844
430
482
862
1081
1288
1462
1485
1517
1568
1714
1815
1759
1636
1481
1373
1187
557
789
1141
1255
1382
1548
1600
1538
1393
1302
1117
958
790
553
465
679
829
914
878
876
949
1043
1059
1042
1047
950
801
660
554
530
533
514
435
389
407
384
398
407
437
507
632
781
916
1008
1150
1345
1413
1486
1669
1716
1772
1782
1907
2002
2278
2391
2419
2538
2582
2747
2755
2794
2840
2824
2453
1928
1946
1722
1637
1500
1357
1309
1327
1423
1563
1603
1691
1747
1825
2022
2075
2178
2251
2146
2007
1856
1829
1528
1311
1057
1037
1225
1363
1445
1573
1602
1504
1501
1396
1257
1113
875
576
467
344
294
263
243
281
299
235
227
254
248
271
316
350
270
280
527
823
1164
1482
1770
2033
2374
2564
2640
2843
2792
2706
2582
2287
2212
1976
1760
1617
1475
1374
1125
860
709
549
423
325
331
412
522
615
877
1269
1667
2104
2596
3350
3719
3624
2841
2088
1395
943
552
334
182
169
248
298
532
765
916
1104
1365
1584
1620
1720
1716
1599
1430
1275
1128
1004
846
591
414
585
574
540
495
366
229
148
146
118
228
474
657
817
951
1109
1267
1348
1425
1465
1461
1372
1239
1055
806
519
619
628
540
467
449
498
749
672
741
658
601
572
474
476
422
273
114
70
70
180
308
408
380
289
166
105
68
54
76
141
88
51
35
23
84
192
335
475
581
613
591
541
463
346
199
111
56
61
101
147
159
146
122
151
208
254
390
428
520
594
734
1148
1517
1655
1698
1691
1712
1818
1989
2209
2440
2806
3110
3331
3594
3720
3695
3646
3375
3182
2959
2815
2750
2665
2457
2264
2115
1937
1814
1648
1505
1380
1182
1015
920
777
523
700
1054
1200
1067
918
901
705
484
357
229
214
194
154
144
114
220
367
572
669
685
705
614
560
661
624
542
592
569
530
476
337
289
320
514
597
606
621
607
489
367
335
244
288
322
359
337
304
314
319
338
289
288
270
244
226
199
142
80
33
20
28
25
36
62
61
66
35
9
0
1
22
32
11
18
20
1
1
7
9
35
58
42
54
42
43
43
72
73
90
124
204
314
412
607
737
830
1002
1099
1256
1432
1569
1639
1713
1845
2012
2176
2376
2514
2771
2867
3116
3289
3353
3417
3485
3520
3512
3573
3580
3616
3567
3567
3594
3536
3490
3580
3485
3509
3444
3368
3267
3135
2918
2835
2691
2592
2395
2218
1993
1802
1611
1444
1286
1241
1161
1115
1062
1012
876
752
577
399
248
165
105
77
44
38
22
6
16
26
17
9
14
70
2
3
10
28
72
73
67
99
217
331
376
383
350
326
256
204
221
187
168
168
150
180
200
187
175
163
132
78
44
23
6
1
0
3
8
5
8
6
1
0
0
1
0
4
2
7
6
4
2
1
1
0
0
0
0
32
71
170
286
390
473
580
718
910
1095
1224
1385
1522
1631
1658
1691
1698
1778
1857
1960
2033
2074
2074
2059
2089
2036
2039
2030
2023
2036
1943
1940
1931
1792
1700
1594
1475
1347
1179
971
804
653
507
345
235
123
36
5
2
0
0
0
3
3
6
4
0
0
0
0
0
0
0
0
0
0
0
0
0
0
0
0
0
0
0
0
0
0
0
0
0
0
0
0
0
0
0
0
0
0
0
0
0
0
0
0
0
0
0
0
0
0
0
0
0
0
0
0
0
3
5
1
0
0
0
0
0
2
4
0
0
0
0
0
0
0
0
0
0
0
0
0
0
0
0
0
0
0
0
0
0
0
0
0
0
0
0
0
0
0
0
0
0
0
0
0
0
0
0
0
0
0
0
0
0
0
0
0
0
0
0
0
0
0
0
0
0
0
0
0
0
0
0
0
0
0
0
0
0
0
0
0
0
0
0
0
0
0
0
0
0
0
0
0
0
0
0
0
9
3
0
0
8
16
7
4
1
6
24
16
0
0
4
4
5
7
14
0
21
36
10
0
0
1
0
0
0
0
0
0
0
0
0
0
0
0
0
0
0
0
0
0
0
0
0
0
0
0
0
0
0
0
0
0
0
0
0
0
0
0
0
0
0
0
0
0
0
0
0
0
0
0
0
0
0
0
0
0
0
0
0
0
0
0
0
3
19
42
130
278
401
609
904
1236
1624
2007
2412
2762
2969
3188
3436
3609
3874
3831
3581
3235
2863
2152
2145
2172
2205
2358
2902
3345
3249
3222
3144
3500
3776
3838
3598
3331
3489
3497
3434
3347
3282
3233
3070
2826
2527
2193
1883
1703
1582
1440
1415
1424
1417
1295
1143
970
892
1032
1223
1299
1259
1287
1281
1325
1337
1259
1259
1223
1199
1159
1188
1196
1127
1043
910
752
507
445
381
284
250
205
173
179
153
207
353
500
612
721
909
1029
1152
1258
1337
1398
1509
1597
1734
1780
1861
1892
1984
2188
2370
2511
2529
2479
2416
2362
2353
2279
2151
2028
1935
1806
1640
1117
1010
987
899
1098
1240
1331
1441
1581
1813
2006
2103
2157
2151
2113
2117
2076
2039
1991
1824
1697
1566
1459
1346
1180
964
1007
1100
1089
1019
933
1426
942
1040
1243
1371
1489
1535
1484
1159
840
496
147
165
260
461
745
921
992
898
834
881
998
831
775
726
505
365
214
94
105
129
114
66
53
93
116
189
202
114
63
50
82
139
105
54
18
16
20
17
39
30
20
15
9
10
11
20
8
5
4
4
1
1
2
0
1
0
0
0
0
0
0
0
0
0
0
0
0
0
0
0
0
0
0
0
0
0
0
0
0
1
12
24
42
20
2
22
23
0
0
0
4
1
0
0
0
0
14
24
10
0
7
25
11
0
6
33
12
32
54
71
90
78
30
3
12
54
16
0
13
13
7
6
0
0
2
5
2
0
16
53
34
0
33
57
19
0
7
16
29
34
29
8
0
7
37
38
4
13
33
12
3
0
0
0
0
0
0
0
0
0
1
0
0
0
0
6
4
1
0
0
0
0
0
0
0
0
0
0
0
0
0
0
0
0
0
0
0
0
0
0
0
0
0
0
0
0
0
0
0
0
0
0
5
4
8
11
2
0
0
10
21
8
0
0
0
0
0
0
0
0
0
0
0
0
0
0
0
0
0
0
0
0
0
0
0
0
0
0
0
0
0
0
0
0
0
0
0
0
0
0
2
5
0
0
0
0
0
0
0
0
0
0
0
0
0
0
0
0
0
0
0
0
2
7
0
0
0
0
0
0
0
0
0
0
0
0
0
0
0
0
0
0
0
0
0
0
0
0
21
23
27
8
8
15
14
32
109
184
195
188
33
56
190
244
178
83
23
1
14
0
0
14
17
10
0
0
1
2
2
0
1
0
0
3
2
0
0
0
12
3
0
0
0
1
0
20
36
6
0
0
2
0
10
0
31
2
0
0
0
0
14
16
0
0
0
0
0
8
24
2
0
0
3
13
0
0
14
8
0
22
19
0
35
63
48
1
0
1
47
58
40
0
0
19
14
3
0
0
0
0
0
0
0
0
0
0
0
0
0
0
0
0
0
0
0
0
0
0
0
0
0
0
3
6
8
0
0
0
0
0
0
0
0
0
0
0
0
0
17
25
0
56
76
40
6
0
0
0
0
0
6
2
0
2
45
0
2
7
21
18
15
51
100
12
56
77
9
0
6
0
0
38
53
43
58
7
2
4
0
1
16
0
12
43
62
32
3
0
25
120
14
0
13
8
9
8
0
0
0
4
2
2
0
1
0
0
0
0
0
0
0
0
0
0
0
0
0
0
0
4
19
43
19
0
13
64
68
0
25
45
36
12
1
0
0
0
0
0
0
0
2
3
2
0
9
19
25
46
41
6
3
17
23
17
11
6
0
0
1
0
2
0
0
0
0
0
0
0
0
0
0
0
0
0
0
0
1
1
3
0
0
0
0
0
0
0
0
0
0
0
0
0
0
0
0
0
0
0
0
0
4
0
0
0
0
0
0
0
0
0
0
0
0
0
0
0
0
0
0
0
0
0
0
0
0
0
0
0
0
1
0
0
0
0
0
0
0
0
0
0
0
0
0
0
0
0
0
0
0
0
0
0
0
0
0
0
0
0
0
0
0
0
0
0
0
0
0
0
0
0
0
0
0
0
0
0
0
0
0
0
0
0
0
0
0
0
4
6
0
0
0
0
0
0
0
0
0
0
0
0
0
0
0
0
0
0
0
0
0
0
0
2
20
34
19
7
0
39
174
278
377
434
431
328
254
265
313
294
179
95
80
208
335
354
295
242
336
552
735
738
762
776
909
1019
1084
1191
1200
1231
1394
1567
1726
1763
1781
1821
1866
1859
1822
1711
1591
1536
1466
1334
1267
1231
1239
1298
1388
1325
1303
1344
1258
1357
1335
1333
1292
1304
1325
1372
1363
1358
1330
1262
1263
1119
974
904
805
739
617
506
357
337
262
250
246
202
195
151
111
100
97
79
77
41
35
40
39
66
78
89
91
100
146
167
184
222
213
178
150
141
113
100
77
56
61
57
52
33
25
4
1
0
0
0
0
0
0
3
6
19
25
35
27
21
55
91
83
34
20
16
47
58
50
48
30
28
38
34
57
72
100
105
79
59
45
29
14
5
0
4
2
0
0
0
0
1
0
0
0
0
0
0
0
0
0
0
0
0
0
0
0
0
0
0
0
0
0
0
0
0
0
0
0
0
0
0
0
0
0
0
0
0
0
0
0
0
0
0
0
0
0
0
0
0
0
0
0
0
0
0
0
0
0
0
0
0
0
0
0
0
6
62
258
487
739
1057
1363
1864
2467
2978
3233
3823
4097
4154
4253
3990
3804
3429
3132
3246
3281
3412
3434
3385
52349
52639
0
0
0
0
0
0
0
0
0
0
0
0
0
0
0
0
0
0
0
0
0
0
0
0
0
0
