27
0
0
67
10
12
102
0
0
42
85
16
13386
4115
4478
4872
4910
4709
4224
3899
3798
3666
3451
3232
2929
2406
1859
1329
976
754
664
593
728
824
837
828
685
630
530
479
766
703
805
826
1073
997
925
948
868
601
277
61
17
35
48
62
168
358
490
638
829
1016
1071
1213
1321
1341
1402
1416
1532
1781
1973
2049
1894
1825
1674
1514
1701
2169
2872
3399
3773
4459
4167
3768
3267
2895
2640
2353
2212
2152
2261
2485
2635
2709
2792
2845
2737
2578
2226
1944
1734
1426
1107
747
477
312
294
401
478
526
495
462
394
308
303
280
258
277
292
324
332
358
367
369
352
301
286
245
162
111
64
34
17
2
0
1
5
9
4
23
45
98
86
61
59
56
72
68
65
52
66
67
54
57
41
23
7
2
3
2
6
5
6
4
3
10
18
27
26
33
27
19
16
14
6
6
1
1
0
0
0
3
0
7
14
43
43
31
24
16
8
17
13
47
37
53
63
69
81
98
99
102
107
104
112
116
97
70
54
54
33
25
14
33
54
61
85
108
134
165
227
250
253
280
306
314
328
366
566
913
1742
2738
3669
4102
5230
5258
5111
4426
4199
4093
4324
4158
4369
4642
5351
5930
5737
6080
6777
6720
6659
5933
5270
4138
3238
3620
4674
5090
5161
5146
5263
5440
5169
5397
5694
5642
5275
5026
4715
4710
4947
5264
5485
5467
5258
4842
4323
3646
3047
2233
1423
995
1417
1355
1290
1235
1051
706
471
510
740
1079
1236
1302
1482
1830
2241
2809
3297
3506
3659
3896
4338
4824
5219
5519
5622
5639
5680
5492
5341
5228
4998
4682
4172
3500
2767
1904
1833
1864
2198
2506
2820
3044
3243
3310
3451
3508
3585
3393
3405
3310
3531
3479
3262
2950
2859
2806
2691
2725
2713
2706
2199
1269
948
1013
999
1726
2317
2186
2060
2053
1669
1229
1155
1095
893
637
631
757
774
736
897
921
994
1116
1069
1067
938
981
970
829
860
917
918
967
1010
1211
1443
1795
2089
2360
2413
2367
2050
1765
1524
1190
842
422
227
231
236
234
182
126
146
342
816
1225
1460
1490
1349
1166
990
693
375
219
333
376
339
271
156
462
350
233
194
151
151
97
102
136
134
111
102
91
62
41
31
32
43
27
36
36
38
30
39
55
160
253
244
183
95
40
85
132
134
120
82
51
29
28
21
1
4
2
0
2
16
11
6
0
0
3
3
0
0
0
0
1
17
42
10
6
19
26
32
50
63
123
167
201
287
323
410
378
348
207
211
231
180
119
76
55
31
28
11
3
6
5
7
12
20
16
16
7
17
7
11
11
9
12
103
11
8
1
1
0
0
1
6
38
126
307
534
378
231
158
120
62
12
20
42
63
115
193
276
345
438
495
617
747
878
865
647
349
280
409
572
650
640
564
380
264
239
221
181
97
8
66
124
120
99
53
18
0
1
11
16
5
2
3
7
7
6
5
6
3
3
5
4
4
6
12
12
15
5
2
0
11
19
30
27
2
7
7
12
17
31
53
61
52
52
41
34
25
42
50
46
44
33
33
34
18
1
0
0
0
0
0
4
7
8
11
27
38
48
58
64
54
54
46
39
32
30
19
18
16
20
19
13
18
38
67
71
55
33
12
202
725
1106
1177
1188
1066
763
521
414
430
412
309
239
197
200
207
152
99
120
153
170
121
100
117
104
56
42
68
129
270
509
768
1236
1628
1901
2087
2154
2216
1811
1238
876
749
754
741
635
626
633
588
390
230
202
170
122
122
150
196
269
366
558
785
1003
1302
1563
1719
1633
1353
1172
1054
894
870
734
505
412
469
524
510
425
361
529
537
904
1511
1961
2469
2765
2869
3038
3199
3349
3285
3284
3088
2905
2575
2344
1930
1452
1058
686
844
1230
1703
2015
2242
2451
2538
2559
2403
2261
2167
1964
1528
1188
847
379
926
1382
1561
1786
2026
2081
1965
1697
1289
738
306
207
217
236
224
246
259
313
397
444
482
581
662
724
773
885
952
1007
1045
1130
1110
1170
1136
1037
978
1044
1007
978
954
846
764
641
530
365
240
137
186
299
383
591
957
1509
1707
1768
1830
2015
2177
1983
1763
1645
1549
1559
1350
1076
807
901
980
879
989
1171
1104
910
829
833
730
653
710
884
653
511
1098
776
507
1281
1396
1223
1059
794
630
741
805
622
468
516
471
366
236
189
140
104
111
163
275
763
1549
2229
2625
2624
2527
2536
2240
1789
1446
1214
955
882
921
974
889
573
282
192
160
115
49
71
168
217
249
203
237
221
124
124
146
116
82
61
34
46
66
116
201
251
358
337
106
15
57
62
55
34
43
89
114
180
196
147
137
108
56
15
8
10
6
0
0
0
0
0
1
2
1
3
4
2
2
13
13
12
13
9
14
6
10
17
16
15
11
3
0
3
12
22
44
80
120
180
222
254
252
235
187
156
115
79
91
114
121
113
61
39
17
7
3
4
11
19
183
349
300
221
183
150
110
67
43
22
27
21
13
3
1
20
36
59
74
82
56
46
35
26
41
54
91
144
168
184
161
343
76
42
25
20
27
39
23
21
28
36
48
62
88
133
171
161
175
86
41
38
40
88
176
311
444
668
781
850
941
776
730
699
633
483
371
327
260
232
152
98
65
67
90
86
28
10
6
2
1
6
5
5
6
13
15
35
23
17
4
3
2
6
15
4
7
11
4
5
0
0
0
0
0
0
0
0
0
0
0
0
0
0
0
0
0
0
0
0
0
0
1
2
1
7
7
8
16
14
10
14
20
14
13
16
19
12
26
55
63
77
70
32
12
7
1
0
3
6
11
20
6
11
8
10
13
1
0
4
5
9
14
8
14
12
14
19
25
30
30
32
32
23
24
40
305
721
1209
1473
1386
981
721
674
530
459
466
525
498
427
461
463
434
445
522
534
470
341
252
159
103
89
476
916
1303
1480
1427
1246
1091
1002
937
941
881
716
493
468
479
487
517
520
456
430
349
273
184
142
98
55
27
17
47
58
50
23
13
25
19
28
42
43
78
96
101
76
31
3
2
8
10
11
5
7
5
9
20
21
14
19
16
67
127
177
254
264
190
156
117
120
88
84
47
31
10
29
19
4
8
10
23
33
26
37
40
54
67
48
39
43
52
43
28
8
8
2
4
1
0
0
0
0
0
0
2
11
3
3
22
124
17
6
5
14
29
37
42
53
45
31
15
23
13
18
6
7
8
12
17
20
22
9
4
3
1
7
3
7
5
6
9
44
45
23
3
12
20
20
43
60
66
47
27
22
16
16
7
4
2
0
1
11
1
1
2
1
0
0
10
34
46
46
54
41
38
26
18
28
12
12
15
9
5
7
9
8
4
10
26
23
17
16
10
32
35
45
66
72
66
61
36
17
5
7
7
3
7
8
0
0
1
2
0
0
0
2
4
2
4
9
20
8
2
3
2
0
2
8
14
8
3
1
2
12
20
17
15
19
30
38
35
36
76
259
639
1319
2132
2824
3232
3668
3697
3313
2852
2418
2203
1960
1704
1312
805
1412
1792
2676
3356
3243
3290
3271
3311
3239
2719
2544
2295
1662
1541
1067
792
830
808
607
482
418
454
571
546
586
530
448
239
90
84
41
34
19
15
16
31
60
104
142
122
107
118
113
84
77
52
39
43
22
23
12
14
29
12
3
6
17
15
13
14
6
1
1
10
18
10
5
8
8
4
1
0
0
3
304
181
229
298
358
358
297
254
201
79
35
15
10
4
9
5
0
2
2
2
2
0
0
0
0
1
2
3
38
56
36
43
31
34
30
22
19
8
6
10
12
17
18
12
12
12
8
13
15
22
21
35
39
33
27
31
30
24
16
13
11
9
9
5
0
4
20
47
64
96
90
77
39
24
13
9
1
0
0
0
0
6
36
129
232
326
307
298
281
227
148
88
62
59
89
111
154
162
191
205
182
208
194
260
323
399
422
391
353
281
254
264
239
244
217
153
103
46
29
17
13
27
37
39
35
32
18
14
8
5
22
126
272
315
269
206
209
235
260
329
368
436
551
623
641
619
601
571
558
526
442
393
335
282
227
243
247
295
283
242
199
153
141
155
104
57
29
8
5
3
4
9
1
5
22
21
16
112
195
229
167
89
53
42
57
137
200
234
219
196
127
39
27
25
9
4
0
0
0
0
0
2
0
0
0
0
0
6
8
6
10
10
21
27
25
18
9
12
7
4
1
10
16
12
12
9
12
6
5
8
5
5
0
4
2
3
5
4
3
1
0
2
0
1
0
0
0
0
1
1
0
0
0
0
0
0
0
0
0
0
0
0
0
0
0
0
0
0
0
0
0
0
0
0
0
0
6
1
0
1
8
13
19
23
24
18
20
17
8
2
0
0
0
0
0
0
2
0
0
0
1
3
6
9
8
11
17
30
50
39
23
12
11
5
2
0
2
3
8
6
0
0
2
6
16
6
11
7
3
1
0
5
8
3
8
2
1
0
0
0
0
0
1
3
0
0
0
1
1
4
3
0
6
7
0
3
2
1
0
0
0
0
0
0
0
0
0
0
0
0
0
0
0
0
0
0
0
0
0
0
0
0
0
0
0
0
5
10
0
0
0
2
8
2
0
0
5
3
1
1
0
0
0
0
0
0
0
0
0
0
3
8
7
8
8
4
2
38
147
263
417
482
465
377
345
311
223
205
201
219
304
306
268
281
329
269
173
55
26
35
52
81
95
100
100
82
52
18
0
4
13
25
28
17
4
5
11
14
12
10
9
2
3
1
6
4
3
2
4
4
2
3
5
10
8
2
2
2
5
2
0
0
2
17
15
18
7
19
26
22
40
45
48
48
35
30
20
7
2
1
1
0
4
5
2
0
1
0
2
6
0
0
1
0
0
0
0
0
2
5
5
4
0
0
2
0
1
0
0
1
0
0
0
0
1
0
1
0
3
7
1
7
0
2
3
12
5
9
36
59
55
39
60
90
76
78
110
162
163
129
84
47
32
20
22
25
26
23
17
13
16
25
2
0
0
2
5
0
0
1
1
0
0
1
0
4
3
6
7
6
12
25
29
42
42
54
85
97
61
42
66
102
182
223
203
168
132
148
323
539
508
400
191
63
24
43
53
32
43
107
98
79
38
88
73
68
63
98
133
120
117
193
336
609
1002
1408
1615
1794
1829
1728
1594
1358
1162
1400
1461
1236
641
424
492
384
464
409
288
309
321
212
127
168
338
406
327
332
403
316
169
119
70
77
115
195
219
398
392
267
153
134
65
28
37
29
26
40
16
4
7
12
4
16
10
12
16
50
57
61
45
35
56
91
137
126
39
24
16
22
32
30
22
26
44
64
51
42
54
36
41
12
1
4
17
7
6
11
13
21
14
3
3
5
9
3
4
16
2
0
0
6
12
0
1
5
23
27
49
144
41
3
28
216
146
106
120
108
43
35
14
15
40
120
203
144
68
11
27
30
10
8
21
28
17
6
2
4
5
4
2
4
3
2
1
2
0
0
19
52
116
174
91
22
8
46
371
405
150
256
329
477
310
103
47
12
0
8
12
9
34
88
89
101
328
887
1181
1353
1776
1932
1855
1588
1299
1221
1088
795
852
840
818
904
773
723
703
606
676
545
701
870
1020
806
934
899
698
951
1541
1422
912
292
260
371
588
1076
1499
1738
1604
1167
963
845
864
976
1163
1116
1194
1460
1667
1854
1934
1928
2062
2346
2603
2485
2019
2366
2583
2941
3347
3694
3782
3564
2914
2299
1835
1632
1285
1096
1305
1479
1425
1562
1748
1617
1181
1180
1235
1327
1441
1628
1399
1114
1285
1156
1398
1688
1614
1380
1347
1535
1463
1398
1462
1708
2026
2219
1899
1305
922
470
254
398
434
416
403
402
226
91
45
51
77
169
232
286
262
220
242
289
438
635
801
856
858
848
828
887
921
953
969
869
866
1152
1270
1276
1417
1338
1257
1144
1135
1234
1131
876
635
474
391
336
160
154
172
121
53
23
30
33
23
4
9
57
282
463
521
532
583
647
648
618
593
573
550
540
572
554
483
461
464
506
457
425
344
271
204
84
38
35
13
4
30
96
294
19
8
5
5
4
14
6
3
0
0
9
9
14
32
67
96
113
95
62
32
8
18
17
9
3
0
1
14
8
0
1
0
6
7
12
24
42
36
24
16
6
3
2
3
5
15
16
17
11
16
26
64
105
165
202
272
300
308
327
277
501
921
1580
2666
3589
4045
4093
3974
3593
2887
2342
1802
1327
1204
1514
1950
1922
1649
1507
1614
1679
1499
1255
1273
1457
1561
1716
1839
1788
1403
990
692
584
659
757
846
827
678
404
224
206
286
246
252
526
824
1059
1545
2052
2314
2335
2484
2471
2177
1725
1102
1291
2341
2914
3163
3157
2947
2564
2314
2568
3197
3500
3603
3233
2736
2140
1721
1483
1790
1872
1596
1309
1127
977
670
363
494
668
710
686
573
594
727
702
500
247
119
119
80
76
94
102
181
279
477
853
1589
2067
2152
3268
3659
3598
3090
2771
2740
2564
1833
1187
2007
2969
3584
3920
3988
3899
3695
3050
2197
1199
723
470
380
248
60
60
50
58
43
22
48
63
57
72
74
35
18
30
38
35
44
81
144
287
420
502
441
287
250
339
566
744
820
643
552
408
360
348
392
391
469
702
876
900
740
679
686
632
481
315
129
202
577
868
867
606
444
411
416
515
717
883
957
837
995
1013
926
861
690
296
241
243
203
71
223
313
448
745
915
940
908
728
561
521
591
528
478
385
264
205
213
291
422
544
620
629
566
420
195
167
381
581
600
411
129
50
58
49
102
192
306
649
1223
1956
2501
2866
2731
2217
2103
2270
2396
2480
2535
2470
2320
2341
2726
3082
3419
3428
3264
3042
2597
2299
2099
2026
1722
1814
1967
2013
1818
1361
1129
1816
2419
2903
3156
3454
3657
3540
3011
2608
2452
2230
1850
1420
985
894
1013
1042
1571
2507
2580
2160
1521
1015
770
655
624
603
666
693
789
830
901
1064
1231
1260
1154
819
380
217
129
70
64
88
109
109
154
240
369
555
685
709
741
655
538
282
286
534
864
1135
1078
621
327
258
318
449
536
530
481
468
399
334
252
203
190
191
124
56
10
9
12
33
42
69
91
117
99
66
26
0
1
0
5
5
5
7
5
0
2
41
220
534
868
1171
1448
1669
1789
1838
1689
1592
1763
2076
2323
2295
2152
1941
1638
1342
994
716
696
870
941
950
858
631
767
805
595
335
237
185
163
141
125
152
152
140
136
125
108
76
66
64
41
65
267
654
1114
1315
1237
1087
1226
1408
1723
2025
2477
2698
2650
2240
1787
1641
1788
1461
1226
1333
1361
1254
1254
1155
1121
1112
1127
1184
2046
1160
1024
905
867
772
696
585
406
192
127
79
60
47
67
90
76
58
47
52
55
81
144
440
1108
1579
1499
880
701
673
907
972
924
709
390
296
336
452
502
468
390
279
317
411
418
365
307
224
166
285
554
956
1235
1269
1150
902
717
558
474
642
776
840
884
931
910
1027
1151
1375
1501
1594
1615
1472
1183
1041
998
1004
953
712
732
755
657
656
1056
1511
1724
1515
965
211
169
135
82
178
157
66
3
9
87
305
568
743
875
1063
1190
1124
1110
1048
2168
1648
1824
1719
1166
511
533
234
495
656
944
1501
1928
1482
623
1394
1690
1179
597
938
851
1028
1334
1629
1745
1968
2174
2038
1715
1491
1223
993
784
585
408
230
277
396
553
724
893
1107
1323
1371
1301
1083
782
568
426
298
310
376
457
428
411
344
297
279
286
294
273
246
245
254
257
255
268
305
339
383
369
425
422
489
666
785
926
980
838
362
197
183
308
357
257
210
391
475
443
280
319
488
635
716
541
253
464
263
91
139
178
182
319
480
532
572
636
710
739
703
682
640
553
449
383
344
284
244
179
124
76
25
0
0
0
16
101
183
176
105
65
45
17
14
13
5
51
91
85
32
5
4
4
0
0
4
2
0
0
0
2
0
0
0
0
0
0
0
0
0
0
0
0
0
0
2
0
1
0
0
0
0
0
0
5
2
0
0
2
18
9
3
6
14
15
7
1
1
0
1
0
0
0
0
4
8
6
0
4
4
0
0
0
3
0
0
0
0
0
0
0
0
0
0
0
3
2
0
1
0
2
1
7
13
0
1
1
2
1
0
68
6
10
6
2
5
4
2
4
0
0
3
0
1
2
0
4
3
2
0
0
6
11
10
4
3
0
0
1
4
2
0
0
0
0
0
0
2
6
4
7
10
10
6
3
19
15
33
58
58
48
47
25
21
3
4
0
0
1
0
0
0
6
43
143
262
385
499
631
734
691
662
568
439
286
287
302
344
327
336
325
331
281
214
197
159
174
186
143
114
87
87
52
39
61
85
131
146
203
262
339
351
360
366
400
429
300
275
271
367
398
192
165
185
183
267
368
367
334
276
246
329
430
386
272
263
256
297
360
495
560
504
399
393
487
471
405
349
244
229
272
280
368
296
107
59
196
467
716
800
713
565
395
288
360
517
607
723
846
951
1125
1203
1319
1413
2230
1325
1270
1321
1405
1412
1472
1361
1214
1075
1083
1156
1210
1274
1299
1287
1282
1279
1300
1383
1543
1620
1611
1638
1880
2065
2007
1890
1503
1125
955
977
1018
928
971
1145
1262
1408
1444
1283
1235
996
819
849
895
973
1067
978
694
654
896
981
894
691
864
1121
1278
1221
1665
2135
2247
2131
2182
1657
1097
1129
1439
1748
1933
1889
1512
1124
565
639
1020
1185
1251
1396
1607
1759
1985
2148
2214
1990
1292
1509
1234
663
1192
1253
1452
2316
2417
2056
1785
1479
1286
1040
867
901
1045
1160
1316
1445
1480
1609
1737
1741
1667
1691
1880
1817
1515
1237
854
562
490
406
285
138
131
187
172
96
24
10
7
2
15
20
11
3
5
13
22
29
11
2
0
4
3
3
1
0
0
0
0
0
0
0
5
5
26
117
241
345
462
631
1130
1910
2463
2375
1892
1350
1508
1969
2146
1925
1529
1219
1058
866
810
690
660
662
690
794
895
948
929
805
576
285
152
99
146
239
486
689
795
759
889
849
438
269
256
182
155
112
59
68
77
51
39
28
9
6
7
3
12
3
5
4
5
7
11
14
40
60
62
59
35
9
0
6
12
3
1
12
4
14
37
60
92
118
155
144
113
57
34
30
17
2
1
5
11
9
8
2
2
1
0
0
1
0
0
0
0
0
0
0
0
0
0
0
0
0
0
0
0
0
189
766
1423
1941
2276
2697
2723
2211
1484
759
880
965
808
644
580
509
519
624
708
642
435
235
191
161
198
328
458
740
1287
1779
1632
981
356
291
164
155
109
80
37
46
32
13
3
12
20
56
331
711
970
870
303
202
516
317
179
204
316
235
90
40
20
15
9
3
5
15
17
11
1
1
0
1
1
1
2
0
3
3
4
2
3
5
37
241
448
589
664
669
624
634
822
937
780
476
237
171
176
168
132
124
150
260
335
354
369
387
373
269
203
154
79
3
0
0
0
5
50
74
31
9
12
12
8
12
20
25
25
18
9
0
0
2
1
2
26
78
153
216
252
254
223
220
162
129
145
142
156
148
159
125
126
114
99
87
80
59
51
60
46
42
34
28
19
9
2
0
0
0
0
0
0
0
0
0
0
0
0
0
0
0
0
0
0
0
0
0
0
0
0
0
0
0
0
0
0
0
0
0
0
0
0
0
0
0
0
0
0
0
0
0
0
1
0
15
95
193
183
136
90
48
30
31
19
15
10
6
2
0
0
0
0
0
0
0
0
0
0
0
3
14
0
2
4
6
2
2
3
2
1
3
2
2
3
0
1
0
5
13
42
131
427
915
1556
1943
2219
2391
2280
2165
2123
2157
2261
2395
2324
2032
1695
1724
1683
1715
1696
1597
1430
1318
1314
1315
1212
952
748
580
735
754
486
275
413
663
825
845
791
716
728
660
586
369
107
52
48
32
33
27
57
77
230
328
398
426
315
246
155
81
63
78
105
121
222
231
139
33
21
24
21
77
120
210
171
19
34
69
107
119
130
128
110
76
58
56
46
40
48
48
41
24
16
76
117
123
67
16
17
92
140
160
153
278
356
368
366
373
395
356
376
449
384
304
325
428
458
381
275
169
176
155
161
179
184
158
119
123
110
115
127
133
152
147
130
152
180
186
152
97
80
64
56
40
35
55
79
57
24
10
24
31
48
70
67
88
112
106
102
140
158
185
222
232
193
172
156
103
78
58
47
42
27
33
17
15
16
16
16
17
18
33
63
106
108
109
113
115
102
119
110
94
65
41
92
94
71
51
43
25
13
14
27
45
68
56
38
23
12
9
5
9
3
2
0
1
1
1
0
0
2
0
0
0
0
0
0
0
0
0
23
13
21
30
28
21
48
80
91
86
86
54
52
51
48
10
4
3
12
20
11
7
8
6
4
28
31
33
42
51
47
25
22
14
7
11
9
7
6
1
1
4
6
6
0
0
1
0
3
0
0
0
2
2
3
11
24
22
20
47
62
89
100
91
58
34
12
16
16
18
9
5
6
7
6
1
4
7
6
12
15
27
26
11
3
11
17
6
3
1
0
0
1
0
4
0
1
1
0
0
8
0
1
0
1
1
0
8
27
12
8
13
10
5
11
24
42
53
50
44
34
46
55
35
33
34
35
24
39
32
16
16
18
35
15
24
57
70
49
55
71
98
57
35
23
5
0
7
9
11
15
34
38
31
29
12
15
24
23
4
34
8
3
26
12
0
0
1
11
10
9
18
21
16
13
12
10
7
13
7
12
6
1
1
0
4
16
0
3
5
4
0
1
1
0
0
0
1
1
7
17
38
85
91
131
135
164
200
266
294
317
353
361
345
313
291
225
181
115
91
54
48
64
54
36
21
11
15
10
4
17
26
6
22
74
105
100
54
32
105
149
55
34
35
58
66
61
41
26
36
43
52
59
47
31
14
27
47
54
31
8
4
7
4
2
0
0
0
0
0
0
1
3
7
7
1
1
0
0
0
0
0
1
1
0
0
1
2
0
0
0
0
0
0
0
2
1
10
2
1
0
0
0
0
0
1
1
5
12
18
27
53
117
124
93
76
115
93
33
47
44
27
12
5
1
8
24
20
9
10
0
1
1
9
7
7
9
10
1
0
18
34
25
17
26
28
47
22
2
7
6
9
108
368
592
608
430
314
224
232
190
190
191
265
432
671
693
718
717
743
655
693
801
909
875
844
861
831
566
327
571
861
939
650
354
123
101
230
483
416
370
772
856
384
334
488
658
983
1128
988
466
947
701
317
512
465
680
967
918
681
408
80
194
674
1100
1270
1284
1193
1130
1018
971
944
1075
1833
2078
2150
2499
2732
2777
2737
2602
2451
2426
2604
2971
3447
3616
3496
3472
3228
2982
2682
2292
1767
1376
1185
897
612
387
400
709
1091
1402
1899
2574
3363
4023
4200
4344
4322
4213
4021
3696
3431
3224
2887
2617
2651
2607
2637
2790
2836
3229
3781
3715
3471
3033
2968
3127
2939
2659
2550
2649
2561
2628
2761
3011
3158
3025
3077
3318
3362
3528
3208
3056
2433
2360
3402
3902
4132
4031
4079
3617
3264
2532
1904
1761
2043
2426
2718
2956
3174
3302
3425
3600
3660
4018
3771
3139
2563
1771
1883
2155
2270
2409
2389
2535
2951
3095
2953
2650
2290
1897
1602
1220
793
652
720
1091
1524
1709
1773
1776
1610
1413
1288
1258
1146
1094
1080
1081
960
754
809
877
904
960
1107
1374
1640
1864
2065
2162
2212
2217
2239
2233
2309
2284
2114
1926
1791
1664
1596
1589
1517
1441
1333
1198
1046
893
719
522
369
267
171
186
310
410
451
401
426
802
1513
2741
3573
3647
3399
3296
3157
2814
2235
1614
1157
826
489
677
1225
1741
2288
2181
1784
1786
1933
2332
2705
2609
2000
1706
1484
1566
2042
2418
2584
2479
2252
1991
1819
1610
1233
1205
1513
2085
2012
1647
1222
1051
1147
1365
1432
1430
1394
1263
1031
894
792
702
685
772
905
1041
1236
1463
1731
1782
1680
1595
1296
907
1008
1039
759
781
957
1174
1515
1625
1478
1190
678
486
274
295
331
252
158
144
90
81
54
74
68
75
103
81
37
2
1
3
1
1
2
3
15
10
9
25
36
25
26
39
20
24
63
88
82
72
189
428
658
689
443
199
72
54
102
87
53
50
46
50
64
38
16
10
5
5
4
8
1
11
61
127
79
58
248
266
250
276
232
306
60
83
99
167
242
161
59
43
53
44
95
184
114
77
39
24
36
17
20
37
76
138
192
210
195
177
145
86
30
12
44
180
215
230
265
287
299
262
243
210
153
137
205
321
506
629
672
646
543
445
373
313
240
167
126
53
33
32
21
17
17
13
10
17
21
42
342
348
569
690
1034
1344
1592
1781
2021
2183
2099
1765
1440
1525
2215
2399
2164
2181
2222
2070
1708
925
970
618
430
584
240
309
470
469
390
309
263
352
391
542
570
596
509
391
389
265
231
381
451
417
329
197
43
89
99
45
11
1
25
32
38
46
17
5
13
13
17
7
0
0
2
0
3
4
6
3
1
4
3
9
7
4
5
0
14
6
7
79
204
527
761
921
861
709
605
396
328
258
170
541
831
1131
811
467
762
281
621
404
145
46
29
31
16
17
25
92
116
135
220
296
301
291
292
381
553
634
601
504
344
180
341
669
903
1002
528
496
399
194
140
130
93
44
33
44
54
45
37
24
11
1
0
2
0
0
0
7
23
40
38
21
30
74
116
218
386
674
642
481
326
155
427
868
899
299
515
458
359
87
146
358
451
477
465
533
923
1054
857
589
367
327
232
127
181
168
127
292
504
369
336
147
320
281
25
4
57
51
6
1
4
3
1
1
0
2
3
6
9
12
16
18
11
4
12
11
15
11
18
8
15
6
13
14
2
0
0
0
0
3
91
89
59
35
5
1
0
1
0
0
0
0
0
2
11
14
2
7
16
35
52
26
73
279
379
263
182
284
215
183
158
149
212
236
208
152
195
243
236
222
189
200
218
203
155
139
65
49
50
95
107
211
367
355
346
304
232
163
63
5
10
47
81
90
68
25
7
3
6
4
5
21
42
41
31
19
28
33
39
35
29
24
7
6
11
9
6
1
2
0
1
85
344
465
576
650
769
940
1155
1366
1493
1486
1481
1328
1161
1702
1998
2118
2250
2292
2338
2341
2282
1961
1950
2058
2069
1867
1666
1383
1569
1691
1645
1489
1341
1268
1200
1162
1225
1193
918
659
630
400
321
351
391
331
315
327
410
529
525
614
600
588
472
356
163
102
29
49
105
188
148
92
19
6
13
3
6
6
6
15
41
48
36
77
226
457
816
1145
1211
1315
1417
1631
1792
1634
1339
1085
741
484
581
675
593
359
552
845
1085
1082
989
750
452
374
504
650
782
768
682
1017
1103
1805
2253
2243
2270
2072
1489
995
736
560
605
643
643
578
541
542
498
464
384
316
252
250
207
202
336
570
748
586
1089
1948
2481
3092
3471
3345
2827
2059
1378
631
881
1534
2044
2458
2917
3269
3455
3736
3499
2728
2323
2250
2164
2177
2068
2026
1838
1740
1522
1331
1144
942
723
605
633
1245
2086
2198
1554
1134
2245
3939
4968
5700
6005
5788
5360
4637
3470
2170
1564
1363
1176
1075
987
948
917
827
696
654
704
916
1232
1577
1742
1823
1874
2059
2128
2020
1863
1588
1485
1756
2145
2415
2554
2454
2347
2158
1650
1014
2250
3067
3570
3725
3696
3404
2803
1763
1127
1725
2083
1959
1529
1015
638
342
351
314
313
422
507
461
420
416
461
545
588
702
942
1185
1497
1928
2408
2837
3231
3151
2205
1487
1669
1067
611
282
96
167
338
640
930
1426
1915
2309
2576
2793
2996
3422
3946
4093
3728
2429
1110
1966
2571
2294
1504
967
882
1172
1627
2174
2787
3553
4223
3692
2676
2808
2416
1915
1664
1776
1488
1058
798
771
727
612
598
556
483
367
298
263
184
125
117
110
216
416
703
696
642
1383
2136
2324
2287
2051
1781
1321
1046
869
781
723
705
680
702
731
724
800
788
902
999
1106
1130
870
510
306
222
175
104
73
34
2
0
1
0
1
0
0
3
7
4
9
27
44
58
52
91
109
97
90
89
76
88
67
66
64
82
77
62
49
38
49
68
81
84
85
81
91
86
98
116
131
164
214
297
366
392
464
552
532
436
390
326
253
225
225
240
217
182
205
276
362
327
214
144
160
103
185
276
339
317
194
168
144
119
86
38
30
27
29
24
11
25
49
70
83
82
74
48
27
20
22
41
48
88
291
424
539
575
430
251
84
311
497
596
681
707
475
269
123
117
90
56
65
66
61
34
9
23
38
26
14
6
4
3
7
21
23
31
38
16
15
19
22
19
12
14
7
13
3
10
12
13
9
8
23
41
40
12
9
9
16
14
2
4
5
11
1
1
3
1
1
1
3
1
3
4
1
2
3
3
0
0
0
0
0
0
0
0
0
0
0
0
0
0
0
0
4
47
493
1132
1559
1841
2110
2444
2605
2545
2211
1646
1193
1158
1185
1150
1033
801
492
405
515
509
445
402
483
652
690
629
532
397
270
211
202
174
113
57
40
36
36
39
37
48
69
133
170
214
206
208
260
342
426
488
571
660
890
1186
1422
1680
1693
1649
1679
1794
1741
1731
1595
1423
1331
1295
1200
982
709
414
296
287
494
119
82
46
58
99
145
133
114
96
90
80
55
33
6
0
1
0
8
19
21
30
39
33
52
119
270
637
1279
1908
2205
2168
2200
2242
2350
2337
2200
2226
2296
2648
2950
2946
2932
2601
2661
2752
2444
1980
1762
1383
868
872
1006
1147
1223
1355
1273
1175
1061
1103
1182
1191
1869
2097
2181
2181
2195
2079
2055
2090
2072
2010
1903
1761
1636
1515
1346
1218
1078
889
732
590
492
448
360
211
120
133
671
1274
2071
2519
2149
1644
1386
1120
760
509
603
606
605
706
1013
1143
828
686
818
585
271
723
930
695
627
734
573
268
407
565
441
256
283
333
228
104
251
219
156
249
236
113
204
229
150
140
164
239
304
382
392
420
313
94
33
5
9
11
22
45
59
63
51
35
32
44
37
22
14
12
13
6
23
31
43
21
74
256
553
930
1295
1643
1805
1655
1124
1465
2893
3878
4641
5185
5546
5546
5349
5304
5222
5265
5092
5097
4905
5010
5164
5138
5049
4757
4487
4139
3639
2994
2257
1758
1425
1313
1264
1580
1499
1315
1793
2076
2164
2145
2205
2450
2628
2860
2991
3097
3256
3553
3965
4420
4926
5426
5953
6375
6754
6769
6543
6082
5421
4844
4499
4184
3842
3638
3161
2701
2291
1944
1781
1526
1333
1269
1086
900
745
765
950
1094
1295
1449
1472
1672
1877
2075
2195
2374
2793
3095
3462
3909
4211
4233
3871
6770
4431
4409
3856
3373
2943
2424
2206
2070
1921
1530
864
451
411
274
163
506
703
893
1069
1212
1298
1406
1627
1876
2191
2480
2787
3006
3198
3354
3550
3609
4079
4718
4458
3802
3140
2636
2679
2903
2907
2736
2393
2102
1846
1790
1663
1757
1921
1852
1577
1370
1423
1389
1376
1523
1759
1630
982
582
1055
1213
1120
734
1090
1251
1234
918
737
704
561
453
457
458
461
496
499
486
451
391
257
154
76
64
112
84
67
84
141
161
145
87
38
29
28
32
18
20
30
42
104
199
225
241
279
237
158
110
60
75
80
148
286
384
448
498
489
451
447
410
423
417
419
399
364
278
218
154
104
70
53
41
24
26
27
19
31
100
172
268
420
543
629
704
791
855
861
881
823
785
705
613
332
204
152
146
194
236
266
291
314
308
301
273
298
256
195
195
169
131
100
81
77
53
36
40
47
62
72
101
104
98
86
32
32
72
211
593
1056
1426
1647
1995
2392
2654
2691
2599
2408
2153
1762
1163
496
856
879
816
719
855
1020
1074
1065
909
833
718
627
621
537
456
353
219
152
76
29
45
46
30
78
205
344
537
726
853
957
1140
1534
1823
1878
1884
1807
1778
2240
1712
1783
1841
1859
1819
1743
1669
1757
1885
2024
2167
2121
1740
1426
1381
1324
1007
782
917
1063
930
852
1011
875
854
931
1005
990
920
750
685
596
590
624
568
420
420
493
726
969
1058
1051
764
853
1247
1347
1142
1087
1134
1060
1077
909
855
688
824
722
509
560
687
916
975
924
914
913
798
728
828
919
886
881
1037
1051
974
930
927
888
829
906
883
963
1074
1164
1218
1232
1102
910
809
650
605
559
452
436
413
407
343
274
221
213
264
245
188
136
113
89
68
71
84
85
74
62
69
73
73
57
52
58
45
36
43
34
33
37
32
35
34
38
43
32
38
28
64
130
250
402
723
921
939
862
902
914
851
730
705
729
782
830
796
766
761
769
753
649
616
721
747
731
666
598
589
480
267
273
299
335
359
337
315
302
317
347
404
456
636
728
771
847
899
975
1127
1198
1068
908
779
747
792
795
346
133
187
214
243
335
337
315
268
284
379
518
652
699
738
734
747
786
802
819
841
863
860
693
609
540
514
484
490
600
803
828
814
794
630
504
163
90
314
462
550
407
116
476
503
380
229
400
728
744
693
546
350
313
156
167
460
438
329
296
212
179
356
407
421
379
498
525
491
586
552
399
401
242
124
169
194
202
240
259
249
96
32
37
100
170
148
54
6
12
38
83
98
75
57
37
7
0
2
0
0
0
0
0
0
0
5
45
163
369
380
276
353
659
862
1080
1221
1271
1132
896
468
130
317
577
809
865
916
788
541
601
412
435
303
338
403
284
127
36
5
6
1
40
64
44
40
100
175
134
228
384
496
622
781
939
1052
1048
1022
925
771
596
354
145
61
315
554
685
758
724
626
455
219
3
0
11
12
10
23
100
220
396
553
592
591
620
585
559
530
297
92
206
258
70
104
133
41
2
0
0
1
0
2
2
0
0
0
0
0
5
28
116
263
482
564
874
1290
1748
2249
2494
2915
3133
3396
3604
3483
3381
2926
2516
2061
1631
1213
915
704
632
643
555
717
875
927
995
836
795
1492
2189
2904
3506
3896
3869
3933
3623
3398
3217
2749
2438
2388
2318
2108
1797
1472
1278
1206
1312
1362
1342
1323
1226
1013
833
662
595
509
312
233
250
273
392
661
802
930
964
807
559
314
276
220
182
210
315
438
525
644
784
791
677
560
466
412
520
591
654
632
523
391
338
296
329
352
334
358
360
420
716
909
988
1000
1264
694
482
525
669
669
795
677
706
753
478
318
361
458
193
410
644
681
591
533
583
620
672
683
586
399
225
120
196
285
525
648
719
887
1034
1098
1055
879
694
668
615
588
651
433
250
131
67
42
39
94
277
552
617
544
382
306
226
142
73
31
27
36
33
9
0
0
0
0
0
0
0
0
0
0
0
0
0
0
0
0
0
0
0
0
0
0
0
0
0
0
0
0
0
0
0
0
0
0
1
13
24
57
67
85
112
123
134
158
206
150
131
103
79
46
8
2
3
9
14
22
10
16
16
7
2
4
9
34
84
158
206
226
254
268
231
208
177
131
109
84
61
52
39
20
2
0
4
0
0
0
0
1
0
0
1
2
0
0
6
19
32
56
49
46
50
34
32
27
10
4
4
1
2
2
0
1
1
0
1
0
1
0
0
0
0
0
0
0
0
0
0
0
0
0
0
2
2
0
0
0
0
0
0
0
0
1
11
0
2
20
4
4
1
1
4
6
4
4
6
4
12
26
15
28
26
23
27
25
23
24
20
15
21
24
41
46
64
65
49
53
30
23
23
9
6
11
12
26
10
17
14
7
10
24
20
22
19
23
25
16
28
18
21
13
29
35
40
24
25
22
22
11
8
7
10
21
20
36
42
57
63
75
78
95
123
161
291
551
762
882
936
995
992
1065
1037
1055
1050
963
648
489
575
745
792
738
688
666
483
410
515
589
649
709
903
1209
1225
1104
1172
1162
1226
1127
1247
1230
884
649
536
534
571
622
534
432
521
617
737
703
490
303
515
786
881
832
668
603
666
741
732
664
543
435
368
475
592
678
530
361
472
655
775
773
815
754
679
524
355
248
168
243
344
333
308
290
306
287
283
266
275
293
320
336
311
291
288
275
242
218
154
102
47
24
19
33
46
49
36
28
43
46
21
24
20
30
27
17
19
34
31
24
25
25
14
12
15
23
23
20
20
21
14
14
12
11
41
65
100
84
61
43
50
73
72
94
113
122
137
150
147
130
111
86
82
43
19
0
0
5
5
2
2
3
2
13
27
53
104
140
165
158
133
121
94
58
38
29
49
82
130
201
251
444
715
738
718
710
762
748
781
808
743
703
670
536
483
365
331
330
351
329
274
284
268
205
221
224
213
204
223
256
264
344
821
1662
3587
2877
2981
2917
2664
2655
2538
2375
2267
2103
1782
1349
1439
1347
987
703
687
788
844
701
635
651
634
922
1329
1406
1160
1056
968
1234
1414
1520
1576
1660
1839
1699
1399
1331
1202
1039
764
557
690
740
518
1111
1729
2257
2274
2182
2136
2024
1741
1474
1604
1868
2058
2259
2428
2628
2928
3308
3564
3280
2751
2133
2311
2182
2005
2091
2683
3039
2652
1955
1246
629
395
823
1036
1029
1044
1139
1168
1196
1184
1179
1171
1244
1217
1209
1366
1730
1938
1850
1691
2309
2535
2327
2637
2527
2376
2201
1965
1291
447
216
801
1374
1840
2084
2188
2143
2003
1840
1766
1646
1307
964
794
720
1035
1688
1946
2419
2375
2359
2186
2023
1807
1588
1291
1086
943
890
979
1165
1352
1470
1530
1544
1451
1441
1269
893
630
450
432
387
383
350
372
600
1082
1662
1959
1829
1551
1540
1605
1665
1745
1847
1993
2195
2021
1840
1817
1776
1608
1362
993
964
1078
1338
1489
1453
1277
1154
975
791
618
460
377
324
302
317
324
334
308
304
291
214
107
41
27
44
132
176
217
274
329
393
515
702
818
829
732
635
621
684
759
765
766
805
757
687
688
696
790
830
858
868
796
626
335
146
162
410
658
842
1000
1044
1048
922
858
937
1176
1597
1959
2111
1970
1812
1423
935
578
543
464
495
713
895
1028
1120
1112
955
886
808
787
649
461
405
385
451
740
881
809
533
226
95
73
118
94
59
44
28
21
32
32
43
55
219
357
398
405
418
442
439
289
200
205
216
225
260
287
317
249
162
196
298
369
322
254
59
46
79
154
91
46
31
32
42
29
10
11
44
51
106
127
57
20
14
6
6
22
19
8
1
9
12
7
10
5
3
3
6
6
3
0
1
36
61
52
73
88
87
91
91
87
79
75
55
38
26
21
19
33
32
37
53
37
32
18
14
6
10
21
26
32
30
18
24
15
17
21
31
19
10
3
4
11
19
12
12
10
14
14
10
10
6
0
0
0
0
0
0
0
0
0
0
0
0
0
0
0
0
0
0
0
0
0
0
0
0
0
0
0
0
0
5
12
20
20
48
53
65
70
84
114
91
55
27
14
5
2
1
1
0
3
17
32
37
41
22
14
5
4
2
4
6
5
4
2
1
7
7
15
38
48
45
53
56
37
30
22
24
14
27
36
60
68
73
68
64
46
56
64
42
27
12
6
2
4
1
0
1
0
0
1
0
3
5
4
5
8
8
15
17
24
29
30
25
108
49
50
62
81
67
79
101
119
110
98
109
97
115
93
111
130
124
100
97
70
69
64
65
53
73
63
56
56
44
55
65
61
66
70
55
56
63
73
59
43
37
27
46
47
73
75
73
55
54
32
35
51
76
247
495
728
923
1155
1097
1194
1507
1611
1820
1989
1956
1959
1746
1551
1228
1121
1026
839
632
474
369
317
312
305
299
347
438
674
664
502
679
626
484
444
437
419
366
243
212
280
259
173
130
206
190
152
222
210
171
112
84
47
24
7
4
0
0
0
0
0
0
36
136
234
297
376
434
460
472
452
377
216
101
100
107
141
166
207
233
257
317
383
413
445
427
549
420
147
77
63
25
5
5
12
15
17
27
37
32
16
9
4
9
12
27
45
22
16
16
12
18
31
35
34
23
25
12
7
0
0
0
0
0
0
1
2
3
9
5
0
3
2
2
5
9
14
3
19
36
25
17
9
9
11
12
5
13
26
21
43
148
639
1181
1426
1482
1303
1012
568
415
948
1187
1298
1406
1584
1405
1054
752
681
621
561
623
1108
1485
1723
1910
1756
1553
1378
1209
902
970
960
1113
1639
2123
2381
2290
2133
1820
1394
1243
1821
2110
2247
2395
2460
2547
2531
2316
1936
1478
1562
1140
951
945
871
692
581
606
641
643
528
482
506
677
897
1129
1333
1673
2477
2853
2907
2657
2192
1795
1468
1115
719
672
899
1183
1427
1639
1852
2011
2182
2361
2219
2077
1877
1791
1805
1531
1326
1227
1315
1342
1298
1330
1374
1398
1346
1289
1186
1077
940
858
846
759
681
539
435
315
521
1301
2084
2506
2546
2349
1958
1676
1725
1926
2006
2061
2103
2043
1986
1867
1764
1727
1701
1596
1442
1254
985
907
828
765
665
548
501
480
418
400
361
235
143
53
25
18
17
29
49
50
42
55
18
8
12
22
37
43
51
54
83
76
87
86
100
114
136
177
211
260
309
323
292
259
243
215
182
164
155
128
149
172
189
164
123
59
5
0
0
0
6
12
34
61
82
97
97
83
58
46
43
61
69
87
100
92
103
126
120
111
140
179
172
174
184
197
238
324
288
221
118
119
170
225
228
180
110
83
58
26
14
33
50
64
108
107
99
126
162
159
182
173
164
176
168
173
168
190
173
211
220
260
234
192
167
173
114
34
27
102
164
183
166
121
68
65
69
109
167
242
294
310
312
306
276
303
361
425
459
392
376
286
267
270
235
266
240
247
215
202
499
178
166
195
220
213
214
211
179
123
74
37
17
8
3
0
0
0
0
0
0
0
0
0
7
11
13
17
20
13
2
2
7
23
16
9
5
4
3
8
7
6
5
4
0
1
1
0
2
0
0
4
5
6
12
23
20
17
29
23
24
36
35
37
24
10
7
6
7
8
9
12
6
2
0
2
0
1
11
7
8
10
4
7
3
7
0
4
4
1
0
1
1
1
0
0
1
1
0
0
0
0
2
5
8
14
22
15
17
9
5
16
19
17
6
2
5
29
55
66
57
45
53
59
50
69
80
63
66
60
42
27
19
17
14
15
8
4
2
5
6
1
1
1
5
20
26
32
35
51
33
22
13
10
9
4
0
3
1
4
5
16
34
72
81
63
46
46
46
52
50
42
49
48
49
52
41
24
16
10
4
1
0
0
6
7
2
5
3
2
3
1
4
5
4
9
10
3
1
1
0
1
1
1
0
1
0
2
2
3
0
0
6
2
7
13
10
6
0
0
0
0
0
0
0
43
205
360
346
292
240
245
316
481
555
540
509
382
128
198
265
317
334
335
345
345
350
322
292
254
212
177
157
145
135
149
153
144
125
88
72
47
42
42
38
38
41
60
66
66
52
33
32
19
24
15
11
6
9
9
10
14
22
27
31
32
42
32
40
44
21
11
8
12
20
25
22
18
19
18
16
20
28
38
41
34
20
18
21
40
39
21
17
14
13
18
24
38
127
258
414
431
449
445
416
400
448
515
568
568
587
600
631
657
635
612
544
476
413
321
245
170
90
46
45
52
71
77
143
177
171
147
116
81
48
19
4
0
0
0
0
0
7
17
25
27
37
33
27
18
8
16
33
28
45
53
58
76
108
118
131
125
197
262
373
446
528
571
535
542
479
454
391
337
307
280
243
193
165
130
91
87
71
60
45
42
22
35
67
108
98
66
46
42
49
56
49
34
28
20
15
25
23
25
55
67
76
57
55
55
51
53
41
33
42
30
33
33
19
13
12
7
7
9
2
8
7
1
4
10
19
18
10
9
7
3
1
4
4
5
5
2
6
8
11
20
15
13
24
31
19
19
22
14
11
12
6
6
1
0
0
0
0
0
0
0
0
0
0
0
0
1
8
3
3
4
1
0
0
0
2
10
18
25
280
672
1157
1485
1581
1344
918
428
239
135
85
48
41
51
57
63
38
44
41
14
9
22
44
22
9
7
8
2
1
5
1
0
5
1
5
1
0
3
3
10
1
0
0
1
12
57
18
42
75
79
90
135
215
309
358
372
323
302
281
565
854
1152
1136
1049
890
884
631
606
416
252
165
155
204
266
261
209
192
161
110
52
18
19
13
11
0
7
18
28
24
0
0
40
47
9
4
11
21
60
93
76
47
60
82
84
57
46
44
61
47
32
20
12
11
28
61
103
135
139
103
54
58
89
103
89
65
47
54
58
81
133
186
232
201
135
39
6
0
1
6
15
12
12
0
0
1
0
3
7
9
14
18
13
7
3
2
3
2
11
10
9
12
19
9
16
9
12
6
10
16
16
6
12
14
25
13
17
28
23
11
10
8
6
7
4
14
1
1
1
1
0
0
1
3
9
16
19
14
12
23
9
21
22
15
15
17
11
16
2
6
0
0
0
0
0
0
0
0
0
0
0
0
0
0
0
0
0
0
1
1
3
4
10
19
17
21
23
10
26
19
24
25
18
12
1
1
4
25
27
50
101
156
188
232
249
258
256
243
232
189
153
107
77
67
61
60
45
24
21
36
66
82
62
28
21
19
32
29
25
34
50
38
40
42
39
47
54
49
37
33
20
20
22
29
39
43
43
39
44
32
24
18
12
25
12
5
8
16
21
29
49
53
43
54
60
46
33
19
14
17
9
5
4
12
8
20
15
9
2
1
0
0
0
0
2
15
2
7
9
16
5
0
0
0
0
0
1
0
2
8
10
12
6
5
1
2
0
0
0
0
0
1
0
1
2
3
2
3
0
0
1
10
16
20
10
3
0
0
0
0
0
0
0
0
0
1
0
0
0
1
6
15
19
18
12
9
7
2
2
3
12
37
63
60
39
41
42
45
40
63
61
64
74
478
35
49
55
50
29
5
0
27
17
25
18
17
20
30
45
40
39
25
10
6
5
3
0
10
1
8
15
25
23
29
11
12
5
6
5
18
9
22
27
21
16
11
9
4
0
0
1
0
2
0
0
1
0
1
0
0
0
0
0
0
0
0
0
7
23
33
55
103
223
300
329
297
233
132
41
69
124
100
44
9
13
12
22
80
37
30
27
27
23
37
64
79
106
150
202
258
317
374
420
492
520
567
631
712
759
842
894
950
998
1077
1163
1115
1151
1174
1041
1029
954
907
860
823
802
766
785
889
774
772
898
1007
1027
939
681
385
202
127
60
47
59
203
448
551
776
1065
1220
1307
1281
1164
1056
1112
1213
1240
1176
1126
1119
1137
1132
1079
1061
986
916
842
759
633
545
451
348
249
158
116
105
92
88
66
61
67
105
130
156
162
150
180
197
211
191
225
184
164
123
56
26
14
9
6
5
2
1
0
0
0
0
0
0
2
2
0
0
2
0
0
0
0
0
0
0
0
0
9
9
9
0
0
0
0
0
0
0
1
0
1
0
0
5
5
5
9
18
20
34
42
42
54
58
42
32
20
14
7
3
1
0
0
0
0
0
0
1
0
0
0
0
0
0
0
0
0
0
0
0
0
0
0
0
0
0
2
7
2
0
0
1
0
0
0
0
0
0
0
0
0
1
1
8
20
38
48
54
58
59
54
55
86
102
107
96
37
4
9
22
19
10
1
2
6
5
0
1
1
1
3
1
4
10
19
19
40
43
43
33
36
38
129
173
161
136
100
71
32
20
25
45
67
58
48
45
56
77
110
81
28
0
8
11
1
0
0
0
0
0
0
0
0
0
0
0
0
0
0
0
0
2
0
1
8
97
408
761
1199
1495
1611
1549
1187
1153
1323
1669
2089
2480
2776
2771
2681
2496
2307
1787
1439
1499
1404
1213
934
785
619
404
249
312
375
322
286
233
177
138
105
56
19
4
41
63
53
35
37
4
6
0
0
0
0
0
0
0
0
4
2
0
2
2
1
0
0
0
0
0
0
0
0
0
0
0
0
0
0
0
0
0
0
0
0
0
0
0
0
1
0
0
1
0
0
0
31
98
65
17
1
6
25
66
86
54
59
78
120
249
298
247
251
341
426
416
467
426
238
171
172
167
115
39
21
5
8
143
200
153
44
87
133
170
201
167
78
39
60
95
97
103
154
157
135
83
106
89
61
14
42
63
82
97
78
96
111
139
209
315
420
483
478
448
427
393
379
333
295
301
379
474
355
93
48
32
30
36
68
86
87
83
85
104
139
147
164
280
688
1369
2044
2586
2952
2811
2733
2767
2770
2643
2306
1808
1431
1080
884
920
807
826
1039
1130
917
711
562
494
523
410
236
163
376
297
260
196
320
174
50
67
101
88
50
78
124
223
471
846
1175
1391
1699
1890
1244
1107
1110
1194
1106
1009
830
541
462
529
558
650
740
747
810
909
927
871
816
716
589
457
391
417
541
653
782
885
866
807
559
867
990
645
813
903
858
764
629
535
437
369
354
344
309
312
443
692
1021
1285
1481
1652
1637
1643
1550
1402
1147
1097
945
815
737
670
596
484
367
367
367
330
262
217
178
157
132
143
175
178
177
203
264
352
402
455
424
424
400
415
418
475
593
700
742
717
691
766
929
663
272
224
298
553
1041
1317
1135
931
802
699
604
517
422
478
550
628
572
477
474
611
784
858
785
747
768
724
761
760
664
581
445
267
225
198
177
119
78
50
47
42
61
89
75
82
39
34
38
26
35
34
32
32
73
210
351
433
507
508
419
311
193
96
34
88
209
372
434
356
417
442
434
366
414
596
695
619
479
420
387
341
299
247
164
179
223
289
350
407
437
490
494
317
203
161
243
355
617
1010
1397
1937
2472
2822
2966
2583
2300
2086
1987
2082
1942
1224
1053
969
743
620
546
373
360
426
489
361
200
239
307
283
180
74
34
19
15
11
16
1
2
2
10
0
0
3
3
0
1
0
0
0
0
0
0
0
0
0
0
0
0
0
0
0
1
0
0
0
0
0
0
0
0
0
0
0
0
0
1
7
14
8
3
1
6
3
2
4
0
0
0
6
20
22
24
48
45
37
40
23
49
90
74
103
108
182
230
278
210
246
346
372
420
432
463
582
804
986
1036
1033
986
949
829
760
678
582
462
307
222
214
215
208
224
226
175
96
63
87
80
34
15
11
13
11
8
10
7
6
5
9
7
6
8
13
17
2
17
90
257
519
526
520
507
483
450
420
308
244
212
192
184
173
170
141
128
116
105
92
84
91
101
76
64
55
52
29
18
8
8
12
9
16
23
24
32
28
18
10
4
9
2
0
0
0
0
0
0
0
0
0
0
0
0
0
0
0
28
487
1175
1757
2275
2475
2563
2812
2968
2894
2497
1859
1448
1255
1009
876
893
954
1058
899
646
416
557
760
825
912
988
1093
1330
1564
1486
1162
1017
960
1231
1606
1705
1461
1245
1283
1523
1497
1038
1106
1051
583
424
295
266
276
335
420
406
427
394
404
378
429
433
435
437
382
346
308
171
79
78
130
211
183
70
116
152
116
127
175
317
195
267
221
115
54
98
203
188
102
86
79
96
120
171
176
175
122
100
95
49
46
41
50
50
49
55
67
105
157
171
200
180
154
154
129
127
104
72
56
44
55
73
30
21
27
43
37
30
23
26
35
41
39
27
26
13
5
2
0
0
0
0
0
0
0
0
0
0
0
0
0
0
0
0
0
0
0
0
0
0
0
4
4
0
1
2
0
0
0
0
0
0
0
0
0
0
0
1
0
1
0
0
0
0
0
0
0
0
0
0
0
0
0
0
0
0
5
4
0
0
2
0
0
1
0
0
0
0
0
0
0
0
0
0
0
0
0
0
0
0
0
0
0
0
2
5
2
0
1
4
0
0
0
0
0
0
0
0
0
0
0
0
0
0
0
0
0
0
0
0
0
0
0
0
0
0
3
6
0
0
0
1
1
0
0
0
0
0
0
0
0
0
0
0
0
0
0
0
0
0
0
0
5
4
0
0
1
2
1
0
0
0
0
0
0
0
0
0
0
0
0
0
0
0
0
0
0
0
0
0
0
35
168
372
597
890
1139
1366
1770
2444
2639
2859
3129
3271
3205
2784
2178
1630
1389
1840
2473
2481
1807
1580
1431
1325
1158
1020
707
471
452
721
1010
1185
1317
1287
1215
1113
687
491
589
653
702
803
803
604
491
367
308
286
307
325
302
310
263
200
171
161
141
291
490
693
888
1014
1292
1493
1398
1149
873
539
366
493
688
841
1040
1174
1188
1221
1338
1427
1362
1200
796
614
421
140
295
438
474
331
178
175
293
992
1674
1805
1419
1313
1333
1165
938
681
402
323
482
665
714
786
791
773
720
699
703
740
772
788
675
551
419
306
188
169
124
125
193
259
297
350
365
395
392
414
345
199
101
57
28
4
1
23
38
37
35
28
24
0
0
0
4
8
10
11
2
1
0
0
0
0
0
0
0
3
7
2
0
0
0
0
0
0
0
0
0
5
7
0
1
4
2
0
0
0
0
0
0
0
0
0
0
0
0
0
0
0
0
0
0
0
0
0
6
8
0
1
4
6
18
48
70
79
71
52
56
47
28
8
4
3
8
18
20
22
22
9
5
27
42
37
24
9
0
0
1
5
11
29
27
18
10
12
20
9
5
10
7
0
2
0
1
2
8
50
76
72
83
102
99
98
134
150
134
109
98
132
118
107
86
79
80
197
129
116
61
32
29
28
11
19
6
0
3
14
24
19
12
2
1
3
1
0
0
0
1
1
0
0
0
0
0
0
1
1
5
6
9
5
8
8
14
17
25
16
38
38
16
9
5
4
1
0
0
1
1
0
0
0
3
3
2
3
3
16
25
27
24
27
37
53
34
29
20
23
17
12
15
14
11
4
12
26
67
74
60
54
31
24
20
12
4
5
8
9
9
5
0
2
6
31
45
22
15
13
12
21
12
1
2
3
1
1
12
6
5
5
5
16
51
73
61
40
27
20
11
3
2
0
0
0
1
1
1
1
1
3
7
11
3
8
13
11
13
17
71
140
221
249
255
236
204
199
126
52
27
12
16
24
26
29
24
11
32
31
40
48
53
72
87
108
109
103
73
58
48
37
26
12
9
6
2
4
0
0
0
0
0
0
0
0
0
0
0
0
0
0
0
0
0
0
3
5
0
5
6
7
13
12
18
24
35
36
63
53
30
35
44
29
42
34
24
15
29
20
11
4
5
2
1
2
0
0
0
0
0
0
0
1
0
0
0
0
0
0
0
0
0
0
0
0
0
1
7
1
8
3
3
2
64
294
529
561
544
648
696
813
940
1278
1575
1621
1430
1249
1176
1002
771
504
355
305
562
853
1065
1459
1659
1855
1925
1986
1972
2072
1891
1744
2316
2722
2977
3195
3307
3173
2760
2258
1775
1337
1142
1139
1117
1123
1117
1125
1123
1011
969
922
875
835
802
727
529
628
644
627
689
692
619
436
452
581
610
390
251
283
323
502
628
1138
1838
2202
2306
2083
1497
890
1305
1816
1865
2152
1951
1436
1577
1993
2180
1841
1704
1553
1349
926
1064
1359
1615
1641
1801
1949
2077
1788
1274
857
1271
1348
1288
1253
1060
777
450
242
233
237
337
424
544
597
554
597
860
1076
1196
1306
1384
1363
1348
1289
1145
1077
1001
865
827
796
726
581
556
507
407
325
312
301
225
145
108
44
7
3
8
6
0
1
0
0
0
1
0
4
3
3
47
159
268
254
211
242
1079
1772
1705
2426
2393
1696
1425
1333
676
1047
1228
1254
1262
1107
983
912
733
557
403
173
60
127
115
44
29
47
52
31
10
46
161
287
430
645
812
765
266
62
43
105
120
101
27
18
49
43
37
46
62
63
30
56
82
56
64
72
70
135
253
293
364
323
331
263
186
156
221
198
178
202
177
152
90
58
16
18
33
112
65
78
93
88
101
94
109
135
145
160
163
163
123
66
35
6
4
1
2
3
3
1
1
3
4
9
9
2
1
0
0
0
0
0
0
0
0
0
0
0
0
0
0
0
1
7
5
0
2
0
0
0
0
0
0
2
0
0
0
0
9
29
71
85
48
14
0
0
0
1
0
0
0
0
0
0
0
0
0
5
1
81
240
248
120
0
16
25
6
12
0
105
258
286
297
122
16
48
33
2
4
20
68
155
155
201
281
354
375
305
200
107
94
119
102
107
135
142
117
137
167
266
284
117
33
85
201
282
337
365
403
370
233
81
31
18
31
55
114
141
208
319
314
238
106
38
39
27
15
5
12
32
57
77
89
141
198
173
159
123
125
138
137
101
59
20
4
0
0
0
7
12
4
2
1
1
0
2
0
2
2
5
3
9
8
6
6
3
6
1
3
3
3
9
40
69
98
197
282
357
477
607
579
534
483
451
468
369
242
227
241
325
443
538
584
564
493
465
487
515
586
483
368
489
539
437
458
525
538
515
514
441
402
344
260
146
69
102
109
92
75
62
64
51
55
41
27
29
37
12
17
26
33
52
61
68
84
122
110
154
185
238
230
234
224
196
184
136
95
55
55
85
147
231
203
109
54
33
19
22
24
18
3
4
8
2
11
102
713
1248
1472
1344
1331
1650
2207
2081
2039
2071
1633
1031
560
714
1338
1485
1270
993
1201
1291
1160
922
674
432
541
863
1068
1098
982
810
644
523
481
528
564
522
532
662
876
1023
1011
1036
897
792
729
839
1144
1570
2061
2477
2601
2193
1808
1505
1336
1553
1711
1820
1766
1594
1368
1332
1157
725
525
420
450
516
543
592
735
784
791
721
546
299
71
70
88
130
161
175
169
165
130
34
3
18
109
169
195
200
180
125
55
14
69
110
174
350
896
1347
1289
1450
1957
2576
2913
2565
2287
1916
1462
857
476
1260
1898
2465
3005
3227
3225
3098
2431
1611
960
781
558
377
351
238
390
523
483
364
233
113
46
71
107
79
58
25
13
3
2
2
0
0
0
0
0
0
0
3
5
33
73
57
35
28
23
7
8
4
0
0
0
1
0
0
0
0
0
4
3
16
15
21
45
99
143
158
158
134
100
98
75
62
43
12
3
1
4
2
8
9
9
11
9
13
16
20
19
1
0
1
2
2
2
4
12
8
2
33
2
9
13
63
238
596
743
755
749
822
822
862
840
735
671
615
488
363
219
96
67
143
111
72
220
257
254
226
369
569
680
837
929
936
999
1000
923
834
643
463
330
260
195
161
66
25
28
27
30
78
77
104
124
109
127
130
213
366
438
430
395
275
233
174
108
71
40
81
69
53
33
31
6
10
5
0
0
0
1
0
4
19
56
84
103
159
178
180
199
160
147
137
138
121
106
99
97
86
81
75
77
95
107
97
62
65
60
47
27
15
14
13
8
5
3
2
2
3
20
41
43
58
57
36
25
13
0
1
0
0
2
17
26
34
70
93
142
141
126
109
94
65
59
57
49
35
17
4
2
1
1
1
5
4
1
0
0
0
0
1
5
11
15
18
17
13
17
17
20
42
45
89
169
278
339
389
365
332
275
196
108
54
16
20
5
2
0
0
1
0
1
0
0
0
3
6
6
0
0
0
0
0
0
0
12
4
1
6
5
0
5
5
12
7
8
5
5
3
3
3
0
5
0
0
0
0
0
0
0
0
0
0
0
0
1
1
0
7
5
1
2
8
15
12
17
25
26
36
27
32
25
22
9
4
6
1
0
0
0
0
0
0
0
0
0
0
0
0
0
0
0
0
0
0
0
1
2
14
15
11
28
13
11
3
2
1
0
0
2
1
7
1
2
0
0
0
0
0
0
0
0
1
17
21
25
24
20
27
9
11
8
8
20
25
28
35
46
56
54
36
5
0
21
46
53
46
28
12
3
15
16
15
22
24
28
49
61
47
33
1
0
8
55
78
102
106
125
83
14
16
33
37
17
19
5
5
16
27
55
55
13
8
12
14
30
21
4
5
44
128
205
243
261
227
208
201
166
152
153
112
102
95
87
79
65
90
89
100
90
73
46
22
20
0
0
3
2
1
0
5
6
15
9
2
10
3
7
13
21
23
8
3
1
2
13
16
13
19
6
3
4
1
1
1
9
10
8
3
2
1
9
14
21
24
21
16
3
1
8
20
30
11
5
2
2
9
8
6
2
1
6
30
17
3
8
2
1
8
26
46
81
121
142
138
152
137
130
99
90
37
25
3
0
0
1
1
7
7
1
2
3
4
5
8
7
4
0
0
1
0
0
0
0
0
0
0
0
0
0
2
0
0
0
0
0
0
0
0
5
7
0
1
5
11
4
4
20
18
29
36
37
48
58
51
47
53
51
50
60
50
22
16
12
8
3
0
0
0
0
0
0
0
0
0
0
0
0
0
0
0
0
0
0
0
0
0
0
0
0
0
0
0
0
0
0
0
0
0
0
38
31
2
7
1
0
1
1
0
0
0
0
0
0
0
0
0
0
0
0
0
0
0
0
0
0
0
0
0
0
0
0
0
0
0
0
7
3
0
0
0
1
0
0
0
0
1
0
0
0
0
0
0
0
0
0
0
0
0
0
0
0
0
0
0
0
0
0
0
0
0
0
0
0
0
0
0
0
0
0
0
0
0
0
0
0
0
0
0
0
0
0
0
0
8
5
0
0
3
2
0
0
0
0
0
1
7
1
0
0
0
0
0
2
1
1
0
0
0
0
0
0
0
0
0
0
0
0
0
0
0
0
0
3
3
0
0
2
1
0
0
0
0
1
1
2
3
11
9
13
9
2
2
12
25
28
25
50
96
170
202
150
126
130
97
182
212
286
401
571
774
1029
1110
1093
1119
1166
1165
1245
1297
1467
1617
1721
1726
1628
1563
1699
1937
2290
2470
2627
2877
3224
3498
3758
4235
4751
5063
5040
5028
5075
5068
5046
4993
4579
4153
3869
3486
3310
3379
3724
3867
3509
2661
2468
2454
2200
1966
1902
2278
2538
2217
2160
2645
3032
3218
3430
3473
3686
3876
4265
4668
5224
5709
6182
6323
6529
6573
6448
6127
5631
5038
4492
4178
4040
3929
3665
3306
2917
2491
2405
2491
2461
2425
2441
2432
2271
2257
2116
1904
1705
1400
1330
1473
1754
2009
1903
1623
1701
1655
1526
1524
1583
1633
1601
1494
1502
1578
1577
1524
1356
1146
880
637
413
399
450
590
880
1073
1127
1089
1346
1698
1792
1617
1537
1641
2059
2377
2602
2733
2829
2910
3088
3295
3316
3413
3627
3742
3736
3755
3845
4058
4207
4279
4261
4132
3662
3315
3111
2964
2837
2787
2780
2849
2840
2794
2586
2178
1482
1052
881
1038
1176
1157
1049
1087
978
762
1050
1389
1512
1111
615
770
1522
2087
2148
1841
1335
1701
2334
2323
1757
1235
1347
1598
1800
1938
2009
1977
1947
1918
1989
2030
1991
1887
1602
1464
1196
906
618
400
328
692
1065
1276
1432
1486
1624
1888
2117
2307
2488
2780
3156
3224
2931
2304
1514
1570
1480
1348
1100
1026
656
839
601
486
1230
1549
1418
1060
728
406
304
274
225
196
161
135
382
432
360
426
491
538
535
535
555
547
550
602
625
588
622
673
725
789
822
1782
1172
1289
1336
1492
1657
1796
1723
1734
1692
1448
1056
992
922
558
363
299
173
151
356
580
749
986
1243
1438
1608
1766
1870
1978
2094
2076
2018
1837
1535
1399
1385
1119
762
560
431
299
203
214
209
196
189
180
293
601
803
852
867
1006
771
1244
1531
917
275
896
719
339
96
76
133
186
230
162
83
54
52
54
31
9
5
18
33
67
72
61
47
77
229
385
524
407
295
388
403
360
366
364
349
400
387
389
245
109
63
10
2
2
2
3
7
2
10
8
0
1
1
14
5
4
3
0
0
0
0
2
15
0
1
0
3
2
9
11
15
7
1
0
0
0
0
0
0
0
0
0
0
0
0
0
0
0
0
1
1
0
1
0
0
0
0
0
6
7
0
0
2
2
2
0
0
0
0
0
0
0
0
0
0
0
0
0
0
0
0
0
0
0
0
0
0
0
0
0
0
0
0
2
0
0
0
16
0
0
4
2
0
0
0
0
0
0
0
0
0
0
0
0
0
0
0
2
0
3
20
37
32
18
1
0
0
0
0
0
0
0
0
10
12
28
99
189
245
233
265
277
248
194
117
109
89
106
99
89
91
72
39
44
64
64
93
124
109
127
189
273
387
541
714
1227
1282
781
438
450
458
475
445
492
450
244
120
80
20
31
27
19
20
19
13
13
8
6
0
1
0
0
0
0
0
0
0
0
0
0
0
0
0
0
0
0
0
1
0
0
0
0
0
1
0
0
0
0
0
0
0
0
0
0
1
6
1
0
1
3
1
0
0
0
0
0
0
0
0
0
0
1
0
2
0
0
1
1
3
1
2
0
0
0
0
0
0
0
0
0
0
0
0
0
0
0
0
7
2
0
2
1
0
0
0
0
0
0
0
0
0
0
0
0
0
0
0
0
0
0
0
0
0
0
0
1
0
0
0
1
0
2
0
0
0
0
0
0
5
0
0
1
3
0
0
0
0
0
0
0
0
0
0
0
0
0
1
0
0
0
0
0
0
0
0
0
0
0
0
0
0
0
0
0
0
0
0
0
0
0
0
0
0
0
0
0
0
0
0
0
0
0
0
0
1
0
5
9
4
9
7
9
3
1
5
0
0
1
0
0
0
6
0
0
0
3
1
1
0
0
0
0
0
0
0
0
0
0
0
0
0
0
0
0
0
0
0
0
0
0
0
0
0
0
0
0
0
0
0
0
0
0
0
0
0
0
0
0
0
0
0
0
0
2
2
12
15
25
31
26
27
13
8
2
0
4
0
0
0
0
0
0
0
0
0
0
0
0
0
0
0
0
2
2
0
0
0
0
0
0
0
0
0
0
0
0
0
0
0
0
0
0
1
14
9
1
0
0
0
0
0
0
0
0
0
0
0
0
0
0
0
0
0
0
0
0
0
0
1
3
0
1
30
88
169
231
245
286
326
422
470
497
570
608
596
592
675
689
666
635
667
628
419
355
486
282
114
77
33
13
31
43
68
124
151
178
182
209
194
148
72
43
79
82
79
76
58
46
21
4
1
0
0
0
0
0
0
4
3
2
8
21
65
94
106
98
103
108
127
156
177
188
151
136
91
44
25
8
4
1
0
0
0
0
1
0
1
0
3
0
0
1
1
0
0
0
1
9
21
52
111
163
186
199
188
236
250
217
150
63
18
12
35
49
83
62
56
57
93
128
145
197
216
277
309
340
384
385
418
460
448
424
388
332
256
226
195
156
130
126
76
45
24
4
0
0
0
0
0
0
0
0
0
1
0
0
0
5
7
2
3
3
3
14
28
63
125
120
108
68
29
4
0
23
57
83
56
25
2
1
0
6
23
44
40
30
22
6
1
1
1
0
6
26
21
27
7
5
29
76
136
176
191
191
133
49
3
32
95
110
49
22
2
2
13
54
106
118
95
64
54
74
114
120
78
31
19
31
49
64
36
11
6
1
14
43
60
43
22
15
4
3
0
0
0
0
0
0
0
0
0
0
0
0
0
1
0
0
0
1
1
4
6
3
2
2
0
0
3
7
4
2
3
3
1
2
1
9
9
2
10
7
10
11
6
9
11
10
21
20
29
25
37
35
39
36
47
50
56
62
69
58
54
34
21
10
1
4
5
0
0
0
0
0
0
0
0
9
13
42
93
160
238
284
305
357
384
387
446
543
485
468
505
476
377
289
179
88
59
106
182
271
326
305
265
183
123
54
12
10
0
0
0
0
0
0
5
10
0
0
4
3
0
0
0
0
0
0
0
0
0
0
0
0
0
0
0
0
0
0
0
0
5
7
1
0
0
2
2
0
0
0
0
2
0
0
0
11
110
410
681
870
860
1824
2801
3344
3177
2141
2572
2370
2070
1763
1895
1712
1353
1210
1005
995
889
906
905
856
823
731
565
418
296
334
381
502
573
565
591
630
549
531
417
362
283
189
106
69
76
54
99
186
87
60
56
236
289
271
138
74
58
49
24
26
31
28
54
53
60
66
47
23
8
12
55
44
20
6
0
1
1
0
0
0
8
28
25
10
1
5
41
27
3
4
3
7
14
11
27
26
8
9
20
3
13
20
11
14
50
86
90
97
98
53
2
9
13
16
26
38
35
27
8
13
8
9
9
1
0
0
0
0
4
40
41
62
121
156
158
148
74
10
5
28
32
35
28
66
9
8
8
15
16
12
11
4
3
7
9
0
13
69
65
66
164
186
200
179
110
2
20
39
51
61
53
43
33
4
1
4
9
13
8
1
0
0
0
0
1
8
53
74
79
85
93
117
133
124
77
0
0
28
47
13
0
14
61
82
73
54
36
11
2
0
0
1
2
4
3
1
1
0
1
2
1
1
0
0
0
0
1
1
0
0
0
0
0
0
0
0
0
4
15
0
1
3
2
0
0
0
0
0
0
0
0
0
0
0
0
0
0
0
0
0
0
0
0
0
4
111
987
1579
1833
1981
1991
2556
3017
3362
3634
3544
3233
2808
2534
2421
2114
1610
1452
1910
2594
3113
3790
4326
4517
4616
4364
3841
3045
2377
1996
2121
1730
1223
1268
1126
1194
1251
1379
1215
1197
1142
791
412
623
845
854
666
551
538
496
610
876
1033
1112
1111
1094
1254
1396
1367
1301
1218
1119
919
780
623
416
336
260
274
256
458
618
477
231
106
112
220
347
251
124
52
43
58
81
146
88
68
21
13
2
5
22
29
43
12
23
17
17
27
24
30
14
17
21
4
3
12
16
22
8
0
0
23
19
0
0
0
10
0
0
2
0
4
60
114
159
208
235
250
251
253
227
152
134
198
353
407
369
264
127
83
57
43
37
11
1
38
119
167
171
155
119
87
43
69
73
76
70
55
13
40
88
106
81
71
71
61
61
102
213
344
381
382
327
284
198
65
64
97
61
59
88
129
136
115
111
164
114
138
131
107
177
240
267
301
284
283
276
261
196
144
74
47
74
54
48
44
58
76
110
121
137
160
190
180
174
139
113
100
84
45
66
78
74
60
44
51
32
0
35
122
61
81
75
72
85
116
130
171
219
238
240
252
280
253
244
246
230
243
245
266
244
267
244
203
152
112
106
76
79
131
209
231
172
120
63
27
17
19
33
51
28
1
17
36
27
13
4
15
19
36
48
60
58
33
7
1
0
0
0
0
0
10
37
121
231
302
301
281
228
183
130
80
49
28
8
5
4
4
1
1
0
0
0
1
0
0
0
0
0
0
0
0
0
0
0
0
8
35
27
0
0
11
24
52
81
106
84
59
30
6
6
6
23
40
37
27
19
10
12
8
15
14
0
0
2
1
2
0
0
0
0
0
0
0
0
0
0
0
0
0
0
1
0
0
0
0
0
0
0
1
1
0
0
0
0
2
3
0
2
2
0
0
0
0
0
0
0
0
0
0
0
0
0
0
0
0
0
0
0
0
0
0
0
0
0
12
10
0
4
18
21
17
10
5
3
0
2
7
20
104
169
205
207
141
88
49
21
16
36
31
42
55
33
37
45
28
12
19
16
27
53
49
34
13
8
4
2
2
0
1
2
1
1
0
0
0
0
0
2
2
3
0
0
4
7
11
13
15
11
7
3
3
1
0
0
1
0
0
0
0
5
20
14
26
18
22
17
29
37
69
128
202
359
534
729
828
917
955
975
944
878
802
777
750
699
699
667
569
456
276
234
235
262
296
257
230
177
99
45
28
27
38
51
64
126
143
149
113
88
55
37
24
21
13
10
10
8
0
0
3
0
0
6
31
70
107
135
98
76
54
49
73
72
68
57
32
33
33
24
22
10
4
1
1
2
4
0
2
25
46
53
60
56
68
41
103
138
96
67
89
114
114
131
143
144
170
163
167
128
104
99
104
113
114
125
121
131
134
123
108
85
59
46
44
70
120
212
311
492
695
797
840
841
837
893
999
1194
1333
1328
1246
1158
1138
1146
1249
1305
1201
1117
1015
929
770
691
689
602
523
509
566
693
826
912
1007
1035
925
760
681
745
739
729
814
1019
1090
1070
1091
1027
957
698
341
280
482
538
562
672
893
972
931
724
623
596
567
497
546
596
481
264
138
156
261
349
319
183
97
49
78
122
178
314
217
54
42
153
187
156
211
254
260
337
368
347
385
194
160
193
257
313
311
270
203
220
295
384
437
461
423
376
309
283
210
193
185
160
458
108
80
44
19
6
30
84
194
222
232
175
89
87
153
341
540
731
658
495
408
317
237
160
134
75
57
43
49
45
42
44
62
132
127
86
184
180
112
142
131
157
194
128
81
39
15
30
12
4
0
2
3
7
13
12
25
26
38
69
82
180
302
438
440
448
587
666
739
745
703
657
629
544
384
152
62
23
11
27
29
28
53
58
48
42
41
42
6
7
32
43
36
7
0
0
0
2
13
9
19
28
16
6
0
1
0
6
30
30
21
2
2
3
1
2
9
13
13
7
7
11
6
2
1
0
0
0
0
0
0
1
0
1
0
0
0
2
8
25
24
6
4
2
12
16
8
13
6
6
6
5
19
20
38
30
28
29
39
30
48
86
100
104
105
66
44
24
6
3
0
1
4
1
0
0
0
1
1
2
11
6
0
1
8
5
4
3
2
0
5
14
27
45
119
257
358
410
319
271
245
241
189
103
25
14
10
52
106
133
163
141
75
23
8
3
0
0
9
7
0
11
18
11
15
5
8
7
12
18
12
19
15
16
18
10
21
34
47
45
45
43
72
59
44
46
29
14
16
30
18
5
1
3
2
0
29
35
0
0
0
0
0
0
1
8
0
1
0
0
5
6
4
0
1
4
0
5
0
0
0
0
0
1
13
13
6
0
1
2
0
1
9
9
5
2
0
0
3
12
15
20
9
11
2
0
0
0
7
7
9
0
1
8
10
18
2
0
0
0
0
1
0
3
17
12
1
5
2
3
3
1
1
2
0
0
1
0
0
0
0
0
0
0
0
0
0
1
12
13
82
258
566
1104
1062
607
394
260
188
147
290
293
270
209
153
69
30
0
0
0
0
0
0
0
0
0
0
0
0
3
19
23
7
0
0
0
0
0
0
0
0
0
0
0
0
0
0
0
0
0
0
0
0
0
0
0
0
0
0
0
0
2
2
6
3
4
1
1
0
1
3
1
0
4
16
15
22
18
6
1
3
5
12
28
30
29
10
10
2
0
1
0
0
3
18
50
103
171
267
311
304
289
236
237
298
228
159
152
79
38
18
16
26
65
63
37
19
1
5
21
32
111
445
960
1292
1517
1662
1675
1442
792
279
142
124
255
375
418
377
246
83
51
57
103
88
346
625
612
571
513
412
350
966
431
517
413
380
340
400
348
388
354
398
651
942
1083
762
358
272
217
211
231
284
342
416
439
489
534
643
1127
1758
2115
1953
1381
827
664
753
723
484
208
274
541
828
992
1165
1320
1544
1633
1631
1629
1501
1379
1109
953
811
754
807
837
853
788
710
492
349
317
265
244
259
194
132
292
667
1043
1217
1190
987
684
438
272
296
594
629
506
647
673
417
129
105
116
133
131
92
116
74
41
13
18
4
0
7
11
27
56
98
109
145
150
84
12
7
6
16
35
28
15
5
4
13
18
45
96
102
101
49
6
1
14
43
43
0
87
108
59
18
19
31
9
13
16
29
48
69
67
80
104
120
68
48
43
16
3
9
3
0
0
1
0
0
0
0
0
0
0
0
0
4
1
29
45
32
8
11
37
62
94
104
119
131
129
165
83
14
2
10
30
9
96
371
387
273
122
34
66
14
0
0
1
0
0
0
0
0
1
3
20
38
36
40
56
30
17
29
44
67
94
74
24
4
5
19
103
397
477
375
247
225
210
108
154
219
73
45
27
26
16
8
0
0
0
26
88
128
158
143
74
55
36
9
9
17
7
0
1
2
1
2
0
0
1
1
0
0
0
0
16
44
45
24
0
0
0
1
1
1
0
3
0
1
3
1
0
6
10
1
0
0
0
0
0
0
0
0
3
5
13
6
7
21
54
88
120
164
163
130
94
45
12
0
4
0
1
0
0
0
2
7
0
2
3
0
0
1
1
3
2
1
1
0
1
0
7
7
59
241
404
762
975
846
674
497
214
74
46
32
8
7
7
2
3
0
0
0
0
0
0
1
0
0
0
0
0
0
0
0
0
0
0
0
0
0
3
8
29
40
105
267
454
512
610
835
1201
1674
1898
1738
1088
354
177
386
485
437
315
112
59
151
464
774
905
973
937
874
876
1089
1401
1603
1612
1628
1577
1324
1018
740
621
549
424
305
161
111
146
258
302
341
579
1015
1616
2133
2355
2515
2899
2665
2550
2934
4161
4731
5408
5383
4775
4168
3329
2965
2763
2517
2368
2222
1816
1401
1236
975
755
614
512
505
536
563
553
561
782
1042
1168
1226
1158
1203
1185
1176
1211
1182
1125
1064
1039
858
576
269
109
137
364
546
549
442
239
149
121
86
60
60
43
32
12
11
19
29
43
39
31
21
15
16
24
26
21
23
55
111
178
276
255
557
210
213
201
196
196
230
267
312
282
295
304
237
220
173
143
49
18
19
3
0
7
17
11
7
4
6
11
14
13
11
3
1
3
2
4
0
3
17
12
7
12
19
16
7
6
3
3
1
2
2
6
18
42
52
42
53
49
39
46
41
36
29
31
33
33
46
54
44
38
35
39
47
55
65
104
205
435
887
1330
2077
2624
2919
3136
3186
3280
3280
3355
3137
2710
2379
2144
1953
1724
1513
1543
1444
1239
962
667
535
497
549
642
735
1192
1516
1517
1388
1129
1171
1589
1901
2346
2387
2436
2754
2722
2604
2897
3196
3302
3405
3463
3338
3191
3147
3074
2997
2806
2482
2343
2569
2765
2702
2518
2300
2347
2099
1772
1528
1263
1119
985
759
830
1002
1168
1313
1443
1601
1832
2031
2245
2402
2505
2642
2717
2608
2576
2513
2415
2429
2270
2111
1966
1862
1676
1744
1739
1733
1695
1764
1740
1592
1582
1831
1978
1993
2174
2236
2466
2300
2273
2459
2354
2108
1594
1297
1214
1188
1131
702
344
266
308
292
316
321
302
498
564
497
399
347
250
159
110
92
90
130
201
253
280
325
419
445
473
509
467
286
106
43
15
1
0
0
3
6
23
41
81
105
153
210
246
342
421
763
1016
1124
1219
1283
1263
1234
1161
1039
864
614
256
59
13
5
11
39
83
121
179
271
294
327
266
260
308
315
386
273
214
113
45
5
2
0
0
0
0
0
0
1
1
1
1
0
0
0
0
0
0
0
5
0
3
8
31
46
116
167
249
332
470
624
693
749
660
637
660
832
1245
1547
1237
923
1293
1307
1254
913
503
363
244
162
150
214
200
148
268
437
567
654
667
681
775
912
1040
1069
709
478
288
236
312
309
180
120
63
70
123
103
154
369
533
719
859
1006
1151
1157
1060
879
656
472
483
534
538
446
254
93
143
158
146
166
350
492
399
287
346
540
517
463
473
546
575
533
497
498
499
565
586
580
620
605
570
295
154
146
191
391
489
195
9
37
113
152
213
255
163
129
155
459
991
1106
1031
1095
1027
965
979
845
450
267
245
185
163
90
70
105
267
560
796
776
635
446
374
542
742
766
706
795
905
947
913
811
655
546
612
544
389
284
125
89
52
75
149
184
168
160
96
106
92
107
168
191
139
89
66
88
194
380
356
315
269
223
99
53
29
74
144
259
269
96
43
78
50
27
6
4
9
51
158
261
600
1003
1051
935
602
180
63
131
677
1122
1170
325
375
1019
1138
1878
1007
760
760
327
326
769
960
936
662
406
625
1087
1145
678
189
91
86
79
139
162
197
97
63
223
749
1218
1310
982
442
312
340
283
177
66
55
71
152
403
753
1079
1063
604
99
151
159
291
472
432
375
291
257
282
220
165
216
331
531
512
532
981
1365
1367
1047
617
498
785
1049
1069
1080
970
646
329
204
255
238
201
113
56
86
248
333
325
126
65
58
46
52
61
81
119
255
673
802
592
391
212
305
375
299
283
246
193
136
86
37
19
3
1
1
0
2
3
3
0
0
0
0
0
1
0
0
0
1
6
10
12
12
5
0
0
0
0
4
10
5
16
45
63
73
73
63
41
24
7
1
5
11
12
13
7
11
29
54
87
125
122
133
82
61
34
12
2
0
0
9
13
23
33
46
70
85
95
112
96
75
43
17
4
0
0
9
48
162
272
257
210
134
73
34
3
6
25
42
50
60
73
63
56
39
40
37
42
37
32
32
24
12
11
0
2
9
35
44
21
26
5
0
0
0
0
0
1
0
1
0
0
0
0
0
0
0
0
0
0
0
0
2
1
1
0
0
0
0
0
0
0
0
0
0
0
0
0
0
0
0
0
2
0
1
2
0
2
7
5
2
5
4
8
4
4
8
9
9
1
7
0
4
6
7
27
41
76
96
96
74
67
46
36
34
49
211
640
1351
1901
2113
2003
2142
2466
2660
2653
3027
3858
4509
5069
5103
4375
3752
3291
3249
2984
2580
2113
1728
1799
2504
2495
1999
1492
1792
1879
1615
1385
1238
1319
1179
714
539
498
460
511
680
994
1100
1023
796
689
1094
1540
1707
1718
1563
1354
1305
1361
1475
1666
2405
3048
3626
4272
4791
5058
4832
4477
4000
2847
2276
2084
1894
1961
1916
1748
1645
1585
1190
707
464
317
289
412
359
264
309
492
790
1011
1042
872
677
676
716
779
781
638
493
352
333
430
794
1165
1301
1319
1234
1065
1024
978
937
1010
1086
1078
935
646
104
90
52
46
47
12
7
3
0
0
0
2
5
12
6
0
0
0
0
1
0
0
0
0
0
0
0
0
0
3
3
18
9
4
5
2
0
2
3
0
1
1
2
1
6
16
19
28
24
26
33
32
20
31
44
116
165
171
155
116
80
52
28
4
0
0
3
1
0
0
2
7
1
0
0
0
0
0
0
2
0
4
4
0
0
0
0
0
1
0
0
0
0
2
1
0
0
0
0
0
0
0
0
0
0
1
2
0
0
0
0
0
0
0
0
0
0
0
0
0
0
0
0
0
0
0
0
0
0
0
0
0
0
0
0
0
0
0
0
0
0
0
0
0
0
0
0
0
0
0
0
0
0
0
0
0
0
2
2
2
11
10
4
1
9
3
2
0
0
4
5
26
51
51
44
25
26
14
7
6
0
0
1
0
0
0
0
0
0
0
0
0
0
0
0
0
0
0
0
0
4
67
198
382
444
418
340
266
176
138
111
86
97
129
111
92
52
23
19
14
13
16
11
4
6
0
0
1
0
0
0
0
0
0
0
0
0
0
0
0
0
0
0
1
3
9
12
14
27
33
74
119
184
239
273
310
299
251
200
181
112
65
48
18
7
6
2
0
0
21
6
0
2
4
0
0
0
0
0
0
0
0
0
0
0
0
0
0
0
0
0
1
0
0
1
11
9
0
0
14
108
257
379
407
341
252
189
142
77
55
22
13
0
0
0
0
0
0
1
9
43
97
191
248
244
254
196
166
187
173
134
81
39
21
8
2
2
1
0
1
0
0
0
0
0
0
0
0
0
0
0
0
0
0
0
0
0
0
0
0
0
4
1
10
0
0
3
1
0
0
0
0
0
0
0
0
0
0
0
0
0
0
0
0
0
0
0
0
0
0
0
0
0
0
0
0
2
4
1
1
0
0
0
0
0
0
0
0
0
0
0
0
0
0
0
0
0
0
0
0
0
0
0
0
0
0
0
0
0
0
0
0
0
0
0
0
0
0
0
0
0
0
0
0
0
0
0
0
0
0
0
0
0
0
0
0
0
0
0
2
0
0
2
0
0
1
4
0
0
0
3
0
0
0
0
1
0
0
0
0
0
0
0
0
0
0
0
0
0
2
0
0
0
0
0
0
1
0
0
0
0
0
0
0
0
0
0
0
3
7
4
1
14
51
181
361
766
850
714
438
290
157
52
10
7
7
19
58
91
103
174
247
289
344
477
544
558
469
393
305
152
38
0
0
0
9
187
1043
1435
1248
618
449
315
677
1016
576
389
343
378
688
1098
1562
1842
1842
1392
703
642
905
1197
1375
1367
678
400
802
1120
1262
1140
729
1099
1220
2402
2979
3159
2821
2192
2144
2425
2264
2039
2200
2088
1875
1900
1766
1363
1143
965
1474
611
552
558
594
592
558
605
668
797
1043
1370
1523
1602
1585
1578
1519
1551
1659
1776
1927
1995
1836
1717
1564
1375
1259
1384
1465
1560
1565
1562
1480
1420
1397
1364
1333
1406
1521
1555
1504
1434
1543
1823
1877
1753
1626
1465
1375
1186
908
1333
1677
1550
1192
954
862
950
1203
1358
1490
1409
1190
1269
1509
1532
1470
1135
954
1049
1446
1757
1699
1521
1324
1054
770
470
716
1188
1739
1998
2228
2286
2260
2240
2218
2119
1937
1766
1817
2106
2496
2777
2959
3073
3111
3167
3309
3389
3529
3667
3560
3071
2371
1735
1203
926
933
1014
997
979
991
1114
1238
1348
1313
1162
1121
1148
1290
1590
1743
1798
1845
1968
2158
2443
2508
2436
2253
2158
2128
2225
2387
2466
2374
2248
2222
2453
2403
2137
2035
2098
1919
1301
821
735
865
1226
1625
1477
1302
1940
2235
2073
1448
1011
973
1213
1480
1413
1282
1158
1141
1103
1101
1024
948
927
985
1054
1047
1112
1083
998
882
719
570
401
327
453
638
808
963
1070
1170
1173
1172
1198
1112
948
726
510
279
177
178
146
103
257
470
664
873
1014
1115
997
714
895
848
555
389
318
365
484
573
657
743
760
654
565
488
451
373
323
458
601
894
1015
1014
885
664
332
83
35
26
45
65
71
188
361
339
293
278
298
250
176
56
18
7
3
4
1
0
1
2
6
12
17
44
64
90
68
63
67
107
187
453
1016
1486
1784
1873
1908
1979
2082
2120
2164
2249
2229
2268
2749
3374
3920
4184
4342
4422
5036
5472
5790
6075
6266
6390
6035
5268
4766
3855
3356
2966
3173
4149
5109
5835
6545
7155
7730
7821
6821
6370
5814
5207
4678
4330
3983
3232
2818
2506
2130
1998
2244
2871
3432
3870
4260
4552
4728
4907
4960
5110
4889
4625
4233
3926
3598
3451
3310
3165
3026
2844
2790
2641
2534
2435
2400
2316
2081
1921
1953
1949
1885
1815
1675
1594
1829
2321
3114
4140
4901
5069
4459
4317
4160
3859
3817
3774
3830
3864
3811
3571
3228
2692
2182
1577
1411
1912
1780
1770
1788
1896
2061
2262
2351
2334
2290
2086
1620
1722
2732
3469
3976
4731
5316
5600
5101
5183
5593
5855
6308
6527
6617
6522
6341
6080
5766
5601
5401
5066
4407
3517
2909
3073
4033
4765
5403
5789
6713
7488
7435
7276
6987
6295
5582
4644
4340
4595
5204
5731
6004
5966
6077
5994
5552
4747
2898
1930
3535
4777
5138
4934
4920
5026
5132
5179
4977
4705
4078
3592
3262
2636
2107
2801
3583
3979
4244
4737
5331
5767
6002
6316
6688
6802
6801
6979
7418
7559
7416
6965
6956
6953
6944
6423
5933
5644
5435
5193
4961
4610
3880
3428
3670
4382
4955
5215
5297
5145
4779
4197
3504
2971
2756
2660
2578
2628
2572
2543
2427
2526
2783
2963
3215
3175
2732
4174
3635
3664
3192
2150
1573
1911
1981
1624
1802
1516
963
840
1028
1215
1222
1173
1205
1269
1323
1275
1126
1094
1146
1308
1390
1471
1404
1367
1270
1219
1314
1242
936
764
424
308
273
336
364
375
356
409
522
708
821
857
899
966
1053
1094
1127
1179
1271
1306
1397
1549
1570
1723
1890
2045
2154
2274
2234
2318
2298
2188
1886
1674
1516
1142
838
567
683
1049
1775
2137
2432
2610
2817
2968
3054
3170
3164
3097
3016
2857
2692
2521
2292
2045
1910
1829
1694
1613
1505
1353
1236
1056
797
629
387
206
93
5
35
382
164
305
527
721
857
984
1055
1234
1522
1661
1867
2024
2124
2109
1890
1785
1867
1965
1950
1919
73523
0
0
0
0
0
0
0
0
0
0
0
0
0
0
0
0
0
0
0
0
0
