57
491
564
281
285
35
180
30
26
169
131
15324
167
92
94
89
103
170
242
379
565
757
880
916
837
804
844
1017
1123
1088
1172
1214
1222
1119
965
858
724
675
828
1182
1641
2060
2414
2671
2994
3116
3251
3421
3514
3566
3550
3465
3224
3002
2674
2395
2044
1689
1231
875
857
846
879
812
717
656
612
502
477
496
667
772
822
868
824
804
942
1025
1177
1327
1174
1147
1227
1219
1304
1460
1566
1610
1605
1499
1325
1193
1322
1237
1017
841
731
722
737
869
1105
1336
1562
1697
1825
1799
1651
1457
1211
1092
1008
889
794
612
425
347
417
383
305
413
481
558
634
685
756
676
455
279
170
168
171
152
126
81
106
88
100
97
119
109
121
71
112
189
240
219
218
326
420
439
371
301
251
158
78
73
158
271
265
309
284
237
211
186
135
144
134
97
166
474
720
582
245
375
619
659
627
527
337
219
228
311
473
533
556
342
215
101
265
299
187
101
78
131
170
164
208
325
344
304
270
284
331
431
576
625
485
414
546
578
591
560
528
671
811
901
909
838
713
625
545
577
540
778
1136
1467
1651
1534
1344
1352
1222
1215
1282
1302
1185
1190
1099
946
918
828
995
1209
1319
1254
1139
914
602
599
659
590
544
467
349
366
471
698
858
903
945
813
671
987
1061
1062
1008
741
836
965
971
922
1139
1381
1502
1778
1627
981
457
965
1200
1383
1744
1965
2100
1835
1202
1297
1744
1517
1017
625
1036
1107
880
621
703
549
287
375
698
928
1074
1140
1132
1046
1147
1014
593
364
182
147
122
129
102
86
116
232
294
261
298
254
170
134
245
304
420
571
675
676
654
620
478
331
340
395
329
241
197
178
68
156
324
311
238
282
325
369
566
581
406
339
371
411
514
656
712
749
756
774
767
790
713
500
443
370
460
607
724
840
900
917
784
716
565
558
530
491
504
518
491
369
289
174
123
111
95
89
89
88
92
75
41
17
1
16
66
125
98
123
170
134
114
235
291
318
290
220
213
307
373
416
483
535
505
466
478
480
404
282
240
190
183
181
118
42
19
62
110
160
201
179
131
99
85
74
40
48
39
40
42
43
76
48
33
42
28
24
39
46
70
111
138
100
53
81
63
17
6
11
25
21
14
19
21
22
24
15
11
22
24
44
20
10
15
14
23
24
37
44
44
21
19
43
33
29
20
57
117
183
268
297
286
172
121
64
43
18
8
2
3
12
14
17
6
9
3
17
9
9
25
29
17
54
32
44
88
194
265
358
407
474
747
1101
1352
1380
1286
1089
909
590
546
529
394
244
184
178
174
226
349
411
446
399
232
142
179
178
106
225
382
550
604
792
807
781
698
657
430
352
299
156
242
225
200
192
221
222
193
119
33
5
1
11
28
39
55
104
153
217
261
350
354
349
283
229
225
199
231
251
286
274
286
273
244
205
176
150
219
242
219
156
126
102
104
126
117
97
82
60
68
107
147
174
215
257
243
239
233
189
126
108
94
100
117
55
26
40
35
28
60
227
328
366
333
393
685
1000
935
619
1216
1366
1379
1255
871
1265
1061
796
541
775
689
693
785
979
962
897
757
478
343
285
216
165
116
91
95
133
175
260
280
234
208
183
172
146
133
106
67
47
32
52
69
84
131
134
176
209
259
271
312
309
351
396
424
412
298
236
130
71
53
40
46
29
25
18
4
3
1
3
7
12
33
66
72
51
27
12
18
13
24
49
66
56
34
14
7
16
20
27
27
41
83
97
94
108
105
75
47
32
32
8
26
40
46
71
107
149
222
305
382
439
504
504
500
428
376
374
333
279
176
99
49
16
48
50
39
50
74
76
77
73
46
41
42
51
48
52
76
71
58
50
41
24
20
7
0
9
15
24
27
13
17
20
12
10
11
13
14
9
13
9
4
6
19
22
29
30
41
63
79
65
31
14
10
6
3
4
1
3
5
4
25
72
140
170
173
125
73
52
41
26
9
0
1
3
4
7
37
176
379
559
665
683
667
543
358
212
187
279
307
337
275
211
210
351
358
335
278
171
126
158
164
132
152
161
153
115
93
83
66
93
126
110
158
192
157
182
197
250
295
291
244
236
264
347
477
599
601
493
366
245
179
158
156
140
95
39
66
113
95
63
59
62
42
35
28
15
13
9
16
23
28
22
47
58
59
43
37
54
55
39
42
29
16
5
7
11
4
7
36
70
85
100
102
79
90
84
72
62
35
38
28
15
23
28
40
21
13
18
27
50
65
74
63
67
84
123
139
121
120
117
85
66
65
49
48
32
89
164
252
303
269
130
111
205
234
121
66
201
286
264
167
116
224
262
221
164
98
48
30
51
47
16
34
56
38
9
0
3
15
20
13
27
50
67
74
103
112
125
89
76
37
7
1
6
7
36
4
5
30
37
46
40
33
42
71
69
85
113
111
72
45
30
24
20
13
35
51
38
25
38
45
38
26
42
32
29
17
14
18
30
44
38
74
151
204
574
861
972
895
782
484
615
889
866
661
383
397
358
319
305
296
234
181
170
167
147
132
117
122
150
183
182
243
402
602
691
681
620
555
520
321
132
81
108
145
204
274
279
236
201
155
132
108
82
71
73
62
54
40
40
19
11
7
10
75
247
516
772
985
1248
1144
796
1078
1256
1312
1178
1202
1520
1739
1684
966
923
1231
1211
974
998
1103
1064
1069
919
686
373
305
271
187
79
132
172
229
247
213
243
276
197
171
183
136
99
87
63
79
86
142
175
139
77
40
37
32
12
7
50
101
51
35
114
170
170
123
54
42
56
79
146
197
222
207
165
120
101
167
270
375
435
474
468
483
515
470
370
301
191
51
107
163
192
136
31
4
7
11
1
0
0
0
0
5
23
31
34
29
30
23
34
59
108
134
198
254
265
214
175
79
84
97
75
73
50
49
26
65
120
125
65
22
17
35
43
64
114
146
178
208
211
270
307
296
277
253
241
270
235
201
222
219
166
209
287
279
218
140
234
416
516
528
479
282
139
86
50
71
147
253
364
451
433
346
119
59
78
106
116
105
80
81
86
76
110
164
183
220
173
79
23
15
29
33
24
20
8
9
8
8
6
5
0
12
65
75
65
65
45
34
19
0
0
0
1
12
62
0
0
0
0
0
0
1
3
14
24
34
59
80
130
307
273
232
238
216
198
203
196
173
128
65
17
23
35
45
56
81
84
106
153
253
388
501
533
495
520
549
563
582
569
563
569
580
565
548
563
563
575
534
528
554
572
592
602
625
638
601
488
351
345
350
309
180
135
186
225
189
122
118
164
165
146
75
20
6
9
17
37
55
72
98
78
65
48
29
45
67
127
131
101
92
101
117
94
55
15
1
0
0
0
0
1
16
21
20
20
10
1
3
1
6
10
25
34
59
166
316
484
589
533
390
174
193
317
360
359
348
363
336
302
505
679
751
700
529
424
434
450
433
413
309
225
159
76
22
4
7
8
8
15
25
33
48
44
23
3
1
8
12
9
6
2
0
0
0
0
5
3
8
19
39
61
64
56
48
52
54
40
17
6
7
72
22
13
6
14
18
20
22
35
36
16
7
20
46
61
47
35
8
2
0
8
44
130
175
182
84
41
186
404
528
557
490
356
260
160
136
151
257
369
506
551
532
322
78
47
144
210
244
189
104
34
67
252
449
523
375
149
37
95
188
197
142
54
25
61
161
211
123
26
145
311
435
431
324
141
75
101
185
285
379
399
221
73
107
323
442
420
306
92
55
285
593
781
688
423
285
414
404
475
492
301
175
225
328
367
359
430
582
834
1033
1178
1275
1270
1213
1125
985
836
797
815
923
995
1001
992
882
734
679
632
499
461
562
602
615
596
515
356
181
139
179
194
204
202
190
160
137
99
93
101
99
102
109
103
75
71
63
65
56
21
4
5
1
1
0
0
1
4
15
18
16
12
13
10
6
0
0
0
9
17
25
24
21
4
2
0
11
28
48
49
48
24
15
13
13
17
23
32
35
46
41
35
38
30
41
32
28
70
112
134
138
98
75
76
77
88
171
273
342
339
311
200
37
33
226
398
500
521
481
467
447
406
312
232
208
291
378
405
396
332
263
125
67
82
112
109
72
34
26
24
12
9
10
8
3
2
0
2
0
0
0
0
0
0
0
0
0
3
9
15
13
9
17
13
5
2
1
0
0
0
0
0
2
0
0
0
0
0
0
0
0
1
8
36
75
174
232
327
391
444
473
573
697
760
804
939
1029
1133
1153
1152
1092
976
778
637
572
584
639
720
780
770
776
680
546
436
364
295
207
134
128
136
86
137
188
200
165
101
126
160
200
207
163
98
67
83
108
181
240
240
220
188
102
37
21
24
27
32
60
97
140
231
385
647
966
1224
1331
1419
1530
1723
1902
1815
1520
1323
1165
983
852
759
675
584
431
251
113
57
130
239
298
291
279
248
219
189
172
115
178
191
194
164
146
101
45
4
0
12
35
63
74
76
88
85
75
57
39
13
8
14
9
9
9
9
19
37
32
25
25
34
62
119
174
243
276
311
333
269
151
159
234
311
426
538
601
552
376
119
101
178
256
221
144
81
52
122
258
424
593
572
377
223
259
399
559
642
587
402
176
66
305
505
601
559
374
90
147
341
517
559
494
336
158
134
283
517
664
678
552
423
468
587
605
623
478
413
214
154
185
201
123
76
103
128
129
104
89
86
104
320
169
173
202
208
213
168
142
115
103
123
108
71
76
86
168
185
203
190
175
154
167
174
158
132
98
86
31
4
72
137
193
235
230
233
219
229
239
234
201
215
222
229
199
157
204
281
438
576
663
760
852
993
1128
1225
1317
1309
1293
1242
1213
1173
959
776
695
628
530
395
342
261
154
124
181
211
183
157
184
238
385
518
659
794
841
864
900
958
942
912
699
398
302
343
372
366
495
636
723
960
1318
1646
1658
1570
1297
1210
1405
1734
1962
2014
1983
1857
1815
1555
1390
1154
847
691
604
428
347
145
174
164
122
133
198
286
398
481
532
537
549
524
483
424
488
623
538
314
67
61
205
326
432
451
314
298
275
183
124
82
125
124
90
37
28
109
205
235
149
172
375
641
671
509
413
517
654
723
751
770
844
817
663
369
135
194
423
573
566
472
412
356
270
213
264
304
374
462
460
436
321
206
170
124
67
24
26
109
183
209
317
377
392
383
333
309
258
287
242
99
5
21
122
248
321
344
256
97
45
133
309
399
308
156
92
163
174
210
189
93
50
52
90
93
92
82
86
83
60
59
49
57
65
54
25
6
3
14
28
51
54
69
85
135
146
121
127
130
134
138
155
177
173
208
194
166
152
135
123
75
48
46
25
7
1
20
36
64
81
92
107
141
148
192
249
224
184
133
84
44
19
31
28
32
36
43
58
71
84
48
43
30
19
10
16
42
17
9
12
31
41
28
8
4
17
49
72
94
120
220
346
408
421
442
510
585
642
689
758
785
835
814
777
658
542
537
517
493
483
486
485
493
507
568
560
551
551
492
498
457
421
395
441
543
595
621
637
609
496
185
322
422
524
480
351
293
148
358
529
561
498
402
326
266
218
254
278
206
124
77
65
68
52
64
41
34
76
105
129
223
272
254
266
188
162
179
208
291
364
382
366
412
548
904
977
990
907
733
1077
1278
1286
1202
1128
956
718
444
421
420
524
628
700
674
478
325
432
452
597
654
665
604
588
564
496
470
401
242
72
208
256
237
143
132
83
123
288
426
318
95
60
93
101
105
276
381
567
697
861
1088
1070
923
696
535
393
318
464
520
683
555
326
660
853
835
715
524
326
137
145
188
251
309
406
532
624
592
563
509
490
512
450
348
266
215
182
96
113
138
197
247
230
200
163
108
60
134
158
191
181
163
157
210
242
292
276
189
132
198
155
130
152
148
133
142
169
260
370
359
297
287
260
271
240
189
76
44
60
88
115
89
63
39
29
30
37
38
37
81
151
246
253
232
169
88
24
6
13
34
13
13
14
22
23
22
16
35
33
48
51
26
0
0
17
23
15
4
0
0
3
90
287
434
518
590
595
552
443
297
155
131
177
186
197
150
227
309
185
47
41
51
38
35
50
44
35
44
65
61
38
20
11
8
9
9
24
37
29
9
20
59
94
83
46
59
91
71
52
29
18
73
168
177
125
107
86
126
151
122
108
83
79
84
65
16
7
4
9
9
24
78
106
131
170
232
270
271
241
293
391
492
623
643
386
66
5
124
186
132
64
78
89
99
110
56
33
47
78
83
65
117
93
48
52
37
28
26
81
186
238
252
270
264
236
201
204
241
222
224
213
264
326
419
423
391
322
208
180
310
398
493
514
422
814
1014
857
1091
1021
1143
1119
867
636
802
1006
771
345
393
512
375
286
506
602
481
298
172
87
67
100
197
225
173
64
54
59
47
29
20
20
45
78
71
44
128
317
492
677
795
871
876
842
789
693
514
360
249
232
316
347
313
273
185
128
81
63
68
73
85
99
79
63
57
27
15
7
18
29
64
111
161
334
492
640
742
845
797
700
682
629
482
325
250
300
358
403
450
377
200
144
124
111
86
52
30
25
24
31
41
37
40
65
84
54
23
9
29
23
50
142
182
110
12
9
30
73
181
413
656
829
1005
1103
1201
1134
1102
1033
1365
1665
1603
691
1048
1363
1126
664
320
703
799
550
397
251
103
179
282
333
424
635
1064
1303
1151
732
1512
2132
2114
1813
1046
1265
2059
2385
2281
1453
813
1983
2209
1754
869
911
1418
1685
1745
1481
1132
1107
1307
1360
1300
1107
974
828
735
599
538
436
532
498
295
274
417
551
482
577
750
889
1008
1099
1193
1274
1275
1169
994
834
744
625
525
521
762
938
1060
1056
948
784
572
442
372
390
517
558
585
559
527
676
946
1142
1245
1288
1151
1131
868
808
1101
1291
1183
1495
1356
907
567
536
501
548
560
625
715
830
944
1019
1037
1045
992
986
973
879
734
616
498
377
198
89
57
48
90
123
174
223
265
211
162
104
88
62
65
59
90
114
130
168
174
140
121
105
111
122
127
123
121
128
160
166
427
435
590
715
761
670
544
430
315
304
264
234
199
133
84
48
63
116
120
140
138
119
130
111
84
77
47
49
33
21
17
11
0
0
16
35
59
73
60
73
122
141
141
118
106
57
53
59
19
13
30
42
27
101
283
486
668
769
796
687
533
319
349
397
507
578
615
556
479
412
442
493
647
730
731
672
635
625
684
782
1061
1280
1491
1494
1410
1347
1218
979
768
625
609
581
440
291
395
445
371
276
276
291
284
282
272
245
212
190
192
101
97
96
72
24
17
45
82
113
129
129
94
56
18
2
0
0
7
28
51
49
63
50
39
7
33
32
61
66
63
129
198
231
148
105
65
54
46
21
0
0
4
24
87
149
161
136
91
95
121
185
173
111
209
314
274
151
227
249
218
157
131
79
66
202
253
153
67
93
70
34
71
68
18
4
53
65
63
60
18
4
5
9
22
17
0
0
6
14
19
22
15
14
22
100
310
551
699
794
881
892
857
739
618
512
426
386
319
283
238
260
221
229
240
206
232
279
326
359
371
434
429
392
426
502
572
606
637
628
651
606
573
487
418
352
237
117
75
40
64
72
123
141
135
142
107
66
37
26
15
21
9
8
14
4
13
37
19
8
15
26
33
40
31
17
12
7
5
4
3
10
19
14
7
6
4
0
4
2
1
0
0
0
1
0
0
14
0
1
1
2
4
11
2
0
0
5
2
3
1
0
1
0
0
0
5
5
8
10
18
22
22
50
73
98
132
141
92
77
78
86
57
39
48
29
11
7
20
19
18
12
15
26
38
40
24
1
2
4
0
0
0
0
4
21
0
10
4
9
23
13
26
58
93
104
98
150
198
178
181
176
164
153
154
162
151
166
238
272
264
246
267
242
242
253
199
181
99
190
261
232
184
171
232
199
134
95
105
88
56
47
24
11
24
17
27
27
21
22
20
20
20
13
11
11
3
1
10
11
22
28
11
3
1
2
5
10
32
66
116
212
364
450
480
502
484
472
462
484
457
401
278
186
173
177
136
78
64
97
101
84
160
230
303
344
330
273
195
178
238
325
370
328
289
223
184
184
247
340
395
442
453
390
335
308
294
247
195
155
131
146
178
186
202
160
170
201
268
304
333
324
356
365
371
376
383
359
311
332
534
1017
1363
1336
1478
483
377
429
547
635
711
724
813
745
589
375
170
228
363
441
498
532
533
482
440
392
380
328
285
262
310
454
595
701
778
820
756
692
619
542
702
766
820
674
476
280
246
210
279
284
384
413
467
503
537
566
531
450
357
286
221
242
363
431
433
415
367
293
199
421
570
619
614
773
844
889
974
1085
1123
1122
1005
908
790
639
510
458
805
903
763
438
386
563
547
540
703
811
869
864
720
597
584
872
1553
1899
1663
1190
522
646
923
947
801
503
372
273
212
219
136
109
123
94
241
404
560
717
867
999
1035
1167
1195
1288
1153
1159
924
422
114
332
538
616
396
396
519
409
461
623
659
664
552
583
589
491
373
345
347
329
329
374
419
448
407
252
246
230
200
189
163
167
178
196
192
188
211
207
128
82
54
65
72
72
49
57
32
35
81
98
126
181
201
191
127
134
221
245
291
399
454
446
458
465
566
546
617
678
580
781
1076
1171
1372
1445
1473
1353
1151
901
919
995
1300
1844
2166
2411
2231
1947
1895
1589
1391
1062
668
285
353
509
460
365
181
66
29
27
65
82
78
97
173
323
514
677
795
817
787
768
638
501
412
449
494
505
507
445
342
262
131
74
65
38
26
42
44
54
57
123
399
705
970
1201
1451
1507
1469
1209
875
632
910
1197
1202
909
784
861
506
289
572
887
1163
1173
1068
993
836
681
590
608
612
478
419
189
119
72
66
18
34
59
71
67
79
141
245
369
413
382
467
593
654
722
793
786
811
828
766
948
954
921
1135
923
1003
1120
1248
1134
945
1160
1175
916
460
502
525
491
857
1222
1360
1262
973
594
699
888
891
731
556
376
266
227
237
278
274
306
259
204
347
585
709
747
580
1033
1278
1358
1361
1317
1107
942
1064
861
552
164
520
715
813
785
716
527
282
522
678
852
991
1037
934
785
682
862
782
514
157
353
451
415
384
628
945
1132
1167
1193
1145
1090
902
790
690
675
750
710
608
447
327
271
259
211
197
205
215
224
256
306
320
339
386
452
428
406
479
591
648
525
528
596
711
798
741
672
624
655
718
695
593
432
585
582
607
571
882
1185
1505
1477
1499
1313
898
373
372
323
256
196
180
311
319
286
251
229
219
253
210
126
136
245
458
739
854
937
1027
1241
1404
1422
1144
714
726
664
645
600
530
268
432
590
656
604
587
493
389
394
453
646
1063
1418
1557
1596
1481
1222
1432
748
538
334
342
405
477
400
319
221
147
119
183
254
316
357
361
317
294
236
124
88
192
313
590
1013
1442
1857
1969
1966
2231
2242
2339
2713
2835
2747
2682
2696
4652
2689
2691
2880
2779
2754
2509
2054
1750
1408
939
1243
1555
1512
1796
2119
2334
2605
2906
2987
2918
2864
2908
2683
2242
1410
1007
874
922
1195
1523
1627
1611
1608
1481
1282
1115
951
933
923
860
756
547
660
974
1030
1005
1005
1145
1248
1220
1266
1219
1232
1348
1441
1449
1353
1148
1000
1047
1072
1141
1217
1407
1608
1670
1619
1369
1308
1464
1472
1451
1384
1294
1164
1081
1085
1195
1338
1405
1468
1349
1682
1491
1146
1404
1735
1808
1791
1809
1907
1896
1801
1474
1146
939
1291
1717
2000
1982
1496
775
966
1105
952
697
767
851
1010
1253
1563
1801
1786
1591
1506
1486
1187
720
692
616
440
415
376
395
414
472
459
355
295
322
380
379
471
477
350
248
225
200
263
364
420
271
108
119
310
386
361
347
313
324
365
561
726
752
777
772
792
724
592
457
410
388
395
357
276
206
222
265
281
303
319
312
334
333
353
316
251
202
164
253
470
730
1092
1296
1440
1501
1435
1290
1000
951
1016
1012
725
432
845
856
744
445
812
1154
1496
1642
1821
1924
1807
1506
674
939
919
753
530
349
317
346
251
136
67
126
154
144
194
292
401
503
584
652
690
695
669
647
613
631
880
925
847
732
551
438
333
233
360
549
687
814
929
994
962
780
520
665
1040
1094
1372
1769
1792
1565
1320
1173
1025
1514
1938
1729
1184
1378
1129
744
810
1153
1395
1586
1963
2465
2647
2785
2579
2138
1935
1688
1346
1406
1581
1711
1765
1917
1717
1880
1751
1536
1201
965
736
561
488
508
603
888
1090
1224
1340
1357
1355
1281
1192
954
823
605
429
322
308
610
857
1080
1175
1342
1463
1597
1502
1149
863
781
561
341
160
139
287
171
92
81
80
96
91
121
154
254
334
314
227
198
156
129
52
13
5
20
123
295
365
194
172
234
304
315
202
134
235
489
605
526
329
229
142
306
353
302
286
285
320
392
496
615
624
515
328
291
325
372
399
369
326
277
225
150
74
30
28
107
251
348
470
509
461
382
373
483
567
609
646
613
542
349
443
668
844
889
895
791
652
662
785
845
835
892
893
922
947
931
871
562
233
505
730
880
913
733
529
574
701
799
723
507
435
589
657
566
420
352
224
95
79
118
107
57
122
234
198
114
144
146
84
62
78
120
284
419
482
416
371
418
484
512
522
750
311
238
237
259
255
212
196
145
199
303
383
364
272
152
146
277
456
522
484
339
161
93
68
60
65
90
89
102
93
83
65
42
44
62
68
87
89
65
47
59
116
121
46
34
29
31
47
75
99
149
157
155
191
212
192
126
126
98
100
130
189
284
402
452
446
309
103
121
305
509
591
567
505
347
239
126
116
158
192
272
298
269
258
191
122
50
25
38
32
23
46
200
401
525
549
556
698
908
1191
1284
1241
1236
1301
1429
1339
1090
907
794
787
780
759
773
830
706
527
404
334
248
158
140
100
138
214
218
242
274
237
173
78
26
48
123
192
275
407
437
547
718
920
1182
1381
1573
1550
1396
1223
1150
1095
1033
913
803
707
702
649
548
441
379
346
374
446
533
600
609
569
543
460
311
213
221
312
427
448
444
422
359
323
268
294
312
318
298
241
239
215
237
258
286
307
317
302
295
300
288
277
273
289
301
318
306
313
347
383
379
388
381
363
344
432
494
487
519
538
556
690
788
866
960
1023
1072
1064
1008
857
691
540
422
392
344
279
199
133
209
376
563
698
792
883
945
1076
1164
1278
1360
1399
1420
1350
1243
1179
1097
967
765
563
444
326
291
190
163
158
130
75
67
86
118
107
95
69
73
62
51
52
54
35
16
8
25
66
88
80
74
26
0
16
23
54
61
51
53
53
145
162
167
116
23
17
38
55
21
1
30
89
100
154
225
277
336
386
389
385
364
283
132
43
115
160
227
333
505
647
747
843
819
778
722
563
448
420
312
185
116
128
177
273
312
290
275
245
229
204
173
105
116
112
112
128
121
70
32
40
55
53
72
67
41
18
67
140
128
98
69
54
57
68
74
80
88
98
89
49
29
72
128
154
148
152
131
77
69
68
18
78
85
157
199
206
154
130
101
96
94
109
93
53
29
20
4
7
20
31
94
135
132
79
52
45
74
97
83
60
32
21
12
55
92
125
147
161
139
53
29
74
179
230
199
168
145
165
235
233
471
851
1163
1305
1304
1282
1258
1293
1320
1315
1279
1228
1120
1005
874
724
580
526
477
477
443
486
475
466
488
488
591
755
796
832
763
734
720
655
531
419
359
335
303
282
274
209
176
165
125
213
239
214
160
180
208
255
337
433
493
514
570
536
478
317
201
153
234
287
294
279
245
224
155
115
102
134
211
286
415
319
275
263
110
86
72
83
84
71
71
41
82
247
470
670
917
1161
1269
1342
1237
1149
1013
897
771
742
646
573
421
255
141
44
89
170
187
221
205
125
10
4
45
105
83
57
72
45
48
120
201
301
413
561
701
733
826
934
1024
1013
1043
1006
1067
1173
1248
1272
1171
1033
844
680
576
573
557
528
456
334
256
225
206
217
201
266
311
324
307
345
408
523
657
770
987
1144
1152
1105
1006
1038
1072
1160
1118
1088
900
674
532
339
300
315
354
392
413
441
442
402
408
488
586
687
729
825
883
879
920
863
858
861
816
821
881
896
861
876
918
946
1150
1282
1192
812
505
616
553
405
474
543
836
1135
1341
1391
1334
1136
1037
879
723
543
454
587
601
648
627
634
684
728
743
780
935
996
1174
1275
1275
1106
920
723
739
827
802
675
552
468
401
319
270
246
200
263
287
556
771
966
1119
1243
1258
1189
1073
847
572
493
530
671
803
847
784
706
599
455
243
158
120
164
192
196
224
326
419
498
512
364
245
237
218
140
103
24
40
72
127
197
326
537
752
907
930
825
828
866
802
868
1151
1487
1545
1517
1485
1134
1179
1017
601
181
128
229
359
346
302
236
196
138
126
136
178
222
341
470
581
670
790
930
995
1019
964
860
664
423
429
387
340
242
204
188
256
276
240
234
199
234
242
234
221
216
252
263
218
169
179
208
225
197
203
196
203
191
189
166
138
158
142
68
35
40
96
136
108
100
146
222
308
400
470
484
512
541
401
340
258
162
56
75
140
86
94
139
146
119
104
82
37
12
1
0
7
1
3
13
25
28
21
10
15
4
9
6
2
2
2
5
9
12
13
6
5
5
6
8
12
3
0
0
0
0
0
0
24
114
262
374
468
499
479
324
112
14
6
3
3
6
36
77
138
210
265
243
219
190
222
338
402
413
309
218
161
121
122
109
91
70
103
151
183
434
216
274
311
317
325
308
236
220
168
93
67
59
46
41
37
35
21
17
11
3
0
1
0
0
0
14
28
4
28
68
39
51
110
155
237
325
278
286
223
162
150
194
157
194
262
294
315
376
354
380
276
98
30
15
11
6
29
32
27
18
36
67
73
91
72
22
40
51
52
93
51
63
63
55
46
72
77
54
45
15
19
44
44
37
44
29
36
5
43
22
72
83
71
53
52
77
109
179
469
313
328
264
189
88
50
84
125
113
84
32
12
18
21
15
7
5
6
5
2
0
0
0
0
0
0
0
2
2
10
12
0
7
3
0
0
0
0
0
0
12
45
47
23
5
16
39
48
61
39
23
8
35
80
87
54
58
75
130
144
124
82
97
153
200
169
137
156
209
201
183
137
138
213
342
442
541
614
642
701
644
526
391
307
216
185
153
155
111
57
13
2
14
30
54
63
117
202
267
345
428
477
522
507
517
587
717
863
1027
1127
1169
1210
1163
1071
896
652
404
271
246
354
428
420
446
368
386
393
439
474
541
476
384
313
273
261
256
342
292
188
191
259
232
233
227
198
182
86
37
48
124
163
171
142
105
67
74
117
148
140
51
18
113
162
150
126
75
22
33
28
29
28
6
4
4
10
33
79
116
113
115
69
51
42
29
18
22
52
101
129
123
114
75
56
58
51
38
29
34
50
62
110
174
278
339
344
329
268
317
320
268
202
186
291
564
830
1024
1020
912
647
593
737
982
933
930
873
858
1027
906
638
932
1035
932
349
901
975
737
353
871
1076
966
379
857
980
850
518
954
1003
809
541
832
814
588
650
1012
1167
964
729
1094
1179
886
567
238
473
623
597
483
207
507
683
747
729
548
303
477
735
811
714
283
468
566
523
461
396
280
202
150
138
103
65
73
114
113
125
193
261
312
398
507
600
628
578
530
422
277
183
214
290
369
418
418
380
298
187
167
138
133
119
119
139
158
200
219
242
254
244
237
312
451
631
668
718
887
1052
989
989
897
768
1107
1149
1026
972
996
1052
841
580
472
435
473
656
851
906
873
839
553
275
280
311
323
342
292
408
440
421
363
436
527
520
429
357
284
344
525
698
969
1210
1410
1567
1310
889
527
540
618
605
499
376
243
121
142
217
263
285
262
266
237
220
228
347
486
610
466
346
402
308
181
120
113
113
93
82
72
66
94
156
257
419
545
677
709
725
725
743
720
667
628
633
666
751
752
706
680
688
631
538
473
401
333
201
137
194
244
240
166
117
65
50
37
21
11
1
0
2
3
4
22
62
129
184
229
253
198
165
142
79
31
18
7
0
2
0
2
8
20
27
53
88
142
188
229
171
129
51
12
15
0
0
7
25
32
12
0
0
0
0
1
3
141
399
714
858
806
1221
630
625
563
482
453
387
372
564
644
675
679
543
314
120
75
108
130
128
81
45
35
170
475
667
718
793
737
627
509
455
412
324
148
95
68
103
69
52
52
26
27
24
4
1
0
1
3
24
51
95
103
72
18
13
15
30
16
5
2
1
1
12
8
10
65
129
164
178
155
99
59
42
37
36
22
18
15
12
18
12
19
15
5
20
18
17
36
75
112
142
145
168
111
65
97
167
253
400
546
638
610
405
313
204
106
45
31
150
325
358
315
289
263
217
109
216
312
374
314
216
215
272
309
222
137
155
168
146
149
123
107
81
84
65
55
90
219
320
262
160
65
35
28
22
18
81
195
213
169
158
160
192
149
90
93
68
26
33
70
65
77
99
123
140
111
81
92
201
220
190
193
225
387
449
505
485
434
375
342
295
230
170
137
157
156
284
299
230
351
351
177
168
185
167
164
228
263
272
329
190
65
75
137
225
187
103
24
140
121
150
153
168
130
168
219
416
419
347
338
358
378
591
724
763
771
714
669
560
548
556
478
192
189
389
544
592
588
557
512
390
273
270
283
305
271
252
212
198
184
210
237
227
179
117
78
97
147
169
93
90
153
196
141
99
71
68
86
109
139
172
224
256
295
421
528
491
236
324
558
626
596
308
139
183
312
456
418
208
169
370
498
483
381
249
270
394
499
512
292
272
318
350
254
165
152
179
234
258
276
223
177
136
97
76
25
15
36
70
89
108
134
155
267
445
596
657
700
737
747
822
861
711
658
719
817
828
857
879
887
924
890
844
752
598
532
502
571
649
691
730
751
1050
1360
1525
1626
1596
1405
1120
797
623
603
681
650
485
256
179
201
297
413
452
452
514
675
769
805
681
427
214
133
47
23
52
91
127
102
111
191
193
113
140
185
120
61
36
52
58
73
77
40
31
52
71
111
133
129
122
109
84
60
45
21
13
18
30
53
84
88
81
54
53
45
51
55
91
174
193
178
166
126
97
115
117
159
166
125
105
103
113
155
186
191
157
163
163
106
89
211
381
520
652
711
697
677
640
512
588
764
840
836
799
584
519
742
700
681
629
619
633
581
443
334
289
325
369
325
470
693
691
346
451
456
466
455
385
327
363
480
516
526
500
439
356
449
423
306
372
359
262
157
282
113
136
145
103
83
139
201
283
316
328
418
391
261
189
189
198
192
184
237
322
270
128
89
85
55
38
44
84
77
103
157
221
291
289
223
151
189
297
435
531
470
438
367
380
570
856
1215
1421
1461
1289
1080
703
365
273
346
492
667
780
859
919
971
1088
1070
1049
1032
955
851
686
411
182
140
165
176
285
372
466
492
479
482
448
391
352
307
259
178
127
81
35
16
9
4
3
1
0
0
2
0
2
1
2
9
29
28
5
3
10
9
16
24
29
20
13
5
4
1
0
0
0
2
0
5
20
27
27
14
30
43
48
23
20
15
6
2
0
6
8
17
23
28
37
30
30
22
10
0
0
6
7
9
5
5
3
0
0
0
0
0
0
3
6
0
3
4
0
3
3
3
13
19
21
15
15
25
44
45
34
25
14
19
10
0
0
0
4
8
15
16
15
15
16
16
23
20
8
0
0
14
7
2
7
0
3
1
2
2
1
6
2
6
14
13
22
48
71
86
87
72
36
14
0
0
1
4
7
16
12
7
6
19
12
13
13
0
4
15
23
13
0
4
19
87
191
268
309
339
325
213
135
134
87
45
27
14
0
1
14
28
32
31
28
23
16
22
23
2
0
1
2
3
19
47
48
16
32
89
92
83
80
137
169
189
212
181
187
239
328
361
335
277
269
258
190
115
99
160
267
334
348
268
157
168
251
335
386
385
284
215
221
191
139
145
139
86
31
84
144
204
285
360
374
368
369
315
254
220
238
218
190
150
80
82
91
76
20
39
78
38
15
6
6
0
0
0
0
12
42
54
65
66
58
53
66
89
114
115
63
67
114
142
148
105
138
260
314
349
350
332
295
323
392
552
721
804
830
869
821
862
1070
1150
1215
1036
748
345
450
481
446
449
412
423
572
730
819
827
825
832
916
820
739
616
466
458
413
226
209
173
151
199
232
194
178
201
225
226
220
165
127
136
201
244
283
221
142
479
766
983
907
665
1327
1659
1731
1742
1543
1388
1347
1461
1153
819
693
1029
841
429
669
830
468
364
379
311
138
157
146
91
35
9
24
51
66
66
23
11
58
140
228
228
423
578
554
269
258
337
204
194
186
443
510
401
227
222
241
140
148
325
358
274
193
172
194
238
247
176
105
89
88
109
99
132
154
134
230
292
543
205
170
144
202
190
188
187
163
190
223
320
324
300
244
252
269
242
169
188
335
442
485
454
483
465
360
199
127
89
91
85
80
104
73
58
60
30
19
48
72
94
115
98
62
52
37
18
9
9
20
23
16
11
4
1
3
10
10
12
9
14
3
0
0
0
1
8
12
4
0
0
0
0
0
0
0
0
19
72
155
212
240
120
111
87
51
34
21
11
3
2
6
15
18
36
40
15
23
35
40
34
37
28
25
30
58
43
25
20
18
13
5
14
16
23
22
18
16
77
77
84
106
149
154
141
145
111
102
65
72
71
60
66
71
50
28
74
154
199
230
254
189
132
68
51
58
39
14
20
5
0
0
0
1
0
3
3
2
6
3
4
44
63
6
15
16
25
15
23
30
18
7
10
13
15
17
17
1
1
1
1
3
0
1
1
13
16
9
2
1
0
0
2
2
0
1
3
4
0
2
0
6
11
3
0
5
47
35
57
75
93
152
170
158
173
204
203
226
280
268
225
262
272
262
315
365
387
443
456
495
488
527
488
518
527
403
378
367
362
326
281
329
323
319
290
220
179
147
148
160
155
162
176
173
187
225
259
278
338
379
352
359
425
486
553
628
692
760
787
791
744
683
589
473
363
308
236
185
166
150
265
401
460
536
686
797
905
999
1162
1204
1290
1237
1101
906
641
461
279
214
172
97
30
13
29
57
102
150
168
165
161
139
115
86
64
48
32
33
20
19
14
17
36
32
26
16
2
3
0
0
0
0
0
4
23
26
47
51
43
36
38
33
32
21
7
15
19
19
23
13
28
68
97
93
79
53
32
31
49
84
158
216
267
167
53
16
30
64
57
74
164
284
368
433
470
423
324
219
122
106
115
96
68
52
79
60
69
61
95
110
101
147
186
218
219
156
123
76
73
53
34
53
136
140
54
52
134
166
117
62
144
340
437
486
420
245
189
229
194
90
22
35
33
27
50
60
16
76
71
52
8
14
4
10
4
0
1
5
4
1
5
1
12
14
16
11
0
0
0
1
1
1
0
2
0
0
1
1
13
13
14
8
5
6
33
24
17
27
24
22
12
9
8
18
28
35
42
32
36
23
28
28
21
14
11
16
51
28
11
6
8
10
11
9
1
2
4
5
8
3
2
11
0
0
0
3
21
22
7
5
7
6
2
1
0
0
0
1
3
3
4
7
8
11
20
30
30
19
18
7
10
12
8
5
2
4
1
0
29
129
243
333
376
392
345
241
147
131
98
79
50
24
7
12
25
51
69
99
154
227
286
319
312
255
196
142
66
23
15
12
9
0
7
7
2
5
25
143
265
379
465
496
486
429
384
387
388
390
283
216
184
124
92
128
124
102
78
64
37
27
22
22
17
8
5
7
9
3
8
12
10
1
0
0
0
0
0
0
0
0
1
0
0
0
30
52
75
87
81
72
55
118
206
267
232
114
25
28
20
15
20
29
32
36
25
9
7
16
14
15
7
13
12
21
46
130
276
402
517
539
455
370
345
274
176
81
75
74
69
45
15
51
61
52
49
22
28
161
309
451
465
352
162
79
132
328
405
407
304
139
167
262
254
184
158
128
120
147
172
211
182
160
207
301
400
435
452
442
362
250
173
160
154
139
70
60
71
144
212
277
282
245
213
159
114
78
97
166
77
94
260
292
281
254
193
35
18
20
61
102
172
275
307
351
265
153
124
230
268
299
283
289
294
280
234
193
135
75
22
22
108
217
244
194
187
172
139
136
186
278
317
320
276
254
227
172
102
24
30
114
84
29
2
4
4
16
15
23
39
48
54
83
52
9
3
0
3
4
12
18
43
85
147
259
371
462
541
500
482
463
572
742
873
908
1103
1103
917
809
687
675
565
792
904
648
445
754
1053
1415
1921
1981
1583
1267
957
892
441
569
676
784
859
809
834
829
796
773
762
694
625
762
889
773
611
555
447
342
318
487
579
511
307
279
258
233
180
200
216
259
276
377
601
741
914
1049
1238
1373
1222
1139
1022
600
584
495
399
215
200
343
497
606
642
631
636
547
503
505
540
541
500
469
440
423
391
358
282
228
240
321
353
444
635
768
814
870
914
838
851
1051
1228
1357
1356
1357
1301
1206
1406
1177
994
861
722
680
909
905
732
809
1015
1123
1152
1064
1168
1110
975
941
1221
1276
1288
1202
1020
724
478
758
849
854
691
413
291
362
430
403
347
257
117
64
35
16
142
641
1179
1558
1596
1391
1262
1025
953
884
838
846
858
799
667
622
834
754
416
697
687
605
451
239
241
384
506
763
1053
1573
1951
2107
2142
2052
1705
1489
1118
794
1192
1669
2016
2731
1859
1813
1714
1745
1583
1354
1060
660
569
594
594
614
734
917
1260
1733
2081
2303
2466
2280
1769
1131
1013
999
1274
1146
775
365
200
353
398
427
439
490
589
683
801
947
1096
1316
1606
2019
2426
2675
2598
2370
2161
2112
2079
1775
1128
638
625
863
1195
1515
2085
2496
2784
2848
3103
3206
2971
2311
1949
2066
2602
3164
3369
2977
2436
1989
1833
1906
2942
3578
3872
3985
3716
2984
1888
1321
1466
1360
1353
1483
1454
1039
669
1021
1005
871
632
357
761
1014
1015
875
710
700
606
592
725
982
1080
1124
1252
1299
1188
1152
1043
1096
1125
1183
979
416
576
672
664
609
705
947
1390
1687
3002
1451
1025
1324
1509
1386
1104
1079
1412
1902
2176
2205
1945
1275
770
621
786
874
800
658
802
1107
1361
1563
1791
1891
1956
1972
1720
1504
1343
1103
897
865
596
638
530
334
457
553
551
545
700
761
677
367
288
393
332
210
287
280
260
292
301
495
776
902
849
789
753
736
690
305
581
635
537
410
421
270
175
157
194
416
492
398
65
193
250
248
343
349
237
115
109
104
119
166
207
155
106
140
150
90
139
124
41
47
44
44
22
55
67
62
68
71
102
155
233
308
352
335
277
184
185
244
413
419
348
344
663
1011
1431
1793
2014
1842
1893
2089
2045
1787
1512
1227
1206
1261
1177
916
703
804
902
899
991
1079
1215
1223
1135
921
736
645
635
680
689
694
688
647
592
597
481
314
244
180
167
197
127
122
173
196
301
306
280
287
190
176
151
182
218
154
141
135
122
136
98
112
153
275
259
247
196
134
192
233
199
160
181
158
96
54
41
117
212
222
145
128
95
64
54
31
12
18
12
38
86
134
133
157
181
182
171
138
116
82
82
48
36
66
146
336
362
322
411
446
465
475
422
381
361
319
288
307
314
345
395
446
465
469
424
402
381
343
349
337
344
346
369
285
175
172
208
231
278
284
276
272
252
197
135
58
45
43
78
108
98
100
84
84
92
98
76
78
78
75
102
78
48
80
85
103
126
131
118
107
82
95
165
203
282
278
222
212
181
113
78
26
29
26
33
53
68
66
69
84
79
76
66
74
68
53
36
37
29
13
20
13
10
4
8
10
19
21
24
23
66
59
6
5
22
20
12
10
0
1
10
10
19
13
23
16
10
2
9
16
43
79
114
146
185
200
233
256
259
286
299
291
224
77
26
30
29
88
163
229
335
370
442
469
470
847
435
418
366
309
219
171
80
46
8
0
9
33
92
147
196
208
231
242
242
281
315
335
271
214
152
94
26
12
8
19
47
114
171
224
267
284
276
296
272
268
273
247
221
150
93
55
37
26
16
32
62
122
159
206
245
255
251
289
310
338
310
282
253
229
228
214
177
164
163
160
152
152
221
355
380
367
367
471
567
590
510
534
606
656
744
770
795
787
754
679
660
680
699
690
664
639
585
465
325
188
122
218
318
374
367
406
400
396
451
473
553
661
844
987
1152
1185
1176
1283
1425
1655
1887
2245
2583
2619
2445
2133
1951
1689
1665
1532
1358
1152
972
739
518
380
364
473
505
484
449
448
453
441
432
479
542
560
494
441
365
343
372
377
419
456
502
483
531
467
425
351
282
247
249
227
219
182
187
219
219
208
205
172
142
123
74
53
51
97
166
390
752
1113
1471
1939
2263
2420
2321
2176
2062
1837
1535
1289
1117
1328
1435
1288
815
651
789
723
596
531
533
463
419
389
389
381
290
123
116
242
506
946
1200
1334
1754
2199
2272
2082
1788
1421
1113
1107
1255
1613
2116
2218
2171
1989
1373
475
845
959
829
794
818
733
767
769
757
799
833
764
661
670
588
555
740
750
731
658
561
544
558
579
592
621
654
701
670
755
784
808
736
721
761
865
808
538
249
259
379
453
537
518
423
324
191
118
102
225
368
442
457
426
522
609
689
732
707
709
696
735
689
657
562
499
454
419
362
278
201
162
106
67
31
58
95
167
233
263
292
295
362
364
432
519
592
585
562
594
663
622
481
361
207
174
169
220
259
275
239
168
34
236
590
1012
1331
1540
1611
1560
1463
1352
1144
653
297
418
456
427
305
283
294
266
255
312
366
386
332
210
162
393
514
630
940
1371
1673
1976
2157
2014
2037
2151
1751
1389
1245
930
818
1094
988
803
633
682
926
1202
1423
1405
1138
845
395
141
362
371
194
195
597
939
1469
2052
2352
2100
1597
1192
853
736
641
634
663
602
606
624
635
1022
1333
1378
1277
616
747
763
637
323
122
122
55
57
110
64
75
109
124
90
64
38
12
10
37
129
238
307
352
528
831
967
873
856
946
932
1081
1051
1171
1355
1319
1138
828
451
353
489
502
503
514
776
1062
1292
1269
936
500
395
368
318
616
794
830
731
493
171
244
331
361
315
239
140
179
298
329
294
272
403
674
871
970
1001
1050
1028
1079
1354
1270
1373
1623
3752
3201
2938
2370
1978
1828
1776
1752
1787
1672
1359
860
1397
1710
1846
1761
1614
1751
1860
1976
1960
1954
2017
2118
2339
2534
2702
2514
2245
1414
1017
1136
990
561
385
454
441
367
279
214
178
186
152
263
452
578
530
596
693
537
507
567
505
513
462
404
344
238
151
86
44
29
81
152
175
165
135
124
136
176
510
1003
1224
858
573
448
485
344
329
441
439
445
588
763
767
659
543
478
333
294
272
248
312
512
807
949
872
769
802
825
820
733
613
659
690
751
607
527
576
600
509
458
587
878
1106
1240
1375
1488
1536
1426
1444
1324
909
964
886
831
861
902
829
642
408
458
494
467
786
1076
1338
1610
1772
1815
1896
1743
1637
1562
1502
1102
645
497
582
564
621
722
701
560
413
594
680
698
728
639
527
366
252
207
225
326
399
395
348
331
319
335
287
237
214
179
131
160
171
176
202
188
228
311
354
335
370
404
360
289
221
220
239
223
153
138
126
110
152
155
193
206
193
197
182
227
191
157
120
55
22
30
36
42
68
78
69
82
60
35
24
67
126
278
352
409
463
469
464
413
273
166
147
234
306
318
278
256
332
375
356
242
285
344
344
322
346
368
370
355
357
326
260
234
196
199
203
288
366
451
488
457
359
200
88
57
66
126
173
175
241
230
207
364
476
603
774
905
1147
1341
1531
1631
1515
1338
1080
934
854
649
485
627
735
732
718
895
991
940
811
558
584
527
363
360
373
308
281
242
211
137
49
112
176
164
107
26
20
22
13
20
106
186
407
643
1089
1507
1475
1223
818
969
1095
1149
1670
1543
1301
1235
1618
1912
2246
2697
2880
2671
2221
2113
1787
1394
1155
1031
850
865
864
843
814
885
942
934
883
779
438
699
914
1048
1060
919
654
798
902
833
746
665
662
703
771
878
969
1069
1209
1291
1476
1526
1420
1176
928
1696
2197
1707
999
1612
1885
1837
1610
1201
959
1542
2069
2288
2078
1559
1286
1448
1182
880
799
990
1028
958
869
814
691
673
656
749
1072
1296
1425
1479
1550
1638
1602
1466
1271
1205
1149
1060
1059
1125
1252
1391
1248
1147
1042
924
869
689
489
558
575
575
605
632
502
424
358
349
415
471
543
645
621
480
419
403
357
269
269
306
230
190
289
347
355
393
361
378
351
314
305
306
321
340
367
374
372
354
303
266
259
229
181
157
123
107
72
30
13
20
46
62
66
54
153
43
36
62
71
99
112
109
121
127
126
95
157
54
36
16
7
4
24
42
22
60
113
188
267
382
478
609
599
554
505
547
453
368
273
286
324
354
296
252
192
214
239
263
270
260
270
285
305
339
334
350
423
442
497
570
578
654
652
647
714
779
867
1010
1058
1104
1133
1123
1002
833
596
523
485
428
352
221
186
167
183
203
197
200
203
232
285
314
303
340
317
299
314
312
318
285
268
230
198
159
109
31
24
76
125
146
167
168
158
149
115
60
10
7
59
99
133
142
148
129
95
49
22
33
85
97
92
90
101
92
86
94
87
96
100
75
52
21
0
3
12
11
9
10
15
19
10
22
33
32
71
99
142
140
129
103
82
39
10
8
13
28
37
51
88
74
50
49
60
117
182
216
288
331
386
437
488
513
564
572
572
563
539
503
476
473
448
439
412
384
402
489
652
732
782
741
641
655
840
985
1048
1099
1091
1049
1073
1038
980
924
787
581
397
303
100
53
87
147
193
195
168
124
161
191
142
88
96
111
119
158
181
188
209
199
161
101
62
28
25
35
44
21
10
8
9
12
21
24
45
114
145
105
59
57
121
147
112
17
10
36
38
31
21
13
0
0
0
0
0
0
0
0
0
0
0
0
0
0
0
0
0
0
0
0
0
0
4
10
3
0
2
2
0
0
0
0
0
0
0
0
0
0
0
2
2
1
4
9
7
11
15
16
11
8
8
8
0
0
0
0
0
0
0
0
0
0
0
0
0
0
0
0
0
0
0
0
0
0
0
1
0
1
0
0
0
0
0
0
0
0
0
0
0
0
11
33
83
139
152
165
189
239
259
282
275
222
179
128
87
62
37
32
42
40
77
122
172
151
145
166
186
181
162
105
74
69
104
94
74
55
47
36
13
6
14
32
37
35
34
23
25
15
8
0
7
11
15
11
20
33
79
87
103
131
157
160
165
148
132
117
116
91
78
48
31
40
79
171
274
366
427
436
327
165
151
90
82
86
120
216
312
410
479
526
476
386
352
298
247
212
137
94
70
82
91
90
94
106
140
142
137
99
67
63
34
26
12
8
4
9
18
32
55
102
174
274
408
457
565
588
535
450
322
221
171
116
100
74
65
30
37
92
112
107
92
77
73
90
88
95
110
110
103
91
84
72
58
64
64
71
68
74
74
59
54
30
109
30
21
24
5
4
8
3
4
2
2
3
2
8
20
33
44
54
42
23
20
11
15
17
5
2
0
3
7
15
19
39
51
79
127
181
280
424
593
659
694
727
785
839
795
753
625
496
521
549
573
489
409
321
309
182
110
123
204
235
269
361
445
468
573
594
533
424
278
216
197
210
181
139
95
89
141
236
317
370
393
446
497
560
643
704
755
739
801
812
862
892
945
961
1067
961
840
665
498
472
452
347
220
158
203
226
242
198
195
241
298
298
331
341
412
505
599
765
937
1018
1034
964
923
926
934
905
958
1018
1137
1240
1371
1435
1417
1369
1359
1212
1165
1121
1232
1174
1317
1296
1060
801
693
845
995
1128
1034
774
835
965
915
747
412
476
624
659
714
730
752
716
608
682
845
1032
1064
883
608
389
477
554
526
632
581
466
311
304
270
242
167
66
44
40
68
116
103
133
63
271
562
862
957
889
613
772
1019
1381
1495
1363
928
1337
1770
1951
1974
1925
1553
1026
706
700
835
819
814
779
649
267
248
424
487
441
329
218
121
68
113
322
511
652
699
761
961
1287
1548
1657
1825
1629
1386
1248
1232
1103
1494
1509
1365
1332
1662
1890
1713
1500
1620
1896
2012
2072
1922
1618
1597
1428
1108
1083
1607
1745
1780
1585
1108
912
574
499
590
570
598
821
1345
2084
2767
3095
3501
3210
2903
2558
2282
2084
1708
1471
1321
1294
1141
911
809
678
605
658
756
721
561
456
433
431
583
779
1266
1677
2024
2135
2132
2140
1837
1284
1050
1055
1070
1335
1881
2020
1668
1056
1048
1116
1258
1547
1802
2021
2242
2342
2422
2176
1750
1062
1279
1243
1014
690
528
431
389
403
452
587
892
1070
1246
1321
1360
1327
1342
1370
1354
1394
1374
1367
1311
1260
1192
1223
1312
1327
1362
1416
1462
1400
1416
1328
1409
1429
1395
1213
1120
1035
1008
926
934
826
775
609
424
293
291
295
255
221
278
397
412
392
379
373
336
385
405
383
363
354
220
245
369
475
603
666
634
559
578
594
742
847
911
687
630
625
574
482
585
696
708
623
760
869
933
1052
1022
1045
960
944
1055
941
879
760
924
982
1164
1001
793
606
409
375
373
407
295
272
476
617
716
857
944
867
593
832
1001
995
920
744
721
881
882
737
575
795
951
1121
1130
899
671
631
632
575
480
411
452
556
639
637
535
375
252
188
122
74
81
70
77
63
74
108
72
78
101
94
115
120
155
130
61
44
74
86
70
73
73
72
72
103
185
260
657
207
104
103
123
105
159
255
293
365
403
513
641
678
658
726
684
569
478
431
348
281
234
222
470
806
1129
1285
1319
1403
1576
1855
2132
2316
2333
1974
1768
1690
1803
1833
1789
1473
1297
1350
1198
1144
1083
853
807
837
1013
1374
1632
1795
1864
1759
1663
1368
836
909
1237
1236
1139
1523
1720
1675
1236
1296
1990
2420
2089
1988
1930
1662
1578
1529
1347
1128
938
765
627
629
873
906
838
676
428
358
300
339
311
253
293
377
446
508
538
528
462
444
455
421
340
271
226
223
226
207
255
488
721
773
676
565
506
492
500
507
488
420
234
219
226
247
334
471
531
564
645
754
781
802
793
742
670
599
510
480
460
465
511
532
543
460
412
377
359
335
281
236
185
165
98
41
27
20
28
39
45
51
61
63
46
33
21
20
43
87
79
70
57
56
59
75
84
133
187
158
96
45
32
47
76
92
80
62
49
50
49
28
31
31
15
15
13
13
14
9
28
63
97
180
319
416
476
438
303
219
138
78
88
94
129
129
100
94
90
62
19
30
56
53
33
12
7
5
19
19
22
33
23
11
0
0
11
26
29
18
6
3
5
7
6
10
6
10
30
74
126
155
168
175
121
97
107
106
109
98
111
80
57
56
37
26
9
7
21
95
208
301
407
505
543
554
491
356
212
130
67
33
45
52
27
40
54
78
181
248
334
413
430
397
348
297
249
258
242
242
288
358
403
397
452
435
433
358
300
223
149
62
21
8
14
40
67
87
111
131
135
137
146
144
153
121
77
62
73
83
66
35
42
88
108
156
172
158
98
45
119
188
160
151
281
364
335
245
313
467
555
623
630
439
225
197
145
156
155
118
77
50
48
64
146
260
368
391
372
379
398
409
467
504
441
337
189
107
79
116
174
237
241
212
169
160
158
149
138
150
185
249
317
320
296
264
294
307
360
305
296
239
228
210
194
165
111
77
58
33
35
38
56
79
120
113
105
100
91
76
63
37
33
14
12
16
16
10
14
6
13
26
26
24
23
16
91
237
453
770
852
1026
1277
1253
1449
1706
1604
1175
618
224
805
1102
1119
950
876
1025
1199
1364
1487
1526
1645
1622
1313
1041
774
566
527
352
155
107
114
233
229
171
152
131
102
47
13
31
70
81
49
11
17
34
27
43
56
71
108
112
79
33
0
4
14
25
23
17
7
1
25
12
50
24
17
40
103
223
309
379
370
192
103
60
81
85
124
193
225
203
182
144
102
66
86
98
79
96
87
87
59
34
56
176
377
670
1033
1467
1753
1700
1432
1001
678
591
710
891
1019
1198
1311
1380
1252
946
672
440
364
375
462
547
561
526
423
239
490
1039
1485
1711
1604
1124
778
605
178
379
496
508
348
300
348
346
316
244
157
187
243
199
148
126
123
173
181
155
123
135
169
219
339
386
354
185
155
216
247
267
178
153
337
428
453
513
524
430
316
342
239
289
379
411
520
802
1393
2322
3183
3377
2998
2121
1371
1764
1736
1489
945
1027
1308
1579
1727
1304
710
963
969
1013
1164
1387
1583
1684
1664
1659
1574
1344
1121
1252
1235
1272
1181
1098
897
795
856
839
807
775
744
892
1174
1301
1337
1294
1188
1163
1199
1137
1022
980
906
833
725
562
290
176
262
445
622
691
632
580
522
489
485
380
308
208
186
176
175
164
242
296
322
381
348
377
421
562
664
729
725
675
560
426
248
116
51
123
169
147
138
63
133
166
145
81
59
53
27
27
33
15
11
40
65
67
46
63
83
91
67
74
84
29
11
8
9
2
18
10
10
5
19
16
6
1
8
15
5
17
0
4
1
1
1
2
16
24
9
11
15
5
3
6
3
1
20
46
29
16
44
93
225
338
438
557
794
1067
1263
1237
1428
1595
1617
1740
1762
1518
1050
583
817
1046
990
685
394
481
775
867
889
840
544
596
927
1149
1161
1074
958
880
937
1078
1283
1489
1603
1524
1824
1955
1248
934
1262
1222
983
783
743
773
859
1026
1113
1118
1032
992
848
609
681
692
667
628
551
454
309
271
261
224
252
270
280
292
317
333
364
442
553
573
581
572
587
542
504
509
512
513
490
496
452
337
325
220
120
70
67
79
116
151
155
164
166
183
206
212
207
182
190
227
289
312
363
450
439
383
329
259
251
220
247
253
251
269
291
272
262
285
495
644
643
611
648
821
933
948
832
895
1064
1011
913
886
745
644
543
459
691
795
622
245
491
529
532
593
688
727
746
853
819
686
597
688
658
783
841
678
350
444
715
780
701
608
435
357
324
598
929
1070
888
561
468
619
563
460
423
268
273
222
223
170
144
98
79
75
123
151
128
116
103
93
78
82
72
119
144
148
110
101
51
37
39
52
73
192
357
453
355
251
287
330
214
187
251
362
349
410
579
510
1014
654
676
636
637
608
568
498
523
521
507
538
621
573
696
747
583
551
798
955
775
768
855
913
920
957
457
439
396
192
174
421
639
816
734
416
258
417
415
243
167
530
556
135
636
839
634
218
522
708
543
145
402
475
294
151
162
187
130
218
295
271
228
496
624
386
232
395
303
95
114
195
134
31
156
216
284
353
385
386
380
444
642
785
921
873
713
575
401
192
390
566
732
817
934
692
766
786
644
527
465
487
504
442
459
499
461
724
802
734
688
831
924
1109
985
810
580
674
780
827
853
808
713
681
547
434
309
186
150
167
237
250
249
219
150
106
122
100
49
48
120
163
104
60
35
23
22
84
118
105
86
83
53
26
25
44
162
317
454
622
836
934
984
841
516
267
282
423
549
535
541
490
460
423
337
189
41
122
174
99
65
66
95
80
75
41
23
45
30
66
73
38
11
3
3
2
0
0
0
0
0
11
19
12
15
30
31
25
19
3
0
0
1
0
0
36
165
415
626
710
733
715
720
718
748
527
405
441
499
709
897
1035
1120
1095
978
846
692
521
392
261
158
174
179
150
150
152
147
146
132
138
109
73
40
15
18
35
56
68
80
61
61
57
62
72
57
25
8
37
52
76
111
108
78
18
10
35
71
102
132
144
128
99
55
38
45
66
58
57
55
24
12
12
13
27
63
82
65
41
29
48
68
100
176
290
391
539
829
1026
1177
1312
1418
1435
1196
825
678
713
609
441
310
298
285
250
284
330
368
381
364
267
228
249
285
325
400
430
412
393
410
396
394
351
293
176
71
37
57
76
73
71
56
49
52
60
119
233
323
399
380
339
322
278
240
232
187
206
220
233
243
233
216
187
176
152
138
119
82
44
39
54
69
95
139
147
173
207
209
179
179
153
137
120
73
88
195
327
461
640
727
890
900
923
927
995
933
806
746
719
577
524
781
786
840
1012
1169
1093
949
767
371
560
796
875
891
808
596
400
268
182
229
183
68
1
56
107
103
85
51
109
322
587
985
1433
1667
1704
1643
1623
1516
1516
1360
851
969
947
957
857
890
940
730
549
434
368
304
323
312
270
331
334
345
321
307
276
306
355
376
401
405
351
309
314
408
509
634
684
654
673
694
662
619
643
658
709
793
917
997
1103
1158
1324
1540
1651
1753
1755
1628
1433
2094
1008
936
950
988
1094
1225
1273
1262
1205
1381
1678
1823
2113
2590
2984
2940
2678
2465
2242
1815
2155
2532
2976
3324
3444
3383
3212
2969
2597
2369
2178
1911
1622
1201
1004
889
1064
1178
1270
1461
1506
1618
1734
1734
1679
1504
1243
1152
983
753
585
445
334
300
345
396
412
396
340
324
376
376
271
276
362
467
623
751
842
827
754
735
657
589
575
593
621
656
599
524
564
932
1041
944
890
768
570
354
249
329
402
348
323
286
286
284
262
248
231
274
238
232
184
143
84
53
46
47
47
95
192
311
461
620
823
1036
1120
1273
1432
1497
1519
1298
1394
1598
1742
1785
1745
1501
1224
1018
888
780
676
778
997
1143
1056
871
877
994
935
726
373
370
396
458
478
338
169
113
128
192
354
586
890
1201
1304
1219
1045
1153
1244
1265
1131
874
638
467
393
382
405
477
573
723
841
808
575
418
328
276
371
491
538
520
422
428
402
356
377
477
504
456
499
520
540
490
492
505
475
402
357
303
298
252
270
281
260
277
219
352
548
849
1131
1885
1090
867
731
1024
1072
732
710
914
927
739
501
685
1077
1202
1021
625
791
623
288
336
364
476
532
695
851
1002
1116
1167
1152
1102
982
938
834
778
744
746
816
926
997
1060
1121
1288
1368
1516
1590
1694
1670
1578
1435
1112
882
809
597
585
723
643
317
536
704
803
871
1014
1144
1132
983
1336
1760
2086
2151
1904
1463
1009
506
529
1015
1408
1651
1811
2156
2561
2865
2438
1734
1199
822
1190
1208
868
898
905
1071
922
583
540
656
757
780
752
678
639
614
545
451
382
253
290
404
308
326
328
363
325
338
370
405
433
489
643
717
680
572
549
422
415
317
241
303
275
231
217
215
257
337
348
320
209
140
161
192
167
150
123
139
84
30
38
35
29
77
114
108
99
198
319
441
577
747
838
888
896
853
786
741
669
618
512
360
210
122
52
111
163
180
176
184
178
175
169
134
103
85
68
83
84
64
27
37
5
29
37
19
12
11
39
44
21
31
69
84
98
83
74
45
15
6
39
101
146
171
261
357
483
617
727
770
713
646
558
408
481
765
1016
949
810
700
598
608
606
592
536
435
435
410
476
594
650
632
490
631
837
855
801
646
468
409
487
457
426
427
459
544
574
625
671
699
714
892
1156
1385
1649
1786
1806
1645
1424
1411
1325
1209
1297
1322
1176
956
809
620
412
291
220
153
99
75
77
70
96
129
172
172
244
339
829
508
535
527
573
575
591
575
513
360
225
270
343
421
525
651
692
646
441
223
336
385
367
430
527
671
853
874
867
958
911
913
930
812
679
601
566
679
958
1179
1096
1002
912
745
747
540
331
424
486
451
393
316
223
99
35
93
188
225
253
257
270
256
261
279
293
273
195
163
203
236
218
168
155
216
317
399
483
513
504
460
475
452
410
373
305
193
108
76
55
105
270
425
568
749
879
905
933
1018
945
979
879
775
636
361
407
445
442
145
414
469
401
210
245
370
457
273
488
628
448
475
405
474
418
403
384
587
580
540
440
345
399
276
432
494
584
586
551
590
531
482
305
234
225
194
124
54
88
148
118
74
60
54
53
58
63
61
48
57
79
108
134
145
136
187
273
318
370
438
460
425
316
203
192
167
160
114
104
69
40
45
72
92
115
137
142
144
96
46
128
197
189
117
65
105
147
145
96
15
1
3
27
34
15
3
23
63
95
96
138
191
254
357
404
397
380
292
229
160
92
77
71
59
39
23
17
47
70
86
96
124
108
100
80
40
16
43
49
39
52
42
32
34
52
79
113
144
105
41
12
17
36
47
67
95
82
38
24
16
18
20
30
29
64
131
145
107
73
55
66
90
114
178
315
378
365
294
192
121
83
76
126
168
187
191
194
282
451
631
771
798
769
640
477
326
252
241
260
247
222
203
189
271
326
412
552
673
736
740
824
739
599
550
508
524
526
500
434
270
314
355
335
395
418
365
428
500
581
660
701
757
787
762
716
656
546
437
342
271
200
165
111
76
81
41
42
75
115
140
145
141
94
60
32
9
0
5
34
88
113
102
113
137
239
278
277
275
177
143
159
205
257
297
357
379
333
342
318
253
225
224
231
350
477
605
682
757
847
959
895
847
770
822
949
874
623
437
340
315
404
449
410
346
358
379
340
348
358
365
328
333
334
270
198
151
146
134
99
109
97
80
48
44
24
12
16
31
33
22
21
27
50
50
47
36
30
26
28
10
8
12
8
18
17
87
91
50
55
50
41
41
146
293
514
866
1104
1389
1565
1567
1629
1297
1236
1027
1172
1616
2237
2584
2289
1272
1340
1533
1432
897
597
1410
1661
1682
1282
871
1036
1071
1005
775
898
1181
1449
1581
1562
1460
1138
584
781
1042
1181
1194
1044
769
706
693
903
1069
1785
883
703
409
301
290
272
319
413
450
410
231
157
181
198
186
184
165
177
179
194
164
120
126
102
134
210
285
306
305
152
48
140
236
160
101
209
295
307
307
311
283
254
171
54
6
14
38
61
84
97
117
109
112
90
79
86
101
103
103
83
63
38
40
38
57
46
71
58
44
40
22
26
9
1
1
1
0
0
0
0
0
0
0
0
0
0
0
0
0
0
0
0
0
1
9
18
52
71
106
84
72
59
36
27
13
15
12
7
4
0
3
35
114
136
166
169
181
158
164
130
117
78
67
53
42
38
31
19
11
3
0
0
27
103
204
266
308
374
426
436
455
411
364
323
335
287
242
207
131
84
54
35
32
20
17
35
53
83
91
109
152
151
152
141
124
142
148
169
187
212
238
247
275
302
327
288
288
267
273
246
195
120
75
55
47
46
32
56
113
142
121
57
88
89
68
41
12
13
14
11
23
37
34
2
20
63
76
95
70
47
38
26
27
29
27
44
53
30
68
62
56
69
61
93
98
213
288
358
470
440
439
373
306
247
241
162
141
174
205
173
151
146
90
70
84
79
40
2
0
4
16
31
27
27
32
47
58
52
52
47
42
22
11
3
6
44
54
78
38
37
33
25
51
53
40
51
29
14
19
19
15
11
4
3
7
22
23
14
22
30
35
30
31
18
3
52
66
56
63
57
19
2
11
33
93
107
92
71
33
27
31
25
23
37
60
84
83
72
53
42
38
68
114
86
79
38
30
27
44
52
119
205
308
442
511
576
578
585
521
476
456
446
385
289
228
149
121
147
151
132
160
212
238
299
392
489
554
693
866
1096
1283
1342
1417
1450
1479
1429
1397
1382
1462
1340
1204
1067
869
652
504
640
831
985
997
964
852
810
712
650
598
588
685
749
648
702
884
916
866
883
900
881
846
710
561
660
657
652
646
691
677
648
540
446
464
412
359
417
509
575
546
409
356
353
451
560
663
794
830
812
835
814
886
907
808
640
580
646
662
642
551
515
436
619
884
971
1034
955
834
782
770
802
813
807
640
444
358
367
368
353
367
288
215
146
208
419
723
874
951
1038
1064
1048
1001
940
830
659
510
452
441
624
669
571
549
421
451
443
440
435
381
403
403
388
348
374
392
467
551
606
638
602
608
780
996
1310
1628
2322
1779
1946
2085
2068
1985
2023
1812
1568
1384
1041
843
945
984
958
963
1262
1584
1688
1997
2063
2067
2049
2039
1851
1721
1306
788
510
588
836
861
771
676
638
612
619
689
757
714
612
547
833
1141
1360
1542
1746
1762
1593
1572
1589
1262
1050
953
1004
1046
1056
1023
994
949
829
694
572
468
468
543
712
776
752
749
632
610
768
774
1362
1323
943
969
974
949
882
820
734
636
591
517
466
423
572
808
932
1103
1190
1234
1230
1250
1165
1140
1095
1108
1122
992
861
732
805
904
899
776
736
751
820
994
1125
1149
1089
971
925
1009
1098
1219
1422
1541
1445
1170
1084
1217
1240
1079
848
720
594
489
446
384
339
424
557
637
611
534
576
623
772
794
813
756
696
616
572
554
475
413
378
325
237
146
98
35
60
351
565
685
836
881
876
827
842
690
470
596
655
660
584
636
637
814
843
814
716
613
566
436
359
424
470
448
424
395
333
233
99
49
199
384
468
468
434
335
278
312
376
372
333
299
272
260
250
256
218
139
127
141
143
188
251
277
303
282
195
157
149
187
260
222
109
17
64
184
262
300
300
282
238
186
135
88
17
78
244
353
292
114
243
341
354
256
143
69
87
191
283
341
298
162
100
136
233
275
237
123
120
258
361
318
235
255
326
424
439
400
402
397
471
586
646
668
580
457
334
291
244
230
205
186
129
104
80
149
204
232
255
247
261
262
241
218
203
168
134
105
87
106
190
376
626
897
1119
1281
1512
1547
1480
1365
1080
982
887
779
664
660
684
746
880
954
1095
1149
1045
624
972
1104
1096
1039
927
750
445
257
522
688
637
500
219
266
339
331
281
257
165
91
49
67
119
113
71
44
46
44
24
44
66
134
176
181
165
151
77
90
189
208
190
213
420
559
589
508
428
399
483
610
785
824
839
914
1202
1415
1625
1887
2001
2012
1903
1309
672
817
615
464
215
314
388
447
431
394
210
148
307
395
414
362
357
487
603
631
612
528
348
224
178
178
146
151
129
90
67
54
53
31
63
78
72
70
64
51
65
107
145
179
198
197
167
156
117
70
12
50
109
190
187
181
229
292
406
458
486
444
391
344
239
205
190
167
161
136
101
83
74
38
18
17
19
44
62
89
100
103
113
110
108
107
98
68
50
25
9
5
27
40
63
114
142
129
121
78
21
65
104
145
103
65
33
15
23
41
73
83
185
92
89
101
118
148
131
79
87
109
97
69
35
54
88
121
122
47
68
119
138
125
149
235
290
331
318
181
103
163
332
469
521
397
174
84
173
370
489
403
245
242
345
437
379
198
177
237
259
225
127
80
87
102
118
104
72
67
42
31
24
16
18
9
3
2
8
50
71
87
84
73
145
518
704
841
956
1097
1153
1274
1326
1291
1192
1040
824
608
486
385
347
229
256
258
257
361
412
417
303
259
373
388
349
290
253
225
258
389
593
1009
1263
1281
1258
1224
978
731
617
556
502
411
364
264
218
200
210
365
646
830
1013
1091
1084
1037
921
703
452
248
191
170
149
74
91
225
248
324
347
330
259
229
218
217
232
227
278
321
371
396
384
234
253
265
262
167
146
232
273
303
311
341
329
337
356
267
207
199
184
165
122
104
78
42
44
60
89
108
157
230
194
181
196
174
141
114
79
60
95
101
127
200
321
358
401
238
105
105
87
49
54
57
50
31
27
9
13
15
38
94
198
318
443
696
926
1104
1035
955
856
652
435
378
347
606
761
938
1076
1041
826
552
545
633
661
686
671
697
784
973
1047
1054
1014
1058
1141
1163
1221
1395
1615
1846
1812
1702
1590
1376
1145
908
773
638
592
569
551
581
642
732
804
838
925
997
1020
1039
1023
952
902
840
689
569
518
465
496
470
320
257
303
310
362
461
450
354
310
361
485
564
608
775
1060
1405
1681
2012
2067
2002
1582
1263
997
778
620
454
363
282
193
121
89
79
125
189
181
147
125
97
74
72
37
11
4
9
31
63
123
214
313
380
362
240
113
129
234
254
144
45
30
46
56
45
69
88
81
82
60
34
29
37
22
42
34
65
272
487
633
657
487
365
582
672
637
643
553
498
393
269
201
187
148
102
82
43
52
76
185
306
359
430
414
430
451
455
498
533
550
510
513
520
655
756
952
1143
1177
1100
980
831
836
819
624
526
489
503
436
395
434
432
444
381
314
263
266
306
360
488
656
910
1116
1195
1110
825
781
953
1337
1538
1647
1670
1634
1625
1564
1489
1053
715
1309
1770
1942
2011
2050
2064
1953
1902
1926
1801
1496
1062
780
959
940
964
1159
1250
1494
1793
1977
1999
1861
1626
1244
827
667
639
499
381
482
669
754
869
955
1054
1176
1229
1125
1094
1058
1054
1008
939
835
639
444
288
214
195
210
154
101
72
52
62
45
19
1
0
2
19
33
40
92
48
55
60
83
142
231
267
211
117
27
68
167
184
158
113
100
102
114
115
124
157
240
311
380
517
621
821
1029
1229
1361
1413
1502
1394
1204
1048
787
551
505
594
728
837
854
709
452
402
546
626
646
547
464
466
416
353
331
404
444
451
491
511
572
643
647
569
459
351
363
392
445
544
706
807
909
910
962
917
891
773
598
576
1033
1118
1070
1200
1459
1484
1416
1295
1081
613
427
506
809
990
1225
1315
1527
1852
2057
1899
1483
568
1369
1731
2041
2071
1905
1850
1622
1622
1422
1329
1305
1275
1197
1012
719
811
829
902
995
1041
1121
1125
1023
1059
913
979
1007
897
1011
1136
1132
1075
1044
1023
1242
1280
1282
1247
1278
1223
1196
1346
1299
1284
1347
1179
1068
849
591
639
665
830
1065
1259
1418
1354
1293
1120
795
513
388
551
602
582
623
621
534
397
321
255
272
387
451
518
589
779
946
1034
1248
1347
1514
1546
1621
1681
1615
1697
1764
1731
1416
977
916
1130
1336
1507
1420
1375
1247
1013
1155
1237
1053
1073
704
714
460
263
286
387
372
351
731
1002
1226
1261
1166
1078
962
1045
1079
1177
1134
1028
559
600
421
172
467
798
1010
1002
1176
1584
1694
1655
1381
838
626
1238
1834
2136
2362
2052
1687
636
698
895
1166
1328
1216
980
628
653
725
932
1358
1601
1546
1679
1746
1255
1302
1208
1207
1139
1039
888
602
327
472
611
686
790
952
1085
1252
1398
1239
1243
1126
911
878
927
1044
1233
1189
1081
918
696
528
888
1189
1232
1039
801
731
946
999
968
847
669
396
546
557
391
362
348
178
207
481
796
1000
1243
1333
1443
1369
1373
1456
926
1214
1148
1190
1121
1355
1433
1202
639
862
1127
750
813
774
1098
1258
1394
1787
1881
1972
2118
2006
1406
516
629
594
556
633
624
458
326
271
243
423
489
479
391
261
99
240
603
967
1292
1329
1419
1460
1475
1419
1270
1022
1294
1810
2158
2205
2323
2307
2248
1847
1628
987
804
1150
1239
905
608
935
1533
2038
1987
1431
1128
2444
3039
3295
2968
2574
1932
1335
923
1693
2371
2679
2502
2045
2081
2024
1499
1415
2040
2469
2816
2589
1973
1296
1294
2167
2276
1542
1718
1774
1191
1951
2293
2355
1565
1101
1956
2112
1727
1697
1706
1792
1665
1538
1404
989
671
870
926
684
653
498
320
378
626
993
1209
1103
614
500
409
114
254
291
536
777
960
1186
1399
1552
1461
1318
1294
1557
1638
1628
1515
1478
1509
1506
1182
896
866
912
799
656
267
129
155
92
99
148
137
108
84
58
66
125
132
192
216
254
318
286
226
202
199
279
261
219
215
477
348
508
345
295
230
282
257
142
63
78
94
117
159
177
142
74
51
15
21
36
51
51
56
61
49
36
12
21
41
70
74
84
76
91
47
49
57
25
18
15
99
422
669
869
988
1068
996
943
928
970
980
1086
1286
1445
1489
1453
1412
1400
1544
1604
1625
1271
699
567
724
925
1030
1167
1088
958
923
917
884
747
509
351
434
661
836
1019
1191
1335
1212
1097
965
868
844
830
774
753
802
732
622
529
552
505
461
488
434
290
216
157
263
700
1243
1500
1429
1085
769
692
680
612
379
386
425
416
387
235
190
376
426
370
377
473
492
469
362
266
233
257
271
298
306
313
282
300
338
401
514
645
795
845
815
762
677
550
436
321
227
161
152
171
211
263
301
318
332
356
337
319
307
271
276
329
344
243
141
67
85
94
95
170
248
271
270
215
141
81
44
80
199
482
710
738
619
395
280
353
618
806
569
303
232
243
372
394
316
281
208
192
154
131
86
66
112
272
453
492
491
485
451
388
323
282
272
270
271
263
211
178
124
90
163
219
264
270
306
316
356
391
407
403
389
369
349
238
153
103
94
131
145
168
105
61
53
11
14
57
96
99
118
110
68
68
59
71
63
61
42
85
70
40
39
51
46
25
27
28
26
43
73
83
65
41
9
5
8
0
17
14
6
7
28
45
55
38
35
23
0
0
5
0
0
0
3
1
1
2
2
3
0
0
0
0
3
12
27
65
113
180
220
244
240
212
178
159
135
80
47
30
33
23
32
18
12
15
14
14
15
16
34
60
72
75
68
40
17
7
5
16
62
119
158
191
214
243
282
346
343
274
243
163
130
106
86
79
76
78
108
146
149
160
162
150
137
82
54
65
83
94
68
53
52
44
57
47
70
94
123
56
105
154
99
64
134
123
52
40
117
118
40
32
92
93
42
53
89
11
65
91
87
2
86
90
25
82
218
194
139
183
168
137
55
47
59
66
49
47
55
60
122
201
250
344
478
657
871
1060
1175
1142
1107
993
843
840
1018
1164
1317
1279
955
637
584
764
657
481
547
651
787
893
1005
1075
1104
1189
1229
1266
1145
1058
1019
1067
1055
934
683
518
318
227
300
425
556
562
480
509
505
499
480
424
328
272
208
183
213
208
184
266
408
478
589
659
768
874
924
1016
1120
1172
1142
1136
1099
1088
1168
1261
1203
1356
689
393
349
298
316
337
299
324
338
309
394
435
490
438
331
266
198
172
181
238
311
408
536
657
816
934
1052
1016
950
900
835
767
664
589
474
363
387
359
327
302
289
316
417
600
790
1009
1175
1306
1355
1345
1249
1123
944
806
719
684
605
449
271
184
144
151
142
152
177
216
246
222
182
169
116
78
100
140
177
170
152
118
141
131
149
212
249
246
252
293
252
207
207
192
176
121
77
49
34
44
66
51
56
62
42
46
40
38
29
28
21
23
10
3
7
1
0
0
0
0
0
0
0
4
7
7
3
1
5
2
0
1
6
9
13
13
3
0
0
3
0
0
0
0
0
0
0
0
0
0
0
0
0
2
3
29
40
25
31
38
38
57
75
119
141
157
132
126
90
49
31
20
5
0
0
3
12
44
76
97
116
100
107
120
126
161
188
129
118
166
272
283
232
128
111
141
206
349
399
353
209
90
130
125
148
152
57
28
48
95
61
12
15
87
121
111
106
95
80
144
223
210
102
26
40
94
90
52
33
36
54
56
58
33
36
48
71
99
137
154
82
62
98
154
213
251
310
394
483
532
522
475
417
341
280
230
184
158
85
58
33
58
165
246
338
379
399
432
468
407
410
450
443
396
243
199
185
158
150
250
274
308
335
320
203
207
229
214
144
176
218
199
145
79
102
154
188
167
104
47
44
75
64
34
11
15
17
14
18
48
76
120
220
329
417
404
448
444
347
195
138
151
141
107
58
36
19
8
1
0
0
1
20
46
75
78
91
110
174
256
270
235
118
80
39
20
21
60
109
163
180
185
126
109
98
74
57
46
5
1
0
0
0
17
36
35
26
28
11
1
1
23
133
199
177
66
98
118
84
41
113
92
33
77
113
63
7
28
32
38
51
50
33
20
23
21
6
19
11
7
2
2
0
1
0
0
0
1
5
8
45
57
56
93
169
204
238
195
149
88
80
66
40
12
8
8
8
4
16
76
269
548
835
953
951
985
974
862
735
681
600
612
619
632
692
746
825
878
840
911
796
608
386
206
352
497
423
229
67
91
204
276
289
233
159
74
66
62
41
38
32
43
53
68
133
191
214
225
203
190
303
470
619
714
833
963
1057
1082
1067
1106
1101
1087
988
782
599
367
163
80
99
134
108
53
45
209
124
134
174
194
176
159
156
117
71
152
233
160
56
100
256
275
138
133
305
293
177
135
149
265
314
246
225
173
139
138
108
75
103
105
107
104
52
20
20
35
43
122
109
155
220
248
244
250
293
280
297
276
268
265
482
552
446
242
312
512
436
306
293
485
489
376
295
256
295
375
394
347
283
271
231
248
289
272
254
229
206
208
184
243
272
248
257
290
223
229
287
324
323
265
192
222
305
299
234
253
383
486
625
729
633
471
408
523
444
286
280
414
719
925
983
959
865
819
768
872
906
975
982
935
861
772
667
629
600
598
593
566
565
479
456
434
424
509
492
428
339
368
381
315
302
229
134
88
88
128
271
434
521
577
712
712
642
600
635
682
716
571
440
359
365
328
296
218
106
58
65
139
191
302
475
666
763
764
987
1383
1707
1871
1847
1641
1259
800
298
254
593
899
1282
1801
2263
2628
2664
2482
2224
2035
1624
1392
1069
691
520
529
539
522
355
156
227
420
482
596
556
535
664
694
588
471
336
263
262
213
170
147
151
224
294
280
310
339
321
242
143
99
106
155
131
131
156
139
187
218
204
154
115
84
65
47
51
73
129
151
155
129
138
156
196
162
176
200
201
191
235
220
270
267
289
376
331
333
285
191
258
350
357
398
328
280
241
243
219
248
280
282
269
290
280
213
266
356
407
479
389
376
604
758
736
649
1111
386
245
239
220
163
204
231
279
278
328
243
198
194
267
330
345
352
342
321
295
374
488
444
396
367
311
271
280
250
265
289
199
190
187
122
172
197
235
261
319
339
348
310
277
248
249
232
216
126
109
105
173
220
113
113
122
299
410
467
475
444
490
395
264
199
274
248
181
116
90
126
183
240
211
184
144
106
131
151
157
182
224
213
206
137
163
205
270
407
603
646
566
504
375
227
158
156
141
122
49
11
14
25
53
79
99
101
66
46
40
21
15
16
6
1
12
5
4
14
17
14
15
11
32
44
42
51
52
62
95
177
223
274
342
405
401
384
344
330
304
236
180
142
114
51
39
94
183
250
286
407
457
484
564
532
478
429
365
333
337
281
228
198
117
59
14
85
125
175
193
194
226
199
166
120
47
35
27
47
168
300
409
473
525
593
637
630
624
529
437
440
305
224
145
122
194
215
311
250
149
235
144
176
242
272
259
233
199
291
456
517
455
355
377
470
549
659
680
616
519
455
518
583
567
467
284
85
36
54
122
191
243
329
380
440
500
456
431
420
400
404
452
455
415
312
281
301
313
251
210
210
370
463
506
440
286
119
103
157
225
227
189
157
250
386
385
312
139
52
169
240
244
204
107
36
18
52
85
73
65
22
12
46
58
67
56
24
13
5
7
30
59
48
7
40
179
269
162
40
156
360
401
283
152
60
123
272
257
97
55
151
262
277
228
138
66
181
198
136
71
117
142
162
123
80
40
61
106
117
145
146
245
444
520
465
492
631
740
742
823
951
994
1036
892
925
941
883
580
265
363
377
374
330
212
117
103
131
193
274
310
312
317
301
259
268
406
574
668
591
468
516
578
546
462
428
475
618
801
795
663
428
268
230
202
170
192
205
202
240
238
224
219
243
257
256
248
225
219
199
128
111
170
216
232
244
291
307
325
268
132
90
108
114
124
94
47
18
28
143
78
11
89
117
86
77
250
349
205
177
228
277
305
244
217
462
650
590
364
301
533
546
417
200
434
612
817
752
570
435
280
139
66
30
23
12
38
99
181
258
334
440
464
448
314
423
468
271
269
241
167
230
215
264
239
168
99
26
14
34
36
18
14
13
9
17
16
30
43
35
29
28
26
45
37
13
4
1
1
0
2
0
2
2
17
27
3
8
25
30
24
35
37
48
47
74
103
109
146
141
122
117
132
138
111
63
62
54
62
53
37
25
26
37
46
95
186
267
457
621
705
752
698
550
362
639
638
528
313
286
371
406
312
170
305
447
534
586
455
574
665
584
530
526
520
426
241
117
91
69
102
125
100
75
92
109
105
124
113
116
93
84
96
67
208
346
419
410
324
299
238
167
147
132
216
287
289
279
244
247
247
173
220
338
354
296
204
193
302
471
586
636
630
540
387
283
231
202
249
344
397
492
467
498
460
423
261
93
33
82
121
121
122
288
529
532
417
366
326
300
197
111
71
51
123
202
283
356
372
383
454
606
786
928
1007
1088
1177
1272
1281
1138
869
861
935
1108
1360
1574
1640
1203
893
1330
1317
1016
655
380
435
383
262
182
186
180
214
288
384
542
612
564
333
300
547
644
688
651
601
545
449
371
337
253
233
301
315
569
360
295
286
298
212
167
189
173
139
146
243
307
306
307
327
288
249
222
171
145
95
77
42
40
27
63
63
108
188
253
341
472
552
577
552
513
431
361
309
293
276
249
177
219
332
449
502
530
502
678
1159
1568
1695
1305
755
762
853
862
829
604
436
369
336
305
211
204
174
128
124
104
95
152
158
131
75
38
88
138
124
111
106
81
100
120
108
96
104
89
99
86
112
112
159
116
65
43
44
35
38
27
43
84
144
132
121
111
70
34
23
9
1
2
5
22
47
82
130
158
125
110
44
8
7
8
1
3
1
2
0
2
13
72
113
169
179
122
148
279
276
313
376
389
450
647
958
1155
1076
743
707
740
751
702
595
542
462
428
385
374
320
211
334
353
348
207
177
324
341
351
330
272
219
190
337
405
411
403
365
354
253
180
97
56
49
37
92
138
145
144
142
167
186
222
271
348
491
558
520
463
242
381
469
471
419
413
849
843
998
1018
1110
1315
1352
1170
1166
1389
1427
1294
744
1103
1301
1400
1488
1433
1032
901
980
935
834
753
729
749
707
665
566
435
359
327
304
607
854
1014
1110
1101
1064
863
566
483
625
696
647
885
1143
1359
1356
1142
876
359
446
552
766
948
960
925
814
744
657
501
373
368
295
230
200
142
115
91
107
149
300
485
585
697
448
346
485
544
528
453
411
442
436
365
308
304
349
332
315
228
225
356
399
445
427
366
303
269
246
236
256
223
212
231
338
367
361
197
153
97
128
285
355
431
490
494
482
341
574
670
469
239
302
429
623
764
590
363
669
710
647
550
443
398
321
249
217
208
145
100
171
556
782
711
440
796
785
554
240
444
349
910
1164
1193
1071
661
316
340
259
310
379
322
185
136
216
372
535
542
343
229
195
229
250
193
170
188
256
298
251
148
115
102
119
92
91
88
107
105
101
67
32
8
37
91
193
267
323
283
202
264
271
298
284
253
207
486
703
812
768
272
560
554
552
460
398
321
433
446
471
523
594
586
491
372
434
319
231
165
111
45
42
63
73
113
135
112
82
61
46
23
17
8
3
7
10
15
12
18
142
442
864
1065
1083
983
880
770
560
566
643
737
743
696
580
302
163
152
246
212
151
52
98
194
233
308
361
378
270
366
424
490
633
727
807
742
779
835
660
430
463
525
478
367
265
393
182
188
209
217
335
455
467
446
336
173
120
100
106
217
464
563
526
424
371
376
456
509
597
633
635
579
427
327
320
278
213
120
41
22
45
73
105
191
254
256
217
228
573
644
640
581
563
512
283
486
581
739
632
391
231
181
122
112
95
122
161
287
407
510
558
517
489
451
368
282
271
349
460
561
640
700
656
553
418
327
233
151
55
42
59
52
61
60
48
43
32
40
56
106
153
193
223
232
246
222
218
217
151
103
82
75
44
20
8
34
50
48
35
15
3
0
0
1
6
5
4
8
12
11
10
15
8
10
8
21
58
124
131
113
65
32
25
19
24
19
21
205
374
432
354
197
93
153
324
565
744
772
619
258
235
656
813
839
671
391
251
743
759
609
519
807
1176
1392
1158
839
828
885
848
653
470
519
663
656
480
354
373
510
569
647
761
834
877
879
844
793
741
662
569
460
387
252
243
310
317
274
194
217
301
416
504
593
628
638
585
525
472
467
396
309
257
229
311
425
475
480
433
332
190
139
161
178
176
185
238
279
292
303
253
222
235
228
224
236
200
165
102
67
115
238
333
411
437
492
650
696
745
778
805
837
875
842
715
589
508
420
324
304
215
226
278
382
504
596
684
791
836
896
904
857
824
721
661
560
427
369
337
314
265
259
214
177
138
126
136
135
142
132
95
49
30
20
19
17
24
17
16
11
18
9
4
1
6
12
17
13
12
29
31
52
50
45
41
50
72
97
85
78
75
52
14
8
13
9
11
11
8
22
19
33
39
34
28
16
14
10
13
7
1
1
8
53
105
169
171
169
257
334
333
310
216
171
288
447
551
362
310
614
756
711
450
152
139
319
364
279
87
102
214
257
150
57
71
142
132
116
72
77
91
95
58
35
29
26
30
26
19
20
18
18
1
2
3
29
66
47
23
22
69
44
16
36
25
9
0
0
5
37
60
65
45
35
20
6
3
0
1
2
1
0
0
1
8
39
84
155
173
203
164
99
77
77
82
86
76
75
80
72
39
37
14
2
0
0
0
0
3
50
131
144
131
143
155
172
210
198
188
144
106
93
90
77
61
26
21
38
58
45
28
1
0
0
0
0
0
7
6
8
8
11
20
29
42
64
110
104
101
74
54
49
66
73
89
80
78
183
62
62
53
48
36
39
36
41
41
36
30
56
58
45
98
153
178
245
296
339
330
341
287
208
136
113
95
79
37
21
23
55
80
80
88
100
83
59
47
15
25
89
158
251
267
319
304
226
146
112
88
89
104
71
49
40
52
71
69
87
88
86
61
27
31
40
21
15
1
8
21
41
20
21
18
16
6
0
0
0
4
10
21
18
5
21
60
76
77
60
77
95
130
117
130
116
85
61
52
39
34
28
31
30
21
13
27
3
2
12
52
42
48
48
74
78
102
74
42
23
9
36
27
8
6
13
8
1
1
0
0
0
0
1
0
0
0
0
0
0
1
0
0
0
1
0
0
0
0
0
0
0
0
2
3
28
13
0
9
9
4
3
16
36
30
11
3
3
0
36
86
63
29
11
4
0
0
0
1
0
0
0
0
0
4
9
4
0
0
0
0
0
0
0
0
0
0
0
0
1
0
0
0
2
4
0
0
0
1
2
4
12
23
19
21
9
17
26
33
133
267
388
416
199
47
224
544
708
786
749
498
177
76
193
349
445
452
398
362
358
462
598
714
937
1254
1317
1124
909
752
583
417
543
587
437
604
659
751
832
783
802
885
846
746
733
592
204
387
695
790
817
966
1136
1226
1321
1232
1031
1072
860
588
514
453
252
123
161
272
310
290
238
216
182
120
99
84
65
37
54
123
181
212
274
283
309
313
249
148
138
98
66
72
72
38
40
81
82
73
50
56
160
308
446
581
689
677
569
518
521
575
569
559
440
374
427
596
531
396
259
221
173
100
73
92
91
70
129
227
280
302
364
406
359
277
208
134
94
119
93
90
92
98
107
113
164
140
90
21
17
28
73
75
71
51
12
7
3
27
58
82
98
52
116
144
86
66882
0
0
0
0
0
0
0
0
0
0
0
0
0
0
0
0
0
0
0
0
0
0
0
0
0
