24722
323
257
186
125
93
55
39
40
51
74
103
197
311
466
621
789
948
1001
1028
966
904
772
633
418
255
180
198
306
435
597
783
1004
1323
1713
2075
2535
2895
3206
3536
3894
4289
4697
5154
5586
6087
6505
6792
6676
6623
6610
6548
6619
6534
6467
6374
6098
5969
5530
5005
4541
4077
3715
3380
3042
2571
2327
2079
1933
1781
1667
1610
1548
1551
1504
1509
1533
1553
1627
1663
1651
1483
1419
1388
1548
1640
1726
1835
1808
1674
1422
1367
1119
882
705
576
490
371
163
57
0
0
0
0
0
0
0
0
0
0
0
0
0
0
0
0
0
0
0
0
0
0
0
0
0
0
0
0
0
0
0
0
0
0
0
0
0
0
0
0
0
0
0
0
0
0
0
0
0
0
0
0
0
0
0
0
0
0
0
0
0
0
0
0
0
0
0
0
0
0
0
0
0
0
0
0
0
0
0
0
0
0
0
0
0
0
0
0
0
0
0
0
0
0
0
0
139
53
98
0
0
0
0
0
0
0
0
0
0
12
207
552
637
673
720
805
1136
1324
1559
1533
1450
1359
1337
1273
1354
1431
1489
1400
1351
1301
1233
1156
1254
1317
1326
1350
1509
1691
1769
1784
1815
1849
1902
1894
1874
1876
1842
1785
1656
1539
1448
1311
1213
1149
1139
1104
1159
1176
1190
1266
1316
1377
1512
1631
1616
1637
1460
1231
1566
1234
655
322
105
60
27
166
356
947
1213
1358
1307
673
264
39
74
425
1570
2706
3833
5836
6611
6691
6189
5078
3456
436
116
105
99
92
74
49
39
31
23
14
7
5
2
0
0
0
0
0
0
0
0
0
0
0
0
0
0
0
0
0
0
0
0
0
0
0
0
0
4
12
19
36
65
86
99
111
131
159
185
215
254
269
293
288
286
286
268
256
264
289
407
735
1039
1245
1556
2024
2683
3552
4274
4968
5864
6967
7638
8602
8759
8711
8932
8408
7988
7696
7246
6404
5146
3606
3109
4606
6321
7380
7575
6510
4004
3430
4767
4922
4019
2285
2126
5063
6760
5922
3243
3488
3245
2028
1797
1778
1284
660
456
615
724
715
868
1082
1173
1228
1412
1543
1815
1909
1636
1470
1366
1210
1092
949
912
906
860
723
691
815
904
933
948
1018
1251
1378
1540
1578
1394
1222
1170
1087
939
795
781
838
735
809
842
763
881
1056
1337
1690
2053
2169
2108
2002
1919
1802
1659
1433
1285
1090
1035
1001
1062
1014
909
731
658
696
706
765
877
1151
2302
3757
5253
6502
7304
7552
7210
6813
6213
5749
5390
5031
4836
4416
3859
3432
3072
2822
2588
2486
2395
2322
2498
2752
2994
3292
5227
2883
3139
3064
2982
2831
2485
2124
1589
1232
830
607
1228
1858
2365
2823
3182
3552
3839
4139
4305
4207
4028
3801
3656
3459
3329
3011
2623
2202
1784
1523
1280
1139
1007
828
628
424
255
131
105
111
175
243
264
347
400
509
675
748
834
809
705
548
399
328
342
358
394
400
410
388
396
398
383
348
323
300
267
256
240
236
210
198
204
145
146
151
178
269
320
389
355
334
298
250
192
122
82
55
58
70
86
131
148
182
191
267
290
305
321
287
262
217
164
128
109
67
33
8
0
0
10
70
119
167
196
222
222
224
212
204
212
188
177
159
147
126
109
62
34
17
6
0
2
6
10
22
44
68
84
80
109
93
108
98
107
82
78
64
56
47
85
204
396
564
630
622
506
440
363
316
298
310
335
388
463
488
476
455
424
348
286
243
171
156
158
202
285
443
579
663
676
743
776
768
810
782
730
731
686
620
537
495
441
356
288
194
185
205
278
367
518
766
1019
1242
1309
1354
1424
1363
1237
1156
1079
1016
955
932
877
799
715
658
596
517
443
343
271
186
130
87
60
43
37
43
58
78
86
105
164
227
293
449
597
756
793
896
939
884
851
747
663
609
514
486
417
410
381
347
299
294
217
176
120
62
11
8
18
20
13
14
45
70
84
112
140
184
317
442
567
634
702
832
1035
1005
717
728
1283
1669
1771
2093
2264
2086
1293
823
970
1011
887
822
891
1038
1167
1279
1263
1295
1341
1345
1481
1662
1702
1832
1713
1882
1931
1949
2345
2648
2641
2554
2369
2069
1714
1455
1214
982
984
1168
1543
1947
2358
2723
3120
3454
3512
3614
3726
3833
3872
3832
3555
3283
3066
2969
2934
2546
2169
1628
1100
778
1168
1882
2567
3067
3421
3700
3756
3754
3905
4445
4771
4822
4626
4180
3758
3410
3052
2822
2617
2373
2154
2008
1802
1662
1567
1496
1400
1260
1085
955
803
708
643
592
534
455
392
309
194
97
42
27
28
63
85
102
134
122
131
107
100
83
81
55
63
47
49
56
68
65
60
63
55
27
30
22
13
7
9
16
46
60
83
80
62
47
43
39
48
57
81
81
107
138
188
198
236
319
453
540
624
591
560
457
360
227
147
94
89
49
40
30
24
14
1
1
2
0
0
0
0
0
0
1
3
4
6
22
25
23
31
41
21
21
12
0
0
1
0
0
0
0
0
2
17
78
164
234
245
208
153
131
86
57
46
28
21
35
40
44
62
60
76
73
230
97
107
95
80
80
78
65
66
62
43
38
26
29
30
34
28
18
16
31
25
30
22
13
25
9
6
1
1
4
1
0
0
0
0
0
0
0
0
0
0
0
0
0
0
0
0
0
0
0
0
0
0
0
0
0
0
0
0
0
2
33
0
4
3
1
0
0
0
0
0
0
0
0
0
1
0
0
1
2
6
4
1
9
7
2
5
1
0
0
0
0
0
0
0
0
0
0
0
0
0
0
0
0
0
0
0
4
3
7
1
2
0
0
0
0
0
0
0
0
0
0
0
0
0
0
0
0
0
0
0
0
0
0
2
1
3
0
0
0
0
0
0
0
0
0
0
0
0
0
0
0
0
0
0
0
0
1
0
1
0
0
0
0
0
0
0
0
0
0
0
0
4
7
12
58
148
191
225
240
256
242
255
272
276
261
237
257
297
368
448
428
418
322
295
285
356
321
366
388
675
763
599
865
1429
2074
2081
2120
2188
2107
2079
1922
1580
1265
991
896
831
744
716
659
530
376
205
94
63
45
68
113
221
478
697
838
781
561
369
358
354
327
295
194
40
11
24
33
26
24
220
46
95
209
330
406
467
428
352
313
308
308
268
216
154
81
55
75
169
439
651
584
548
498
167
196
158
174
197
139
79
25
63
51
47
41
31
20
50
63
43
16
6
5
21
46
103
235
419
542
694
865
1026
1100
942
644
280
277
372
393
456
494
491
642
932
1174
1449
1370
1123
1061
1064
692
420
295
442
361
258
87
8
20
31
29
7
14
7
0
12
39
37
26
5
3
0
0
3
3
15
69
319
603
839
1049
1174
1032
953
885
851
1023
1072
1075
989
1209
956
825
636
630
659
653
532
409
267
63
89
70
57
64
105
153
156
191
222
258
307
389
496
620
706
725
762
732
679
630
603
552
526
496
503
552
643
746
954
1198
1471
1781
1893
1866
1675
1470
1481
1505
1411
1316
1067
836
692
571
415
300
276
178
147
109
58
38
19
37
46
17
80
111
162
149
122
80
56
71
121
146
141
92
57
68
144
165
162
110
103
113
124
109
118
107
128
135
101
67
77
61
60
30
3
3
28
52
141
178
179
174
171
147
179
230
248
295
310
327
384
434
627
761
849
899
824
693
577
423
287
186
117
99
47
31
31
14
17
3
0
2
0
0
0
0
0
0
5
0
0
0
0
0
0
0
0
0
0
1
3
9
13
3
102
224
214
63
1
33
31
6
0
0
0
0
0
0
0
1
5
2
1
1
0
2
1
2
2
5
3
6
0
2
0
0
1
0
1
2
1
0
5
8
14
22
26
34
46
34
40
33
37
26
20
23
19
18
14
10
22
20
28
28
24
14
17
15
19
30
37
46
54
61
69
81
81
91
100
135
187
239
291
269
226
180
122
77
56
43
27
26
8
0
0
0
0
0
0
0
5
4
3
7
15
28
33
32
26
9
1
2
13
17
20
28
26
7
6
11
5
17
7
16
34
35
60
60
82
85
99
104
47
14
25
24
8
2
10
40
5
19
14
8
20
49
82
68
29
8
3
7
19
30
42
45
48
59
53
44
30
27
18
11
7
0
2
50
92
75
38
4
0
1
5
78
303
634
843
887
1059
1361
1648
1826
2022
2238
2363
2076
1763
1618
1344
1059
748
556
576
628
655
597
531
434
286
153
198
220
208
205
139
102
90
137
213
214
250
258
236
198
163
237
331
395
475
646
889
1030
1213
1409
1581
1494
1215
997
1184
1248
1011
930
1177
866
471
957
1100
978
614
1072
1336
1332
715
363
583
600
587
288
182
371
443
402
328
226
136
63
22
42
95
156
198
219
248
339
407
541
717
960
1228
1451
2061
2489
3430
3614
3441
3097
2559
2041
2014
1998
2021
1890
1719
1424
939
736
535
353
305
284
289
248
267
298
294
362
408
468
490
467
392
322
308
235
236
266
281
249
149
79
52
97
102
79
36
29
21
43
69
105
131
116
97
77
34
15
13
8
6
5
0
1
3
14
6
2
9
13
5
3
4
3
3
1
0
0
14
40
95
113
129
140
146
149
151
157
128
117
91
69
56
46
22
11
9
4
2
0
0
0
0
0
0
0
0
0
0
0
1
3
0
0
2
1
0
0
0
0
0
0
0
0
0
0
0
0
0
0
0
0
0
0
0
0
0
0
0
0
0
11
9
0
2
4
0
0
0
0
0
0
0
0
0
0
0
0
0
0
0
0
0
0
0
0
0
0
0
0
0
0
0
0
0
1
2
14
32
76
115
167
181
193
149
115
94
64
57
29
24
45
97
139
162
175
201
226
193
100
112
188
321
473
636
610
538
437
330
248
167
73
49
15
13
15
13
5
146
48
83
80
84
93
130
112
121
104
68
28
14
0
0
0
1
0
1
1
6
5
13
22
33
49
48
68
85
79
92
109
128
131
114
139
121
119
150
128
160
155
166
193
211
219
221
248
236
249
210
192
192
174
148
136
103
81
67
48
15
16
2
5
1
12
2
4
8
14
19
26
16
30
13
21
18
19
9
6
4
3
1
2
0
1
0
1
0
1
0
0
1
1
0
0
1
0
0
0
0
0
0
0
0
0
3
1
1
0
1
0
0
0
0
0
0
0
0
0
0
8
28
39
52
67
55
71
84
147
235
431
693
825
794
848
771
667
561
476
421
426
463
491
463
483
476
420
357
278
268
230
194
134
129
91
55
17
12
40
60
46
23
31
103
166
221
333
389
450
574
667
807
804
611
651
517
720
795
812
822
761
657
465
265
170
97
49
25
9
0
10
10
5
11
11
16
16
18
14
2
0
0
1
3
12
15
19
20
27
26
18
11
7
2
4
5
5
2
1
0
0
0
0
0
0
0
0
2
1
2
13
32
8
0
6
12
6
5
0
2
0
0
2
0
1
5
11
53
64
119
140
157
194
208
218
245
228
250
284
235
266
240
249
211
185
177
146
103
64
44
23
11
6
1
0
0
6
52
90
58
18
38
69
100
57
42
34
31
36
82
84
43
32
104
87
12
28
94
82
12
9
5
4
5
4
6
6
7
3
0
0
1
1
2
0
4
2
6
4
15
29
30
49
138
230
313
392
399
414
422
387
358
325
304
243
202
143
84
65
54
28
15
16
28
47
16
2
0
0
1
6
5
8
26
32
39
57
61
71
77
65
38
32
23
6
0
0
0
1
0
2
30
47
81
130
131
118
94
63
27
16
7
0
0
0
9
20
29
30
26
33
43
59
49
38
25
12
9
11
8
4
7
6
4
4
8
7
7
3
1
3
2
4
2
0
1
3
4
6
9
8
12
19
24
18
23
20
15
10
15
9
8
5
4
6
4
4
0
0
6
9
3
0
4
4
6
5
2
3
4
0
5
4
14
21
4
14
10
9
0
0
0
0
0
0
0
0
0
0
0
0
0
0
3
8
12
37
127
263
357
381
380
351
346
303
296
273
306
307
280
308
269
277
262
249
260
250
257
222
394
132
108
94
39
5
3
1
3
20
25
47
64
84
86
84
92
101
88
92
86
62
47
40
28
18
9
16
22
35
95
100
104
72
59
37
43
36
29
24
25
14
3
3
2
0
1
0
0
0
0
3
0
0
0
0
0
4
55
90
115
123
240
399
884
1188
1536
1870
2190
2310
2388
2257
2256
2092
1643
1345
1094
583
246
281
532
495
381
63
402
565
620
533
402
147
128
331
386
326
250
138
80
164
215
148
63
53
53
68
76
76
84
146
157
137
111
87
40
8
5
20
177
325
403
452
450
473
469
373
150
171
495
637
641
486
408
122
295
325
332
294
137
23
9
51
100
86
29
2
68
199
280
351
465
545
563
476
280
93
220
287
306
270
151
0
75
138
134
93
37
34
65
64
59
58
124
218
240
290
297
258
255
283
364
455
480
552
612
668
532
634
632
563
346
320
425
436
405
324
199
36
14
50
51
30
86
215
355
458
620
815
1277
1409
2064
2366
2622
2820
2672
2394
2044
1793
1607
1487
1520
1410
1223
1089
948
775
675
495
393
338
332
307
332
326
386
430
493
462
430
310
313
316
259
248
190
130
115
90
67
63
38
36
18
27
27
29
31
34
32
35
26
31
37
23
26
25
12
12
8
19
19
23
24
32
18
22
15
11
8
2
9
13
0
6
4
1
0
0
1
1
4
2
4
0
2
0
1
1
2
0
0
1
1
0
0
0
0
0
0
0
0
0
0
0
0
0
1
12
37
58
73
128
128
133
117
102
87
124
158
201
216
189
173
161
113
132
114
194
251
324
446
502
533
574
638
704
713
599
541
501
457
404
294
205
175
167
191
239
270
282
312
292
297
296
294
276
227
162
112
33
12
4
7
14
15
26
70
99
110
132
163
163
166
138
136
125
96
84
59
25
7
3
1
0
0
0
0
0
0
0
0
0
0
0
0
0
0
0
4
2
3
1
1
0
1
0
2
10
14
18
55
148
271
332
379
388
399
382
362
304
216
156
81
34
9
3
6
10
16
12
7
9
10
14
8
3
4
3
7
14
17
28
41
36
35
21
23
10
11
6
4
3
2
2
2
0
3
10
8
1
3
1
1
3
7
21
32
40
52
59
60
54
57
51
39
45
58
65
106
89
117
160
169
181
171
122
73
48
18
7
0
0
0
0
0
0
0
0
0
0
0
0
0
0
0
0
0
0
0
0
0
1
7
25
74
93
159
358
433
477
520
540
647
673
666
683
676
551
426
139
30
72
136
138
141
166
131
90
40
65
102
129
144
126
133
129
94
80
74
60
44
37
18
19
14
10
13
11
3
5
9
22
15
16
4
10
6
5
2
1
1
0
0
0
0
0
0
0
0
0
2
1
28
19
14
18
14
15
8
8
9
12
3
2
0
0
0
3
3
21
19
4
10
29
43
77
143
180
207
221
200
168
157
131
141
162
152
143
109
88
76
71
58
62
67
110
142
158
201
209
210
208
226
223
195
182
202
236
274
280
217
136
50
44
33
29
55
73
96
146
178
267
300
263
276
276
281
264
311
280
314
402
468
483
362
266
124
73
61
84
31
7
17
35
67
106
150
202
199
164
151
164
172
172
159
168
190
143
173
150
114
56
38
35
17
1
0
0
2
10
36
53
83
112
173
213
207
164
159
198
245
256
208
177
181
143
82
75
45
49
50
3
6
67
165
235
313
341
337
318
309
301
197
167
166
158
123
93
49
46
23
11
0
0
0
0
1
4
25
90
198
283
395
480
442
399
286
212
167
101
47
19
17
5
20
63
93
158
209
216
212
310
658
1160
1592
1880
2344
2545
2459
2412
2211
1753
1387
1154
778
661
449
460
429
379
331
469
528
472
279
124
75
84
85
114
149
174
200
220
263
286
312
259
192
242
300
366
380
354
313
323
274
228
203
232
379
422
400
453
504
717
776
726
741
877
702
640
637
637
605
670
608
635
531
460
437
396
394
263
288
312
363
415
291
152
110
145
200
222
316
390
337
320
301
245
162
100
93
101
141
134
100
301
351
334
327
167
206
331
364
379
319
405
435
354
261
86
188
138
211
453
704
801
937
1301
1360
1258
1130
1132
1001
892
790
1065
1314
1332
1134
912
562
371
594
613
547
300
99
485
635
606
487
382
602
715
791
750
562
449
318
199
124
60
59
47
22
62
114
113
128
174
204
238
274
291
293
332
338
299
207
88
120
378
539
606
720
691
506
369
329
242
217
268
238
139
155
237
329
313
160
104
72
97
173
161
180
205
233
233
256
310
376
469
440
419
356
232
136
135
102
77
32
56
97
135
139
196
221
218
290
376
567
213
182
167
122
95
56
77
103
127
202
339
434
540
641
737
757
720
728
722
687
682
652
610
567
514
434
340
289
211
154
94
39
14
9
20
26
21
33
83
157
193
229
373
543
691
706
625
549
404
311
192
253
296
326
316
289
238
191
147
93
38
22
31
40
41
77
163
213
276
375
492
648
752
618
421
750
1062
1188
1210
1084
1065
1073
700
613
517
446
406
323
167
72
45
121
103
71
56
68
84
92
92
90
95
114
150
189
195
203
256
305
353
361
372
453
541
536
498
431
395
263
194
209
247
282
304
298
269
353
526
621
643
689
634
589
481
407
237
444
617
657
579
467
238
268
441
429
407
265
84
294
401
446
427
307
124
339
404
408
384
333
236
93
32
70
82
111
109
116
161
198
237
246
254
277
329
351
359
342
353
343
298
237
177
116
62
43
40
42
154
297
395
365
347
267
171
107
54
46
31
39
48
50
56
100
99
99
106
128
86
20
58
103
93
69
66
69
47
47
32
30
77
131
164
254
427
464
667
937
1045
1110
1206
1110
811
872
834
874
1003
1226
1538
1748
1655
1279
677
115
444
668
647
447
214
203
429
531
500
362
233
168
242
271
240
221
341
659
838
1165
1632
2186
2926
3238
3603
3683
3487
3085
2485
1923
1828
1856
2040
1900
1577
1234
1014
883
590
432
330
292
256
203
156
102
77
118
246
379
475
611
767
917
997
915
799
792
717
634
611
549
544
495
379
286
251
277
395
518
525
427
306
328
516
739
994
1185
1307
1286
1263
1211
1203
1175
1095
1036
959
853
812
723
670
595
483
413
220
137
125
117
182
371
621
798
898
886
873
840
742
689
628
987
936
526
482
493
457
410
369
298
290
267
233
229
195
172
127
66
34
31
36
38
59
99
129
132
120
111
99
81
89
67
49
40
24
18
14
16
17
22
13
11
11
11
7
7
17
34
65
185
394
664
791
814
812
735
655
517
436
551
795
915
769
752
817
776
668
593
622
689
696
738
916
1108
1311
1572
1809
2071
2331
2514
2685
2678
2702
2668
2480
2330
2104
1901
1721
1491
1233
1077
981
836
729
627
528
453
434
428
388
362
296
340
382
427
404
343
309
268
262
251
230
249
255
241
252
235
207
205
179
167
139
149
162
145
119
124
129
154
281
393
520
607
744
783
702
568
566
973
1332
2136
2816
3103
3064
3013
2722
1945
1559
1453
871
654
800
932
871
715
412
90
375
487
476
411
273
100
71
178
186
138
130
176
178
153
179
160
175
184
147
84
23
16
11
10
25
44
29
20
4
0
0
10
9
20
15
42
54
58
111
143
150
189
205
207
189
163
134
83
36
4
0
28
63
65
201
277
188
302
437
455
456
354
291
288
276
202
220
297
360
365
388
375
445
574
733
1009
1309
1724
2194
2328
2475
2535
2338
2304
2254
2284
1477
1275
1112
978
1028
761
492
348
284
236
227
219
217
239
298
381
451
489
513
464
395
315
215
162
216
462
644
717
706
695
789
825
893
945
947
952
977
961
901
823
759
730
653
579
543
448
387
307
247
172
117
46
11
2
4
15
25
50
101
162
251
416
579
776
857
895
759
732
656
642
672
729
706
743
643
548
433
367
304
266
230
185
181
215
268
276
267
210
160
154
267
419
488
488
419
328
295
270
173
168
158
72
89
130
162
246
290
397
432
485
433
222
206
168
126
126
111
66
58
107
132
57
66
94
108
109
197
235
279
195
163
145
133
174
230
272
261
217
197
153
119
109
91
86
51
93
154
219
211
261
314
361
375
315
242
197
76
313
592
625
597
622
616
623
646
692
572
601
402
413
514
747
987
1054
896
784
567
370
224
189
234
322
377
384
465
542
610
515
463
384
360
351
364
319
292
369
308
232
186
176
172
120
122
153
198
210
189
151
130
138
219
231
210
157
101
84
162
262
295
337
311
251
190
143
182
271
387
454
544
612
641
652
607
473
462
420
409
439
582
760
854
870
841
823
767
698
665
659
543
390
297
226
170
98
50
79
70
110
163
188
290
312
344
330
344
366
375
372
374
268
192
95
54
12
1
0
2
2
10
5
11
26
10
37
89
168
213
293
344
328
333
400
429
413
470
467
455
443
438
408
408
408
378
329
289
244
204
145
104
164
280
377
421
404
375
343
332
288
262
271
223
202
185
149
124
76
96
74
61
53
56
37
23
23
29
43
95
317
494
504
374
160
120
85
123
83
106
164
138
227
267
141
124
119
126
201
198
162
136
154
178
191
160
111
91
81
77
68
43
19
17
11
18
18
21
23
17
23
31
47
34
37
59
142
179
121
15
11
4
3
7
24
27
34
35
39
54
56
69
104
114
93
111
126
98
296
157
270
340
429
404
397
361
315
257
158
150
134
173
277
502
549
458
657
861
1173
1381
1815
2181
2225
2137
1787
1416
966
746
689
690
843
938
892
828
805
708
616
490
384
301
201
116
54
30
12
39
80
156
344
567
696
801
882
974
1095
864
831
947
930
729
582
397
138
162
206
206
120
41
54
101
119
113
76
183
286
318
339
395
346
94
407
537
381
321
189
193
264
228
177
168
105
97
185
206
169
95
101
131
161
125
93
121
200
159
116
113
74
38
14
11
16
16
20
29
15
1
2
4
2
4
8
10
31
74
101
116
146
147
143
187
229
279
304
335
440
495
416
409
312
330
398
618
795
1166
1305
1307
1447
1236
866
695
97
428
529
542
427
250
65
91
99
97
104
100
47
38
29
31
49
107
224
245
201
143
94
82
176
225
253
241
229
209
309
435
791
1031
1168
1288
1454
1567
1472
1379
1299
1257
1087
973
958
919
967
1022
875
643
610
524
469
432
402
382
344
280
196
143
203
257
344
379
399
409
446
448
480
461
461
414
341
279
272
575
629
653
663
679
610
558
547
494
413
372
474
538
589
593
588
526
377
369
475
593
680
847
944
1048
996
775
496
200
250
461
875
1074
974
688
656
575
584
527
430
367
172
375
565
578
525
372
274
188
160
355
385
383
498
557
609
708
695
633
588
617
490
795
823
1115
1388
1488
1478
1182
957
907
1063
1297
1626
2091
2778
3397
3955
4434
4486
4540
4302
3880
3443
3012
2551
2111
1630
1346
999
730
557
444
401
412
377
341
297
239
200
189
154
95
45
45
71
121
166
161
157
233
271
218
97
20
61
87
76
71
80
59
81
92
100
109
114
85
63
55
30
26
26
17
28
30
36
51
113
139
153
119
99
65
44
23
9
1
3
1
6
6
6
4
1
0
0
0
1
0
0
0
0
1
0
0
0
0
0
0
0
0
0
0
0
0
0
0
0
0
0
1
0
0
1
4
3
1
1
2
2
1
2
2
1
3
11
204
428
567
649
460
197
36
78
190
293
326
314
214
151
176
183
134
104
103
161
215
182
140
146
163
172
156
112
131
140
160
186
174
147
131
109
109
120
110
95
76
54
37
21
4
4
1
0
1
4
9
5
13
6
6
12
22
22
24
48
64
72
71
75
77
79
74
67
70
70
52
53
48
37
35
17
3
45
3
1
4
3
0
0
0
0
0
3
2
7
3
6
7
1
3
4
1
1
0
0
0
0
0
0
0
0
0
0
0
0
0
1
0
0
0
0
0
0
0
0
0
0
0
0
0
0
0
0
0
0
0
0
0
17
143
294
423
493
425
360
297
206
143
97
72
40
21
16
12
4
8
6
3
2
0
0
0
0
0
0
0
0
0
0
0
0
0
0
0
0
0
0
0
0
0
3
0
0
0
0
0
0
1
0
0
0
0
0
0
0
0
0
0
0
0
0
0
0
0
0
0
0
0
0
0
0
0
0
0
0
0
0
0
0
0
0
0
0
0
0
0
0
0
0
0
0
0
0
0
0
0
1
31
14
0
4
7
4
11
11
9
4
6
5
5
0
0
0
0
0
0
0
0
0
0
0
0
0
0
0
0
1
1
2
3
4
1
2
3
1
7
5
4
1
3
1
0
2
6
2
6
4
7
2
6
4
6
3
1
0
0
1
1
2
0
0
0
0
0
0
0
0
0
0
0
0
0
0
0
0
2
0
1
1
6
4
0
0
0
0
0
0
0
0
0
0
0
0
0
0
0
0
0
0
0
0
0
0
0
0
0
0
0
0
5
0
0
2
50
72
28
90
280
258
74
5
82
162
212
146
75
18
2
1
9
59
75
77
44
20
3
0
3
19
45
42
26
1
0
2
0
5
5
3
1
1
2
1
2
4
5
0
0
0
5
3
7
37
57
122
157
180
174
146
132
140
127
88
44
25
5
7
14
22
52
71
80
107
157
206
222
179
79
22
23
14
16
31
29
21
63
44
43
26
12
11
5
4
3
1
0
0
1
0
0
12
50
52
85
173
242
294
415
568
620
659
709
707
687
682
637
621
623
610
650
672
660
747
790
746
558
400
277
212
210
241
282
350
445
676
972
1141
1314
1315
1392
1415
1488
1636
1754
1746
1750
1719
1694
1667
1538
1396
1354
1330
1218
1167
1134
1045
936
858
807
728
763
814
804
818
874
882
908
908
913
904
928
915
958
954
1020
1019
1013
1028
1037
1032
1022
1009
952
887
798
667
600
572
732
962
1014
883
612
471
413
364
333
309
290
303
303
304
302
224
178
119
80
52
22
12
13
4
22
62
107
73
111
162
145
233
216
101
113
100
98
93
85
95
118
92
78
374
268
328
483
704
905
971
971
894
682
441
369
341
386
554
730
914
1010
1036
1010
1066
1156
1246
1335
1386
1464
1459
1448
1437
1420
1301
1183
1111
952
749
519
336
192
75
61
186
419
581
707
864
928
1061
1118
1188
1144
1120
1129
1098
971
977
904
784
768
727
588
487
412
342
313
197
143
130
119
109
101
95
106
127
61
88
112
110
79
51
53
48
35
38
69
98
100
83
74
67
90
95
82
42
38
47
59
95
139
227
251
286
270
255
239
226
233
244
259
263
233
188
121
62
127
316
496
614
680
689
641
599
618
618
542
554
510
484
493
480
448
448
405
391
357
295
266
196
173
118
95
60
47
47
50
34
41
30
51
53
78
58
68
79
67
59
53
32
16
29
39
17
0
0
2
4
10
20
25
72
113
132
119
99
90
89
148
198
202
200
180
163
132
123
132
115
75
73
102
238
447
544
605
547
490
416
337
294
195
134
132
131
127
137
124
131
187
193
217
185
128
84
61
58
88
141
184
204
205
202
125
58
57
248
709
913
702
366
634
998
1599
2304
3162
3605
3937
3453
2495
1916
1097
843
588
472
553
674
762
693
225
542
855
945
812
555
192
286
416
504
434
278
189
284
386
388
233
94
79
50
76
158
192
179
121
65
40
30
19
17
43
66
69
74
75
61
47
42
73
80
93
85
85
69
65
58
23
11
13
16
62
187
335
436
462
454
429
369
240
160
102
120
184
225
145
88
237
463
606
626
651
618
331
119
328
387
344
256
118
44
71
137
76
14
10
27
35
19
5
2
2
3
28
103
189
173
171
195
180
132
130
123
109
85
33
18
16
13
13
18
14
36
71
91
134
157
162
165
137
174
154
137
113
79
44
29
27
32
63
114
132
137
133
86
38
13
24
35
7
9
8
10
19
28
29
48
90
107
102
96
98
89
60
22
13
13
22
16
12
14
24
52
56
11
60
139
220
254
257
290
253
159
147
135
146
206
317
502
617
662
572
241
241
344
350
284
224
102
13
37
78
123
63
36
38
104
177
167
117
101
85
34
14
6
19
38
23
20
67
123
78
75
105
191
184
138
130
89
85
58
44
94
100
69
68
86
80
83
114
120
152
195
252
336
436
511
583
666
771
926
998
1046
1112
1164
1183
1200
1292
1345
1448
1394
1390
1486
1487
1445
1308
2006
898
728
605
497
373
253
220
199
219
173
143
100
52
10
2
1
2
6
30
45
53
48
65
69
72
42
27
30
32
41
43
59
101
78
75
73
57
36
40
43
44
54
86
141
272
423
548
584
587
540
493
391
266
259
365
406
365
279
156
90
60
82
43
38
45
41
48
100
187
305
379
413
414
379
400
364
372
400
386
453
465
494
496
516
528
533
483
488
472
437
441
443
430
371
300
280
265
252
215
200
175
146
103
87
84
73
46
9
43
77
19
88
56
43
72
97
145
149
152
163
182
217
246
226
217
231
207
202
192
149
96
41
23
17
2
1
0
0
1
8
26
84
117
194
251
272
295
263
209
163
109
33
0
59
130
134
181
207
275
306
353
418
453
474
468
468
430
465
323
201
135
88
82
128
234
351
394
437
543
645
646
725
775
802
819
733
712
614
524
446
351
295
230
186
158
121
94
145
342
617
935
1112
1106
1139
1087
1031
719
163
373
590
641
603
433
42
176
337
441
512
603
632
729
1005
1199
1212
1329
1362
1331
1260
1212
1063
989
918
831
717
581
406
255
157
167
185
202
221
225
172
115
68
81
126
151
73
89
75
56
16
13
33
64
60
119
105
105
146
191
156
192
226
282
388
462
557
635
687
656
630
658
647
615
534
474
402
375
371
289
195
170
116
99
40
24
5
7
4
6
9
16
17
11
5
8
4
4
26
20
11
17
40
88
247
484
727
894
995
1166
1329
1506
1669
1693
1554
1243
971
1092
1307
1204
1312
1229
1151
965
600
478
867
943
779
451
87
81
189
187
80
20
32
107
292
661
997
1285
1561
1974
2771
3178
4300
4790
5495
5462
5292
4732
4142
3248
2563
1979
1563
1183
839
751
618
466
325
213
144
139
112
56
51
116
183
291
400
417
354
192
117
223
307
299
287
332
353
407
343
192
51
69
68
35
74
115
154
191
245
326
386
387
377
399
412
416
385
338
283
235
178
143
183
232
228
282
292
297
388
500
657
772
930
1025
1047
1036
1000
901
778
633
520
354
283
263
346
473
606
686
776
721
676
639
560
497
434
358
335
299
265
158
125
91
61
30
13
10
38
92
780
350
392
396
339
328
267
222
145
88
41
7
2
0
0
7
9
32
64
83
90
83
110
78
52
33
12
1
0
0
0
0
0
0
0
0
0
0
0
0
0
0
2
0
0
0
0
0
0
0
0
0
0
0
0
1
3
1
0
0
0
0
0
0
0
0
0
0
0
0
0
0
0
0
0
0
0
0
0
0
0
0
0
0
2
19
8
0
4
3
0
0
0
0
0
0
0
0
0
0
1
3
3
8
26
21
34
40
54
51
60
117
185
288
408
454
483
463
403
333
261
200
185
179
174
161
152
129
111
125
110
90
74
65
27
16
3
0
0
0
0
0
0
0
0
0
0
0
0
0
0
0
0
0
0
0
0
0
0
0
0
0
0
0
0
0
0
0
0
0
0
0
0
0
0
0
0
0
0
0
0
0
1
0
1
1
0
0
0
0
0
0
0
1
0
0
0
0
0
0
0
0
0
0
0
0
0
0
9
7
0
3
2
0
0
0
0
0
0
0
0
0
0
0
1
3
3
0
0
2
2
0
0
4
9
13
6
5
2
0
0
0
0
0
0
0
0
0
0
0
0
1
1
1
1
2
4
7
11
9
8
14
16
13
15
13
23
26
20
9
7
3
2
0
0
0
0
0
0
0
0
0
0
0
0
0
0
0
0
0
0
0
0
0
0
0
0
0
0
0
0
0
0
0
0
0
0
0
0
0
0
0
0
0
0
0
0
0
0
0
0
6
10
0
6
3
0
0
0
0
1
0
3
1
1
0
0
0
0
0
0
0
0
0
0
0
0
0
0
0
2
5
8
9
7
1
2
0
0
0
2
3
1
0
0
0
0
0
0
0
0
0
0
0
0
0
0
0
1
0
0
0
0
0
0
0
0
0
0
0
0
0
1
3
3
4
2
5
16
42
59
93
94
98
100
83
82
84
96
88
79
112
152
199
264
380
419
384
428
445
473
437
416
440
427
394
299
240
227
205
165
124
119
114
117
163
207
256
315
351
388
428
502
515
630
697
727
766
761
782
814
829
796
681
553
353
269
168
81
43
22
11
12
24
49
94
185
215
244
284
324
375
385
369
366
336
350
293
292
317
341
256
233
194
156
112
100
79
87
73
46
15
1
28
52
47
64
138
286
377
338
278
262
241
268
246
238
251
263
231
168
156
166
169
193
198
247
244
188
209
198
208
214
240
291
289
254
235
242
227
209
188
163
166
162
118
124
113
86
55
37
19
30
3
25
38
62
96
136
174
196
244
247
249
256
258
304
320
368
400
449
468
515
554
668
793
943
1073
1278
1419
1504
1616
1633
1589
1632
1583
1609
1620
1509
1416
1367
1260
1196
1156
1094
1043
960
807
640
514
337
153
55
28
29
68
130
204
251
279
284
339
374
287
326
315
344
346
321
302
347
324
297
246
206
205
181
194
180
172
128
104
61
40
41
32
21
21
13
12
11
41
78
68
88
138
185
236
315
331
366
411
446
535
564
434
353
265
227
174
116
62
33
8
0
1
7
70
124
169
165
147
124
92
56
34
25
11
7
0
9
45
121
140
91
36
70
138
146
147
174
189
204
158
123
73
55
34
15
8
1
2
0
0
0
0
0
2
1
0
0
5
14
42
91
126
134
127
101
66
54
48
51
81
146
245
268
162
115
203
301
383
444
502
545
477
334
106
162
281
357
368
368
392
456
499
409
371
386
468
434
332
210
123
53
35
18
23
67
110
165
171
206
226
217
237
259
218
212
175
151
118
77
57
17
7
0
0
0
4
11
20
38
68
82
92
74
60
41
35
18
3
1
0
0
0
0
0
1
0
0
30
31
17
17
14
5
0
0
0
1
0
0
0
0
0
0
0
0
0
0
0
0
0
0
0
0
0
0
0
0
0
0
0
0
0
0
0
0
0
1
0
1
0
0
0
0
0
0
1
0
0
0
0
0
0
0
0
0
0
2
3
9
7
11
9
2
1
1
0
0
0
0
0
0
2
0
0
0
1
61
231
533
851
1104
1287
1438
1550
1519
1447
1286
1068
959
805
704
630
546
486
412
321
292
212
176
135
71
78
75
110
225
429
561
683
760
819
765
713
671
594
538
474
387
341
270
190
137
110
78
52
33
12
39
75
30
9
33
37
37
25
11
0
2
0
0
3
0
0
0
0
0
0
0
1
1
1
1
4
5
14
38
71
107
252
365
479
508
510
440
398
315
273
232
204
181
155
139
119
104
70
42
26
31
13
19
23
23
27
14
8
1
3
3
8
7
17
7
2
17
16
25
27
33
27
23
19
21
34
32
55
42
58
76
58
80
65
49
46
56
29
11
22
13
11
1
0
0
0
0
0
0
3
53
147
143
87
35
6
8
12
37
41
51
85
112
119
142
153
170
180
246
229
254
386
1116
489
447
424
396
452
602
831
1111
1341
1573
1837
2054
2334
2447
2579
2738
2896
2923
2960
2808
2525
2288
2099
1901
1804
1721
1546
1443
1305
1121
1062
1326
1658
2245
2701
2877
2705
2183
1398
922
851
875
920
891
829
753
641
600
526
420
313
191
238
266
261
251
290
309
273
223
256
287
260
189
111
92
142
124
105
131
96
393
701
844
717
612
555
382
117
61
203
222
187
168
112
114
122
124
101
50
14
0
0
32
46
36
32
24
28
144
232
234
227
233
168
160
400
386
350
553
856
932
914
757
550
409
290
222
198
225
222
226
247
331
433
544
577
521
498
536
659
883
1119
1247
1253
1049
1089
1210
1286
1481
1682
1848
1856
1741
1668
1564
1521
1481
1296
1106
1149
1317
1392
1194
972
679
435
367
293
290
376
504
501
479
492
519
498
429
327
268
341
485
578
661
672
719
697
698
630
591
540
491
380
264
248
258
312
313
345
415
381
352
302
180
85
125
141
120
64
60
173
226
258
269
205
140
90
74
56
47
37
38
31
39
40
73
89
75
68
57
48
69
128
191
218
213
209
190
114
46
30
11
5
2
2
2
7
20
18
31
31
35
25
16
12
6
6
13
5
5
10
8
3
1
1
0
0
3
0
1
21
31
11
8
7
0
7
12
14
4
6
7
20
24
41
148
299
402
455
429
369
281
165
87
78
57
32
16
16
10
23
52
63
87
108
99
87
65
45
38
31
52
134
234
342
361
346
245
170
58
7
43
37
33
18
3
11
38
60
63
25
15
11
2
2
2
2
0
0
0
7
22
23
26
40
43
43
52
86
140
229
362
592
826
1004
1123
1229
1395
1525
1538
1295
731
235
65
158
197
149
137
118
109
77
80
92
144
244
420
706
1071
1275
1382
1448
1311
1137
1094
865
677
437
212
75
66
63
79
88
89
80
78
67
33
76
140
102
102
105
90
38
8
3
9
30
21
2
0
0
15
19
30
44
71
132
217
367
529
758
859
812
763
703
586
530
564
478
385
266
151
110
95
121
113
104
133
133
111
99
88
63
58
64
76
93
77
86
95
79
73
66
83
64
62
49
42
23
19
6
8
4
4
6
6
5
27
43
133
164
219
291
384
471
509
524
539
515
460
418
443
394
359
309
239
167
100
21
76
141
185
194
175
193
135
175
322
445
524
599
518
528
366
149
160
327
520
305
243
281
444
584
821
1028
1169
1279
1407
1641
1696
1704
1738
1765
1602
1320
1093
847
544
350
228
190
182
201
214
219
191
136
133
122
87
66
48
27
11
4
10
17
30
31
34
35
15
7
0
18
12
6
13
11
3
0
1
0
0
1
0
0
0
1
1
1
3
3
7
8
5
2
9
18
13
13
14
18
9
18
20
40
98
150
261
352
511
715
797
862
879
810
780
726
676
617
613
618
605
615
573
486
497
395
339
298
263
195
144
154
171
194
194
215
261
254
306
356
389
422
482
459
541
575
600
592
531
508
553
543
558
528
542
589
631
752
830
958
1073
1138
1219
1269
1326
1371
1278
1115
994
879
788
706
615
549
497
398
343
318
302
276
220
118
73
49
55
47
56
53
53
54
37
20
44
52
44
22
15
3
3
5
0
0
1
0
1
14
14
25
67
194
334
515
628
731
863
1080
1304
1456
1734
2134
2196
2334
2175
2148
2001
1887
1660
1544
1108
754
417
345
453
456
460
363
280
193
123
76
38
33
53
57
124
173
168
156
119
101
152
167
184
217
271
283
256
209
126
108
235
319
391
389
404
396
424
480
559
575
555
512
392
234
177
85
71
39
14
9
0
3
10
23
46
83
155
264
360
508
670
738
820
810
883
927
933
867
740
666
588
498
527
459
409
380
306
283
220
179
127
78
28
7
1
0
2
4
2
3
4
5
14
12
5
3
0
1
0
3
2
1
1
0
0
0
0
0
3
5
2
0
0
0
0
0
0
0
0
2
3
18
54
260
560
754
919
971
915
794
620
581
628
659
680
624
524
449
308
218
174
116
52
13
9
24
35
48
61
69
79
61
57
46
31
9
6
19
38
4
0
28
84
21
1
43
72
23
2
73
92
74
38
12
7
21
21
11
8
24
18
23
15
14
30
9
10
15
13
12
31
15
10
12
17
15
11
3
3
8
3
1
0
0
0
0
0
0
0
0
0
0
0
0
0
0
0
0
0
0
2
4
4
1
3
0
0
1
0
0
0
0
6
13
10
0
0
0
0
0
0
0
0
0
0
0
1
4
2
5
13
32
52
187
377
549
618
693
690
608
574
490
458
349
354
343
322
331
286
253
226
192
139
115
73
27
3
0
0
0
1
6
17
45
84
99
120
138
153
171
233
295
326
365
732
302
294
258
211
180
154
137
144
129
111
109
82
91
87
87
72
68
57
45
54
21
35
26
27
24
20
12
6
11
5
7
8
6
4
6
8
4
1
8
15
8
8
6
6
7
7
4
3
3
0
2
4
8
39
94
87
97
86
83
86
74
64
84
63
74
58
71
80
76
121
128
137
148
180
184
126
114
116
120
95
8
11
66
68
23
0
26
55
54
3
16
2
4
15
26
17
17
20
24
26
12
6
3
3
2
0
5
13
5
0
0
4
37
122
153
115
48
4
4
12
5
0
7
17
5
2
1
8
8
18
34
22
11
18
48
42
32
38
76
51
2
15
49
48
19
9
61
54
11
25
69
62
44
0
1
2
0
0
4
4
2
0
0
7
9
18
45
30
0
22
91
133
76
17
0
0
0
1
0
2
5
19
46
71
101
134
139
188
194
224
276
301
355
447
497
564
563
570
570
603
552
526
490
420
337
275
263
302
259
238
229
145
130
72
42
56
137
253
89
18
68
83
51
29
24
19
42
91
140
188
231
312
418
511
593
679
745
812
839
855
833
751
793
740
632
578
535
511
485
453
457
393
389
345
314
260
217
212
150
125
66
35
31
24
11
3
0
0
1
0
7
43
96
107
130
164
166
179
175
173
178
214
209
218
234
260
265
303
361
472
665
738
749
731
683
537
350
228
103
40
19
5
0
0
0
1
4
3
11
23
42
76
91
87
86
97
71
60
45
44
38
43
47
35
25
28
17
24
24
18
20
18
10
11
10
5
10
8
17
7
4
4
11
7
9
12
19
6
11
17
9
3
1
2
17
64
173
253
261
252
222
196
144
122
121
116
108
104
95
104
88
85
91
66
57
62
64
81
103
130
131
141
136
87
47
39
55
43
63
60
49
46
23
18
9
0
1
1
0
0
9
18
13
1
0
0
0
2
4
7
13
15
8
7
4
0
0
0
0
0
0
0
0
1
15
25
10
5
46
7
29
23
9
39
34
9
7
63
42
0
40
46
13
24
63
54
37
15
9
0
1
5
17
8
13
16
7
3
5
15
36
57
63
63
33
15
4
1
1
3
26
74
189
329
499
569
606
635
606
520
378
282
183
152
135
142
135
130
87
57
25
12
11
27
35
35
29
39
48
243
105
134
208
326
407
490
495
432
370
285
204
130
50
38
37
37
56
82
76
47
32
25
19
19
16
4
8
26
55
56
65
69
114
108
122
92
125
127
115
96
85
80
38
20
11
6
4
9
14
25
40
35
40
28
39
45
35
39
24
12
4
1
4
86
9
8
16
19
20
15
30
25
16
12
8
5
2
2
2
0
0
0
0
0
0
0
0
0
0
1
1
0
1
0
0
1
0
0
1
3
7
16
32
47
59
65
66
70
73
46
41
52
53
53
82
75
78
112
106
74
27
2
0
0
0
0
1
5
20
6
7
2
0
0
0
1
7
26
25
7
0
0
0
2
22
0
7
3
2
0
1
5
3
0
0
0
1
0
1
0
0
0
0
0
0
0
2
1
1
5
1
0
10
35
57
18
10
9
5
3
2
5
5
3
2
2
3
2
0
0
0
0
7
13
24
33
44
63
42
29
14
10
3
6
8
7
5
2
0
0
0
0
0
0
0
0
0
0
0
0
0
0
0
0
0
0
1
0
0
0
2
1
2
4
0
1
0
0
0
0
0
4
23
0
4
5
3
10
4
0
0
0
0
0
0
0
0
0
0
0
0
0
0
0
0
0
0
0
0
0
0
0
0
0
0
0
0
1
0
0
1
0
0
0
0
0
0
0
0
0
0
0
0
0
0
0
0
0
0
0
0
0
0
0
0
0
0
0
0
0
0
0
0
0
29
39
18
5
15
66
22
0
0
26
77
43
0
0
10
13
0
0
0
0
0
13
54
14
0
2
6
6
1
0
0
7
3
0
0
0
1
1
2
14
14
23
37
60
107
104
162
206
205
247
257
255
255
263
264
255
295
335
346
378
410
532
564
606
621
566
472
401
317
235
189
115
67
40
12
0
0
5
30
59
168
270
348
379
410
400
420
433
442
504
546
569
584
599
594
575
637
549
542
482
416
307
234
141
37
11
1
0
1
3
12
30
49
53
80
157
253
283
151
158
225
178
124
98
142
136
118
113
50
14
5
36
28
1
3
0
3
27
31
17
37
33
44
30
11
12
13
23
25
12
7
8
7
3
3
1
3
1
0
0
2
2
2
2
2
2
0
2
0
0
0
0
0
0
0
0
0
1
0
0
0
0
2
0
0
0
0
0
0
0
0
0
0
0
0
1
3
1
0
0
1
1
0
0
0
0
0
0
0
0
1
3
4
8
3
1
0
0
0
0
0
4
1
0
0
0
0
9
25
27
12
4
0
1
37
32
9
0
16
15
17
37
3
22
22
7
2
0
4
0
15
6
1
0
1
0
0
2
13
14
59
63
9
14
33
14
1
0
0
0
0
0
0
0
0
0
0
0
0
0
0
0
0
0
0
0
0
0
0
0
0
0
0
0
0
0
0
0
0
0
0
0
0
0
0
0
0
0
0
0
0
0
0
0
0
0
0
0
0
0
0
0
0
0
0
0
0
0
0
0
0
0
0
0
0
0
0
0
0
0
0
0
0
0
0
0
0
0
0
0
0
0
0
1
42
118
209
276
261
217
172
112
65
29
21
2
1
0
0
1
0
0
3
0
1
1
0
0
0
0
0
0
0
0
0
0
0
0
0
0
0
0
0
0
0
0
0
0
0
0
30
25
4
34
41
29
6
2
0
0
0
3
4
9
9
5
6
8
3
2
1
0
0
1
0
0
1
1
1
11
45
120
201
281
422
560
650
742
797
856
914
964
1043
1092
1142
1089
1106
1079
1037
957
859
839
715
609
496
585
495
320
205
208
137
98
112
72
46
65
76
73
80
105
113
139
198
250
336
462
608
653
687
825
935
1037
1067
1114
1184
1286
1329
1306
1267
1201
1150
1038
912
813
768
677
605
513
512
520
503
468
427
362
314
241
148
83
54
50
32
13
6
7
5
16
21
27
19
18
18
34
28
18
4
5
0
9
34
61
65
31
8
9
53
135
185
190
181
148
90
80
62
48
60
73
86
104
117
134
124
155
172
196
198
262
328
430
531
625
688
726
862
877
924
914
936
917
843
815
829
806
704
606
387
227
104
79
81
78
42
19
24
101
186
278
302
323
336
304
314
320
339
398
415
434
482
546
574
577
556
496
447
360
236
129
91
50
53
74
78
114
85
98
150
157
208
191
183
162
150
147
122
121
96
77
35
36
19
25
21
16
9
4
3
0
0
0
0
0
1
3
1
5
3
6
8
19
39
18
29
36
22
10
15
6
2
0
0
0
0
0
0
0
0
0
0
0
1
1
1
0
2
8
1
1
2
3
0
0
0
0
0
0
1
2
1
0
0
0
2
2
1
2
7
10
10
10
10
7
3
7
5
8
4
1
23
242
366
422
410
894
1410
1846
1874
1930
1757
1388
1093
854
684
627
556
499
443
459
390
321
341
335
507
585
578
520
347
187
198
185
168
173
154
108
79
96
135
225
395
421
152
326
383
196
118
131
104
55
16
0
3
0
6
4
3
1
8
45
52
45
69
100
95
109
187
251
279
231
296
376
425
414
295
153
73
176
254
295
302
313
345
357
337
335
329
349
296
307
369
401
435
422
377
366
364
349
341
399
440
452
562
668
781
762
805
692
409
72
89
184
198
99
22
31
51
60
154
221
235
176
95
26
23
20
5
0
0
0
0
3
2
0
0
0
0
0
0
0
0
0
1
3
9
2
1
0
1
0
0
0
0
1
0
0
0
0
0
1
19
80
155
210
207
169
132
71
31
8
0
0
2
1
1
0
0
1
1
0
0
0
0
11
13
7
10
15
12
6
4
3
2
1
0
0
0
1
0
0
0
0
0
0
0
0
0
0
0
0
0
0
0
0
0
0
0
2
7
14
31
45
50
38
31
34
58
31
9
23
21
15
16
21
9
1
0
4
2
3
16
40
55
65
74
48
53
62
66
65
81
94
103
104
86
98
73
50
38
25
28
1
1
3
8
17
29
42
53
66
90
91
80
77
80
57
48
43
44
25
36
1
0
3
9
5
14
38
58
39
31
7
1
0
0
1
1
1
0
0
0
0
15
23
54
65
68
53
30
15
19
2
3
1
0
0
0
0
0
0
2
1
5
10
11
97
53
10
25
49
46
44
38
18
0
0
0
0
1
4
5
3
2
1
4
0
15
1
0
0
0
0
0
0
0
0
0
1
0
5
3
5
6
2
7
4
0
0
0
0
1
0
0
0
0
0
0
0
0
0
0
0
0
0
0
0
0
0
0
0
1
0
0
0
0
0
0
4
0
0
0
1
0
0
0
0
0
0
0
0
0
0
0
0
0
0
1
5
4
7
10
13
17
2
0
0
0
3
63
147
232
220
190
112
56
22
8
7
9
8
22
109
181
186
149
123
86
62
36
30
123
250
344
379
351
297
167
224
472
631
653
659
548
411
257
309
291
242
159
83
39
64
75
55
43
81
184
267
269
522
175
158
147
127
73
32
23
7
7
8
10
22
39
51
59
82
67
61
44
21
18
3
1
0
1
0
3
8
20
37
52
46
38
19
15
2
0
0
0
0
0
0
1
4
10
6
4
1
3
2
1
0
2
6
6
0
0
0
0
0
0
0
0
0
1
3
2
3
39
77
49
25
36
13
1
2
3
1
1
2
2
63
178
239
292
291
347
115
270
453
564
535
481
430
367
295
264
259
244
274
330
338
345
351
350
317
252
296
492
581
498
501
349
109
114
189
247
168
101
46
52
81
115
94
51
83
133
159
131
30
45
127
169
152
35
147
270
320
295
274
249
239
421
494
528
496
360
149
59
52
66
53
40
84
150
215
178
109
29
22
24
21
13
2
9
15
41
25
56
199
279
282
275
277
183
149
146
302
390
515
468
424
279
90
67
160
184
182
105
52
77
133
39
141
369
528
590
620
558
468
272
422
569
656
784
777
655
217
145
380
418
349
216
70
7
61
100
87
56
18
0
34
260
532
703
851
839
842
730
568
259
266
474
685
772
658
521
262
189
365
392
371
330
184
74
150
199
174
100
21
114
132
130
110
30
0
1
24
37
32
9
0
4
10
18
10
1
0
0
2
0
5
10
23
25
41
39
38
20
5
0
4
0
0
0
0
3
5
4
7
2
0
0
0
0
2
6
15
29
18
18
34
92
170
560
598
523
212
144
107
115
112
100
104
88
128
157
334
559
632
626
633
592
450
292
150
68
43
14
2
1
19
51
63
38
12
0
1
10
20
23
16
11
8
3
0
13
12
5
3
8
3
6
1
0
0
5
36
104
183
229
252
241
178
135
83
35
26
12
4
5
6
4
4
1
3
10
5
0
4
11
11
13
12
10
9
0
3
1
0
1
6
9
12
26
41
71
116
146
178
214
205
210
182
171
189
227
284
303
300
365
407
453
526
579
644
571
623
583
582
454
393
298
219
126
99
98
111
149
110
72
21
18
45
75
78
68
40
25
41
37
10
13
14
13
11
13
28
18
2
11
31
20
5
0
0
0
0
2
1
1
11
42
59
89
205
279
354
445
343
238
225
170
130
190
197
149
116
131
152
194
303
323
377
428
462
382
379
267
173
166
134
116
76
107
107
95
87
75
147
36
55
89
73
29
24
42
100
142
163
151
101
87
89
56
56
44
37
27
22
14
20
18
21
16
13
4
8
6
1
1
1
5
63
103
172
286
364
418
526
614
440
658
599
585
575
582
516
380
181
139
275
351
352
168
116
165
226
203
161
67
9
8
36
73
108
136
160
213
268
353
415
444
534
550
597
582
643
760
787
840
895
880
898
817
734
612
501
385
330
250
187
130
95
67
59
69
75
66
52
33
22
7
0
1
0
0
1
0
0
0
0
0
3
4
16
16
20
24
42
64
81
62
73
149
317
526
626
709
751
671
589
526
408
311
247
230
223
252
261
290
310
357
545
749
978
1187
1436
1736
1898
1810
1742
1536
1343
1048
628
302
168
240
450
656
982
1375
1743
2034
2174
2312
2401
2588
2780
2851
2811
2807
2695
2681
2575
2551
2446
2429
2556
2650
2732
2637
2399
1946
1587
1349
1065
763
879
807
727
600
526
487
520
622
681
669
602
564
577
538
473
429
337
398
668
713
658
664
625
482
148
262
332
452
513
508
474
407
387
421
469
537
599
561
595
575
508
456
410
260
103
18
31
29
20
18
40
33
40
78
141
199
333
421
547
720
884
976
963
958
961
1099
1145
1170
1149
1010
1157
1102
739
426
519
427
413
390
297
194
141
71
12
0
23
36
33
49
36
45
56
79
115
114
151
133
111
79
52
21
11
12
8
8
9
9
1
0
0
0
0
0
4
4
0
2
7
24
57
146
272
473
746
946
1032
992
898
781
633
436
213
75
18
3
0
0
1
2
10
21
105
276
527
619
643
562
436
179
124
65
125
79
30
16
9
52
247
455
553
512
334
165
60
9
8
3
1
1
2
1
1
1
4
3
2
2
3
12
13
6
9
3
2
1
2
2
1
0
0
0
0
0
0
0
0
1
1
1
0
1
0
4
7
2
0
0
0
2
2
1
28
99
174
199
170
146
162
184
210
228
279
325
385
492
576
593
669
733
711
617
468
424
339
271
233
192
182
261
427
629
910
1107
1193
1247
1243
1148
1166
1090
1125
1095
1091
986
925
740
544
394
255
163
104
98
95
66
51
43
48
75
125
149
122
90
57
60
94
122
111
108
105
115
82
47
29
9
11
47
128
177
226
301
379
442
442
413
369
265
127
57
7
0
1
22
50
95
143
242
165
166
204
186
155
117
292
49
41
30
15
4
2
0
0
0
0
1
1
1
1
1
3
3
5
5
3
2
2
2
0
2
3
4
6
4
2
2
2
0
3
5
2
4
4
3
9
3
7
9
16
15
19
18
24
35
34
39
40
37
32
31
25
21
19
29
36
70
101
114
78
65
58
27
19
17
13
21
18
25
17
15
10
1
1
0
1
3
10
14
8
4
3
10
18
39
35
25
21
45
103
126
136
127
90
64
50
58
71
42
66
57
41
32
20
11
5
5
7
10
18
12
14
10
10
10
9
12
6
5
9
10
9
7
7
4
3
3
4
9
30
36
24
9
5
8
21
24
28
14
3
4
5
4
6
1
3
9
6
2
1
1
2
0
1
1
10
14
37
40
45
67
52
61
62
60
70
35
2
1
0
0
0
0
0
0
0
0
1
3
6
13
18
40
43
42
48
36
43
45
42
30
20
2
5
9
39
66
87
97
70
69
59
84
77
98
74
83
62
62
46
42
42
38
46
48
54
78
86
89
61
50
55
66
74
87
84
56
40
14
2
0
1
1
2
0
0
0
1
1
2
3
3
3
7
3
4
2
3
3
0
0
0
0
0
0
1
4
5
11
15
7
6
0
54
41
18
130
338
566
733
880
734
480
492
633
672
653
450
335
262
160
70
57
92
98
69
25
102
186
250
290
309
343
414
458
575
641
771
819
788
737
565
272
524
666
723
761
817
906
1109
1101
1206
1345
1312
1220
908
942
957
936
975
1038
1130
1235
1361
1500
1632
1680
2163
2756
3149
3433
3561
3683
3814
3956
3869
3564
3238
3026
2899
2724
2584
2292
1976
1649
1207
976
845
774
870
1063
1260
1409
1628
1755
1863
1859
1923
1985
2015
2027
2131
2123
2173
2155
2035
1899
2023
2077
2012
2055
2076
1944
1703
1396
1158
943
929
965
985
882
793
681
610
571
544
524
487
451
384
357
306
268
252
252
313
404
470
504
534
595
657
783
898
928
950
970
937
838
666
535
421
356
329
341
295
251
146
107
116
92
79
84
115
152
175
160
86
70
99
134
142
245
594
870
976
839
693
640
544
413
379
523
522
437
325
384
433
465
458
453
425
394
418
449
446
387
309
253
160
145
102
70
47
49
74
148
280
548
648
636
294
144
229
290
277
236
259
334
357
363
339
291
246
214
168
139
86
45
36
42
37
43
40
36
136
47
44
61
32
7
247
552
772
604
389
237
120
101
110
101
96
81
75
108
207
364
453
490
455
346
228
190
177
195
213
234
276
345
472
566
807
801
665
478
287
367
392
345
332
255
182
109
22
4
0
36
95
294
357
444
431
362
180
137
202
314
407
650
765
672
496
287
366
302
275
343
358
265
182
136
104
66
54
41
37
60
104
138
210
302
406
457
475
485
424
301
195
112
95
200
306
527
735
748
631
333
258
318
255
215
170
97
16
2
4
25
29
26
56
159
230
306
323
287
248
225
169
127
85
57
70
121
51
34
51
206
450
629
488
316
280
148
63
95
94
89
99
96
68
27
26
5
0
0
0
0
0
0
0
0
1
22
245
434
571
708
672
654
628
492
336
179
26
64
218
290
305
248
160
50
27
57
286
599
737
587
444
293
188
55
68
61
75
58
17
0
2
30
39
12
10
24
96
187
209
242
230
85
139
342
336
109
320
425
457
512
512
530
580
619
640
709
741
868
1093
1024
928
614
414
288
256
183
118
88
37
20
12
65
157
122
62
42
33
39
55
52
89
112
110
72
66
84
66
85
166
210
105
33
43
51
165
253
296
199
26
0
10
27
39
33
17
20
29
30
32
33
55
79
97
103
121
102
74
29
11
2
1
1
0
1
0
0
3
4
7
2
1
6
19
76
152
223
294
362
368
300
224
144
145
209
288
301
292
291
287
273
233
157
94
25
10
5
12
49
45
13
9
8
7
9
11
10
10
6
1
7
12
26
59
90
140
162
179
152
103
36
8
4
33
95
137
240
401
484
468
393
365
287
184
42
16
12
4
9
3
1
0
3
3
4
16
9
62
110
30
19
15
35
47
59
18
12
5
3
1
0
1
0
0
4
7
7
12
16
30
52
51
69
74
66
53
9
0
2
3
0
0
0
0
0
5
1
0
0
0
4
0
0
0
0
1
3
5
28
66
67
46
39
28
16
21
27
35
49
39
43
46
37
29
18
7
10
33
4
10
5
0
0
0
0
0
1
4
3
2
0
0
0
0
0
0
0
1
39
207
375
462
563
523
370
134
46
75
114
95
37
22
9
1
0
6
9
10
5
5
11
36
36
38
41
45
47
52
61
57
67
78
97
139
220
400
524
612
658
999
456
388
346
370
363
344
336
312
378
432
428
379
196
74
12
20
9
0
0
1
2
9
14
19
37
33
41
97
126
155
197
286
367
435
415
402
338
241
147
92
35
25
13
13
5
11
13
8
1
1
1
1
4
3
2
0
0
1
0
2
4
1
1
3
11
7
2
2
1
1
0
2
9
10
15
18
23
27
41
36
26
2
2
6
13
15
9
26
48
35
37
43
24
4
0
1
12
51
102
180
165
150
126
84
52
11
7
7
13
7
7
13
11
6
10
9
8
13
7
4
7
18
29
46
62
65
58
32
18
9
6
8
4
0
5
19
29
32
25
32
32
35
21
23
15
25
73
144
183
166
195
265
312
350
346
334
301
290
287
254
162
103
43
11
19
19
0
2
2
16
32
44
41
55
56
79
94
128
117
90
63
37
17
16
28
66
127
190
207
206
215
176
121
87
64
28
0
0
6
4
1
11
30
21
10
6
1
7
13
9
2
11
13
17
29
30
44
42
59
119
260
291
197
59
6
68
94
90
60
63
59
75
96
82
82
155
241
301
282
136
97
246
303
293
255
58
402
579
588
564
445
139
54
146
281
375
435
482
483
520
589
667
783
837
809
724
686
674
716
790
822
875
929
963
996
1232
1601
2008
2356
2597
2810
3012
3303
3404
3431
3533
3607
3536
3388
3194
2932
2822
2853
2737
2591
2460
2356
2281
2156
1889
1726
1732
1699
1637
1450
1230
1007
837
628
666
941
1128
1034
840
657
449
819
992
950
719
375
95
156
213
120
62
251
345
351
397
367
354
347
233
336
523
553
589
627
574
150
193
258
289
240
174
86
12
0
5
32
43
31
15
3
2
5
12
18
8
12
13
24
24
26
35
36
37
50
48
47
27
30
21
7
4
64
141
196
164
119
124
141
129
109
95
66
29
17
6
9
4
5
6
18
20
7
3
0
2
60
191
308
402
449
423
376
443
407
340
317
242
175
209
189
157
150
83
48
43
22
32
75
109
106
92
74
17
4
12
18
7
1
1
1
2
1
2
3
5
21
44
31
12
0
4
37
39
92
190
276
252
124
38
63
109
137
111
76
41
13
21
31
31
20
7
13
15
24
34
53
92
386
582
542
656
731
682
614
558
478
267
348
399
311
247
255
339
591
924
1430
1754
2009
2153
2061
1781
1083
1326
1535
3455
999
545
586
712
696
824
906
1147
1274
1374
1348
1226
1085
1014
928
896
709
391
148
357
473
591
704
753
772
685
609
469
309
158
46
6
37
81
56
61
80
114
136
120
102
18
2
9
15
18
14
6
3
11
19
2
0
3
5
1
0
1
0
0
0
0
14
13
0
0
1
8
16
18
12
15
7
1
8
7
10
12
14
29
39
52
73
67
79
59
33
13
73
65
0
9
47
21
1
18
23
7
2
5
9
17
77
308
561
686
708
696
636
532
413
300
232
142
101
82
64
48
51
32
24
9
19
11
3
1
4
16
33
59
64
100
142
175
254
390
654
854
1009
1097
1075
1053
1002
949
784
636
591
507
446
349
310
220
130
83
42
7
0
0
6
33
30
38
86
123
100
74
33
16
9
8
3
1
0
0
0
0
0
0
0
2
1
0
0
0
1
0
2
0
0
1
4
5
1
2
35
63
28
82
163
321
416
566
735
820
950
1035
1085
1127
1144
1217
1136
1102
1103
1142
1044
1025
920
832
687
595
466
377
297
249
177
167
116
120
144
197
299
421
511
669
683
811
876
1129
1318
1597
1999
2479
2945
3149
3060
2741
2111
1706
1993
2317
2541
3357
4101
4566
5342
6003
6476
6663
6592
6524
6400
6006
5691
5459
5214
4743
3838
2982
2089
1356
819
514
370
203
597
1136
1747
2386
2938
3441
3961
4293
4640
4760
5028
4889
4933
4837
4649
4208
3737
3164
2812
2961
3029
2855
2656
2262
2026
2261
2080
2002
1958
1876
1539
1129
724
601
634
723
764
839
875
831
584
419
492
667
810
788
842
840
835
732
583
502
703
954
1056
1143
1185
1075
1041
909
715
643
563
409
280
216
135
75
15
3
32
34
21
43
65
80
83
71
87
110
103
102
80
74
47
34
11
7
2
0
0
17
23
6
6
29
54
43
45
33
9
15
14
20
40
61
49
40
12
0
0
15
15
1
0
1
7
8
0
0
0
0
0
0
1
0
1
0
0
0
0
0
0
0
0
0
1
3
2
1
0
0
0
0
0
0
0
0
0
0
0
0
0
0
0
0
0
0
0
0
0
1
10
2
24
85
56
9
42
57
19
1
7
47
219
533
709
863
992
1009
1413
1635
1593
1664
1713
1704
1641
1421
1051
703
472
295
167
274
350
366
364
432
447
342
245
233
456
704
850
846
704
503
420
447
575
720
926
1051
1155
1178
1251
1361
1275
1169
1012
940
1085
1252
522
1133
734
613
492
278
165
194
323
477
638
751
749
544
116
176
293
317
328
210
134
201
243
278
292
267
330
288
296
366
441
499
552
562
453
323
220
179
127
52
22
77
151
175
164
221
209
221
236
227
134
76
71
131
184
281
403
539
626
809
1079
1683
2069
2215
2381
2153
1857
1369
1011
562
156
349
733
995
1240
1338
1057
824
667
689
685
681
574
468
295
314
390
468
574
626
669
667
621
513
341
247
371
502
555
520
600
587
527
423
470
1048
1522
1825
1573
892
756
1319
1649
1552
1326
927
849
733
683
892
931
660
312
161
463
532
473
329
143
59
321
438
505
555
364
568
798
791
647
425
1173
1550
1510
1264
885
542
211
206
357
461
475
511
448
389
327
218
266
333
336
307
320
359
339
266
268
271
370
458
561
641
695
729
772
734
736
646
616
545
487
430
343
295
210
143
75
40
28
51
97
127
114
103
102
78
62
43
13
1
1
3
26
96
176
262
342
425
488
502
555
582
577
562
525
473
528
562
577
571
579
559
565
522
461
495
601
630
673
669
652
544
374
319
316
240
285
401
507
495
502
570
516
409
433
646
826
939
993
699
489
399
483
561
552
616
661
681
765
824
706
366
95
272
346
290
164
47
188
309
386
432
413
348
269
321
402
493
516
491
306
372
495
590
646
636
578
553
590
703
691
641
566
523
475
532
537
611
783
909
878
775
468
555
692
743
743
562
445
527
668
874
1088
1044
919
633
365
243
391
465
454
447
375
229
160
142
142
168
146
191
295
314
299
251
239
289
330
439
515
612
727
849
803
631
488
733
917
1063
908
485
273
220
209
301
367
347
260
157
134
229
305
356
422
433
433
478
516
531
562
525
510
457
420
379
337
275
177
154
153
121
93
117
121
113
54
10
0
10
40
26
21
46
34
34
20
41
47
36
36
52
52
28
9
7
22
26
26
44
114
191
266
276
276
243
258
275
281
221
181
121
43
20
6
2
18
37
59
133
176
230
246
256
235
235
238
253
192
129
125
158
233
318
436
541
723
977
1104
1009
839
734
839
851
679
533
808
1292
1111
770
527
422
688
798
827
819
898
1026
1226
1282
1198
1081
653
1179
1654
2052
2146
1903
1430
1079
916
432
316
527
709
844
959
991
996
965
926
830
618
371
52
407
685
835
832
753
650
516
361
155
22
276
377
592
812
944
1058
1204
1509
1764
1968
1971
1607
1406
994
762
437
381
613
752
696
515
332
65
425
483
428
327
187
95
211
241
195
125
30
0
30
107
63
14
34
121
158
136
128
110
86
44
10
5
31
67
97
105
76
72
32
10
69
163
175
166
146
158
204
275
374
464
516
481
443
392
299
281
286
303
373
372
417
418
437
384
372
361
326
268
214
154
111
86
79
123
189
293
379
469
660
863
1112
1414
1667
1868
2064
2204
2201
2264
2218
2186
2250
2083
2147
1842
1427
1256
1102
983
960
891
780
783
786
828
839
835
800
788
731
787
812
846
740
606
532
476
379
296
270
248
226
234
164
144
103
130
155
169
159
130
126
119
83
18
2
0
0
3
2
2
0
0
0
0
3
2
3
4
2
2
5
13
11
10
29
53
44
39
22
7
1
0
1
0
0
0
0
0
0
0
0
0
0
0
0
6
13
52
93
155
232
240
270
323
306
310
373
304
278
213
190
146
155
146
131
151
151
107
64
52
45
49
64
59
28
34
99
251
282
247
105
7
28
27
102
163
254
285
318
277
290
253
227
246
235
146
66
25
7
1
0
0
0
1
3
6
18
54
84
130
145
153
160
161
195
208
205
197
201
210
162
131
132
195
225
275
359
463
455
1517
748
1060
1111
1367
1322
1146
1041
795
606
546
527
543
515
473
499
531
525
472
239
134
134
205
204
98
207
568
761
807
827
661
319
302
260
183
193
195
84
77
101
64
48
37
19
5
0
3
5
13
11
1
0
0
1
0
4
5
18
30
23
11
3
5
4
1
0
0
0
1
0
2
6
12
20
36
44
109
188
296
360
336
218
38
124
146
118
103
104
121
171
186
197
147
122
130
144
222
276
407
506
552
574
571
652
665
645
568
337
217
378
445
403
346
296
70
51
160
173
171
184
121
70
47
34
46
47
81
83
105
108
93
81
58
56
26
35
34
48
61
66
54
64
49
33
24
11
9
3
3
2
5
7
5
3
9
6
4
26
22
1
2
18
28
8
11
3
1
4
6
2
7
7
1
0
4
4
1
2
5
4
1
1
6
20
0
12
15
3
2
2
8
0
0
0
0
0
0
0
0
1
1
0
0
0
0
0
0
0
3
18
54
10
1
1
2
15
17
9
4
4
4
0
0
0
1
0
0
0
4
7
3
1
2
2
2
8
15
6
3
26
64
78
78
68
61
57
39
19
14
10
8
12
15
9
8
7
1
1
2
2
14
11
0
4
7
3
1
0
0
1
0
0
1
0
14
13
1
0
0
5
7
4
4
2
0
0
0
0
0
0
0
0
0
0
0
0
0
0
0
0
0
0
0
0
0
1
0
1
3
0
0
0
0
0
0
0
0
0
0
0
0
0
0
1
0
0
1
2
2
20
19
6
2
3
0
0
0
2
1
1
3
13
13
4
0
1
1
0
0
0
0
0
0
0
0
1
0
0
0
0
0
2
1
0
0
0
1
0
0
1
1
2
1
2
3
1
0
0
0
0
0
0
0
0
0
0
0
0
0
0
0
0
0
0
0
0
0
0
0
0
1
3
10
5
0
19
19
48
164
343
511
628
623
570
463
361
310
351
544
637
714
526
170
64
219
277
245
85
27
148
223
192
120
43
47
52
43
38
27
17
11
42
23
8
25
28
8
0
0
0
0
0
0
1
1
2
2
0
4
5
2
0
1
1
0
0
0
0
0
0
1
0
0
0
1
0
0
3
2
2
2
4
3
11
21
10
14
23
23
38
23
45
51
96
107
126
143
172
217
242
223
253
237
224
244
163
172
135
157
161
193
221
304
317
338
343
313
328
249
184
132
68
52
71
76
67
83
140
175
213
260
361
438
519
570
612
641
665
679
711
789
909
1032
1049
1095
1046
1031
788
605
467
313
342
442
448
365
302
274
220
152
87
82
65
29
22
5
5
6
12
15
12
13
2
0
1
1
21
38
37
80
109
188
286
305
222
215
242
229
155
97
42
29
31
77
123
136
93
40
8
0
17
20
14
12
7
0
0
0
0
5
166
324
483
509
463
411
402
408
384
325
251
175
74
59
142
285
390
469
472
509
537
495
441
502
438
253
116
27
155
180
188
182
202
199
170
117
32
0
10
21
12
7
110
258
334
372
424
453
455
343
229
357
454
375
330
436
407
214
111
245
247
230
177
106
59
41
18
8
6
7
9
6
15
20
5
0
1
2
1
0
0
1
0
0
0
0
1
8
18
28
14
3
2
34
72
77
84
101
125
140
139
200
178
225
245
262
304
326
341
360
323
232
134
75
115
598
730
803
662
629
408
360
351
302
248
319
615
887
1015
1213
1343
1398
1458
1350
1325
1532
1525
1311
1024
750
637
571
494
406
335
267
297
360
507
725
786
689
483
425
643
877
723
403
504
549
458
346
185
69
94
171
181
82
56
62
84
103
102
184
297
301
187
94
74
67
115
225
393
595
697
814
883
975
1077
1156
1220
1071
785
624
438
331
427
511
516
493
435
368
343
412
486
472
423
352
312
336
307
279
191
99
49
12
5
0
0
0
0
0
0
1
0
0
1
0
3
1
9
6
9
3
0
0
0
15
133
228
266
401
547
644
575
406
443
505
511
552
525
463
349
247
379
429
529
525
569
509
346
289
251
551
881
1032
1028
715
300
425
395
321
219
137
49
39
57
47
54
71
90
90
127
135
220
372
400
457
479
465
541
641
650
613
435
274
138
108
60
137
226
281
297
264
229
177
123
94
62
50
44
43
56
67
131
171
198
209
251
394
597
778
872
873
878
902
923
763
405
65
14
80
171
192
238
261
281
285
269
241
187
190
171
177
159
102
35
6
4
0
2
2
11
20
23
28
30
22
15
8
20
36
44
30
21
44
27
14
18
19
6
13
31
56
150
198
229
232
221
235
196
176
204
239
215
172
141
105
84
51
36
28
31
30
4
8
10
18
18
13
4
11
13
7
4
8
7
6
9
34
19
2
0
30
4
7
11
10
5
4
0
0
2
2
0
4
0
7
0
0
2
2
0
2
0
0
0
2
7
16
40
63
46
32
25
8
0
1
4
0
0
2
0
0
2
2
5
14
28
38
47
72
152
243
293
322
328
307
304
198
111
55
56
103
133
136
100
74
59
65
63
58
79
60
50
48
67
150
249
308
328
373
393
500
619
771
931
1136
1200
1229
1378
1581
1936
2064
2344
2505
2517
2488
2355
2093
1864
1710
1637
1467
1330
1606
2097
2567
2945
3316
3530
3434
3449
3462
3876
4062
3985
3963
3743
3613
3425
3159
3004
3091
3082
3033
3231
3502
3714
3738
3604
3433
3205
2889
2556
2224
1846
1646
1565
1588
1755
1905
2086
2198
2290
2203
1995
1666
1302
896
656
403
236
21
8
104
233
324
457
569
645
689
664
649
613
586
564
530
502
492
420
300
244
195
246
177
168
97
168
237
293
326
373
312
248
393
457
474
383
383
507
611
675
682
702
668
618
627
654
790
872
955
906
890
901
1568
739
665
787
857
817
695
562
480
505
515
545
573
579
517
460
392
365
297
261
203
175
138
106
85
44
30
37
44
58
70
69
80
83
85
85
91
75
65
82
91
86
86
102
120
124
141
142
169
163
178
155
162
142
152
136
133
122
128
143
150
143
130
104
130
95
67
54
53
50
37
20
33
55
49
20
10
16
8
73
30
0
0
0
0
0
0
0
0
0
0
0
0
0
2
0
12
24
29
46
75
98
145
191
220
264
271
320
327
385
370
438
433
455
448
478
476
486
474
503
498
556
564
585
600
673
657
674
653
669
641
622
616
676
683
690
637
625
637
658
619
547
472
484
447
442
402
414
391
381
453
508
658
756
809
843
822
821
759
679
707
633
635
652
637
660
675
641
653
675
641
591
506
439
382
389
355
286
151
47
42
36
58
58
60
47
21
3
1
0
4
30
31
31
18
6
10
3
0
2
8
17
16
10
10
7
7
6
12
21
43
147
220
285
358
488
609
723
841
949
984
1055
1122
1190
1222
1275
1324
1374
1402
1473
1484
1535
1573
1581
1576
1615
1619
1557
1526
1490
1436
1317
1193
1117
956
760
601
504
379
349
283
242
233
232
293
401
575
665
629
494
531
522
318
196
158
184
202
273
360
414
487
489
459
455
432
467
445
429
414
339
311
173
107
48
43
58
75
96
87
90
125
165
198
219
174
155
142
107
80
47
19
15
8
6
9
12
21
33
43
41
54
54
38
45
24
50
155
283
345
269
188
145
124
115
66
12
7
5
6
9
7
8
7
10
4
0
0
0
0
0
1
1
15
16
40
57
86
89
93
78
81
61
56
66
91
84
73
49
45
64
87
96
233
351
429
561
676
721
656
583
366
450
700
896
774
822
683
465
485
439
531
567
672
666
619
436
234
65
43
102
120
62
9
7
21
38
39
38
34
38
53
48
55
71
118
153
213
392
457
532
555
579
619
553
334
138
189
502
525
561
471
401
182
129
139
132
110
80
72
31
4
17
25
13
3
1
0
4
12
134
352
448
576
551
534
443
346
237
123
98
155
213
357
505
557
374
134
267
222
233
191
81
13
25
55
45
22
33
16
2
4
0
0
0
0
0
0
4
51
179
337
415
405
399
324
265
346
581
742
659
576
278
53
135
198
156
120
31
48
84
237
63
32
28
6
0
0
1
2
10
10
7
21
62
224
332
378
329
259
194
221
360
357
489
595
625
391
140
205
161
151
116
28
5
11
12
15
10
3
0
0
0
0
5
10
6
11
26
18
27
91
163
417
506
520
539
524
375
266
228
279
297
364
476
572
709
904
841
851
618
363
385
270
216
161
70
8
26
50
74
91
43
20
6
6
3
3
23
6
1
0
0
0
0
0
0
0
0
0
3
27
108
310
486
618
700
693
688
619
474
300
129
70
70
92
113
244
491
651
635
613
427
193
110
156
170
125
53
67
116
123
92
49
21
0
1
11
12
2
2
1
1
0
0
0
2
3
0
0
0
0
0
0
0
1
0
0
0
0
0
0
0
0
0
0
1
0
0
0
0
1
0
0
0
0
0
0
0
0
0
0
0
0
0
0
0
0
0
0
0
0
0
0
0
0
0
0
0
0
0
0
0
16
96
212
330
434
480
405
459
543
317
350
510
437
246
121
48
58
59
12
3
0
3
6
25
91
227
360
434
465
469
443
342
180
46
10
25
42
148
307
414
373
204
81
83
79
57
14
1
1
1
2
1
4
5
10
22
14
114
262
324
310
265
230
172
130
99
68
52
58
65
97
128
109
120
112
91
82
69
61
51
36
32
48
51
65
135
197
308
416
501
585
732
774
687
610
409
64
181
222
209
180
106
31
0
0
0
2
2
8
9
2
1
0
0
0
0
0
1
0
0
0
0
0
0
0
0
0
7
23
31
35
44
73
112
180
219
238
293
320
284
229
177
162
131
107
118
207
265
250
198
53
19
160
303
374
367
322
231
117
31
0
0
12
24
60
289
362
340
295
161
39
25
48
67
60
35
8
5
0
0
0
7
77
164
176
147
116
91
51
16
10
14
42
164
284
383
395
198
80
37
86
110
56
8
3
0
1
5
95
328
321
287
239
136
64
7
0
0
0
0
0
0
0
0
1
8
181
257
211
328
438
577
677
694
559
393
236
137
82
34
19
10
18
8
0
0
0
1
1
5
0
4
11
7
4
5
4
2
6
33
26
17
8
1
0
0
1
0
0
0
0
0
3
3
2
4
17
45
59
102
137
164
174
147
160
254
405
638
709
705
618
478
305
239
198
181
207
150
360
69
56
49
26
19
9
3
1
0
0
0
0
0
0
0
2
12
59
235
731
1424
1865
2270
2375
2399
2137
1849
1591
1509
1594
1532
1447
1080
839
785
814
1004
1253
1475
1777
1904
1775
1699
1526
1354
1282
1258
1138
937
738
607
580
586
634
797
893
986
991
906
816
673
513
408
348
344
325
404
410
387
298
91
23
107
174
257
411
506
560
602
611
608
581
581
520
505
506
597
640
677
635
680
704
650
635
658
647
645
593
528
449
346
238
137
74
45
22
18
18
10
10
20
38
62
114
153
190
216
267
310
306
239
248
219
175
175
134
101
71
46
15
7
5
1
2
1
1
0
6
3
0
0
0
0
1
4
3
2
4
3
5
12
15
32
57
87
124
120
132
163
179
194
213
204
215
188
180
153
136
106
88
65
38
23
10
0
2
5
26
54
89
102
138
126
143
126
103
90
55
32
7
9
1
0
0
0
1
0
0
2
4
4
8
8
3
5
0
1
0
0
0
0
0
0
0
0
0
0
0
1
2
4
1
1
0
0
0
0
7
3
3
9
4
0
1
0
0
0
3
10
12
9
14
12
16
19
27
23
24
23
23
28
26
20
14
14
11
9
5
1
0
0
0
0
0
0
0
0
0
0
0
0
0
0
0
0
0
0
0
0
0
0
0
10
8
0
5
8
4
0
0
7
20
13
21
17
31
55
40
11
19
5
6
6
6
9
14
26
44
44
18
0
0
1
8
12
0
13
19
9
1
9
45
32
17
25
38
34
23
11
18
8
13
13
9
1
0
0
0
0
0
0
0
0
0
12
50
48
32
17
7
11
11
11
10
6
2
2
3
14
40
56
84
87
83
50
22
5
8
16
8
2
13
25
41
13
1
2
7
2
13
40
99
122
31
29
59
79
69
49
14
14
9
10
10
12
22
12
9
14
8
9
2
0
1
1
0
1
0
1
0
2
2
22
32
66
54
27
16
24
43
42
46
43
40
28
33
22
11
13
11
16
16
7
2
4
1
1
0
0
0
0
8
7
12
13
38
57
47
35
43
47
34
41
21
18
27
24
28
31
37
40
47
35
36
28
26
17
11
11
13
16
11
6
0
1
0
0
0
1
0
0
0
0
0
0
0
0
0
0
0
0
0
0
0
0
0
0
0
0
0
0
0
0
18
13
0
5
2
0
0
0
0
0
1
1
0
0
0
0
0
2
0
1
1
5
1
0
0
0
0
0
0
0
0
0
0
0
0
2
2
3
9
9
6
4
10
8
11
17
13
2
8
7
12
13
13
11
4
6
5
6
6
5
8
5
6
6
9
7
4
8
14
16
27
22
6
9
18
30
50
19
11
11
11
14
20
15
19
42
38
31
57
87
89
52
18
12
12
1
3
2
12
58
121
138
187
193
210
200
184
210
233
228
281
256
275
260
250
217
170
128
123
88
63
42
33
16
19
60
41
8
8
22
8
4
3
0
3
2
65
35
24
9
9
57
59
62
105
183
277
384
380
277
134
108
113
66
79
105
89
77
109
124
152
243
214
226
230
228
181
178
177
148
132
74
62
37
58
23
32
109
165
187
182
178
181
158
166
206
199
180
143
121
82
47
49
11
7
31
47
34
43
55
55
25
24
28
23
23
19
11
10
24
13
2
1
0
0
3
3
13
6
2
2
2
5
9
12
12
14
13
13
18
17
20
25
18
27
22
11
19
20
16
29
26
17
18
25
25
18
19
13
16
3
1
35
30
20
21
24
25
63
122
163
199
221
199
181
169
150
170
224
307
294
353
344
372
399
407
383
372
331
306
303
292
238
267
221
154
141
116
88
79
70
77
72
80
106
84
47
70
136
110
50
119
106
97
84
82
55
24
30
49
35
39
88
122
120
97
113
61
82
138
170
99
66
70
56
60
75
106
105
139
135
127
156
154
127
94
102
98
198
177
150
112
148
147
58
71
55
137
121
52
21
22
38
22
12
4
2
2
4
12
25
56
75
94
58
34
53
35
14
9
20
27
17
16
11
28
82
88
35
31
54
54
21
30
2
6
7
4
2
0
0
0
0
0
1
2
1
0
0
0
2
1
0
0
0
3
9
11
51
69
113
150
165
132
103
99
65
46
18
32
48
39
10
17
65
66
62
55
52
61
69
72
53
24
18
50
9
9
5
7
6
22
20
8
0
23
3
1
11
9
19
8
2
20
26
3
4
10
9
6
2
1
0
0
2
3
12
28
15
4
6
9
13
22
9
6
5
14
16
13
27
48
7
5
12
12
17
26
87
134
141
65
10
15
42
107
319
153
190
229
291
293
324
367
377
408
371
372
336
277
231
204
159
112
106
58
39
12
23
37
66
71
54
53
55
53
53
60
54
52
43
32
36
40
47
33
19
6
0
13
19
17
12
2
3
4
24
40
26
20
19
26
17
6
2
13
12
13
14
38
45
25
39
58
68
85
168
207
194
139
99
40
6
8
11
16
33
43
47
78
127
110
101
200
255
256
258
255
226
218
222
200
277
260
248
187
198
178
146
108
80
69
42
94
239
401
589
737
878
976
1099
1210
1320
1480
1633
1724
1780
1633
1570
1620
1629
1502
1403
1286
1175
1057
890
688
483
201
235
428
506
528
488
470
480
412
415
437
566
688
777
864
954
1036
1073
1082
1129
1114
1097
1094
1092
1077
1100
1116
1105
1050
1054
979
922
870
856
802
742
658
519
417
356
291
272
241
214
187
166
99
66
20
12
29
42
19
3
0
3
6
1
0
3
24
60
101
135
181
217
204
236
298
295
220
95
37
44
85
142
214
209
184
149
131
109
115
90
102
92
89
60
32
20
12
23
46
78
83
61
58
86
114
100
83
81
91
86
73
50
30
4
15
12
12
10
8
4
0
2
5
10
13
14
8
15
8
11
7
8
12
13
6
5
3
0
0
1
5
0
0
0
0
0
0
0
0
0
2
2
5
16
8
4
0
0
0
0
0
0
1
0
0
0
0
0
0
0
0
0
0
0
0
0
0
0
0
0
9
4
0
2
1
1
0
0
0
0
0
0
0
7
9
10
0
1
0
0
2
2
0
0
0
0
0
1
0
0
0
0
0
1
1
0
0
0
2
0
4
5
20
32
32
21
8
8
29
74
79
61
65
72
108
126
140
111
44
27
30
31
23
13
15
18
11
31
72
155
184
65
24
20
40
61
66
44
30
13
8
24
21
11
10
7
4
9
9
17
23
34
61
86
108
116
114
95
68
45
64
45
28
58
73
111
143
184
229
247
235
224
227
252
247
285
229
143
139
201
238
271
335
394
433
392
400
459
470
484
550
653
733
832
793
803
789
848
858
769
732
660
629
570
591
568
560
496
466
447
412
317
262
205
182
195
178
89
50
71
104
118
128
151
174
184
192
177
141
158
158
126
126
136
163
189
251
306
352
386
379
319
237
233
241
291
295
273
264
258
227
180
185
490
196
244
301
363
458
538
581
606
604
568
495
389
294
210
203
132
90
106
142
204
295
357
413
454
536
642
682
773
889
1007
1066
1141
1131
1224
1106
967
874
699
541
426
280
256
321
196
120
98
123
160
193
272
400
484
573
665
725
805
815
891
927
897
821
761
705
615
579
539
513
535
473
415
355
315
254
306
206
149
187
129
135
64
49
82
72
26
37
56
108
205
319
451
670
877
955
1047
1174
1247
1271
1297
1413
1354
1285
1225
1177
1064
909
748
527
346
186
106
26
1
3
13
57
168
354
479
540
678
775
871
956
1026
1047
1054
1031
988
961
1050
1103
1109
1000
827
643
491
385
295
231
153
128
78
45
49
68
74
71
88
98
108
119
172
112
45
85
132
226
259
227
205
245
217
218
192
140
31
35
80
149
205
203
191
148
88
54
43
19
6
5
10
30
29
6
2
120
12
13
11
10
5
6
2
4
8
10
29
29
16
24
34
41
15
6
8
10
16
17
20
24
20
15
27
28
20
20
13
8
4
7
14
7
1
2
1
0
0
7
9
3
0
0
0
0
0
0
0
0
0
0
1
0
1
4
1
0
1
0
0
0
8
4
2
2
0
0
1
7
31
53
85
156
176
108
50
102
134
203
270
289
282
254
249
243
229
217
206
171
141
107
149
186
292
500
640
745
873
970
977
920
759
671
600
615
569
455
400
321
301
229
175
118
43
11
1
0
0
0
0
0
1
0
0
1
1
8
22
31
33
31
37
38
34
23
25
14
10
1
1
0
2
0
1
1
0
0
0
0
2
1
0
0
1
0
0
0
0
0
0
0
0
0
0
0
0
0
0
0
0
0
0
0
0
0
0
0
1
2
1
1
1
0
0
0
1
3
0
0
0
0
0
0
3
29
0
3
2
1
0
0
0
0
0
0
0
0
0
0
0
0
0
0
1
0
0
2
4
4
2
0
2
3
0
0
0
0
0
0
0
0
0
0
0
0
1
0
2
4
3
2
69
128
111
91
61
52
85
124
130
143
136
125
120
115
105
104
66
42
59
56
1
0
0
2
10
18
15
19
16
23
32
27
27
27
17
19
13
4
3
1
0
18
35
7
7
10
8
2
12
9
11
5
4
12
9
4
0
1
0
0
0
0
0
0
3
0
1
0
0
1
13
1
1
1
1
2
6
6
7
2
20
42
33
5
44
105
123
181
187
187
220
257
259
280
327
433
529
615
703
746
759
781
772
751
719
797
735
672
577
459
376
298
186
88
50
41
61
113
174
267
295
351
360
336
315
337
357
362
435
501
586
613
566
394
164
85
54
20
19
6
1
8
5
3
5
3
6
6
1
1
3
5
20
87
139
128
82
82
74
75
80
98
161
197
192
203
209
173
157
141
108
67
53
54
76
94
82
76
149
160
77
72
58
50
17
16
33
56
121
166
255
328
368
324
247
145
58
3
1
6
32
67
89
127
147
149
253
383
432
399
492
684
850
790
629
583
687
766
874
917
939
929
898
904
966
1039
1007
940
814
786
723
652
540
452
340
279
237
175
118
77
46
21
19
60
58
10
27
31
9
15
37
68
65
28
33
51
62
67
63
48
75
53
52
61
55
53
31
29
30
20
22
10
8
4
1
24
54
26
5
1
0
0
15
36
58
25
12
10
14
5
11
34
85
149
258
380
544
788
1025
1017
860
483
520
767
772
809
741
417
197
271
351
339
305
227
113
73
55
34
69
91
77
41
23
27
62
65
59
176
349
403
411
372
318
241
206
259
259
235
205
177
172
213
228
200
190
144
85
71
82
71
46
60
100
127
147
155
142
166
174
165
139
145
171
160
108
56
52
42
24
33
66
70
102
149
202
211
209
218
288
461
612
773
908
933
839
734
631
571
504
453
399
344
249
223
136
89
58
73
123
200
252
272
260
174
101
63
79
83
90
91
96
110
155
168
233
321
390
496
582
592
740
810
763
754
793
959
903
756
613
316
120
124
81
76
84
71
55
46
28
13
23
25
14
5
8
4
4
10
7
11
25
31
45
33
13
12
8
5
6
2
1
0
0
0
0
0
0
0
1
1
2
0
1
4
6
5
8
9
11
6
3
0
10
6
13
28
50
88
92
73
49
67
72
110
129
84
54
44
29
32
27
15
7
8
11
15
35
32
22
14
14
7
10
10
7
7
6
5
2
3
1
0
2
1
0
0
0
0
0
0
0
0
0
0
0
0
0
0
0
0
0
2
0
0
1
0
1
3
1
0
0
0
0
2
1
3
4
0
1
1
1
2
2
0
1
3
6
22
25
15
86
137
82
39
35
36
94
122
71
21
21
24
36
78
107
160
228
278
385
516
620
639
651
640
627
547
486
391
284
190
109
57
34
21
18
17
9
7
5
4
3
1
2
5
14
28
34
25
57
59
59
47
75
71
74
86
83
58
53
57
32
6
1
1
0
0
1
2
4
3
4
0
31
22
3
4
7
8
12
4
6
2
0
0
0
0
0
0
13
99
309
497
632
678
615
533
427
324
234
193
167
168
153
162
169
184
176
170
149
139
107
103
86
71
49
31
24
8
5
1
1
0
0
0
0
0
0
0
0
0
0
0
0
1
2
0
3
1
0
0
0
0
0
0
0
0
0
0
0
0
0
1
1
2
5
14
18
12
3
1
0
0
0
0
0
0
0
0
0
1
0
0
0
0
0
0
0
0
0
0
1
3
5
3
3
5
9
12
6
10
15
22
39
60
84
110
95
99
83
66
34
21
30
65
103
123
162
193
153
202
259
297
255
138
51
41
31
35
21
26
32
15
0
0
4
0
1
2
0
0
0
0
1
0
1
0
0
1
3
4
15
27
34
56
98
179
225
302
367
453
499
546
591
587
556
526
489
401
337
310
242
193
150
97
89
59
49
26
27
23
23
15
9
11
5
6
12
34
6
5
92
142
110
44
53
119
166
242
239
223
201
154
145
113
112
105
76
68
57
61
53
51
45
41
34
47
33
24
13
4
2
5
17
43
84
139
118
97
72
95
80
70
106
140
215
291
386
478
632
930
1199
1593
2116
2495
2735
2985
3002
2841
2844
2494
2135
1562
1379
1198
1002
1009
933
1142
1448
1375
1281
1428
1413
1337
1194
1062
881
683
494
321
151
83
113
153
219
275
325
369
381
417
461
508
501
467
415
301
217
266
196
131
187
234
426
618
813
944
1069
1178
1070
1042
994
953
1035
1072
1076
1108
1009
931
749
470
370
306
184
211
355
512
662
754
841
839
1009
1233
79103
0
0
0
0
0
0
0
0
0
0
0
0
0
0
0
0
0
0
0
0
0
0
0
0
0
0
0
